-1
7
16
6
12
11
4
-3
2
-8
-10
-1
-10
-1
0
2
-2
-2
-10
-10
-11
-13
-20
-23
-12
-10
-3
-9
-9
-4
0
-2
1
2
3
7
-2
2
-1
-4
-7
1
6
6
22
15
19
25
10
16
9
7
10
7
10
-1
3
3
5
7
7
6
1
4
9
4
3
1
1
2
5
0
1
-3
1
8
14
10
12
18
15
12
9
13
4
-2
-7
0
-6
-14
-10
-17
-21
-18
-7
-22
-19
-28
-25
-14
-23
-12
-9
-6
0
-8
-11
2
-7
-7
-2
-11
-9
-5
0
-2
4
17
6
17
16
10
13
9
-4
-7
0
-2
-2
10
3
4
-1
-3
6
-1
-3
2
-1
-5
-2
-5
-6
-6
-1
-8
-10
-10
-3
1
-1
6
7
3
10
5
0
3
7
2
10
7
2
5
-3
-3
2
4
9
9
5
2
-7
-15
-19
-7
-4
1
1
1
7
-4
-7
4
1
2
-2
-3
-1
9
-4
-4
0
-5
3
4
7
5
12
2
0
3
3
11
8
5
8
10
12
7
0
9
4
13
10
3
17
10
11
16
15
8
9
3
4
-1
-2
-5
-22
-12
-18
-24
-13
-25
-18
-11
-12
-3
-12
-6
0
-8
-8
-6
-20
-24
-23
-29
-65
-177
-220
-240
-289
-304
-364
-374
-237
-155
-44
14
79
268
390
465
500
541
609
605
563
484
374
384
346
303
263
250
230
224
220
147
146
34
-102
-197
-306
-395
-505
-613
-658
-676
-653
-631
-605
-544
-422
-305
-224
-121
-40
37
-5
-67
-134
-216
-267
-410
-592
-636
-603
-594
-558
-548
-455
-181
-4
129
257
355
554
651
637
583
536
570
529
456
429
440
509
531
586
669
765
785
770
771
665
627
452
178
-11
-199
-328
-544
-766
-854
-829
-762
-722
-663
-556
-359
-251
-462
-623
-575
-577
-582
-732
-924
-576
-215
7
238
356
932
1511
1800
1953
1993
2256
2338
2090
1871
1446
1323
1167
739
502
368
266
180
80
-133
-24
-138
-514
-650
-967
-1123
-1348
-1863
-2106
-2286
-2311
-2358
-2681
-2808
-2680
-2452
-2351
-2361
-2331
-2069
-1780
-1665
-1442
-1391
-1151
-730
-546
-126
256
553
1060
1410
1735
2208
2475
2622
2808
2990
3187
3157
2918
2763
2527
2336
2063
1480
999
625
286
-69
-574
-984
-1155
-1400
-1539
-1555
-1709
-1717
-1640
-1598
-1447
-1311
-1178
-915
-784
-528
-206
16
211
373
354
214
409
475
446
475
319
612
1088
1204
1389
1282
1448
1938
1968
1890
1545
1428
1487
1084
845
337
9
174
-7
-129
-109
-74
84
365
301
299
413
44
-58
-259
-686
-868
-1420
-1778
-1914
-2099
-2077
-2233
-2321
-2187
-2012
-1955
-2010
-2227
-2266
-2304
-2584
-2631
-2844
-2989
-2645
-2658
-2397
-1788
-1355
-647
58
765
1561
2280
2811
3349
3705
3929
4189
4024
3806
3556
3262
3094
2582
2192
1906
1547
1371
967
596
339
-7
-331
-658
-1174
-1561
-1794
-2279
-2584
-2712
-2904
-2839
-2798
-2589
-2111
-1796
-1439
-1486
-1227
-461
-109
203
237
337
1386
2011
2159
2262
2203
2947
3575
3481
3156
2920
3062
3041
2691
2029
1354
1324
1084
617
300
60
-146
-279
-409
-678
-615
-963
-1456
-1613
-1877
-1917
-2238
-2757
-2815
-2794
-2605
-2611
-2851
-2733
-2352
-1959
-2044
-2210
-2241
-2040
-2067
-2430
-2656
-2799
-2514
-2317
-2304
-1944
-1477
-835
-140
400
1183
1941
2560
2979
3287
3697
3934
3914
3671
3498
3386
3262
2939
2455
2157
2045
1955
1600
1063
797
620
290
-134
-669
-1137
-1485
-1841
-2248
-2621
-2762
-2805
-2784
-2938
-2927
-2641
-2287
-1828
-1540
-1159
-491
91
822
1242
1419
1961
2334
2796
2988
2933
3087
3088
3106
3057
2753
2563
2415
2250
2034
1735
1376
1046
753
366
144
-292
-699
-920
-1343
-1436
-1626
-2009
-2123
-2307
-2292
-2199
-2278
-2281
-2180
-2007
-1845
-1732
-1798
-1766
-1700
-1798
-1988
-2251
-2458
-2682
-2961
-3067
-3139
-3063
-2741
-2474
-2017
-1355
-725
71
685
1248
1978
2444
2814
3095
3235
3459
3507
3407
3382
3279
3249
3233
3099
2916
2809
2658
2435
2098
1592
1200
606
-40
-644
-1411
-1982
-2527
-3033
-3315
-3537
-3501
-3284
-3046
-2722
-2295
-2247
-2015
-1354
-1116
-716
-525
-567
276
814
1213
1594
1573
2371
3140
3480
3750
3680
4045
4257
4017
3683
2974
2703
2383
1667
1113
638
152
-79
-288
-809
-848
-1004
-1354
-1363
-1691
-1849
-1913
-2349
-2448
-2604
-2751
-2701
-2995
-2991
-2794
-2629
-2489
-2466
-2446
-2217
-2125
-2138
-2151
-2510
-2520
-2452
-2635
-2423
-2230
-2022
-1464
-1009
-353
431
1006
1673
2329
2828
3461
3787
3829
3981
3884
3941
3786
3414
3157
2915
2806
2573
2217
1891
1569
1219
914
431
-163
-675
-1194
-1726
-2192
-2816
-3238
-3529
-3642
-3582
-3606
-3412
-3117
-2574
-2014
-1466
-960
-313
315
812
1362
1768
2051
2348
2535
2791
2974
3052
3214
3128
3224
3285
3228
3020
2722
2600
2265
1946
1441
850
456
61
-366
-864
-1262
-1538
-1764
-1832
-2026
-2158
-2119
-2058
-1907
-1921
-1938
-1978
-1904
-1887
-1835
-1878
-2031
-1967
-2015
-1969
-2021
-2249
-2312
-2473
-2521
-2552
-2759
-2738
-2714
-2488
-2109
-1790
-1372
-846
-273
455
1068
1496
2006
2480
2942
3394
3555
3615
3695
3758
3902
3789
3570
3448
3311
3160
2913
2486
2084
1611
1058
541
-188
-992
-1611
-2182
-2753
-3253
-3682
-3931
-3923
-3910
-3689
-3419
-3056
-2452
-1974
-1454
-858
-336
191
599
1040
1621
1981
2317
2676
2953
3321
3644
3734
3827
3847
3825
3858
3487
3040
2666
2109
1741
1093
418
-31
-569
-1014
-1425
-1821
-2085
-2219
-2380
-2511
-2533
-2513
-2446
-2490
-2524
-2433
-2371
-2185
-2210
-2200
-1921
-1820
-1668
-1688
-1689
-1547
-1629
-1677
-1777
-1990
-2076
-2184
-2197
-2190
-2067
-1738
-1456
-1050
-580
10
652
1084
1554
2026
2546
3029
3274
3427
3501
3583
3719
3702
3572
3431
3457
3265
2972
2688
2215
1912
1434
884
254
-515
-1036
-1661
-2386
-2965
-3365
-3643
-3819
-3979
-3929
-3687
-3295
-2719
-2394
-1945
-1208
-581
48
433
836
1496
1934
2370
2637
2856
3308
3604
3760
3841
3905
3970
3904
3642
3317
2962
2505
1993
1305
657
174
-465
-1052
-1583
-2060
-2267
-2591
-2861
-3017
-3085
-2924
-2942
-2930
-2827
-2658
-2395
-2278
-2237
-2039
-1784
-1516
-1414
-1389
-1213
-1071
-1008
-1052
-1164
-1253
-1305
-1452
-1707
-1752
-1653
-1584
-1418
-1316
-1037
-545
-79
396
767
1238
1768
2190
2482
2645
2885
3049
3092
3198
3129
3082
3061
2964
2830
2651
2459
2076
1741
1331
876
440
-289
-878
-1326
-1873
-2335
-2822
-3194
-3280
-3308
-3228
-3129
-2879
-2363
-1897
-1461
-936
-392
249
710
1126
1696
2070
2503
2806
2984
3318
3635
3740
3754
3768
3771
3692
3400
2970
2526
2085
1687
1098
411
-83
-594
-977
-1487
-2000
-2286
-2587
-2794
-2914
-3153
-3121
-3018
-3063
-2885
-2803
-2610
-2303
-2198
-1918
-1673
-1444
-1152
-1098
-959
-817
-887
-985
-1215
-1401
-1496
-1704
-1886
-1992
-1999
-1862
-1558
-1433
-1155
-689
-260
328
646
1003
1521
1853
2204
2406
2521
2790
2850
2973
2992
2904
3015
3056
2934
2815
2604
2328
2125
1614
1105
633
-70
-607
-1340
-2017
-2346
-2854
-3208
-3450
-3627
-3322
-3063
-2826
-2405
-2001
-1280
-586
-96
369
828
1426
2027
2325
2587
2900
3296
3657
3775
3852
3907
3933
3898
3735
3443
3060
2618
2135
1557
915
327
-327
-972
-1496
-1999
-2350
-2715
-3129
-3221
-3270
-3178
-3102
-3228
-3064
-2738
-2500
-2238
-2154
-1956
-1501
-1206
-954
-874
-840
-589
-441
-499
-674
-923
-1001
-1165
-1430
-1718
-1945
-1863
-1844
-1679
-1519
-1347
-922
-500
-42
289
672
1108
1401
1804
2047
2246
2507
2546
2808
2939
2978
3105
3108
3072
3009
2900
2624
2279
1823
1350
878
214
-391
-985
-1581
-2020
-2470
-2743
-2876
-2978
-2880
-3223
-3351
-2695
-2407
-2186
-1838
-1724
-686
297
587
1243
1471
2310
3535
3711
3872
3980
4267
4740
4364
4051
3418
3229
3249
2437
1938
1471
965
705
243
-414
-806
-1206
-1857
-2214
-2638
-3051
-3189
-3811
-3983
-3833
-3871
-3569
-3519
-3354
-2570
-1971
-1527
-1241
-984
-361
-46
-82
-86
-572
-702
-743
-1468
-1769
-2166
-2517
-2325
-2330
-2125
-1680
-1377
-788
-134
499
1137
1397
1579
1927
2175
2400
2267
1914
1925
2079
2303
2295
2078
2342
2804
3017
3211
3104
2851
2775
2372
1740
1127
234
-589
-1322
-2182
-2599
-3092
-3576
-3659
-3731
-3156
-2591
-2326
-1840
-1261
-368
390
613
932
1184
1639
2172
2118
2031
2234
2581
2883
3116
3090
3232
3519
3607
3663
3263
2803
2479
1800
1197
560
-252
-993
-1702
-2173
-2597
-2836
-3230
-3515
-3333
-3085
-2749
-2762
-2660
-2337
-2004
-1535
-1649
-1592
-1277
-1153
-697
-886
-891
-501
-596
-298
-614
-959
-949
-1107
-1266
-1814
-2052
-2078
-2151
-2074
-2140
-1968
-1639
-1217
-752
-511
-42
394
961
1274
1625
2094
2239
2616
2785
2931
3246
3416
3553
3566
3592
3560
3331
3066
2568
2208
1708
1090
414
-345
-868
-1508
-2010
-2492
-2806
-2836
-2901
-2743
-2595
-2588
-2644
-2454
-1865
-1653
-1420
-1209
-1018
63
782
1159
1587
1881
3010
3856
3986
4100
4112
4485
4589
4139
3493
2617
2453
2074
1238
734
130
-196
-405
-762
-1124
-1417
-1659
-2117
-2357
-2588
-2886
-3094
-3545
-3696
-3483
-3422
-3243
-3159
-2902
-2101
-1279
-974
-712
-299
149
626
396
-117
-547
-913
-1131
-1874
-2591
-2896
-3058
-2695
-2538
-2443
-1770
-1162
-332
371
826
1443
1984
2115
2244
2384
2249
2232
2005
1771
1993
2115
2260
2420
2455
2925
3232
3285
3092
2691
2411
1960
1264
434
-573
-1404
-1918
-2614
-3117
-3377
-3565
-3295
-3008
-2640
-1958
-1429
-859
-300
150
646
959
1182
1292
1446
1641
1831
1871
1965
2275
2562
3003
3137
3196
3392
3424
3378
3039
2425
1899
1383
762
4
-704
-1332
-1836
-2106
-2445
-2589
-2576
-2648
-2501
-2197
-2005
-1736
-1692
-1697
-1443
-1251
-1178
-1232
-1288
-1200
-901
-696
-759
-774
-687
-465
-348
-807
-1248
-1510
-1779
-2171
-2704
-3171
-3313
-3187
-3138
-3048
-2700
-2167
-1461
-872
-315
363
1056
1686
1980
2312
2630
2962
3223
3193
3318
3632
3810
3873
3740
3661
3725
3602
3167
2620
2092
1516
913
56
-815
-1491
-2027
-2539
-3037
-3288
-3325
-3210
-2939
-2682
-2187
-1505
-952
-787
-825
-336
-31
-128
-149
-452
-99
680
754
1201
1420
2030
3220
3531
3804
3979
4213
4543
4046
3545
2703
1964
1722
669
-26
-358
-867
-952
-1049
-1280
-1104
-894
-1284
-1430
-1541
-1776
-1720
-2279
-2742
-2770
-2762
-2457
-2547
-2515
-2269
-1662
-843
-828
-690
-222
-186
20
-304
-1260
-1631
-1885
-2598
-3143
-3693
-3935
-3687
-3677
-3460
-2994
-2226
-1365
-672
-54
661
1601
2201
2316
2530
2924
3130
3299
3164
2851
3283
3653
3493
3577
3472
3571
3821
3428
2875
2442
1948
1362
519
-475
-1240
-1898
-2540
-3082
-3497
-3559
-3373
-3144
-2798
-2292
-1573
-1289
-931
-210
-28
253
261
-36
382
611
822
719
766
1683
2414
2814
2989
3237
3887
4159
4204
3667
2903
2956
2364
1457
673
-158
-535
-711
-1118
-1478
-1452
-1282
-1107
-993
-1006
-803
-669
-736
-900
-1179
-1239
-1428
-1695
-2094
-2119
-1965
-2091
-2035
-1934
-1708
-1426
-1172
-1225
-1332
-1227
-1552
-2089
-2404
-3012
-3351
-3730
-4142
-4068
-4008
-3652
-3247
-2780
-1936
-931
-12
736
1483
2335
3020
3456
3654
3718
3943
4131
3982
3760
3764
3653
3757
3707
3369
3290
3038
2729
2302
1675
1160
464
-336
-1080
-1828
-2425
-2947
-3327
-3631
-3563
-3239
-2940
-2554
-2042
-1256
-549
-353
-310
232
549
648
538
27
518
1075
1216
1549
1267
2016
3068
3318
3622
3463
3832
4139
3646
3274
2146
1651
1350
278
-209
-704
-943
-851
-991
-959
-524
-257
-322
-182
-282
-216
-216
-938
-1321
-1647
-1836
-2022
-2680
-3144
-3078
-2572
-2441
-2615
-2474
-1933
-1281
-1123
-1302
-1613
-1782
-1864
-2463
-3003
-3702
-4142
-4131
-4298
-4135
-3837
-3325
-2526
-1667
-541
530
1464
2229
2899
3711
4151
4354
4106
3864
3890
3785
3620
3120
2871
2892
2953
3021
2778
2526
2477
2406
2103
1500
784
47
-564
-1258
-2127
-2728
-3264
-3558
-3612
-3465
-2997
-2514
-1952
-1209
-366
449
1023
1266
968
1123
1466
1056
695
58
-275
454
592
741
887
1080
2401
3117
3310
3353
3199
3559
3343
2827
1997
833
668
84
-540
-591
-951
-806
-311
50
408
778
777
695
967
725
260
-371
-1360
-1707
-2117
-2905
-3391
-3920
-4007
-3600
-3293
-3267
-3012
-2472
-1933
-1597
-1518
-1759
-2281
-2440
-2790
-3450
-3783
-4530
-4722
-4207
-4165
-3343
-2652
-2091
-645
595
1809
2822
3430
4043
4612
4880
4720
4301
3829
3427
3264
2950
2503
2183
2269
2489
2626
2835
2573
2550
2563
2149
1757
959
19
-748
-1655
-2433
-3028
-3702
-4107
-3951
-3631
-3095
-2331
-1733
-721
303
1212
2017
2369
2604
2647
2144
1486
1022
321
-213
-668
-1253
-778
-165
119
1011
1134
2133
3335
3409
3684
3252
3081
2958
1918
1114
-195
-721
-717
-1365
-1279
-1255
-750
196
830
1196
1587
2014
1873
1809
1159
126
-377
-1606
-2439
-3046
-4063
-4284
-4565
-4620
-4230
-3700
-3218
-2595
-2007
-1504
-1007
-934
-1122
-1774
-2325
-2658
-3572
-4130
-4677
-5065
-4361
-4166
-3534
-2516
-1736
-75
1332
2333
3314
4015
4641
4945
4907
4541
4061
3672
3026
2687
2358
2152
2177
2295
2610
2882
3348
3307
3160
3115
2631
2167
1251
-4
-948
-1988
-2879
-3651
-4327
-4667
-4479
-3861
-3349
-2539
-1638
-522
549
1296
2001
2341
2633
2592
2034
1062
398
134
-513
-939
-1284
-1207
104
712
1547
2109
2529
4088
4406
4313
3901
3065
2819
1802
664
-477
-1676
-1533
-1865
-1966
-1468
-990
-79
897
1313
1605
2179
1799
1407
860
-334
-893
-2007
-3246
-3687
-4355
-4469
-4481
-4471
-3962
-3248
-2404
-1914
-1437
-937
-598
-473
-678
-1554
-2430
-2675
-3578
-4284
-4635
-5327
-4636
-4112
-3656
-2389
-1544
-113
1370
2392
3399
4140
4688
4831
4663
4438
3980
3489
2927
2462
2309
2446
2443
2609
3013
3248
3858
3927
3464
3316
2723
2018
1065
-386
-1572
-2584
-3525
-4310
-4875
-5114
-4883
-4242
-3549
-2595
-1547
-432
311
724
1671
2039
2088
2060
1302
1472
1705
1169
1192
668
967
2104
2213
2540
2770
3128
3910
3813
3468
2711
2020
1835
731
-305
-1152
-1981
-2216
-2414
-2746
-2484
-2068
-1719
-926
-353
177
831
642
685
878
403
165
-541
-1254
-1530
-1688
-1930
-2405
-2563
-2357
-1920
-1737
-1702
-1555
-1370
-971
-1044
-1418
-1506
-1957
-2309
-3031
-3673
-3839
-4342
-4479
-4531
-4282
-3516
-2743
-1969
-1279
-167
1092
2087
2746
3011
3747
4243
4334
4273
3799
3975
3884
3722
3683
3337
3602
3714
3599
3526
3219
2986
2496
1786
918
127
-792
-1859
-2636
-3548
-3973
-4242
-4579
-4504
-4259
-3382
-2479
-1930
-1010
-80
984
1784
2128
2446
2621
2321
1711
1594
1103
772
725
111
648
1407
1770
2493
2190
2787
3759
3626
3438
2509
1862
1632
712
-218
-1575
-2170
-1866
-2123
-2041
-1693
-1346
-293
635
680
1243
1473
982
1218
410
-404
-543
-1962
-2319
-2615
-3256
-2838
-3167
-3180
-2565
-2073
-1359
-1287
-1229
-880
-793
-820
-1481
-2576
-3109
-3458
-4106
-4491
-5086
-5186
-4242
-3753
-2864
-1816
-1142
573
1874
2500
3514
3968
4340
4602
4290
4102
3795
3370
3012
2713
2714
2895
2783
2811
2998
3144
3431
3061
2407
1987
1189
544
-502
-1972
-2700
-3409
-4120
-4385
-4756
-4596
-3831
-3199
-2407
-1560
-653
382
1205
1673
1971
2249
2398
2246
2092
1822
1699
1637
1431
1584
1666
2033
2271
2368
2674
2596
2823
2564
1847
1646
769
107
-397
-1469
-1888
-2230
-2450
-2319
-2253
-1964
-1349
-832
-263
336
583
921
1165
1170
1217
831
498
153
-263
-480
-1062
-1312
-1412
-1559
-1422
-1560
-1527
-1463
-1331
-1162
-1327
-1414
-1727
-2141
-2555
-3076
-3590
-4304
-4788
-4921
-4912
-4596
-4269
-3812
-3015
-1871
-734
182
902
1774
2777
3386
3800
3841
3847
4129
4107
3972
3804
3718
3832
3948
3960
3903
3853
3680
3393
2911
2241
1542
629
-341
-1297
-2177
-2919
-3682
-4192
-4531
-4479
-4052
-3731
-3264
-2604
-1819
-962
-408
49
515
866
1301
1452
1424
1601
1695
1945
2237
2275
2698
3030
3285
3625
3626
3723
3542
3112
2735
2013
1319
550
-358
-991
-1609
-1990
-2174
-2356
-2209
-1878
-1527
-1033
-601
-224
316
625
594
711
645
513
455
-180
-445
-466
-776
-629
-896
-1000
-553
-647
-460
-507
-670
-475
-858
-1042
-1627
-2311
-2602
-3366
-3999
-4749
-5326
-5359
-5413
-5343
-5034
-4532
-3855
-2775
-1824
-1106
-52
739
1627
2383
2720
3194
3352
3650
3897
4033
4205
4330
4649
4768
4987
5067
4952
4748
4251
3866
3077
2165
1113
-149
-1118
-2246
-3224
-4029
-4773
-4998
-4980
-4718
-4347
-3825
-3065
-2281
-1416
-789
-232
306
708
1081
1267
1363
1552
1792
1998
2309
2655
2933
3356
3663
3949
4202
4191
4062
3723
3187
2600
1865
1061
170
-608
-1263
-1749
-1995
-2198
-2185
-1840
-1411
-1019
-506
-132
221
558
552
521
434
145
-43
-300
-631
-765
-922
-1099
-1054
-979
-813
-711
-730
-600
-611
-533
-832
-1312
-1537
-2174
-2617
-3193
-4026
-4399
-5054
-5321
-5282
-5431
-5057
-4619
-4069
-3310
-2450
-1431
-598
162
983
1813
2498
3007
3275
3493
3899
4179
4365
4460
4462
4855
5016
5077
5031
4602
4355
3946
3209
2357
1311
238
-775
-1832
-2773
-3556
-4242
-4687
-4778
-4635
-4276
-3932
-3449
-2807
-2083
-1301
-805
-406
7
480
961
1237
1461
1710
2243
2710
3130
3576
3864
4356
4647
4779
4790
4483
4147
3626
3043
2319
1395
634
-182
-768
-1196
-1670
-1882
-1957
-1847
-1563
-1257
-1115
-909
-632
-447
-261
-385
-587
-635
-731
-774
-944
-1047
-1051
-1058
-802
-832
-763
-579
-667
-584
-574
-880
-1099
-1368
-1885
-2147
-2759
-3361
-3725
-4431
-4834
-5068
-5288
-5195
-5029
-4515
-4115
-3486
-2456
-1636
-639
160
907
1874
2519
3055
3509
3790
4066
4432
4523
4519
4753
4761
4839
4900
4621
4427
4059
3523
2883
2077
1162
152
-887
-1767
-2559
-3416
-4081
-4607
-4826
-4606
-4440
-4109
-3620
-3130
-2063
-1297
-791
-49
454
1186
1892
2204
2585
2923
3363
3827
4153
4410
4617
4843
4954
4998
4876
4610
4045
3478
2916
2062
1348
501
-487
-1007
-1580
-2031
-2294
-2705
-2739
-2545
-2326
-2150
-2085
-1891
-1564
-1333
-1190
-1192
-1173
-1095
-933
-938
-1061
-1022
-960
-827
-694
-640
-550
-478
-438
-395
-566
-717
-995
-1502
-2006
-2477
-3017
-3668
-4290
-4911
-5175
-5230
-5154
-4921
-4655
-4024
-3076
-2161
-1239
-541
327
1367
2139
2871
3252
3568
4037
4360
4543
4640
4576
4675
4842
4725
4692
4485
4073
3706
3069
2452
1704
588
-354
-1350
-2265
-2969
-3776
-4450
-4717
-4728
-4415
-3951
-3576
-2808
-1824
-908
104
714
1288
1729
1605
2009
2093
1946
2195
1944
2247
3094
3348
4035
4112
4255
5178
5247
5190
4688
3845
3530
2727
1654
340
-872
-1329
-1970
-2356
-2647
-2857
-2557
-2011
-1800
-1534
-1212
-1316
-896
-877
-1226
-1136
-1661
-1896
-1823
-2116
-2028
-2096
-2092
-1729
-1212
-849
-646
-428
-440
-132
-142
-397
-986
-1851
-2211
-2932
-3584
-4190
-5268
-5324
-5347
-5196
-4480
-4487
-3768
-2654
-1720
-491
233
772
1563
2317
2854
3168
3072
2928
3229
3399
3627
3524
3516
3916
4067
4525
4512
4091
4015
3536
3042
2402
1257
167
-958
-1825
-2462
-3249
-3982
-4292
-4148
-3692
-3134
-2600
-1978
-1040
53
880
1355
1674
1981
2345
2591
2576
2447
2477
2725
2908
3132
3282
3443
3769
3842
3990
4032
3681
3292
2705
1969
1294
383
-660
-1604
-2252
-2696
-3059
-3369
-3488
-3286
-2781
-2261
-1966
-1589
-1147
-558
-155
-99
-139
-198
-228
-297
-483
-831
-1003
-1082
-1156
-991
-933
-974
-820
-736
-667
-622
-794
-1122
-1540
-1943
-2451
-2977
-3656
-4331
-4877
-5116
-5198
-5052
-4770
-4556
-3865
-2790
-1804
-823
-138
565
1657
2494
3114
3335
3374
3699
4138
4233
4068
3904
3999
4249
4375
4254
4088
4009
3822
3516
2944
2210
1322
397
-588
-1396
-2101
-2977
-3613
-3894
-3738
-3445
-3202
-2839
-2341
-1315
-386
195
731
1023
1741
2256
2386
2554
2387
2757
3136
3128
3312
3316
3582
3799
3706
3746
3514
3205
2831
2202
1595
887
54
-823
-1521
-2217
-2622
-2969
-3428
-3398
-3219
-2806
-2373
-2292
-1809
-1192
-823
-506
-532
-490
-282
-274
-355
-554
-742
-640
-717
-737
-684
-735
-517
-423
-542
-499
-623
-829
-1258
-1912
-2327
-2830
-3576
-4246
-4950
-5251
-5202
-5097
-5016
-4908
-4209
-3111
-2099
-1288
-626
332
1414
2250
2797
3100
3444
3853
4200
4269
4277
4423
4627
4765
4842
4741
4673
4478
4106
3718
3102
2389
1408
271
-594
-1324
-2187
-3021
-3751
-4049
-3851
-3813
-3642
-3326
-2710
-1644
-949
-375
200
793
1523
1863
2126
2263
2432
2939
3041
3131
3402
3562
3859
3955
3968
4057
3921
3508
3068
2506
1919
1195
214
-688
-1350
-1910
-2430
-2942
-3313
-3396
-3229
-2922
-2966
-2753
-2281
-1871
-1449
-1315
-1148
-865
-690
-601
-527
-655
-585
-558
-610
-551
-477
-469
-457
-421
-451
-464
-609
-1012
-1415
-1794
-2216
-2668
-3522
-4113
-4477
-4680
-4576
-4649
-4580
-4130
-3303
-2272
-1606
-941
-111
783
1812
2446
2830
3144
3535
3953
4253
4304
4206
4408
4495
4631
4681
4357
4240
3860
3474
3119
2301
1399
397
-315
-1026
-1892
-2751
-3559
-3800
-3830
-3840
-3809
-3787
-3154
-2397
-1714
-1166
-704
100
817
1388
1887
2023
2406
2916
3133
3403
3666
3808
4087
4237
4161
4323
4008
3619
3363
2694
2214
1512
566
-82
-845
-1409
-1948
-2655
-2922
-3170
-3141
-2958
-3134
-3048
-2644
-2375
-1994
-1770
-1805
-1349
-1077
-845
-556
-767
-560
-298
-271
-82
-235
-289
-192
-268
-206
-476
-762
-991
-1351
-1671
-2049
-2520
-3203
-3639
-3970
-4083
-3997
-4008
-3912
-3603
-2871
-1977
-1383
-919
-340
570
1495
2061
2385
2488
2974
3555
3818
3881
3866
4100
4316
4497
4393
4103
4007
3703
3328
2820
1999
1209
285
-466
-1121
-1831
-2640
-3352
-3554
-3591
-3546
-3524
-3557
-3051
-2315
-1568
-1067
-747
-167
537
1189
1673
1872
2193
2763
3196
3570
3804
4027
4299
4490
4542
4570
4243
3777
3356
2789
2262
1464
519
-273
-1027
-1496
-1989
-2624
-3059
-3334
-3298
-3105
-3150
-3193
-2954
-2594
-2188
-1930
-1858
-1627
-1256
-963
-707
-623
-595
-312
-84
74
137
-1
120
220
91
54
-204
-588
-837
-1221
-1554
-2046
-2668
-3174
-3675
-3837
-3780
-3833
-3834
-3631
-3121
-2257
-1583
-1146
-686
-73
781
1496
1792
1946
2237
2688
3207
3324
3256
3395
3646
3893
3995
3767
3575
3383
3078
2739
2106
1293
519
-173
-782
-1400
-2142
-2753
-3058
-3130
-3054
-2992
-3056
-2634
-2081
-1489
-827
-543
-38
567
1113
1727
1967
2245
2662
3013
3440
3685
3836
4002
4127
4219
4275
3978
3542
3214
2656
2191
1569
672
-14
-699
-1213
-1567
-2193
-2592
-2834
-2861
-2728
-2723
-2750
-2631
-2346
-2031
-1784
-1698
-1527
-1251
-880
-624
-556
-418
-219
26
231
224
223
234
223
121
-43
-313
-652
-930
-1342
-1810
-2272
-2779
-3249
-3645
-3852
-3766
-3727
-3687
-3567
-3100
-2354
-1726
-1269
-994
-427
329
959
1317
1355
1663
2213
2675
2930
2911
3123
3454
3657
3755
3543
3346
3166
2896
2443
1867
1121
424
-134
-831
-1296
-1891
-2487
-2635
-2791
-2727
-2616
-2693
-2285
-1889
-1335
-781
-496
22
474
1035
1611
1822
2191
2646
3018
3498
3672
3834
4074
4195
4255
4267
4002
3651
3345
2800
2324
1693
960
354
-339
-775
-1235
-1738
-2045
-2433
-2468
-2425
-2503
-2561
-2540
-2311
-2037
-1878
-1819
-1619
-1340
-1057
-789
-703
-549
-302
-94
56
117
101
68
57
32
-200
-437
-813
-1200
-1422
-1789
-2212
-2629
-3150
-3480
-3627
-3688
-3632
-3674
-3573
-3150
-2517
-1949
-1524
-1224
-706
-3
624
1076
1212
1513
2014
2466
2765
2790
2951
3351
3542
3646
3541
3253
3142
2904
2512
1988
1212
614
108
-564
-1067
-1679
-2224
-2338
-2575
-2560
-2558
-2607
-2207
-1969
-1560
-1101
-794
-228
131
671
1257
1609
2169
2508
2941
3461
3766
3971
4102
4211
4341
4360
4082
3721
3379
2980
2624
2043
1366
817
246
-141
-629
-1153
-1535
-1880
-2029
-2207
-2430
-2507
-2540
-2477
-2294
-2149
-2067
-1828
-1596
-1328
-988
-907
-740
-553
-430
-175
-132
-191
-151
-301
-355
-411
-720
-1045
-1335
-1565
-1764
-2151
-2580
-2989
-3291
-3318
-3319
-3383
-3433
-3372
-2897
-2292
-1909
-1578
-1322
-810
-17
570
879
1056
1421
1966
2439
2565
2592
2779
2970
3249
3276
3096
2975
2754
2557
2269
1723
1018
466
22
-478
-941
-1509
-1978
-2145
-2288
-2209
-2366
-2387
-1971
-1744
-1248
-966
-731
-230
52
706
1207
1502
2114
2412
2937
3501
3763
4047
4200
4287
4446
4408
4149
3869
3415
3052
2708
2105
1470
872
324
-20
-481
-946
-1315
-1669
-1717
-1854
-2063
-2155
-2228
-2226
-2077
-2076
-1967
-1787
-1689
-1395
-1175
-1042
-782
-727
-549
-376
-397
-324
-483
-524
-565
-801
-935
-1277
-1601
-1772
-2052
-2248
-2595
-3001
-3134
-3198
-3228
-3156
-3130
-3013
-2699
-2278
-1850
-1440
-1149
-774
-223
317
757
1001
1209
1550
1979
2364
2482
2553
2691
2863
3085
2979
2741
2553
2312
2021
1487
958
429
-73
-512
-1039
-1319
-1566
-1805
-1858
-1982
-1887
-1656
-1525
-1297
-1055
-745
-332
-64
253
554
1007
1600
1914
2308
2775
3220
3661
3898
4008
4164
4228
4169
4035
3705
3335
2964
2409
1942
1491
948
496
30
-387
-716
-1008
-1321
-1572
-1694
-1748
-1823
-1918
-1996
-1962
-1826
-1735
-1660
-1586
-1496
-1313
-1127
-1048
-962
-858
-799
-701
-644
-672
-696
-785
-948
-1063
-1272
-1559
-1760
-2065
-2331
-2572
-2906
-3077
-3209
-3118
-2975
-2927
-2737
-2426
-1906
-1400
-1085
-751
-342
170
674
1011
1154
1368
1723
2011
2243
2266
2345
2541
2646
2714
2655
2502
2346
1985
1589
1193
645
203
-333
-927
-1204
-1467
-1754
-1877
-2087
-1959
-1710
-1572
-1358
-1226
-878
-484
-187
135
383
804
1271
1669
2156
2486
2923
3317
3647
3980
4124
4139
4034
3961
3724
3388
2999
2445
2028
1688
1177
713
183
-171
-393
-604
-884
-1178
-1338
-1442
-1444
-1561
-1726
-1703
-1673
-1576
-1542
-1580
-1503
-1420
-1277
-1201
-1080
-999
-948
-818
-765
-745
-857
-1030
-1167
-1290
-1437
-1846
-2127
-2344
-2544
-2579
-2998
-3169
-3159
-3107
-2763
-2642
-2400
-2037
-1645
-1121
-717
-402
-117
159
543
897
1166
1362
1547
1736
2022
2316
2443
2552
2568
2707
2789
2604
2203
1725
1395
1065
590
-85
-724
-1014
-1268
-1407
-1665
-1982
-1797
-1658
-1358
-1221
-1182
-821
-643
-332
-79
32
426
696
1036
1469
1817
2276
2576
2919
3319
3668
3797
3874
3877
3744
3727
3412
2930
2493
2049
1777
1297
743
353
-54
-192
-432
-732
-986
-1158
-1186
-1270
-1387
-1525
-1584
-1592
-1596
-1606
-1623
-1550
-1505
-1377
-1199
-1116
-1024
-961
-880
-730
-721
-791
-891
-1070
-1161
-1251
-1568
-1823
-2027
-2212
-2259
-2516
-2699
-2769
-2732
-2494
-2361
-2198
-1868
-1458
-1079
-811
-520
-202
59
312
492
630
837
1073
1182
1327
1516
1749
1986
2039
2107
2176
2178
2081
1843
1493
1203
906
504
44
-705
-1215
-1386
-1651
-1804
-2101
-2273
-1860
-1495
-1091
-881
-946
-393
171
655
906
840
1193
1544
1975
2268
2120
2509
2863
3259
3621
3617
3712
3801
3876
3779
3479
3002
2454
2035
1541
1060
489
-169
-496
-755
-896
-1085
-1355
-1393
-1408
-1141
-1062
-1173
-1252
-1330
-1228
-1219
-1427
-1632
-1666
-1606
-1510
-1503
-1585
-1399
-1184
-1022
-868
-939
-904
-901
-935
-1043
-1360
-1551
-1766
-1981
-2117
-2407
-2475
-2510
-2477
-2184
-2002
-1631
-1259
-939
-514
-217
161
324
442
589
660
828
860
874
980
1036
1278
1461
1557
1636
1734
1775
1655
1619
1351
1090
783
367
110
-285
-543
-826
-1133
-1146
-1212
-1197
-1189
-1174
-929
-748
-509
-292
-150
183
480
718
946
1170
1414
1713
1917
2123
2448
2551
2736
2812
2785
2860
2707
2541
2355
2151
1969
1663
1293
937
688
499
216
-98
-340
-443
-616
-757
-930
-1098
-1045
-1119
-1163
-1177
-1289
-1163
-1183
-1197
-1074
-1077
-1045
-1011
-985
-873
-807
-858
-856
-883
-840
-850
-1049
-1146
-1283
-1380
-1327
-1526
-1689
-1733
-1879
-1840
-1916
-2001
-1818
-1662
-1477
-1262
-1035
-766
-536
-348
-140
93
263
401
529
658
905
1016
1142
1234
1313
1557
1567
1535
1470
1367
1374
1153
833
611
380
157
-62
-388
-555
-626
-719
-815
-948
-955
-892
-815
-692
-628
-391
-102
176
509
755
1110
1428
1658
1865
2058
2198
2273
2280
2257
2213
2193
2052
1934
1833
1713
1621
1440
1285
1067
881
633
343
53
-222
-434
-634
-854
-1060
-1182
-1232
-1240
-1158
-1149
-1029
-821
-803
-584
-500
-518
-454
-537
-534
-501
-579
-679
-753
-789
-790
-858
-926
-991
-1003
-926
-999
-1071
-1148
-1312
-1297
-1415
-1682
-1782
-1932
-1900
-1761
-1806
-1666
-1413
-1121
-768
-513
-209
52
285
516
638
757
753
714
680
665
689
734
785
850
1002
1156
1252
1288
1246
1256
1194
1046
802
475
267
32
-228
-482
-634
-642
-632
-518
-381
-237
85
343
601
755
973
1212
1211
1216
1148
1106
1130
1029
957
886
922
1000
959
1037
1094
1161
1239
1171
1097
966
805
550
249
-33
-328
-535
-758
-928
-1032
-1044
-941
-855
-637
-414
-204
-29
51
122
152
152
-3
-154
-324
-568
-638
-848
-988
-1009
-1083
-947
-899
-894
-783
-740
-629
-605
-671
-765
-943
-1005
-1168
-1326
-1506
-1644
-1600
-1550
-1372
-1205
-990
-672
-379
5
218
391
599
637
761
671
556
499
335
368
264
248
296
352
579
669
805
905
846
876
774
663
520
269
71
-99
-149
-233
-235
-289
-188
54
239
489
601
763
982
1104
1165
1027
958
890
778
696
520
399
320
335
366
401
469
498
596
649
691
747
609
526
443
287
226
-6
-165
-285
-330
-300
-349
-401
-365
-226
-132
-73
-58
-95
-73
-62
-149
-240
-446
-554
-662
-763
-829
-985
-989
-1046
-1068
-1019
-1063
-1035
-1038
-976
-917
-890
-839
-875
-829
-752
-716
-635
-651
-531
-467
-404
-233
-203
-99
22
150
276
320
381
399
402
409
364
272
216
209
219
224
255
300
327
434
503
524
560
615
691
626
577
536
445
405
278
199
132
72
95
82
89
92
142
202
189
228
291
276
297
243
212
188
160
115
62
112
115
145
192
271
411
580
662
725
780
840
898
767
607
512
376
255
116
-123
-193
-217
-295
-350
-347
-331
-283
-238
-273
-233
-241
-328
-378
-504
-622
-691
-779
-865
-968
-936
-913
-866
-820
-776
-623
-476
-414
-394
-238
-220
-164
-95
-199
-149
-182
-253
-216
-342
-293
-218
-219
-113
-99
34
110
147
212
183
165
165
162
110
50
26
-27
-6
-34
-50
-25
-13
103
125
170
185
196
238
228
224
169
113
68
82
45
18
59
36
64
134
127
220
270
296
418
422
459
476
437
451
436
390
390
382
368
436
482
471
533
575
628
719
741
730
693
650
559
446
268
131
17
-118
-195
-321
-371
-358
-366
-345
-298
-268
-249
-216
-227
-238
-300
-378
-417
-517
-591
-665
-799
-802
-814
-836
-795
-832
-703
-605
-563
-424
-438
-372
-261
-209
-174
-191
-184
-103
-84
-86
-73
-130
-82
50
68
134
151
226
400
400
444
423
345
316
234
155
25
-121
-237
-367
-399
-497
-553
-551
-550
-477
-483
-410
-418
-349
-245
-217
-176
-221
-206
-109
-79
-19
-6
53
239
364
500
580
685
773
889
968
934
970
975
991
1032
951
875
824
786
793
755
705
659
682
678
654
596
507
480
403
327
221
149
98
-20
-78
-121
-192
-195
-234
-256
-210
-185
-196
-201
-224
-216
-141
-228
-317
-407
-498
-505
-622
-703
-801
-823
-764
-859
-889
-827
-795
-679
-673
-643
-603
-565
-483
-478
-506
-524
-404
-427
-456
-380
-356
-282
-195
-158
-54
38
161
237
301
346
319
377
321
268
218
80
-41
-126
-265
-415
-495
-622
-673
-660
-730
-757
-719
-677
-531
-478
-455
-365
-291
-196
-103
-34
15
108
258
347
454
579
675
854
940
1029
1089
1150
1210
1204
1229
1195
1145
1088
1008
982
953
913
876
828
823
806
806
755
753
732
700
661
533
422
344
269
169
58
-24
-72
-29
-27
-66
-44
30
114
139
130
3
-22
-47
-160
-328
-509
-618
-700
-755
-839
-887
-879
-870
-850
-797
-804
-779
-802
-848
-800
-831
-875
-967
-1019
-1003
-1014
-1025
-1048
-984
-861
-705
-590
-453
-323
-207
-93
-41
-21
-24
-46
-58
-109
-196
-229
-303
-346
-403
-410
-421
-380
-323
-271
-213
-193
-147
-119
-127
-169
-179
-201
-262
-264
-230
-243
-149
-127
-87
69
198
380
541
682
862
1032
1176
1248
1317
1386
1377
1421
1366
1303
1290
1202
1163
1108
1050
1034
997
946
941
878
790
750
667
605
540
419
316
273
234
181
134
119
150
235
326
336
366
363
366
409
324
227
170
77
21
-64
-201
-235
-267
-357
-421
-494
-534
-551
-655
-791
-897
-962
-1031
-1124
-1231
-1321
-1373
-1343
-1335
-1339
-1225
-1198
-1084
-940
-849
-749
-661
-576
-474
-362
-384
-419
-420
-416
-392
-401
-539
-566
-551
-535
-564
-660
-680
-582
-519
-520
-533
-550
-487
-388
-352
-391
-358
-305
-212
-113
-102
-24
110
277
420
550
728
876
1038
1166
1230
1272
1234
1229
1238
1160
1105
1007
924
928
889
881
845
825
854
877
867
756
690
676
628
521
452
407
399
412
386
393
388
448
479
503
548
536
606
612
569
579
459
390
322
277
191
127
84
-44
-65
-96
-153
-218
-334
-394
-405
-466
-563
-664
-704
-756
-795
-883
-984
-960
-984
-943
-929
-940
-839
-726
-650
-616
-579
-486
-482
-464
-505
-580
-554
-613
-669
-722
-877
-1011
-1091
-1200
-1256
-1252
-1215
-1134
-989
-843
-687
-468
-328
-208
-96
-68
21
68
59
72
81
60
111
198
268
404
577
727
947
1113
1197
1292
1307
1271
1209
1061
890
769
694
604
523
483
435
487
546
561
606
649
652
662
643
512
382
265
145
83
16
-77
-78
-48
-7
75
172
225
346
535
612
663
735
719
742
743
599
440
312
182
104
-13
-185
-256
-301
-364
-385
-407
-446
-423
-371
-482
-554
-580
-691
-674
-780
-880
-822
-812
-735
-613
-493
-385
-227
-95
-70
84
84
33
63
-70
-210
-313
-479
-589
-659
-771
-823
-833
-784
-774
-729
-751
-783
-725
-733
-703
-685
-661
-658
-620
-541
-518
-433
-311
-203
-36
101
228
384
560
663
733
806
843
939
947
877
858
812
775
759
716
618
626
656
591
619
604
576
610
559
516
524
495
460
481
451
385
398
366
373
369
325
313
352
382
418
444
370
392
382
314
278
219
187
181
68
-59
-148
-223
-237
-341
-431
-466
-458
-451
-466
-513
-531
-481
-467
-500
-507
-511
-479
-451
-540
-576
-594
-572
-562
-562
-547
-480
-373
-345
-294
-235
-198
-185
-212
-257
-278
-333
-470
-540
-595
-622
-623
-667
-709
-659
-612
-566
-511
-499
-417
-298
-258
-266
-226
-171
-73
-14
3
55
177
293
375
430
515
634
758
817
802
825
863
877
815
761
674
620
563
467
429
370
353
350
335
315
379
385
386
396
351
347
403
376
353
377
316
267
282
266
270
334
280
334
413
437
487
506
478
451
445
359
276
200
86
-29
-175
-291
-372
-427
-470
-520
-548
-568
-517
-454
-461
-470
-488
-478
-456
-484
-528
-563
-561
-592
-616
-668
-674
-579
-534
-482
-437
-398
-280
-181
-180
-201
-240
-235
-257
-331
-435
-542
-618
-665
-661
-676
-605
-538
-494
-372
-231
-138
-78
-33
16
126
163
127
139
164
207
244
207
234
351
433
516
550
548
611
660
606
531
450
426
454
422
333
291
291
268
319
304
310
354
358
396
419
383
365
431
416
407
394
332
383
452
461
423
376
363
428
450
425
372
362
375
343
310
217
164
148
115
48
-2
-96
-176
-230
-314
-410
-477
-493
-506
-520
-562
-564
-588
-578
-553
-532
-550
-537
-511
-536
-530
-553
-579
-565
-541
-505
-492
-505
-438
-375
-282
-285
-317
-284
-255
-229
-274
-327
-336
-316
-276
-292
-312
-288
-244
-134
-62
-57
-26
25
97
131
123
96
107
149
172
171
156
185
245
311
300
271
301
325
334
310
260
231
239
257
242
214
195
243
286
288
311
311
314
381
356
326
326
299
277
278
276
290
302
336
379
455
476
441
466
479
480
450
407
382
398
340
239
168
87
57
-16
-103
-139
-117
-82
-94
-158
-227
-231
-236
-268
-322
-371
-377
-360
-390
-421
-472
-470
-427
-404
-364
-334
-274
-221
-245
-288
-257
-265
-299
-293
-276
-259
-218
-224
-231
-187
-205
-235
-243
-260
-233
-253
-304
-306
-295
-282
-282
-259
-253
-230
-199
-206
-157
-113
-83
-82
-101
-92
-42
-9
-46
-35
40
87
126
154
152
220
290
270
251
226
220
250
241
218
222
218
222
259
231
230
283
297
314
336
347
363
413
365
322
332
314
312
314
287
243
280
262
269
282
243
312
380
386
326
308
286
280
256
139
69
33
-15
-53
-148
-256
-254
-226
-245
-270
-284
-273
-220
-206
-272
-337
-366
-369
-327
-334
-397
-419
-411
-356
-360
-413
-387
-288
-193
-115
-85
-48
24
55
40
-15
-90
-101
-102
-175
-267
-302
-276
-223
-161
-175
-146
-95
-54
-4
-31
-57
-86
-107
-137
-163
-150
-171
-166
-120
-97
-43
23
55
134
182
180
159
144
188
234
245
183
170
209
249
259
228
241
301
366
404
389
366
370
356
365
365
322
271
259
236
239
176
124
121
118
138
150
134
159
214
219
229
184
123
89
16
-47
-125
-197
-227
-217
-221
-270
-277
-259
-268
-247
-256
-266
-211
-190
-211
-263
-314
-366
-354
-372
-385
-343
-309
-260
-201
-188
-171
-115
-119
-115
-91
-60
-73
-39
-44
-109
-125
-190
-226
-214
-219
-223
-177
-167
-113
-29
-70
-52
-1
14
50
55
9
31
77
29
17
1
7
75
98
101
173
217
202
231
207
182
260
277
297
339
298
296
300
298
313
302
262
274
346
331
309
286
277
318
260
208
206
200
204
169
140
121
127
163
133
98
120
124
152
154
122
96
80
56
75
96
47
10
5
-31
-79
-114
-151
-111
-94
-135
-191
-224
-256
-250
-274
-355
-374
-404
-394
-411
-491
-497
-490
-471
-477
-503
-505
-456
-393
-381
-380
-358
-340
-291
-268
-283
-271
-241
-201
-149
-131
-174
-199
-182
-156
-182
-187
-168
-140
-110
-106
-84
-47
-21
-17
10
-11
-12
27
32
