4
-4
-12
-6
-12
-14
-19
-11
-3
-13
-7
-9
-6
-2
-6
-7
-10
-2
-6
1
2
1
-4
-6
-8
-7
3
-6
-3
3
-5
-7
-5
0
-1
1
0
-7
-11
-9
-1
-2
-3
-2
-5
-3
-3
-2
0
2
-2
7
19
25
24
10
8
5
3
4
-4
-12
-8
-6
-2
7
-7
-2
1
-3
-8
-18
-18
-18
-13
-7
2
9
7
2
8
-1
6
1
8
18
16
19
3
15
11
10
10
9
12
11
14
16
13
5
1
-3
-5
-3
4
6
2
-3
-3
-3
5
0
-6
-12
-10
-13
-7
-5
-9
0
10
9
9
8
5
-2
-9
-12
-19
-8
-12
-13
-4
-4
-3
-1
1
-5
-6
-6
-5
0
-6
-10
-1
5
3
6
5
3
9
14
-4
2
7
-3
1
3
5
11
16
14
11
7
-3
1
4
-14
-2
-1
-4
-10
-19
-12
-6
-7
-6
2
-1
1
-4
-8
-6
-3
-5
-4
-10
-6
-1
9
11
16
9
-1
7
-3
4
-2
5
8
6
3
4
-1
4
-3
-3
7
-14
-4
4
2
8
4
3
4
-1
8
2
-1
-6
-14
-12
-3
1
17
17
8
10
10
-2
-5
1
8
12
11
12
12
18
8
10
0
-2
-7
-12
1
7
20
6
8
17
10
0
-3
-4
-9
-15
-9
-6
-17
-11
-13
-8
10
-3
11
0
-11
-10
-17
-22
-19
-13
-21
-5
-11
-11
-13
-13
-9
-17
-13
-8
-5
-5
-2
-8
-10
-13
-13
-15
-13
-2
2
3
-1
-1
3
4
-8
-8
-8
-4
6
5
3
4
-4
-6
-2
7
15
9
17
20
18
20
17
16
10
14
7
6
0
-2
2
-9
5
8
3
-5
0
4
4
6
2
5
0
-4
1
-2
-5
-5
-3
-12
-15
12
-71
-241
-349
-200
57
128
-39
-287
-384
-267
-83
97
174
94
-40
-100
32
260
405
378
264
201
241
336
514
618
567
351
182
217
372
468
375
188
1
-87
-65
14
48
-89
-294
-448
-420
-258
-204
-253
-369
-435
-363
-338
-269
-213
-298
-313
-259
-71
-153
-539
-670
-437
-83
27
-226
-348
-689
-958
-650
-200
84
-250
-678
-646
-608
-403
12
187
131
-118
-165
28
382
872
976
766
619
637
853
990
1232
1430
1000
629
701
847
909
729
542
363
32
-8
84
1
-192
-409
-518
-570
-564
-486
-646
-757
-643
-552
-461
-471
-309
-191
-323
-183
119
205
226
267
339
351
351
536
609
601
478
281
-362
-809
-72
682
520
-360
-1366
-1318
-729
-243
41
-297
-649
-930
-899
-269
352
597
236
-197
31
318
720
1138
1353
1238
585
505
896
1282
1581
1137
632
362
135
386
566
388
29
-628
-886
-535
-327
-473
-884
-1150
-1229
-1126
-1000
-1087
-1295
-1938
-2324
-1656
-1014
-1241
-1959
-2111
-1543
-1537
-1833
-1379
-563
-616
-1241
-1123
-356
116
211
405
790
850
747
1134
1686
2094
2210
1824
1563
1943
2341
2184
1952
2060
1912
1323
1013
1268
1335
719
128
146
51
-407
-647
-656
-691
-945
-1121
-1058
-1028
-989
-880
-872
-812
-539
-397
-393
-94
331
352
198
467
890
985
817
896
1081
965
835
1032
890
497
123
-531
-252
372
197
-297
-1122
-1361
-1005
-972
-641
-487
-645
-945
-1103
-533
-119
68
235
53
197
399
641
1196
1364
1490
1145
861
1257
1341
1518
1398
910
818
402
328
615
327
1
-481
-829
-725
-726
-889
-1250
-1440
-1472
-1605
-1387
-1526
-1857
-1957
-2593
-2685
-2120
-1768
-1523
-2163
-2833
-2380
-1665
-1418
-1678
-1628
-1018
-931
-1140
-702
220
566
258
491
975
1240
1629
1941
2391
2603
2240
2252
2430
2656
2937
2572
2171
2093
1978
1669
1368
1410
1262
598
109
104
65
-347
-735
-594
-701
-1066
-1098
-1085
-950
-894
-947
-778
-702
-638
-364
-247
-49
224
284
292
490
827
911
719
854
1084
1108
750
-46
-587
-457
453
1069
287
-829
-1479
-1521
-796
-365
-117
-435
-1088
-1250
-1023
-301
361
433
192
-160
-33
487
960
1614
1670
1264
847
731
1332
1757
1685
1375
741
473
493
653
764
328
-188
-687
-806
-553
-722
-1048
-1393
-1663
-1548
-1526
-1544
-1634
-2025
-2163
-2469
-2687
-2475
-2223
-1799
-1937
-2520
-2691
-2401
-1642
-1361
-1775
-1813
-1364
-794
-547
-357
229
462
225
404
1146
1871
1975
1973
2284
2368
2438
2623
2853
3141
2922
2546
2297
2222
2388
2232
1801
1451
1139
733
359
364
452
-113
-736
-878
-792
-804
-1008
-1091
-1054
-1038
-893
-900
-959
-756
-514
-413
-297
-42
179
159
146
407
527
455
559
687
103
-395
122
674
650
92
-533
-559
-514
-313
-83
-97
-200
-570
-806
-600
-115
220
-54
-202
-32
27
267
472
911
999
616
643
797
1057
1078
837
866
722
516
476
445
529
337
-169
-296
-246
-362
-628
-1004
-1064
-1145
-1198
-1275
-1510
-1632
-1873
-2165
-2278
-2526
-2419
-2096
-2001
-1995
-2443
-2648
-2348
-1827
-1412
-1722
-1923
-1375
-660
-417
-459
-18
457
238
430
1116
1818
2114
1959
2296
2603
2599
2739
3007
3151
3035
2706
2447
2320
2330
2278
1844
1463
1135
794
499
347
408
100
-556
-726
-797
-921
-730
-721
-971
-1396
-1422
-837
-663
-747
-653
-529
-374
-475
-170
280
317
182
-203
12
675
791
648
268
190
326
83
276
574
460
165
-283
-251
-21
37
144
-83
-210
-281
-364
-23
238
296
142
-70
141
345
389
428
295
283
178
199
547
509
326
-15
-333
-142
-44
-87
-297
-688
-891
-916
-775
-703
-995
-1229
-1512
-1615
-1531
-1722
-1818
-2074
-2339
-2179
-1951
-1901
-2059
-2291
-2097
-1908
-1792
-1785
-1833
-1371
-718
-423
-602
-654
-102
339
595
1020
1391
1673
1744
2004
2597
2869
2844
2861
2936
2994
2903
2826
2819
2758
2595
2206
1732
1500
1350
1161
816
519
279
-418
-788
-336
-164
-680
-1494
-1636
-1063
-1025
-1120
-948
-910
-1060
-1162
-738
-196
-132
-266
-732
-579
343
658
530
247
200
337
138
473
968
853
484
92
174
379
307
351
218
86
-174
-497
-257
41
243
-2
-377
-162
-11
53
225
196
221
20
-49
315
514
445
243
77
10
45
-38
-233
-244
-302
-545
-649
-803
-1040
-1136
-1217
-1158
-1227
-1602
-1792
-1804
-2046
-2205
-2145
-1880
-1764
-2107
-2391
-2378
-2200
-1854
-1712
-1972
-1952
-1394
-784
-644
-544
-254
52
185
474
1156
1715
1795
1902
2249
2483
2675
2889
3102
3124
2916
2853
2886
2760
2697
2572
2231
1818
1535
1389
1190
946
360
-48
147
204
-226
-936
-1194
-878
-843
-940
-836
-854
-1098
-1403
-1092
-401
-189
-461
-848
-675
-130
189
408
379
334
154
-72
349
857
996
699
225
173
229
197
323
297
12
-351
-600
-390
-21
81
-208
-532
-532
-498
-407
-140
-151
-311
-487
-502
-3
211
138
-53
-353
-163
17
-1
-9
-113
-348
-551
-559
-473
-435
-636
-1013
-1078
-1065
-1182
-1038
-1179
-1395
-1679
-2037
-1905
-1579
-1443
-1520
-1890
-2095
-1880
-1595
-1524
-1726
-1604
-1183
-686
-623
-719
-227
169
276
598
1067
1629
1879
1876
2241
2609
2701
2812
2908
3022
2993
2732
2625
2701
2702
2447
1996
1675
1441
1385
943
410
707
799
134
-731
-1054
-494
-397
-826
-795
-851
-1159
-1424
-1258
-613
-338
-666
-1098
-1014
-230
172
192
210
148
207
32
347
1066
1044
659
391
404
495
319
417
552
201
-156
-352
-219
33
-37
-325
-722
-747
-661
-715
-527
-605
-902
-1093
-1081
-563
-277
-421
-565
-835
-744
-436
-348
-348
-530
-641
-561
-573
-617
-778
-963
-953
-922
-825
-904
-1190
-1244
-1354
-1303
-1312
-1536
-1541
-1422
-1294
-1358
-1542
-1426
-1203
-1164
-1252
-1461
-1119
-472
-61
-46
-384
-219
245
517
1089
1577
1829
1780
1640
2040
2553
2752
2751
2712
2665
2515
2466
2686
2725
2535
2185
1729
1580
1333
913
977
1332
1238
225
-774
-547
-12
-72
-276
-465
-603
-994
-1225
-792
-410
-450
-591
-587
-278
-170
-71
202
513
740
323
111
536
928
1035
699
572
718
445
287
423
449
251
-94
-248
-109
-202
-407
-651
-614
-522
-754
-901
-973
-1000
-1129
-1138
-854
-752
-942
-1025
-1086
-942
-919
-1102
-994
-933
-1057
-1053
-1118
-1138
-1203
-1405
-1397
-1342
-1303
-1245
-1368
-1406
-1412
-1507
-1380
-1340
-1427
-1690
-1753
-1392
-1007
-896
-924
-1054
-1050
-1052
-1146
-752
-21
554
350
-139
20
599
1007
1290
1559
1816
1673
1527
2001
2586
2766
2559
2291
2358
2402
2442
2613
2635
2543
2104
1512
1027
1282
2064
1992
1020
1
-223
141
265
464
330
-184
-671
-931
-593
-151
-28
-130
-425
-478
-264
-313
-112
469
964
780
250
193
645
1057
1194
1152
908
487
433
720
872
822
446
-35
-87
94
104
-54
-404
-540
-743
-899
-876
-1046
-1019
-1094
-1185
-1149
-1330
-1341
-1357
-1208
-1051
-1408
-1520
-1523
-1391
-1170
-1442
-1682
-1713
-1742
-1579
-1535
-1431
-1400
-1843
-1926
-1720
-1466
-1377
-1804
-2071
-2133
-1786
-1304
-1224
-1144
-1242
-1398
-1492
-1759
-1093
98
384
-4
-536
-272
425
691
1285
1838
1830
1567
1419
2027
2796
3009
2891
2602
2547
2529
2513
2839
2888
2628
2191
1676
1607
1279
1059
1611
1772
1089
-201
-745
5
311
111
-51
-330
-518
-872
-823
-367
-99
-25
-371
-421
111
259
455
666
844
976
571
740
1240
1469
1442
1039
953
993
844
948
930
728
407
57
173
240
111
-315
-791
-755
-777
-819
-843
-984
-1133
-1364
-1317
-981
-905
-902
-1136
-1317
-1166
-1089
-1003
-925
-1026
-1306
-1530
-1329
-986
-1064
-1332
-1665
-1666
-1495
-1398
-1379
-1595
-1844
-1884
-1840
-1561
-1581
-2045
-2319
-2174
-1526
-1088
-1167
-1376
-1587
-1777
-1718
-973
293
541
-156
-671
-323
509
1022
1452
1879
1788
1419
1427
2133
3026
3134
2693
2248
2075
2293
2552
2830
2836
2339
1668
768
885
2014
2302
1252
-125
-492
73
143
304
375
-24
-611
-1188
-824
-35
166
3
-330
-319
42
141
579
965
1151
843
352
842
1357
1571
1537
1368
1441
995
798
1274
1354
1088
618
272
503
451
160
-120
-331
-402
-733
-793
-645
-822
-1147
-1522
-1390
-1155
-1204
-1134
-1282
-1392
-1409
-1619
-1456
-1075
-1039
-1110
-1582
-1791
-1476
-1199
-1062
-1263
-1501
-1658
-1677
-1368
-1195
-1238
-1500
-1719
-1391
-1296
-1671
-2131
-2232
-1466
-1020
-1198
-1295
-1460
-1696
-2070
-1709
-383
349
23
-700
-840
-191
414
986
1566
1747
1410
1017
1375
2432
3181
3139
2584
2067
2147
2393
2880
3261
3064
2058
752
970
2227
2521
1405
3
-203
75
-44
206
357
138
-591
-1322
-973
-275
-96
-293
-592
-311
-61
-30
394
812
1036
586
408
1116
1681
1786
1487
1312
1493
1351
1433
1749
1609
1233
679
423
731
756
355
-116
-433
-552
-812
-837
-714
-951
-1285
-1593
-1464
-1264
-1376
-1390
-1409
-1427
-1570
-1802
-1552
-1136
-1052
-1227
-1454
-1482
-1424
-1347
-1197
-1125
-1169
-1444
-1616
-1397
-1287
-1216
-1340
-1453
-1270
-1243
-1288
-1464
-1819
-1831
-1413
-894
-565
-804
-1360
-1809
-1874
-1162
-100
542
252
-461
-634
-284
380
1187
1597
1605
1207
892
1344
2057
2732
2915
2483
2112
1937
2139
2675
2631
2229
2098
1912
1620
1114
908
1033
692
325
180
79
-136
-591
-757
-630
-557
-590
-759
-608
-264
-216
-48
206
500
681
580
722
1045
1363
1631
1684
1810
1623
1427
1724
1897
1856
1605
1164
1060
956
842
689
303
38
-340
-566
-619
-808
-1029
-1355
-1395
-1328
-1543
-1547
-1494
-1587
-1658
-1765
-1643
-1433
-1506
-1505
-1522
-1428
-1318
-1428
-1379
-1316
-1278
-1225
-1404
-1333
-1126
-1202
-1349
-1533
-1460
-1341
-1539
-1812
-1981
-1979
-1630
-1397
-1407
-1517
-1690
-1806
-2014
-1787
-930
-134
-122
-662
-847
-344
254
793
1329
1575
1595
1421
1718
2477
2954
3096
2941
2720
2755
2844
3097
3209
2985
2463
1887
2079
2408
2025
1218
515
463
459
115
21
-271
-696
-1129
-1408
-1126
-929
-1112
-1271
-1298
-928
-630
-489
-85
203
381
297
508
1167
1512
1731
1710
1577
1687
1738
1988
2268
2017
1619
1267
1167
1264
1102
739
353
23
-333
-702
-745
-770
-1030
-1307
-1554
-1467
-1449
-1715
-1795
-1897
-1739
-1460
-1414
-1337
-1379
-1590
-1621
-1414
-1007
-873
-1011
-1257
-1453
-1183
-971
-870
-880
-1209
-1297
-1277
-1299
-1532
-2094
-1955
-1693
-1631
-1694
-1986
-2135
-2222
-2056
-2033
-2200
-1723
-1098
-855
-1034
-1278
-726
-116
244
652
936
1202
1364
1719
2442
2880
2932
2823
2717
3014
3362
3526
3398
3099
2955
2407
1915
2307
2771
2452
1285
360
415
519
370
300
67
-312
-997
-1398
-1061
-655
-656
-933
-1107
-837
-623
-483
-87
372
605
475
521
1070
1381
1363
1495
1737
1900
1666
1532
1666
1645
1402
1144
1036
1045
777
295
-48
-202
-376
-611
-723
-889
-1222
-1547
-1598
-1271
-1070
-1280
-1647
-1895
-1916
-1684
-1411
-1115
-1221
-1714
-1910
-1572
-1100
-973
-981
-1135
-1251
-1290
-1360
-1206
-802
-931
-1161
-1249
-1114
-941
-1194
-1082
-648
-1043
-1944
-2272
-1452
-259
-394
-1238
-1571
-1623
-1998
-1950
-870
67
-157
-1012
-1274
-444
280
438
527
696
1102
1300
1207
1737
2408
2490
2323
2218
2451
2714
2796
2782
2785
2407
1922
1857
2215
2377
1740
829
437
443
568
336
18
-349
-636
-652
-576
-154
-190
-672
-710
-433
-32
454
586
797
890
846
1120
1499
2013
2158
1989
1904
1911
1978
1972
2106
2141
1589
960
620
591
661
366
-174
-551
-970
-1294
-1366
-1395
-1427
-1816
-2147
-2039
-2018
-2206
-2415
-2557
-2525
-2546
-2436
-1960
-1559
-1648
-1968
-2027
-1840
-2068
-1986
-1375
-944
-710
-1203
-1330
-822
-702
-685
-791
-695
-518
-1090
-1122
-547
-37
37
-544
-752
-1052
-1833
-1740
-660
716
563
-1027
-1497
-1062
-463
27
351
836
578
-117
64
971
2006
2244
1726
1578
1755
1967
2339
2670
3079
2726
1574
1368
2287
3115
2580
1263
821
961
878
934
1046
1007
380
-563
-682
-142
245
38
-534
-539
-428
-427
-192
227
658
435
53
382
947
1279
1229
1136
1409
1334
1258
1452
1562
1485
1059
747
679
676
561
270
-35
-318
-579
-732
-685
-878
-1253
-1605
-1611
-1461
-1459
-1497
-1561
-1517
-1502
-1516
-1555
-1333
-1062
-961
-835
-963
-1072
-1014
-862
-506
-557
-795
-954
-1023
-771
-766
-960
-1003
-1145
-1212
-1297
-1367
-1239
-1589
-1977
-2080
-1950
-1551
-1619
-1749
-1636
-1539
-1461
-1767
-1913
-1535
-834
-73
-2
-184
-147
-3
437
965
1428
1787
1812
1890
2065
2267
2615
2768
2793
2877
2658
2448
2377
2420
2501
2194
1865
1764
1481
1111
641
504
696
321
-43
-257
-227
-255
-584
-794
-698
-540
-405
-383
-268
-97
-6
289
613
961
977
867
1125
1438
1707
1720
1580
1680
1755
1702
1619
1512
1443
1185
814
634
435
250
-36
-320
-555
-872
-1103
-1240
-1300
-1361
-1595
-1813
-1858
-1743
-1547
-1476
-1474
-1502
-1610
-1597
-1349
-1119
-989
-1024
-989
-704
-576
-695
-864
-862
-727
-759
-725
-760
-857
-944
-1186
-1301
-1259
-1250
-1387
-1821
-2143
-2197
-2126
-1820
-1595
-1556
-1835
-2671
-3096
-2294
-918
-148
-607
-1184
-1100
-652
29
858
1610
1778
1412
1353
1967
2772
3286
3330
3189
3067
2879
2993
3207
3195
3007
2273
1690
1864
2148
1829
1032
408
320
136
-160
-148
-300
-618
-1111
-1251
-843
-617
-663
-1005
-950
-401
-109
286
525
512
615
506
981
1718
2009
1993
1644
1640
1717
1763
2112
2140
1801
1146
624
683
755
663
255
-262
-545
-949
-1238
-1238
-1233
-1358
-1709
-1969
-1912
-1909
-1853
-1693
-1558
-1454
-1479
-1473
-1190
-989
-1007
-871
-674
-392
-351
-457
-441
-484
-424
-320
-341
-227
-467
-818
-983
-955
-772
-933
-1160
-1604
-2123
-2332
-2125
-1680
-1474
-1753
-2034
-2516
-3064
-2850
-1785
-566
-475
-1320
-1619
-1115
-414
396
1031
1404
1335
1109
1420
2313
3161
3432
3175
2819
2745
2878
3131
3502
3480
2757
1830
1417
1861
2375
1906
989
209
-118
-166
-202
7
-286
-883
-1344
-1446
-1119
-846
-859
-845
-900
-674
-299
28
443
553
591
688
1019
1552
1781
1823
1768
1714
1775
1785
1964
2034
1597
1204
939
795
734
448
124
-275
-631
-809
-947
-1037
-1278
-1626
-1747
-1744
-1675
-1748
-1785
-1577
-1467
-1311
-1400
-1466
-1170
-1001
-782
-620
-668
-562
-617
-477
-298
-487
-419
-454
-527
-567
-916
-1005
-967
-997
-954
-1202
-1518
-1893
-2142
-2112
-1958
-1663
-1716
-1867
-1945
-2406
-2768
-2488
-1397
-267
-350
-1040
-1194
-836
-149
691
1314
1713
1570
1259
1656
2511
3267
3475
3202
2966
2909
2983
3117
3323
3256
2622
1863
1580
1856
2120
1646
904
171
-331
-349
-225
-162
-444
-1043
-1596
-1703
-1226
-665
-571
-867
-1114
-835
-355
209
624
703
663
686
1082
1580
1817
1778
1664
1663
1671
1666
1761
1666
1357
948
627
526
443
243
-95
-486
-837
-1081
-1091
-1068
-1262
-1517
-1691
-1677
-1555
-1451
-1441
-1435
-1385
-1264
-1190
-1055
-934
-870
-669
-661
-554
-467
-495
-441
-573
-544
-447
-514
-536
-786
-887
-786
-836
-1011
-1361
-1467
-1411
-1608
-1939
-2186
-2129
-1864
-1872
-1767
-1758
-2012
-2505
-2656
-1644
-459
-166
-658
-924
-646
-166
413
1153
1792
1810
1426
1456
2157
2929
3276
3187
2924
2777
2691
2773
3093
3175
2688
1851
1359
1630
1856
1477
916
388
46
-165
-82
43
-226
-712
-1118
-1086
-615
-302
-301
-511
-790
-611
16
745
1084
865
581
583
973
1581
1913
1910
1679
1404
1245
1295
1591
1632
1201
665
270
51
64
-17
-145
-503
-1126
-1404
-1426
-1222
-1248
-1588
-1766
-1828
-1690
-1450
-1336
-1290
-1307
-1195
-1064
-950
-707
-610
-564
-482
-449
-516
-445
-372
-431
-519
-558
-578
-535
-823
-1014
-985
-1043
-1093
-1295
-1389
-1262
-1570
-1962
-2180
-2309
-2012
-1675
-1447
-1487
-1804
-2282
-2601
-2059
-895
-14
-102
-829
-1059
-538
102
915
1624
1708
1532
1220
1600
2546
3092
3172
2761
2382
2351
2518
2833
3031
2696
1866
1356
1728
2108
1723
1007
466
246
67
10
167
41
-434
-857
-996
-559
-148
-204
-418
-414
-164
161
424
740
949
771
724
980
1549
1918
1745
1520
1432
1474
1622
1651
1695
1379
850
540
439
571
366
-138
-466
-754
-857
-844
-962
-1145
-1509
-1718
-1624
-1426
-1252
-1312
-1442
-1379
-1236
-1171
-1156
-929
-862
-925
-802
-769
-694
-695
-860
-814
-945
-970
-902
-1093
-1057
-1165
-1252
-1337
-1619
-1668
-1743
-1668
-1660
-2007
-2199
-2418
-2307
-1808
-1532
-1243
-1363
-1854
-2285
-2271
-1066
154
330
-96
-633
-386
225
888
1699
1995
1836
1472
1513
2301
2945
3083
2931
2524
2354
2306
2372
2696
2511
2227
1845
1460
1392
1116
855
723
387
191
-8
-57
-101
-446
-476
-405
-314
-120
-321
-360
-156
-51
487
714
829
902
733
1047
1391
1688
1832
1708
1691
1582
1588
1613
1512
1512
1204
779
682
494
252
-69
-442
-465
-636
-863
-1052
-1350
-1427
-1610
-1628
-1399
-1240
-1292
-1523
-1537
-1265
-961
-702
-724
-899
-861
-853
-572
-304
-303
-546
-849
-905
-812
-742
-681
-773
-1069
-1501
-1687
-1556
-1415
-1459
-1804
-2097
-2019
-1953
-2240
-2377
-2398
-2122
-1712
-1539
-1433
-1625
-2243
-2404
-1656
-331
513
106
-487
-491
-48
607
1334
1923
1922
1416
1200
1683
2606
3118
2931
2593
2187
2046
2214
2637
2727
2065
1684
1647
1506
1322
996
963
759
276
117
73
168
-44
-343
-278
-206
-247
-282
-133
85
111
327
596
909
1108
798
915
1302
1596
1724
1574
1702
1714
1453
1463
1526
1517
1416
1059
776
627
466
107
-177
-186
-396
-668
-880
-1106
-1152
-1325
-1451
-1248
-1164
-1163
-1296
-1479
-1190
-1065
-1061
-814
-703
-724
-906
-986
-754
-430
-473
-764
-989
-1040
-1002
-1100
-1152
-1243
-1435
-1681
-1921
-2086
-1949
-1886
-1857
-1782
-1901
-2304
-2780
-2763
-2257
-1636
-1241
-1418
-1662
-1751
-1991
-1918
-1287
-53
570
52
-445
-311
317
934
1345
1770
1812
1491
1485
1929
2676
2963
2703
2291
2088
2272
2388
2339
2455
2193
1644
1416
1476
1641
1339
773
657
481
321
210
68
159
86
-116
-212
-180
80
102
48
239
423
684
740
907
1152
1108
1179
1355
1534
1666
1486
1413
1546
1483
1496
1406
1286
1148
862
568
399
348
173
-86
-308
-544
-660
-820
-897
-980
-1104
-1140
-1213
-1212
-1213
-1227
-1103
-952
-873
-923
-1017
-871
-864
-780
-614
-664
-739
-965
-1058
-1003
-1157
-1206
-1361
-1551
-1640
-1819
-1910
-2063
-2200
-2253
-2288
-2235
-2108
-2173
-2389
-2692
-2789
-2387
-1844
-1316
-1231
-1406
-1589
-1783
-1779
-1123
16
711
509
23
-97
238
955
1609
1863
1750
1598
1648
1783
2282
2809
2821
2425
2086
2090
2245
2238
1966
2088
2328
2126
1665
1089
987
1122
988
852
557
375
448
285
188
70
6
140
167
389
368
305
507
640
1011
1211
1097
1028
1059
1333
1593
1716
1603
1279
1173
1221
1252
1310
1207
934
536
193
81
-56
14
10
-354
-730
-1060
-1211
-1142
-971
-926
-1061
-1195
-1325
-1267
-1040
-845
-900
-1079
-1018
-931
-857
-731
-707
-786
-942
-1049
-1154
-1054
-964
-1175
-1395
-1563
-1667
-1729
-1789
-1814
-1875
-2152
-2439
-2445
-2079
-1606
-1482
-2170
-2926
-2995
-2407
-1332
-663
-824
-1109
-1768
-2429
-2023
-721
859
1225
235
-528
-412
359
1127
1780
2208
1918
1292
964
1738
2803
2963
2637
2165
1889
1976
1939
2160
2691
2589
1977
1263
1103
1420
1288
874
606
578
776
747
524
107
-247
-88
210
652
896
468
284
310
635
1182
1287
1322
1164
1039
1317
1644
1998
1935
1513
1262
1052
1235
1415
1302
1198
580
23
-113
-198
175
75
-492
-925
-1295
-1280
-1099
-1011
-1052
-1346
-1565
-1572
-1415
-1099
-1057
-1023
-1201
-1212
-884
-860
-906
-874
-941
-798
-847
-1079
-1118
-1206
-1284
-1270
-1403
-1559
-1674
-1830
-2085
-2158
-2140
-2157
-1951
-2071
-2116
-2157
-2433
-2453
-2233
-1918
-1694
-1554
-1382
-1096
-957
-1321
-1490
-1124
-392
562
645
461
525
374
582
1188
1742
2205
2032
1740
1803
2014
2376
2500
2568
2483
2180
1993
1971
2163
2073
1910
1951
1768
1336
776
577
861
1026
1010
918
678
344
24
79
567
996
1156
891
567
554
754
1174
1498
1628
1448
1046
985
1359
1721
1732
1503
1159
924
849
901
960
883
497
-12
-322
-368
-291
-345
-626
-928
-1211
-1362
-1306
-1240
-1291
-1443
-1523
-1485
-1394
-1335
-1201
-1160
-1202
-1187
-1080
-947
-795
-854
-996
-989
-1077
-895
-982
-1202
-1197
-1392
-1521
-1636
-1749
-1704
-1797
-1943
-2017
-2181
-2156
-2160
-2172
-2031
-1952
-2007
-2320
-2501
-2183
-1651
-1161
-1011
-1025
-965
-1126
-1431
-1308
-313
858
1206
695
215
323
801
1484
2147
2415
2249
1806
1700
2206
2792
2962
2838
2506
2281
2091
1911
2152
2391
2515
2194
1612
1074
674
830
1261
1501
1379
670
242
195
366
750
897
977
929
587
548
723
1090
1411
1362
1393
1172
1093
1288
1471
1705
1478
970
801
739
874
842
623
371
16
-217
-285
-399
-446
-741
-1102
-1203
-1286
-1272
-1379
-1454
-1358
-1402
-1380
-1435
-1435
-1316
-1405
-1289
-1103
-1093
-1068
-1229
-1271
-1197
-1337
-1255
-1305
-1285
-1418
-1907
-1932
-1955
-1726
-1605
-1975
-2198
-2473
-2528
-2281
-2160
-1901
-1992
-2315
-2307
-2391
-2133
-1843
-1632
-1225
-1148
-1040
-891
-884
-971
-1106
-486
576
1053
914
481
513
883
1230
1710
2179
2339
2197
1925
2122
2658
2917
2925
2613
2349
2202
2134
2383
2777
2655
2040
1351
1164
1480
1609
1591
1513
1091
665
461
665
1131
1166
929
644
627
926
1116
1310
1426
1312
1089
960
1314
1747
1750
1475
1107
1037
1054
943
1001
970
696
276
-149
-147
-60
-256
-514
-832
-1030
-1184
-1303
-1278
-1261
-1506
-1798
-1711
-1497
-1392
-1568
-1709
-1626
-1583
-1494
-1448
-1294
-1197
-1371
-1562
-1527
-1401
-1288
-1401
-1521
-1655
-1864
-2010
-2017
-1843
-1787
-1968
-2116
-2278
-2231
-2197
-2141
-1889
-1780
-1808
-2077
-2295
-2104
-1644
-1179
-880
-778
-856
-1005
-1134
-1147
-798
-13
746
830
329
102
462
959
1441
1778
1927
1816
1668
1847
2408
2796
2852
2590
2324
2039
1830
2340
3087
3256
2478
1314
1074
1500
1883
2117
1949
1569
886
230
436
1187
1605
1388
840
640
657
876
1221
1555
1775
1373
985
1102
1446
1701
1603
1512
1463
1214
972
844
854
792
500
242
218
151
-288
-750
-883
-830
-879
-1083
-1215
-1477
-1727
-1845
-1827
-1477
-1308
-1574
-1884
-1920
-1579
-1386
-1451
-1454
-1573
-1563
-1610
-1575
-1307
-1371
-1448
-1658
-1905
-1845
-2052
-1946
-1704
-1825
-1932
-2270
-2410
-2122
-1991
-1923
-1953
-1917
-1891
-2272
-2245
-1951
-1527
-1174
-1219
-1113
-1035
-1105
-1271
-1558
-833
379
831
669
127
133
521
828
1520
2086
2187
1879
1556
1930
2518
2866
2918
2496
2292
2241
2060
2482
2889
2798
2166
1221
1184
1686
1871
2043
1557
961
586
433
1024
1419
1510
1076
480
691
1134
1545
1706
1387
1394
1230
1306
1920
2057
2005
1533
1173
1391
1382
1497
1493
1084
685
213
70
222
192
-96
-718
-1050
-1087
-1154
-1024
-1172
-1523
-1771
-2049
-1820
-1576
-1627
-1734
-1986
-1935
-1756
-1689
-1585
-1536
-1643
-1705
-1652
-1420
-1294
-1349
-1615
-1861
-1889
-1821
-1784
-1770
-1846
-2121
-2333
-2404
-2170
-1874
-1847
-1986
-2276
-2388
-2384
-2321
-1860
-1468
-1299
-1358
-1506
-1317
-970
-821
-917
-868
-119
580
543
358
397
709
981
1210
1645
1930
1987
1897
2014
2377
2649
2614
2526
2157
1790
2061
2663
3040
2676
1681
1100
1142
1479
1852
1834
1614
1013
268
127
717
1454
1534
1121
715
513
800
1172
1647
2002
1684
1283
1270
1648
2183
2270
2052
1813
1566
1540
1561
1590
1545
1172
742
508
575
447
-42
-395
-635
-701
-765
-1060
-1289
-1538
-1812
-1872
-1745
-1569
-1694
-2072
-2293
-2184
-1895
-1729
-1590
-1621
-1824
-1969
-2009
-1646
-1270
-1304
-1563
-1791
-1991
-1981
-1777
-1689
-1646
-1915
-2260
-2263
-2229
-2013
-1906
-1993
-1891
-1896
-2166
-2368
-2294
-1912
-1441
-1148
-1025
-1116
-1227
-1296
-1231
-1064
-670
147
638
509
71
-63
427
991
1460
1784
1806
1654
1595
1849
2381
2767
2627
2261
2045
1893
2108
2602
2710
2443
1773
1390
1558
1685
1945
1732
1362
1067
750
785
965
1281
1350
1017
893
882
1091
1440
1446
1548
1471
1328
1593
1817
2053
1950
1661
1693
1554
1511
1474
1305
1287
1124
835
656
462
294
-96
-414
-454
-574
-689
-924
-1226
-1416
-1604
-1646
-1605
-1640
-1590
-1879
-2069
-2036
-2069
-1872
-1685
-1651
-1699
-1860
-1828
-1761
-1679
-1612
-1693
-1688
-1731
-1775
-1861
-1887
-1852
-1964
-1937
-1871
-1939
-1885
-1957
-1991
-1820
-1779
-1845
-2035
-2071
-1734
-1502
-1351
-1179
-1120
-1103
-1164
-1405
-1339
-602
209
557
248
-152
-75
274
819
1430
1711
1607
1423
1473
1860
2318
2385
2225
2132
1910
2011
2415
2580
2563
2080
1656
1751
1970
2246
2045
1512
1261
975
1014
1369
1533
1478
1112
878
937
1122
1457
1457
1383
1264
1085
1379
1601
1706
1616
1354
1364
1459
1534
1559
1367
1124
1036
838
846
824
566
127
-295
-380
-391
-285
-367
-826
-1162
-1447
-1479
-1327
-1327
-1391
-1682
-1937
-1953
-1911
-1846
-1877
-1976
-2017
-2022
-1947
-1872
-1743
-1835
-2108
-1993
-1892
-1798
-1716
-1828
-1831
-1912
-1953
-1831
-1840
-1790
-1718
-1745
-1671
-1627
-1594
-1691
-1793
-1659
-1353
-947
-769
-859
-941
-1046
-844
-481
-460
-376
-153
174
397
301
345
588
728
955
1129
1401
1597
1543
1552
1718
1929
1719
1279
1511
2161
2329
2003
1369
1405
1734
1829
1940
1735
1482
1319
1165
1403
1674
1642
1344
1107
1130
1319
1531
1584
1600
1542
1276
1154
1486
1809
1902
1599
1248
1178
1182
1314
1393
1319
1114
728
545
630
753
634
168
-67
-158
-330
-293
-363
-483
-674
-1110
-1287
-1231
-1110
-1265
-1503
-1516
-1546
-1538
-1632
-1654
-1635
-1838
-1838
-1787
-1796
-1770
-1858
-1833
-1749
-1867
-2067
-2065
-1945
-1863
-1892
-1865
-1818
-1865
-1958
-1920
-1622
-1427
-1485
-1571
-1683
-1826
-1784
-1531
-1059
-696
-804
-930
-991
-942
-584
-479
-499
-234
154
452
426
329
306
399
640
882
1216
1453
1391
1311
1193
1278
1588
1820
1998
1843
1535
1456
1529
1841
2223
2197
1799
1394
1286
1469
1693
1767
1626
1331
1141
1190
1509
1667
1639
1479
1251
1297
1448
1474
1524
1389
1242
1248
1158
1262
1375
1177
995
806
764
856
822
736
550
301
66
-32
-20
-23
-100
-377
-599
-558
-600
-736
-837
-958
-1029
-1193
-1302
-1249
-1225
-1315
-1472
-1653
-1694
-1744
-1680
-1580
-1662
-1847
-2073
-2104
-1849
-1824
-1846
-2022
-2177
-1965
-2013
-1994
-1765
-1722
-1671
-1627
-1621
-1512
-1467
-1356
-1353
-1376
-1323
-1149
-835
-626
-614
-705
-811
-668
-695
-821
-439
-35
182
73
-97
97
355
421
609
857
1097
1188
1098
1205
1191
1229
1490
1840
1944
1629
1371
1399
1717
2187
2205
1925
1695
1323
1299
1573
1897
2014
1637
1268
1092
1152
1468
1710
1744
1494
1138
1044
1147
1456
1622
1444
1297
1057
880
1088
1197
1249
1155
719
530
509
571
625
392
216
-28
-130
-101
-136
-211
-482
-591
-589
-722
-711
-894
-1137
-1019
-1068
-1124
-1150
-1339
-1425
-1464
-1586
-1500
-1401
-1422
-1541
-1839
-1960
-1835
-1680
-1679
-1786
-1897
-2009
-1936
-1896
-1815
-1627
-1694
-1762
-1685
-1580
-1328
-1180
-1204
-1353
-1510
-1349
-879
-625
-609
-647
-734
-768
-642
-381
-338
-328
-239
-68
97
135
53
186
305
380
613
718
908
1022
946
937
1140
1169
1169
1275
1288
1345
1349
1229
1577
1754
1630
1464
1128
1260
1598
1611
1634
1505
1301
1227
1294
1552
1645
1672
1446
1337
1463
1404
1521
1654
1547
1499
1259
1193
1365
1320
1274
1152
878
791
697
586
645
623
346
-100
-193
-148
-105
-111
-366
-601
-741
-852
-750
-661
-729
-847
-1117
-1195
-1142
-1291
-1305
-1196
-1280
-1356
-1438
-1605
-1628
-1526
-1622
-1661
-1537
-1649
-1794
-1830
-1872
-1758
-1744
-1728
-1582
-1644
-1698
-1623
-1521
-1241
-1170
-1203
-1174
-1191
-1333
-1320
-895
-598
-611
-691
-799
-680
-440
-430
-423
-434
-235
93
195
98
35
37
95
354
650
835
834
641
490
663
1087
1514
1604
1150
763
873
1254
1751
1934
1681
1228
920
1028
1477
1907
2002
1724
1296
1097
1274
1538
1800
1901
1612
1226
1196
1320
1577
1642
1442
1280
1129
1112
1176
1299
1209
908
684
630
758
677
406
239
129
164
156
64
23
-233
-470
-525
-397
-367
-593
-783
-894
-871
-792
-769
-815
-967
-1207
-1306
-1245
-1101
-1009
-1199
-1437
-1569
-1671
-1679
-1646
-1557
-1586
-1737
-1902
-1928
-1770
-1622
-1574
-1551
-1573
-1642
-1631
-1602
-1373
-1199
-1202
-1263
-1348
-1132
-887
-802
-697
-603
-591
-583
-436
-263
-249
-312
-220
23
222
176
99
126
212
388
434
586
799
866
938
975
919
898
762
767
1028
1184
1271
1271
1331
1325
1219
1226
1305
1472
1592
1520
1506
1471
1485
1518
1480
1595
1551
1388
1391
1388
1449
1460
1395
1378
1276
1152
1111
1059
984
821
659
581
513
468
381
309
349
271
116
36
-49
-34
-245
-516
-452
-424
-387
-423
-627
-747
-881
-882
-735
-666
-708
-914
-1111
-1203
-1263
-1165
-1135
-1124
-1178
-1571
-1632
-1550
-1390
-1258
-1466
-1508
-1544
-1672
-1463
-1303
-1186
-1193
-1447
-1358
-1231
-1159
-1111
-1150
-988
-935
-1003
-857
-703
-629
-722
-723
-464
-296
-264
-317
-322
-213
-209
-146
52
150
220
207
208
447
624
680
741
733
758
810
938
1155
1228
1144
1057
1034
1090
1134
1254
1341
1236
1159
1058
1144
1344
1349
1298
1198
1111
1107
1143
1218
1279
1187
1021
942
932
988
1065
1060
931
744
642
667
684
649
529
395
334
251
242
156
85
-17
-144
-109
-89
-42
-122
-254
-347
-437
-430
-392
-372
-373
-549
-745
-730
-746
-712
-745
-779
-779
-981
-1101
-1154
-1090
-1092
-1140
-1115
-1183
-1216
-1302
-1322
-1176
-1114
-1116
-1173
-1266
-1279
-1236
-1152
-968
-847
-800
-917
-966
-855
-758
-638
-553
-488
-505
-616
-572
-420
-263
-225
-229
-178
-71
93
151
272
352
410
465
548
616
646
777
887
973
990
917
882
843
962
1069
1084
1111
1073
951
880
851
884
868
834
882
864
823
753
720
694
650
658
676
665
672
609
622
657
606
549
428
431
420
401
437
359
361
243
143
191
183
172
154
56
86
11
-105
-113
-114
-122
-174
-290
-354
-370
-444
-452
-397
-388
-541
-626
-665
-535
-497
-673
-760
-752
-713
-705
-722
-720
-649
-778
-957
-988
-934
-798
-812
-891
-870
-900
-870
-778
-714
-646
-695
-727
-715
-654
-534
-515
-569
-547
-560
-465
-303
-142
-16
-29
24
52
184
331
385
368
311
373
566
711
740
575
455
485
570
789
918
838
699
516
447
547
651
674
526
375
306
318
381
452
439
301
195
200
300
435
439
344
236
210
323
421
515
509
383
332
307
349
481
496
435
371
244
227
269
247
277
190
90
80
-28
40
53
-56
-188
-312
-294
-319
-260
-268
-373
-379
-452
-447
-392
-368
-342
-406
-451
-373
-308
-264
-310
-374
-359
-399
-390
-296
-280
-214
-242
-348
-387
-482
-451
-344
-364
-410
-532
-626
-636
-668
-662
-622
-556
-493
-527
-502
-427
-330
-207
-183
-90
-47
-118
-67
69
328
488
368
336
369
443
649
771
812
783
649
584
603
649
632
494
428
348
246
227
149
153
157
67
58
-27
-66
-130
-234
-229
-228
-217
-178
-140
-96
-131
-177
-83
29
75
60
74
156
171
191
246
224
270
320
250
219
236
223
180
249
240
162
141
25
-13
36
-42
-132
-169
-145
-111
-169
-264
-254
-194
-151
-56
-47
-66
-95
-72
-45
56
152
60
55
79
63
104
133
146
233
118
-70
-100
-61
2
-56
-160
-263
-362
-369
-344
-281
-243
-334
-420
-494
-390
-297
-365
-250
-166
-160
-42
-51
7
119
126
156
214
302
384
337
422
451
369
328
286
305
287
264
228
173
147
99
21
56
2
-100
-86
-122
-141
-246
-360
-310
-301
-283
-305
-397
-404
-435
-449
-413
-395
-300
-275
-366
-315
-236
-87
24
-37
4
-29
-56
32
63
192
239
204
196
147
181
226
216
217
141
78
-15
-85
9
54
103
129
4
-52
-37
-28
154
203
201
181
71
175
263
234
263
246
317
290
252
387
399
433
245
129
197
195
234
152
18
53
-37
-124
-16
4
-40
-167
-173
16
180
139
37
5
24
77
244
296
281
204
72
114
223
257
285
202
68
41
-26
36
116
91
-43
-201
-250
-280
-212
-200
-271
-288
-358
-414
-413
-405
-358
-369
-432
-472
-478
-450
-463
-564
-659
-588
-382
-346
-454
-644
-760
-638
-502
-381
-300
-357
-518
-552
-461
-218
-29
-62
-184
-279
-211
-66
59
171
194
115
33
63
256
443
487
378
213
211
275
403
595
590
458
308
267
373
447
479
476
439
454
397
440
530
512
483
447
520
485
357
345
412
499
538
441
347
256
228
225
257
386
399
309
251
183
196
243
262
320
343
298
136
77
140
141
105
44
-83
-100
-110
-118
-90
-148
-186
-264
-315
-312
-332
-356
-386
-357
-434
-516
-528
-543
-461
-408
-410
-415
-427
-480
-450
-441
-478
-453
-593
-714
-600
-512
-575
-668
-719
-700
-653
-616
-592
-577
-598
-640
-588
-534
-503
-481
-515
-438
-349
-349
-290
-219
-88
-64
-67
-44
-68
51
177
276
323
258
260
317
349
471
424
405
456
461
498
535
628
642
634
662
680
770
794
706
792
755
790
844
787
799
740
655
685
641
637
616
494
434
368
395
430
389
320
206
139
161
115
147
115
68
32
8
46
137
159
183
133
5
-22
-48
-24
-26
-66
-135
-232
-293
-320
-302
-293
-318
-375
-422
-491
-491
-508
-511
-486
-497
-515
-576
-558
-532
-542
-562
-527
-535
-546
-548
-516
-522
-550
-536
-602
-597
-624
-665
-619
-612
-564
-468
-525
-550
-576
-622
-564
-507
-421
-387
-424
-426
-386
-297
-199
-160
-154
-96
4
66
73
175
207
198
261
328
437
418
359
358
421
498
605
631
583
538
554
689
798
885
793
641
581
659
800
883
918
844
722
624
699
850
874
806
664
534
531
621
645
648
578
419
310
266
282
240
152
23
-6
-69
-110
-64
-104
-181
-279
-316
-236
-192
-283
-344
-388
-349
-304
-343
-336
-364
-396
-433
-386
-338
-351
-341
-439
-474
-448
-498
-463
-459
-487
-495
-539
-534
-498
-499
-520
-506
-521
-533
-522
-489
-492
-503
-471
-501
-498
-515
-511
-453
-449
-401
-399
-456
-436
-360
-290
-193
-168
-201
-226
-196
-124
-76
-33
-18
-25
-1
0
44
133
236
301
313
250
258
343
421
528
537
479
477
466
546
662
701
710
628
575
585
662
733
749
723
675
666
627
637
702
741
678
542
500
593
713
657
583
500
403
333
355
408
411
304
124
-16
-39
-23
-11
9
-44
-188
-334
-494
-468
-351
-377
-443
-601
-724
-705
-665
-603
-562
-593
-618
-601
-566
-563
-500
-477
-471
-401
-465
-498
-454
-494
-431
-380
-355
-311
-347
-344
-335
-366
-384
-420
-373
-340
-359
-398
-480
-401
-336
-289
-217
-277
-336
-351
-347
-159
-34
-38
-102
-124
-60
-15
84
167
206
247
199
239
328
346
413
424
458
474
433
419
480
503
494
492
519
562
574
535
476
498
537
550
591
592
538
539
540
565
593
579
540
528
522
513
484
424
429
442
451
429
349
286
252
240
263
298
251
77
-62
-49
-6
5
-99
-221
-279
-359
-305
-272
-339
-426
-555
-752
-915
-900
-760
-659
-709
-901
-980
-873
-765
-616
-562
-617
-576
-529
-421
-296
-286
-344
-472
-561
-503
-336
-242
-246
-292
-482
-517
-388
-264
-170
-273
-460
-549
-520
-399
-225
-207
-325
-411
-395
-296
-101
-39
-105
-92
-88
-10
106
181
240
223
187
245
331
394
443
486
507
520
548
625
680
708
646
589
662
748
833
878
804
748
740
721
791
817
793
731
662
604
561
575
593
639
648
537
502
455
483
548
475
417
311
241
246
281
257
209
64
-1
55
104
88
-36
-94
-161
-154
-142
-152
-172
-248
-345
-411
-426
-433
-487
-596
-677
-771
-827
-828
-797
-789
-831
-915
-940
-920
-876
-858
-881
-880
-902
-903
-886
-840
-757
-722
-729
-720
-705
-619
-567
-486
-444
-454
-470
-492
-521
-429
-352
-344
-305
-281
-241
-237
-175
-168
-106
-51
-16
43
45
56
112
184
283
376
404
460
489
509
613
676
687
722
707
698
717
765
830
882
862
817
861
913
860
834
824
840
898
909
932
913
859
774
737
793
828
829
797
752
698
590
541
590
577
531
466
372
349
323
253
206
188
126
48
8
-25
-65
-124
-226
-274
-258
-272
-335
-415
-524
-637
-672
-654
-610
-631
-741
-898
-922
-863
-813
-823
-906
-975
-1080
-1107
-1054
-969
-897
-903
-981
-1088
-1067
-1006
-955
-862
-848
-871
-857
-832
-764
-661
-603
-590
-582
-570
-467
-412
-398
-389
-371
-280
-212
-175
-180
-183
-166
-138
-22
133
192
190
141
110
207
292
436
532
495
459
442
535
655
720
789
783
724
713
721
824
916
924
867
812
882
990
1035
1013
970
965
1002
1026
1069
1038
933
824
830
921
980
1008
896
732
616
581
636
698
675
492
352
306
316
366
333
233
105
-17
-71
23
23
-96
-227
-365
-398
-384
-346
-313
-411
-595
-728
-714
-647
-658
-758
-894
-933
-899
-910
-882
-898
-1005
-1069
-1126
-1071
-906
-863
-975
-1040
-1077
-1081
-1035
-994
-923
-869
-899
-913
-852
-781
-743
-730
-737
-665
-546
-482
-438
-405
-439
-450
-348
-253
-141
-135
-198
-142
-49
54
180
243
232
220
240
297
431
552
565
506
444
462
599
731
789
765
642
646
780
893
964
925
862
849
857
902
1007
1070
985
905
858
838
885
914
836
819
780
770
806
795
750
643
618
642
641
624
595
519
398
315
327
331
295
211
84
31
5
-10
20
-20
-137
-255
-304
-277
-288
-334
-419
-499
-584
-645
-646
-645
-659
-782
-875
-914
-916
-899
-912
-966
-1000
-993
-997
-1011
-986
-1005
-1033
-996
-942
-883
-856
-830
-865
-844
-774
-720
-676
-642
-658
-662
-608
-535
-447
-421
-418
-422
-425
-344
-281
-226
-198
-171
-143
-60
49
139
173
130
110
167
262
360
472
494
464
467
496
573
684
731
742
760
770
835
886
935
948
896
881
893
903
950
978
959
926
877
883
894
899
877
856
837
803
755
741
734
706
701
642
570
493
461
438
402
373
321
282
186
91
41
29
51
65
-12
-124
-266
-364
-385
-364
-359
-439
-573
-662
-699
-686
-711
-728
-757
-844
-904
-972
-961
-946
-902
-933
-986
-1003
-1011
-996
-993
-992
-1000
-984
-908
-851
-812
-784
-805
-793
-727
-635
-581
-533
-525
-537
-499
-394
-295
-232
-215
-230
-222
-200
-131
-54
3
47
57
75
101
153
228
297
332
362
351
362
403
451
507
500
546
595
625
636
630
656
719
757
772
792
799
793
761
743
757
789
775
794
825
810
777
769
750
771
779
750
754
716
710
685
636
615
576
542
505
486
432
355
316
269
239
183
78
17
-20
-44
-63
-116
-189
-238
-289
-331
-363
-434
-497
-558
-595
-638
-665
-694
-751
-788
-813
-887
-939
-917
-930
-927
-949
-955
-956
-954
-966
-958
-943
-935
-903
-849
-813
-794
-785
-783
-735
-676
-618
-567
-539
-543
-472
-431
-380
-272
-246
-244
-259
-264
-178
-90
-32
4
-6
4
71
180
282
359
367
364
391
436
474
545
620
610
608
640
694
760
766
771
742
763
820
838
851
821
803
768
777
795
773
770
758
750
769
781
756
770
730
681
673
664
665
628
559
508
476
456
423
357
328
277
232
232
168
115
82
13
-35
-104
-162
-216
-238
-244
-253
-318
-404
-426
-469
-509
-519
-578
-597
-663
-745
-767
-781
-791
-815
-825
-857
-911
-952
-948
-926
-906
-906
-914
-883
-863
-855
-817
-814
-823
-796
-781
-752
-665
-617
-601
-571
-521
-474
-444
-388
-335
-282
-248
-236
-209
-117
-90
-72
-22
33
53
129
175
201
243
242
270
322
405
466
495
490
482
501
559
640
686
694
709
686
676
730
736
768
798
772
764
756
804
821
843
834
800
796
797
784
758
752
716
710
708
703
685
675
621
561
541
533
515
461
402
328
266
186
166
152
98
20
-68
-109
-162
-174
-205
-261
-337
-385
-423
-465
-494
-535
-579
-644
-686
-730
-723
-719
-737
-771
-812
-834
-840
-884
-881
-901
-913
-903
-898
-888
-861
-836
-817
-782
-761
-747
-734
-697
-671
-598
-574
-562
-521
-475
-457
-425
-363
-311
-295
-278
-229
-191
-116
-116
-92
-49
-8
3
15
88
156
182
216
278
325
365
371
376
365
379
434
477
510
528
538
537
569
609
668
695
686
665
665
717
761
807
794
747
718
717
726
765
756
729
708
652
628
639
663
632
586
580
534
502
487
453
412
374
342
297
252
231
186
148
120
90
68
24
-29
-84
-137
-179
-193
-226
-276
-288
-327
-363
-385
-408
-423
-482
-520
-534
-551
-584
-635
-674
-689
-682
-698
-727
-755
-755
-744
-753
-751
-750
-764
-785
-781
-785
-768
-740
-733
-708
-675
-665
-648
-609
-565
-521
-451
-392
-373
-326
-266
-250
-246
-213
-179
-122
-86
-50
-15
-8
18
55
114
171
226
262
295
311
328
340
371
430
472
508
511
519
530
530
562
582
567
574
578
588
591
625
655
636
635
600
601
623
647
638
602
577
563
547
530
521
514
498
457
460
434
420
395
374
360
323
300
234
188
146
111
113
120
123
71
8
-36
-74
-72
-61
-102
-155
-211
-240
-251
-279
-305
-336
-399
-456
-462
-467
-492
-517
-540
-566
-579
-592
-603
-588
-607
-614
-596
-619
-627
-608
-608
-603
-617
-626
-604
-568
-520
-529
-518
-500
-494
-474
-441
-407
-388
-379
-355
-294
-206
-161
-128
-118
-91
-39
-6
21
84
106
111
115
99
133
155
198
201
226
244
250
275
305
329
345
362
383
402
412
419
427
449
460
463
485
460
453
473
481
514
503
525
486
452
472
480
477
479
470
440
410
386
387
379
354
319
293
270
265
247
226
192
153
140
135
130
125
73
16
-19
-60
-80
-94
-137
-154
-181
-204
-193
-192
-220
-249
-261
-303
-329
-350
-370
-397
-402
-388
-413
-434
-451
-472
-483
-485
-473
-457
-448
-444
-458
-468
-482
-459
-449
-430
-407
-418
-433
-412
-368
-344
-334
-319
-275
-234
-227
-192
-157
-141
-111
-80
-73
-61
-44
-30
12
49
85
89
101
124
140
174
183
218
229
238
256
268
267
285
290
284
290
283
289
314
327
307
318
346
359
370
377
374
379
386
397
392
395
375
345
318
311
320
314
306
290
261
256
227
220
239
226
205
141
119
109
93
88
70
59
1
-34
-35
-12
-22
-29
-39
-60
-93
-113
-129
-157
-153
-162
-174
-220
-239
-244
-230
-242
-263
-275
-322
-340
-356
-355
-369
-340
-331
-353
-359
-342
-334
-351
-369
-365
-352
-349
-345
-332
-299
-284
-272
-225
-214
-213
-202
-196
-177
-169
-172
-172
-142
-121
-103
-73
-30
-6
-7
10
26
58
75
100
102
113
119
124
165
193
217
213
205
200
219
205
224
235
237
267
277
278
271
267
295
331
341
319
293
270
259
270
275
279
263
238
215
205
225
219
211
203
181
167
138
119
116
112
104
103
77
66
45
17
21
7
11
3
-13
-9
-10
-2
-2
0
-26
-61
-96
-124
-121
-118
-145
-163
-184
-187
-198
-201
-194
-215
-208
-221
-232
-277
-286
-272
-289
-272
-271
-284
-295
-308
-294
-264
-229
-220
-225
-227
-212
-215
-205
-178
-178
-173
-170
-177
-164
-115
-102
-111
-86
-85
-87
-65
-62
-43
-12
-3
10
26
26
40
49
62
76
96
94
95
120
146
158
148
168
176
167
169
185
218
231
247
257
264
282
303
293
291
293
274
272
248
257
239
208
183
168
182
177
191
179
172
150
132
157
159
139
111
86
78
75
74
62
48
44
16
16
-7
8
18
-12
-37
-59
-55
-47
-49
-67
-104
-115
-129
-136
-103
-99
-120
-135
-160
-181
-207
-209
-191
-214
-213
-219
-217
-200
-191
-201
-222
-236
-254
-250
-253
-244
-218
-219
-223
-232
-225
-206
-207
-190
-154
-165
-160
-135
-158
-158
-128
-112
-69
-71
-85
-91
-85
-65
-24
4
15
1
-8
15
31
77
97
104
98
111
88
83
124
121
127
152
165
170
195
217
208
191
192
203
188
197
190
194
206
198
197
192
204
190
194
205
195
217
220
176
177
170
164
184
185
175
157
135
123
126
131
117
107
108
99
99
113
113
102
97
77
47
43
48
38
