27
8
8
3
-8
-16
-17
-27
-24
-17
-13
-7
6
16
15
30
38
46
33
20
18
2
-2
-5
-1
-6
-7
-5
-3
-4
7
10
7
15
5
0
-3
-11
-17
-19
-23
-32
-29
-24
-26
-27
-14
-9
-11
8
11
19
21
20
23
21
22
17
-5
8
13
2
-9
0
9
-5
5
7
2
7
14
4
-4
-7
-1
-4
1
-5
-13
-19
-18
-22
-15
-6
-8
0
7
4
1
5
11
-13
-34
15
41
19
-2
7
49
52
6
-12
-2
0
6
-20
-21
7
17
6
0
13
10
0
-9
10
23
4
-15
-5
17
14
-1
-2
8
6
-1
7
-2
1
-1
-11
-17
-13
-4
-17
-16
3
2
-11
8
11
10
8
6
5
10
12
-3
-12
-14
-18
-17
-23
-23
0
-8
-17
-6
10
5
1
-1
-5
4
-6
-14
-15
-11
-1
-6
-10
-1
4
0
-11
-10
-12
-8
-4
2
0
17
21
16
11
7
10
-2
-21
-24
-18
-10
-17
-22
1
6
6
-6
-23
-12
34
34
37
35
22
47
30
-7
-24
-35
-27
-22
-11
6
8
12
23
28
22
16
15
17
20
45
33
28
41
20
20
0
-20
-14
0
-2
1
4
16
13
14
10
9
16
7
10
14
14
20
25
16
16
27
19
-2
8
17
16
7
-10
0
12
-3
22
21
0
7
-14
-42
-56
-89
-121
-118
-112
-85
-90
-76
-38
-41
-38
-50
-66
-52
-53
-75
-44
-28
-40
-36
-39
-25
-26
-63
-74
-88
-124
-166
-227
-277
-274
-255
-182
-7
120
136
140
144
127
64
-63
-146
-133
-81
-27
8
79
180
240
252
262
278
267
238
241
243
231
212
185
184
172
143
85
64
103
119
128
150
177
189
182
170
131
100
65
25
48
55
34
58
70
68
80
62
75
71
6
3
-2
-41
-91
-168
-197
-134
-125
-200
-251
-201
-137
-161
-194
-241
-270
-234
-274
-351
-324
-304
-312
-257
-217
-189
-150
-150
-123
-93
-130
-115
-111
-117
-35
-2
-24
-6
-69
-264
-387
-456
-528
-518
-424
-257
2
224
400
528
605
593
440
219
43
-60
-194
-316
-321
-229
-122
-16
46
179
362
446
491
559
631
672
636
553
474
374
222
86
-16
-78
-81
-88
-47
69
188
292
371
456
512
513
468
414
350
267
160
87
67
4
-33
-42
-50
-28
-31
-64
-82
-24
-17
-55
-10
79
90
8
-179
-382
-461
-584
-766
-852
-819
-715
-531
-496
-519
-471
-524
-540
-628
-866
-898
-819
-819
-734
-660
-518
-214
31
143
301
418
405
336
-77
-552
-661
-587
-570
-567
-354
207
752
879
914
1017
1029
875
585
402
406
388
294
307
430
438
340
192
52
-12
-99
-213
-171
25
183
354
604
829
924
884
802
735
573
309
62
-103
-245
-371
-295
-169
-59
86
168
295
491
458
327
282
203
118
-19
-199
-159
-131
-257
-280
-256
-189
-17
100
240
545
723
809
884
724
526
259
-205
-510
-716
-959
-868
-693
-600
-225
-21
-13
178
28
-222
-250
-503
-648
-589
-761
-714
-528
-690
-672
-525
-603
-478
-507
-836
-768
-779
-956
-916
-1079
-1255
-1194
-1184
-1133
-848
-616
-361
109
396
490
614
214
-505
-775
-752
-660
-704
-657
-1
932
1268
1188
1278
1358
1309
1032
639
601
678
475
376
558
594
547
502
435
563
605
317
159
286
339
326
343
531
857
1035
1084
1126
1096
907
657
406
186
25
-113
-161
-33
51
68
202
328
451
498
448
422
463
427
345
274
124
-85
-303
-395
-299
-156
38
313
643
927
1043
922
640
377
81
-344
-656
-899
-1022
-920
-898
-714
-498
-544
-460
-511
-575
-405
-673
-844
-832
-1012
-897
-1018
-1189
-1007
-1001
-952
-898
-980
-833
-747
-877
-831
-836
-980
-2054
-2937
-2092
-774
54
99
305
1646
2585
1894
589
-351
-504
-1117
-2607
-3018
-1984
-1080
-1026
-573
714
1993
2385
1676
1635
2327
2144
1233
601
779
1144
618
-129
-34
396
479
252
183
445
571
344
274
691
1065
947
907
1322
1603
1478
1141
891
958
749
258
22
-41
-133
-135
-35
191
427
406
333
470
665
479
146
88
86
68
-170
-386
-310
-319
-499
-431
-292
-78
372
554
773
1197
1180
1081
1035
494
27
-359
-988
-1228
-1379
-1546
-1167
-719
-330
-18
162
279
414
113
-523
-681
-807
-1121
-1358
-1800
-2027
-1807
-1817
-1621
-1134
-826
-452
-336
-467
-510
-577
-956
-1411
-1701
-1857
-2047
-2396
-2518
-2130
-1491
-870
-270
459
1295
1629
874
-187
-273
32
-267
-688
-445
644
1719
1856
1636
1682
1939
1717
1014
736
940
1106
882
913
1332
1569
1436
1177
1173
1412
1453
1216
963
856
762
498
227
40
3
11
95
258
353
366
544
777
945
1009
1031
1067
1081
830
463
215
57
-122
-440
-632
-534
-193
-82
75
369
517
572
509
328
239
54
-139
-243
-307
-159
-151
-160
-167
-203
-233
-466
-562
-612
-709
-605
-558
-628
-664
-611
-607
-786
-927
-956
-1014
-1110
-1242
-1382
-1579
-1737
-1531
-1337
-1121
-731
-519
-471
-351
-641
-1084
-1234
-1454
-1372
-1319
-1719
-1788
-2100
-2446
-2174
-2026
-1571
-604
357
1304
1741
1021
153
69
94
-249
-612
-418
638
1642
1822
1798
1704
1630
1457
911
744
1042
1214
1213
1406
1803
2015
1803
1323
1167
1238
1019
748
738
997
1135
1030
885
740
743
561
296
336
580
744
829
940
1193
1349
1087
739
475
261
84
-154
-371
-295
-202
-331
-392
-239
-31
179
347
431
578
682
519
248
-12
-360
-680
-945
-1088
-1087
-938
-785
-472
-54
217
345
402
393
259
45
-379
-644
-816
-1146
-1409
-1584
-1726
-1615
-1322
-1167
-1092
-965
-1141
-1214
-1007
-1004
-748
-678
-729
-115
-80
-363
-593
-1432
-1536
-1431
-1768
-1863
-1866
-1395
-1265
-1811
-2073
-1959
-1209
-664
-444
145
765
931
-52
-1083
-819
-546
-714
-810
-118
1522
2471
2419
2229
2288
2584
1958
1060
1006
1268
1349
1079
1175
1534
1631
1360
1159
1349
1489
1320
1163
1326
1742
1783
1283
888
843
648
265
57
134
410
535
583
859
1088
1030
874
636
541
419
-50
-303
-197
-308
-501
-702
-757
-416
-281
-156
218
443
676
741
468
294
21
-482
-836
-1144
-1177
-1041
-984
-734
-383
-68
240
466
453
223
-53
-362
-621
-862
-1113
-1146
-1213
-1248
-1204
-1227
-1235
-1173
-1048
-928
-805
-814
-779
-652
-495
-403
-558
-834
-686
-776
-1133
-1387
-1748
-1785
-1761
-1705
-1604
-1640
-3197
-5190
-3799
-1043
782
1954
2201
4098
6409
5164
2080
-843
-2358
-2478
-3688
-4564
-3337
-1291
-95
866
2187
2779
3416
2889
2116
3060
3083
1944
1335
1265
1685
1413
159
-349
154
586
620
818
839
677
769
815
1236
1718
1396
1233
2141
2692
2112
1190
418
561
650
-184
-727
-423
-156
168
576
495
713
753
216
285
416
-81
-442
-399
18
317
-292
-1025
-1135
-1110
-1318
-1557
-1619
-1031
-24
513
946
1272
1371
1189
567
-69
-861
-1808
-2475
-2646
-2418
-1872
-1370
-963
-414
-39
195
109
-472
-772
-684
-1029
-1025
-948
-1377
-1129
-890
-1010
-740
-906
-1107
-796
-1147
-1596
-1914
-2267
-1915
-1559
-1637
-1514
-1338
-1236
-1267
-1544
-1583
-1179
-517
17
753
1161
496
151
364
536
514
38
49
1062
1994
2244
1978
1870
2257
2244
1851
1478
1526
1533
1247
1325
1499
1614
1625
1390
1650
2136
2197
1486
495
796
1483
1302
746
427
849
1443
1298
721
241
369
643
457
247
359
551
388
301
405
-6
-216
-246
-380
-233
-407
-598
-503
-223
-16
-93
-202
-183
-148
-319
-584
-627
-757
-1036
-919
-745
-774
-711
-601
-376
-253
-166
-260
-187
-191
-506
-787
-981
-1021
-973
-1245
-1338
-986
-1121
-1181
-1217
-1127
-769
-828
-824
-640
-662
-725
-781
-908
-728
-795
-797
-497
-611
-805
-1327
-1633
-1470
-1685
-2154
-2170
-1787
-1586
-1662
-1703
-1395
-757
-127
249
918
1564
870
-9
-205
150
281
-511
-648
500
1858
2296
2058
2083
2598
2841
2327
1769
1891
1990
1554
1327
1441
1564
1459
1062
1172
1723
1600
1234
1515
1900
2038
1623
970
867
932
468
17
-7
56
138
219
416
868
989
585
538
794
726
258
-276
-495
-315
-496
-1101
-1153
-727
-460
-170
-77
113
578
485
141
-69
-493
-819
-1220
-1555
-1387
-1264
-1026
-836
-456
103
262
282
69
-90
-167
-714
-1157
-1496
-1700
-1397
-1342
-1396
-1215
-1242
-1131
-907
-987
-787
-537
-604
-442
-563
-918
-653
-684
-844
-469
-728
-577
-647
-1224
-1585
-2143
-2179
-2202
-2129
-1708
-1448
-1422
-1550
-1532
-1025
-564
-134
401
915
1219
273
-463
-263
-127
-116
-632
-179
1361
2394
2670
2462
2501
2985
2635
1848
1538
1545
1485
1031
1056
1637
2028
1901
1674
1931
2261
1143
89
865
1968
2158
1252
665
1538
2235
1465
240
-283
261
736
221
-60
569
1024
641
395
577
477
263
-295
-381
11
-505
-1114
-1100
-699
-329
-632
-842
-333
136
135
-102
-320
-280
-409
-771
-959
-898
-912
-1076
-937
-664
-532
-537
-663
-422
-79
-263
-580
-719
-864
-847
-1083
-1274
-1074
-1039
-959
-689
-677
-980
-1088
-1380
-1437
-1147
-1672
-1832
-1327
-847
-150
-8
-147
-15
-1
-412
-1213
-1706
-2081
-2425
-2283
-2111
-1698
-1620
-1898
-1284
-807
-468
-39
260
779
261
-576
-549
-6
475
87
79
1339
2621
3131
2684
2304
2608
2457
1513
751
708
1021
951
902
1463
2154
2389
2234
2250
2405
2221
1752
1523
1740
1864
1348
705
469
458
231
-286
-507
-240
168
534
829
1199
1652
1635
1276
1042
570
-40
-644
-1080
-1316
-1414
-1378
-1142
-649
-112
152
443
781
801
768
352
-124
-435
-891
-1213
-1328
-1384
-1286
-1086
-964
-602
-343
-313
-153
-18
135
65
-258
-418
-707
-996
-1018
-1406
-1670
-1564
-1685
-1547
-1407
-1660
-1732
-1328
-1014
-584
-599
-726
-4
-1
-480
-297
-520
-465
-92
-1013
-1436
-1358
-1864
-2205
-2387
-2369
-2014
-2075
-2314
-1824
-930
-453
93
869
1280
748
-122
-377
84
66
-636
-494
772
2243
2851
2445
2186
2683
2565
1703
1120
1141
1358
1216
1338
1772
2320
2402
1791
1104
1014
1772
1771
1302
1505
2008
2457
2286
1323
635
374
155
-188
-519
-320
230
623
732
1145
1445
1125
970
654
384
178
-451
-819
-722
-783
-1217
-1429
-1209
-617
-37
68
154
747
814
469
66
-493
-742
-988
-1273
-1175
-1009
-957
-881
-535
-210
-138
-219
-396
-200
-36
-355
-642
-669
-630
-832
-971
-1291
-1677
-1756
-2091
-2147
-1703
-1496
-1516
-860
-359
67
395
-129
-336
-120
-542
-932
-1017
-1678
-1623
-1602
-2216
-2071
-1902
-1925
-1444
-1507
-1972
-1675
-1464
-1301
-778
-486
276
436
-384
-317
431
744
506
228
766
2040
2605
2122
1614
1865
2125
1748
1098
1043
1614
1641
1416
1591
1920
2127
1807
1603
1900
2157
1857
1452
1563
2144
2318
1794
1401
1248
1063
534
-126
-401
-366
-212
41
425
1023
1430
1531
1534
1435
1096
445
-124
-379
-543
-850
-1174
-1222
-1080
-729
-323
-78
261
482
685
774
523
133
-301
-774
-952
-962
-1128
-1192
-1137
-962
-716
-499
-457
-232
-87
-151
16
-150
-375
-553
-941
-1164
-1199
-1515
-1932
-2013
-2092
-2060
-2009
-1935
-1481
-853
-598
-407
-203
-189
101
73
-404
-974
-1350
-1658
-1939
-2058
-2171
-2132
-1810
-1617
-1458
-1634
-2182
-2228
-2032
-1691
-965
-343
205
-47
-327
272
769
966
542
495
1593
2411
2533
2009
1498
1765
1844
1419
1087
1280
1702
1830
1997
2157
2154
2069
1745
1792
2033
1963
1766
1684
1917
2355
2166
1662
1443
1168
904
597
73
-245
-99
156
421
775
1046
1247
1436
1407
1148
800
373
99
-29
-343
-641
-861
-1046
-1049
-769
-535
-392
-219
62
439
550
156
-273
-499
-786
-853
-1248
-1631
-1502
-1338
-1015
-682
-496
-109
8
105
171
-93
-246
-578
-1029
-1299
-1657
-1721
-1756
-2186
-2200
-1945
-1791
-1425
-1247
-1361
-932
-139
-80
-377
-624
-850
-218
-385
-1250
-1264
-1319
-1315
-1273
-1998
-2100
-1644
-1687
-1579
-1689
-1852
-1680
-1625
-1551
-1009
-187
467
139
-338
172
1076
1217
585
468
1387
2358
2459
1991
1669
1984
2220
1855
1516
1719
2151
1979
1803
1868
1801
1703
1351
1364
1785
1910
1866
1748
2053
2686
2361
1720
1267
847
699
222
-365
-400
-261
108
527
897
1352
1514
1328
1111
1026
560
-61
-387
-572
-471
-582
-888
-976
-858
-648
-532
-453
-415
-235
-7
-29
-17
-56
-331
-499
-637
-844
-986
-1221
-1421
-1176
-953
-734
-475
-280
-136
35
-56
-307
-597
-915
-1309
-1513
-1664
-1997
-2195
-2110
-1588
-1292
-1142
-996
-855
-461
-465
-818
-539
-440
-442
-491
-879
-1030
-1076
-1512
-2053
-1988
-1912
-1984
-1780
-1740
-1839
-1849
-2234
-2029
-1516
-1286
-348
365
-63
-181
443
951
1176
917
561
1451
2347
2320
2127
1777
1989
2292
1858
1549
1928
2067
1767
1879
2030
2039
2031
1639
1721
2163
2200
2044
1983
2077
2269
2059
1591
1223
958
659
474
393
258
146
339
697
994
1190
1080
1117
1106
865
557
148
-134
-199
-376
-502
-563
-664
-880
-919
-708
-569
-527
-400
-241
-51
-135
-342
-497
-857
-907
-1043
-1280
-1246
-1264
-1202
-880
-635
-414
-253
-387
-454
-471
-730
-956
-1178
-1562
-1700
-1651
-1837
-1839
-1805
-1610
-1414
-1376
-1315
-1161
-884
-820
-903
-1000
-761
-455
-480
-587
-479
-427
-611
-1018
-1538
-1470
-1655
-1888
-1828
-2120
-2116
-2134
-2248
-1830
-1306
-691
84
880
1099
493
374
799
1079
873
358
958
2122
2473
2358
1885
1934
2378
1914
1394
1482
1795
1958
1727
1905
2257
2400
2066
1735
2100
2357
2072
1750
2038
2337
2149
1483
922
946
842
115
-308
-251
94
534
647
1007
1568
1760
1565
1289
1062
555
-2
-484
-819
-820
-1107
-1422
-1168
-866
-661
-393
-240
101
388
205
-111
-442
-699
-1040
-1437
-1582
-1522
-1296
-1129
-1055
-685
-441
-442
-360
-415
-449
-581
-814
-1096
-1278
-1332
-1646
-1707
-1586
-1749
-1482
-1329
-1668
-1551
-1451
-1365
-1100
-1153
-1219
-811
-414
-212
-61
-313
-554
-795
-1134
-1387
-1605
-1867
-2138
-1869
-1509
-1787
-2200
-2488
-2285
-1492
-1283
-847
384
1341
1198
501
715
1316
1354
608
130
1164
2199
2327
2127
1931
2509
2779
2015
1667
1994
2179
1803
1575
1867
2184
2244
1748
1731
2253
2348
1973
1764
2030
2149
1653
1052
916
959
598
98
123
468
704
771
770
1168
1557
1390
945
682
533
185
-203
-493
-604
-675
-842
-1061
-920
-830
-913
-630
-452
-297
-75
-315
-451
-425
-649
-892
-1168
-1367
-1332
-1248
-1353
-1284
-908
-844
-591
-321
-383
-152
-408
-935
-1197
-1519
-1647
-1842
-2134
-1942
-1700
-1246
-1012
-1134
-1039
-1124
-979
-942
-1250
-1376
-1204
-884
-611
-525
-585
-610
-444
-765
-1398
-1587
-1746
-1604
-1374
-1548
-1514
-1674
-1930
-1745
-1573
-1286
-723
287
875
444
246
687
1293
1289
638
770
1782
2540
2627
2348
2218
2479
2334
1806
1634
1939
1940
1623
1707
1991
2306
2107
1642
1888
2308
2272
1946
1793
2139
2457
1927
1207
950
776
530
198
-72
48
293
467
756
1008
1173
1028
861
843
741
267
-323
-591
-670
-690
-790
-900
-831
-689
-578
-327
-341
-460
-392
-517
-541
-561
-844
-1035
-1009
-1067
-1075
-1147
-1453
-1364
-1111
-1091
-930
-888
-873
-587
-441
-588
-841
-1288
-1632
-1633
-1567
-1510
-1371
-1564
-1457
-1181
-1446
-1648
-1690
-1570
-1411
-1148
-793
-444
-425
-453
-276
-185
-388
-1146
-1548
-1347
-1094
-1250
-1699
-1930
-1893
-1885
-2061
-1976
-1594
-654
270
1270
1406
701
818
1067
1322
1024
463
891
1890
2403
2420
2145
2244
2547
2234
1895
1915
2139
1898
1580
1918
2208
2315
1840
1385
1682
1994
1556
1344
1860
2226
2136
1426
1019
1298
1049
254
8
44
454
690
445
694
1180
1148
681
564
660
348
-20
-698
-773
-280
-590
-728
-589
-577
-182
-318
-556
-347
-602
-779
-745
-872
-975
-1164
-1223
-1063
-897
-1040
-1360
-1207
-1022
-918
-846
-1085
-751
-167
-397
-495
-957
-1396
-1271
-1523
-1830
-2023
-2092
-1644
-1378
-1329
-1480
-1407
-812
-985
-1073
-929
-1311
-943
-710
-991
-440
-594
-925
-536
-820
-988
-1021
-1515
-1482
-1460
-2138
-2435
-2174
-1933
-1426
-612
472
1616
1750
803
915
1630
1418
900
325
767
2157
2357
2006
2044
2283
2506
2138
1641
1695
1813
1571
1400
1928
2437
2302
1936
1830
2142
2298
1632
1152
1647
2040
1717
1113
603
671
726
296
155
274
536
723
898
1096
1314
1254
803
712
725
272
-214
-622
-718
-538
-834
-1021
-661
-491
-298
-113
-107
81
-55
-476
-492
-690
-1056
-1371
-1789
-1646
-1323
-1402
-1382
-1081
-790
-554
-603
-804
-831
-698
-592
-651
-649
-874
-1257
-1351
-1635
-2068
-2130
-2258
-1915
-1574
-1688
-1164
-722
-727
-693
-783
-610
-400
-546
-860
-899
-562
-812
-1139
-1338
-1457
-1030
-1231
-1675
-1641
-2038
-1997
-1702
-1444
-703
20
960
1852
1409
844
900
1155
1003
408
298
1001
1851
2037
1913
1907
2301
2317
1903
1705
1799
1818
1434
1337
1719
1958
2019
1796
1867
2228
2079
1605
1599
1900
1808
1199
563
412
551
315
10
153
159
-121
401
1090
1386
1729
1210
1087
1837
1250
181
-445
-1055
-698
-759
-1437
-1028
-474
-500
-239
49
192
306
-70
-479
-219
-244
-868
-1159
-1294
-1215
-1156
-1621
-1810
-1236
-953
-880
-388
-246
-211
19
-301
-438
-405
-1086
-1635
-1384
-1616
-1906
-1936
-2540
-2019
-1333
-1393
-1000
-1168
-1310
-515
-485
-549
-700
-1086
-646
-609
-796
-1104
-1505
-1408
-1502
-1478
-1932
-2506
-2488
-2420
-1681
-953
-713
234
1352
2103
1573
599
909
1179
1013
447
399
1479
2043
1976
1875
1922
2302
2055
1369
1378
1852
1859
1281
1180
1671
2166
2060
1652
1854
2171
2056
1626
1470
1346
647
369
745
779
796
418
327
1214
1422
975
734
734
1114
1191
672
397
513
288
-96
-83
-202
-383
-441
-814
-454
5
-331
-333
15
201
330
-81
-478
-372
-631
-1083
-1346
-1495
-1422
-1334
-1478
-1274
-868
-731
-653
-441
-183
-96
-213
-601
-735
-738
-1138
-1383
-1598
-1736
-1595
-1666
-1512
-1323
-1394
-1228
-1067
-948
-1004
-1210
-1283
-1040
-719
-1039
-1075
-734
-805
-548
-947
-1471
-1303
-1598
-1653
-1838
-2522
-2476
-2240
-1760
-1184
-501
536
1554
1935
1084
771
1391
1279
894
444
728
1959
2261
1956
1839
1992
2217
1876
1371
1438
1882
1692
1332
1702
2131
2212
1923
1676
1911
2077
1539
1077
1416
1720
1392
837
433
653
784
376
211
465
816
919
874
1015
1291
1332
885
630
668
325
-120
-426
-645
-539
-592
-846
-732
-415
-269
-25
224
304
330
190
-4
-272
-659
-1214
-1550
-1566
-1616
-1623
-1655
-1585
-1194
-862
-750
-406
-172
-121
-79
-363
-671
-1068
-1395
-1529
-1638
-1628
-1570
-1421
-1086
-1093
-1168
-1116
-1437
-1075
-816
-1205
-1115
-1023
-1082
-842
-941
-1016
-753
-827
-1195
-1355
-1131
-1211
-1226
-1606
-2136
-1662
-1447
-1706
-1442
-1079
-126
1312
1302
438
383
859
1349
1192
538
784
1899
2289
2275
2198
1999
2105
1877
1415
1527
1820
1372
973
1302
1727
1963
1579
1241
1754
2091
1751
1576
1954
2200
1908
1299
770
744
585
-107
-179
262
665
819
762
1056
1486
1459
874
515
636
493
190
-195
-450
-191
-280
-472
-407
-493
-554
-583
-370
-57
-95
-132
-48
105
-35
-588
-958
-1169
-1236
-1388
-1663
-1623
-1292
-986
-963
-734
-355
-293
-379
-423
-658
-765
-1063
-1650
-1599
-1551
-1590
-1266
-1247
-1357
-1003
-1176
-1207
-1078
-1359
-1184
-1118
-1092
-901
-730
-610
-890
-909
-909
-971
-749
-1493
-1846
-1492
-1917
-1985
-2315
-2411
-1652
-1241
-588
495
1609
2144
1369
551
787
1239
881
25
212
1293
2100
2118
1802
1800
2187
2030
1577
1671
1843
1851
1544
1580
2165
2213
1795
1412
1571
1880
1468
1129
1375
1601
1565
993
469
534
402
62
-26
325
869
973
975
1207
1419
1322
726
385
479
254
-55
-357
-493
-280
-368
-551
-559
-486
-376
-337
-99
199
223
199
88
-61
-146
-661
-1129
-1251
-1362
-1468
-1509
-1564
-1348
-905
-738
-499
-241
-74
-11
-225
-785
-1125
-1304
-1634
-1605
-1378
-1362
-1151
-1065
-1291
-1174
-1229
-1629
-1869
-1683
-1387
-991
-677
-602
-333
44
-262
-738
-1131
-1570
-1406
-1613
-1894
-1617
-1633
-1798
-1671
-1684
-1412
-796
-394
323
1361
1786
1041
424
634
906
914
386
426
1565
2187
2200
2124
1873
2045
1919
1402
1470
1667
1601
1253
1436
1977
2032
1794
1392
1498
1864
1572
1330
1626
1747
1584
1147
657
507
326
60
-48
361
779
866
1140
1430
1455
1300
690
355
409
-25
-299
-547
-697
-546
-528
-503
-443
-326
-279
-198
63
76
-48
41
-171
-228
-342
-813
-839
-1066
-1462
-1376
-1453
-1462
-1235
-1029
-575
-248
-114
-115
-139
-142
-687
-1212
-1519
-1773
-1560
-1412
-1365
-1065
-995
-1141
-1191
-1238
-1453
-1598
-1333
-1093
-896
-688
-283
-231
-541
-907
-1415
-1672
-1642
-1975
-2204
-1978
-1628
-1558
-1667
-1552
-1382
-1009
-613
84
1218
1355
494
251
793
1357
1104
431
728
1953
2578
2284
1749
1693
1913
1567
1083
1196
1490
1509
1319
1696
2246
2389
1891
1390
1806
1918
1324
875
1116
1713
1817
1291
849
830
785
364
102
186
312
506
745
1046
1508
1400
840
594
622
379
-144
-625
-817
-550
-247
-198
-2
48
46
235
204
-15
-256
-544
-598
-429
-544
-869
-924
-802
-798
-873
-1167
-1339
-1068
-1062
-1083
-765
-658
-486
-192
-205
-195
-347
-1095
-1581
-1762
-1946
-1908
-1911
-1965
-1500
-1007
-821
-863
-846
-990
-938
-822
-906
-1109
-975
-889
-791
-555
-980
-1217
-1307
-1447
-1203
-1323
-1646
-1499
-1732
-1601
-1284
-1136
-597
-21
898
1432
656
219
206
703
743
218
478
1329
2227
2513
2083
2062
2068
1817
1481
1157
1259
1243
973
1179
1708
2032
1991
1647
1866
2225
1862
1372
1365
1683
2001
1583
998
850
870
623
290
123
203
404
597
760
1056
1184
1011
875
843
676
225
-377
-649
-528
-483
-571
-683
-625
-308
-35
50
47
78
155
-8
-172
-492
-748
-873
-1121
-1179
-1128
-1148
-1034
-959
-900
-800
-704
-686
-555
-538
-675
-710
-922
-1261
-1224
-1378
-1621
-1589
-1814
-1575
-1235
-1257
-1116
-1261
-1255
-873
-695
-763
-939
-1148
-1345
-1065
-995
-1247
-1412
-1539
-1163
-684
-843
-1195
-1373
-1197
-782
-773
-979
-907
-249
617
1060
1270
953
229
81
122
88
-43
-146
279
1281
1965
2166
2115
1966
2212
2276
1940
1655
1504
1378
1355
1480
1482
1424
1319
1298
1535
1462
1364
1681
1788
1822
1563
908
866
933
609
491
471
766
1160
1102
945
1012
895
612
278
44
171
272
91
-82
139
282
243
-61
-468
-592
-599
-628
-584
-494
-409
-195
-163
-306
-360
-692
-1018
-1103
-1050
-902
-918
-1069
-875
-616
-429
-614
-1010
-977
-1060
-1126
-1313
-1627
-1361
-1172
-1283
-1276
-1394
-1358
-1271
-1290
-1230
-1115
-998
-961
-757
-641
-1024
-1053
-1295
-1505
-958
-1113
-1083
-691
-1014
-752
-639
-964
-699
-629
-611
-256
-475
-664
-502
-296
-93
235
424
394
259
-242
-356
249
329
324
663
1137
2247
2630
2292
2209
2247
2232
1996
1555
1432
1454
1337
1177
1236
1374
1386
1260
1190
1344
1815
2210
2030
1808
1487
1193
1066
656
256
28
186
632
808
725
684
728
814
666
445
267
93
-30
-183
-193
-111
-130
-343
-441
-342
-373
-603
-803
-669
-351
-330
-510
-449
-410
-346
-482
-701
-691
-722
-788
-868
-855
-731
-887
-838
-828
-875
-926
-1290
-1413
-1389
-1623
-1612
-1466
-1440
-1289
-1266
-1097
-741
-719
-969
-972
-626
-578
-975
-1446
-1579
-1389
-1299
-1599
-1317
-628
-441
-465
-592
-430
-92
-358
-731
-618
-538
-740
-1254
-1361
-774
-179
-22
-17
128
49
123
342
422
680
965
1280
2001
2506
2409
2137
1986
2016
1933
1524
1170
1213
1269
1235
1313
1359
1567
1424
1146
1666
2237
2261
2098
1661
1689
1988
1299
569
126
-44
335
440
338
601
904
910
1016
1058
764
422
95
-3
176
2
-442
-460
-384
-324
-433
-891
-983
-713
-473
-233
-258
-212
-153
-148
-109
-257
-488
-710
-1007
-931
-876
-1083
-998
-1162
-1122
-897
-1123
-1219
-1217
-1403
-1193
-1103
-1226
-1043
-1142
-1265
-1298
-1356
-1571
-1687
-1756
-1665
-1327
-1199
-1184
-929
-709
-750
-742
-873
-970
-968
-845
-766
-602
-611
-604
-425
-146
-120
-100
-450
-558
-426
-447
-405
-348
-109
157
342
88
-178
118
254
494
824
988
1646
2139
2248
2315
2164
2031
1992
1811
1603
1550
1407
1131
1198
1292
1288
1296
1108
1318
1937
1954
1706
1637
1565
1603
1437
752
495
563
504
618
678
658
755
633
415
539
641
355
272
330
291
416
73
-438
-426
-595
-852
-878
-958
-714
-309
-189
-146
-38
-111
-343
-465
-604
-554
-500
-762
-738
-642
-859
-989
-1190
-1310
-1176
-1471
-1542
-1470
-1386
-1103
-1155
-909
-689
-757
-812
-1201
-1375
-1327
-1596
-1693
-1716
-1503
-1054
-1108
-909
-962
-1046
-985
-1265
-1179
-1109
-904
-805
-766
-356
-13
38
42
19
300
281
-260
-559
-530
-261
-185
-401
-169
59
-184
-444
-331
114
538
675
793
1569
2211
2250
1987
1882
2069
2086
1758
1549
1586
1577
1296
1089
1181
979
568
957
1463
1890
2115
1786
1962
2410
1896
1226
599
279
453
265
140
337
583
508
537
910
1042
1024
756
510
944
735
115
-261
-701
-665
-855
-1317
-1258
-1050
-836
-618
-248
85
65
64
-56
-14
11
-442
-809
-762
-862
-1029
-1380
-1720
-1523
-1434
-1457
-1386
-1139
-968
-922
-729
-599
-735
-923
-1436
-1536
-1239
-1594
-1819
-1924
-1755
-1190
-1278
-1251
-1022
-943
-723
-642
-726
-488
-604
-810
-745
-674
-553
-503
-434
-216
280
387
374
465
230
-62
-205
-419
-378
-296
-400
-32
249
-91
-26
114
303
829
963
1086
1566
1862
2018
1964
1850
1777
1656
1462
1305
1313
1196
790
534
907
1450
1555
1424
1357
1681
2053
1813
1291
1019
949
966
760
448
511
738
770
947
1240
1287
1342
1153
835
745
480
-91
-284
-421
-471
-419
-656
-706
-593
-599
-453
-359
-440
-409
-291
-228
-169
-303
-587
-650
-834
-928
-996
-1208
-1132
-1079
-1079
-1030
-1196
-1293
-1242
-1346
-1415
-1538
-1609
-1450
-1362
-1433
-1597
-1441
-1202
-1017
-910
-1050
-954
-784
-1039
-1155
-1141
-1325
-1310
-1180
-1078
-719
-451
-483
-1061
-1429
-775
-20
534
756
917
1776
2268
1951
1442
447
113
-134
-882
-1046
-998
-866
-829
-866
-706
-635
-364
-232
140
853
1102
1559
1970
2083
2453
2141
1702
1577
1206
1037
1163
1323
1248
1278
1272
1187
1322
1276
1231
1519
1610
1716
1871
1743
1574
1303
950
800
824
777
656
749
1012
1188
1079
629
432
386
198
14
-261
-373
-283
-383
-601
-810
-1044
-1178
-1313
-1181
-961
-708
-443
-180
180
108
-114
-208
-547
-689
-857
-1440
-1394
-1411
-1619
-1549
-1844
-1699
-1497
-1496
-1222
-1088
-905
-788
-738
-731
-1074
-1105
-1202
-1350
-1075
-1165
-1127
-968
-1056
-865
-815
-856
-922
-1165
-1104
-1040
-906
-897
-734
-327
-135
152
279
384
574
401
261
164
-99
-349
-607
-470
-263
-317
-570
-483
64
495
766
871
1217
1840
1838
1787
1707
1552
1585
1303
1183
1339
1282
1069
1095
1442
1656
1622
1347
1258
1635
1733
1572
1535
1547
1611
1583
1260
955
801
468
405
663
739
891
958
1024
1262
1308
913
519
235
20
-116
-498
-743
-630
-606
-709
-747
-899
-982
-848
-715
-609
-314
-130
27
132
-230
-567
-850
-1281
-1285
-1094
-1228
-1107
-1180
-1278
-1224
-1508
-1578
-1650
-1551
-1248
-961
-724
-807
-937
-1061
-1266
-1304
-1403
-1609
-1436
-1300
-1104
-980
-1039
-980
-831
-693
-760
-641
-436
-395
-391
-472
-401
-226
-295
-475
-403
-125
69
215
277
508
809
616
308
147
152
206
-7
-243
-213
54
132
-9
176
404
654
1015
1196
1627
2101
2275
2309
2314
2286
2075
1532
951
596
446
388
443
708
1105
1601
1962
2234
2399
2478
2367
2137
1815
1353
932
590
433
315
202
119
118
368
612
612
593
370
247
128
-281
-613
-855
-951
-1035
-1207
-1274
-1149
-1092
-1172
-838
-706
-790
-666
-781
-784
-671
-1082
-1391
-1258
-1225
-1105
-1343
-1538
-1419
-1317
-1355
-1672
-1542
-1432
-1351
-1018
-1040
-987
-1019
-1273
-1155
-1119
-1219
-1266
-1213
-799
-388
-109
-93
-70
33
-215
-299
-514
-656
-550
-708
-633
-328
-71
220
244
264
440
445
377
276
193
109
-77
-337
-563
-738
-751
-507
-86
438
1051
1595
2099
2643
2750
2468
2156
1719
1456
1204
728
533
547
604
781
893
1021
1322
1603
1771
2009
2154
2161
2096
1943
1748
1438
1103
817
650
537
414
242
211
252
306
301
202
215
307
258
97
-110
-324
-557
-954
-1309
-1507
-1499
-1525
-1555
-1346
-1167
-898
-679
-682
-661
-641
-475
-565
-911
-1002
-1333
-1603
-1520
-1914
-1924
-1650
-1686
-1137
-868
-949
-639
-701
-862
-680
-918
-1175
-1096
-1132
-1105
-738
-798
-732
-301
-396
-283
-19
-162
-163
-172
-430
-293
-203
-535
-442
-285
-184
226
298
234
515
587
437
370
169
-19
-116
-227
-323
-116
2
44
485
869
1192
1572
1626
1731
2024
1852
1536
1334
1038
920
741
457
456
697
883
1119
1533
1716
1935
2058
1857
1848
1652
1176
919
725
601
558
412
417
673
852
904
868
813
784
714
472
235
102
-94
-278
-373
-581
-832
-1040
-1014
-964
-982
-924
-878
-738
-686
-782
-844
-836
-891
-946
-920
-999
-963
-967
-1296
-1283
-1300
-1605
-1716
-1897
-1804
-1386
-1362
-1299
-1029
-837
-551
-527
-644
-658
-685
-776
-792
-729
-832
-815
-862
-1007
-747
-549
-539
-262
-78
141
298
219
224
157
112
-167
-328
-267
-297
-110
11
62
345
464
431
399
282
290
299
284
411
580
737
1003
1203
1231
1227
1240
1140
1102
1081
931
918
882
893
1059
1157
1187
1241
1253
1302
1417
1405
1346
1326
1276
1180
1038
831
712
603
455
390
396
485
611
659
779
949
994
873
664
402
271
109
-265
-560
-692
-764
-787
-808
-716
-484
-366
-268
-389
-526
-641
-981
-1128
-1198
-1347
-1191
-1225
-1285
-1061
-1141
-1184
-1157
-1388
-1372
-1211
-1210
-1158
-1088
-1111
-1074
-1124
-1277
-1171
-1040
-1052
-849
-679
-547
-202
-233
-415
-307
-330
-494
-473
-603
-523
-226
-225
-224
-79
-89
-41
-13
-101
10
99
67
136
201
161
87
13
-69
23
218
265
411
531
616
810
795
642
654
627
671
779
832
926
1101
1213
1225
1242
1076
967
949
822
833
907
904
1047
1178
1280
1349
1333
1339
1341
1253
1077
883
707
630
526
411
325
277
284
398
487
521
567
577
587
621
459
171
-89
-371
-615
-895
-1107
-1001
-835
-726
-622
-574
-449
-429
-649
-849
-1034
-1157
-1162
-1169
-1207
-1162
-1102
-1041
-959
-959
-946
-933
-958
-1010
-981
-1101
-1269
-1356
-1369
-1258
-1078
-841
-586
-437
-350
-302
-302
-413
-542
-618
-704
-672
-489
-349
-214
-63
-83
5
105
50
29
17
-37
33
38
14
189
280
282
345
344
409
531
554
498
545
488
466
513
505
624
735
833
947
933
900
911
901
820
740
743
798
883
869
786
750
776
734
748
759
838
930
1013
1066
1076
1038
871
723
596
404
248
153
134
222
290
377
421
427
452
425
375
276
152
78
51
90
78
-5
-137
-319
-438
-516
-645
-752
-734
-638
-504
-564
-821
-920
-1043
-1143
-1147
-1216
-1172
-957
-780
-673
-703
-883
-1010
-1081
-1219
-1357
-1390
-1411
-1217
-878
-797
-661
-703
-679
-470
-471
-575
-587
-524
-447
-377
-467
-585
-446
-340
-287
-210
-225
39
306
269
303
320
275
322
187
75
77
118
210
362
491
562
633
605
639
651
523
489
444
413
528
500
483
636
731
765
893
932
988
1018
894
838
782
563
421
377
346
468
603
677
864
1018
1065
1060
935
743
554
342
175
153
120
124
257
359
420
448
353
258
215
85
15
85
79
149
215
132
130
79
-6
-130
-295
-506
-641
-631
-699
-704
-693
-719
-659
-617
-692
-634
-736
-888
-724
-700
-713
-731
-816
-731
-638
-869
-1029
-972
-983
-936
-997
-1013
-772
-553
-617
-655
-618
-665
-597
-532
-476
-305
-239
-265
-254
-336
-381
-402
-443
-298
-99
45
123
225
201
147
175
91
115
192
222
300
418
468
493
576
599
659
714
639
590
609
578
586
520
400
365
369
440
515
523
582
685
812
854
787
675
528
530
502
418
361
355
427
559
629
626
576
390
289
204
75
46
39
95
267
327
314
313
192
145
79
54
45
18
80
198
258
162
60
1
-134
-234
-381
-486
-415
-307
-247
-206
-203
-195
-203
-346
-486
-561
-593
-697
-781
-730
-655
-590
-545
-474
-369
-376
-482
-610
-701
-747
-782
-783
-712
-681
-619
-617
-581
-503
-422
-377
-321
-292
-199
-143
-260
-292
-309
-344
-440
-438
-449
-378
-192
-125
-79
38
51
170
318
335
415
444
395
534
540
386
325
284
341
483
403
319
537
670
678
678
542
611
743
588
452
408
379
456
417
204
219
362
352
432
474
487
610
595
488
438
390
302
264
170
117
199
138
166
176
80
51
36
-43
-26
20
28
169
174
152
260
268
194
158
52
-38
-60
-205
-299
-303
-378
-393
-430
-491
-469
-455
-463
-428
-440
-461
-503
-524
-571
-614
-620
-522
-352
-331
-389
-343
-326
-425
-574
-682
-665
-601
-544
-599
-452
-218
-111
-24
-76
26
206
143
-88
-249
-339
-395
-440
-493
-420
-281
-137
-11
181
231
240
249
155
158
53
-74
-34
43
114
210
292
425
605
589
501
501
395
375
393
352
447
459
365
360
414
395
333
277
237
335
487
503
573
555
506
494
371
312
283
174
115
100
114
222
274
290
409
416
337
251
106
64
-3
-194
-222
-200
-203
-105
-112
-113
-63
-42
5
40
0
-26
-46
-124
-196
-280
-410
-482
-517
-610
-695
-699
-672
-595
-589
-583
-449
-414
-381
-232
-199
-170
-120
-192
-171
-154
-246
-375
-456
-436
-422
-470
-445
-193
50
153
158
143
136
112
-63
-227
-225
-178
-84
-139
-187
-101
-127
-143
-115
-82
-2
163
204
209
223
160
93
66
72
117
176
279
371
401
387
247
100
83
94
150
324
463
605
703
603
499
450
319
178
97
49
153
245
208
203
236
259
265
248
211
221
176
85
132
59
-33
37
80
166
234
122
154
238
192
96
-18
-90
5
72
-20
-14
47
50
72
10
-56
-7
-75
-136
-207
-245
-229
-222
-281
-276
-197
-178
-204
-210
-236
-281
-311
-461
-546
-503
-471
-398
-344
-344
-281
-261
-307
-350
-418
-490
-419
-285
-209
-160
-138
-119
-46
-61
-197
-275
-203
-98
-11
23
21
98
143
56
35
-8
-68
-77
-195
-191
-100
-86
-70
9
75
166
157
64
93
188
246
173
130
188
260
275
168
20
-3
45
123
175
230
337
433
473
371
315
275
226
261
333
282
355
469
412
388
307
249
305
350
329
333
345
340
288
140
11
-14
-13
-31
-22
-14
64
219
245
175
114
68
112
59
-59
-63
-74
-86
-97
-148
-234
-230
-180
-223
-265
-286
-295
-268
-274
-310
-337
-402
-407
-331
-306
-348
-338
-337
-255
-138
-174
-264
-175
-64
-86
-132
-230
-262
-268
-337
-436
-443
-335
-215
-112
-2
176
203
86
16
-70
-188
-262
-348
-313
-108
-7
-15
7
54
80
60
-67
-70
5
-23
-44
-23
-77
-114
-139
-181
-63
119
208
272
383
423
342
205
65
21
-9
-50
8
149
347
448
444
426
464
389
264
215
188
247
237
201
240
283
250
164
89
101
209
250
248
307
368
335
271
219
172
179
149
129
91
116
133
83
55
84
77
19
55
165
223
153
70
22
-55
-166
-278
-384
-348
-269
-285
-231
-146
-131
-104
-147
-239
-230
-306
-378
-364
-364
-345
-358
-390
-359
-276
-353
-392
-317
-281
-210
-205
-301
-286
-246
-298
-330
-330
-284
-188
-152
-104
-19
-38
-126
-159
-189
-226
-207
-175
-125
-21
22
21
59
44
45
44
-31
-48
10
6
9
6
-43
-40
0
-4
41
129
207
297
316
329
306
259
212
195
171
193
269
274
318
364
350
342
337
284
316
328
254
269
344
379
387
386
401
384
364
329
249
269
249
220
224
277
339
297
267
212
152
65
-83
-165
-183
-162
-129
-53
16
85
87
33
-72
-107
-152
-171
-190
-216
-200
-229
-204
-217
-265
-300
-307
-305
-294
-266
-294
-356
-371
-357
-366
-409
-454
-414
-337
-282
-262
-246
-177
-65
-95
-168
-182
-141
-96
-178
-300
-326
-302
-285
-332
-367
-286
-143
-70
-92
-68
-8
-37
-83
-105
-145
-155
-141
-144
-147
-123
-146
-190
-162
-127
-89
-53
-7
70
123
160
133
153
161
182
276
329
332
347
354
368
406
365
307
359
431
478
519
501
449
449
370
280
241
216
283
382
435
473
545
509
480
430
344
321
316
306
324
374
329
205
64
-20
-60
-60
-126
-139
-86
0
-7
-62
-85
-100
-71
-76
-97
-76
-9
1
-67
-192
-212
-211
-316
-369
-400
-435
-348
-304
-356
-387
-383
-355
-312
-366
-477
-454
-375
-331
-343
-396
-375
-226
-219
-343
-359
-347
-302
-280
-316
-367
-309
-196
-165
-130
-132
-126
-122
-152
-188
-183
-185
-171
-112
-107
-117
-129
-91
-31
-11
16
12
51
113
91
63
46
84
169
234
269
292
353
419
408
372
332
322
368
384
345
366
422
440
425
367
282
266
256
228
206
203
254
272
282
326
352
341
346
336
287
266
232
195
166
143
161
148
91
48
-13
-59
-106
-118
-142
-81
41
72
53
18
22
-8
-87
-135
-173
-172
-143
-159
-140
-89
-80
-160
-188
-214
-262
-289
-279
-286
-290
-337
-355
-380
-408
-432
-470
-425
-364
-342
-333
-279
-224
-174
-208
-248
-203
-153
-153
-198
-221
-193
-184
-227
-256
-236
-195
-124
-84
-38
9
32
27
20
-30
-71
-91
-94
-74
-44
-20
25
54
58
86
92
105
132
152
167
207
250
294
328
353
371
373
364
373
403
430
468
454
460
445
394
313
234
172
161
183
204
208
239
258
239
239
190
192
204
209
209
208
228
209
182
116
62
61
39
14
-32
-81
-64
-72
-110
-142
-119
-125
-132
-140
-156
-146
-121
-139
-161
-168
-204
-239
-259
-253
-239
-221
-230
-238
-212
-213
-284
-347
-402
-435
-511
-546
-484
-409
-333
-300
-290
-252
-201
-233
-309
-326
-325
-317
-281
-275
-247
-186
-152
-122
-87
-68
-54
-41
-22
-23
-35
-36
-44
-40
-43
-14
33
114
174
195
211
248
283
256
215
198
235
271
282
289
366
440
438
437
421
389
449
450
367
360
390
355
356
341
288
284
280
277
256
258
250
242
241
218
179
167
156
127
100
110
123
99
40
-49
-54
-39
-31
-47
-65
-45
-2
47
10
-31
-64
-111
-177
-221
-239
-224
-227
-230
-213
-222
-199
-220
-182
-167
-144
-135
-193
-209
-247
-318
-353
-336
-363
-395
-383
-374
-341
-340
-355
-361
-336
-298
-300
-285
-268
-258
-255
-278
-283
-269
-266
-239
-219
-184
-131
-103
-61
-20
-36
-36
-3
-20
6
29
22
45
59
90
149
175
209
278
296
270
256
191
95
73
51
36
116
178
230
330
376
413
409
370
352
340
345
310
319
357
420
468
429
433
434
421
403
336
275
248
179
111
73
65
107
154
206
248
268
246
192
122
25
-39
-88
-134
-122
-110
-48
7
16
2
-41
-71
-89
-139
-206
-264
-268
-255
-276
-295
-313
-283
-279
-303
-306
-286
-250
-251
-262
-296
-316
-316
-348
-371
-373
-363
-380
-390
-370
-405
-445
-433
-427
-399
-362
-332
-283
-227
-197
-191
-195
-221
-218
-224
-219
-169
-111
-71
-48
-36
2
18
0
20
57
142
195
210
215
249
319
311
282
274
302
319
278
246
258
279
305
313
357
435
436
425
442
434
408
360
307
305
327
324
302
314
342
363
338
317
276
233
194
164
144
122
127
142
166
195
195
141
133
87
62
32
1
-15
-26
-53
-65
-54
-54
-24
-9
-4
-14
-38
-91
-139
-185
-227
-292
-313
-325
-316
-283
-272
-262
-256
-252
-282
-314
-340
-351
-332
-328
-343
-318
-307
-324
-332
-356
-373
-380
-388
-381
-367
-366
-359
-371
-374
-343
-309
-261
-244
-253
-228
-208
-198
-178
-182
-162
-131
-103
-95
-80
-55
-3
43
38
77
133
190
183
166
149
183
219
222
202
214
262
304
302
250
276
296
312
317
294
310
365
367
367
372
374
394
422
417
429
456
480
486
431
426
425
403
373
336
317
295
282
251
200
190
188
167
140
128
154
125
103
73
6
-14
-39
-70
-94
-88
-61
-59
-58
-82
-88
-105
-142
-184
-220
-228
-261
-285
-302
-312
-332
-365
-381
-392
-357
-350
-332
-286
-255
-255
-250
-279
-318
-351
-370
-385
-397
-399
-377
-344
-339
-334
-333
-337
-311
-314
-347
-342
-336
-322
-304
-271
-232
-205
-176
-149
-107
-95
-105
-90
-93
-94
-116
-146
-116
-30
11
44
98
149
212
265
288
291
290
306
291
313
311
306
316
298
312
323
317
325
348
388
407
408
416
438
457
496
487
460
439
413
371
361
391
385
408
393
394
370
331
287
225
189
129
99
72
99
106
99
66
44
38
-3
-24
-38
-56
-101
-139
-168
-162
-169
-154
-137
-129
-116
-85
-116
-149
-214
-294
-342
-396
-424
-444
-453
-430
-372
-324
-283
-271
-280
-269
-308
-369
-404
-427
-421
-416
-423
-422
-387
-343
-329
-314
-315
-285
-232
-225
-236
-256
-263
-237
-224
-185
-162
-148
-77
-37
-26
-40
-41
-35
-22
1
24
35
41
89
143
177
196
190
187
187
204
262
254
266
295
330
348
332
305
276
275
281
289
276
315
348
383
405
381
371
370
352
332
320
303
309
313
311
325
336
351
306
262
240
193
140
108
68
58
92
81
92
98
106
109
74
36
-26
-58
-103
-161
-173
-199
-193
-195
-186
-177
-195
-196
-204
-205
-217
-247
-289
-302
-317
-323
-311
-309
-318
-297
-265
-286
-314
-331
-360
-335
-334
-307
-285
-250
-205
-202
-187
-211
-220
-235
-230
-240
-244
-210
-176
-157
-129
-81
-71
-59
-47
-47
-19
-26
-38
-42
-40
-39
-66
-63
-37
5
39
106
139
165
200
204
201
192
182
181
188
190
231
265
280
288
286
294
286
248
246
249
250
258
272
256
250
297
318
310
337
353
342
326
299
283
253
220
182
162
150
140
135
130
128
117
131
109
91
68
28
7
-17
-35
-47
-56
-88
-84
-86
-124
-142
-150
-150
-151
-172
-208
-220
-220
-229
-235
-258
-250
-277
-315
-307
-309
-324
-329
-333
-329
-323
-321
-343
-317
-280
-273
-274
-292
-275
-278
-258
-282
-276
-256
-236
-197
-199
-191
-155
-140
-126
-96
-82
-63
-51
-43
-30
-11
-16
-4
5
19
21
54
75
67
68
80
113
117
131
155
225
280
304
322
328
340
302
272
272
274
287
292
299
307
312
308
308
284
305
314
313
291
272
249
269
267
238
242
239
261
236
201
185
196
171
156
147
150
150
132
108
97
66
31
14
-19
-28
-52
-65
-98
-111
-131
-129
-150
-180
-187
-208
-226
-229
-220
-230
-246
-258
-255
-245
-243
-241
-259
-250
-261
-305
-314
-332
-328
-320
-322
-307
-258
-242
-233
-231
-229
-232
-258
-256
-271
-273
-280
-272
-264
-229
-191
-167
-158
-114
-99
-99
-83
-81
-53
-55
-57
-50
-30
-16
-9
8
24
63
101
129
134
130
126
129
126
117
118
140
183
177
200
213
223
223
228
257
248
270
259
275
287
301
296
295
306
325
331
335
338
335
331
308
284
247
218
214
233
222
214
199
203
209
202
168
129
126
109
89
63
53
30
4
-13
-45
-37
-43
-54
-45
-56
-54
-76
-112
-151
-168
-178
-219
-226
-259
-266
-251
-248
-266
-284
-281
-278
-286
-277
-275
-282
-251
-239
-226
-235
-235
-231
-250
-264
-285
-278
-276
-263
-251
-246
-213
-202
-189
-149
-135
-122
-110
-109
-114
-93
-92
-85
-84
-75
-42
-25
-8
-19
-10
-22
-11
-2
11
25
45
49
79
97
106
138
164
187
192
201
189
195
192
169
177
177
169
198
227
272
299
304
319
324
299
275
252
235
233
235
258
241
248
240
218
217
206
203
192
175
174
166
142
132
111
75
71
65
39
22
18
-4
-26
-38
-55
-57
-75
-66
-64
-77
-90
-106
-119
-135
-159
-162
-165
-192
-171
-173
-181
-195
-219
-245
-255
-248
-244
-238
-221
-220
-209
-210
-220
-223
-252
-248
-254
-233
-216
-210
-184
-178
-178
-159
-151
-152
-146
-160
-156
-160
-146
-135
-140
-116
-93
-99
-87
-63
-71
-47
-18
-5
23
23
26
35
28
29
41
47
66
97
130
156
178
181
189
181
184
169
161
162
182
182
195
222
216
236
246
262
268
289
303
290
273
262
241
224
234
232
245
261
253
242
239
228
209
195
157
135
120
104
107
93
108
101
88
82
58
25
-2
-6
-26
-48
-50
-79
-76
-70
-101
-120
-139
-157
-167
-181
-202
-200
-213
-246
-242
-230
-233
-242
-254
-267
-265
-234
-231
-246
-242
-236
-255
-254
-238
-238
-210
-188
-178
-163
-170
