4
1
-15
-5
6
8
6
-3
7
6
11
21
19
10
2
-3
3
-4
-2
-5
4
22
20
24
8
-2
-11
3
11
3
11
13
9
12
9
0
13
9
6
-10
-3
3
10
11
6
14
1
11
-7
-6
-6
-8
1
13
1
-9
-5
-6
-4
-14
-3
-18
-13
-14
-4
-16
-26
-10
-20
-16
-19
-20
-14
-4
10
10
5
25
18
9
15
25
21
14
18
26
21
9
11
15
10
7
14
15
3
11
5
-9
5
2
-8
-10
3
2
0
6
3
8
-6
-10
4
-8
-5
3
-7
-2
-18
-12
8
1
3
-4
-2
-4
-1
-5
-13
-4
-15
-28
-9
-15
-13
-17
-23
-10
-11
-10
-5
-15
-18
-9
-17
-14
-8
-10
-19
-24
-17
-2
-3
-8
2
8
4
-3
2
-2
-12
9
18
17
20
25
11
13
17
16
11
6
7
-5
-1
-7
-29
-16
-10
-12
9
12
24
27
29
16
4
0
-1
-6
-9
-12
-12
10
25
23
25
12
-4
2
-10
8
17
11
1
-2
-1
-4
10
10
12
16
16
3
3
24
3
-21
2
-2
-7
12
-5
-5
-15
-38
-22
-35
-89
-137
-157
-168
-177
-139
-125
-132
-66
-42
-13
66
97
107
122
111
148
220
192
93
40
-5
38
100
100
137
163
215
327
385
382
365
328
244
205
182
97
14
-103
-232
-228
-180
-161
-175
-197
-173
-92
27
0
-55
-92
-160
-205
-266
-345
-409
-478
-542
-547
-541
-533
-518
-517
-479
-374
-271
-199
-132
-104
-82
12
64
56
42
28
42
86
72
79
125
157
226
273
328
444
531
574
618
641
649
632
575
499
472
436
326
240
153
102
114
99
79
79
112
164
222
249
250
233
225
191
133
88
40
-27
-75
-112
-142
-118
-111
-106
-89
-33
15
53
78
28
-16
-64
-120
-223
-333
-482
-600
-703
-835
-937
-1025
-1075
-1111
-1120
-1088
-1058
-1044
-1029
-988
-915
-821
-713
-632
-555
-425
-277
-152
1
122
221
377
529
681
850
980
1057
1115
1179
1202
1260
1299
1297
1234
1167
1133
1036
935
829
713
602
520
446
361
270
181
103
31
-40
-99
-133
-131
-163
-189
-170
-179
-149
-128
-100
-57
-45
-13
34
60
107
143
189
225
231
266
284
253
214
128
11
-122
-259
-413
-576
-723
-940
-1104
-1290
-1494
-1645
-1781
-1851
-1916
-1964
-1964
-1930
-1866
-1817
-1719
-1619
-1498
-1269
-1034
-738
-413
-161
97
345
611
902
1171
1404
1604
1778
1897
2047
2105
2123
2133
2095
2072
2037
1951
1866
1756
1610
1462
1296
1113
903
671
422
210
-4
-179
-353
-501
-597
-666
-680
-631
-587
-548
-488
-402
-302
-241
-137
-53
31
146
260
364
439
455
431
433
441
417
340
266
181
82
-44
-208
-385
-583
-815
-1026
-1273
-1507
-1712
-1955
-2187
-2406
-2573
-2653
-2706
-2698
-2681
-2622
-2500
-2343
-2109
-1874
-1591
-1280
-951
-536
-160
211
583
914
1243
1552
1844
2080
2331
2547
2664
2781
2842
2837
2842
2811
2753
2680
2566
2406
2222
1981
1728
1479
1185
919
646
358
105
-147
-383
-582
-736
-872
-945
-953
-965
-929
-876
-815
-696
-588
-478
-340
-269
-164
-52
63
157
244
276
298
309
294
301
257
151
25
-92
-230
-354
-484
-724
-956
-1123
-1348
-1505
-1691
-1940
-2168
-2397
-2570
-2705
-2828
-2871
-2867
-2823
-2744
-2567
-2361
-2137
-1850
-1584
-1247
-869
-441
-44
349
687
1045
1462
1779
2075
2354
2566
2786
2947
3043
3100
3089
3062
3039
2973
2905
2822
2654
2443
2265
2029
1765
1508
1192
887
581
304
50
-230
-474
-684
-871
-1014
-1101
-1128
-1133
-1091
-1038
-961
-861
-738
-622
-508
-372
-191
-41
53
149
196
246
254
265
286
250
234
191
81
2
-100
-248
-392
-553
-740
-947
-1154
-1342
-1609
-1866
-2104
-2345
-2554
-2747
-2875
-2939
-2948
-2863
-2758
-2599
-2428
-2217
-1960
-1689
-1352
-1004
-636
-270
56
399
768
1077
1365
1647
1931
2196
2464
2679
2870
3011
3109
3167
3196
3189
3144
3075
2931
2771
2585
2365
2138
1839
1508
1227
925
618
319
16
-252
-484
-693
-874
-1010
-1092
-1154
-1162
-1159
-1137
-1093
-1015
-931
-818
-694
-550
-385
-286
-178
-61
-16
39
100
108
84
84
67
-30
-89
-159
-266
-383
-546
-633
-759
-919
-1038
-1277
-1504
-1700
-1947
-2194
-2392
-2555
-2690
-2734
-2762
-2764
-2657
-2551
-2389
-2171
-1927
-1620
-1278
-959
-630
-227
103
468
803
1045
1337
1627
1855
2101
2332
2562
2780
2941
3064
3159
3263
3270
3270
3213
3132
3089
2938
2745
2507
2193
1895
1594
1231
867
526
200
-118
-386
-620
-806
-917
-1035
-1117
-1186
-1235
-1227
-1190
-1155
-1105
-1056
-1005
-874
-807
-763
-626
-542
-522
-398
-335
-301
-230
-237
-247
-239
-270
-314
-394
-504
-553
-655
-790
-912
-1056
-1291
-1498
-1668
-1898
-2068
-2213
-2399
-2459
-2501
-2456
-2359
-2362
-2298
-2155
-2006
-1805
-1493
-1232
-976
-669
-378
-77
305
602
858
1148
1401
1686
1983
2235
2436
2611
2798
3011
3156
3271
3395
3439
3429
3416
3333
3192
3028
2761
2479
2191
1887
1566
1226
870
538
235
-50
-287
-508
-716
-875
-993
-1117
-1202
-1222
-1250
-1249
-1226
-1211
-1171
-1112
-1114
-1100
-1105
-1079
-1052
-1035
-1015
-989
-930
-871
-817
-864
-824
-735
-777
-803
-820
-918
-1013
-1068
-1238
-1416
-1521
-1633
-1744
-1920
-2090
-2183
-2210
-2266
-2299
-2326
-2304
-2114
-1962
-1856
-1601
-1323
-1098
-785
-506
-246
57
377
640
867
1156
1473
1790
2047
2262
2517
2781
3080
3305
3415
3591
3772
3852
3863
3852
3745
3610
3399
3093
2807
2550
2233
1873
1485
1122
851
558
266
-33
-333
-568
-727
-949
-1154
-1303
-1443
-1566
-1670
-1775
-1825
-1870
-1941
-1947
-1962
-1953
-1883
-1859
-1857
-1754
-1638
-1513
-1378
-1309
-1241
-1099
-996
-948
-919
-916
-914
-955
-1102
-1236
-1319
-1464
-1575
-1728
-1902
-1944
-1958
-2010
-2034
-2004
-1956
-1841
-1695
-1519
-1261
-1019
-788
-519
-304
-33
271
510
721
1012
1284
1580
1914
2103
2313
2609
2855
3092
3277
3463
3654
3788
3869
3877
3829
3759
3636
3404
3135
2842
2512
2136
1757
1340
988
670
323
-20
-302
-546
-753
-966
-1247
-1457
-1574
-1728
-1882
-2010
-2110
-2177
-2256
-2343
-2407
-2358
-2310
-2246
-2115
-2019
-1848
-1648
-1425
-1314
-1274
-1075
-927
-870
-799
-721
-764
-755
-750
-891
-992
-1077
-1205
-1387
-1594
-1695
-1754
-1853
-1889
-1910
-1930
-1745
-1544
-1496
-1344
-1075
-778
-504
-202
68
363
669
900
1039
1241
1546
1727
1963
2197
2447
2816
3175
3424
3625
3804
4012
4216
4211
4134
4072
3922
3633
3293
2873
2499
2184
1755
1277
883
518
171
-161
-503
-817
-1036
-1208
-1390
-1591
-1787
-1909
-2046
-2234
-2372
-2478
-2580
-2637
-2733
-2784
-2711
-2605
-2499
-2406
-2197
-1921
-1634
-1433
-1232
-984
-812
-620
-438
-413
-387
-281
-355
-474
-622
-820
-989
-1213
-1443
-1554
-1664
-1787
-1803
-1851
-1860
-1671
-1492
-1349
-1096
-815
-573
-271
-21
123
292
491
635
820
1008
1190
1508
1755
1980
2290
2566
2864
3175
3342
3532
3787
3916
3962
3955
3828
3667
3464
3144
2807
2402
2035
1674
1289
949
647
331
47
-176
-433
-602
-702
-849
-1044
-1244
-1376
-1521
-1710
-1919
-2070
-2237
-2400
-2471
-2580
-2614
-2511
-2410
-2339
-2159
-1930
-1738
-1461
-1239
-1095
-860
-663
-577
-530
-589
-614
-633
-825
-996
-1120
-1399
-1524
-1596
-1823
-1860
-1918
-1999
-1910
-1819
-1676
-1512
-1329
-1102
-846
-612
-380
-89
133
316
503
677
847
1091
1292
1479
1756
2021
2279
2604
2844
3113
3404
3590
3784
3917
3982
3986
3864
3691
3487
3151
2778
2394
1973
1555
1188
841
492
205
-75
-335
-515
-716
-864
-973
-1104
-1211
-1319
-1460
-1581
-1707
-1908
-2089
-2192
-2321
-2451
-2499
-2499
-2380
-2264
-2161
-1935
-1703
-1501
-1210
-1065
-955
-733
-634
-573
-514
-552
-570
-620
-773
-939
-1146
-1391
-1565
-1758
-1923
-2018
-2072
-2040
-1982
-1861
-1703
-1494
-1230
-937
-678
-389
-237
-75
210
389
496
707
881
1080
1372
1643
1880
2178
2479
2829
3151
3442
3759
3906
4035
4178
4137
4058
4004
3784
3465
3126
2762
2356
1934
1495
1022
609
280
21
-244
-517
-707
-879
-1049
-1159
-1280
-1495
-1627
-1761
-1941
-2104
-2247
-2375
-2498
-2624
-2682
-2637
-2576
-2455
-2311
-2199
-1984
-1700
-1443
-1219
-999
-738
-620
-457
-317
-327
-343
-417
-496
-620
-849
-1036
-1232
-1501
-1666
-1683
-1776
-1865
-1801
-1767
-1680
-1481
-1326
-1118
-889
-697
-422
-218
-28
209
364
482
725
932
1146
1430
1652
1823
2071
2359
2607
2852
3106
3318
3556
3780
3909
3969
3965
3883
3698
3451
3174
2869
2462
2043
1604
1187
860
534
220
-49
-288
-500
-683
-869
-1057
-1212
-1367
-1520
-1660
-1833
-2027
-2181
-2359
-2528
-2598
-2676
-2758
-2721
-2688
-2596
-2368
-2171
-1958
-1687
-1478
-1203
-870
-765
-590
-427
-469
-363
-338
-502
-552
-661
-952
-1147
-1327
-1538
-1621
-1715
-1835
-1834
-1764
-1654
-1448
-1273
-1120
-777
-516
-283
34
220
413
669
796
926
1169
1330
1501
1683
1828
2088
2417
2629
2894
3146
3342
3630
3830
3869
3900
3890
3774
3596
3322
2984
2652
2266
1871
1430
961
607
266
-102
-358
-561
-765
-929
-1101
-1252
-1359
-1414
-1570
-1740
-1881
-2040
-2139
-2289
-2465
-2543
-2608
-2688
-2620
-2540
-2498
-2246
-1986
-1768
-1448
-1179
-972
-685
-489
-431
-310
-206
-248
-266
-376
-495
-579
-712
-936
-1086
-1209
-1356
-1355
-1415
-1482
-1429
-1366
-1307
-1162
-1099
-988
-726
-562
-431
-232
-57
154
369
464
641
932
1123
1329
1534
1784
2107
2367
2598
2841
3126
3365
3603
3706
3732
3781
3742
3604
3417
3156
2837
2560
2182
1782
1421
1040
721
390
52
-227
-437
-650
-860
-1041
-1242
-1334
-1467
-1626
-1781
-1972
-2100
-2239
-2391
-2520
-2586
-2636
-2636
-2558
-2521
-2382
-2119
-1900
-1722
-1412
-1162
-960
-645
-512
-468
-264
-165
-214
-206
-285
-399
-400
-593
-814
-872
-1001
-1095
-1127
-1293
-1358
-1296
-1291
-1243
-1147
-1112
-934
-717
-626
-453
-274
-155
37
185
277
515
787
968
1127
1333
1588
1974
2278
2483
2767
3011
3240
3473
3579
3625
3688
3653
3554
3375
3087
2857
2602
2219
1834
1445
1127
856
502
129
-129
-298
-485
-697
-946
-1175
-1315
-1471
-1663
-1830
-2024
-2209
-2302
-2451
-2614
-2643
-2672
-2691
-2622
-2551
-2393
-2160
-1959
-1800
-1517
-1215
-987
-735
-505
-400
-278
-129
-121
-149
-144
-164
-196
-268
-388
-452
-547
-607
-677
-782
-844
-886
-935
-997
-987
-941
-939
-869
-757
-633
-462
-294
-116
5
144
343
521
715
940
1127
1315
1601
1904
2147
2383
2635
2828
2982
3175
3304
3335
3353
3294
3184
3019
2871
2640
2329
2047
1747
1432
1100
845
522
177
-88
-307
-527
-762
-935
-1118
-1331
-1458
-1615
-1806
-1964
-2122
-2286
-2414
-2507
-2573
-2524
-2535
-2507
-2345
-2185
-1961
-1769
-1551
-1272
-1032
-817
-601
-454
-319
-182
-97
-67
-34
-37
-45
-27
-128
-235
-318
-423
-562
-657
-809
-1002
-1060
-1168
-1260
-1304
-1363
-1324
-1220
-1187
-1076
-891
-792
-659
-438
-271
-50
267
556
783
1039
1272
1582
1880
2098
2361
2588
2827
3056
3246
3342
3419
3458
3426
3334
3238
3090
2926
2661
2393
2147
1847
1554
1250
881
560
284
-19
-272
-540
-799
-977
-1151
-1383
-1576
-1788
-1961
-2095
-2219
-2307
-2374
-2433
-2457
-2432
-2359
-2270
-2104
-1911
-1800
-1546
-1318
-1137
-889
-794
-663
-461
-397
-328
-236
-271
-223
-174
-211
-182
-326
-466
-460
-665
-842
-900
-1166
-1328
-1379
-1556
-1572
-1549
-1523
-1487
-1530
-1329
-1047
-948
-673
-359
-250
62
494
721
945
1192
1438
1727
1955
2238
2482
2591
2806
3056
3106
3239
3450
3441
3340
3354
3349
3209
3078
2838
2508
2245
1972
1640
1212
770
462
137
-247
-479
-699
-989
-1123
-1260
-1512
-1615
-1653
-1822
-1982
-2065
-2131
-2177
-2262
-2308
-2300
-2272
-2121
-1884
-1869
-1785
-1516
-1417
-1261
-1059
-895
-790
-632
-510
-424
-295
-204
-183
-201
-158
-122
-163
-315
-422
-617
-782
-894
-1104
-1280
-1390
-1446
-1515
-1468
-1364
-1310
-1187
-976
-785
-578
-315
-114
88
292
525
820
1023
1143
1315
1480
1635
1908
2032
2140
2382
2574
2744
2929
3004
3055
3104
3077
3036
2954
2801
2657
2385
2026
1766
1463
1065
757
444
105
-106
-270
-453
-641
-786
-864
-962
-1056
-1132
-1244
-1379
-1457
-1515
-1644
-1722
-1727
-1825
-1892
-1819
-1786
-1748
-1649
-1567
-1468
-1304
-1121
-1006
-907
-757
-640
-573
-479
-391
-415
-434
-346
-368
-463
-508
-681
-879
-1028
-1178
-1318
-1471
-1625
-1629
-1667
-1654
-1453
-1379
-1288
-1063
-848
-626
-374
-155
19
201
407
590
794
937
1021
1134
1277
1500
1748
1889
2051
2301
2509
2714
2952
3056
3165
3240
3181
3138
3048
2837
2620
2344
1980
1702
1420
1068
794
492
183
24
-120
-312
-418
-523
-589
-642
-707
-795
-897
-1024
-1151
-1274
-1469
-1591
-1679
-1855
-1947
-1900
-1930
-1880
-1727
-1672
-1552
-1313
-1174
-1035
-906
-829
-715
-626
-596
-563
-598
-694
-697
-751
-870
-875
-971
-1173
-1193
-1243
-1395
-1404
-1515
-1618
-1527
-1430
-1335
-1194
-1095
-923
-676
-561
-329
-136
-55
55
247
338
495
730
803
862
1021
1210
1429
1676
1819
2030
2286
2546
2809
2938
2965
3056
3091
3021
3005
2866
2640
2455
2190
1915
1696
1455
1218
958
725
597
510
396
298
183
95
75
-2
-176
-382
-524
-720
-928
-1158
-1391
-1569
-1691
-1816
-1906
-1846
-1794
-1781
-1686
-1644
-1628
-1427
-1329
-1416
-1320
-1210
-1230
-1165
-1131
-1199
-1224
-1254
-1247
-1243
-1300
-1278
-1264
-1372
-1343
-1251
-1335
-1378
-1376
-1446
-1418
-1271
-1170
-1075
-1007
-861
-701
-597
-440
-312
-206
-75
75
227
370
578
737
802
948
1191
1437
1614
1810
2001
2237
2499
2698
2826
2931
3005
3029
3051
2995
2908
2807
2614
2412
2252
2070
1895
1678
1453
1264
1120
1014
869
721
595
448
362
223
51
-163
-381
-626
-920
-1199
-1440
-1650
-1867
-2047
-2155
-2212
-2226
-2248
-2217
-2128
-2000
-1802
-1687
-1602
-1495
-1378
-1302
-1271
-1291
-1302
-1285
-1311
-1317
-1295
-1298
-1297
-1325
-1356
-1321
-1232
-1223
-1206
-1270
-1351
-1239
-1179
-1140
-1044
-994
-877
-687
-587
-469
-378
-275
-174
-62
84
293
466
564
701
880
1138
1429
1666
1840
2059
2386
2698
2944
3123
3256
3349
3397
3373
3333
3231
3077
2882
2650
2437
2295
2068
1818
1638
1415
1287
1172
997
781
584
451
293
63
-204
-497
-806
-1090
-1372
-1635
-1914
-2141
-2342
-2514
-2611
-2593
-2579
-2539
-2418
-2290
-2120
-1921
-1771
-1679
-1546
-1429
-1326
-1251
-1254
-1227
-1218
-1249
-1220
-1197
-1162
-1108
-1174
-1228
-1128
-1155
-1127
-1058
-1226
-1294
-1197
-1122
-1078
-1076
-1097
-1015
-933
-842
-676
-621
-540
-365
-231
-84
159
383
511
701
952
1264
1673
1957
2175
2457
2770
3070
3293
3421
3508
3616
3596
3553
3550
3390
3254
3107
2863
2688
2529
2285
2033
1798
1574
1419
1260
1038
848
573
344
167
-152
-494
-835
-1181
-1490
-1787
-2042
-2285
-2432
-2618
-2758
-2771
-2711
-2679
-2637
-2449
-2292
-2123
-1848
-1643
-1677
-1595
-1406
-1418
-1411
-1267
-1291
-1307
-1227
-1224
-1187
-1132
-1132
-1065
-1133
-1178
-1072
-1100
-1164
-1202
-1258
-1252
-1161
-1110
-1159
-1141
-1042
-979
-902
-764
-715
-588
-393
-285
-56
230
428
678
877
1095
1506
1840
2109
2425
2706
2979
3292
3463
3572
3665
3715
3701
3658
3590
3477
3291
3053
2853
2666
2452
2235
2025
1750
1534
1399
1183
920
683
436
209
-4
-321
-629
-978
-1304
-1581
-1927
-2177
-2333
-2545
-2726
-2842
-2897
-2803
-2697
-2600
-2449
-2318
-2133
-1897
-1800
-1736
-1641
-1557
-1496
-1459
-1412
-1373
-1378
-1303
-1284
-1315
-1223
-1180
-1193
-1123
-1070
-1044
-997
-969
-1060
-1124
-1114
-1082
-1065
-1098
-1106
-1042
-971
-911
-775
-704
-583
-380
-205
12
289
576
790
1034
1297
1606
1978
2268
2542
2837
3083
3355
3545
3594
3678
3721
3711
3680
3585
3498
3378
3194
2986
2793
2579
2395
2161
1926
1712
1512
1330
1063
780
503
216
-59
-405
-824
-1199
-1523
-1826
-2121
-2362
-2560
-2696
-2796
-2858
-2822
-2781
-2706
-2550
-2450
-2323
-2127
-1979
-1919
-1819
-1694
-1727
-1766
-1675
-1670
-1719
-1624
-1562
-1532
-1384
-1263
-1232
-1225
-1179
-1040
-1049
-1104
-1093
-1169
-1220
-1148
-1097
-1136
-1145
-1069
-1009
-944
-794
-676
-593
-393
-182
16
322
653
892
1131
1389
1722
2058
2311
2572
2837
3065
3292
3515
3637
3714
3774
3757
3693
3637
3562
3426
3270
3066
2843
2656
2449
2187
1926
1660
1462
1254
959
683
377
61
-169
-492
-850
-1134
-1424
-1791
-2089
-2342
-2545
-2711
-2857
-2864
-2875
-2873
-2735
-2576
-2521
-2321
-2043
-2006
-1858
-1657
-1718
-1671
-1561
-1627
-1606
-1590
-1603
-1520
-1570
-1496
-1295
-1348
-1353
-1131
-1165
-1209
-1054
-1084
-1232
-1161
-1083
-1132
-1111
-1090
-1060
-984
-878
-770
-634
-543
-330
-32
111
424
806
950
1170
1567
1822
2165
2550
2761
2964
3227
3427
3582
3613
3660
3742
3683
3592
3563
3455
3254
3132
2977
2701
2524
2371
2107
1891
1718
1471
1233
998
665
343
42
-244
-534
-912
-1246
-1506
-1807
-2061
-2237
-2417
-2607
-2652
-2722
-2780
-2715
-2644
-2570
-2470
-2326
-2138
-2002
-1951
-1782
-1739
-1767
-1556
-1559
-1680
-1605
-1578
-1584
-1488
-1445
-1353
-1268
-1265
-1099
-1058
-1109
-1028
-1056
-1217
-1219
-1180
-1209
-1262
-1241
-1209
-1207
-1063
-879
-768
-605
-396
-186
81
341
627
873
1088
1411
1735
2012
2368
2597
2733
3017
3282
3443
3580
3637
3645
3655
3649
3613
3522
3387
3284
3119
2906
2774
2596
2364
2097
1892
1621
1379
1159
829
454
126
-160
-489
-805
-1143
-1425
-1695
-1937
-2072
-2289
-2502
-2572
-2657
-2684
-2560
-2550
-2521
-2362
-2265
-2259
-2092
-1952
-1948
-1866
-1772
-1678
-1740
-1722
-1635
-1635
-1639
-1487
-1365
-1343
-1293
-1236
-1253
-1284
-1190
-1155
-1350
-1408
-1303
-1403
-1408
-1286
-1321
-1345
-1217
-1062
-969
-849
-612
-374
-190
71
425
685
954
1269
1509
1758
2105
2445
2630
2851
3158
3335
3503
3742
3824
3767
3786
3779
3741
3618
3518
3387
3137
2927
2785
2584
2322
2085
1808
1523
1277
1026
687
340
37
-288
-605
-870
-1173
-1493
-1731
-1924
-2111
-2317
-2488
-2570
-2671
-2730
-2620
-2582
-2569
-2467
-2389
-2272
-2121
-2056
-1986
-1838
-1796
-1760
-1678
-1647
-1643
-1593
-1599
-1576
-1427
-1393
-1398
-1292
-1259
-1266
-1236
-1261
-1333
-1416
-1425
-1461
-1439
-1429
-1416
-1288
-1181
-1042
-852
-684
-481
-214
11
245
585
822
1000
1233
1434
1715
2057
2325
2517
2754
3014
3262
3420
3544
3658
3712
3787
3796
3713
3607
3516
3323
3145
2959
2755
2532
2295
2030
1747
1494
1243
1027
746
490
246
-25
-290
-597
-858
-1119
-1393
-1632
-1835
-2036
-2221
-2402
-2526
-2572
-2677
-2694
-2606
-2546
-2501
-2336
-2228
-2188
-2090
-2052
-2045
-1969
-1908
-1920
-1870
-1845
-1757
-1663
-1632
-1598
-1545
-1545
-1435
-1340
-1429
-1438
-1451
-1520
-1426
-1370
-1328
-1215
-1145
-1001
-816
-639
-452
-244
-58
132
364
591
817
1012
1169
1296
1503
1770
2006
2206
2446
2669
2914
3122
3325
3495
3567
3624
3658
3625
3527
3477
3333
3136
2941
2689
2529
2320
2039
1761
1533
1337
1159
971
697
442
251
35
-214
-423
-664
-927
-1116
-1342
-1610
-1839
-2100
-2322
-2494
-2584
-2622
-2657
-2656
-2614
-2566
-2490
-2315
-2261
-2235
-2101
-2003
-1986
-1905
-1833
-1878
-1854
-1783
-1769
-1700
-1620
-1656
-1645
-1642
-1637
-1568
-1595
-1662
-1604
-1518
-1398
-1223
-1155
-1022
-805
-615
-425
-195
8
148
264
435
568
735
915
1054
1265
1459
1756
2074
2229
2421
2675
2847
3100
3368
3467
3583
3670
3627
3670
3629
3466
3352
3136
2866
2710
2508
2236
2020
1793
1587
1436
1304
1140
965
772
573
410
156
-118
-409
-728
-1065
-1301
-1607
-1953
-2148
-2426
-2644
-2664
-2717
-2753
-2693
-2662
-2631
-2503
-2422
-2310
-2211
-2233
-2121
-2000
-2106
-2110
-2036
-2117
-2101
-1984
-2024
-1929
-1814
-1861
-1737
-1684
-1654
-1525
-1542
-1532
-1362
-1276
-1173
-957
-849
-749
-518
-339
-243
-58
107
210
377
555
720
913
1080
1198
1397
1652
1914
2209
2380
2628
2940
3130
3318
3528
3565
3581
3701
3610
3499
3435
3289
3102
2925
2729
2581
2404
2171
2023
1781
1558
1426
1265
998
786
627
384
143
-81
-395
-726
-1026
-1369
-1654
-1985
-2283
-2441
-2639
-2790
-2819
-2847
-2860
-2806
-2715
-2565
-2443
-2347
-2246
-2147
-2106
-2107
-1969
-2003
-2132
-1974
-1933
-2063
-1867
-1744
-1901
-1788
-1635
-1616
-1533
-1430
-1362
-1328
-1253
-1077
-928
-920
-814
-550
-479
-372
-112
-36
12
212
368
414
638
854
942
1074
1277
1589
1873
2078
2362
2640
2828
3145
3383
3361
3484
3612
3553
3515
3502
3361
3170
3051
2885
2669
2480
2341
2156
1935
1803
1723
1563
1322
1217
1055
771
642
415
-26
-350
-605
-970
-1331
-1637
-1936
-2248
-2472
-2591
-2727
-2836
-2819
-2733
-2734
-2714
-2564
-2435
-2426
-2351
-2260
-2309
-2284
-2175
-2253
-2269
-2137
-2156
-2100
-1962
-1937
-1849
-1731
-1686
-1531
-1448
-1405
-1318
-1339
-1282
-1128
-1062
-1034
-837
-720
-676
-488
-283
-195
-59
127
242
380
622
814
985
1143
1347
1619
1886
2133
2399
2634
2826
3132
3262
3372
3505
3581
3595
3554
3585
3541
3388
3260
3132
2889
2714
2581
2372
2130
1975
1800
1555
1374
1214
933
670
506
223
-119
-364
-670
-997
-1301
-1583
-1833
-2107
-2359
-2495
-2659
-2796
-2765
-2742
-2765
-2750
-2604
-2475
-2559
-2486
-2314
-2393
-2322
-2107
-2204
-2249
-2108
-2131
-2098
-1993
-1989
-1949
-1866
-1736
-1618
-1590
-1575
-1466
-1403
-1348
-1203
-1081
-1011
-803
-572
-518
-378
-125
-29
90
302
396
549
731
842
1021
1189
1398
1723
1951
2176
2498
2756
2933
3226
3427
3501
3626
3705
3673
3636
3623
3511
3333
3155
2976
2779
2540
2346
2183
1938
1742
1626
1392
1145
1014
794
595
391
145
-173
-432
-723
-1104
-1412
-1671
-1901
-2254
-2495
-2622
-2730
-2849
-2834
-2807
-2925
-2789
-2597
-2575
-2480
-2345
-2341
-2247
-2192
-2175
-2098
-2141
-2085
-1992
-2048
-1988
-1884
-1932
-1879
-1810
-1785
-1689
-1651
-1598
-1462
-1322
-1149
-1008
-909
-749
-560
-361
-160
-3
132
276
406
563
673
832
1033
1087
1257
1490
1729
2049
2307
2562
2845
3093
3352
3580
3633
3665
3693
3654
3593
3486
3334
3129
2928
2739
2520
2325
2179
1946
1736
1600
1436
1286
1091
899
763
562
323
119
-180
-513
-807
-1144
-1458
-1712
-1993
-2278
-2467
-2630
-2703
-2750
-2721
-2677
-2642
-2533
-2418
-2322
-2219
-2178
-2179
-2120
-2091
-2050
-2044
-2135
-2097
-2020
-2060
-2001
-1987
-2004
-1855
-1796
-1816
-1698
-1671
-1606
-1442
-1296
-1133
-981
-816
-615
-415
-252
-85
75
200
314
464
602
736
922
1063
1176
1399
1650
1929
2151
2365
2622
2894
3096
3273
3474
3518
3524
3566
3522
3428
3344
3131
2863
2674
2526
2330
2120
1912
1725
1564
1413
1306
1160
981
819
633
392
196
-1
-318
-625
-893
-1227
-1468
-1647
-1926
-2182
-2275
-2344
-2444
-2414
-2434
-2446
-2339
-2258
-2221
-2121
-2097
-2099
-2015
-2075
-2061
-1988
-2096
-2066
-2005
-2134
-2058
-1985
-2053
-1987
-1941
-1975
-1873
-1835
-1779
-1606
-1484
-1404
-1267
-1113
-962
-690
-489
-349
-143
54
122
318
524
597
837
1013
1149
1405
1660
1892
2169
2359
2587
2883
3056
3263
3463
3534
3582
3652
3609
3508
3422
3294
3058
2837
2673
2437
2216
1976
1735
1544
1351
1181
1053
821
657
568
354
188
44
-269
-527
-741
-1087
-1360
-1603
-1846
-2086
-2277
-2353
-2422
-2434
-2373
-2367
-2328
-2188
-2150
-2035
-1964
-2010
-1907
-1902
-1946
-1851
-1910
-1955
-1834
-1864
-1878
-1850
-1879
-1786
-1784
-1827
-1703
-1718
-1715
-1554
-1487
-1379
-1210
-1070
-927
-757
-587
-357
-224
-63
141
227
377
568
736
858
951
1098
1349
1549
1822
2040
2244
2556
2801
3013
3220
3340
3441
3482
3412
3394
3303
3144
3017
2817
2560
2374
2171
1974
1772
1555
1387
1219
1037
843
651
477
363
164
-59
-265
-458
-686
-967
-1124
-1359
-1673
-1821
-1929
-2127
-2219
-2170
-2196
-2201
-2147
-2023
-1954
-1878
-1762
-1756
-1757
-1673
-1637
-1671
-1664
-1647
-1669
-1706
-1660
-1758
-1832
-1807
-1840
-1833
-1821
-1820
-1791
-1736
-1692
-1538
-1426
-1325
-1100
-975
-888
-621
-439
-299
-93
34
179
385
585
775
857
1036
1258
1461
1729
1958
2172
2439
2697
2966
3145
3296
3508
3560
3502
3524
3470
3309
3232
2995
2757
2569
2293
2087
1792
1525
1401
1199
968
838
655
448
332
204
7
-172
-309
-531
-832
-1070
-1303
-1574
-1744
-1899
-2077
-2179
-2201
-2134
-2124
-2138
-2003
-1902
-1840
-1643
-1631
-1672
-1552
-1626
-1674
-1598
-1706
-1713
-1691
-1743
-1820
-1900
-1875
-1869
-1962
-2008
-1966
-1954
-1895
-1789
-1649
-1523
-1388
-1153
-1011
-907
-613
-413
-310
-97
68
213
434
619
756
839
1002
1319
1568
1759
2036
2268
2529
2821
3018
3166
3254
3350
3416
3330
3329
3313
3132
2994
2816
2566
2389
2189
1954
1728
1428
1283
1145
900
766
629
399
262
174
-27
-185
-350
-521
-765
-981
-1175
-1413
-1596
-1759
-1864
-1961
-2023
-1963
-1904
-1953
-1823
-1604
-1626
-1555
-1385
-1390
-1407
-1324
-1338
-1452
-1491
-1521
-1542
-1672
-1791
-1790
-1902
-2018
-1971
-2011
-2131
-2081
-2010
-1989
-1874
-1678
-1557
-1432
-1190
-998
-810
-589
-369
-244
-100
113
370
543
668
891
1041
1254
1598
1880
2053
2349
2643
2830
3043
3239
3361
3446
3445
3433
3405
3300
3181
3006
2717
2454
2294
2078
1801
1556
1277
1076
955
755
582
439
287
194
76
-108
-262
-415
-608
-813
-965
-1136
-1313
-1466
-1590
-1697
-1792
-1735
-1731
-1785
-1714
-1584
-1575
-1445
-1369
-1395
-1260
-1189
-1236
-1248
-1302
-1366
-1346
-1443
-1643
-1721
-1800
-1903
-1939
-2049
-2154
-2138
-2176
-2161
-2053
-1934
-1791
-1584
-1402
-1270
-1001
-756
-586
-366
-171
-18
268
496
658
830
910
1085
1349
1532
1725
2043
2266
2485
2784
2924
3128
3331
3329
3316
3349
3255
3119
2995
2694
2443
2253
2026
1797
1560
1273
1061
936
716
585
478
284
222
134
-72
-148
-209
-364
-575
-734
-847
-949
-1116
-1287
-1375
-1462
-1497
-1495
-1567
-1555
-1452
-1371
-1298
-1249
-1166
-1091
-1044
-1015
-1054
-1093
-1117
-1205
-1243
-1331
-1489
-1544
-1638
-1766
-1850
-1932
-1975
-2045
-2181
-2147
-2081
-1977
-1824
-1698
-1565
-1332
-1093
-832
-665
-509
-300
-158
25
244
420
576
772
907
1116
1383
1639
1904
2111
2320
2601
2824
2993
3136
3194
3215
3182
3175
3094
2878
2707
2484
2240
2040
1806
1568
1370
1128
960
819
642
531
391
224
119
22
-105
-216
-321
-482
-632
-734
-825
-983
-1157
-1243
-1340
-1446
-1418
-1378
-1427
-1347
-1200
-1187
-1098
-927
-942
-907
-857
-912
-928
-972
-1088
-1139
-1230
-1389
-1447
-1584
-1731
-1752
-1868
-2042
-2113
-2172
-2167
-2099
-2002
-1942
-1826
-1641
-1495
-1322
-1146
-930
-723
-550
-425
-215
-18
144
371
465
586
891
1146
1377
1682
1958
2178
2477
2722
2917
3066
3136
3235
3266
3178
3156
3114
2855
2650
2475
2203
1992
1840
1523
1285
1129
951
839
683
547
438
333
186
81
-46
-231
-426
-624
-826
-966
-1110
-1294
-1386
-1447
-1477
-1453
-1380
-1353
-1305
-1245
-1139
-1078
-1065
-990
-943
-972
-922
-896
-1034
-1069
-1088
-1163
-1246
-1355
-1466
-1569
-1676
-1700
-1835
-1968
-1967
-2021
-2037
-1984
-1907
-1788
-1702
-1553
-1371
-1247
-1017
-798
-678
-556
-331
-90
78
280
471
646
836
1117
1356
1545
1805
2064
2297
2531
2755
2912
3051
3106
3087
3035
3004
2911
2774
2574
2329
2166
1973
1743
1539
1333
1129
1010
893
756
629
503
383
245
143
27
-115
-226
-369
-552
-718
-872
-1007
-1169
-1241
-1310
-1368
-1279
-1252
-1285
-1222
-1083
-1044
-992
-947
-977
-934
-910
-875
-916
-1023
-1083
-1131
-1240
-1309
-1343
-1534
-1671
-1685
-1781
-1906
-1885
-1946
-1993
-1914
-1837
-1716
-1655
-1559
-1390
-1260
-1119
-919
-784
-671
-473
-274
-135
59
288
427
509
744
984
1226
1471
1680
1937
2156
2360
2615
2760
2840
2956
2922
2871
2897
2813
2628
2468
2287
2106
1940
1765
1598
1357
1154
1065
943
801
667
551
414
330
277
129
-40
-178
-310
-482
-631
-763
-923
-1016
-1112
-1195
-1234
-1240
-1181
-1152
-1172
-1027
-939
-986
-874
-821
-861
-793
-803
-922
-946
-987
-1102
-1142
-1237
-1431
-1544
-1642
-1729
-1746
-1876
-2043
-2042
-2012
-2037
-1880
-1761
-1752
-1572
-1423
-1323
-1097
-904
-840
-692
-544
-441
-195
-24
107
262
386
603
931
1193
1420
1704
1927
2153
2443
2644
2715
2841
2917
2884
2907
2890
2738
2620
2393
2165
2029
1831
1627
1472
1220
1070
1060
897
811
768
608
498
452
350
244
125
-74
-242
-345
-529
-707
-840
-1010
-1125
-1170
-1199
-1153
-1149
-1179
-1054
-949
-975
-883
-771
-839
-836
-733
-805
-948
-999
-1099
-1262
-1393
-1474
-1553
-1679
-1769
-1726
-1731
-1792
-1792
-1818
-1900
-1796
-1670
-1650
-1550
-1413
-1298
-1173
-1018
-920
-830
-745
-619
-470
-346
-188
44
171
283
501
744
960
1236
1505
1682
1954
2257
2444
2507
2595
2677
2659
2682
2668
2555
2467
2404
2204
2020
1885
1758
1663
1511
1410
1362
1277
1204
1130
968
868
807
664
490
343
175
-14
-200
-393
-601
-768
-853
-963
-1043
-1086
-1128
-1132
-1145
-1095
-1012
-997
-955
-857
-932
-960
-917
-1050
-1211
-1238
-1360
-1484
-1493
-1609
-1648
-1700
-1826
-1811
-1787
-1863
-1808
-1778
-1868
-1772
-1682
-1643
-1544
-1449
-1402
-1298
-1125
-1034
-947
-876
-766
-600
-462
-336
-138
50
194
407
634
854
1184
1430
1567
1840
2077
2256
2410
2471
2544
2609
2590
2620
2571
2420
2403
2349
2143
2014
1960
1852
1771
1658
1531
1452
1404
1398
1264
1106
1002
928
726
504
347
147
-89
-274
-509
-735
-815
-977
-1135
-1156
-1182
-1201
-1090
-1092
-1101
-1013
-1010
-993
-1000
-1121
-1140
-1143
-1300
-1383
-1484
-1619
-1644
-1709
-1745
-1752
-1732
-1662
-1660
-1655
-1566
-1506
-1486
-1467
-1445
-1394
-1331
-1255
-1243
-1255
-1158
-1037
-1033
-906
-789
-718
-617
-462
-292
-122
47
229
410
563
807
1070
1285
1469
1652
1796
1971
2118
2269
2294
2312
2402
2377
2307
2340
2340
2223
2168
2129
2064
2010
1969
1909
1764
1680
1646
1538
1379
1266
1117
955
853
714
510
264
98
-112
-382
-568
-716
-843
-953
-1035
-1061
-1096
-1116
-1075
-1146
-1207
-1147
-1201
-1299
-1327
-1433
-1480
-1527
-1676
-1705
-1723
-1854
-1833
-1785
-1812
-1731
-1673
-1656
-1556
-1482
-1468
-1388
-1357
-1408
-1410
-1385
-1373
-1312
-1304
-1289
-1185
-1038
-1011
-905
-769
-722
-522
-328
-143
77
281
450
682
843
994
1216
1383
1529
1667
1754
1892
2064
2094
2162
2239
2250
2341
2395
2374
2386
2382
2335
2312
2259
2234
2184
2055
1942
1845
1759
1621
1494
1337
1099
968
863
588
389
183
-53
-197
-393
-524
-636
-802
-916
-937
-1067
-1156
-1102
-1229
-1327
-1353
-1427
-1502
-1558
-1640
-1708
-1802
-1867
-1892
-1934
-1941
-1925
-1929
-1916
-1857
-1765
-1670
-1589
-1453
-1385
-1329
-1222
-1193
-1217
-1196
-1204
-1259
-1217
-1221
-1225
-1176
-1144
-1010
-899
-817
-595
-408
-281
-67
174
392
629
839
944
1085
1238
1366
1462
1510
1601
1703
1759
1848
1951
1988
2124
2285
2293
2332
2442
2507
2547
2549
2481
2470
2396
2274
2197
2022
1909
1775
1569
1350
1181
1055
921
776
595
415
247
98
-94
-274
-459
-643
-788
-943
-1094
-1174
-1297
-1447
-1545
-1711
-1792
-1771
-1886
-1998
-1975
-2100
-2132
-2109
-2206
-2200
-2135
-2096
-1996
-1870
-1810
-1714
-1605
-1544
-1434
-1393
-1352
-1237
-1269
-1291
-1268
-1200
-1186
-1218
-1207
-1159
-1055
-915
-798
-659
-471
-264
-42
159
338
500
696
816
979
1093
1132
1264
1297
1290
1396
1512
1548
1635
1731
1787
1973
2163
2219
2293
2438
2519
2595
2641
2629
2586
2504
2395
2264
2085
1934
1785
1571
1364
1236
1146
998
886
778
673
560
437
291
84
-107
-276
-489
-717
-944
-1127
-1313
-1474
-1613
-1754
-1830
-1976
-2047
-2065
-2094
-2100
-2090
-2117
-2147
-2070
-2016
-1991
-1922
-1891
-1899
-1786
-1660
-1627
-1603
-1575
-1494
-1435
-1406
-1319
-1251
-1194
-1139
-1104
-1066
-935
-839
-748
-676
-574
-436
-321
-149
7
154
306
468
596
697
802
945
1084
1171
1253
1381
1435
1462
1519
1569
1638
1753
1900
1991
2055
2204
2287
2309
2320
2348
2386
2362
2280
2191
2025
1900
1812
1634
1493
1390
1281
1154
1056
957
876
796
703
572
384
264
138
-96
-305
-512
-710
-939
-1163
-1360
-1531
-1673
-1778
-1865
-1950
-1984
-1999
-2033
-2067
-2021
-2015
-2010
-1946
-1962
-1957
-1881
-1867
-1877
-1868
-1870
-1852
-1842
-1802
-1667
-1639
-1548
-1408
-1358
-1264
-1147
-997
-820
-697
-564
-354
-240
-118
66
117
202
310
383
487
577
636
766
844
959
1121
1214
1365
1489
1567
1693
1814
1837
1881
1939
1922
1931
1938
1884
1869
1844
1852
1805
1740
1693
1669
1631
1566
1541
1508
1430
1401
1347
1200
1113
1047
924
780
663
531
425
291
127
-40
-212
-349
-517
-679
-812
-928
-1051
-1125
-1185
-1280
-1353
-1407
-1458
-1515
-1551
-1578
-1661
-1714
-1760
-1810
-1841
-1860
-1899
-1929
-1938
-1961
-1966
-1997
-1954
-1833
-1766
-1707
-1551
-1445
-1341
-1206
-1063
-931
-797
-686
-580
-450
-294
-163
-69
39
171
328
451
584
697
784
895
1028
1135
1233
1378
1494
1537
1636
1763
1807
1808
1806
1762
1727
1732
1722
1659
1575
1494
1456
1397
1331
1277
1217
1173
1131
1082
1023
954
901
812
682
622
536
387
280
187
56
-49
-127
-251
-390
-460
-541
-596
-626
-680
-684
-712
-727
-696
-694
-712
-730
-751
-771
-797
-835
-913
-958
-1051
-1144
-1163
-1198
-1263
-1278
-1267
-1289
-1276
-1267
-1216
-1249
-1256
-1160
-1107
-1105
-1034
-947
-900
-806
-700
-691
-599
-513
-458
-376
-308
-172
-87
-46
88
232
294
441
593
668
775
943
1057
1185
1285
1344
1394
1369
1367
1346
1268
1217
1239
1149
1083
1114
1102
1040
1062
1076
1009
1016
1001
939
834
731
674
586
411
297
190
7
-43
-87
-214
-282
-308
-382
-441
-400
-428
-457
-444
-399
-419
-431
-411
-416
-462
-518
-518
-545
-603
-649
-640
-700
-693
-645
-690
-666
-594
-566
-579
-512
-493
-476
-444
-399
-368
-367
-360
-362
-343
-362
-343
-328
-369
-375
-315
-287
-313
-274
-192
-193
-130
-36
-44
22
156
154
204
319
316
357
443
436
436
439
475
552
511
497
592
582
535
589
572
548
650
703
627
632
667
614
581
529
475
448
346
256
212
87
-27
-61
-154
-212
-208
-280
-311
-285
-320
-340
-346
-384
-372
-403
-431
-429
-469
-553
-607
-631
-681
-705
-687
-713
-707
-669
-677
-626
-561
-538
-462
-379
-316
-242
-181
-123
-51
0
0
75
105
139
187
243
315
364
387
454
559
580
652
730
788
868
930
954
949
955
965
980
921
853
862
784
706
644
576
478
371
303
225
138
120
98
-12
-52
-104
-142
-140
-188
-268
-309
-362
-449
-528
-582
-680
-741
-746
-818
-863
-846
-832
-832
-785
-746
-686
-616
-614
-516
-441
-414
-340
-318
-363
-333
-300
-347
-366
-414
-449
-452
-457
-457
-459
-467
-445
-348
-305
-286
-248
-194
-203
-173
-108
-150
-138
-144
-199
-157
-134
-174
-120
-63
-28
115
174
242
387
458
590
713
792
891
982
1035
1060
1121
1135
1148
1174
1156
1174
1194
1212
1211
1190
1168
1160
1151
1129
1132
1104
1048
1006
948
832
729
624
499
430
278
152
32
-101
-247
-370
-486
-600
-648
-771
-870
-962
-1043
-1111
-1160
-1208
-1217
-1234
-1206
-1213
-1273
-1226
-1238
-1270
-1260
-1246
-1230
-1190
-1185
-1146
-1107
-1081
-1008
-917
-895
-811
-685
-629
-531
-461
-388
-356
-304
-286
-294
-253
-227
-195
-152
-126
-77
20
52
104
192
231
292
353
395
445
547
626
722
773
825
931
939
960
990
992
988
1014
995
979
1034
1053
1051
1070
1112
1127
1160
1148
1127
1154
1161
1131
1123
1054
996
965
900
815
704
615
497
406
260
172
107
-1
-60
-118
-208
-268
-293
-368
-432
-459
-531
-564
-611
-689
-768
-843
-952
-1002
-1061
-1147
-1155
-1194
-1243
-1261
-1254
-1255
-1226
-1186
-1172
-1181
-1156
-1136
-1130
-1106
-1078
-1051
-1019
-967
-925
-866
-803
-697
-648
-598
-479
-452
-397
-271
-207
-106
31
96
201
276
357
495
560
613
731
755
773
846
860
916
932
935
976
978
979
1039
1048
1041
1056
1076
1071
1066
1070
1027
1016
1023
952
887
865
757
724
658
521
487
407
314
305
232
134
105
55
28
7
-75
-94
-84
-138
-179
-178
-244
-313
-361
-428
-490
-527
-583
-635
-646
-642
-680
-660
-682
-692
-644
-627
-615
-594
-592
-573
-551
-596
-603
-612
-612
-633
-645
-622
-614
-567
-572
-489
-420
-402
-346
-270
-263
-205
-128
-92
-33
-28
23
53
43
81
133
160
196
229
243
263
305
374
387
410
482
498
504
539
540
569
595
600
652
607
594
652
621
574
562
523
478
448
406
299
204
155
93
14
-24
-55
-141
-189
-241
-264
-296
-311
-307
-345
-315
-285
-328
-368
-367
-422
-453
-446
-470
-469
-464
-417
-380
-383
-349
-293
-285
-246
-162
-127
-96
-57
-34
-43
-15
20
12
-6
-8
10
35
27
68
65
60
108
125
137
160
197
241
288
306
334
348
345
359
325
303
328
332
326
328
271
279
316
286
283
310
381
404
405
413
446
446
477
484
414
363
337
287
194
98
47
-5
-127
-202
-191
-218
-292
-292
-326
-399
-412
-380
-436
-498
-525
-562
-594
-610
-624
-661
-675
-676
-685
-700
-682
-635
-644
-616
-549
-533
-516
-463
-444
-411
-351
-331
-274
-264
-243
-188
-187
-155
-128
-137
-155
-117
-104
-92
-18
33
82
159
225
252
313
365
413
459
484
520
549
543
546
566
572
577
625
622
610
666
681
683
719
728
744
772
800
841
842
810
766
724
666
637
549
501
451
386
345
297
236
171
130
73
35
-27
-126
-218
-292
-367
-403
-469
-514
-547
-560
-579
-632
-648
-702
-764
-799
-824
-856
-885
-886
-913
-925
-929
-906
-886
-842
-817
-815
-756
-720
-651
-605
-555
-512
-457
-418
-387
-350
-294
-230
-210
-181
-128
-86
-19
4
58
138
195
249
288
350
411
451
478
518
557
563
572
594
598
619
646
653
680
672
675
685
692
708
714
737
762
801
816
830
832
795
797
789
729
654
610
536
461
414
343
259
177
102
38
-25
-65
-123
-185
-232
-247
-293
-339
-368
-413
-463
-497
-515
-589
-634
-683
-752
-790
-781
-821
-876
-869
-853
-816
-822
-776
-715
-715
-664
-604
-583
-568
-539
-547
-513
-468
-465
-444
-425
-395
-370
-354
-326
-273
-256
-192
-116
-88
-26
81
160
226
264
286
325
356
385
391
390
395
431
424
445
497
522
547
587
627
652
712
747
764
810
809
797
813
792
795
801
733
689
663
628
558
504
402
319
294
217
186
137
80
57
60
4
-35
-73
-150
-171
-215
-307
-344
-378
-446
-459
-481
-539
-579
-607
-640
-603
-600
-619
-603
-606
-616
-617
-628
-598
-567
-537
-529
-525
-476
-446
-428
-430
-398
-359
-367
-337
-312
-307
-282
-241
-218
-174
-144
-102
-64
-15
30
48
86
100
143
165
173
179
230
232
256
321
324
361
412
425
474
532
542
580
600
606
634
627
654
700
696
653
662
660
622
594
541
494
429
377
337
290
253
188
152
118
80
47
-18
-94
-116
-159
-223
-248
-310
-370
-427
-472
-518
-537
-589
-627
-625
-641
-635
-617
-617
-589
-550
-554
-528
-489
-463
-426
-404
-417
-401
-383
-391
-360
-370
-359
-304
-305
-313
-245
-221
-175
-101
-77
-26
29
72
98
126
163
187
188
194
231
266
251
258
287
293
340
392
402
438
460
483
527
545
572
577
558
545
570
556
544
564
554
509
500
478
420
401
365
312
272
257
208
175
137
150
115
40
18
-9
-94
-123
-132
-185
-224
-270
-304
-329
-361
-380
-415
-463
-475
-495
-529
-540
-508
-538
-543
-536
-528
-511
-525
-511
-488
-456
-446
-453
-453
-444
-391
-407
-395
-359
-356
-307
-281
-287
-248
-181
-147
-107
-86
-71
-10
54
67
104
131
182
226
241
267
289
320
363
390
400
426
462
484
542
580
603
652
642
636
654
622
613
606
591
565
520
507
476
424
401
369
320
295
244
200
162
119
73
43
-4
-19
-54
-78
-119
-183
-218
-268
-279
-358
-381
-394
-435
-449
-460
-484
-497
-504
-500
-512
-527
-514
-487
-474
-481
-447
-435
-423
-386
-390
-386
-365
-356
-355
-315
-281
-257
-230
-212
-180
-183
-184
-154
-124
-98
-50
-48
-31
5
15
57
75
96
139
137
158
176
192
220
237
274
312
331
341
407
474
487
521
541
562
561
572
588
577
587
568
563
516
485
472
452
415
373
349
313
277
210
162
135
105
74
45
4
-18
-54
-120
-167
-206
-245
-293
-322
-357
-393
-424
-458
-491
-489
-470
-491
-476
-499
-491
-459
-464
-455
-460
-473
-434
-408
-427
-408
-422
-423
-409
-381
-360
-315
-273
-242
-189
-171
-135
-123
-92
-71
-33
-6
-23
17
29
19
17
38
51
51
92
161
221
246
287
328
369
400
441
470
499
528
547
581
591
595
585
568
545
536
518
498
505
493
460
439
394
350
319
281
248
238
190
137
98
44
18
-18
-67
-103
-124
-199
-241
-298
-342
-362
-389
-391
-367
-376
-400
-386
-382
-413
-413
-436
-457
-448
-464
-473
-484
-472
-439
-411
-408
-372
-366
-331
-306
-289
-262
-239
-222
-201
-180
-173
-161
-122
-104
-99
-82
-82
-64
-44
-30
-15
-14
18
24
47
67
83
108
137
181
196
222
264
286
337
366
382
435
453
473
516
530
526
530
532
521
518
533
509
491
465
435
387
374
370
338
314
262
234
185
138
101
42
6
-20
-62
-90
-113
-136
-184
-210
-239
-286
-323
-371
-377
-385
-392
-397
-397
-386
-385
-405
-417
-398
-387
-377
-352
-339
-332
-309
-305
-281
-251
-243
-233
-208
-203
-185
-166
-164
-168
-122
-110
-99
-78
-86
-70
-65
-80
-78
-67
-74
-79
-67
-53
-55
-13
21
46
82
101
135
152
147
188
205
213
249
270
288
326
335
336
353
382
351
352
373
351
358
361
343
335
321
288
260
237
198
167
129
117
112
81
54
36
13
-22
-20
-45
-69
-66
-87
-106
-122
-132
-176
-197
-210
-210
-203
-209
-203
-213
-209
-210
-194
-213
-214
-179
-177
-163
-143
-143
-143
-132
-136
-136
-114
-104
-111
-78
-53
-86
-77
-64
-68
-33
-50
-40
-24
-28
-31
-15
-30
-9
8
10
50
56
82
108
118
119
147
165
165
175
178
191
202
202
225
237
219
205
213
204
175
170
152
110
109
118
120
111
117
104
58
34
13
-1
-69
-102
-133
-183
-218
-237
-278
-291
-308
-335
-331
-337
-332
-336
-340
-330
-309
-303
-291
-278
-269
-258
-234
-191
-179
-155
-132
-145
-108
-70
-63
-35
-13
12
37
71
87
76
103
113
134
155
174
204
218
221
258
265
248
257
254
257
241
225
222
237
247
263
265
251
268
259
260
279
275
251
245
258
268
275
264
252
261
244
196
175
178
143
134
130
111
63
55
32
-7
-26
-50
-66
-99
-124
-162
-179
-217
-253
-298
-324
-367
-385
-413
-413
-415
-420
-447
-455
-443
-448
-441
-449
-428
-441
-442
-440
-424
-400
-382
-362
-340
-326
-303
-265
-263
-215
-166
-118
-92
-50
-1
16
63
76
115
135
148
180
198
209
230
217
210
254
275
277
300
323
327
362
387
409
448
454
460
468
462
460
453
442
447
481
447
413
409
383
355
323
308
290
251
196
172
142
124
110
90
82
63
32
-26
-57
-84
-102
-161
-163
-165
-218
-234
-270
-290
-333
-355
-371
-378
-397
-404
-423
-423
-413
-404
-381
-397
-398
-408
-398
-394
-388
-385
-390
-399
-386
-375
-378
-357
-349
-332
-318
-296
-259
-221
-211
-182
-115
-79
-63
-40
-12
9
45
79
97
91
113
138
165
183
224
243
260
284
328
360
384
401
406
436
446
472
473
494
489
463
486
481
462
459
439
439
427
399
385
352
334
320
302
278
237
180
141
113
94
56
7
13
-22
-66
-68
-99
-154
-177
-229
-242
-246
-265
-253
-282
-297
-299
-324
-335
-334
-361
-401
-412
-410
-421
-402
-375
-392
-394
-380
-384
-370
-355
-378
-334
-287
-288
-261
-254
-232
-203
-190
-137
-122
-109
-90
-85
-80
-84
-62
-54
-37
-6
21
39
77
103
153
177
188
214
235
273
304
324
331
315
326
349
333
352
328
314
326
305
316
325
310
283
286
277
281
266
202
182
163
136
138
150
119
116
122
115
98
