-20
-13
-23
-19
-18
-21
-9
-5
-3
0
-2
-5
-1
-6
-11
-6
-2
-11
-4
-7
6
-3
-3
3
-13
-8
-15
-14
-11
-5
-2
6
4
-8
-12
-5
1
0
-3
-2
-6
-13
-4
-6
-12
-13
-10
-18
-6
-3
-4
-2
5
10
14
8
-4
10
8
21
26
22
32
29
42
25
27
11
10
15
7
5
12
8
7
9
0
-2
-1
-9
-8
4
-6
9
5
4
-5
-4
-10
-11
-5
-7
1
0
3
10
19
3
13
16
8
7
0
5
5
8
7
9
-7
-8
-10
-13
-6
-8
13
4
0
12
-1
4
7
7
8
2
2
6
7
6
-6
0
4
5
-5
0
4
9
8
6
8
5
-2
-2
9
-8
-4
-8
-9
-10
-10
2
-3
1
-4
-3
-7
-10
-8
-14
-11
-10
-3
-5
-4
-2
1
-5
-8
-7
-21
-11
-19
-14
-2
-16
-3
-12
-10
-18
-21
-3
-12
-3
5
3
10
11
13
7
3
6
-5
-11
0
7
11
11
8
8
17
18
16
17
11
14
-5
-7
-7
0
-7
-2
-1
1
5
-4
-4
-7
-13
-7
-6
-10
-9
-16
-15
-13
-12
-7
-5
-8
-9
-8
-5
-6
-10
-1
1
-8
-5
-4
3
0
1
4
-3
3
6
8
6
5
0
8
7
-2
-3
6
-1
-9
5
-2
1
-1
0
0
1
14
8
13
3
4
6
-1
1
1
-5
-7
-2
13
17
17
14
25
16
4
4
7
4
7
16
5
15
20
0
-7
2
5
2
3
20
14
11
-8
-7
1
-1
-7
1
-1
-1
1
-8
-24
-25
-15
-21
-14
-11
-17
-13
-3
-11
-1
11
-9
-2
8
8
7
1
8
-5
-14
-4
3
-3
1
-5
-16
-13
-11
-6
-10
-3
0
-4
-7
-4
-9
-9
-15
-4
0
1
-6
-4
-1
-9
-10
-6
-4
7
-2
6
6
4
12
3
6
2
14
6
21
15
15
15
11
4
1
-1
7
3
0
9
6
8
-13
-34
-39
-22
-16
-4
-2
-37
-649
-915
-352
-141
-58
30
252
979
1212
825
434
11
135
-22
-761
-686
-306
-238
-93
89
246
286
425
280
216
576
356
-89
100
309
130
-137
-344
-320
-254
-208
-266
-349
-99
229
155
104
355
283
148
177
220
78
-31
-15
-107
-50
-80
-328
-445
-306
-246
-360
-463
-477
-491
-527
-638
-737
-733
-618
-365
-74
268
674
816
712
375
-54
-236
-430
-798
-993
-676
-43
298
350
589
870
932
685
370
191
130
83
-53
-78
62
165
203
245
294
316
265
129
154
259
228
117
151
369
416
301
284
292
206
43
-116
-260
-341
-373
-360
-319
-180
-13
47
109
193
188
74
-52
-127
-167
-177
-137
-115
-49
-26
-28
-41
-121
-221
-261
-254
-154
-107
-15
-464
-1915
-1740
-517
-168
179
294
1056
2596
2504
1578
701
-69
288
-464
-1721
-1162
-681
-555
-38
321
540
951
1111
888
1281
1675
1011
536
800
700
92
-684
-1183
-1111
-963
-940
-794
-636
-152
375
48
-45
137
-311
-697
-956
-1452
-2173
-2898
-3383
-3360
-2712
-2124
-1730
-829
667
2044
2478
1645
1003
1375
1396
324
-988
-1023
-25
175
-308
-116
488
756
524
375
745
1018
814
688
1241
1781
1677
1215
970
1227
1247
595
-232
-434
-187
-194
-572
-608
-109
202
377
699
961
920
736
608
601
508
87
-392
-442
-181
-186
-367
-484
-346
-105
-62
-112
-135
9
140
205
359
360
281
-184
-1035
-1419
-1609
-1668
-1306
-850
-41
898
1391
1797
1801
1518
1217
397
-280
-600
-892
-1068
-1056
-747
-384
-9
441
750
1079
1229
1319
1418
1276
1001
582
73
-337
-627
-917
-1238
-1046
-693
-571
-259
-161
-193
-90
-228
-370
-243
-431
-487
-463
-758
-598
-772
-1322
-1573
-2425
-3315
-3662
-4057
-4082
-3359
-2351
-1204
-78
1368
2980
3275
2084
1145
1441
1564
168
-1593
-1235
397
565
-429
-433
821
1509
993
667
1335
2121
2086
1663
2058
2611
2167
1317
882
983
788
-101
-793
-649
-118
-97
-460
-290
620
1165
986
1029
1275
1310
947
408
230
79
-341
-692
-785
-543
-502
-763
-715
-269
66
43
-176
55
-411
-1114
-447
16
155
58
-252
626
1187
462
-255
-819
-379
121
-589
-688
97
487
562
541
622
608
606
498
279
677
719
366
372
721
703
251
-368
-647
-480
-541
-730
-716
-427
132
458
226
80
202
-140
-607
-865
-1377
-1778
-1818
-1816
-1692
-1366
-1146
-732
-178
55
5
-637
-1706
-2362
-3078
-4061
-4529
-4426
-3658
-2469
-1334
79
2112
3227
2066
1045
1907
2909
1481
-1142
-881
1625
2009
258
-431
1058
2583
1661
78
720
2148
1881
816
1273
2538
2483
1464
1319
2152
2221
1029
-147
-81
538
224
-831
-1021
100
783
500
442
999
1367
1040
449
202
111
-302
-755
-716
-271
-91
-294
-348
-70
-1385
-2797
-1898
-1175
-630
-134
198
2093
3370
2712
1821
618
304
-30
-2060
-2683
-1642
-1404
-1165
-423
451
1062
1815
1802
1575
2316
1845
862
688
395
-67
-633
-1525
-1401
-1197
-1505
-1064
-775
-571
296
407
38
497
475
-387
-677
-943
-1839
-1936
-2100
-2220
-1630
-1897
-2522
-2849
-2023
200
1312
1220
1611
2067
2069
543
-1575
-3625
-5024
-4663
-4641
-4724
-3256
-2095
-663
1947
2917
1746
261
739
2331
2091
53
-459
1210
2816
2589
850
320
1552
1536
117
-113
745
1087
711
1092
2022
2769
2505
1864
2349
3162
2571
769
-145
375
540
-525
-1227
-737
36
366
523
672
995
1198
940
721
802
473
-187
-2045
-2688
-1156
-919
-689
-497
-48
1761
1850
982
527
-594
90
406
-749
-567
-256
-176
187
66
-149
-494
-397
172
460
833
625
753
1178
1728
1325
160
-254
-289
-611
-1238
-1347
-1186
-673
-53
7
-63
-4
-535
-993
-1086
-682
-551
-1091
-774
-52
195
-681
-2051
-2535
-2268
-1975
-2301
-2480
-1494
-748
-307
-299
-777
-786
-1454
-2108
-2290
-2532
-2373
-2337
-2297
-1300
-352
-111
79
742
2092
2135
419
-812
-138
946
396
-904
-390
1612
2665
2541
1938
2360
3153
2515
1301
955
1401
1343
537
564
1514
1836
1415
1119
1608
2014
1379
320
119
727
876
307
135
681
1006
701
376
360
475
-737
-2283
-2434
-1532
-208
11
250
1792
2859
2571
1472
177
-245
-615
-1616
-2020
-1702
-1060
-386
-188
134
612
613
422
608
944
1025
914
974
1381
1088
414
-263
-528
-664
-1012
-1010
-758
-187
164
202
656
1218
879
-48
-1158
-1717
-2083
-2862
-3242
-2468
-1263
-506
-265
-352
400
944
9
-1103
-1329
-1015
-782
-1684
-2607
-2279
-1671
-1594
-1831
-1877
-955
310
171
-844
-1267
-1693
-2460
-3120
-3308
-2282
-960
-120
414
996
2233
3492
3056
1193
199
586
754
-268
-1872
-2182
-677
880
1479
2070
3656
5408
5315
3803
2812
2296
1215
-627
-1671
-1517
-1180
-1190
-1195
-278
1095
1671
1472
2055
3660
5086
5376
4166
2015
-198
-2448
-4212
-5096
-5108
-2882
-397
1402
3352
3722
3316
2521
618
-1038
-2140
-2332
-1626
-1132
-357
384
375
254
-27
-366
-671
-807
-336
42
884
1568
1373
1082
394
-119
-605
-1200
-1413
-1257
-704
-33
8
5
150
76
82
-343
-503
-602
-1137
-1202
-1344
-1592
-1101
-1335
-1633
-1251
-1180
-995
-1169
-1664
-1135
-925
-1251
-897
-1074
-1151
-667
-816
-817
-449
-329
-15
-89
-465
-650
-1105
-1425
-1307
-1908
-2651
-2643
-2566
-2321
-1354
-168
197
-89
179
1620
2709
2340
1565
1832
2783
3164
2322
1156
1127
1661
1369
645
761
1440
1810
1792
1971
2304
2392
1998
1759
1826
1753
1579
984
781
1023
788
393
136
-396
-457
-275
-199
-136
-32
513
1309
1582
1433
1102
525
109
-382
-1284
-2118
-2231
-2156
-1877
-1359
-832
-441
-77
197
587
883
556
419
511
521
521
-142
-960
-980
-990
-1098
-1117
-1110
-720
-202
253
594
575
369
510
726
597
255
-409
-937
-1107
-1473
-1879
-2076
-2045
-1346
-563
-339
53
213
7
-366
-1056
-1265
-1272
-1686
-1676
-1343
-1059
-738
-735
-853
-653
-398
-462
-660
-825
-390
-248
-655
-711
-590
-555
-949
-3006
-4162
-1803
713
1585
494
345
2039
67
-2465
-1877
-660
1247
2308
2979
5497
6207
4420
1937
-564
-720
-1745
-4070
-2959
267
2607
3369
3790
4717
4983
3598
1152
-81
41
-188
-613
-191
1100
1472
582
165
349
25
-379
-573
-247
758
1265
963
875
1387
1533
556
-388
-561
-1022
-1612
-1940
-1553
-1003
-987
-716
-6
486
735
653
368
602
410
-259
-952
-1405
-1260
-1312
-1506
-1024
-440
-140
311
493
789
854
532
306
-65
-246
-401
-823
-972
-888
-990
-1047
-1174
-1300
-1549
-1676
-1590
-1265
-802
-598
-181
364
301
43
-382
-901
-900
-1056
-1746
-1813
-1565
-1354
-854
-1046
-547
424
254
353
495
-110
-412
-1122
-1731
-1933
-2720
-3092
-2914
-2222
-1273
-1110
-565
504
612
450
431
1042
1793
1860
2169
2856
3180
3329
2749
1736
1725
1641
966
619
909
1446
1575
1619
2000
2326
2695
2625
2360
2152
2034
1638
849
528
404
61
-381
-336
-60
113
-6
-333
-449
-189
55
-74
-175
312
840
793
650
172
-218
-483
-1095
-1725
-2153
-2086
-1625
-1300
-838
-232
296
895
1086
1138
777
434
88
-501
-952
-1469
-1859
-1780
-1502
-1051
-728
-275
408
755
810
647
576
510
384
-39
-439
-683
-978
-1302
-1894
-2413
-2498
-2385
-2135
-1615
-1018
-413
213
876
1169
873
475
-162
-754
-1541
-2044
-1877
-1937
-1490
-600
-338
180
462
517
807
702
612
351
-357
-741
-1283
-2260
-2865
-3207
-3310
-2668
-1718
-844
571
1300
1413
1658
1744
2125
1990
1518
1923
2247
2406
2549
1989
1606
1584
1158
736
780
1154
1525
1727
2063
2381
2579
2535
2390
2211
1978
1623
1058
728
484
152
-288
-535
-488
-512
-576
-494
-541
-286
216
208
418
728
861
1087
847
390
-61
-764
-1165
-1619
-2352
-2410
-2230
-2027
-1521
-762
100
913
1602
1899
1861
1474
733
-228
-1327
-2276
-2856
-3027
-2612
-1644
-690
177
1164
1716
1743
1341
470
-424
-869
-1237
-1318
-1128
-875
-509
-475
-758
-1078
-1485
-2107
-2087
-1846
-1344
-693
-432
401
1328
1839
1612
378
-163
-462
-1465
-2152
-2946
-2533
-1250
-1017
-779
-335
309
988
641
145
22
-118
-380
-1157
-1932
-2196
-2235
-2359
-2814
-2310
-703
-212
-284
328
1395
2819
3099
2548
3093
3769
3814
3068
1640
1373
1388
550
75
326
768
1209
1486
2152
2812
2990
2695
2313
2417
2173
1250
386
191
341
328
-2
10
135
211
184
-246
-772
-1388
-1659
-1322
-660
21
600
1122
2073
2266
1330
304
-901
-1574
-2150
-3060
-3028
-2369
-1719
-700
88
842
1537
1459
1342
1172
637
1
-754
-1286
-1406
-1716
-2127
-2160
-1751
-1191
-658
-132
397
955
1030
661
296
68
-372
-815
-1180
-1243
-1156
-1455
-1712
-1680
-1603
-1477
-1473
-1370
-552
526
1009
1098
709
326
606
97
-774
-1087
-1560
-1513
-1248
-2185
-2079
-1132
-422
1122
1205
870
1661
1483
886
293
-1234
-1962
-2233
-2829
-2755
-2614
-2931
-2333
-920
-630
-543
147
1135
2632
3206
2882
3447
3793
3618
3104
1865
1206
1101
419
-25
295
570
841
1247
1730
2353
2891
2763
2609
2653
2511
1825
1088
722
355
142
-321
-446
-502
-601
-462
-391
-471
-434
-331
-293
-130
96
184
143
-705
-1909
-1391
-827
-526
-528
-1002
82
950
159
-337
-1159
-1042
-79
-699
-676
-59
117
593
442
132
145
-215
-295
-450
-429
-578
-837
-523
-144
-39
-279
-539
-482
-342
-337
-151
-429
-368
20
-53
-340
-762
-1272
-1482
-1572
-1639
-1556
-1514
-1046
-639
-338
-376
-405
-73
202
324
17
-259
-500
-1071
-1258
-993
-1186
-1343
-1229
-714
84
235
-81
-163
31
-391
-1553
-2420
-2722
-2728
-2823
-2128
-792
-338
280
1408
2569
3511
3313
2790
3140
3456
3136
1961
973
1159
1155
530
85
278
694
923
1177
1575
2209
2716
2501
2411
2631
2354
1384
627
498
294
-285
-824
-857
-571
-283
-161
-65
157
421
327
-38
63
98
-338
-965
-2067
-1808
-758
-439
7
3
635
1744
972
181
-489
-1374
-963
-1386
-1718
-836
-322
266
746
546
510
220
-119
-289
-415
-618
-722
-612
-455
-245
-473
-343
-131
-263
-365
-380
-363
-111
-48
41
136
-428
-669
-1049
-1826
-1925
-2041
-2458
-1713
-1111
-539
552
838
1469
1415
585
285
-181
-614
-933
-1473
-1515
-977
-287
-153
-316
-192
-270
-232
-643
-1143
-1178
-1347
-1693
-2081
-2398
-2364
-2272
-1530
-281
-58
-72
696
1953
2734
2505
1921
2305
2907
2834
2143
1270
1525
1750
1043
603
616
765
692
645
979
1455
1927
1947
2061
2478
2440
1756
1068
782
493
-144
-643
-619
-444
-336
-324
-295
-110
60
-226
-557
-439
-236
-328
-428
-851
-1819
-1385
-726
-275
132
-212
547
1458
861
320
-669
-1174
-330
-765
-1131
-562
-266
380
513
14
24
-100
-70
-80
-39
-2
160
184
168
300
101
-196
-505
-638
-612
-390
-343
-273
92
396
88
-382
-670
-968
-1448
-1783
-1774
-1582
-981
-637
-392
130
156
422
421
-165
154
31
-461
-734
-1341
-1539
-1449
-1483
-1165
-955
-476
487
843
658
220
-410
-1145
-1813
-2655
-3199
-3124
-2497
-1240
-248
-248
313
1537
2508
2997
2487
2355
3058
3096
2647
1819
1028
1179
1182
561
304
367
533
701
722
1038
1483
1635
1791
2101
2192
1973
1283
958
894
359
-249
-763
-866
-762
-725
-620
-453
-136
148
70
0
29
31
-154
-222
-226
-629
-1469
-2678
-2389
-1352
-790
-207
-73
956
2171
1694
999
191
-512
-322
-1003
-1445
-701
-515
-132
283
283
367
59
-193
-152
95
48
26
129
454
756
573
366
193
150
-233
-443
-513
-833
-630
-417
-403
-154
-340
-439
30
-88
-280
-389
-739
-532
-706
-1360
-1278
-1137
-1187
-927
-777
-404
19
-287
-454
-232
-270
-474
-717
-928
-567
-319
-542
-965
-1654
-2151
-2301
-2606
-2671
-2589
-1946
-224
254
310
1153
2079
3046
2858
2268
2774
2849
2560
1902
942
1268
1424
615
280
651
913
885
851
1296
1603
1651
1456
1386
1675
1585
1005
680
886
834
256
-447
-534
-628
-728
-711
-855
-553
-82
54
92
174
233
68
-245
-406
-680
-1424
-2453
-2455
-1528
-788
-364
-270
383
1661
1659
1022
409
-356
-178
-417
-1022
-750
-435
-202
243
295
409
211
-170
31
245
255
151
110
437
841
728
463
195
145
-121
-346
-349
-463
-353
-43
72
49
-219
-396
-291
-434
-338
-494
-544
-315
-277
-538
-967
-781
-685
-945
-872
-821
-771
-655
-908
-880
-876
-985
-753
-385
42
379
81
-474
-738
-1570
-2974
-3692
-3651
-3104
-2422
-1869
-453
597
1035
1678
2191
2864
2990
2553
2580
2615
2436
1822
809
730
876
527
174
172
627
868
960
1206
1356
1638
1706
1604
1617
1612
1435
1042
872
618
39
-563
-744
-890
-941
-805
-596
-467
-210
204
424
424
254
156
-206
-583
-1449
-2225
-1765
-898
-337
-171
-27
829
1360
888
265
-292
-177
99
-24
-107
201
426
219
-34
-234
-434
-483
-466
-215
270
521
709
694
671
629
534
376
129
-81
-221
-233
-62
-133
-116
-107
-191
-79
-314
-598
-639
-648
-693
-617
-529
-367
-257
-351
-452
-574
-874
-859
-1005
-917
-761
-1077
-1198
-1042
-901
-755
-726
-884
-628
-293
-25
-15
-435
-1026
-1377
-1887
-2393
-2527
-2600
-2204
-1431
-435
-121
-236
432
1418
2200
2119
1844
2566
3039
2936
2465
1436
1253
1203
449
50
79
321
453
382
678
1124
1479
1427
1422
1779
1994
1855
1321
907
746
261
-400
-746
-1029
-1040
-850
-693
-459
-215
2
160
197
178
49
-121
-199
-251
-999
-1842
-1614
-1021
-454
-142
-143
682
1614
1417
1023
155
-89
320
-236
-402
5
48
264
291
179
370
66
-177
-80
159
309
301
149
406
858
814
536
316
23
-202
-309
-478
-489
-342
-147
-130
-25
21
-383
-715
-834
-1069
-1249
-1651
-1401
-559
-154
-255
-766
-701
-148
-311
-928
-1572
-1308
-371
-357
-455
-658
-423
80
-237
-561
-642
-897
-1248
-2086
-2689
-2927
-2887
-2807
-2504
-1185
-670
-501
435
1671
2790
2844
2331
2841
3005
2566
1953
924
786
922
411
49
390
730
698
695
992
1274
1456
1356
1440
1819
1998
1851
1477
1283
1045
545
-114
-453
-643
-952
-988
-863
-647
-285
-183
11
466
534
-98
-898
-1001
-593
-277
-236
-238
337
878
731
319
-404
-698
-777
-1038
-977
-775
-456
-65
237
744
807
577
468
340
583
351
-50
-78
-210
-257
-53
-316
-212
-32
-62
549
858
806
819
580
545
497
-219
-541
-404
-340
-213
-720
-1167
-835
-951
-1153
-1256
-1309
-825
-468
-314
101
245
188
25
-665
-875
-1163
-1639
-1569
-1433
-1030
-676
-609
-196
293
354
269
-225
-942
-1594
-2381
-2954
-2892
-2857
-2691
-1665
-640
-569
-200
679
1843
2694
2410
2457
3119
3205
2924
1888
832
988
726
60
-93
127
501
660
793
1071
1275
1459
1473
1652
1888
1823
1570
1361
1284
1070
494
-120
-417
-702
-781
-799
-879
-711
-394
-138
138
330
413
440
345
438
156
-276
-576
-822
-1427
-2376
-2453
-1898
-1121
-617
-194
672
1496
1583
1505
1001
616
617
-142
-413
-387
-602
-486
-764
-700
-307
-318
70
239
573
1235
1288
1138
1066
1002
696
93
-490
-958
-996
-842
-622
-115
60
179
279
-30
-32
-439
-1132
-1195
-1239
-954
-757
-1045
-920
-621
-659
-576
-766
-1153
-756
-410
-445
-410
-782
-733
-420
-816
-680
-689
-859
-596
-1324
-2208
-2314
-2455
-2313
-2333
-1633
-608
-655
-171
697
1794
2524
2287
2327
3011
3272
3089
2026
1211
1433
1026
363
16
35
359
360
442
868
1285
1638
1602
1731
2203
2201
1699
1247
950
684
1
-644
-916
-1152
-982
-713
-590
-276
132
397
533
559
460
245
-248
-771
-1313
-1528
-1223
-1031
-858
-499
-106
368
244
-13
-44
-245
-199
-290
-410
-109
148
148
107
18
59
-144
-347
-470
-372
-54
21
240
404
487
664
541
352
307
285
318
274
138
-9
12
90
107
84
-161
-352
-518
-805
-872
-1056
-966
-920
-970
-514
-348
-161
25
-398
-96
261
-68
-280
-1184
-1519
-1025
-1068
-872
-782
-622
143
415
303
-136
-887
-1202
-1696
-2059
-2547
-2933
-2767
-2061
-669
-581
-836
277
1445
2257
2257
1849
2617
3123
2962
2390
1474
1367
1206
359
71
299
205
57
416
980
1412
1602
1428
1625
2006
1894
1259
829
787
592
77
-301
-373
-538
-725
-510
-391
-417
-280
-234
-133
134
80
-86
13
117
-134
-758
-1443
-1653
-1425
-1408
-1249
-935
-518
346
791
743
697
425
221
305
79
-55
-25
-292
-136
-13
-238
-383
-449
-311
153
320
300
455
778
782
614
353
140
217
32
-71
174
83
64
228
-88
-244
-423
-727
-588
-543
-602
-581
-782
-676
-504
-624
-789
-756
-644
-364
-49
-250
-307
-156
-103
-205
-500
-909
-919
-713
-591
-210
-235
-465
-389
-658
-1061
-1684
-2578
-2994
-2927
-2224
-1301
-1422
-1039
463
1867
2874
2695
2673
3247
3195
2879
1855
778
742
541
63
-15
70
313
392
677
1155
1375
1547
1498
1653
1923
1986
1446
910
817
673
210
-443
-771
-865
-834
-716
-622
-576
-215
19
145
294
129
-182
-488
-439
-594
-975
-1436
-1908
-1997
-1794
-1337
-783
-350
-27
665
1179
1250
773
177
190
395
244
-135
-433
-169
145
-101
-369
-655
-440
-11
6
239
616
916
1372
1296
1083
1038
501
19
-259
-289
-393
-459
-513
-384
-121
-153
-149
-366
-568
-365
-256
-362
-283
-436
-265
-217
-481
-374
-498
-450
-354
-661
-480
-521
-769
-599
-728
-619
-374
-298
119
181
-178
-414
-1161
-2000
-2541
-2890
-2679
-2480
-1934
-829
-678
-369
658
1354
1800
1799
1876
2462
2605
2540
2066
1311
1416
1212
375
94
232
407
372
509
1013
1233
1498
1528
1597
1946
1842
1367
956
766
631
-8
-644
-786
-860
-748
-545
-538
-377
-90
-70
-121
-292
-442
-537
-709
-747
-755
-819
-1046
-1487
-1376
-1295
-1118
-714
-602
-82
520
654
755
517
187
358
-18
-93
39
-156
-64
75
17
-27
-63
-143
60
491
685
831
1000
1118
1243
790
609
509
62
68
103
-163
-192
-174
-48
-56
-332
-371
-481
-488
-468
-568
-581
-405
-197
-297
-243
-93
-114
-174
-332
-213
-20
-80
1
-543
-980
-812
-1114
-1011
-844
-759
-142
-2
-316
-979
-2005
-2365
-2615
-2988
-2910
-2144
-1003
-818
-448
551
1367
1899
1746
1823
2645
2707
2350
1733
1090
1266
886
94
-141
219
515
600
818
1169
1574
1755
1627
1551
1534
1304
985
653
552
425
127
-125
-146
-188
-307
-279
-473
-511
-370
-444
-483
-501
-481
-341
-321
-306
-391
-480
-641
-884
-1398
-1978
-1960
-1652
-1223
-749
-247
629
1296
1496
1482
896
522
442
-1
-227
-242
-298
-61
2
-112
-27
53
193
415
488
677
992
1045
1005
1101
1048
686
373
124
-129
-203
-460
-605
-251
-140
-175
-280
-436
-83
-97
-607
-710
-619
-309
-350
-761
-803
-309
301
429
-128
-361
-67
-146
-612
-1355
-1646
-1423
-923
-410
-283
-419
-243
-467
-1143
-1851
-2678
-3127
-2899
-2413
-1466
-1339
-1302
-168
873
1729
1888
1786
2441
3067
2919
2410
1467
1195
1082
475
96
-2
206
400
531
1022
1301
1358
1327
1264
1574
1553
1083
797
782
836
454
-89
-289
-367
-498
-473
-517
-432
-324
-402
-428
-434
-410
-540
-723
-587
-302
-400
-575
-779
-1068
-1262
-1312
-1424
-1195
-796
-201
526
833
980
1115
1005
1038
862
366
322
156
276
223
-380
-472
-443
-157
217
44
395
714
1030
1471
1094
1069
1081
637
515
120
-67
46
-334
-323
-213
-440
-362
-517
-709
-438
-381
-415
-267
-406
-220
-227
-296
-204
-394
-528
-846
-816
-498
-756
-1142
-1239
-1039
-374
-553
-836
-645
-729
-483
-771
-1414
-1673
-2086
-2404
-2505
-2398
-1565
-1416
-1795
-1062
247
1243
1477
1473
2279
3095
3109
2714
1742
1480
1553
778
154
13
204
417
355
815
1268
1336
1491
1460
1784
1955
1511
1043
885
774
475
-93
-424
-471
-558
-496
-497
-479
-378
-280
-238
-247
-400
-486
-572
-577
-286
-308
-476
-771
-1233
-1354
-1531
-1516
-1124
-1006
-374
478
917
1317
1222
1197
1026
540
202
-238
-358
-184
-191
-82
94
176
294
228
429
506
474
683
808
948
1078
997
906
679
464
277
-129
-312
-419
-541
-566
-534
-501
-442
-410
-290
-168
-186
-266
-514
-723
-554
-191
-319
-523
-567
-322
-278
-635
-1045
-1314
-1267
-1236
-1220
-895
-452
-177
-132
-607
-934
-1528
-2324
-2789
-2996
-2762
-1850
-1460
-1574
-838
360
1370
1653
1616
2155
3006
3072
2731
2021
1566
1564
958
289
126
297
486
519
989
1366
1484
1577
1487
1683
1744
1488
1174
981
843
568
40
-293
-599
-814
-847
-918
-785
-596
-447
-313
-88
-44
-126
-268
-263
-212
-422
-683
-1192
-1508
-1469
-1683
-1530
-1135
-890
-164
370
790
1217
932
578
668
543
585
566
181
224
504
216
-23
-284
-652
-326
-90
44
495
807
1122
1422
1414
1313
1019
558
126
-29
-195
-426
-528
-524
-558
-462
-507
-676
-350
-338
-209
130
38
109
108
-365
-30
-238
-1042
-1112
-1561
-1004
-645
-1359
-1277
-1102
-725
-207
-877
-1145
-829
-712
-791
-1597
-2074
-2183
-2234
-2021
-1695
-1422
-1742
-1446
-182
693
1163
1227
1546
2749
3203
2761
2012
1592
1783
1511
842
566
599
717
797
893
1146
1317
1399
1432
1722
1809
1575
1244
1266
1244
872
220
-296
-413
-559
-718
-882
-785
-538
-251
-251
-185
5
-46
-192
-349
-404
-494
-787
-1029
-1005
-1067
-1361
-1769
-1706
-1449
-1232
-850
-518
259
875
1030
1255
1181
1196
1131
587
412
207
-150
-369
-592
-375
-346
-350
-97
190
867
1134
1154
1335
1349
1350
1009
463
115
-284
-491
-529
-673
-770
-723
-603
-545
-276
-127
-96
182
215
71
-43
-576
-843
-973
-1230
-1064
-1028
-1122
-817
-626
-614
-435
-491
-598
-578
-834
-1047
-1329
-1882
-2303
-2484
-2453
-2194
-1730
-1183
-216
168
-443
-493
2
435
575
460
1098
2255
2810
2797
2420
2184
2206
1625
878
711
850
930
829
1112
1461
1581
1573
1454
1635
1739
1497
1109
1062
1116
813
256
-126
-155
-234
-466
-614
-477
-271
-91
-233
-272
-132
-283
-465
-593
-656
-812
-1038
-1211
-1046
-1084
-1318
-1378
-1378
-1070
-981
-1031
-571
-75
297
607
542
633
721
459
389
179
84
177
15
97
84
-55
-126
-294
-127
96
305
514
711
1101
1158
1127
1055
662
350
-162
-630
-729
-840
-808
-637
-549
-252
-27
-23
7
-163
-347
-470
-468
-658
-796
-677
-760
-691
-634
-696
-581
-779
-1018
-927
-937
-950
-911
-1041
-902
-1020
-1664
-1897
-2099
-2105
-1769
-1375
-619
-516
-874
-437
214
757
781
640
1589
2536
2748
2564
2015
2120
2221
1547
1089
961
1081
1122
969
1230
1402
1421
1387
1401
1646
1662
1404
1261
1306
1344
1042
469
114
-172
-347
-585
-747
-805
-685
-517
-398
-248
-149
-187
-146
-155
-396
-602
-801
-893
-1025
-1362
-1695
-1852
-1826
-1394
-876
-477
20
276
539
784
661
519
300
250
405
314
248
52
-205
-318
-457
-496
-505
-443
67
615
1043
1243
1068
1227
1154
721
282
-248
-504
-531
-767
-763
-635
-548
-271
-194
-9
118
3
-103
-72
-113
-296
-708
-1281
-1410
-1404
-1368
-1218
-1171
-947
-590
-592
-442
-565
-685
-469
-529
-499
-565
-732
-798
-1048
-1487
-1835
-1857
-1336
-971
-1597
-2093
-1326
-309
356
460
933
2270
3229
3401
2948
2625
2696
2266
1363
777
664
671
459
571
1068
1270
1481
1577
1742
2145
2066
1694
1473
1581
1500
841
279
65
-218
-592
-853
-1018
-986
-862
-721
-654
-374
-218
-201
-110
39
-89
-727
-1137
-1313
-1760
-1896
-1783
-1550
-913
-671
-460
-81
38
295
267
128
493
594
497
480
404
362
243
-112
-235
-152
-124
-153
-102
28
231
292
271
361
446
593
635
523
579
442
153
-3
-370
-712
-1064
-1173
-917
-600
-410
-365
-270
124
244
-143
-685
-1215
-1074
-1045
-1279
-1232
-1165
-515
-29
-197
-159
-131
-227
-235
-581
-586
-604
-811
-666
-855
-1300
-1643
-1709
-1248
-768
-936
-1756
-1743
-704
42
157
127
1031
2367
2976
2952
2666
2524
2495
1965
1261
913
841
613
540
894
1153
1196
1283
1528
1972
2075
1862
1667
1645
1649
1166
497
179
-66
-377
-608
-869
-789
-838
-780
-588
-445
-196
-215
-220
-25
30
-164
-338
-769
-1291
-1725
-2114
-2115
-1871
-1687
-1204
-575
-46
284
141
225
458
415
322
139
182
395
336
36
-224
-274
-166
-319
-174
96
210
496
544
763
835
622
575
389
206
78
-282
-416
-386
-581
-636
-715
-703
-420
-408
-313
-239
-359
-148
-69
-163
-234
-667
-919
-680
-867
-1077
-1228
-1176
-489
-60
-155
-333
-407
-257
-228
-501
-704
-824
-972
-1300
-1399
-1161
-1003
-770
-892
-1337
-960
-544
-352
-18
205
1110
2125
2477
2564
2349
2298
2360
1785
1207
945
907
1006
969
991
1001
1153
1399
1441
1642
1792
1610
1611
1740
1681
1319
746
391
149
-126
-431
-771
-838
-718
-685
-672
-650
-407
-206
-128
10
-4
-25
-221
-471
-862
-1467
-2004
-2293
-2025
-1820
-1723
-1175
-491
204
701
610
659
709
483
124
-389
-502
-467
-725
-734
-523
-237
72
230
395
643
742
607
478
504
491
214
-81
-150
-278
-445
-539
-729
-590
-493
-393
-121
-186
-102
27
-23
146
4
-356
-417
-528
-574
-799
-964
-647
-369
-386
-501
-588
-483
-601
-692
-797
-694
-236
32
269
154
-473
-969
-1131
-1196
-1174
-1800
-2362
-1802
-917
-337
-86
220
1127
2126
2499
2492
2287
2225
2251
1837
1391
1122
882
693
710
819
880
922
1093
1366
1648
1747
1695
1634
1686
1661
1353
1006
749
401
82
-129
-421
-495
-548
-549
-475
-474
-331
-326
-313
-206
-139
-172
-208
-404
-852
-1148
-1696
-2080
-2060
-2012
-1592
-1018
-583
269
789
914
937
437
249
98
-419
-620
-852
-858
-583
-651
-561
-314
-26
271
447
648
955
918
834
555
163
0
-402
-636
-835
-920
-580
-470
-369
-206
-267
-45
45
-167
-197
-427
-473
-363
-528
-473
-630
-739
-487
-626
-786
-998
-1106
-717
-341
-190
-42
-47
188
236
-22
43
3
-66
-386
-790
-753
-818
-1112
-1130
-1525
-1693
-1308
-864
-224
261
811
1601
2223
2574
2502
2023
1748
1596
1267
905
744
840
937
941
1034
972
1093
1230
1152
1305
1478
1402
1390
1342
1328
1318
925
612
332
119
-104
-422
-542
-470
-442
-418
-393
-429
-420
-695
-1017
-1249
-1314
-1000
-809
-526
-69
100
212
55
-304
-456
-731
-967
-1010
-994
-728
-484
-340
-40
96
117
206
151
71
41
-104
-139
-6
-13
62
-34
7
70
-101
-123
-287
-201
-29
-14
171
127
108
164
-228
-481
-944
-1177
-947
-1039
-715
-516
-349
73
-91
-120
-114
-433
-405
-640
-731
-362
-451
-629
-762
-667
-457
-506
-628
-543
-111
418
623
871
936
799
436
-262
-745
-1045
-1494
-2021
-2176
-1750
-1063
-617
-123
581
1494
2088
2150
2124
2118
2112
1840
1311
1050
976
822
638
560
741
894
948
965
1108
1313
1316
1234
1173
1247
1284
1140
967
724
410
152
-195
-364
-490
-676
-625
-713
-784
-712
-693
-369
-30
-62
112
193
124
41
-413
-756
-906
-1036
-937
-875
-761
-585
-514
-454
-406
-389
-411
-325
-57
142
262
336
277
231
5
-129
-398
-638
-638
-611
-496
-276
-155
64
336
492
571
371
187
21
-295
-678
-986
-1296
-1411
-1251
-776
-334
11
215
311
442
278
54
-223
-651
-813
-802
-879
-826
-936
-916
-588
-235
-20
94
78
281
502
438
473
511
631
786
621
56
-451
-862
-1053
-1229
-1515
-1707
-1498
-696
-88
291
547
1045
1634
1834
1700
1561
1448
1381
1191
777
561
633
632
611
784
862
915
980
1040
1224
1225
995
855
847
982
907
480
245
189
44
-228
-869
-1119
-983
-531
160
411
673
951
971
924
267
-460
-970
-1299
-1206
-1203
-1164
-862
-573
-278
-146
-327
-325
-454
-417
-379
-537
-403
-269
-181
1
-88
-179
-117
-298
-317
-321
-424
-332
-382
-274
4
53
239
134
21
143
-18
-307
-707
-897
-698
-718
-585
-353
-111
225
138
-72
-261
-567
-637
-797
-790
-348
-163
79
130
3
-186
-661
-909
-885
-783
-390
58
419
842
1192
1364
1299
916
632
397
38
-228
-442
-561
-680
-749
-755
-739
-810
-884
-758
-442
5
291
462
761
1120
1330
1283
1181
1235
1225
1100
897
789
708
539
411
226
216
216
125
245
572
806
979
1136
1241
1289
1065
730
541
382
335
286
123
204
336
141
21
-61
-193
-125
-198
-354
-369
-399
-398
-494
-750
-742
-787
-771
-711
-878
-824
-747
-777
-702
-730
-642
-472
-411
-233
-81
30
14
-48
-43
-153
-209
-250
-373
-375
-274
-290
-252
-246
-244
-223
-369
-278
-188
-430
-399
-480
-547
-281
-292
-303
-264
-202
-110
-333
-422
-249
-357
-262
-236
-199
-26
-141
-211
-369
-384
-139
-277
-148
294
492
710
611
836
1066
751
573
329
247
462
123
-119
-38
-72
-58
-354
-418
-445
-680
-676
-583
-536
-394
-175
239
726
1167
1480
1521
1696
1642
1198
875
463
40
-249
-465
-376
-145
-61
249
850
1250
1491
1493
1404
1532
1458
1054
733
503
366
140
-250
-296
-223
-238
-173
-130
103
284
358
219
-32
-58
-252
-528
-780
-945
-998
-946
-940
-981
-1038
-913
-844
-760
-613
-568
-404
-369
-270
-204
-343
-533
-683
-693
-710
-717
-783
-890
-658
-410
-306
-297
-343
-152
25
-156
-148
-325
-545
-412
-497
-583
-466
-322
-211
-215
-203
-220
-267
-281
-220
-46
119
210
314
316
525
763
572
566
451
310
348
175
-28
-153
-20
377
624
872
950
922
1152
1017
726
338
-85
26
14
-41
-76
-294
-143
67
-13
13
-27
98
504
835
964
942
933
815
596
234
-338
-760
-838
-801
-616
-346
-25
455
815
1056
1123
939
787
657
357
292
202
29
23
19
80
1
-65
-107
-168
-114
-51
-155
-89
-73
-120
-86
-166
-129
-159
-292
-209
-239
-380
-511
-766
-793
-675
-745
-733
-687
-531
-184
-146
-213
-193
-225
-115
-261
-401
-432
-543
-450
-472
-375
-190
-182
-66
-18
-49
-101
-340
-391
-426
-514
-391
-462
-394
-119
-154
-176
-175
-298
-298
-189
-159
-151
-51
35
220
425
459
413
327
328
261
158
44
-21
-4
16
209
261
396
694
721
717
770
606
477
318
185
358
345
216
196
290
484
396
142
0
12
25
-60
-152
-57
234
357
265
328
452
428
347
184
99
30
-72
-94
-3
141
149
109
106
264
404
229
142
269
376
480
363
116
156
-19
-190
-239
-405
-295
-164
-84
-19
-231
-345
-465
-657
-650
-738
-720
-439
-225
-101
-77
-219
-184
-305
-404
-487
-541
-439
-399
-406
-391
-374
-331
-320
-180
118
258
496
653
705
712
437
100
-223
-455
-540
-682
-574
-211
-21
198
323
281
213
105
-103
-352
-432
-493
-596
-656
-670
-599
-324
-90
69
206
377
594
514
290
168
141
38
36
5
-50
84
118
29
107
214
358
465
576
775
856
837
791
659
416
141
-32
-147
-241
-297
-432
-382
-184
-28
55
43
48
102
101
46
-91
-235
-226
-145
-42
-11
35
153
373
499
370
242
235
341
246
99
107
181
279
233
63
66
135
60
-41
-84
-71
-58
-114
-210
-221
-267
-374
-443
-420
-292
-205
-153
-30
38
6
-160
-490
-741
-728
-773
-835
-695
-485
-211
12
-11
-54
-94
-122
-193
-294
-187
-36
76
277
395
461
584
471
421
391
252
212
245
305
380
258
170
104
43
-32
-156
-134
29
197
241
256
204
144
113
105
-102
-186
-30
26
47
19
-166
-234
-187
-178
-215
-254
-42
192
306
400
283
225
178
10
-70
-123
-108
12
116
153
91
-6
-8
-66
31
60
-41
65
227
278
61
-254
-500
-613
-574
-605
-649
-241
280
514
507
303
98
-10
-114
-370
-476
-236
113
413
474
361
229
64
-52
-245
-386
-327
-133
36
98
39
-58
-143
-195
-207
-271
-184
-83
67
174
52
-144
-323
-573
-689
-653
-649
-449
-90
163
228
145
-138
-370
-419
-474
-523
-343
10
453
706
682
583
516
543
479
195
74
260
426
494
432
258
218
248
177
48
117
254
418
556
658
676
573
365
93
-46
-90
-258
-290
-132
18
202
172
99
122
123
125
141
107
230
369
402
236
19
-214
-492
-577
-564
-466
-294
-28
340
568
593
479
160
-107
-242
-336
-355
-443
-485
-338
-169
-205
-470
-665
-549
-373
-404
-555
-498
-205
-2
-38
-210
-242
-72
-21
-188
-263
-277
-214
-122
-193
-146
-18
-28
57
175
210
226
170
197
221
146
20
-189
-317
-321
-330
-261
-207
-2
230
242
180
85
-58
-142
-298
-525
-591
-546
-501
-441
-457
-410
-208
-78
-174
-182
-50
133
366
378
341
463
585
616
509
300
262
242
277
286
252
296
382
422
409
450
444
368
395
318
250
203
69
124
342
432
388
378
428
519
444
314
139
40
88
-40
-177
-182
-134
-29
93
127
197
267
268
184
91
0
-85
-168
-241
-247
-186
-8
33
60
101
164
124
83
-57
-198
-231
-291
-324
-341
-394
-473
-399
-351
-353
-303
-252
-202
-60
-2
-52
-194
-243
-207
-278
-350
-459
-434
-206
-92
-58
-75
39
255
168
56
-69
-253
-221
-325
-513
-475
-417
-375
-207
-58
-1
103
193
179
85
-60
-152
-136
-192
-389
-569
-562
-450
-430
-479
-435
-205
103
157
104
62
88
142
-47
-284
-261
-140
-14
116
264
418
513
595
566
496
394
311
328
330
262
199
150
228
256
222
324
521
717
755
774
686
632
542
281
68
71
139
198
290
340
422
424
337
235
141
113
105
97
122
167
62
-79
-167
-248
-373
-394
-205
-63
89
121
45
-59
-157
-254
-402
-491
-388
-306
-175
38
2
-29
-26
-174
-332
-448
-505
-495
-444
-314
-262
-194
-126
-100
-123
-133
-27
58
161
256
242
196
91
-103
-360
-493
-544
-540
-409
-253
-60
141
211
172
100
-36
-173
-310
-378
-400
-345
-241
-215
-116
-104
-246
-225
-183
-279
-321
-367
-354
-267
-303
-424
-496
-377
-343
-308
-234
-103
191
388
392
426
467
382
297
206
255
311
281
263
280
275
172
11
3
249
403
429
517
592
736
723
515
358
356
406
360
356
375
379
480
491
302
208
155
111
182
275
228
288
474
498
348
219
140
37
37
26
47
120
93
37
-16
-25
-84
-282
-323
-207
-202
-199
-200
-162
-44
-42
-165
-279
-321
-357
-451
-582
-540
-545
-538
-496
-469
-401
-365
-318
-263
-175
-97
-68
-32
45
28
-38
-85
-133
-183
-237
-257
-238
-198
-171
-71
54
187
122
-33
-101
-212
-299
-405
-451
-279
-114
-85
-60
-35
-29
-101
-237
-312
-338
-289
-310
-325
-257
-195
-238
-297
-289
-263
-188
-116
-68
14
180
240
190
214
259
222
272
322
281
351
415
400
376
344
247
181
255
293
282
315
405
531
623
611
605
593
526
436
314
248
300
238
175
196
155
134
144
187
243
304
365
387
440
449
346
152
-19
-108
-156
-224
-225
-115
-34
93
160
82
89
98
47
-28
-92
-71
-47
-59
-176
-368
-428
-398
-492
-549
-443
-279
-135
-63
-39
-80
-131
-193
-351
-465
-415
-366
-304
-130
-15
-16
-41
-125
-274
-313
-343
-419
-337
-223
-170
-101
-69
-135
-153
-228
-376
-430
-414
-418
-392
-353
-314
-233
-223
-192
-134
-90
-36
-92
-157
-190
-229
-286
-343
-358
-365
-201
-55
-35
69
203
198
223
197
100
156
233
270
297
444
495
482
548
539
461
380
241
116
116
82
75
203
381
511
565
656
671
572
446
341
277
285
265
172
183
195
170
110
71
109
201
270
281
285
298
281
209
156
111
45
2
-38
-38
-30
-51
-32
83
162
145
57
12
-42
-122
-200
-325
-276
-194
-168
-157
-182
-170
-168
-218
-290
-287
-290
-272
-229
-202
-159
-150
-149
-131
-147
-148
-139
-163
-142
-78
-95
-97
-83
-113
-137
-154
-177
-202
-240
-261
-271
-265
-248
-295
-317
-323
-278
-245
-235
-219
-210
-181
-175
-183
-206
-167
-206
-242
-271
-308
-285
-277
-281
-292
-259
-186
-162
-91
9
91
170
190
249
277
254
258
231
150
132
137
106
160
226
230
231
214
229
237
224
189
200
262
357
388
368
380
418
402
306
265
203
242
267
230
212
253
333
352
314
268
259
238
218
182
150
187
175
166
150
112
29
-31
-8
5
-16
-11
57
121
115
30
-34
-75
-83
-132
-195
-199
-188
-222
-287
-266
-232
-266
-256
-183
-86
27
31
-30
-55
-107
-176
-184
-193
-175
-137
-102
-41
52
83
25
28
25
16
-22
-108
-154
-119
-95
-132
-152
-135
-113
-133
-150
-181
-238
-282
-302
-316
-344
-352
-360
-316
-203
-166
-237
-258
-244
-288
-302
-356
-406
-262
-160
-114
-20
53
98
165
124
60
58
25
18
56
90
73
149
188
172
140
79
42
58
40
41
99
163
245
324
341
369
377
327
253
204
148
108
104
58
76
128
158
186
251
264
309
325
270
268
282
239
193
128
122
171
170
179
181
173
171
148
69
27
-11
-65
-59
-102
-165
-152
-107
-104
-119
-144
-130
-118
-104
-105
-78
-51
-43
-14
6
7
5
-86
-124
-71
-21
0
-29
-10
44
43
-12
-47
-122
-125
-53
-61
-44
21
29
20
60
-16
-129
-147
-189
-148
-63
-114
-150
-113
-131
-200
-262
-311
-272
-172
-142
-129
-93
-137
-173
-230
-307
-337
-304
-261
-201
-80
4
13
-3
-29
-78
-90
-92
-23
45
104
144
140
158
108
-45
-138
-134
-124
-89
-52
71
168
228
201
119
132
111
67
-16
-49
-4
48
87
94
143
171
125
110
71
72
126
122
101
146
138
151
188
160
184
251
287
259
239
239
227
221
141
57
69
112
131
99
107
130
132
97
30
-21
-24
-51
-97
-77
-76
-41
24
49
60
28
20
9
36
29
-26
-13
-4
-5
-17
-53
-50
-5
-3
-40
8
120
135
117
86
-9
-60
-98
-202
-210
-157
-152
-89
-69
-78
-94
-159
-181
-190
-226
-249
-191
-138
-117
-132
-208
-257
-294
-314
-332
-332
-236
-101
-35
-3
14
-10
-37
-105
-147
-172
-144
-105
-105
-44
-24
-11
2
-34
-38
6
-24
5
36
32
65
84
49
-22
-21
-48
-88
-74
-56
-19
75
144
172
214
181
121
81
-8
-80
-104
-112
-45
36
111
178
268
335
352
336
265
196
201
147
80
85
97
125
137
149
134
130
169
179
166
161
160
149
126
50
-44
-119
-142
-142
-104
