-5
-1
7
6
8
0
3
8
5
7
-3
-12
-15
-29
-27
-28
-22
-16
-12
-10
-3
-8
-24
-10
-10
-16
-19
-21
-23
-15
-21
-14
-7
-5
-2
-13
-7
-6
-2
1
-4
-8
6
9
6
14
23
15
18
11
17
23
17
20
21
20
12
9
3
-7
-5
0
-5
-6
-6
2
1
9
9
10
10
14
2
-2
-3
-3
12
4
2
7
8
14
20
15
14
10
9
14
3
8
4
-1
-1
-2
-5
-3
-5
1
-5
-10
-8
-11
-13
-8
-1
1
11
10
18
18
23
22
24
17
17
11
1
4
6
9
11
11
6
10
6
6
-2
-2
3
-4
-9
-8
-6
-16
-14
-5
-5
-7
-5
-9
-12
-9
-20
-20
-13
-18
-7
-7
0
5
-1
-4
-9
-7
-15
-14
-12
-1
-2
4
-1
-2
-8
-3
1
0
8
2
14
1
3
-7
-12
-12
-19
-15
-12
-18
-24
-11
-19
-13
-30
-27
-24
-33
-24
-17
-13
-19
-22
-16
-11
-10
-9
-8
-1
1
9
0
4
20
17
22
13
17
27
19
29
21
27
20
23
22
25
24
13
16
20
26
25
29
20
20
13
9
8
5
-2
0
0
2
1
-2
-4
-8
-10
-22
-2
-2
2
3
-6
0
-7
-6
-15
-16
-16
-12
-9
0
11
20
10
4
13
5
5
5
4
16
18
10
16
16
10
19
16
14
15
11
4
5
-3
-5
-9
-3
-5
-15
-18
-19
-13
-17
-17
-19
-36
-31
-15
-17
-10
-11
-16
-14
-9
-13
-7
-8
-12
-4
-5
-7
-1
-4
-12
-2
-5
8
11
7
10
3
0
11
10
3
6
3
1
5
8
11
-4
4
-10
-13
-10
-16
-5
0
14
10
-1
7
2
-3
1
9
3
-3
-2
-9
1
9
4
9
19
6
6
11
6
1
9
3
3
7
-5
2
-2
4
1
-4
1
-5
-8
-2
-7
-5
-7
-4
1
3
-10
-16
-12
-23
-11
-14
-8
7
-3
0
0
-6
-7
-11
-11
-15
-14
1
-3
4
8
10
20
15
15
8
8
11
8
13
5
12
0
-8
-1
-1
0
-3
-4
-7
4
12
11
9
9
9
7
9
8
5
21
3
0
7
5
5
10
11
10
13
-1
-8
-12
-7
-13
-13
-5
-6
-6
-3
-5
-5
-9
-13
-7
-10
-5
-3
-9
-11
-15
-14
-5
0
-8
-1
2
-2
-7
4
-6
-13
-3
-9
-3
1
-5
-6
-3
-5
-6
-2
-2
4
7
8
-5
2
4
-3
2
15
19
17
25
21
20
16
22
5
-4
0
-4
7
8
15
10
15
9
8
8
2
1
-3
6
7
5
14
19
17
-2
19
21
-19
-32
-33
-46
-23
-117
-164
-41
-7
-32
-87
-227
-209
-58
-35
-94
-129
-95
-48
-76
-11
22
-13
53
115
113
176
246
257
295
323
311
258
299
393
366
286
283
277
261
297
250
163
172
133
70
9
7
5
-61
-131
-167
-229
-251
-262
-303
-324
-357
-430
-457
-459
-473
-468
-501
-529
-528
-536
-556
-550
-510
-474
-506
-513
-474
-448
-418
-371
-365
-357
-284
-227
-186
-104
-17
68
96
141
226
285
368
440
457
497
568
620
687
747
792
830
852
918
961
988
1038
1053
1052
1070
1088
1078
1078
1074
1011
941
865
800
725
646
536
412
302
204
70
-59
-152
-295
-412
-499
-649
-751
-804
-917
-1009
-1082
-1182
-1244
-1307
-1344
-1355
-1443
-1482
-1527
-1595
-1571
-1519
-1523
-1439
-1418
-1551
-1517
-1346
-1190
-1091
-1146
-1144
-952
-768
-667
-632
-543
-286
-158
-194
-58
129
325
484
509
595
804
961
1105
1264
1394
1504
1354
1185
1585
1966
1847
1647
1488
1364
1642
1853
1659
1384
1348
1518
1356
1123
1270
1205
1098
1131
935
772
961
1060
1009
765
603
605
474
577
671
326
136
223
80
61
27
-144
-183
-271
-475
-546
-662
-643
-624
-876
-1087
-1109
-1217
-1265
-1353
-1430
-1462
-1573
-1819
-1948
-1937
-1840
-1811
-1991
-2179
-2267
-2221
-2160
-2215
-2267
-2209
-2244
-2317
-2292
-2181
-2057
-1831
-1788
-1721
-1539
-1271
-989
-687
-391
-118
-2
198
627
944
1182
1403
1524
1740
1980
2113
2278
2510
2689
2715
2660
2791
2993
3007
2992
3032
2939
2871
2478
2347
2898
2710
2118
2023
1540
1395
1854
1263
682
683
615
396
-151
-183
79
-414
-539
-577
-1038
-790
-459
-886
-936
-962
-1036
-1053
-1109
-781
-885
-1337
-1025
-875
-1097
-845
-826
-873
-698
-849
-840
-747
-718
-486
-663
-965
-704
-759
-1067
-998
-1054
-1149
-1207
-1493
-1544
-1425
-1629
-1713
-1736
-1913
-1889
-1980
-2068
-1926
-1925
-1987
-1982
-2061
-1863
-1626
-1695
-1431
-1136
-1063
-830
-605
-336
45
247
492
725
843
1237
1469
1564
1921
2053
1922
2208
2503
2590
2644
2626
2643
2787
2838
2853
2706
2581
2760
2616
2263
2222
2168
2035
1917
1641
1420
1281
1176
1116
831
589
597
340
97
88
-56
-169
-246
-395
-458
-628
-689
-630
-799
-869
-779
-981
-1012
-855
-922
-965
-899
-860
-771
-900
-937
-812
-870
-860
-873
-989
-977
-889
-854
-942
-1097
-1031
-1054
-1205
-1266
-1346
-1535
-1471
-1426
-1551
-1771
-1936
-1920
-1932
-1988
-2142
-2335
-2336
-2118
-2135
-2357
-2299
-2028
-1821
-1767
-1685
-1425
-1075
-754
-521
-350
-39
382
623
801
1104
1411
1578
1752
2032
2277
2371
2502
2723
2854
2890
2930
3014
3157
3155
2712
2705
3264
3185
2672
2365
2083
2307
2543
1809
1250
1348
1604
1364
646
535
757
515
326
91
-198
20
108
-287
-454
-499
-502
-689
-731
-523
-760
-1126
-855
-619
-782
-823
-940
-906
-716
-773
-1028
-1023
-841
-781
-1025
-1291
-1124
-1093
-1206
-1382
-1476
-1416
-1320
-1473
-1567
-1577
-1559
-1663
-1908
-1857
-1715
-1739
-1800
-1957
-2141
-2060
-1929
-2088
-2235
-2204
-2083
-2050
-2173
-2105
-1916
-1701
-1504
-1394
-1282
-798
-402
-313
-88
372
671
852
1049
1394
1715
1840
2029
2267
2403
2572
2734
2698
2968
3216
2974
2740
3075
3295
2977
2707
2813
2874
2679
2407
2203
2201
2340
2054
1541
1422
1647
1466
1000
825
829
673
384
268
142
62
-43
-297
-476
-447
-524
-740
-789
-682
-735
-1024
-1058
-890
-861
-1014
-1182
-1203
-1116
-1159
-1395
-1416
-1281
-1262
-1488
-1600
-1605
-1633
-1538
-1592
-1801
-1673
-1619
-1780
-1666
-1584
-1664
-1673
-1779
-1865
-1808
-1685
-1515
-1565
-1832
-1908
-1758
-1703
-1648
-1741
-1791
-1626
-1611
-1648
-1606
-1392
-910
-806
-1044
-729
-174
65
183
381
749
1080
1110
1197
1577
1965
2166
2056
2002
2389
2723
2572
2425
2673
2867
2641
2394
2615
2845
2661
2407
2254
2224
2300
2130
1909
1933
1960
1712
1348
1300
1532
1351
968
852
901
811
573
385
442
507
290
0
-80
0
45
-172
-404
-305
-314
-567
-684
-650
-663
-802
-1083
-1208
-1177
-1288
-1477
-1561
-1681
-1703
-1802
-1964
-1928
-1831
-1893
-2077
-2088
-1914
-1963
-2089
-2022
-1906
-1923
-1989
-2096
-2113
-1966
-1707
-1691
-2010
-2062
-2001
-2000
-1806
-1670
-1706
-1857
-1812
-1538
-1516
-1468
-1157
-1062
-929
-557
-447
-210
268
702
886
926
1116
1434
1773
1997
2178
2317
2291
2490
2801
2759
2719
2945
2858
2794
2855
2750
2760
2808
2791
2617
2376
2376
2445
2265
2187
2127
1873
1761
1646
1584
1480
1335
1215
1090
884
744
604
501
532
350
136
-29
-96
-129
-226
-500
-612
-672
-879
-1002
-1120
-1263
-1324
-1561
-1718
-1765
-1942
-1923
-2097
-2291
-2202
-2303
-2426
-2247
-2293
-2248
-2241
-2304
-2201
-2179
-2042
-2046
-2104
-1870
-1726
-1911
-1791
-1573
-1655
-1418
-1277
-1429
-1276
-1235
-1332
-1150
-872
-978
-1196
-1101
-714
-503
-645
-995
-519
408
354
-174
-296
302
1550
1724
629
828
1882
2429
2150
1452
1769
2835
2829
2155
1869
2228
3117
2826
1852
2034
2498
2439
2089
1875
2042
2116
1687
1668
1801
1756
1653
1226
1338
1637
1180
758
965
1212
1175
552
166
673
852
429
-32
-166
213
290
-379
-570
-294
-311
-560
-1051
-1154
-882
-1140
-1496
-1513
-1545
-1702
-1777
-2058
-1985
-1676
-1894
-2289
-2002
-1628
-1995
-2075
-1729
-1601
-1613
-1575
-1810
-1597
-1118
-1239
-1494
-1284
-1214
-1081
-973
-1096
-891
-709
-1385
-1349
-659
-815
-891
-1084
-1333
-911
-799
-1207
-1075
-948
-666
-350
-725
-602
118
214
341
489
572
819
904
1127
1449
1396
1451
1629
1263
1458
2082
2047
1707
1685
1618
1607
2019
2167
1772
1471
1904
2186
1772
1710
2035
2019
2085
2044
1694
1770
2292
2345
1957
1653
1861
1927
1667
1716
1658
1308
1286
1258
886
744
677
520
271
-6
-216
-466
-703
-707
-969
-1461
-1681
-1694
-1723
-2089
-2384
-2259
-2192
-2415
-2588
-2790
-2425
-2034
-2238
-2519
-2465
-2237
-1980
-1893
-2034
-1848
-1647
-1623
-1593
-1632
-1756
-1453
-1177
-1144
-1031
-1356
-1775
-1174
-729
-1198
-1492
-1507
-1300
-918
-1144
-1464
-1159
-838
-713
-941
-1022
-375
175
115
172
464
658
922
918
1203
1691
1619
1378
1229
1769
2610
2248
1700
1962
1972
2358
2645
2155
2225
2547
2462
2279
2047
2393
2740
2406
2269
2309
2056
2351
2541
2203
2165
2091
2014
1921
1829
1856
1745
1349
1400
1288
830
768
681
400
248
-176
-576
-524
-562
-806
-1257
-1538
-1419
-1647
-2144
-2165
-2248
-2395
-2220
-2430
-2777
-2665
-2500
-2453
-2439
-2455
-2348
-2414
-2254
-1803
-1888
-2101
-1876
-1577
-1542
-1739
-1513
-1364
-1383
-985
-1079
-1489
-1140
-1085
-1312
-995
-1134
-1329
-1198
-1171
-1240
-1237
-1384
-1348
-1395
-1032
-505
-898
-1004
-370
-456
-152
676
321
206
980
1261
1272
1237
1248
1960
2080
1822
1865
1779
2253
2892
2214
1896
2425
2785
2686
2258
2278
2736
2662
2565
2542
2261
2585
2780
2299
2186
2325
2279
2283
2156
2117
2083
1645
1693
1807
1356
1206
1146
821
678
442
-39
-149
-225
-318
-710
-1430
-1343
-1116
-1539
-1866
-1818
-2032
-2255
-2248
-2318
-2479
-2440
-2248
-2559
-2728
-2230
-2148
-2563
-2200
-1872
-2207
-1979
-1701
-1837
-1645
-1568
-1501
-1428
-1438
-1453
-1370
-1367
-1039
-1126
-1523
-1402
-1178
-1216
-1319
-1437
-1362
-1066
-1287
-1812
-1751
-1308
-1108
-1152
-1417
-1348
-719
-360
-459
-284
38
545
640
606
893
1355
1685
1816
1739
1828
2012
1682
2262
3116
2604
2111
2122
2070
2929
3329
2390
1963
2542
3210
2882
1982
2358
3087
2764
2359
2026
2041
2871
2967
2033
1683
1979
2152
1743
1267
1441
1349
740
579
451
194
129
-233
-465
-526
-1047
-1398
-1317
-1275
-1311
-1773
-2383
-2272
-2130
-2405
-2642
-2692
-2443
-2363
-2664
-2761
-2596
-2234
-2171
-2457
-2087
-1555
-1839
-1782
-1530
-1485
-1351
-1383
-1476
-1306
-914
-1065
-1223
-1145
-930
-843
-1231
-1412
-692
-724
-1369
-1373
-1182
-1029
-1131
-1529
-1446
-1060
-868
-910
-1795
-1508
380
323
-921
-734
-207
584
1350
813
301
989
2013
2082
1224
1078
1717
2821
3031
1985
1624
2224
2525
3079
2822
1692
1973
2831
2979
2329
1806
2212
2562
2519
2260
1768
1733
2696
2821
1670
1274
1760
2175
1760
1351
965
703
810
918
319
-175
16
105
-288
-739
-897
-773
-673
-776
-1249
-1594
-1612
-1518
-1409
-1703
-2134
-1975
-1626
-1825
-2235
-2031
-1918
-2131
-1503
-1278
-2122
-1970
-1135
-1374
-1521
-1298
-1509
-1396
-942
-1137
-1395
-1416
-1378
-1257
-1294
-1292
-1227
-1383
-1495
-1352
-1393
-1587
-1752
-1538
-1288
-1766
-2085
-1676
-1423
-1222
-1207
-1645
-1288
-535
-508
-695
-477
184
750
483
349
861
1342
1559
1576
1030
1560
2731
2148
1694
2173
2110
2515
2926
2125
2020
2576
2945
2782
2154
2345
2763
2490
2793
2686
2035
2443
2834
2287
2085
2082
2145
2085
1742
1668
1362
1045
1446
1226
489
551
568
176
154
22
-378
-586
-733
-712
-1188
-1499
-1075
-1296
-1886
-1737
-1763
-2154
-1885
-1588
-2050
-2409
-1917
-1685
-2283
-2087
-1838
-2097
-1803
-1390
-1866
-2249
-1474
-1388
-1894
-1548
-1396
-1449
-1440
-1622
-1469
-1361
-1467
-1245
-1580
-1911
-1241
-1357
-1856
-1643
-1458
-1492
-1779
-1906
-1431
-1208
-1282
-1153
-1271
-1034
-176
-120
-499
-142
565
752
549
643
1024
1456
1639
1653
1548
1739
2239
2063
1794
2478
2725
2195
2201
2279
2401
2815
2499
2253
2442
2454
2659
2506
2238
2660
2566
2191
2342
2280
2337
2386
2071
1969
1891
1588
1586
1506
1344
1212
715
536
666
399
176
-79
-364
-354
-577
-1037
-1070
-930
-1202
-1226
-1730
-2321
-1422
-1372
-2469
-2106
-2135
-2699
-1827
-1863
-2861
-2495
-1961
-2247
-2093
-1888
-2274
-2103
-1446
-1780
-2018
-1624
-1577
-1383
-1374
-1790
-1629
-1108
-1085
-1390
-1711
-1402
-905
-1182
-1409
-1132
-1158
-1314
-1180
-1178
-1256
-782
-717
-1267
-943
-223
-186
-386
-99
340
534
402
553
1032
1294
1315
1136
1348
1947
2006
1705
1299
1636
2951
2460
1472
1876
2073
2368
2781
1875
1706
2494
2534
2287
1851
2026
2655
2278
1959
2113
1866
2128
2464
1874
1504
1682
1615
1519
1413
1366
974
558
727
833
230
59
182
-209
-274
-259
-823
-921
-578
-721
-1267
-1680
-1585
-1537
-1612
-1847
-2156
-1898
-1739
-2257
-2325
-2147
-2151
-1822
-1899
-2436
-1912
-1484
-1938
-2137
-1747
-1611
-1617
-1487
-1652
-1818
-1467
-1207
-1501
-1513
-1511
-1505
-1338
-1343
-1385
-1504
-1525
-1328
-1560
-1581
-1399
-1400
-1176
-1073
-1351
-1037
-563
-563
-436
-183
83
357
382
552
902
1125
1356
1405
1397
1741
1646
1860
2168
2280
2658
2392
1919
2536
2831
2585
2712
2401
2697
2859
2478
2631
2709
2593
2708
2451
2259
2587
2629
2365
2383
1994
1997
1806
1646
1664
1429
1026
951
814
495
439
56
-96
-45
-316
-774
-1052
-1125
-969
-1199
-1620
-1725
-1826
-2128
-2045
-2184
-2741
-2672
-2131
-2298
-2569
-2610
-2803
-2653
-2219
-2166
-2447
-2306
-1961
-1915
-1930
-1901
-1907
-1659
-1432
-1589
-1673
-1369
-1263
-1240
-1356
-1584
-1357
-957
-1180
-1354
-1068
-1038
-1200
-1332
-1247
-1010
-821
-729
-1008
-1058
-355
109
-167
-169
259
662
787
710
836
1254
1729
1633
1475
1749
2082
2322
2258
1937
2343
2886
2669
2415
2424
2617
2879
2844
2691
2677
2537
2649
2799
2554
2401
2497
2340
2279
2203
1994
1824
1755
1756
1584
1149
928
1128
1041
614
241
123
136
-22
-362
-609
-788
-804
-826
-1136
-1487
-1488
-1454
-1602
-1789
-2090
-2365
-2207
-1864
-2007
-2383
-2404
-2081
-2160
-2473
-2300
-2113
-2180
-1866
-1765
-2095
-1991
-1559
-1624
-1793
-1399
-1330
-1596
-1504
-1228
-1044
-1053
-1108
-1100
-1385
-1206
-991
-1223
-1292
-976
-962
-1325
-1402
-1284
-1112
-871
-833
-1014
-924
-469
-167
-155
-110
250
652
620
635
930
1315
1684
1844
1712
1751
2155
2366
2338
2392
2636
2542
2565
2846
2668
2707
2920
2646
2652
2844
2530
2465
2673
2634
2373
1964
1910
2170
2103
1835
1595
1413
1434
1418
996
699
814
788
361
-23
-52
-73
-276
-420
-539
-770
-971
-1120
-1261
-1276
-1342
-1563
-1710
-1784
-1813
-2064
-2285
-2094
-1999
-2410
-2338
-2281
-2319
-1834
-1997
-2606
-2189
-1865
-1871
-1726
-1963
-1811
-1453
-1483
-1542
-1352
-1318
-1317
-1243
-1109
-1056
-1052
-1193
-1315
-1073
-806
-1037
-1309
-1044
-760
-982
-1264
-1089
-782
-627
-736
-951
-581
62
70
-68
75
661
1158
935
811
1285
1705
1792
1731
1806
2264
2245
1951
2411
2738
2761
2796
2222
2264
3116
2740
2265
2272
2394
2716
2286
1806
2095
2213
1922
1760
1434
1523
1819
1435
1181
1162
1100
1062
601
474
736
552
-12
21
12
-273
-346
-474
-653
-675
-790
-1021
-1201
-1097
-1107
-1387
-1489
-1517
-1620
-1753
-1913
-2151
-1946
-1923
-1973
-2047
-2102
-1767
-1892
-2207
-2002
-1871
-1917
-1652
-1558
-1892
-1527
-1132
-1632
-1781
-1335
-1425
-1204
-900
-1287
-1297
-1235
-1384
-1286
-1093
-1218
-1110
-1080
-1296
-1134
-1073
-1237
-832
-605
-825
-644
-338
-98
228
278
424
805
873
1007
1181
1343
1742
1862
1870
2026
2146
2215
1944
2291
2975
2673
2332
2320
2160
2785
3056
2134
2032
2500
2445
2254
1972
1949
2205
2079
1744
1514
1480
1784
1690
1155
1036
1023
862
811
704
489
347
26
-59
-75
-342
-382
-436
-736
-872
-933
-1193
-1377
-1198
-1105
-1617
-1946
-1717
-1769
-1956
-1863
-2027
-2256
-1900
-1914
-2254
-2132
-2050
-1981
-1690
-1727
-1946
-1846
-1707
-1539
-1507
-1466
-1335
-1317
-1090
-1138
-1347
-1246
-1179
-960
-835
-1252
-1196
-774
-879
-966
-903
-937
-994
-818
-732
-816
-700
-468
-540
-569
-171
88
63
142
653
934
840
964
1252
1441
1708
1818
1719
1825
2187
1978
1801
2389
2421
2342
2505
1836
1987
2942
2273
1820
2200
2100
2048
1923
1622
1767
1723
1728
1636
1150
1307
1804
1240
1039
1274
966
749
775
732
598
361
107
215
-59
-249
-283
-542
-638
-458
-888
-1269
-1149
-1116
-1280
-1577
-1756
-1694
-1669
-1931
-2029
-2128
-2158
-1975
-2122
-2309
-2278
-2212
-1860
-1726
-1947
-2105
-2020
-1521
-1121
-1577
-1734
-1350
-1077
-748
-1066
-1478
-923
-421
-584
-776
-975
-895
-497
-482
-758
-537
-360
-668
-749
-501
-469
-310
-243
-332
-261
3
160
110
254
752
987
638
812
1218
1372
1408
1607
1692
1726
1879
1966
1876
1981
2344
2222
1983
2038
2177
2259
2304
2089
2038
2099
1875
1875
2016
1829
1684
1634
1507
1342
1276
1147
1079
991
906
690
395
473
630
338
-6
-106
-165
-290
-440
-542
-687
-784
-829
-977
-1251
-1289
-1260
-1433
-1331
-1521
-1948
-1785
-1772
-1914
-1689
-1817
-2039
-1778
-1629
-1760
-1793
-1648
-1537
-1586
-1355
-1136
-1372
-1472
-1118
-848
-955
-1084
-828
-673
-885
-723
-573
-756
-500
-551
-964
-800
-473
-484
-826
-812
-555
-723
-937
-751
-420
-247
-478
-798
-438
160
128
-75
74
586
904
644
451
913
1639
1663
1227
1127
1874
2264
1854
1350
1596
2629
2641
1643
1350
1836
2357
2585
1818
1329
1707
2131
2058
1446
1205
1708
1813
1359
1199
1125
1122
1393
1184
715
493
531
741
631
343
117
-4
-60
73
-158
-656
-637
-454
-667
-995
-1249
-1078
-778
-1038
-1551
-1687
-1655
-1577
-1574
-1920
-2100
-1670
-1546
-1975
-2060
-1782
-1955
-1675
-1211
-1786
-1839
-1137
-1199
-1460
-934
-967
-1159
-789
-731
-1061
-928
-456
-454
-644
-694
-786
-604
-545
-576
-599
-591
-663
-790
-653
-638
-494
-314
-419
-688
-350
71
-82
-37
419
641
581
608
817
1098
1444
1573
1403
1333
1827
2121
1889
1372
1523
2383
2260
1847
1890
1429
1528
2395
1837
1294
1381
1424
1537
1406
1104
1099
1045
1152
1279
658
505
1249
1042
616
504
408
436
663
532
68
-90
76
245
-175
-334
-168
-266
-541
-534
-802
-913
-715
-696
-1008
-1286
-1352
-1193
-1227
-1459
-1429
-1666
-1900
-1402
-1232
-1686
-1792
-1620
-1211
-1240
-1481
-1542
-1466
-1134
-812
-813
-1101
-1054
-744
-927
-1079
-675
-617
-802
-822
-980
-834
-774
-983
-927
-756
-935
-1112
-948
-895
-572
-350
-795
-951
-335
51
-169
-177
236
738
785
642
714
993
1669
1862
1378
1290
1810
1845
2042
2297
1968
1917
1986
1767
2097
2278
1814
1875
2018
1961
1769
1317
1379
1925
1786
1276
931
946
1432
1328
610
556
752
784
532
50
7
469
315
-213
-269
-283
-254
-243
-346
-498
-657
-756
-818
-992
-900
-874
-1270
-1293
-1073
-1450
-1631
-1373
-1397
-1398
-1484
-1730
-1567
-1306
-1243
-1289
-1441
-1373
-1268
-1220
-1079
-1097
-1051
-724
-694
-859
-842
-1025
-885
-381
-429
-787
-599
-678
-812
-615
-789
-888
-655
-717
-933
-882
-829
-613
-409
-588
-753
-624
-346
-85
19
69
259
524
628
757
832
1037
1473
1473
1284
1455
1723
1778
1868
1464
1518
2156
2061
1769
1911
1521
1401
2024
1771
1371
1356
1378
1330
1232
1170
966
716
921
1142
683
391
871
891
657
448
352
364
500
461
226
62
-62
99
-23
-288
-248
-171
-393
-574
-606
-639
-783
-726
-672
-960
-1285
-1055
-1077
-1287
-1095
-1278
-1630
-1398
-1138
-1426
-1514
-1394
-1182
-1142
-1006
-1273
-1446
-865
-794
-952
-792
-1020
-1263
-686
-585
-906
-858
-1072
-1082
-783
-949
-1314
-1145
-764
-865
-1181
-1343
-1223
-734
-464
-954
-1043
-563
-195
-321
-380
88
541
599
483
595
890
1316
1362
1305
1439
1723
1770
1600
1619
2087
2349
1919
1669
2011
2147
1860
1847
1916
1922
1887
1644
1383
1511
1740
1545
1009
998
1378
1152
771
867
920
706
526
436
419
495
422
165
-24
-57
31
-234
-415
-269
-280
-620
-809
-749
-774
-834
-896
-1111
-1295
-1249
-1300
-1587
-1377
-1054
-1385
-1648
-1598
-1328
-1103
-1287
-1487
-1343
-1228
-1080
-1114
-1252
-1093
-804
-799
-912
-1107
-1056
-938
-926
-618
-604
-1021
-1082
-887
-901
-886
-1052
-995
-992
-1047
-1020
-1027
-871
-578
-792
-981
-532
-209
-189
-90
114
444
592
496
570
954
1360
1401
1258
1266
1671
1817
1672
1770
1754
1506
2312
2490
1696
1743
1774
1498
2276
2349
1236
1027
1621
2010
1535
776
983
1384
1311
1211
729
491
1333
1511
473
159
627
913
504
130
124
214
109
4
-231
-410
-227
-305
-717
-711
-647
-895
-1080
-893
-809
-1185
-1532
-1454
-1134
-1155
-1455
-1816
-1838
-1469
-1066
-1413
-1905
-1380
-834
-1388
-1552
-1447
-1266
-853
-879
-1098
-1381
-1339
-943
-931
-1120
-958
-1189
-1327
-1121
-1045
-1191
-1384
-1207
-871
-1044
-1279
-1275
-979
-671
-683
-803
-723
-388
-6
98
-29
383
803
861
791
998
1371
1625
1577
1844
1712
1705
2083
2024
2313
2341
1853
1844
2366
2138
2229
1854
1711
2277
2126
1521
1343
1523
1953
1758
1011
1005
1440
1337
1176
943
647
886
804
459
282
463
460
279
-110
-33
29
-278
-376
-286
-504
-600
-693
-871
-778
-759
-937
-1137
-1228
-1223
-1155
-1419
-1425
-1177
-1327
-1567
-1433
-1457
-1304
-1110
-1432
-1678
-1228
-1154
-1363
-1355
-1273
-1009
-834
-1123
-1616
-1381
-958
-987
-1179
-1071
-1228
-1425
-1217
-1360
-1525
-1131
-1048
-1560
-1626
-1114
-1113
-1101
-863
-902
-877
-599
-349
-258
-11
362
622
460
570
957
1141
1326
1554
1471
1631
1979
1943
1705
2004
2607
2337
1732
1911
2383
2380
2293
1936
1554
2127
2544
1840
1271
1541
2034
1807
1154
968
1317
1375
1405
1076
589
811
1134
800
367
486
598
309
32
86
-12
-295
-250
-123
-393
-619
-662
-669
-688
-669
-1013
-1198
-1032
-1006
-1199
-1542
-1493
-1244
-1248
-1626
-1730
-1372
-1453
-1631
-1290
-1477
-1556
-1037
-1536
-1870
-1225
-1146
-1462
-1375
-1405
-1474
-1332
-1224
-1245
-1473
-1457
-1186
-1284
-1478
-1364
-1201
-1311
-1429
-1313
-1265
-1289
-846
-679
-1026
-849
-383
-182
-246
1
357
590
654
815
950
1113
1483
1693
1562
1546
1931
2034
1808
1695
2217
2632
2268
1920
1999
2000
2363
2591
1932
1642
1945
2142
1911
1572
1621
1787
1613
1431
1305
1132
1247
1506
1107
763
791
806
742
649
467
254
137
121
172
-192
-300
-190
-232
-406
-676
-842
-714
-613
-804
-1079
-1153
-1179
-1163
-1329
-1494
-1424
-1622
-1613
-1429
-1600
-1743
-1588
-1566
-1498
-1538
-1614
-1824
-1739
-1262
-1277
-1593
-1613
-1734
-1516
-1262
-1518
-1524
-1300
-1580
-1550
-1341
-1712
-1626
-1103
-1248
-1748
-1540
-1372
-1150
-820
-886
-1075
-823
-463
-191
-205
-109
488
786
662
716
990
1231
1640
1710
1613
1762
1992
2137
2212
2196
2369
2089
2157
2603
2537
2582
2425
1729
2123
2627
1988
1854
1762
1733
1893
1558
1179
1351
1454
1472
1240
835
1046
1401
967
743
795
763
684
447
225
285
253
14
-26
-258
-299
-284
-536
-588
-463
-770
-977
-925
-950
-1065
-1192
-1412
-1311
-1309
-1674
-1761
-1676
-1600
-1541
-1830
-2035
-1763
-1842
-1875
-1731
-1874
-1766
-1603
-1932
-2007
-1868
-1829
-1863
-1719
-1743
-1952
-1968
-1826
-1724
-1711
-1712
-1751
-1767
-1644
-1396
-1485
-1318
-836
-882
-1008
-609
-275
-24
211
383
689
920
1088
1189
1320
1718
2057
1900
1807
1964
2271
2716
2460
2165
2517
2479
2412
2835
2593
2198
2454
2489
2420
2311
2067
2080
2062
1992
2052
1692
1395
1885
1776
1193
1127
1176
1039
933
772
569
366
249
362
99
-218
-117
-116
-459
-525
-476
-733
-809
-732
-922
-1139
-1175
-1253
-1346
-1409
-1467
-1593
-1649
-1513
-1535
-1813
-1766
-1510
-1602
-1734
-1636
-1538
-1688
-1851
-1632
-1398
-1485
-1554
-1509
-1836
-1760
-1271
-1440
-1770
-1509
-1491
-1634
-1517
-1663
-1635
-1440
-1354
-1423
-1653
-1528
-1173
-1033
-956
-883
-904
-572
-161
-204
-53
311
665
895
962
976
1178
1551
1759
1822
1822
1915
2189
2249
2269
2394
2087
2107
2621
2594
2435
2523
2108
2002
2489
2238
1897
1856
1960
2114
1826
1423
1522
1577
1542
1512
1140
1039
1441
1297
981
815
755
740
554
270
213
167
-83
-116
-214
-399
-500
-637
-854
-848
-974
-1017
-1138
-1314
-1258
-1407
-1808
-1698
-1567
-1870
-1919
-2037
-1945
-1799
-1992
-2093
-2015
-2033
-1799
-1930
-2098
-1867
-1674
-1752
-2116
-2129
-1673
-1508
-1685
-1805
-1941
-1769
-1601
-1672
-1833
-1543
-1216
-1494
-1661
-1353
-1140
-833
-724
-899
-578
-90
-15
60
404
898
1178
940
1044
1513
1836
1873
1914
1967
2233
2488
2372
2283
2545
2850
2750
2355
1847
2625
3341
2641
2163
2178
1586
2011
2699
1799
1310
1633
1703
1458
1077
1062
1175
997
1078
930
232
363
1126
741
163
81
99
-83
-33
-116
-372
-626
-567
-461
-870
-1037
-737
-764
-993
-962
-1164
-1206
-1140
-1128
-1265
-1474
-1604
-1380
-1449
-1795
-1842
-1589
-1557
-1653
-1723
-1971
-1710
-1315
-1393
-1646
-1893
-1699
-1427
-1953
-1833
-1358
-1534
-1522
-1653
-2058
-1718
-1424
-1500
-1582
-1547
-1499
-1580
-1621
-1320
-859
-802
-973
-929
-412
-71
23
102
502
1022
1073
936
1037
1510
2009
1973
1733
1803
2287
2600
2327
2258
2592
2581
2485
2609
2413
2537
2750
2542
2360
2389
2274
2149
2132
2217
2087
1787
1586
1758
1737
1553
1391
1147
1144
1093
816
486
602
640
474
13
-265
-211
-137
-408
-678
-771
-862
-953
-1097
-1272
-1302
-1255
-1381
-1528
-1689
-1771
-1817
-1764
-1801
-1812
-1889
-2031
-1936
-1606
-1843
-1925
-1683
-1752
-1646
-1674
-1880
-1775
-1458
-1380
-1436
-1805
-1714
-1285
-1310
-1383
-1403
-1619
-1461
-1160
-1325
-1442
-1251
-1115
-1218
-1323
-1272
-1024
-784
-565
-719
-641
-257
-7
77
299
529
879
1085
1055
1173
1545
1844
1861
1948
2064
2262
2302
2153
2275
2711
2604
2392
2263
2237
2687
2769
2221
2083
2239
2290
2130
1860
1820
1995
1893
1567
1382
1372
1465
1461
1171
950
950
802
677
614
521
351
161
22
-49
-229
-356
-472
-589
-663
-866
-1067
-1061
-1119
-1243
-1275
-1495
-1633
-1507
-1679
-1828
-1719
-1818
-1836
-1911
-2025
-1868
-1782
-2019
-1757
-1704
-1864
-1699
-1753
-1850
-1533
-1456
-1760
-1862
-1735
-1586
-1561
-1532
-1545
-1668
-1696
-1517
-1608
-1504
-1164
-1363
-1729
-1323
-1035
-1131
-849
-746
-741
-318
-140
-90
105
429
954
1188
1061
1246
1617
1701
1993
2116
2065
2253
2449
2453
2447
2526
2667
2756
2357
1848
2486
2888
2570
2517
2074
1557
2136
2427
1782
1494
1617
1772
1564
1120
1080
1162
1187
1346
915
413
858
1173
787
484
367
270
155
-10
-155
-206
-396
-485
-563
-831
-931
-956
-1075
-1046
-1100
-1387
-1395
-1431
-1440
-1287
-1662
-1973
-1821
-1877
-1991
-1814
-1922
-2069
-1980
-2089
-2007
-1854
-1910
-1845
-1654
-1692
-1778
-2001
-2118
-1727
-1581
-1698
-1795
-1916
-1888
-1704
-1704
-1641
-1559
-1590
-1523
-1432
-1427
-1023
-654
-886
-756
-314
-253
-155
201
579
948
1104
1140
1370
1601
1988
2247
1965
2134
2555
2541
2328
2497
3008
2995
2636
2535
2538
2578
2829
2858
2547
2337
2498
2269
1886
2137
2248
1877
1617
1621
1571
1462
1357
1271
1115
959
931
599
351
639
624
95
-198
-207
-322
-545
-680
-631
-802
-1093
-1204
-1307
-1381
-1287
-1309
-1575
-1672
-1672
-1778
-1858
-1765
-1633
-1747
-1973
-2002
-1823
-1631
-1875
-2054
-1756
-1443
-1539
-1758
-1882
-1484
-1298
-1547
-1552
-1833
-1818
-1208
-1338
-1653
-1431
-1626
-1769
-1399
-1382
-1470
-1343
-1447
-1340
-1181
-1259
-1229
-764
-625
-603
-459
-425
-48
344
480
669
950
1077
1298
1413
1577
1936
2064
2022
2138
2286
2341
2213
2269
2635
2691
2376
2359
2438
2349
2506
2422
2064
2189
2343
2183
1933
1878
2045
1974
1653
1580
1636
1479
1562
1470
1128
1066
1097
947
771
663
561
299
43
4
-51
-353
-533
-511
-733
-933
-1088
-1204
-1240
-1281
-1303
-1559
-1847
-1713
-1644
-1893
-1977
-2030
-2154
-1939
-1895
-2171
-2224
-2046
-1931
-2019
-1924
-1892
-2101
-1773
-1642
-2067
-2032
-1925
-1779
-1630
-1800
-1740
-1797
-1997
-1630
-1591
-1621
-1267
-1431
-1570
-1321
-1095
-1012
-839
-736
-616
-346
-174
-29
272
604
784
1023
1162
1377
1665
1737
1907
2136
2207
2364
2483
2462
2492
2665
2680
2537
2376
2447
2643
2553
2398
2358
2146
2106
2296
2062
1758
1828
1894
1713
1448
1417
1467
1391
1359
1260
950
852
1033
900
649
535
527
235
-16
-37
-132
-370
-493
-492
-684
-872
-940
-1029
-1170
-1131
-1147
-1483
-1717
-1647
-1473
-1586
-1879
-1907
-1866
-1794
-1803
-1896
-2014
-2049
-1850
-1671
-1844
-2069
-1718
-1618
-1779
-1619
-1660
-2142
-2011
-1409
-1414
-1628
-1839
-2003
-1757
-1346
-1421
-1621
-1669
-1477
-1080
-1185
-1387
-1044
-681
-645
-527
-515
-383
78
368
624
845
865
980
1376
1607
1801
1955
1876
2128
2500
2470
2383
2500
2726
2806
2446
2237
2459
2483
2651
2692
2075
1944
2263
1774
1739
2085
1776
1469
1350
1340
1438
1325
1190
1229
1051
1013
1035
690
768
1115
766
289
214
280
142
-108
-280
-198
-386
-723
-797
-859
-883
-796
-994
-1435
-1440
-1317
-1364
-1576
-1715
-1700
-1773
-2017
-1858
-1821
-2277
-2103
-1694
-2090
-2055
-1957
-2249
-1861
-1593
-1981
-2008
-2061
-2093
-1559
-1771
-1995
-1642
-1876
-2137
-1639
-1582
-1717
-1374
-1537
-1744
-1286
-1261
-1176
-766
-683
-656
-405
-435
-196
295
456
839
1027
1029
1245
1510
1625
2030
2212
2123
2279
2317
2355
2644
2657
2600
2604
2406
2527
2715
2492
2429
2458
2287
2361
2169
1900
2062
2182
2071
1914
1581
1584
1791
1677
1463
1316
1134
1085
982
749
732
626
394
239
46
-140
-191
-283
-440
-603
-839
-1032
-1186
-1309
-1238
-1319
-1552
-1725
-1793
-1827
-1843
-1884
-2035
-2146
-2036
-1921
-2030
-2123
-2044
-1883
-1854
-1892
-1884
-1742
-1709
-1622
-1624
-1694
-1518
-1704
-1940
-1536
-1272
-1401
-1415
-1604
-1835
-1448
-1130
-1183
-1131
-1312
-1396
-1080
-844
-725
-646
-813
-567
4
-112
-172
173
710
1089
1028
876
1106
1566
1925
2071
1790
1895
2332
2247
2196
2286
2395
2529
2515
2342
2210
2202
2352
2391
2176
2044
1867
1818
2003
2025
1803
1686
1605
1567
1562
1430
1313
1470
1476
1201
977
911
958
919
692
456
301
145
49
-80
-240
-386
-573
-809
-963
-1051
-1161
-1160
-1225
-1487
-1714
-1756
-1809
-1846
-1885
-2072
-2264
-2099
-1948
-2304
-2249
-1920
-1967
-1916
-1812
-2054
-1903
-1743
-1829
-1684
-1724
-1856
-1722
-1728
-1739
-1425
-1379
-1609
-1646
-1679
-1336
-1015
-1053
-1181
-1330
-1137
-765
-661
-762
-588
-382
-186
52
42
165
633
989
1114
1106
1180
1416
1679
2019
2131
1995
2025
2251
2265
2256
2312
2247
2429
2632
2409
2103
2068
2080
2301
2357
1910
1701
1842
1957
1993
1766
1537
1565
1561
1556
1460
1282
1374
1492
1146
839
781
737
677
603
313
60
-59
-212
-286
-366
-550
-776
-1006
-1114
-1082
-1205
-1313
-1395
-1596
-1720
-1816
-1955
-1834
-1921
-2090
-2072
-1994
-2026
-2068
-2047
-1999
-1782
-1704
-1928
-2105
-1791
-1514
-1498
-1707
-1851
-1626
-1455
-1606
-1621
-1466
-1300
-1250
-1484
-1759
-1399
-953
-913
-1091
-1258
-1176
-900
-659
-615
-467
-384
-235
-101
57
284
456
743
1113
1209
1131
1145
1569
1987
2075
2006
1900
2014
2223
2304
2292
2404
2477
2387
2114
2010
2251
2408
2238
2065
2052
2042
1941
1925
1920
1939
1886
1689
1510
1533
1658
1600
1424
1204
1164
1074
876
794
793
639
317
87
-75
-160
-180
-353
-621
-879
-1029
-1102
-1214
-1281
-1419
-1607
-1788
-1962
-1968
-2033
-2099
-2104
-2147
-2216
-2189
-2136
-2095
-2051
-2031
-2001
-1945
-1852
-1795
-1762
-1822
-1735
-1544
-1594
-1643
-1548
-1592
-1433
-1207
-1256
-1318
-1358
-1396
-1158
-840
-752
-822
-893
-853
-715
-435
-306
-227
-82
-53
35
271
417
651
918
1001
1128
1200
1292
1512
1758
1881
1899
1900
1940
1920
2141
2373
2130
1704
1820
2229
2314
2199
1937
1403
1507
2319
2026
1303
1367
1758
1750
1547
1298
1287
1519
1801
1658
1196
1187
1614
1477
1041
972
996
814
594
476
356
149
-87
-84
-214
-559
-682
-758
-1033
-1059
-1071
-1387
-1747
-1617
-1675
-1981
-2100
-2125
-2191
-2313
-2343
-2304
-2304
-2267
-2280
-2315
-2092
-2033
-2151
-2039
-1994
-1958
-1724
-1871
-1858
-1580
-1584
-1827
-1611
-1319
-1372
-1424
-1378
-1417
-1161
-727
-902
-1115
-936
-710
-546
-279
-143
-111
-37
140
388
570
637
889
1076
1274
1379
1443
1612
1849
2088
2078
1835
1721
2184
2413
2188
2088
2076
2108
2312
2242
2003
2014
2152
2186
1983
1816
1967
1945
1802
1848
1826
1652
1633
1709
1593
1580
1415
1291
1213
1155
1062
877
640
593
561
230
-25
-101
-188
-315
-473
-788
-965
-1041
-1042
-1261
-1583
-1624
-1652
-1767
-1900
-2041
-2044
-2047
-2166
-2253
-2214
-2213
-2228
-2151
-2058
-2143
-2128
-2008
-2204
-1970
-1630
-1889
-1908
-1829
-2002
-1822
-1535
-1603
-1516
-1278
-1201
-1239
-1236
-998
-842
-751
-585
-461
-378
-244
-25
44
52
237
414
464
579
770
881
898
963
1099
1226
1248
1325
1502
1521
1492
1460
1530
1552
1604
1670
1557
1511
1642
1744
1661
1678
1770
1726
1702
1775
1780
1717
1772
1837
1774
1701
1665
1668
1636
1671
1604
1386
1295
1337
1203
1037
944
766
716
608
396
155
-33
-120
-242
-484
-747
-883
-1011
-1112
-1177
-1357
-1645
-1658
-1654
-1974
-1974
-1925
-2133
-2039
-1890
-2136
-2151
-1879
-1886
-1870
-1792
-1769
-1774
-1754
-1581
-1376
-1493
-1493
-1277
-1282
-1263
-1079
-1142
-1035
-764
-825
-829
-828
-726
-398
-416
-578
-335
-229
-267
-87
-3
40
178
231
230
264
454
626
628
643
812
885
695
801
1050
1015
998
1125
1062
1095
1180
1055
1060
1131
1165
1230
1156
1162
1288
1224
1273
1394
1356
1378
1458
1513
1572
1554
1536
1610
1652
1634
1629
1521
1486
1502
1490
1353
1224
1162
1040
926
727
607
458
258
162
-4
-239
-384
-550
-713
-813
-994
-1186
-1278
-1416
-1617
-1694
-1670
-1834
-1974
-1890
-1919
-2012
-1885
-1879
-2033
-1887
-1821
-1894
-1824
-1667
-1633
-1762
-1705
-1490
-1493
-1466
-1301
-1361
-1343
-1110
-1010
-997
-898
-784
-734
-639
-497
-511
-480
-362
-124
69
76
44
139
331
440
460
510
579
647
780
869
918
917
935
939
990
1041
1158
1206
1109
1094
1105
1053
1063
1245
1290
1209
1228
1252
1295
1335
1453
1476
1443
1474
1447
1456
1456
1522
1569
1507
1422
1425
1431
1340
1257
1256
1250
1097
883
708
602
586
509
256
66
23
-103
-309
-483
-673
-801
-869
-1030
-1170
-1269
-1369
-1244
-1349
-1662
-1684
-1717
-1731
-1522
-1523
-1830
-1777
-1540
-1475
-1636
-1625
-1494
-1605
-1467
-1223
-1361
-1419
-1171
-1052
-1178
-1140
-1008
-1014
-934
-721
-674
-759
-510
-466
-578
-330
-236
-390
-239
16
-93
-116
31
103
270
358
371
331
338
510
677
628
599
740
712
699
806
832
804
853
891
951
978
1006
1035
1084
1124
1084
1053
1040
1114
1292
1348
1234
1140
1036
911
1258
1496
1110
1073
1259
1101
1030
1109
1111
1003
836
960
929
629
685
748
357
246
433
196
-96
-19
-29
-287
-455
-452
-523
-856
-938
-753
-953
-1148
-984
-1086
-1233
-1185
-1269
-1254
-1228
-1370
-1288
-1292
-1410
-1234
-1080
-1399
-1412
-1070
-1245
-1357
-1081
-984
-1110
-1084
-1025
-1012
-989
-828
-682
-827
-785
-490
-516
-494
-288
-264
-251
-214
-157
-104
-73
67
261
202
174
426
462
421
599
636
570
673
796
729
696
715
832
822
745
788
765
777
881
894
755
753
802
840
789
749
743
773
785
799
781
748
784
798
795
732
641
677
764
677
627
579
498
495
537
438
385
405
312
225
183
211
206
48
-17
74
2
-133
-142
-171
-231
-170
-176
-314
-457
-445
-433
-447
-541
-675
-713
-607
-659
-812
-899
-1022
-983
-816
-935
-1189
-1196
-1118
-1142
-1156
-1178
-1163
-1131
-994
-901
-1030
-1028
-879
-876
-813
-734
-829
-714
-500
-491
-516
-376
-352
-206
12
-17
-99
94
329
314
367
452
390
484
714
706
637
721
820
798
779
828
835
777
828
838
763
717
729
689
643
629
545
505
500
546
516
438
400
414
414
371
342
294
328
381
279
221
218
295
371
281
182
269
318
297
294
225
203
316
351
249
308
417
371
243
244
254
259
228
227
133
-3
56
30
-82
-96
-115
-205
-198
-201
-368
-494
-479
-486
-616
-633
-710
-817
-751
-740
-909
-979
-941
-913
-908
-972
-1043
-1024
-960
-865
-880
-1011
-893
-738
-763
-752
-649
-699
-591
-411
-486
-367
-262
-323
-241
-72
-174
-33
82
22
210
207
131
230
377
396
424
389
452
552
596
674
655
573
656
698
592
645
733
644
650
660
565
527
496
529
484
433
419
338
282
302
289
252
238
242
217
230
227
217
211
214
223
215
192
213
279
307
286
256
268
316
299
291
363
296
254
336
267
146
185
139
91
127
143
94
23
-45
-75
-67
-149
-136
-187
-294
-302
-298
-387
-427
-370
-458
-537
-527
-480
-584
-563
-585
-800
-694
-578
-702
-694
-648
-703
-685
-584
-686
-692
-623
-670
-609
-579
-583
-504
-431
-401
-337
-359
-312
-212
-136
-35
-72
-145
-63
69
130
181
186
105
236
345
378
327
260
407
492
503
473
460
426
448
471
429
391
384
408
371
319
354
269
216
250
241
154
115
107
118
93
102
95
70
127
170
141
124
159
142
198
226
168
194
254
158
186
261
215
202
230
203
247
313
259
245
302
291
269
256
249
222
203
239
282
207
137
158
152
205
217
134
2
20
25
-15
-109
-193
-157
-145
-207
-250
-282
-376
-368
-377
-518
-579
-553
-512
-618
-652
-703
-950
-882
-627
-693
-847
-812
-886
-861
-591
-536
-747
-634
-415
-418
-319
-291
-277
-103
25
22
94
155
277
431
381
393
529
518
508
525
475
448
385
354
373
310
248
251
198
141
134
73
-26
12
28
-53
-111
-108
-129
-151
-158
-143
-121
-108
-117
-123
-49
47
89
55
130
202
265
268
330
390
405
425
437
478
532
565
512
509
517
530
539
520
481
482
484
426
400
413
374
359
265
241
213
146
85
75
-14
-93
-99
-158
-204
-279
-318
-324
-383
-389
-371
-481
-510
-459
-484
-525
-486
-524
-555
-446
-463
-499
-509
-516
-475
-454
-370
-324
-320
-347
-260
-243
-267
-202
-234
-243
-162
-111
-144
-126
-161
-161
-108
-93
-90
-112
-105
-42
-27
-78
-30
-14
-18
-14
-18
-8
41
69
51
49
61
86
85
114
154
103
112
197
220
198
205
236
274
318
309
260
292
341
342
334
293
324
414
442
386
399
400
373
410
398
376
368
392
374
362
349
303
304
285
319
288
214
164
157
128
83
48
-1
-23
-22
-59
-133
-129
-146
-246
-254
-275
-343
-305
-316
-341
-332
-314
-401
-384
-325
-366
-372
-412
-415
-369
-336
-326
-334
-327
-297
-279
-317
-281
-230
-263
-245
-218
-204
-242
-236
-249
-220
-221
-206
-200
-257
-177
-129
-175
-183
-153
-169
-154
-109
-128
-84
-20
-18
5
-3
2
25
34
64
133
155
172
204
258
272
222
234
260
302
363
351
318
340
394
353
353
385
355
385
395
336
316
373
349
290
346
320
300
335
313
277
253
225
269
196
113
185
185
112
107
73
-53
16
6
-119
-65
-59
-136
-71
-107
-173
-128
-170
-194
-138
-202
-216
-218
-233
-198
-184
-243
-186
-192
-227
-165
-212
-230
-211
-227
-283
-184
-203
-224
-182
-214
-203
-199
-226
-211
-217
-249
-207
-260
-299
-182
-188
-210
-186
-187
-174
-145
-155
-187
-120
-106
-99
-79
-94
-53
-11
28
12
2
-4
27
70
60
109
145
158
174
188
166
189
209
209
177
181
239
247
233
207
239
282
263
283
280
265
290
281
240
221
210
267
272
239
230
200
244
244
238
203
177
150
123
109
102
88
89
99
83
50
-25
-7
48
2
-39
-88
-122
-108
-124
-118
-156
-213
-192
-207
-233
-217
-223
-275
-256
-219
-228
-248
-279
-286
-258
-241
-278
-282
-302
-283
-238
-248
-279
-276
-258
-214
-199
-236
-236
-235
-202
-133
-174
-193
-133
-85
-105
-95
-64
-51
8
74
39
47
89
77
127
126
159
149
167
205
236
230
231
254
209
193
204
197
218
258
217
162
173
192
211
190
176
164
143
159
171
142
148
199
196
162
162
154
150
173
199
169
133
152
150
106
121
141
112
90
52
42
46
6
13
20
-21
-12
-64
-70
-67
-69
-127
-181
-178
-163
-135
-148
-181
-197
-177
-207
-204
-207
-233
-230
-228
-251
-244
-188
-221
-214
-206
-224
-225
-242
-235
-243
-242
-223
-215
-231
-231
-259
-234
-154
-113
-80
-94
-111
-77
-25
8
-12
-16
-2
18
75
95
48
97
126
162
156
172
216
210
262
250
207
214
261
234
225
251
224
220
273
266
241
235
243
221
215
208
158
123
106
116
135
80
72
51
78
107
60
30
-15
27
39
-11
-37
-42
-59
-78
-111
-131
-118
-96
-81
-130
-142
-124
-148
-136
-125
-144
-145
-152
-120
-125
-130
-72
-115
-139
-112
-128
-113
-79
-61
-91
-126
-96
-76
-111
-103
-54
-72
-112
-137
-134
-83
-63
-48
-79
-90
-44
-46
-66
-31
-39
-43
-17
-46
-24
24
11
21
32
69
66
67
89
86
114
150
126
109
123
141
149
179
190
169
145
159
153
149
139
103
112
103
112
145
113
104
108
106
121
103
100
125
93
91
98
104
87
102
91
52
38
47
40
31
32
-2
-41
-53
-52
-81
-94
-142
-139
-112
-148
-194
-247
-243
-192
-167
-181
-246
-248
-226
-241
-233
-256
-267
-221
-235
-201
-195
-201
-144
-157
-156
-113
-118
-103
-67
-20
-6
-43
-26
1
-3
64
93
40
67
121
101
111
143
157
114
98
128
95
121
123
93
82
78
62
61
56
85
106
52
60
58
59
84
117
100
72
81
96
114
136
155
168
159
167
149
169
191
219
238
186
167
184
212
203
207
185
154
151
154
152
130
88
65
28
3
-15
-45
-69
-102
-119
-157
-192
-205
-230
-245
-224
-217
-249
-262
-260
-261
-270
-266
-260
-277
-297
-253
-259
-254
-208
-195
-237
-220
-196
-185
-172
-148
-123
-134
-94
-101
-82
-45
-42
-22
-11
-52
-27
17
55
64
57
37
59
69
103
117
81
143
116
56
70
95
129
125
125
105
65
119
117
106
131
135
90
89
113
138
111
67
85
53
89
91
94
112
119
118
95
91
114
150
158
143
127
135
152
143
159
158
156
141
165
131
93
85
86
83
83
43
1
9
-10
-4
-54
-108
-106
-95
-135
-153
-184
-186
-188
-227
-235
-249
-256
-213
-233
-267
-242
-247
-248
-221
-229
-234
-214
-194
-207
-176
-140
-126
-106
-86
-72
-64
-48
-5
-19
-23
-7
7
55
83
60
47
56
72
82
38
75
112
137
128
126
118
122
131
146
138
116
120
111
113
128
127
134
115
104
108
110
145
142
139
141
104
90
96
80
68
69
46
37
46
44
12
3
-1
-15
0
1
-7
-22
-37
-32
-30
-31
5
-3
-18
-10
-21
-38
-38
-50
-63
-63
-89
-118
-129
-92
-84
-100
-115
-153
-161
-167
-135
-125
-135
-102
-109
-98
-127
-165
-123
-82
-86
-78
-110
-120
-74
-66
-48
-36
-9
-8
-17
32
22
-5
-1
14
20
-22
-10
8
29
64
36
31
51
64
95
133
112
116
128
139
154
159
176
186
175
178
147
142
154
167
182
178
189
177
155
172
183
156
124
132
99
114
80
49
66
42
35
37
1
-19
-17
-26
-35
-72
-100
-108
-111
-70
-66
-92
-129
-134
-125
-143
-174
-196
-200
-225
-225
-241
-225
-205
-226
-241
-243
-194
-193
-198
-189
-218
-249
-226
-212
-220
-198
-150
-129
-121
-88
-99
-65
-30
-22
-38
-52
-40
-16
14
29
26
33
33
13
57
63
64
99
101
107
106
100
93
92
110
141
130
146
134
163
202
207
190
164
180
208
219
219
260
268
248
240
253
275
265
243
251
244
252
227
225
246
260
277
241
220
218
211
181
129
110
51
29
52
50
-5
-11
-24
-83
-65
-83
-145
-153
-168
-194
-228
-283
-271
-262
-247
-260
-315
-340
-334
-309
-337
-353
-365
-386
-387
-391
-383
-360
-364
-346
-326
-313
-315
-310
-286
-273
-249
-259
-272
-237
-202
-172
-170
-171
-131
-105
-98
-46
-23
-6
28
42
63
102
111
123
179
203
199
196
206
226
264
287
252
261
288
297
310
306
309
332
331
340
374
374
355
342
347
362
340
347
326
321
340
332
300
285
297
246
250
238
235
213
205
209
152
149
148
87
58
55
33
19
-1
-18
-72
-117
-128
-161
-186
-183
-209
-242
-261
-298
-314
-331
-354
-352
-392
-421
-423
-406
-381
-360
-362
-389
-403
-369
-360
-373
-398
-384
-408
-410
-370
-321
-302
-304
-283
-302
-245
-226
-217
-217
-202
-183
-191
-173
-145
-73
-30
-15
-23
-29
5
32
78
94
104
133
193
215
243
293
274
300
322
326
309
293
322
353
372
379
378
386
385
401
423
420
396
408
393
383
366
305
304
313
339
314
264
279
268
269
258
216
202
189
168
171
149
131
105
100
112
91
66
31
-8
-34
-54
-102
-98
-109
-151
-206
-212
-229
-270
-277
-325
-337
-365
-379
-384
-418
-428
-445
-461
-471
-473
-484
-494
-468
-466
-467
-468
-450
-421
-393
-394
-380
-346
-359
-334
-293
-274
-244
-203
-192
-196
-171
-132
-101
-74
-18
13
-10
-18
12
48
95
117
155
167
190
219
224
266
299
327
347
341
352
387
374
401
400
371
370
408
424
397
408
411
391
394
393
374
343
322
342
324
318
317
306
293
269
262
278
253
238
250
183
161
145
86
76
69
92
62
17
28
14
-7
-50
-96
-110
-151
-178
-195
-241
-234
-226
-304
-328
-329
-325
-369
-395
-359
-384
-405
-395
-403
-423
-399
-408
-393
-384
-383
-378
-401
-407
-387
-396
-407
-368
-353
-338
-310
-300
-289
-267
-260
-256
-229
-182
-133
-114
-103
-76
-52
-27
-23
-7
11
53
75
112
145
146
187
219
231
248
290
309
324
365
380
363
349
369
373
378
370
373
374
389
409
395
407
416
394
392
369
347
354
336
323
306
265
257
262
236
218
217
178
167
187
187
138
123
123
66
67
65
42
14
-3
-26
-39
-73
-98
-108
-132
-155
-159
-193
-213
-244
-274
-287
-304
-321
-344
-380
-405
-387
-398
-415
-430
-413
-419
-435
-396
-412
-434
-424
-401
-404
-395
-373
-327
-299
-296
-281
-294
-279
-220
-187
-177
-166
-147
-119
-118
-91
-65
-57
-52
-1
2
15
52
45
68
123
157
159
163
207
211
210
239
260
254
258
271
308
329
322
343
339
329
344
351
328
337
314
325
318
304
314
278
270
277
278
270
267
277
271
261
262
