4
5
-2
-1
5
3
3
11
9
-7
-7
-3
-6
0
-5
-5
-8
-9
-16
-24
-18
-20
-21
-18
-11
-7
-3
4
12
7
7
7
8
22
19
20
20
11
5
6
2
8
10
7
13
10
1
8
12
6
0
7
0
-2
-8
-2
3
2
-5
0
4
2
12
10
6
-2
5
16
13
7
15
16
12
10
10
11
-1
4
7
3
9
5
-6
-5
1
2
5
10
5
12
19
13
-2
-15
-19
-23
-10
-7
-13
-10
-11
-4
-12
-12
-14
-18
-18
-15
-28
-22
-18
-15
-6
-7
-6
-1
-3
-2
-7
0
1
-2
3
3
0
6
14
7
15
14
11
10
2
-5
-4
4
2
-4
-3
-4
-7
5
3
-8
-6
-5
-6
-3
-2
-3
-6
-14
-8
-17
-14
-1
-3
3
4
-7
-3
5
2
1
8
4
2
11
-2
5
8
6
17
15
16
2
1
1
-4
-1
-5
-4
-2
5
-5
-2
2
-2
-10
-11
-10
-2
-6
-12
-16
-7
-6
-7
-3
-10
-5
-16
-12
2
4
17
4
4
8
-3
4
6
7
8
21
22
15
18
16
13
14
21
16
13
6
10
-1
-13
-14
-12
-9
-10
-4
-6
-1
3
-6
-2
-3
-5
-7
-3
3
-6
-3
-10
1
-4
-10
-8
1
3
-1
13
14
16
19
16
20
20
22
23
11
9
8
-4
-4
-8
-7
9
-7
1
6
8
7
1
1
-10
-7
-14
-6
-6
-1
-6
-12
-2
-7
-5
-8
-4
1
-1
1
1
2
6
3
4
0
-8
4
7
3
1
-6
1
1
2
11
11
0
-11
-13
-16
-8
-17
-24
-19
-19
-22
-23
-20
-19
-7
-3
-18
-2
4
-7
3
0
-3
-8
3
-1
-7
3
4
-1
-4
-1
-8
-6
5
3
-1
17
10
14
18
20
15
6
6
-8
-4
-5
-6
-8
-12
-5
-8
-10
2
1
10
-5
-13
-13
-19
-4
-3
7
-5
-9
-9
-9
-2
-7
-14
-5
2
-7
-4
-10
-6
-3
4
13
8
10
5
14
14
12
19
15
20
6
5
13
13
8
10
3
0
2
2
-1
-11
-3
-2
14
9
19
29
11
8
0
0
3
7
10
12
2
6
11
10
14
24
19
4
11
10
1
8
9
1
-3
-9
-13
-18
-10
-9
-13
-14
-4
-4
-6
-1
-2
7
-7
11
9
12
3
12
-135
-275
-156
-10
42
-27
-167
-186
-197
-163
-69
-43
37
-5
-68
-59
-33
68
137
175
230
157
151
203
292
401
296
268
263
241
316
302
277
251
149
169
176
151
157
46
44
66
11
21
-44
-49
-63
-116
-29
-65
-69
-43
-173
-145
-187
-243
-144
-181
-150
-192
-325
-291
-357
-462
-615
-674
-516
-489
-682
-862
-854
-644
-548
-736
-920
-893
-557
-366
-417
-347
-186
-207
-220
-10
367
575
497
574
769
868
947
1056
1256
1277
1121
1101
1085
1162
1188
1028
876
680
547
454
271
226
60
-302
-506
-609
-652
-660
-808
-947
-1008
-1022
-906
-863
-841
-789
-754
-596
-456
-254
-45
4
172
378
555
769
836
979
1097
1103
1223
1239
1292
1321
1196
1122
973
872
798
636
524
311
78
-21
-173
-210
-299
-462
-517
-638
-694
-728
-747
-697
-768
-731
-614
-614
-548
-525
-499
-383
-338
-321
-329
-375
-386
-433
-410
-425
-579
-728
-844
-977
-1203
-1398
-1387
-1356
-1522
-1898
-2125
-1959
-1509
-1306
-1666
-2116
-1897
-1205
-748
-638
-485
-154
-160
-57
554
1402
1785
1725
1882
2216
2487
2694
2909
3134
3028
2650
2464
2464
2538
2390
1888
1402
992
719
476
179
-58
-894
-1485
-1161
-870
-1158
-1996
-2395
-1981
-1973
-1777
-1439
-1315
-1263
-1509
-1137
-294
295
554
380
578
1164
1457
1887
2148
2437
2351
1799
2022
2351
2462
2206
1642
1460
1142
783
788
656
332
-225
-845
-831
-636
-744
-1137
-1620
-1644
-1564
-1514
-1361
-1347
-1372
-1462
-1478
-1139
-823
-705
-668
-759
-708
-578
-474
-194
-182
-409
-620
-730
-642
-514
-735
-1169
-1481
-1515
-1433
-1437
-1701
-2168
-2275
-1876
-1336
-1474
-2375
-2666
-1740
-777
-665
-820
-441
-98
-203
60
1117
2062
2041
1798
2123
2585
2829
3021
3344
3478
3114
2640
2530
2794
2908
2514
1809
1272
949
821
331
-143
-262
-593
-926
-1236
-1522
-1564
-1941
-2192
-1982
-1846
-1596
-1554
-1480
-1318
-1102
-596
-194
183
572
711
1070
1455
1861
2211
2075
2187
2317
2259
2307
2204
2199
2018
1573
1293
1048
746
434
122
-113
-417
-714
-923
-1239
-1522
-1698
-1694
-1569
-1658
-1739
-1770
-1822
-1690
-1613
-1525
-1184
-1195
-1345
-1152
-860
-535
-563
-776
-781
-703
-595
-445
-475
-619
-906
-1155
-1202
-1111
-1040
-1189
-1519
-1796
-1800
-1295
-798
-1172
-2130
-2449
-1455
-328
-284
-634
-400
-238
-286
95
1169
2101
1877
1510
1753
2273
2730
3001
3260
3272
2836
2432
2469
2827
3050
2503
1783
1244
1114
690
41
588
982
-40
-1485
-2030
-1126
-887
-1634
-1823
-1797
-1743
-1941
-1861
-1120
-637
-649
-759
-531
281
668
894
1290
1658
1951
1629
1924
2643
2701
2466
2101
2154
2297
1865
1771
1647
1106
655
212
268
453
-78
-983
-1604
-1610
-1364
-1421
-1529
-1843
-2313
-2476
-2370
-1877
-1484
-1814
-2226
-2261
-1999
-1533
-1153
-991
-1038
-1442
-1569
-1176
-769
-356
-340
-740
-1028
-1155
-1147
-799
-484
-729
-1232
-1705
-1680
-1065
-487
-344
-1160
-2280
-2313
-870
308
86
-592
-729
-438
-154
389
1491
2063
1475
1200
1640
2343
2869
2975
2970
2852
2510
2441
2767
3171
3038
2345
1590
1345
1090
620
966
1495
735
-904
-1802
-1090
-434
-931
-1533
-1793
-1633
-1692
-1775
-1313
-876
-742
-884
-823
66
553
710
918
1260
1751
1533
1625
2302
2655
2561
2048
2011
2346
2171
2010
1822
1436
1014
562
459
675
357
-585
-1331
-1264
-1013
-1181
-1572
-1871
-2007
-2317
-2513
-2246
-1980
-2088
-2325
-2522
-2147
-2055
-2242
-1769
-1569
-1654
-1766
-1926
-1297
-788
-611
-585
-910
-858
-851
-657
-224
-369
-702
-943
-1099
-537
-832
-1774
-1353
415
1284
-565
-2453
-1522
93
324
245
746
1191
256
-508
462
1959
2424
1782
1416
1827
1914
2045
2507
2826
3019
1933
1026
1372
2123
2203
741
422
1574
1323
211
-478
-331
-45
-945
-860
-383
-467
-881
-1695
-1268
-439
-344
-231
-397
-307
80
180
896
1429
1685
1268
736
1537
2185
2241
2185
1932
1873
1454
1387
2065
1953
1463
861
283
617
605
46
-180
-477
-824
-1126
-1183
-1001
-1227
-1696
-1927
-1769
-1625
-1954
-2309
-2228
-1959
-1920
-2157
-2019
-1595
-1913
-2270
-2291
-2012
-1453
-1274
-1511
-1357
-1448
-1658
-1395
-967
-443
-545
-1042
-1372
-1560
-1336
-717
40
584
151
-1307
-2412
-1684
199
1278
861
-85
-731
-578
-11
826
1769
1745
1007
587
1017
1823
2465
2627
2469
2155
1821
1976
2329
2856
2957
2387
1347
1045
1726
2201
1516
370
-23
57
157
163
-53
-438
-1122
-1439
-1006
-575
-268
-761
-1197
-1065
-554
117
395
429
395
204
487
1204
1772
1884
1465
1546
1457
1515
1970
2113
2137
1565
929
817
832
1151
1175
561
-119
-715
-696
-431
-426
-559
-1320
-1791
-1794
-1864
-1570
-1780
-2268
-2177
-2247
-2274
-2183
-2457
-2173
-2118
-2212
-2121
-2204
-1962
-1922
-1879
-1671
-1473
-1412
-1567
-1389
-980
-808
-740
-963
-1027
-801
-927
-769
40
552
148
-1097
-1626
-580
805
984
345
22
-183
-293
33
952
1774
1487
551
390
916
1596
2079
2099
2005
1865
1603
1775
2523
2920
2473
1817
1407
1464
2015
2294
2148
1414
238
-177
256
798
893
69
-1101
-1392
-1086
-651
-310
-518
-923
-1191
-1088
-473
214
413
275
241
292
645
1323
1776
1908
1736
1383
1281
1788
2348
2463
1895
1222
1010
1036
1310
1376
985
301
-296
-391
-342
-328
-627
-1650
-2000
-1728
-1533
-1165
-1962
-2885
-2872
-2855
-2228
-1925
-2376
-2617
-2794
-2616
-2132
-1976
-1838
-1693
-1794
-1841
-1660
-1223
-1175
-1132
-1340
-1621
-1299
-1209
-985
-198
-223
-1278
-2239
-2021
-178
843
74
-658
-768
-474
133
528
1232
1535
953
754
1338
2175
2454
2333
2203
2294
2584
2480
2413
2908
2817
2232
1948
1811
2090
1557
747
1019
1028
554
-98
-567
-326
-435
-1014
-1323
-1163
-878
-1186
-1415
-1328
-1033
-408
-459
-449
58
114
376
837
1339
1786
1509
1416
1935
2338
2391
2168
2122
2170
2127
1947
1715
1711
1357
886
823
554
258
-158
-678
-682
-630
-982
-1213
-1334
-1514
-1572
-1704
-1698
-1511
-1480
-1767
-1823
-1839
-1871
-1463
-1239
-1126
-1122
-1697
-1785
-1432
-1189
-745
-943
-1431
-1561
-1622
-1506
-1359
-1223
-1512
-1872
-1932
-1919
-1869
-2185
-2328
-1543
-914
-1068
-2089
-2905
-2001
-508
131
34
-274
-298
-113
282
1211
2147
2386
1926
1765
2242
2859
3307
3511
3525
3321
2800
2525
2899
3335
3158
2373
1534
781
759
1401
1633
823
-795
-1725
-1247
-1010
-695
-1106
-1852
-1757
-1874
-1595
-1018
-908
-874
-1027
-653
314
681
909
895
1179
1530
1507
2007
2374
2464
2333
1897
2146
2186
1998
2102
1654
1265
926
440
598
580
39
-662
-1120
-1092
-1170
-1282
-1350
-1696
-1842
-1910
-1915
-1671
-1856
-1844
-1646
-1517
-1416
-1466
-1396
-1065
-1041
-1213
-1114
-1070
-1047
-923
-867
-899
-954
-1074
-1148
-1206
-1323
-1513
-1356
-1378
-1649
-1724
-2065
-2206
-2134
-2161
-1683
-1204
-1371
-2201
-2804
-1972
-442
177
-150
-423
-268
70
715
1588
2129
2344
2079
2125
2772
3323
3688
3825
3679
3450
3231
3160
3411
3656
3297
2379
1643
1288
1525
1850
1300
300
-879
-1468
-937
-788
-900
-1541
-2251
-2075
-1787
-1465
-1328
-1467
-1434
-1340
-699
42
332
726
553
731
1290
1500
2057
2101
2129
2267
1962
2125
2220
2191
1991
1313
876
760
697
608
300
-235
-908
-1407
-1204
-1152
-1291
-1618
-2287
-2259
-2080
-1889
-1716
-1974
-2071
-2040
-1953
-1513
-1237
-1123
-1036
-1415
-1290
-844
-651
-358
-541
-597
-714
-1036
-806
-694
-540
-699
-1296
-1630
-1822
-1502
-1242
-1724
-2355
-2687
-2129
-1253
-1395
-2357
-2990
-2510
-1248
-422
-480
-522
-539
-496
-8
994
2009
2310
2060
2122
2629
3221
3735
3987
4183
3836
3411
3314
3592
4052
3698
2983
2274
1520
1185
1461
1842
1400
-119
-1487
-1572
-1035
-977
-1232
-1860
-2347
-2414
-2055
-1461
-1216
-1336
-1596
-1269
-461
254
674
933
1181
1445
1554
1858
2462
2780
2785
2487
2327
2549
2645
2564
2239
1572
864
580
680
652
188
-652
-1408
-1653
-1657
-1730
-1826
-2213
-2718
-2977
-2813
-2425
-2238
-2399
-2603
-2458
-2217
-1862
-1650
-1439
-1285
-1382
-1334
-1104
-689
-461
-551
-678
-841
-752
-542
-635
-660
-949
-1415
-1522
-1359
-1218
-1516
-2073
-2247
-1881
-1183
-1191
-2132
-2703
-2318
-1121
-182
-197
-435
-597
-334
366
1044
1769
2270
2156
2067
2428
3084
3790
3887
3761
3564
3479
3461
3546
3839
3581
2817
2239
1615
1229
1583
1701
1107
-160
-1248
-1257
-981
-959
-1219
-1900
-1924
-1710
-1710
-1596
-1550
-1340
-1180
-896
-249
145
524
707
945
1596
1793
1865
2302
2443
2548
2351
2292
2616
2533
2320
1744
1225
1057
687
531
433
16
-651
-1442
-1560
-1460
-1645
-1817
-2209
-2616
-2609
-2641
-2404
-2121
-2204
-2484
-2638
-2229
-1647
-1462
-1294
-1428
-1534
-1249
-1127
-748
-621
-831
-834
-1086
-924
-687
-861
-671
-1094
-1730
-1784
-1642
-1165
-1415
-2161
-2359
-2156
-1317
-1498
-2416
-2454
-2038
-986
-443
-681
-313
-220
-86
589
1133
2089
2379
2227
2648
2973
3506
3917
3960
4088
3887
3857
3823
3771
3931
3392
2730
2630
1784
1161
1491
1595
1192
-442
-1874
-1371
-1004
-1086
-1456
-2211
-2008
-2144
-2491
-2006
-1514
-1100
-1246
-1249
-528
33
667
811
1160
1794
1390
1641
2345
2736
3111
2522
2359
2651
2308
2350
2086
1624
1424
724
345
334
-41
-689
-1335
-1521
-1635
-1850
-2008
-2458
-2659
-2605
-2762
-2553
-2365
-2436
-2500
-2556
-2132
-1736
-1665
-1662
-1592
-1552
-1149
-873
-848
-511
-729
-1023
-934
-897
-498
-444
-704
-662
-1225
-1463
-1558
-1529
-1307
-1871
-2278
-2186
-1786
-1203
-1400
-2156
-2631
-2287
-828
-155
-175
-207
-450
5
766
1444
2193
2392
2446
2589
2873
3738
4244
4159
4135
3846
3737
3723
3733
3999
3692
2851
2241
1416
1036
1394
1626
1170
-426
-1897
-1773
-1447
-1326
-1455
-2089
-2153
-2564
-2637
-2119
-1691
-1201
-1389
-1244
-452
-145
519
934
1251
1872
1532
1815
2530
2874
3204
2581
2366
2703
2494
2527
2132
1584
1207
450
207
277
-55
-669
-1661
-2000
-1952
-2151
-2164
-2552
-2758
-2818
-3089
-2771
-2499
-2363
-2292
-2563
-2353
-2037
-1871
-1431
-1282
-1093
-964
-941
-682
-458
-352
-258
-326
-153
-183
-475
-465
-681
-720
-824
-1255
-1209
-1275
-1512
-1654
-1981
-1505
-971
-1133
-1929
-2798
-2302
-958
-198
-200
-541
-445
-301
62
1173
2069
2517
2380
2033
2501
3192
3718
4097
3962
3791
3602
3393
3608
3861
3699
3067
2297
1510
1282
1675
1649
941
-287
-1418
-1373
-1150
-1218
-1417
-2171
-2433
-2406
-2262
-1868
-1689
-1587
-1597
-1421
-649
11
605
681
803
1345
1453
1981
2391
2594
2794
2522
2462
2725
2723
2566
2070
1509
1135
736
537
350
-115
-895
-1641
-1731
-1761
-1961
-2217
-2807
-3001
-2996
-3064
-2712
-2667
-2917
-2924
-2820
-2172
-1663
-1782
-1743
-1578
-1279
-965
-828
-439
-431
-462
-529
-419
41
-47
-235
-214
-308
-361
-670
-1008
-603
-756
-1251
-1472
-1464
-887
-660
-1435
-2219
-2309
-1357
-270
44
-137
-421
-333
-50
654
1556
1836
1818
1877
2088
2795
3228
3348
3602
3466
3378
3447
3444
3620
3626
2958
2374
1736
1442
1856
1703
891
-261
-1221
-1146
-906
-945
-1167
-1819
-2158
-2315
-1982
-1455
-1479
-1558
-1854
-1634
-701
-121
363
517
490
941
1210
1800
2441
2565
2483
2161
2194
2459
2497
2498
2098
1534
951
561
736
657
161
-562
-1232
-1529
-1701
-1744
-1795
-2167
-2742
-3111
-3008
-2725
-2537
-2591
-2634
-2508
-2339
-2175
-1991
-1730
-1490
-1443
-1166
-787
-694
-572
-590
-469
-131
-132
-156
-78
-50
-70
-240
-434
-478
-611
-834
-1016
-1073
-1095
-904
-631
-1023
-1901
-2261
-1543
-268
240
-336
-630
-624
-304
506
1108
1690
1932
1723
1840
2456
3178
3546
3418
3358
3385
3403
3328
3322
3541
3100
2410
1819
1348
1641
1621
894
247
-734
-1043
-870
-1108
-1114
-1759
-2417
-2302
-2074
-1679
-1762
-2054
-1828
-1480
-764
-173
248
571
431
766
1318
1848
2375
2247
2216
2339
2246
2425
2491
2522
2174
1384
1038
918
838
569
10
-489
-1128
-1615
-1802
-1947
-2001
-2450
-2962
-3024
-2900
-2715
-2724
-2765
-2610
-2376
-2052
-1897
-1924
-1748
-1468
-1268
-833
-431
-259
-273
-435
-331
149
310
388
305
159
139
-128
-350
-391
-489
-798
-1217
-1447
-1239
-862
-714
-1444
-2421
-2570
-1648
-376
-203
-816
-939
-870
-391
491
1134
1696
1659
1481
1977
2799
3551
3757
3505
3353
3336
3560
3776
3868
3810
3025
2334
1755
1397
1987
1964
996
-260
-1490
-1422
-988
-1257
-1446
-1973
-2346
-2550
-2726
-2285
-1847
-1638
-1680
-1657
-921
-362
78
524
695
1341
1469
1671
2358
2523
2725
2652
2552
2746
2524
2312
2148
1719
1341
892
575
370
-40
-695
-1482
-1700
-1797
-2122
-2291
-2723
-2996
-2977
-3062
-2893
-2706
-2687
-2531
-2407
-2296
-2128
-1857
-1409
-1006
-939
-930
-719
-396
-104
-44
51
150
175
111
80
231
231
-162
-550
-914
-986
-850
-1002
-1077
-1178
-1145
-988
-1475
-2108
-2084
-1277
-210
-60
-610
-786
-638
-152
530
1221
1793
1789
1826
2112
2730
3565
3737
3566
3508
3387
3525
3607
3606
3614
2961
2350
1902
1150
997
1271
1151
428
-968
-1923
-1717
-1452
-1462
-1706
-2180
-2392
-2549
-2527
-2128
-1646
-1357
-1470
-1262
-628
-42
679
897
1151
1607
1527
1930
2480
2681
2913
2509
2267
2506
2399
2160
1715
1269
937
445
106
-21
-275
-1037
-1805
-1910
-2033
-2106
-2261
-2782
-2895
-2999
-3089
-2714
-2456
-2253
-2260
-2421
-2087
-1813
-1509
-1070
-721
-563
-706
-619
-307
124
343
54
44
129
2
118
230
269
1
-540
-835
-782
-752
-1029
-1342
-1279
-917
-873
-1841
-2574
-2051
-989
-129
-224
-636
-590
-563
-139
750
1615
1932
1720
1706
2150
2950
3468
3608
3633
3501
3328
3377
3443
3608
3515
2816
2106
1382
1033
1395
1482
825
-482
-1613
-1774
-1404
-1355
-1624
-2112
-2449
-2592
-2562
-2127
-1750
-1568
-1613
-1428
-700
-10
444
690
829
1237
1462
1855
2528
2746
2710
2470
2284
2386
2488
2386
1941
1373
887
404
285
285
-124
-766
-1641
-2019
-2007
-2038
-2129
-2515
-2835
-3000
-3027
-2752
-2451
-2247
-2322
-2369
-2018
-1649
-1378
-1068
-970
-689
-360
-428
-48
53
59
265
42
190
290
236
345
125
-1
-317
-825
-817
-774
-873
-1242
-1559
-1104
-931
-1076
-1784
-2570
-1956
-932
-141
-38
-506
-585
-383
73
1073
1715
1970
1952
1875
2427
3016
3490
3670
3424
3356
3208
3179
3366
3298
3094
2466
1531
1186
1337
1421
936
-170
-1142
-1520
-1587
-1399
-1541
-2033
-2483
-2682
-2384
-1894
-1672
-1747
-1944
-1756
-1093
-327
426
532
546
756
996
1731
2305
2557
2638
2384
2294
2368
2449
2528
2220
1664
1141
706
504
461
178
-421
-1090
-1595
-1932
-2046
-2064
-2209
-2560
-2877
-3003
-2724
-2362
-2355
-2337
-2195
-2011
-1653
-1544
-1308
-855
-852
-573
-325
-171
124
48
147
543
551
506
422
323
387
262
43
-181
-477
-773
-997
-1099
-1232
-1365
-1123
-827
-1173
-2238
-2742
-1808
-483
-43
-405
-756
-697
-305
224
1155
1893
1897
1699
1796
2502
3288
3513
3486
3410
3348
3290
3155
3274
3336
2860
2159
1324
1008
1090
815
518
-254
-1229
-1654
-1847
-1754
-1926
-2340
-2375
-2471
-2339
-2204
-2251
-2010
-1765
-1293
-716
-352
167
379
603
1089
1468
2104
2333
2366
2533
2496
2577
2587
2568
2541
2026
1461
1064
689
575
319
-70
-440
-1170
-1724
-1994
-2055
-1927
-2226
-2536
-2709
-2869
-2739
-2679
-2361
-1963
-1977
-1817
-1708
-1580
-956
-924
-692
-200
-253
43
70
128
494
448
483
490
515
669
423
230
-74
-314
-355
-774
-720
-808
-1175
-1024
-1131
-1019
-973
-2041
-2412
-1653
-602
196
-270
-689
-543
-336
375
1099
1719
2054
1856
1920
2311
2954
3449
3343
3398
3286
2899
2947
2813
3027
2744
1591
1443
1615
1309
582
-559
-879
-936
-1448
-1564
-1816
-2042
-2350
-2820
-2626
-2159
-1852
-1961
-2215
-1696
-1241
-734
-33
146
515
549
587
1418
1979
2212
2282
2158
2392
2428
2280
2326
2150
1748
1263
853
718
563
125
-419
-829
-1084
-1563
-1839
-1849
-2026
-2219
-2540
-2758
-2498
-2247
-2066
-1852
-1860
-1806
-1816
-1529
-1061
-772
-578
-494
-235
99
270
380
362
411
585
509
588
761
666
534
136
-119
-265
-533
-743
-933
-972
-1111
-1162
-983
-869
-1281
-2144
-2503
-1607
-407
-37
-490
-963
-778
-370
265
1139
1689
1762
1643
1754
2333
2918
3277
3297
3174
3073
2871
2909
3093
3103
2449
1497
1298
1630
1543
663
-446
-1043
-1257
-1341
-1406
-1479
-1851
-2342
-2682
-2572
-2068
-1756
-1826
-1954
-1741
-1215
-595
-55
388
564
620
842
1436
2161
2473
2450
2255
2124
2198
2380
2412
2123
1559
1027
585
457
462
136
-368
-989
-1573
-1764
-1788
-1804
-1925
-2384
-2705
-2781
-2570
-2028
-1853
-1883
-2051
-1990
-1636
-1331
-813
-525
-487
-362
-181
309
602
490
429
437
608
794
771
633
563
324
55
-99
-295
-638
-922
-1113
-1104
-943
-1012
-1120
-1342
-2057
-2609
-1975
-807
-56
-352
-1112
-993
-527
166
970
1378
1577
1488
1495
2139
2920
3386
3236
2938
2975
2986
3151
3127
3022
2809
1770
1048
1284
1524
1218
49
-1016
-1235
-1464
-1464
-1508
-1842
-2113
-2646
-2860
-2478
-1996
-1774
-2101
-1986
-1395
-870
-118
204
475
772
787
1311
2012
2366
2422
2175
2223
2452
2485
2567
2396
1997
1485
970
785
718
506
-143
-920
-1233
-1581
-1839
-1841
-2007
-2131
-2377
-2789
-2624
-2409
-2165
-1853
-1956
-1882
-1708
-1538
-1131
-743
-371
-323
-246
59
151
578
612
613
926
647
678
807
623
689
365
-7
-165
-608
-825
-1007
-1089
-1017
-1084
-1054
-1270
-1839
-2542
-2616
-1350
-282
-329
-894
-1271
-973
-277
437
1188
1587
1434
1400
1744
2474
3212
3351
3114
2977
2978
2983
2973
3081
3050
2542
1676
926
1075
1436
886
-52
-1045
-1616
-1524
-1573
-1689
-1942
-2440
-2624
-2697
-2491
-2005
-1914
-1942
-1684
-1261
-632
-110
224
464
704
1036
1400
1971
2366
2366
2397
2323
2365
2567
2508
2365
1921
1279
952
699
652
482
-77
-812
-1470
-1692
-1805
-1642
-1656
-2204
-2524
-2713
-2669
-2179
-1984
-1907
-1942
-1958
-1589
-1446
-1081
-554
-359
-145
-234
-26
581
680
718
468
422
686
544
666
747
426
161
-293
-609
-728
-878
-1004
-1230
-1023
-899
-1143
-1656
-2563
-2559
-1644
-714
-169
-677
-1152
-1003
-644
319
1172
1433
1498
1336
1560
2349
3054
3385
3217
3000
2904
2927
3154
3269
3128
2668
1778
1170
827
909
1247
620
-610
-1610
-2225
-1767
-1494
-1823
-2027
-2541
-2721
-2656
-2381
-1892
-1720
-1632
-1499
-1081
-237
154
582
857
934
1435
1564
2061
2649
2537
2536
2383
2289
2568
2410
2101
1587
968
733
525
438
163
-500
-1130
-1664
-1744
-1669
-1814
-1957
-2344
-2649
-2529
-2398
-1951
-1706
-1850
-1839
-1756
-1395
-888
-523
-368
-365
-252
12
353
705
726
582
402
300
500
615
702
526
17
-374
-544
-727
-714
-865
-1177
-1313
-1362
-1226
-1163
-1597
-2326
-2384
-1609
-567
-119
-550
-833
-722
-316
456
1132
1562
1685
1538
1640
2303
2994
3284
3181
2948
2819
2787
2891
2918
2924
2227
1193
769
808
1166
918
-273
-1257
-1892
-1943
-1424
-1466
-1787
-2316
-2772
-2655
-2235
-1770
-1548
-1579
-1517
-1283
-508
270
738
994
795
1017
1542
2035
2636
2752
2539
2345
2100
2303
2575
2451
1863
1050
660
506
511
372
-156
-721
-1437
-1944
-1736
-1511
-1638
-2089
-2661
-2623
-2351
-2090
-1827
-1746
-1812
-1945
-1750
-1125
-528
-286
-425
-515
-205
184
534
639
522
466
357
387
608
726
508
136
-99
-333
-589
-763
-907
-1000
-1134
-1143
-986
-1029
-1605
-2357
-2290
-1386
-406
-160
-604
-807
-719
-378
382
1101
1577
1608
1423
1723
2351
2858
3037
2970
2870
2744
2637
2699
2677
2521
1828
989
947
1287
1201
323
-992
-1674
-1772
-1586
-1349
-1629
-2227
-2726
-2847
-2411
-1726
-1524
-1647
-1835
-1544
-948
-168
527
826
926
869
997
1621
2368
2672
2615
2420
2325
2284
2372
2466
2188
1660
1127
726
517
520
210
-365
-850
-1290
-1535
-1665
-1601
-1732
-2065
-2284
-2444
-2240
-1897
-1805
-1744
-1634
-1468
-1239
-1152
-710
-249
-293
-384
-266
60
638
847
590
362
227
295
566
795
632
267
-315
-836
-916
-807
-731
-761
-932
-1061
-1103
-1478
-1977
-2209
-1698
-669
-224
-694
-1093
-836
-512
95
912
1339
1473
1328
1317
1898
2640
3009
2960
2709
2555
2599
2695
2773
2809
2443
1551
844
652
798
936
374
-636
-1521
-2193
-2022
-1636
-1687
-1993
-2524
-2689
-2477
-2059
-1728
-1764
-1656
-1389
-954
-243
263
769
981
969
1381
1691
2214
2560
2522
2547
2386
2350
2441
2394
2078
1544
1012
730
544
434
218
-331
-912
-1449
-1736
-1703
-1699
-1811
-2017
-2368
-2398
-2240
-2079
-1764
-1690
-1572
-1411
-1283
-951
-775
-480
-170
-128
28
159
345
593
496
477
472
448
567
428
316
156
-210
-520
-724
-723
-757
-911
-848
-777
-889
-1301
-2017
-2007
-1237
-396
106
-308
-739
-610
-321
457
1253
1631
1600
1267
1366
2066
2714
3033
2809
2497
2250
2229
2518
2535
2419
1950
1054
321
210
680
903
138
-1157
-2045
-2298
-2005
-1629
-1638
-1936
-2612
-2933
-2502
-1731
-1201
-1322
-1501
-1309
-806
-22
641
1025
1280
1147
1201
1733
2335
2750
2676
2460
2327
2260
2349
2351
2162
1605
977
513
372
439
182
-438
-1105
-1531
-1742
-1655
-1559
-1801
-2057
-2362
-2507
-2158
-1881
-1687
-1635
-1722
-1421
-1187
-933
-581
-529
-360
-325
-171
163
361
631
504
374
351
171
397
479
311
162
-336
-733
-821
-949
-841
-891
-875
-784
-1032
-1440
-2032
-1953
-1078
-255
82
-270
-598
-408
-171
528
1340
1662
1771
1561
1633
2303
2790
3043
2883
2535
2377
2337
2454
2555
2316
1817
1137
509
304
299
258
-237
-974
-1550
-1935
-2133
-2109
-2156
-2111
-2223
-2455
-2322
-1945
-1555
-1334
-1298
-1040
-576
-56
464
874
1239
1465
1610
1799
2111
2440
2548
2500
2499
2362
2253
2139
1833
1456
1038
564
312
97
-103
-441
-989
-1367
-1720
-1864
-1751
-1735
-1963
-2117
-2294
-2268
-1966
-1650
-1455
-1520
-1445
-1123
-713
-412
-366
-401
-260
13
194
372
525
525
421
240
154
284
332
253
18
-296
-562
-815
-898
-919
-913
-924
-880
-867
-1069
-1419
-1897
-1788
-907
-53
164
-220
-454
-245
96
799
1580
1872
1793
1512
1678
2216
2667
2874
2614
2362
2138
2071
2168
2195
1951
1262
528
308
536
595
21
-847
-1500
-1756
-1790
-1766
-1609
-1808
-2160
-2402
-2303
-1596
-1132
-1085
-1227
-1235
-644
43
716
1144
1162
1211
1320
1629
2193
2518
2530
2260
1998
2108
2114
2120
1961
1414
851
402
229
245
140
-271
-907
-1383
-1612
-1717
-1617
-1665
-1912
-2042
-2303
-2204
-1868
-1770
-1556
-1423
-1355
-1037
-905
-842
-619
-473
-269
-52
177
275
184
185
187
314
447
285
277
235
-150
-392
-670
-692
-632
-812
-879
-809
-850
-929
-1295
-1783
-1638
-936
-131
62
-271
-544
-438
9
552
1140
1628
1599
1448
1637
2064
2665
2863
2587
2380
2210
2300
2454
2392
2276
1787
1073
517
289
407
462
-33
-750
-1492
-1838
-1851
-1868
-1875
-2042
-2201
-2129
-2114
-1803
-1443
-1349
-1189
-1187
-797
-93
394
879
1166
1272
1550
1686
1970
2321
2423
2428
2239
2215
2232
2086
1841
1299
970
609
276
182
-4
-312
-875
-1359
-1597
-1723
-1733
-1782
-2007
-2048
-2164
-2229
-1966
-1750
-1543
-1438
-1395
-1100
-791
-694
-574
-389
-314
-176
105
291
534
474
194
292
350
249
211
167
8
-158
-561
-809
-682
-689
-734
-766
-744
-862
-1173
-1692
-1762
-1027
-314
-1
-180
-555
-403
-184
212
988
1546
1605
1457
1541
1937
2425
2719
2657
2472
2286
2095
2257
2350
2238
1912
1268
664
236
210
644
433
-572
-1562
-2005
-1800
-1730
-1877
-1887
-2070
-2130
-2221
-1966
-1285
-1061
-1057
-1144
-772
-38
446
871
1183
1310
1432
1442
1863
2447
2493
2335
2099
2155
2247
2055
1901
1486
1013
605
230
165
118
-294
-930
-1445
-1592
-1593
-1759
-1871
-2023
-2232
-2288
-2224
-1919
-1599
-1674
-1660
-1534
-1184
-844
-751
-674
-598
-487
-192
156
415
444
149
16
136
411
560
453
367
138
-189
-426
-562
-591
-667
-739
-703
-636
-611
-801
-1215
-1599
-1545
-810
-21
193
-157
-472
-381
11
650
1284
1565
1544
1436
1555
1992
2424
2576
2388
2173
2095
2123
2235
2214
2017
1435
645
482
696
760
364
-460
-1105
-1376
-1557
-1458
-1514
-1736
-1849
-2071
-1980
-1556
-1318
-1309
-1345
-1188
-747
-249
306
638
921
1027
1042
1422
1826
2075
2170
1999
2013
2106
1992
2078
1872
1443
1032
543
421
391
170
-276
-740
-1060
-1368
-1491
-1605
-1780
-1807
-2060
-2123
-2030
-2090
-1870
-1700
-1640
-1446
-1375
-1257
-931
-838
-776
-515
-249
-22
128
74
121
306
233
286
467
431
410
232
12
-126
-373
-633
-732
-625
-564
-467
-469
-716
-986
-1520
-1646
-866
-93
149
-93
-416
-281
-2
355
962
1443
1540
1441
1527
1917
2308
2517
2380
2276
2291
2194
2247
2286
2061
1476
739
712
1163
1161
438
-649
-1181
-1194
-1152
-1187
-1313
-1542
-1995
-2287
-2072
-1592
-1262
-1356
-1508
-1255
-807
-329
157
508
730
680
810
1289
1838
2070
2005
1924
1842
1881
1929
1952
1822
1452
840
494
447
398
166
-288
-755
-1072
-1406
-1546
-1612
-1805
-1934
-2092
-2201
-2171
-2101
-2128
-2044
-1780
-1521
-1322
-1122
-1057
-965
-868
-676
-263
117
231
215
63
31
258
492
706
667
405
197
158
160
-11
-312
-509
-559
-464
-366
-250
-215
-529
-931
-1296
-1264
-581
142
431
207
-284
-251
110
654
1277
1541
1543
1400
1514
1933
2272
2385
2284
2047
2014
2012
2078
2111
1711
1091
698
788
889
666
-6
-621
-1039
-1230
-1369
-1305
-1204
-1388
-1628
-1903
-1785
-1365
-1217
-1061
-1028
-1026
-677
-233
380
851
833
781
883
1243
1638
1810
1921
1794
1677
1628
1559
1607
1483
1105
667
279
100
21
-220
-453
-790
-1286
-1609
-1694
-1700
-1694
-1799
-2034
-2139
-2053
-2088
-1933
-1669
-1543
-1395
-1323
-1208
-1011
-853
-797
-668
-324
3
195
187
64
42
141
309
552
603
398
272
64
110
183
-140
-395
-527
-464
-247
-94
-118
-419
-688
-969
-1115
-692
-47
435
449
-33
-215
-1
422
1003
1328
1459
1479
1394
1550
1911
2176
2212
2049
1929
1824
1817
1572
1101
1238
1575
1460
953
115
-416
-494
-754
-904
-713
-584
-811
-1324
-1716
-1584
-1180
-1025
-840
-678
-703
-641
-372
114
696
839
576
636
1012
1269
1563
1691
1633
1599
1336
1187
1334
1224
895
532
253
151
-80
-399
-590
-741
-1049
-1493
-1852
-1897
-1828
-1879
-1959
-2004
-2010
-2097
-2088
-1777
-1515
-1449
-1352
-1237
-1173
-947
-764
-601
-221
-89
-101
67
146
206
325
286
353
522
447
334
296
122
90
23
-290
-332
-248
-198
-35
-199
-415
-370
-391
-319
-252
-303
-251
75
396
421
441
474
474
764
1048
1327
1649
1639
1542
1573
1618
1840
1949
1875
1567
1033
954
1321
1606
1437
704
130
-301
-579
-359
-171
-73
-370
-1108
-1426
-1209
-873
-553
-654
-748
-749
-662
-324
-1
353
367
213
385
707
1066
1230
1140
1170
1064
1041
1176
1113
1019
759
334
189
227
122
-198
-517
-732
-930
-1100
-1292
-1470
-1626
-1807
-1837
-1740
-1607
-1652
-1891
-1942
-1740
-1526
-1234
-1050
-1055
-1052
-1072
-894
-501
-218
-95
-98
-123
-36
32
103
331
495
337
210
278
374
451
365
206
175
-79
-213
37
316
340
62
-229
-299
-164
-11
58
52
60
43
214
396
573
638
496
533
763
900
1145
1256
1253
1162
895
990
1507
1730
1484
979
662
791
869
848
648
492
315
77
77
83
-25
-241
-523
-372
-181
-94
31
-159
-197
-201
-221
41
235
273
219
166
288
430
548
518
429
393
305
274
307
293
244
123
-215
-393
-417
-477
-516
-759
-997
-1041
-1141
-1179
-1204
-1399
-1492
-1497
-1501
-1394
-1400
-1411
-1464
-1449
-1240
-1175
-961
-895
-998
-781
-729
-517
-221
-292
-127
-132
-108
145
72
251
396
342
456
371
444
515
378
322
141
284
564
590
600
289
104
222
197
354
414
353
304
21
37
186
212
375
356
328
495
527
656
747
840
937
810
864
1023
1111
1180
996
800
937
1129
1271
1144
790
593
527
648
777
635
396
74
-112
51
160
150
28
-214
-313
-312
-147
-12
-61
-102
-316
-415
-262
-152
-108
-184
-260
-245
-356
-391
-231
-256
-262
-331
-701
-752
-584
-549
-481
-617
-829
-928
-1072
-1067
-1017
-995
-946
-1109
-1296
-1491
-1444
-1305
-1148
-842
-928
-1044
-1112
-1168
-896
-604
-570
-388
-395
-472
-217
-24
141
283
313
423
558
705
751
762
747
619
648
647
742
983
817
619
684
449
410
455
387
448
255
105
185
276
342
265
250
271
359
535
545
589
612
464
542
708
945
1231
1049
814
854
801
1026
1297
1185
989
759
585
600
828
803
493
284
27
-115
156
163
166
-9
-483
-574
-529
-357
-205
-316
-455
-610
-661
-498
-348
-354
-490
-523
-476
-401
-324
-459
-586
-573
-480
-343
-308
-477
-737
-904
-804
-637
-606
-764
-1108
-1273
-1214
-1120
-1026
-956
-1132
-1331
-1380
-1298
-1068
-937
-1001
-1015
-1079
-986
-842
-674
-489
-299
-288
-325
-52
157
313
467
497
519
694
593
682
900
949
957
861
939
995
925
821
773
893
860
612
471
395
553
600
460
566
600
540
525
474
683
867
877
756
650
733
864
1084
1230
1051
934
782
779
1019
1067
1111
914
557
453
388
427
487
316
127
-110
-163
-140
-106
-59
-289
-433
-502
-604
-510
-508
-563
-565
-678
-717
-662
-552
-489
-599
-678
-698
-642
-509
-487
-548
-623
-688
-574
-544
-646
-697
-829
-866
-872
-1027
-1037
-974
-1006
-1055
-1102
-1106
-1101
-1067
-1164
-1250
-1090
-934
-826
-746
-848
-836
-810
-731
-394
-295
-170
-70
-41
123
262
398
533
525
535
591
774
968
962
915
767
737
850
912
931
798
652
587
620
710
699
590
488
482
592
720
681
531
548
702
902
1113
1178
1078
913
853
1012
1235
1322
1269
1116
1028
953
991
1045
986
854
570
384
309
299
289
140
-39
-175
-293
-354
-350
-408
-534
-575
-619
-557
-540
-647
-745
-834
-792
-727
-635
-620
-602
-655
-820
-775
-701
-642
-508
-581
-702
-801
-861
-797
-758
-769
-889
-1057
-1116
-1060
-954
-983
-1140
-1182
-1232
-1074
-1177
-1641
-1447
-1115
-752
-525
-1056
-1084
-914
-843
-343
-227
6
132
-77
44
301
609
811
689
710
564
670
902
884
1242
1045
747
863
703
768
808
507
584
492
436
538
539
603
461
381
503
653
822
779
751
920
907
1149
1316
1237
1360
1175
1084
1279
1268
1335
1280
1095
1019
872
854
804
708
596
358
229
135
57
49
-121
-277
-364
-520
-475
-473
-516
-564
-708
-704
-636
-608
-746
-787
-697
-710
-613
-604
-743
-714
-745
-697
-575
-759
-780
-814
-899
-709
-782
-926
-911
-1030
-1005
-990
-1002
-976
-1068
-1072
-1053
-1012
-954
-1045
-941
-917
-951
-860
-912
-733
-609
-618
-472
-451
-298
-125
-229
-104
-37
26
184
202
293
318
336
489
582
625
590
552
677
712
752
749
786
925
796
666
705
787
909
896
769
776
764
716
750
880
965
968
913
920
1007
1049
1041
1077
1178
1172
1106
1023
983
962
912
878
901
884
763
628
458
368
330
264
235
192
27
-160
-263
-257
-252
-243
-278
-380
-430
-520
-631
-632
-637
-661
-692
-721
-717
-822
-918
-934
-875
-794
-789
-875
-970
-1042
-1071
-1024
-935
-910
-972
-1125
-1255
-1141
-1056
-1012
-1042
-1189
-1058
-1055
-1067
-913
-985
-911
-888
-874
-684
-647
-556
-550
-627
-501
-382
-155
-43
-68
14
-27
94
248
308
455
454
453
544
565
689
785
791
782
765
810
814
838
862
905
968
942
836
873
856
866
949
917
928
895
817
867
932
948
968
934
882
864
845
888
987
990
897
813
751
677
614
590
571
578
461
341
290
210
171
152
112
105
90
-78
-194
-220
-253
-277
-309
-357
-389
-434
-501
-529
-566
-643
-634
-591
-650
-721
-726
-750
-773
-809
-861
-777
-802
-905
-952
-1011
-937
-858
-908
-905
-949
-1071
-1085
-1035
-972
-937
-953
-1009
-1006
-956
-1025
-960
-868
-879
-768
-773
-733
-594
-598
-574
-463
-375
-202
-99
-79
-62
-44
40
191
393
522
565
551
532
680
854
854
864
847
817
907
984
1025
1019
876
771
839
912
950
906
793
730
742
754
742
722
622
566
619
689
776
731
674
675
690
718
787
824
772
646
594
608
728
765
626
491
322
281
303
322
296
210
70
-22
-106
-102
-96
-147
-183
-234
-280
-374
-368
-386
-358
-332
-401
-495
-576
-602
-627
-598
-569
-620
-674
-748
-790
-797
-846
-846
-854
-882
-921
-1021
-1027
-999
-1020
-948
-995
-954
-934
-1057
-1068
-1021
-873
-737
-872
-1035
-1035
-911
-677
-551
-514
-562
-577
-501
-376
-164
-62
-108
-95
-58
63
244
313
375
432
423
498
635
736
762
707
697
745
838
893
952
990
900
853
913
980
1083
1069
933
871
835
821
873
845
779
725
649
685
665
612
578
527
562
574
478
456
445
444
438
405
389
386
366
321
297
236
222
211
180
140
57
-79
-128
-161
-178
-151
-235
-317
-413
-450
-400
-320
-278
-300
-412
-461
-505
-467
-380
-360
-433
-561
-563
-553
-506
-445
-460
-527
-580
-668
-706
-784
-752
-668
-723
-797
-902
-906
-836
-801
-789
-842
-940
-898
-826
-672
-641
-726
-759
-731
-610
-470
-409
-405
-413
-412
-274
-111
19
50
9
5
50
233
365
419
439
383
451
567
672
711
659
580
587
729
807
886
848
712
707
722
811
936
946
855
757
694
756
886
890
726
568
503
497
607
666
636
523
287
197
266
383
466
403
299
185
160
175
174
158
107
30
0
22
31
-13
-154
-248
-279
-236
-182
-220
-299
-377
-454
-396
-297
-287
-321
-405
-362
-304
-274
-283
-346
-377
-393
-378
-269
-240
-289
-420
-508
-439
-363
-316
-397
-519
-552
-590
-599
-536
-580
-578
-595
-630
-623
-703
-793
-769
-684
-542
-521
-576
-593
-669
-507
-389
-225
-122
-282
-276
-233
-122
116
223
239
197
116
164
328
533
570
517
428
313
447
537
565
684
595
500
521
473
547
568
526
553
527
455
442
471
496
515
552
498
485
482
444
509
503
486
448
387
343
396
364
336
300
256
237
173
145
106
101
55
-17
-73
-90
-104
-62
-72
-166
-230
-250
-167
-108
-172
-213
-272
-282
-230
-187
-184
-238
-280
-327
-275
-226
-249
-246
-263
-272
-237
-253
-260
-221
-244
-291
-310
-287
-282
-297
-307
-309
-278
-298
-295
-282
-262
-268
-269
-297
-287
-253
-263
-360
-409
-378
-289
-231
-255
-343
-333
-286
-253
-176
-208
-206
-145
-101
-50
-14
-50
-53
40
156
209
272
220
190
274
307
396
453
417
350
273
245
367
475
513
490
373
286
313
381
469
503
393
357
384
437
515
539
470
400
305
311
372
373
318
201
143
150
118
22
-18
-33
-6
-37
-131
-207
-252
-252
-290
-280
-245
-292
-305
-293
-285
-260
-272
-265
-263
-245
-207
-252
-282
-228
-222
-243
-225
-257
-263
-200
-204
-193
-189
-209
-231
-240
-252
-217
-139
-110
-118
-192
-250
-241
-131
-27
-26
-85
-164
-171
-136
-42
56
97
47
-33
-48
32
174
195
99
23
46
99
143
152
149
139
150
157
190
185
156
156
174
193
200
209
138
75
13
8
86
151
205
161
55
68
81
151
202
184
171
136
154
232
269
280
219
133
180
227
288
301
225
182
122
96
93
81
113
85
50
-7
-77
-55
-52
-78
-78
-155
-212
-192
-214
-205
-200
-209
-252
-246
-264
-310
-238
-228
-265
-224
-247
-254
-179
-214
-252
-216
-266
-189
-122
-186
-168
-169
-218
-204
-225
-293
-230
-260
-256
-145
-182
-183
-194
-223
-170
-82
-54
-63
-59
-52
12
104
111
81
53
-28
8
140
230
295
238
169
177
217
306
332
330
281
293
319
292
295
249
186
203
253
242
237
192
140
118
89
164
218
195
112
74
68
131
159
154
152
89
78
90
165
256
285
184
98
81
157
238
214
151
53
-6
35
52
71
59
-38
-76
-130
-129
-174
-197
-193
-250
-269
-281
-321
-327
-342
-338
-279
-324
-341
-380
-385
-339
-293
-228
-214
-237
-294
-328
-285
-227
-209
-226
-258
-272
-226
-193
-115
-97
-191
-187
-208
-186
-116
-131
-142
-177
-192
-145
-104
-41
17
34
-16
-66
-30
35
150
183
99
57
61
127
235
262
291
253
239
260
284
382
365
368
346
310
320
318
302
327
263
226
243
285
280
226
226
219
232
177
187
235
236
277
256
211
197
167
203
247
226
165
82
88
168
228
214
138
60
31
53
71
52
-35
-139
-163
-139
-130
-136
-216
-336
-434
-432
-348
-279
-255
-400
-480
-486
-434
-333
-305
-322
-345
-413
-440
-367
-304
-237
-228
-243
-245
-175
-159
-165
-162
-172
-121
-85
-67
-43
-59
-121
-101
-83
-52
-58
-77
-64
-67
-37
-96
-116
-102
-65
-6
-16
-3
-3
-22
-52
-177
-257
-202
-67
53
80
154
232
245
326
380
451
509
504
515
515
506
469
394
383
416
409
403
368
370
386
371
413
407
340
262
137
112
128
107
115
99
49
49
72
114
149
126
80
44
63
94
69
12
-56
-74
-124
-118
-94
-132
-188
-285
-315
-312
-231
-214
-281
-407
-495
-474
-418
-388
-409
-449
-514
-519
-493
-435
-409
-421
-425
-389
-310
-319
-299
-297
-268
-204
-156
-71
-8
13
-2
26
76
112
133
85
79
123
105
104
48
-23
-31
27
111
202
159
44
-5
-14
63
133
159
128
104
94
105
148
189
161
108
94
139
219
244
255
262
263
242
204
195
204
261
300
317
334
287
184
132
98
143
261
286
283
180
73
70
144
243
256
226
129
92
131
157
194
169
130
85
89
72
38
25
14
21
6
32
22
-2
-43
-109
-141
-145
-147
-179
-224
-247
-271
-294
-282
-283
-317
-402
-460
-471
-451
-419
-426
-457
-451
-461
-479
-467
-449
-438
-426
-403
-376
-358
-344
-305
-260
-171
-103
-116
-124
-94
-36
31
66
100
140
120
39
2
14
84
155
191
168
114
86
110
169
142
120
130
139
177
214
207
178
169
186
215
246
266
280
259
231
265
286
314
295
231
216
231
286
340
344
283
213
164
163
257
329
347
277
175
90
72
93
186
234
194
158
94
50
83
98
127
171
161
106
-5
-24
-4
50
78
66
31
-38
-82
-120
-137
-125
-153
-177
-211
-266
-310
-382
-412
-394
-392
-399
-411
-439
-490
-541
-526
-470
-426
-438
-464
-496
-460
-413
-346
-264
-240
-285
-319
-275
-201
-153
-136
-119
-142
-73
-14
-4
12
-16
-34
-7
100
196
228
171
89
58
84
159
215
243
153
75
47
47
151
196
242
207
174
175
188
283
309
295
263
237
270
304
299
325
357
389
369
326
319
335
332
316
322
314
276
223
185
215
233
197
189
174
152
150
117
75
76
61
31
29
23
21
-8
-10
27
41
12
-49
-88
-75
-35
-7
20
-8
-87
-182
-210
-199
-166
-155
-214
-276
-349
-409
-400
-344
-323
-360
-409
-445
-462
-433
-439
-496
-515
-499
-443
-398
-346
-338
-401
-395
-349
-287
-237
-232
-250
-221
-182
-150
-89
-74
-95
-109
-68
-29
30
74
108
77
39
87
114
157
154
174
175
173
222
225
227
225
215
237
237
227
230
230
203
205
262
294
323
336
306
292
288
311
346
331
311
305
311
332
344
346
310
301
325
280
255
235
200
198
196
198
170
137
115
97
86
124
125
104
73
42
39
44
36
-27
-55
-45
-34
-10
-29
-50
-73
-113
-118
-120
-125
-144
-232
-271
-260
-248
-227
-261
-343
-403
-412
-381
-371
-359
-387
-445
-448
-420
-397
-399
-428
-455
-464
-418
-362
-356
-356
-361
-333
-285
-214
-170
-143
-107
-119
-107
-75
-57
-54
-44
-24
3
32
72
81
83
78
77
122
140
188
165
146
146
123
125
139
169
211
230
208
174
152
198
239
253
260
263
247
234
242
244
235
251
248
278
310
281
233
198
190
198
220
253
261
247
226
194
193
216
234
245
237
185
154
142
160
135
77
56
37
47
56
83
61
38
38
13
-12
-19
-34
-71
-87
-80
-120
-148
-169
-217
-251
-254
-221
-198
-218
-236
-263
-297
-303
-292
-289
-301
-315
-312
-292
-272
-264
-274
-295
-332
-309
-293
-265
-208
-185
-198
-224
-223
-196
-176
-134
-107
-91
-62
-41
-48
-42
-33
-32
-23
-3
12
9
-13
-27
-6
17
54
71
64
78
87
78
104
113
105
76
70
91
112
147
148
156
161
116
140
201
217
235
233
254
245
234
237
220
220
201
218
230
217
212
175
141
126
102
120
145
159
143
127
128
130
149
158
145
146
118
135
117
88
97
91
88
56
16
-6
-11
-28
-66
-87
-70
