-8
-6
-17
-9
-22
-19
-12
-14
-18
-20
-9
4
-3
-2
-6
-1
-4
3
11
11
11
17
20
4
7
14
-3
1
10
-1
-2
3
7
-2
3
8
1
-2
1
8
11
10
17
11
-1
10
0
9
7
7
15
3
7
2
3
3
2
0
-1
-1
-4
-8
-16
-25
-22
-14
-7
-4
-1
4
4
-7
-3
3
7
10
-5
-9
-13
-7
-9
-14
-8
-6
-12
-7
-5
-5
3
0
-10
-2
-3
-8
5
-3
1
0
11
-2
0
-8
-5
2
-2
2
0
-3
-6
-1
-1
6
-1
1
4
-13
-21
-7
-11
-15
-13
-22
-27
-22
-32
-15
-16
-11
-4
1
0
-11
0
-3
6
15
19
0
13
19
19
15
20
30
19
14
14
3
-4
10
11
6
11
6
9
10
-1
7
5
2
-7
-2
-2
-2
10
13
19
12
16
17
18
18
15
7
4
2
-8
0
4
7
2
0
-13
-11
-6
-10
-11
-6
1
1
-5
-8
-4
-4
-2
-2
-10
-13
-17
-19
-15
-8
-9
-7
18
19
12
16
14
13
4
-2
-8
-10
-8
-14
-10
-8
-6
2
-8
-6
0
-5
-10
-7
-4
-8
-14
0
4
0
-1
-1
10
12
13
13
2
4
9
6
17
4
-3
-2
8
11
11
7
10
8
5
4
0
1
1
11
14
6
8
-5
-6
4
12
2
-7
-1
-9
-4
0
-4
-6
-13
-12
-8
-22
-20
-24
-12
-27
-31
-21
-19
-5
-17
-14
-10
-3
0
2
-5
1
8
1
4
3
-7
-34
-42
-74
-95
-105
-116
-106
-92
-60
-47
-13
15
31
36
48
51
50
46
39
36
23
22
9
5
11
21
3
19
34
42
64
68
74
97
105
103
107
105
104
86
78
72
63
62
69
62
67
69
62
51
56
43
29
22
7
-10
-30
-41
-56
-46
-46
-51
-49
-39
-44
-47
-51
-67
-73
-80
-75
-78
-64
-56
-56
-43
-40
-48
-49
-38
-49
-63
-64
-55
-58
-55
-53
-67
-69
-72
-88
-97
-92
-88
-88
-81
-60
-28
-34
-8
23
34
58
62
43
29
11
-12
-28
-36
-28
-12
2
22
38
62
76
88
106
99
121
107
112
120
120
116
121
123
120
106
97
100
98
81
71
68
52
50
30
24
13
22
2
9
-13
-9
-8
-37
-51
-53
-69
-92
-83
-92
-90
-61
-55
-64
-71
-63
-48
-71
-76
-63
-62
-60
-64
-74
-64
-38
-36
-48
-12
-10
-14
-6
-25
-34
-22
-51
-65
-47
-58
-57
-56
-70
-52
-52
-78
-85
-94
-110
-108
-102
-88
-57
-24
-9
17
39
47
55
40
38
19
0
-11
-5
-4
14
31
56
82
112
121
132
159
179
181
187
208
207
204
219
194
181
154
117
108
89
85
97
91
87
111
94
66
45
25
-14
-47
-74
-72
-79
-81
-64
-63
-47
-15
-12
-29
-8
-21
-69
-103
-106
-117
-122
-85
-82
-105
-63
-57
-98
-100
-95
-139
-156
-118
-140
-167
-118
-111
-122
-102
-91
-102
-78
-37
-57
-75
-30
-13
-72
-66
-39
-56
-57
-17
-50
-51
13
-14
-3
44
77
74
90
87
52
-2
-53
-120
-188
-189
-158
-147
-97
-17
30
103
154
140
141
132
95
65
16
0
2
-19
-4
17
47
81
108
150
182
215
236
257
283
311
299
286
272
252
224
188
167
142
145
131
141
167
193
205
211
203
197
209
196
167
151
153
113
97
31
-39
-60
-134
-172
-193
-204
-215
-254
-279
-255
-249
-247
-232
-278
-306
-256
-300
-376
-375
-437
-477
-457
-497
-541
-534
-517
-473
-452
-402
-328
-258
-183
-125
-108
-76
12
13
31
90
86
97
114
89
59
3
-88
-167
-214
-230
-223
-159
-28
137
249
356
462
522
535
484
399
328
282
227
181
151
155
162
175
178
217
256
288
341
396
433
461
486
493
485
453
405
356
339
294
254
247
265
304
351
405
442
467
455
390
321
230
106
-22
-141
-209
-264
-304
-320
-316
-284
-244
-208
-237
-264
-269
-326
-415
-540
-685
-745
-718
-753
-805
-796
-742
-652
-596
-622
-604
-528
-475
-477
-476
-474
-476
-505
-499
-439
-409
-357
-279
-198
-116
-51
-36
3
122
163
155
195
237
240
238
171
56
-18
-82
-174
-202
-162
-89
69
227
407
520
595
659
655
604
536
467
385
332
293
240
243
246
257
273
311
160
-21
111
253
428
759
868
1109
1459
1336
1157
903
567
466
239
-26
76
164
227
430
428
378
539
416
257
351
128
-42
41
-122
-149
-85
-317
-437
-426
-634
-791
-829
-979
-893
-751
-892
-786
-647
-823
-804
-851
-1043
-963
-978
-1009
-779
-706
-603
-359
-350
-328
-175
-220
-242
-191
-332
-396
-262
-300
-308
-158
-102
59
207
161
188
233
130
56
24
4
67
102
39
79
70
-170
-398
-586
-831
-898
-888
-795
-470
-64
297
619
856
967
963
791
616
475
298
187
210
250
342
470
551
653
795
885
916
1017
1131
1212
1292
1293
1274
1232
1164
1043
880
736
605
541
475
414
363
321
348
402
402
364
294
122
-12
-75
-282
-412
-449
-448
-376
-450
-597
-647
-720
-772
-942
-1192
-1197
-1120
-1044
-996
-972
-879
-804
-784
-768
-849
-919
-981
-997
-858
-726
-775
-730
-503
-404
-378
-436
-571
-403
-835
-1863
-1604
-827
-234
493
614
1358
2593
2376
1500
639
-24
19
-585
-1455
-1071
-597
-433
-138
-263
-326
236
49
-51
804
853
635
814
846
1037
803
86
-93
36
-105
-332
-658
-636
-152
-75
-251
132
552
885
1230
1278
1371
1414
1194
1029
1065
959
755
715
767
796
783
564
465
612
580
401
406
476
478
525
495
407
417
317
37
-135
-215
-408
-596
-593
-454
-223
-151
-143
63
81
-47
-273
-724
-893
-1185
-1657
-1756
-1721
-1519
-1293
-1103
-674
-316
-88
-103
-304
-211
-234
-512
-600
-585
-509
-516
-604
-727
-890
-927
-985
-949
-751
-562
-367
-66
372
629
567
457
345
97
-221
-565
-818
-877
-856
-932
-1014
-937
-799
-705
-652
-478
-196
151
493
826
1230
1492
1761
1869
1694
1540
1292
948
654
372
143
97
211
373
624
934
1286
1658
1867
1973
1959
1860
1766
1592
1257
969
777
555
384
224
55
36
177
282
379
470
458
549
452
246
25
-296
-402
-510
-602
-705
-848
-829
-790
-786
-833
-892
-787
-698
-805
-811
-896
-1005
-945
-1103
-1192
-1349
-1484
-1382
-1364
-1461
-1444
-1245
-1155
-747
-375
-452
-150
-209
-540
-259
-491
-678
-474
-788
-631
-381
-616
-354
-269
-268
269
461
401
492
251
-151
-206
-648
-1081
-652
-396
-195
-51
-299
-177
-253
-842
-1168
-1116
-807
-109
418
928
1848
2394
2475
2368
2079
1651
1225
659
236
161
136
83
206
458
719
845
920
1140
1444
1569
1659
1852
1959
1917
1686
1366
1005
616
92
-380
-691
-723
-516
-274
120
613
907
1120
1197
1004
779
403
43
-232
-495
-673
-853
-876
-731
-611
-402
-388
-329
-284
-404
-368
-475
-637
-716
-716
-544
-321
-460
-705
-917
-1190
-1391
-1678
-2053
-2010
-1393
-1220
-994
-331
-185
151
292
-304
-149
-132
-731
-802
-1826
-2278
-897
-680
-746
-61
57
1017
1841
855
105
-448
-1188
-1316
-2010
-2689
-2092
-1856
-1523
-365
-92
80
730
539
442
541
-250
-440
249
523
800
1083
1388
1866
1826
1320
968
831
680
769
800
876
1168
1255
1042
1021
1017
645
480
685
953
1209
1292
1321
1679
1807
1548
1439
1213
1042
1073
796
484
470
400
195
170
279
225
235
312
336
412
350
157
123
174
101
110
-44
-78
126
18
-145
-133
-283
-386
-472
-761
-873
-851
-835
-658
-697
-812
-746
-1041
-1211
-1076
-1226
-1319
-1318
-1214
-1111
-1187
-1189
-1300
-1272
-1068
-948
-888
-890
-691
-580
-923
-1053
-985
-909
-620
-648
-985
-982
-935
-965
-1101
-1385
-1591
-1428
-1311
-897
-514
-557
-174
367
572
696
571
275
130
-360
-810
-546
-141
216
637
1124
1942
2459
2239
1924
1835
1734
1455
1047
794
906
1082
831
701
1144
1396
1116
842
681
790
775
273
112
447
697
883
964
1054
1430
1519
1273
1131
1017
781
630
458
310
387
159
26
118
-114
-321
-255
-121
154
375
391
683
842
632
448
187
-211
-444
-740
-942
-493
-351
-414
-183
-269
-143
97
-335
-496
-556
-935
-924
-1197
-1499
-1626
-1779
-1693
-1321
-1319
-1365
-1035
-755
-894
-1110
-1306
-1314
-827
-739
-956
-1116
-754
-288
-475
-786
-984
-1185
-1432
-1573
-1740
-1781
-1474
-1169
-779
-517
-472
-682
-873
-552
-454
-707
-439
-30
469
881
604
98
-36
176
375
481
617
1094
1860
2302
2508
2381
1939
1808
1683
1259
1014
822
745
791
876
1047
1078
1175
1445
1680
1570
1370
1125
907
759
493
216
120
318
569
646
799
1035
1068
1055
997
859
788
724
467
322
308
158
103
-10
-39
2
-55
42
160
106
23
3
-60
-102
-294
-562
-678
-557
-384
-298
-78
-80
-135
-113
-474
-757
-1011
-1352
-1340
-1268
-1379
-1230
-1150
-1107
-893
-923
-1070
-1062
-1272
-1698
-1779
-1806
-1703
-1422
-1367
-878
-242
-372
-340
-352
-567
-763
-1291
-1652
-1637
-1450
-1461
-1457
-1198
-756
-466
-700
-1086
-970
-869
-1012
-991
-698
7
736
872
983
910
339
-134
-228
-219
12
288
660
1545
2369
2581
2463
2265
2235
2089
1726
1431
1298
1345
1313
1320
1380
1339
1316
1149
1087
881
312
248
475
518
566
623
845
1228
1260
1118
1100
1203
1191
973
761
738
611
349
31
-99
-47
-5
-149
-169
39
272
280
204
295
319
357
391
299
255
128
-204
-456
-798
-954
-971
-956
-665
-550
-462
-360
-443
-475
-587
-972
-1184
-1452
-1565
-1445
-1512
-1507
-1554
-1317
-1075
-1280
-1267
-1628
-1590
-1093
-1365
-1251
-994
-929
-148
-342
-715
-487
-953
-1019
-1070
-1808
-1736
-1625
-1703
-1276
-1097
-1000
-833
-901
-955
-755
-780
-942
-554
5
522
989
907
687
381
137
159
221
210
586
1147
1866
2496
2619
2557
2487
2398
2177
1765
1511
1399
1230
1252
1223
1199
1358
1230
1249
1506
1439
1302
931
376
530
600
249
67
29
338
928
1128
1020
1074
1135
1155
886
457
172
-8
-213
-293
-243
-290
-168
-97
-83
125
156
-96
-197
-98
-23
-77
-346
-477
-421
-503
-758
-1001
-1044
-786
-623
-517
-206
-2
154
188
-226
-461
-774
-1430
-1727
-1892
-1793
-1411
-1359
-1158
-919
-946
-1232
-1565
-1677
-1763
-1524
-1364
-947
54
356
173
18
-323
-289
-513
-1306
-1506
-1548
-1612
-1442
-1509
-1619
-1468
-1523
-1510
-972
-946
-1004
-695
-400
81
609
755
990
1033
405
73
269
421
563
580
819
1808
2436
2329
2101
1960
2041
1944
1523
1299
1406
1533
1419
1460
1628
1752
1456
875
1420
1915
1367
760
472
735
1012
324
-239
31
537
959
821
822
1353
1449
1047
827
750
406
109
-270
-386
7
-258
-592
-311
-121
-89
-214
-491
-343
-138
-99
60
139
59
15
-172
-384
-588
-955
-1370
-1350
-997
-1034
-1017
-859
-684
-242
-224
-832
-862
-955
-1422
-1456
-1536
-1478
-1140
-1084
-1248
-925
-854
-1500
-1609
-1304
-1139
-765
-1197
-1367
-386
-365
-592
-464
-934
-648
-246
-1068
-1055
-882
-1414
-1013
-885
-1349
-898
-1003
-1430
-830
-884
-1102
-727
-560
166
1225
1180
799
747
669
1082
1269
627
726
1441
1944
2418
2326
1919
2171
2187
1850
1775
1598
1410
1412
1493
1524
1632
1550
1292
1130
1488
1916
1644
1123
894
981
830
248
-406
-615
-445
68
271
338
859
1178
1204
1186
926
451
143
-160
-434
-548
-735
-766
-552
-322
-250
-396
-469
-354
-351
-351
-306
-350
-372
-391
-437
-573
-835
-1203
-1188
-1001
-888
-701
-740
-638
-177
-168
-508
-667
-987
-944
-853
-1350
-1391
-1310
-1427
-1115
-980
-1264
-913
-833
-908
-409
-634
-992
-751
-761
-643
-688
-905
-558
-260
-378
-618
-689
-997
-1057
-1233
-1606
-1445
-1018
-891
-839
-832
-517
-66
-258
-411
-391
152
771
736
354
-433
-326
176
315
423
560
1251
2307
2904
2957
2695
2455
2248
1955
1533
1008
951
964
977
1203
1266
1375
1348
862
1059
1708
1551
1138
950
849
1119
917
192
92
240
551
685
584
857
1127
896
597
542
281
-70
-305
-552
-452
-403
-737
-846
-564
-491
-576
-667
-661
-393
-117
-109
-115
-90
-261
-376
-555
-750
-886
-1117
-1084
-756
-593
-674
-475
-267
-42
70
-234
-503
-497
-721
-1098
-1140
-1213
-1354
-1360
-1522
-1627
-1186
-1179
-1452
-973
-945
-879
-398
-405
-248
103
-210
-100
137
-555
-769
-1109
-1535
-1208
-1411
-1692
-1125
-861
-628
-337
-880
-1039
-719
-1043
-1296
-1057
-673
263
1254
1342
1050
696
573
840
562
-39
98
736
1610
2233
2210
2014
2152
2338
2021
1624
1328
1183
1221
1243
1186
1172
1125
716
1120
1789
1620
1296
910
893
1269
749
-107
-349
-272
166
392
323
602
1047
1130
1209
1127
723
487
264
-128
-81
-193
-568
-526
-380
-360
-353
-373
-420
-245
-61
60
154
10
-52
17
-402
-563
-738
-1017
-820
-518
-358
-300
-298
-370
-332
-418
-528
-930
-1198
-1070
-1119
-911
-911
-1254
-1147
-1209
-1274
-1075
-1401
-1512
-1160
-1109
-1226
-1109
-656
-425
-451
-572
-795
-611
-716
-1070
-908
-1182
-890
-449
-867
-678
-490
-935
-731
-683
-1090
-1267
-1427
-1429
-1097
-687
-213
493
946
642
279
145
350
550
142
168
1202
2057
2416
2656
2439
2338
2402
1782
1055
910
685
475
768
1055
1262
1222
1071
1693
2368
1895
1135
899
959
1102
542
-298
-186
314
489
615
700
990
1244
1081
988
1090
819
384
298
364
254
-78
-499
-611
-324
-360
-690
-630
-267
117
316
410
443
492
311
-77
-213
-556
-1057
-1075
-1007
-686
-382
-542
-466
-105
-9
-121
-469
-778
-820
-877
-1044
-943
-1075
-1239
-1078
-1043
-1012
-1095
-1744
-2289
-2037
-1643
-1382
-1297
-1033
-556
204
350
18
-424
-922
-918
-1132
-1384
-1692
-1797
-1584
-1529
-1409
-1151
-976
-924
-1115
-896
-623
-727
-624
-657
-178
691
868
571
-119
-270
38
88
42
-97
463
1538
2121
2323
2285
2175
2112
2031
1760
1369
1147
1120
1306
1593
1295
1069
1591
2137
2226
1931
1607
1634
1698
1266
626
267
426
608
473
564
951
1126
1059
1206
1373
1098
776
490
407
656
578
82
20
118
29
-195
-548
-666
-574
-524
-494
-225
-15
-16
-64
-132
-135
-214
-756
-1001
-815
-757
-689
-846
-794
-337
-512
-710
-852
-1056
-1081
-1321
-1137
-904
-960
-757
-1097
-1472
-1228
-1618
-1820
-1585
-1603
-1224
-855
-985
-1112
-1121
-1477
-1386
-1404
-1491
-982
-723
-724
-584
-751
-907
-766
-1258
-1460
-1137
-902
-865
-990
-1207
-957
-491
-500
-634
-491
-71
632
983
785
213
-70
312
564
535
564
970
1805
2297
2483
2442
1901
1644
1416
912
948
1067
1061
1406
1908
2047
2477
2818
2355
2044
1708
1170
987
436
-64
81
190
562
747
805
1283
1726
1705
1596
1501
1171
754
560
146
-121
-215
-410
-307
36
-80
-252
-195
-198
176
345
181
360
396
237
146
-231
-595
-665
-790
-878
-754
-816
-1047
-886
-739
-667
-523
-653
-610
-345
-551
-890
-1298
-1731
-1967
-1842
-2063
-2259
-1966
-2046
-1725
-1219
-1245
-1124
-1038
-901
-481
-623
-840
-1127
-1221
-939
-1060
-1499
-1918
-1966
-1687
-1917
-1789
-1605
-1316
-418
-46
-164
-229
-486
-563
-662
-834
-689
-347
88
66
-134
-54
306
639
605
730
1370
2049
2405
2515
2464
2559
2593
2154
1708
1519
1504
1339
1222
1331
1406
1237
1221
1792
2290
2089
1757
1713
1797
1775
1167
463
403
616
755
688
837
1214
1416
1225
1108
1140
974
645
311
245
331
175
-97
-97
6
40
-154
-318
-336
-308
-344
-376
-193
-93
-262
-410
-359
-325
-508
-728
-780
-707
-551
-924
-1131
-927
-814
-741
-1072
-1291
-1033
-1079
-1166
-1202
-1560
-1631
-1808
-2116
-2013
-1887
-2114
-1982
-1603
-1712
-1138
-823
-1211
-811
-916
-842
-277
-1011
-840
-436
-1215
-718
-1060
-1675
-1035
-1450
-1614
-969
-913
-276
-87
-800
-689
-408
-649
-801
-743
-501
294
689
-92
-56
293
529
927
764
1071
2105
2543
2696
2776
2431
2345
2058
1554
1362
1303
1056
1078
1515
1744
1661
1416
1577
2159
2292
1904
1602
1628
1691
1451
847
473
447
581
491
704
1106
1238
1322
1330
1340
1314
953
589
423
343
150
-141
-294
-224
-209
-416
-566
-416
-304
-277
-236
-12
176
-41
-295
-449
-691
-859
-1080
-1379
-1259
-1037
-1007
-1043
-791
-621
-541
-616
-798
-1104
-1494
-1712
-1900
-1994
-2002
-2126
-2100
-1769
-1457
-1374
-1547
-1722
-1469
-1152
-804
-1059
-1467
-1061
-787
-687
-762
-1503
-1478
-918
-908
-670
-896
-1067
-936
-1218
-1099
-1034
-1135
-966
-1184
-1085
-957
-1104
-1021
-669
-136
197
-161
-182
246
923
1271
1043
1331
2276
3046
3087
2829
2664
2489
2249
1737
1248
1189
1264
1179
1261
1745
2136
2082
1689
1667
2327
2598
2087
1608
1448
1714
1719
953
358
330
526
738
735
801
1091
1340
1349
1363
1338
834
375
341
310
341
27
-366
-167
98
-28
-383
-660
-629
-370
-214
-150
-117
-171
-289
-387
-611
-1019
-1334
-1528
-1275
-1035
-1117
-1199
-1292
-958
-628
-934
-1245
-1445
-1652
-1502
-1685
-1950
-1801
-1910
-1771
-1443
-1853
-1979
-1960
-2271
-2128
-1891
-1999
-1478
-1154
-924
-654
-806
-486
-374
-589
-572
-601
-660
-659
-1285
-1647
-1502
-1270
-1037
-1108
-1124
-873
-639
-704
-883
-830
-234
413
660
274
43
495
1163
1447
1134
1229
2033
2802
3063
2783
2425
2491
2401
2032
1719
1531
1397
1208
1354
1788
1995
1899
1870
2034
2347
2296
1919
1827
1945
1862
1085
491
621
645
414
205
451
1029
1412
1283
1206
1300
1304
934
423
337
170
-182
-558
-739
-531
-475
-601
-588
-349
-150
-64
-84
-40
-88
-519
-718
-813
-1111
-1319
-1726
-1835
-1247
-1111
-1270
-1193
-1049
-657
-347
-453
-661
-727
-1053
-1343
-1663
-2324
-2446
-2314
-2310
-1722
-1580
-1766
-1374
-1505
-1866
-1590
-1900
-1844
-1479
-1334
-889
-496
-824
-850
-407
-797
-773
-823
-1135
-667
-397
-923
-669
-376
-353
-269
-923
-1128
-811
-904
-1078
-797
-271
476
1060
718
158
570
1087
1131
1349
1324
1898
1602
293
1341
3222
3801
3545
3142
3847
5039
4164
1861
477
641
802
155
-593
-344
1196
1641
1323
1542
1592
1708
1433
848
1026
1155
555
623
1180
1354
1156
708
296
469
441
-56
-275
-297
-243
-91
-176
-291
-168
-280
-552
-318
-252
-605
-754
-746
-516
-388
-731
-980
-792
-834
-914
-844
-1068
-1085
-819
-978
-969
-922
-1206
-1064
-1098
-1302
-1387
-1977
-2053
-1970
-1893
-2006
-2098
-2026
-1749
-1471
-1439
-1570
-1631
-1386
-1166
-1092
-1324
-1109
-1024
-1173
-807
-1028
-1118
-549
-713
-430
-248
-508
-314
-496
-449
-22
-309
-94
-132
-902
-996
-793
-793
-975
-613
-88
624
729
14
298
1101
1530
1705
1629
2264
3317
3375
3031
2730
2664
2500
1925
1441
1463
1610
1316
1310
1729
2072
2040
1818
1761
1955
1974
1843
1666
1566
1295
915
711
573
320
47
51
405
682
627
462
546
691
656
406
159
167
-32
-299
-492
-625
-848
-1116
-1145
-1027
-1036
-1085
-1023
-662
-330
-288
-381
-374
-301
-506
-909
-1299
-1465
-1461
-1659
-1714
-1341
-1365
-1272
-986
-1076
-774
-872
-1337
-985
-839
-969
-963
-1534
-1513
-1232
-1755
-1986
-1836
-1581
-1242
-1193
-1289
-495
-35
-560
-879
-853
-724
-438
-1066
-1091
-67
202
210
-22
21
245
-263
-1077
-1265
-944
-675
-1093
-1315
-899
-337
-98
-231
249
906
398
-430
-275
564
1009
915
937
2069
3481
3645
3224
2864
2827
2764
1899
1088
1080
1177
971
1002
1482
1784
1855
1753
1809
2182
1720
1328
1686
1659
1353
899
533
794
766
176
22
181
434
342
106
175
546
454
134
208
334
269
11
-579
-680
-643
-1021
-1194
-1182
-1126
-941
-893
-667
-337
-325
-256
-285
-354
-475
-839
-1174
-1285
-1209
-1302
-1433
-1239
-929
-761
-768
-1045
-967
-734
-858
-777
-1213
-1319
-1033
-1355
-1114
-1281
-1554
-1154
-1448
-1455
-1229
-1683
-1306
-1035
-990
-804
-890
-192
-122
-335
-287
-456
-163
-210
-450
-251
-270
63
-125
-674
-320
-290
-353
-761
-1288
-1316
-1343
-1063
-875
-496
202
35
-250
274
939
1299
1246
1492
2329
3230
3393
3038
2653
2517
2485
1802
1176
1245
1130
1028
1107
1239
1453
1558
1508
1631
1993
1935
1593
1489
1490
1409
849
454
409
245
19
-214
-225
98
205
77
127
236
542
548
371
414
274
-71
-424
-575
-732
-865
-1258
-1525
-1116
-940
-873
-601
-520
-134
268
59
-12
-225
-580
-710
-918
-1242
-1235
-1408
-1527
-962
-813
-735
-568
-670
-419
-238
-405
-536
-726
-836
-835
-1071
-1197
-1660
-1707
-1444
-1552
-1439
-1500
-1410
-913
-767
-737
-355
-338
-158
-53
-441
-199
-34
-500
-506
-550
-532
-384
-683
-1119
-966
-828
-709
-349
-586
-971
-768
-848
-722
-232
-194
-423
-697
-478
366
934
976
1273
1992
2987
3484
3288
2620
2562
2556
1992
1614
1441
1372
1304
1312
1470
1581
1453
1147
1168
1527
1479
1212
777
1013
1799
1572
1031
802
578
580
323
-384
-548
-450
-301
-178
23
220
454
458
486
672
450
-109
-549
-887
-948
-1097
-1483
-1550
-1324
-856
-622
-557
-419
-149
-77
-153
-330
-458
-569
-673
-751
-797
-786
-913
-1103
-928
-728
-832
-810
-985
-773
-470
-616
-582
-437
-429
-338
-724
-934
-1017
-1387
-1376
-1665
-1677
-1273
-1245
-1308
-972
-433
-161
-416
-475
-34
79
-139
-649
-359
70
297
188
-116
66
243
-323
-747
-902
-939
-568
-948
-1303
-1115
-1121
-1109
-843
-415
-119
-611
-630
269
1062
1417
1440
1717
2737
3387
3277
2637
2342
2384
2077
1584
1297
1314
1204
1005
1115
1258
1388
1259
1050
1398
1747
1519
1117
1077
1297
1320
800
523
488
393
233
-128
-300
-125
-163
-409
-222
89
281
251
215
391
356
-25
-495
-750
-1007
-1140
-1467
-1520
-1116
-964
-799
-580
-306
-98
-13
-130
-207
-143
-361
-600
-664
-800
-824
-1013
-1364
-1038
-1093
-1025
-865
-1043
-623
-218
-216
-235
-334
-559
-738
-1155
-1293
-1555
-1659
-1548
-1362
-1062
-853
-975
-824
-153
-25
-240
-399
-268
393
466
61
33
-113
231
206
-588
-650
-623
-911
-989
-1036
-886
-328
-466
-899
-821
-707
-800
-702
-542
59
434
-153
-24
577
1032
1212
1152
1493
2552
3082
2747
2535
2585
2410
1967
1386
1177
1246
962
747
910
1247
1386
1184
1065
1315
1319
901
1011
1298
1214
772
324
263
297
-130
-545
-453
34
335
170
209
605
773
483
47
-205
-314
-523
-885
-1013
-941
-875
-848
-741
-445
-427
-604
-411
-265
-300
-231
-425
-417
-284
-473
-740
-788
-741
-820
-893
-834
-601
-542
-597
-509
-488
-348
-452
-576
-757
-790
-826
-1082
-1095
-992
-988
-806
-892
-1088
-872
-1120
-1162
-867
-911
-506
-191
-458
-62
485
336
257
-350
-466
167
175
-69
-231
-335
-300
-232
-857
-1036
-713
-1068
-1593
-1620
-1698
-1210
-903
-789
-177
-237
-204
335
840
1236
1483
1699
2219
3075
3150
2626
2344
2160
1839
1540
987
922
1066
909
972
1065
1100
1135
1002
1046
1340
1281
1111
1270
1435
1208
710
418
223
-34
-270
-433
-257
60
217
247
474
661
653
395
255
162
46
-307
-734
-896
-1115
-1332
-1459
-1289
-1032
-857
-571
-95
283
487
462
447
360
110
-355
-843
-853
-845
-1018
-1180
-1207
-920
-718
-852
-906
-742
-400
-78
4
-211
-462
-371
-308
-730
-1217
-1769
-1809
-1323
-1462
-1432
-1093
-844
-474
-230
-280
-323
-101
-114
-136
-113
-333
-195
27
-19
174
147
-374
-303
-481
-850
-814
-953
-1067
-1310
-1552
-1429
-818
-607
-492
-272
-375
-456
-91
101
403
865
1173
2054
2992
3230
3124
2813
2468
2307
1916
1127
728
713
684
820
871
811
1181
1367
1370
1510
1286
999
1065
1283
1114
774
575
338
430
321
-64
-157
-178
-27
186
98
89
210
76
66
77
-10
-171
-340
-524
-676
-827
-1035
-1240
-1203
-1073
-849
-583
-337
-83
131
311
395
275
-76
-264
-450
-602
-692
-895
-986
-962
-893
-718
-682
-799
-783
-541
-613
-618
-561
-529
-396
-304
-474
-720
-851
-1079
-1385
-1420
-1514
-1196
-773
-492
-72
172
61
10
113
23
-246
-351
-327
-54
343
77
-107
-512
-657
-624
-925
-1071
-978
-1027
-964
-1078
-1102
-1070
-649
-352
-159
152
-440
-584
-9
375
701
904
1311
2278
2928
3006
2698
2416
2195
1856
1416
927
882
765
549
773
1012
1116
1212
1048
1253
1415
1121
1036
1231
1360
1138
872
652
618
549
184
-132
-28
76
117
39
77
371
446
247
165
195
87
-180
-686
-898
-856
-1144
-1341
-1290
-1004
-585
-411
-312
-35
157
116
21
-289
-478
-547
-928
-1007
-777
-852
-882
-858
-754
-495
-567
-736
-758
-505
-608
-757
-704
-904
-609
-543
-987
-812
-1005
-1312
-961
-1211
-1276
-879
-835
-699
-187
-22
69
313
-47
-91
54
-293
-277
-311
-525
54
92
-85
67
-128
-193
-283
-536
-948
-1284
-1677
-1817
-1261
-875
-677
-318
-709
-623
93
424
697
971
1468
2447
3128
3144
2742
2398
2178
1941
1411
796
628
705
687
980
1111
1043
1285
1305
1374
1452
1205
758
1121
1540
1290
939
543
492
531
133
-286
-203
54
281
261
170
355
455
152
36
53
-228
-427
-737
-852
-750
-969
-1305
-1306
-1034
-778
-564
-449
-253
9
166
68
-46
-243
-452
-488
-626
-750
-737
-858
-860
-586
-608
-905
-1013
-911
-606
-474
-639
-523
-154
-57
-443
-941
-1073
-1023
-1162
-1320
-1312
-866
-415
-431
-340
-403
-404
-195
-294
-253
36
31
61
104
-127
-229
-421
-878
-1049
-823
-542
-274
34
-10
484
651
-39
-751
-1315
-1474
-1048
-1022
-873
-314
-400
-374
164
544
757
1010
1257
2027
2914
2905
2524
2279
2152
2101
1613
948
850
929
859
947
934
765
799
844
953
991
823
967
1372
1493
1337
893
478
390
124
-337
-612
-462
-172
9
175
350
429
357
152
24
-128
-313
-694
-930
-901
-1013
-1258
-1204
-904
-640
-451
-406
-192
125
226
130
118
8
-19
-124
-461
-496
-489
-771
-934
-932
-932
-756
-803
-880
-630
-441
-550
-394
-252
-560
-578
-655
-962
-778
-749
-1120
-722
-634
-647
-161
-531
-590
-410
-845
-593
-390
-708
-298
-265
-38
504
341
263
329
326
138
-263
-545
-657
-504
-543
-579
-678
-1143
-1242
-1029
-874
-594
-625
-606
-624
-741
-187
95
405
850
1268
2131
2755
2686
2438
2097
1942
1805
1263
790
831
922
898
1006
957
997
1169
1059
1139
1125
918
1038
1291
1230
918
479
297
281
21
-352
-328
-105
233
380
255
396
423
186
49
-149
-245
-304
-620
-795
-793
-897
-1056
-1136
-940
-575
-338
-78
205
415
457
396
213
-6
-182
-367
-546
-620
-461
-596
-811
-696
-649
-601
-636
-764
-556
-360
-299
-286
-323
-352
-497
-671
-843
-752
-834
-1014
-930
-833
-693
-536
-699
-716
-580
-512
-428
-169
17
-42
37
-126
-135
-82
-443
-390
-159
-106
33
-345
-364
-68
-152
-227
-535
-838
-1047
-1138
-1062
-1035
-857
-862
-848
-864
-672
-248
16
326
905
1492
2177
2542
2458
2334
2089
1923
1584
1133
932
878
900
857
757
769
908
991
984
853
851
1255
1411
1212
1112
850
675
577
6
-284
-258
-97
146
176
320
521
470
322
180
14
-163
-318
-531
-619
-539
-614
-739
-644
-489
-316
-161
-151
-60
120
176
161
196
-34
-89
-64
-355
-327
-345
-508
-426
-526
-499
-373
-592
-637
-616
-725
-655
-481
-551
-605
-595
-850
-741
-679
-961
-974
-943
-750
-432
-614
-572
-349
-438
-309
-436
-416
-95
-372
-603
-503
-549
-378
-336
-492
-218
-35
-46
85
-246
-241
59
-105
-217
-597
-1012
-976
-880
-1110
-1160
-1042
-830
-833
-1052
-941
-276
245
566
1016
1602
2365
2597
2222
1989
1940
1633
1248
971
916
963
855
807
954
1070
1141
938
692
927
1255
1290
1119
902
829
773
525
129
-178
-50
145
273
304
323
477
456
371
346
230
212
56
-176
-286
-356
-507
-591
-565
-474
-192
-92
-106
35
218
220
224
110
-65
42
6
-134
-118
-212
-311
-294
-381
-531
-654
-935
-956
-787
-900
-925
-801
-704
-593
-417
-524
-647
-475
-468
-518
-558
-944
-1112
-936
-1030
-1181
-1292
-1228
-658
-413
-464
-348
-198
-73
45
-176
-633
-232
-113
-318
-82
-353
-422
67
-102
-155
-394
-1115
-934
-842
-1082
-1007
-1075
-963
-810
-1188
-1198
-577
-172
218
786
1403
2252
2676
2355
2128
2152
1869
1411
992
887
989
924
800
941
1093
1103
823
434
1026
1480
1193
1017
937
1054
1206
610
192
113
208
422
305
404
787
904
760
800
837
605
362
33
-169
-139
-526
-1045
-1315
-1146
-696
-519
-395
-168
252
703
698
614
357
159
184
-44
-194
-292
-536
-662
-686
-710
-770
-948
-1018
-880
-562
-355
-407
-684
-839
-471
-386
-620
-784
-971
-894
-589
-915
-1135
-1161
-1205
-834
-808
-888
-748
-740
-396
-158
-387
-567
-676
-530
-339
-440
-547
-381
-64
-65
-400
-584
-446
-130
-100
-500
-763
-704
-675
-793
-1061
-1150
-989
-1252
-1426
-1046
-504
-2
388
845
1682
2491
2587
2304
2038
1942
1820
1391
988
924
912
787
830
982
984
925
717
954
1552
1565
1333
1234
1207
1333
1045
465
166
120
276
311
312
453
644
706
692
789
694
589
534
329
206
-15
-377
-442
-430
-575
-653
-572
-411
-164
9
129
278
295
231
175
-1
-92
-248
-476
-432
-423
-409
-520
-682
-691
-827
-900
-948
-1156
-1074
-1029
-937
-809
-667
-625
-830
-838
-915
-1013
-1059
-1320
-1344
-1026
-893
-724
-776
-648
-303
-263
-464
-625
-722
-769
-690
-669
-507
-251
-286
-227
85
173
204
16
-3
147
-62
-267
-532
-645
-766
-990
-1093
-1164
-1314
-1551
-1469
-912
-262
228
688
1414
2256
2590
2520
2172
1965
1832
1457
1117
953
907
840
812
945
1041
1124
1080
1075
1289
1336
1257
1139
1199
1283
1158
523
-120
-36
80
88
195
266
708
1360
1312
1252
1031
734
643
295
-20
-148
-458
-785
-638
-552
-603
-460
-532
-286
250
278
246
373
309
320
121
-296
-418
-531
-607
-573
-773
-705
-572
-789
-785
-769
-789
-990
-1268
-1148
-938
-922
-733
-898
-946
-595
-848
-952
-971
-1269
-1153
-1075
-1213
-1155
-1058
-994
-814
-735
-823
-659
-479
-487
-258
-274
-344
-30
-178
-296
-85
-311
-323
-202
-176
179
321
-30
-92
-142
-466
-579
-880
-1194
-1055
-1138
-1226
-847
-507
-29
510
1021
1533
2066
2238
2200
2268
2085
1868
1650
1332
1306
1234
1033
1009
864
733
969
1189
1216
1171
1026
1017
1249
1136
770
575
589
696
717
586
622
813
824
884
987
889
807
579
279
411
310
-66
-304
-440
-387
-377
-652
-686
-446
-277
-162
-236
-199
-48
-11
-109
-199
-409
-440
-312
-416
-465
-541
-886
-859
-708
-874
-1056
-1408
-1373
-973
-1016
-1221
-1244
-1304
-1004
-855
-1056
-1164
-1224
-1314
-1181
-1094
-1213
-1171
-1099
-950
-480
-388
-645
-605
-502
-210
-129
-368
-439
-396
-422
-346
-303
-312
-212
-79
163
489
566
552
495
279
51
-305
-731
-1064
-1162
-1095
-1128
-1157
-917
-495
15
539
931
1333
1788
2253
2492
2331
2089
1941
1847
1624
1249
891
733
771
938
1162
1196
1218
1219
1272
1237
1128
808
623
680
786
980
980
928
1079
1187
1223
1076
693
547
551
470
376
239
90
113
155
-57
-295
-464
-632
-627
-641
-663
-476
-443
-315
-165
-146
-181
-295
-444
-504
-439
-613
-659
-739
-819
-682
-797
-936
-1059
-1190
-1171
-1257
-1385
-1617
-1665
-1319
-1157
-1054
-885
-733
-458
-550
-751
-933
-1169
-1208
-1473
-1639
-1533
-1396
-1063
-863
-672
-427
-257
-92
146
130
49
63
17
51
195
44
97
326
415
615
647
514
368
34
-373
-541
-707
-868
-883
-900
-758
-506
-444
-309
41
356
745
1260
1713
2225
2509
2479
2449
2328
1956
1569
1206
973
863
744
508
574
732
795
910
907
1000
1221
1286
1328
1414
1421
1381
1315
1163
913
730
497
366
357
305
249
269
252
264
187
-27
-106
-218
-433
-560
-706
-871
-887
-852
-841
-643
-519
-564
-516
-458
-489
-591
-605
-626
-539
-505
-742
-878
-901
-1085
-1268
-1425
-1673
-1506
-1505
-1559
-1366
-1330
-1134
-885
-1065
-992
-591
-579
-554
-630
-716
-633
-753
-1140
-1155
-1004
-883
-711
-707
-545
-12
180
177
356
321
339
414
291
291
380
349
385
608
707
606
319
71
27
-58
-341
-660
-832
-858
-773
-681
-695
-498
-128
250
868
1334
1690
2061
2199
2368
2349
2019
1644
1303
1060
892
733
582
512
559
742
829
899
962
1098
1275
1383
1410
1335
1282
1213
1098
904
608
431
332
257
258
318
304
332
328
267
200
-63
-318
-485
-520
-506
-580
-653
-545
-595
-756
-791
-996
-1116
-1143
-1005
-731
-520
-410
-491
-477
-455
-590
-969
-1235
-1317
-1262
-1250
-1149
-1204
-1251
-1166
-1372
-1381
-1265
-1388
-1342
-1147
-837
-497
-575
-763
-726
-766
-804
-980
-1187
-949
-508
-152
-13
63
127
277
346
283
148
59
56
158
353
404
390
601
677
808
790
359
177
18
-219
-305
-599
-705
-600
-572
-285
29
416
973
1332
1599
1889
1983
1835
1611
1409
1110
913
765
647
741
733
746
895
985
1157
1337
1420
1514
1579
1526
1400
1188
968
702
462
300
264
308
353
371
357
383
469
379
200
53
11
-28
-88
-183
-216
-280
-439
-616
-800
-876
-1002
-1120
-1234
-1080
-923
-848
-826
-765
-629
-511
-623
-652
-709
-956
-1084
-1356
-1623
-1692
-1616
-1356
-1104
-961
-822
-689
-469
-449
-525
-672
-859
-861
-866
-851
-682
-678
-612
-500
-483
-267
-244
-462
-415
-267
-120
17
-13
18
164
195
333
331
343
443
515
406
397
406
346
346
302
245
147
-49
-163
-220
-324
-229
-164
34
376
535
705
901
995
1076
1007
873
904
882
859
942
952
1023
1113
1076
1077
1161
1062
1032
1020
1016
1098
1077
1094
1172
1178
1086
1048
910
774
639
456
433
460
416
389
361
271
172
-23
-174
-149
-160
-186
-231
-273
-289
-353
-547
-745
-813
-796
-900
-1125
-1226
-1162
-993
-950
-943
-918
-934
-809
-783
-983
-1020
-1113
-1212
-993
-958
-975
-1003
-1090
-888
-860
-943
-897
-955
-873
-699
-643
-533
-409
-453
-366
-390
-444
-468
-516
-429
-343
-339
-344
-242
-100
22
25
97
261
447
479
329
423
518
517
387
219
230
167
-13
-105
-86
-20
81
161
328
537
701
710
693
770
795
780
688
632
609
553
518
528
551
640
694
754
917
980
1015
1042
1013
1064
1092
999
1005
985
977
996
867
757
620
462
398
292
238
308
353
394
483
480
495
487
319
194
64
-43
-119
-248
-323
-361
-420
-394
-426
-599
-688
-667
-738
-811
-855
-1050
-983
-836
-876
-831
-898
-929
-793
-927
-919
-960
-1220
-1139
-974
-1001
-1003
-1055
-1023
-804
-644
-794
-838
-667
-632
-499
-522
-628
-443
-455
-447
-373
-527
-497
-495
-576
-412
-280
-193
-38
-3
67
141
221
238
386
525
492
538
395
229
267
117
0
34
105
374
520
530
602
593
654
691
645
691
817
894
885
869
746
609
440
307
229
224
301
457
676
916
1027
1102
1172
1137
1083
970
857
797
731
705
625
451
345
261
237
289
308
333
435
488
558
528
372
206
88
-48
-153
-141
-205
-181
-144
-146
-102
-193
-404
-429
-427
-476
-418
-466
-520
-486
-607
-736
-856
-1169
-1310
-1308
-1419
-1335
-1119
-976
-742
-602
-593
-442
-489
-582
-570
-712
-780
-695
-712
-581
-379
-487
-622
-739
-856
-840
-927
-1053
-901
-655
-438
-120
141
218
282
193
147
121
-94
-271
-248
-106
153
280
279
400
522
517
355
265
255
289
362
478
683
773
738
705
706
692
493
358
361
484
578
507
561
588
663
643
496
505
531
417
365
387
472
537
463
469
627
749
725
706
718
780
776
629
555
521
458
443
373
360
364
307
309
378
393
307
192
105
117
130
-15
-115
-99
-85
-19
-110
-236
-255
-366
-373
-331
-377
-433
-509
-568
-569
-645
-802
-1005
-1083
-1043
-1115
-1171
-1137
-1025
-818
-827
-806
-660
-584
-473
-570
-729
-659
-573
-521
-522
-639
-685
-699
-762
-750
-633
-691
-684
-461
-318
-184
-261
-430
-307
-234
-257
-231
-202
33
272
304
298
237
191
196
201
238
370
565
719
871
942
867
742
581
409
277
190
104
199
413
648
792
800
847
854
801
711
495
339
319
307
295
290
221
259
332
354
494
454
402
487
560
653
664
487
457
593
576
486
326
197
262
300
154
95
80
99
224
197
170
134
99
141
190
108
-13
-150
-265
-248
-226
-365
-420
-343
-281
-134
-218
-361
-421
-435
-405
-446
-545
-597
-685
-713
-792
-833
-833
-803
-759
-767
-713
-712
-667
-609
-519
-504
-483
-449
-404
-341
-345
-455
-499
-572
-615
-683
-861
-891
-769
-650
-503
-447
-323
-24
41
72
115
87
166
286
205
183
262
238
290
411
437
598
575
457
569
565
501
457
368
393
591
567
559
635
578
577
566
367
317
408
343
417
407
306
348
322
288
286
201
172
266
379
450
499
527
566
664
569
436
355
189
155
118
-28
51
130
37
153
248
166
237
130
79
201
80
16
-29
-128
-127
-214
-389
-338
-333
-409
-361
-336
-266
-75
-79
-117
13
-67
-231
-376
-576
-696
-828
-1015
-895
-701
-652
-501
-370
-245
-30
-55
-199
-125
-165
-310
-421
-569
-547
-464
-552
-474
-246
-138
-73
-112
-201
-194
-236
-393
-362
-283
-208
-124
-105
-56
92
36
-88
-24
26
57
76
83
157
269
275
340
451
501
514
501
453
446
383
293
303
258
239
243
184
150
135
155
167
175
201
201
322
405
401
403
341
278
294
250
229
246
222
274
271
300
324
340
359
269
218
161
110
106
112
65
13
-26
-43
-15
-36
-93
-108
-63
1
71
41
33
18
-49
-23
-85
-234
-241
-296
-357
-321
-400
-415
-354
-371
-340
-285
-264
-220
-221
-265
-263
-317
-358
-340
-361
-375
-280
-283
-266
-207
-196
-158
-95
-216
-245
-174
-174
-130
-225
-226
-88
64
74
-31
-174
-329
-443
-601
-647
-532
-358
-134
106
300
477
416
283
149
64
94
46
157
269
379
459
374
305
277
198
177
189
225
340
433
473
496
446
304
228
205
96
47
95
165
337
364
340
315
190
264
304
247
335
401
403
493
439
239
161
5
-78
-76
-124
-116
-30
17
90
117
53
121
132
91
49
-98
-139
-110
-118
-156
-271
-309
-208
-173
-259
-260
-282
-296
-332
-458
-538
-464
-376
-313
-260
-272
-243
-237
-256
-216
-239
-265
-287
-290
-309
-362
-386
-416
-439
-409
-323
-230
-137
-97
-122
-48
77
106
103
72
130
170
121
11
-85
-92
-103
-136
-152
-123
-59
34
65
66
67
34
52
105
53
1
15
21
87
130
128
176
261
284
326
330
297
350
339
252
251
218
191
256
264
309
382
361
334
245
121
59
-1
-48
50
215
342
516
564
588
590
489
322
138
-45
-198
-215
-222
-186
-123
-76
2
83
131
140
162
131
130
85
16
-40
-136
-209
-214
-225
-235
-212
-117
11
93
85
74
44
-37
-149
-276
-382
-476
-466
-441
-385
-337
-335
-314
-272
-253
-214
-139
-71
-5
-32
-169
-285
-424
-589
-673
-707
-673
-487
-304
-119
74
187
196
153
77
-107
-138
-120
-152
-122
-56
79
208
183
132
87
-30
-127
-252
-335
-250
-172
-117
27
83
153
206
107
55
119
152
229
351
404
552
577
439
310
213
138
139
80
98
231
381
474
486
425
354
276
140
68
-19
-9
144
237
317
436
424
432
485
408
273
189
144
132
100
-45
-143
-186
-160
-106
-112
-25
86
175
248
197
113
73
-101
-265
-387
-446
-370
-210
-106
-28
16
49
26
-58
-112
-174
-182
-190
-237
-226
-217
-260
-265
-292
-372
-409
-371
-292
-186
-145
-115
-90
-139
-235
-387
-543
-595
-639
-658
-551
-418
-229
-61
-28
-8
23
16
5
53
31
81
125
81
103
61
-68
-150
-234
-294
-222
-145
-38
115
213
299
317
273
295
256
175
162
152
136
151
163
143
142
197
199
192
218
207
205
240
202
178
249
250
266
294
236
232
327
307
293
322
322
415
397
353
325
273
227
206
134
136
190
163
150
102
-20
-85
-118
-145
-112
-93
-32
31
69
100
103
49
-1
-44
-84
-106
-145
-215
-214
-264
-285
-294
-346
-357
-327
-292
-277
-239
-233
-215
-217
-248
-289
-300
-257
-187
-127
-89
-133
-218
-306
-379
-420
-447
-478
-386
-233
-125
-104
-115
-113
-104
-132
-185
-201
-134
-96
-87
-81
-67
-29
6
15
-5
19
46
39
48
73
45
40
11
16
87
71
29
50
99
108
143
187
230
268
245
233
190
201
213
225
251
255
275
281
283
275
244
191
231
301
291
286
263
263
311
252
202
209
264
318
301
264
245
236
192
129
69
77
102
151
142
182
152
56
-20
-88
-161
-137
-75
-62
39
104
90
100
64
-57
-173
-223
-196
-158
-158
-154
-86
-15
-56
-123
-228
-323
-352
-440
-545
-522
-393
-299
-304
-328
-299
-257
-273
-246
-249
-253
-172
-194
-218
-207
-276
-322
-356
-390
-422
-421
-372
-287
-150
-66
-7
24
26
43
16
-88
-105
-92
-39
44
74
86
134
247
264
257
169
157
140
63
4
-57
-63
28
76
41
100
183
259
318
294
305
342
344
334
280
199
172
148
111
119
117
136
184
260
256
276
298
305
355
312
239
216
168
142
159
73
105
179
177
175
204
245
227
147
36
-26
-107
-116
-99
-106
-88
-18
9
5
32
-9
-71
-98
-139
-197
-178
-132
-130
-54
-12
-17
-28
-125
-197
-258
-345
-345
-302
-298
-213
-217
-192
-156
-172
-146
-145
-110
-100
-80
-95
-147
-187
-202
-255
-319
-395
-381
-305
-255
-168
-122
-56
0
-31
-128
-216
-211
-176
-110
-75
-49
13
46
25
-46
-76
-37
19
85
109
195
279
301
217
161
120
86
96
69
63
132
189
177
201
185
170
234
257
212
246
285
323
349
263
175
120
24
29
40
27
86
174
207
201
167
119
110
97
16
-38
-6
55
92
104
106
125
133
72
11
3
-1
16
42
39
60
8
-37
-76
-161
-213
-180
-110
-75
-52
-74
-88
-93
-138
-231
-234
-220
-150
-66
-75
-81
-72
-82
-134
-182
-250
-255
-164
-169
-184
-181
-182
-176
-191
-234
-235
-155
-128
-85
-41
-39
-36
-76
-180
-214
-184
-217
-175
-119
-77
34
118
148
162
139
61
71
79
58
46
61
80
126
133
129
155
147
224
267
256
288
308
263
253
200
68
3
-18
-66
-41
-5
48
192
261
319
331
264
227
145
60
22
2
-23
10
84
125
111
99
84
58
65
42
5
33
38
38
-24
-62
-65
-100
-121
-112
-80
-11
60
70
70
59
29
-81
-199
-296
-305
-289
-297
-269
-208
-100
-7
23
3
-16
-37
-92
-193
-254
-261
-270
-254
-259
-257
-194
-116
-98
-98
-32
-40
-63
-73
-151
-177
-135
-164
-206
-165
-110
-42
-2
-2
41
67
73
58
14
-21
7
7
-11
32
70
88
103
133
127
118
91
118
117
73
100
120
130
174
186
166
196
216
184
196
211
170
126
96
45
38
59
86
104
170
228
223
223
226
185
146
131
96
105
117
143
147
173
221
194
111
74
24
-36
-87
-101
-82
-32
6
17
58
76
85
43
-56
-122
-128
-160
-183
-191
-188
-148
-136
-193
-192
-155
-179
-196
-194
-211
-225
-237
-263
-274
-281
-242
-219
-205
-149
-167
-164
-141
-110
-152
-189
-191
-204
-196
-173
-142
-102
-49
-16
-30
-47
-47
-71
-102
-102
-55
0
61
75
78
71
54
44
30
46
68
99
148
187
194
154
163
133
82
69
81
109
119
81
79
141
156
134
113
123
202
246
205
200
242
246
190
129
103
113
149
108
105
177
165
170
169
112
94
124
115
113
133
105
152
159
83
-4
-37
-18
16
-20
-61
-19
65
96
15
-27
-23
34
13
-50
-65
-21
21
-42
-125
-123
-128
-148
-168
-186
-175
-161
-141
-151
-187
-198
-201
-245
-277
-289
-305
-283
-249
-220
-194
-181
-167
-199
-208
-174
-181
-181
-125
-135
-136
-87
-116
-95
-90
-166
-202
-149
-131
-84
-26
-32
29
95
26
-42
-50
-75
-60
-12
21
79
180
197
188
206
176
135
112
110
109
127
93
143
202
194
172
139
154
201
220
195
191
197
232
219
188
148
126
133
160
153
143
201
216
178
151
121
108
132
89
45
57
105
134
107
59
44
49
-1
-48
-79
-60
-16
-6
-29
-12
37
45
23
-43
-81
-116
-110
-101
-130
-104
-59
-49
-66
-81
-101
-117
-152
-189
-185
-167
-174
-194
-194
-203
-173
-161
-186
-158
-132
-165
-148
-154
-172
-161
-192
-220
-182
-159
-152
-151
-147
-108
-60
-88
-113
-69
-29
-28
-78
-58
-38
4
27
-48
-113
-100
-49
-56
-69
-41
19
126
196
161
149
143
110
79
46
7
26
114
144
129
139
190
229
227
167
169
238
259
216
160
121
136
143
72
5
75
167
189
211
208
236
257
216
147
115
85
70
82
60
67
97
124
134
163
118
47
33
36
38
-24
-100
-97
-43
-46
-103
-92
-54
14
-10
-81
-64
-21
-6
-52
-94
-77
-45
-83
-119
-137
-141
-116
-96
-93
-125
-131
-137
-140
-134
-163
-160
-151
-131
-154
-190
-200
-193
-185
-206
-222
-224
-150
-97
-129
-127
-119
-102
-97
-121
-161
-147
-154
-144
-129
-112
-9
23
3
11
6
-13
-41
-40
-47
-51
-58
-42
16
44
55
76
129
134
138
90
96
116
117
95
86
95
135
191
164
183
217
217
191
164
93
79
73
45
76
84
57
76
133
130
175
215
191
234
227
190
222
221
174
152
135
80
59
57
39
36
38
51
12
-16
-8
-63
-102
-84
-54
-46
-38
-16
-3
42
37
-35
-14
7
-21
-74
-122
-104
-31
-32
-106
-95
-46
-55
-90
-167
-197
-177
-199
-260
-264
-208
-148
-123
-133
-139
-107
-69
-85
-84
-109
-125
-136
-136
-174
-170
-160
-164
-121
-112
-89
-54
4
26
12
-13
-14
24
27
31
39
49
94
85
26
0
20
5
44
39
10
55
86
86
72
63
75
94
82
49
81
104
105
147
122
87
128
97
74
102
75
70
79
94
74
62
75
87
63
57
80
88
76
72
86
102
116
126
87
67
61
54
52
53
19
23
-3
-19
-25
-67
-52
-46
-37
-51
-58
-65
-44
-32
-48
-53
-45
-32
-21
-23
-21
-5
-1
-19
-58
-69
-63
-76
-135
-167
-152
-161
-134
-101
-78
-44
-54
-69
-80
-90
-128
-149
-144
-132
-96
-80
-89
-70
-37
-23
-38
-43
-38
-46
-64
-77
-45
-32
-35
-13
31
64
59
60
76
70
68
40
18
41
40
40
47
29
33
26
31
36
41
49
62
88
102
106
130
157
149
142
121
120
120
110
89
63
44
8
-4
7
1
13
39
55
50
73
94
88
90
49
17
3
-17
-22
-20
10
-2
42
68
77
61
34
22
-11
-50
-70
-68
-63
-63
-84
-80
-45
-27
-36
-27
-28
-23
-10
-50
-47
-37
-39
-54
-63
-74
-68
-63
-108
-107
-118
-132
-122
-119
-137
-123
-126
-145
-133
-125
-128
-102
-84
-50
4
25
28
41
42
46
16
-19
-35
-34
-56
-95
-50
-38
-38
21
41
62
88
74
52
71
89
