8
-6
1
6
11
11
15
25
12
21
25
23
15
22
19
11
4
-9
8
6
7
15
20
22
21
29
21
18
10
3
-4
-7
-5
-10
-4
3
-3
-1
-6
-6
-13
1
-1
3
0
4
10
-7
8
4
12
13
12
0
2
-8
-10
-4
-4
-7
-7
-3
3
8
-1
-4
-10
-15
-8
-2
-10
-2
1
-1
-4
1
7
9
4
3
-7
-10
-9
-15
-6
-5
-1
9
10
2
4
-2
-13
-5
-11
-12
2
-1
-9
-10
-11
-8
-18
-25
-9
-7
-17
-17
-13
-33
-19
-12
-11
-2
-1
4
-3
2
-2
-15
-19
-11
-11
-8
-7
-5
4
3
0
-4
2
7
7
6
4
1
3
-8
-12
-2
-2
-4
-4
4
3
3
0
8
-2
-13
-7
-7
-6
-5
1
4
9
13
3
11
11
13
24
17
17
6
10
17
10
12
9
0
-6
5
9
3
3
10
-1
-6
-5
0
4
9
8
12
4
7
7
-3
-4
-5
9
-5
4
5
10
-2
4
3
-3
5
-3
8
7
5
7
5
-2
5
7
8
7
9
0
-2
9
4
5
2
-2
-6
-3
-9
-8
-4
-2
-1
0
2
1
8
5
1
-10
0
-9
-16
-4
-10
-8
5
1
-3
9
13
12
-3
-4
-9
-7
-7
-16
-18
-14
-10
-10
-7
-3
-7
-11
-6
2
8
1
2
-5
-4
-12
-6
-11
-20
-19
-17
-11
-11
-17
-20
-18
-20
-19
-18
-8
-21
-4
3
1
-4
-7
-12
-19
-12
-8
-3
3
3
15
17
25
38
36
35
33
41
39
37
48
45
38
33
24
20
10
12
11
9
15
2
9
8
2
-5
2
2
1
-5
-4
-2
-5
5
-4
-8
-19
-24
-17
-14
-13
-6
-2
-12
-12
-10
-10
-10
-17
-15
-16
-10
0
-2
-6
-10
-9
-6
-16
-13
-8
-8
-1
-9
-11
-4
-9
-11
-17
-16
-6
-7
4
-5
4
7
12
8
3
6
5
14
12
18
5
4
-1
0
-4
-1
10
5
6
0
5
-2
8
6
11
0
2
6
2
5
5
-1
-4
0
0
6
15
14
2
9
5
-5
2
5
2
1
-1
-7
-6
-7
-14
-11
-14
-6
-8
-10
-7
-2
-1
-5
-6
-11
-7
-3
-7
3
-4
5
6
-6
6
5
-6
3
3
2
-3
-3
7
-3
1
4
4
-4
4
1
0
-10
-10
-11
4
0
5
-2
15
-347
-916
-783
-438
-308
-28
221
410
792
849
438
188
188
118
-7
-5
93
381
465
333
478
253
4
148
116
183
485
406
248
689
713
271
226
-32
-344
-275
-453
-655
-380
-343
-524
-390
-386
-416
-310
-422
-519
-454
-705
-996
-1122
-1304
-1383
-1248
-1025
-732
-372
11
469
825
906
822
517
-13
-329
-323
-425
-517
-293
116
506
691
647
616
744
740
445
279
465
651
753
797
715
639
637
451
118
-38
-92
-218
-246
-82
109
228
334
487
593
478
293
134
-2
-163
-316
-323
-256
-195
-148
-90
-71
-95
-178
-276
-190
-19
24
-95
-110
178
343
261
224
284
323
332
209
-24
-33
39
-12
-9
98
212
235
185
169
136
23
-93
-123
-128
-34
68
62
235
490
601
595
593
472
223
-36
-286
-553
-798
-875
-840
-698
-510
-518
-552
-501
-569
-607
-727
-904
-775
-694
-838
-867
-1000
-1186
-1335
-1654
-1932
-1869
-1634
-1388
-1061
-601
16
717
1049
1155
1285
1144
688
31
-529
-630
-489
-525
-450
152
904
1258
1280
1347
1459
1427
1118
780
687
760
770
647
604
731
796
656
549
540
467
163
-20
229
408
171
-34
-79
136
305
57
-120
86
235
140
-66
-56
368
613
563
676
929
960
801
530
279
266
93
-205
-160
79
172
122
127
262
344
228
85
61
192
233
168
181
461
686
581
463
323
35
-271
-639
-1028
-1196
-1283
-1311
-1112
-868
-725
-600
-557
-484
-620
-912
-960
-863
-790
-891
-1071
-916
-700
-892
-1222
-1457
-1468
-1581
-1957
-2003
-1845
-1532
-1161
-853
-256
543
1076
1102
1204
1300
848
21
-847
-1104
-881
-845
-909
-461
556
1307
1396
1376
1603
1733
1469
1080
921
1010
1093
977
928
1016
1141
1022
760
382
-25
328
702
267
-73
74
562
997
611
153
323
626
604
64
-237
353
829
640
513
847
1028
873
602
284
310
292
-87
-123
251
365
128
35
196
421
305
-133
-186
57
133
110
163
452
836
739
420
277
-58
-568
-1031
-1393
-1544
-1581
-1582
-1472
-1093
-818
-855
-756
-636
-728
-883
-982
-1101
-1049
-932
-1130
-1204
-886
-872
-1147
-1333
-1479
-1410
-1472
-1892
-1903
-1638
-1278
-813
-493
49
1009
1541
1422
1468
1315
661
-177
-1117
-1408
-1023
-809
-731
-97
1077
1750
1765
1603
1643
1656
1211
657
534
716
839
786
778
1058
1182
871
-121
-346
711
817
-179
-553
104
1190
1238
367
312
943
1175
579
-271
-13
866
914
362
638
1564
1524
1076
781
765
837
373
-133
69
730
534
-127
-21
282
333
149
-25
336
849
741
731
904
852
700
80
-360
-348
-991
-1431
-1214
-1382
-1397
-1446
-1827
-1378
-1091
-1711
-1615
-1176
-1122
-1055
-1078
-1029
-701
-786
-1306
-1186
-1056
-1355
-1364
-1631
-1563
-970
-1408
-1902
-1243
-1103
-1300
-1167
-1183
-705
123
341
402
1016
1337
1077
709
-44
-470
-366
-559
-546
-132
312
926
1412
1459
1650
1757
1503
958
-635
-1548
-200
1320
1918
1974
2349
3194
3341
2514
1072
-237
-596
-915
-1613
-1677
-1138
-659
-413
310
849
822
1285
1647
1957
2209
1773
1348
1234
1211
867
116
-321
-249
-92
-76
177
393
374
582
726
678
686
721
547
504
448
-94
-381
-339
-436
-477
-573
-760
-531
-405
-978
-978
-650
-958
-1235
-1350
-1460
-1289
-1487
-1744
-1478
-1335
-1349
-1494
-1619
-1213
-732
-1214
-1677
-1264
-1028
-1065
-963
-939
-719
-341
-406
-674
-322
33
-226
-629
-672
-460
-322
-465
-613
-235
270
552
447
-55
-358
-328
-343
-435
-377
-145
501
1348
1745
1793
1769
1704
1603
1288
718
381
288
160
170
561
922
936
847
814
828
683
408
105
181
645
830
746
943
1490
1840
1698
1366
1226
1125
970
671
463
591
803
974
1037
1056
1173
1193
799
608
590
407
211
59
-185
-218
-7
-30
-285
-313
-232
-1471
-2871
-2918
-2682
-1831
-668
-22
2028
3321
2379
1539
185
-1052
-1525
-3473
-4572
-3075
-2032
-1813
-1271
-843
296
1120
-362
-1374
-1072
-1379
-1925
-2363
-2534
-1631
-790
-977
-823
349
804
478
175
-672
-1290
-1668
-2184
-2241
-1837
-1213
-771
-550
-567
46
753
518
498
722
1199
1952
2124
1872
1960
2282
2060
1435
1005
824
648
220
-13
305
440
137
768
2140
2545
2127
1519
1249
1492
401
-1116
-1269
-641
359
594
492
1848
2874
2104
1255
918
697
651
123
-233
661
1243
1036
732
792
1021
435
-482
-608
-184
31
53
311
927
1500
1541
1058
693
496
118
-482
-847
-1072
-1402
-1490
-1410
-1106
-981
-1145
-910
-710
-787
-1158
-1878
-1855
-1791
-2186
-2099
-1938
-1668
-959
-924
-1189
-724
-737
-1335
-1474
-1627
-1781
-1535
-1769
-1757
-1493
-2106
-2202
-1854
-1783
-1234
-754
-351
769
1675
1121
255
43
82
53
-364
-573
135
1236
1739
1719
1727
1779
1817
1427
807
655
737
677
671
952
1187
1263
980
523
1019
1638
1228
938
1140
1610
1836
933
18
-205
-493
-745
-763
-571
432
1396
1804
2441
2824
2581
2141
1368
743
500
-173
-570
-291
187
429
504
583
850
1073
771
505
448
515
482
308
173
278
294
-6
-150
-119
-173
-348
-548
-512
-290
-450
-843
-1050
-1017
-1182
-1406
-1484
-1989
-2140
-2090
-2363
-1798
-1513
-1560
-730
-651
-794
-701
-1487
-1720
-1747
-2379
-2403
-2091
-2168
-1754
-1483
-2157
-2140
-1645
-1556
-1153
-829
-763
239
1163
1086
758
4
-399
14
-135
-628
-413
277
1036
1609
1571
1491
1808
1738
1324
1174
1182
1256
1318
1216
1156
1027
694
564
762
1128
546
-1093
-1241
260
1782
2541
2014
2155
3486
3494
2294
652
-569
-250
-171
-915
-637
336
1105
1686
1780
1628
1742
1534
1047
1128
932
297
-61
-170
-78
-93
-628
-956
-617
-255
59
172
235
477
506
342
240
174
29
-149
-309
-633
-952
-1219
-1549
-1764
-1922
-2035
-1861
-1631
-1432
-1175
-731
-420
-339
-530
-658
-654
-735
-782
-1341
-1784
-1593
-1608
-1870
-1962
-2194
-1893
-1444
-1272
-1327
-1883
-1873
-1348
-1348
-1663
-1626
-884
255
1003
938
333
-56
-224
-493
-858
-951
-668
110
1025
1671
2086
2121
2076
2137
2031
1580
1231
1156
1222
1249
1226
1105
1041
1078
1142
992
536
435
695
740
338
-319
-557
-61
257
165
556
1311
2207
2684
2253
2079
2154
1760
1337
725
358
538
232
-123
38
149
230
325
481
891
1194
1044
895
827
563
147
-357
-580
-581
-687
-768
-507
-135
121
152
89
239
154
-328
-707
-1204
-1697
-1654
-1861
-2052
-1898
-2064
-1899
-1513
-1595
-1575
-1445
-932
-151
-377
-700
-562
-717
-1074
-1616
-2064
-2129
-2028
-2141
-2190
-1897
-1882
-2286
-2509
-2468
-2252
-1988
-1584
-275
1105
1654
1365
436
395
746
99
-830
-870
59
1117
1517
1543
1865
2360
2388
1811
1409
1337
1371
1207
988
1200
1361
1411
1434
1301
1265
1339
1264
1279
1443
1219
786
444
513
489
127
12
-125
152
822
870
1096
1489
1509
1761
1688
1490
1388
920
453
247
40
-294
-421
-250
-48
318
502
481
849
864
569
289
-72
-290
-378
-312
-326
-86
158
126
272
363
-87
-338
-401
-799
-838
-1063
-1560
-1408
-1322
-1478
-1491
-1763
-1653
-1311
-1404
-1630
-1715
-1651
-1556
-1344
-1367
-1241
-526
-404
-935
-1172
-1367
-1581
-1801
-2377
-2738
-2645
-2845
-3029
-2637
-2206
-1786
-1283
-540
891
2040
1704
588
58
482
579
-356
-1099
-429
1025
1598
1548
1661
2134
2526
2174
1387
1207
1488
1394
1066
1148
1452
1410
1271
1188
1423
1411
1124
908
977
1005
582
606
821
910
839
648
961
1391
961
381
394
900
1205
844
603
1074
1830
1758
1330
1205
1148
1242
707
-65
19
286
119
135
333
503
574
319
215
145
-119
-510
-580
-292
-136
-25
-140
-218
190
187
-329
-538
-969
-1457
-1506
-1754
-1939
-1839
-1794
-1671
-1553
-1640
-1469
-1283
-1720
-1848
-1492
-1676
-1778
-1521
-1625
-1396
-1092
-1416
-1542
-1578
-1654
-1464
-1819
-2104
-2168
-2709
-2835
-2416
-2510
-2718
-1903
-560
959
1679
676
126
795
1266
802
-155
-212
1122
1961
1745
1577
1634
1784
1743
1260
1061
1501
1629
1512
1784
2175
2090
1740
1350
1513
1858
1316
862
1181
1667
1837
1657
1318
1251
805
266
259
-51
-227
-81
106
755
1420
1359
1448
1956
2126
1706
1198
777
616
468
-108
-266
-237
-377
-98
96
230
567
407
287
727
913
304
-189
-334
-352
-70
-139
-493
-225
57
-146
-341
-689
-915
-877
-1106
-1249
-904
-984
-1063
-900
-1040
-921
-1499
-2317
-1929
-1903
-2325
-2409
-2529
-1941
-1201
-1282
-1493
-1399
-981
-971
-1637
-2241
-2332
-2094
-2166
-2188
-2199
-2927
-2785
-2280
-2577
-2357
-2066
-1341
345
1408
1010
415
949
1845
1846
910
276
1230
1992
1821
1616
1468
1854
2165
1721
1441
1894
2020
1599
1570
1903
2018
1788
1367
1625
2193
1947
1295
1328
1787
1762
1240
631
130
-144
-58
227
439
726
916
1202
1666
1568
1123
576
396
707
542
199
628
1049
1180
1067
678
501
510
141
-148
-60
-24
121
39
208
593
418
-67
-266
-377
-250
-170
-544
-625
-369
-234
-146
-399
-718
-538
-656
-786
-995
-1446
-1444
-1194
-1291
-1283
-1488
-1841
-1843
-1753
-1725
-2345
-2662
-2406
-2141
-1728
-1581
-1545
-941
-530
-519
-859
-1485
-1589
-1745
-2143
-2747
-3532
-3683
-3217
-2744
-2698
-2024
-357
1318
1827
964
747
1649
1968
1031
-41
362
1756
2067
1598
1438
1927
2486
2015
1078
1122
1645
1435
935
1134
1788
2119
1955
1828
2343
2565
2021
1506
1580
1865
1580
790
507
851
966
279
-1092
-828
776
1082
761
645
810
1935
1979
849
706
610
849
1250
711
630
1158
553
97
334
-316
-607
-257
-547
-172
537
141
89
371
17
-405
-687
-1139
-1102
-929
-965
-544
-192
-382
-322
-152
-483
-583
-793
-1381
-1185
-1200
-1695
-1456
-1417
-1524
-1480
-2176
-2135
-1595
-1848
-1996
-1838
-1269
-805
-832
-914
-631
-253
-733
-1566
-1975
-2248
-2007
-2235
-2933
-2856
-3110
-3038
-2475
-2524
-1902
-740
791
1838
1313
949
1440
2172
1837
646
406
1127
1880
1807
1172
1187
1723
1870
1349
1244
1652
1795
1605
1742
2311
2556
2281
1917
2028
2211
1585
773
904
1267
1288
867
481
889
1305
845
367
356
420
173
-847
-1207
77
1046
1152
1541
2045
2633
2965
1928
963
720
215
-251
-770
-887
-489
-366
-451
-93
323
268
318
265
78
148
-289
-724
-375
-468
-1014
-1257
-1216
-1017
-939
-1206
-1352
-778
-537
-859
-943
-1007
-1109
-1244
-1900
-1959
-1648
-2475
-2683
-2304
-2328
-1809
-1683
-1903
-881
-458
-771
-642
-562
-262
-276
-1144
-1803
-1629
-1587
-2000
-2369
-2533
-2641
-2255
-2388
-2419
-1904
-1385
-231
1084
1633
1374
1187
1501
1940
1825
986
672
1650
2203
2101
1864
1714
2033
2164
1644
1370
1666
1774
1663
1585
1780
2053
1975
1670
1737
1611
872
239
536
1408
1673
1396
1248
1635
1970
1402
242
-122
-76
-269
-466
-300
533
1266
1335
1302
1588
1798
1383
719
402
380
403
-188
-582
-380
-358
-411
-304
-90
124
207
28
-17
-82
-579
-1028
-1141
-1143
-1030
-1030
-1086
-625
-265
-356
-695
-955
-1042
-1273
-1685
-1913
-1890
-1627
-1342
-1219
-1048
-1380
-1677
-1927
-2109
-2326
-2631
-2471
-1840
-929
-148
9
134
549
360
-178
-1292
-2025
-2025
-2175
-2211
-2169
-1869
-1053
-807
-936
-1120
-1137
-661
-339
253
802
655
363
452
1198
1648
1199
951
1339
2386
2639
2119
1686
1623
2002
1734
1092
1133
1566
1776
1750
1821
1923
1751
1180
337
-38
603
1153
890
1069
1779
2419
2601
1660
722
413
7
-492
-987
-972
-103
758
1100
1538
2116
2231
2007
1738
1128
801
267
-419
-613
-526
-710
-1000
-745
-422
-90
84
-152
-154
41
-73
-397
-605
-717
-1011
-951
-895
-927
-1033
-1370
-994
-640
-1050
-1379
-1751
-1597
-1255
-1265
-1183
-1156
-828
-812
-1348
-1391
-1524
-2186
-2339
-2385
-2201
-1344
-948
-834
-46
459
458
426
-354
-966
-1002
-1847
-2126
-1839
-1981
-1377
-559
-409
-235
-424
-1213
-1234
-1315
-1357
-772
84
602
602
899
1347
1783
1730
1173
1178
1785
2057
2029
1815
1877
2150
2076
1557
1448
1658
1516
1372
1095
860
952
1078
617
742
1542
1672
1869
2069
2069
2424
2010
757
80
-240
-678
-956
-1012
-643
492
1220
1237
2006
2493
2212
2019
1180
573
556
-217
-893
-803
-895
-952
-828
-970
-724
-125
-374
-463
-115
-95
39
-6
-291
-373
-480
-754
-1018
-1293
-1593
-1564
-1408
-1351
-989
-1030
-995
-667
-656
-752
-958
-1037
-1098
-1452
-1611
-1946
-2224
-2164
-2260
-1718
-988
-597
-538
-379
323
628
288
-461
-1074
-845
-1089
-1782
-2277
-2445
-1657
-1145
-1238
-1009
-976
-1025
-992
-1213
-833
-74
651
866
566
749
996
1097
849
571
878
1568
2000
2193
2274
2393
2458
2124
1642
1428
1356
1086
977
1079
1266
1294
1311
1001
940
912
878
1391
1396
1342
1640
1583
1316
831
201
125
106
40
110
373
876
1157
1298
1409
1536
1620
1117
826
854
620
309
-135
-455
-505
-599
-976
-1170
-779
-471
-465
-305
-287
-97
144
-131
-522
-712
-923
-1183
-1390
-1795
-1711
-1431
-1221
-684
-425
-499
-601
-661
-814
-1025
-1219
-1608
-1662
-1518
-1874
-1811
-1778
-1755
-1270
-1030
-900
-717
-413
148
132
-171
-280
-314
-402
-783
-945
-1209
-1499
-1541
-1548
-1191
-678
-682
-892
-948
-869
-908
-1091
-813
93
690
625
308
187
607
821
456
167
757
1514
1839
2131
2166
2272
2187
1714
1324
1281
1106
775
626
779
997
1223
1251
889
1242
1612
1672
1633
1413
1300
1240
849
325
-216
-381
21
169
372
578
1181
1681
1768
2095
1956
1472
1395
1042
568
396
-208
-835
-802
-728
-904
-909
-839
-472
231
432
312
379
313
278
37
-618
-966
-1127
-1520
-1553
-1493
-1317
-695
-348
-206
-81
-297
-599
-920
-1282
-1565
-1705
-1712
-1398
-998
-1217
-1330
-1205
-1287
-1370
-1691
-1835
-1388
-572
-125
-158
79
416
393
137
-660
-1086
-1012
-1489
-1392
-1483
-1542
-817
-983
-1553
-1551
-1610
-1575
-1169
-409
294
659
335
-5
511
724
352
147
402
1374
2118
2024
1919
1997
2034
1678
1303
946
993
980
727
797
767
854
1167
903
475
968
1402
1436
1422
1352
1404
1500
1181
290
-482
-455
21
-105
3
592
1118
1747
1966
1979
1849
1494
1342
783
391
332
-161
-467
-229
-322
-574
-598
-524
-258
33
-128
-325
70
426
487
179
-318
-460
-574
-895
-1099
-1252
-1069
-519
-301
-201
-18
-209
-358
-726
-1478
-1890
-1913
-1988
-1510
-1178
-847
-668
-567
-214
-312
-1083
-1290
-1101
-879
-339
-648
-596
-132
-105
-390
-971
-1587
-1446
-1433
-1800
-1576
-945
-721
-641
-990
-1244
-1072
-1089
-1194
-714
-120
3
-178
-728
-961
-2066
-2471
-380
2042
3254
3530
4056
5333
5401
3511
1130
-479
-507
-681
-1623
-1808
-741
235
-98
-330
-230
570
1310
813
1100
2246
2786
2589
2037
1305
910
316
-531
-723
-373
-61
350
846
1343
2097
1837
1370
1705
1583
1179
847
269
-29
75
-363
-748
-568
-560
-518
-127
179
420
805
802
604
437
-48
-263
-362
-703
-892
-830
-775
-599
-783
-1444
-1621
-1359
-1284
-1234
-1139
-1128
-259
446
121
-303
-526
-713
-733
-968
-1349
-1748
-2000
-1682
-1062
-627
-476
-267
-117
318
313
-424
-1344
-1599
-1525
-1587
-1659
-1483
-899
-321
-611
-1191
-1833
-2010
-1741
-1549
-1033
-583
-529
-555
76
764
962
867
876
1415
2241
2289
1896
1638
1497
1346
1024
646
653
717
558
442
655
774
695
-139
-320
994
1626
1355
1162
1549
2315
2397
1248
222
-5
216
95
-378
-323
447
979
1059
1467
1837
1529
1422
1304
994
970
324
-197
55
294
70
-226
-370
-169
59
-132
-340
-177
165
353
566
425
279
151
-154
-293
-582
-942
-841
-891
-921
-590
-896
-914
-560
-583
-332
-122
-201
-243
-612
-1036
-1104
-1172
-1689
-1811
-1425
-1531
-984
-739
-1250
-405
367
-151
81
-364
-1155
-881
-1395
-1996
-1806
-2214
-2232
-1273
-1047
-1289
-1331
-2040
-2067
-1023
-909
-674
117
89
-128
383
237
285
190
-176
517
1525
1786
1638
1683
1740
2012
1818
1079
789
1006
756
494
479
428
358
198
23
436
1392
1486
1260
1480
1864
2075
1453
645
31
-213
-75
-155
-105
376
803
1161
1475
1524
1805
1618
1349
1326
1117
839
595
309
251
259
26
25
-35
-5
-57
-132
-80
149
250
321
410
448
579
322
115
-18
-361
-650
-808
-1053
-1167
-1033
-1091
-969
-524
-146
-62
-291
-348
-501
-911
-1168
-1631
-1904
-1578
-1584
-1612
-1338
-1083
-455
-207
-116
74
-245
-226
-376
-1013
-1750
-2175
-2199
-2223
-2105
-2106
-1738
-741
-430
-800
-1233
-1413
-967
-901
-901
-616
-516
-686
-639
-184
201
333
152
597
1606
2053
2031
1688
1523
1710
1386
688
441
460
375
208
386
682
835
922
933
841
198
700
1431
1303
1370
1496
1615
1966
1225
-127
-351
-80
176
-23
-156
680
1816
1750
1454
1930
1977
1734
1522
811
923
1196
535
126
355
158
-282
-388
-572
-171
18
-382
131
939
944
931
696
510
705
250
-468
-538
-678
-947
-1150
-1322
-885
-512
-730
-564
-166
-181
-281
-534
-889
-1074
-1669
-2115
-1977
-1710
-1400
-1400
-1127
-538
-31
-359
-806
-684
-881
-1288
-1508
-1872
-1862
-1490
-1904
-2116
-1835
-1548
-1303
-1315
-1571
-1780
-1513
-1366
-1008
-382
-327
-513
-777
-547
60
164
-178
1
908
1652
1999
1982
1824
2072
2052
1412
962
833
687
356
158
303
530
643
566
174
434
1537
1718
1529
1774
2136
2482
2107
827
186
101
-11
-67
-255
-49
911
1412
1323
1698
1884
1603
1669
1524
1325
1484
1134
820
908
821
201
-125
-401
-484
-129
-155
-177
288
663
878
1033
685
626
453
159
-138
-574
-849
-919
-948
-929
-909
-870
-724
-841
-801
-645
-681
-942
-971
-1091
-1061
-1037
-1641
-2053
-1958
-1774
-1599
-1386
-1111
-890
-412
-311
-672
-513
-911
-1294
-1192
-1804
-1882
-1851
-2366
-1988
-1663
-1741
-1774
-2032
-2129
-1837
-1215
-967
-493
36
-623
-656
-212
-129
134
69
217
1269
2022
1993
1882
1769
1757
1569
906
317
467
517
379
565
825
1002
1250
1348
1375
1627
864
512
1490
1739
1538
1441
1315
1798
1656
429
223
339
495
608
372
752
1718
1820
1371
1710
2006
1733
1648
1202
1179
1543
897
328
306
191
-80
-153
-211
110
299
229
399
852
713
92
-51
120
180
-99
-712
-729
-126
-244
-589
-929
-955
-651
-825
-1142
-1128
-780
-875
-1316
-1104
-1094
-1434
-1624
-2122
-1871
-1557
-1769
-1311
-924
-802
-680
-1094
-1235
-895
-1241
-1741
-1768
-1807
-1494
-1488
-2008
-1863
-1384
-1271
-1409
-1766
-2122
-2030
-1706
-1496
-1093
-692
-1314
-1363
-719
-91
389
187
340
1359
2261
2350
1921
1497
1526
1497
998
387
538
752
581
721
979
1052
1194
1301
1249
1150
1402
1691
1661
1598
1709
1742
1790
1520
1067
720
619
522
262
166
329
970
1307
1269
1779
2103
2107
2419
1949
1504
1505
1280
830
657
199
-303
-93
-37
-103
360
139
145
810
801
894
883
304
389
641
-87
-561
-987
-1349
-947
-934
-1462
-1138
-766
-642
-395
-573
-738
-556
-926
-1312
-1242
-1263
-1470
-1580
-1965
-1848
-1277
-1729
-1964
-1645
-1857
-1650
-1228
-1384
-988
-872
-1302
-1218
-1308
-1964
-2173
-2395
-2535
-1796
-1332
-1607
-1397
-1460
-1635
-1007
-961
-1150
-695
-881
-1375
-1057
-547
-284
248
442
847
2143
2436
2219
2065
1731
1622
1510
785
545
895
926
838
1051
1161
1262
1469
854
582
1346
1754
1485
1621
1767
2199
2482
1670
1123
917
615
268
-152
-201
385
961
1277
1726
2607
2856
2551
2507
1972
1660
1238
397
55
77
-126
-171
-62
153
346
547
480
438
712
430
343
418
256
154
-121
-650
-712
-659
-1084
-1227
-1181
-1058
-525
-324
-565
-421
-478
-721
-650
-1169
-1533
-1718
-2043
-1916
-1813
-1849
-1904
-1740
-1646
-1374
-1325
-1449
-1102
-975
-1365
-1366
-1573
-1790
-1558
-2081
-2174
-2013
-2165
-1740
-1238
-1074
-946
-1226
-1667
-1627
-1361
-1470
-1218
-827
-788
-948
-909
-580
131
413
205
819
1747
2330
2402
2101
1895
2020
1749
1238
1050
1048
921
679
608
749
1007
1065
1062
1593
1560
943
1423
2057
1956
2053
1690
1596
2147
1393
393
334
411
607
641
405
1296
2380
2304
2211
2535
2269
1966
1584
749
847
757
34
-184
242
244
114
-58
-262
125
289
120
228
391
319
454
440
62
-321
-667
-892
-921
-998
-1246
-1408
-1270
-1133
-1098
-998
-1117
-1191
-981
-1326
-1205
-1149
-1614
-1408
-1376
-1628
-1599
-1801
-2154
-2232
-2158
-2012
-1671
-1422
-1430
-886
-682
-931
-1163
-1685
-1897
-1670
-1954
-1898
-1447
-1325
-1073
-1166
-1501
-1249
-1014
-1098
-908
-747
-1036
-1368
-1213
-700
-118
72
407
1292
2428
2853
2734
2459
2215
2184
1656
896
733
755
607
579
816
991
1196
1087
516
1172
1849
1646
1699
1824
2052
2588
2120
1456
1409
1074
542
349
194
374
901
958
1321
2293
2459
2279
2423
1910
1837
1556
713
431
351
-7
-130
19
-123
-46
113
30
405
651
416
466
514
504
360
-110
-457
-588
-928
-1311
-1309
-1229
-1205
-1061
-1053
-939
-796
-921
-1083
-1195
-1196
-1239
-1720
-1895
-1834
-2008
-1923
-1830
-1835
-1641
-1733
-1830
-1741
-1569
-1186
-1241
-1258
-1046
-1083
-1520
-1729
-1805
-1941
-1922
-1692
-1271
-1051
-1269
-1794
-1786
-1621
-1249
-1043
-1178
-761
-775
-1004
-426
16
151
318
716
1496
2264
2454
2094
2130
2243
1945
1433
922
885
1014
686
515
1046
1250
1281
978
922
1810
2088
1737
1744
1931
2196
2191
1504
1167
1161
1079
679
424
652
1007
1185
1150
1564
2140
2136
2146
1986
1651
1640
1319
774
688
658
170
-46
-44
-137
-42
-138
-350
-75
207
228
326
543
702
677
375
-114
-336
-761
-1300
-1410
-1474
-1377
-1283
-1347
-1317
-1032
-1043
-1311
-1436
-1336
-1169
-1320
-1603
-1948
-2010
-1906
-2132
-2212
-2031
-1905
-1503
-1455
-1475
-1370
-1395
-1515
-1334
-1211
-1276
-1554
-1616
-1377
-1146
-1033
-1229
-920
-907
-1236
-1557
-1790
-1340
-1082
-1241
-1038
-841
-837
-916
-496
-112
467
901
1273
2013
2690
2867
2557
2141
1960
1833
1220
759
756
810
634
777
962
979
774
578
1190
1856
1853
1597
1802
2415
2711
2302
1544
1087
1018
982
459
325
648
968
1265
1712
2243
2413
2299
1991
1795
1551
1167
478
103
93
149
46
-108
3
115
129
120
265
275
328
296
287
396
199
-79
-606
-911
-958
-1280
-1526
-1509
-1507
-1130
-892
-1279
-1275
-1221
-1264
-1065
-1237
-1615
-1540
-1710
-1816
-1661
-1985
-2073
-1690
-1735
-1654
-1512
-1866
-1986
-1910
-1812
-1867
-1881
-1772
-1248
-750
-711
-710
-825
-748
-516
-451
-920
-1529
-1663
-1681
-1497
-1294
-1230
-1069
-831
-1140
-1130
-584
-288
66
564
1208
2216
2921
2825
2706
2558
2340
1924
1260
771
734
785
630
630
841
729
554
976
1544
1978
1904
1693
2081
2670
2429
1910
1332
988
1059
774
434
539
907
1146
1416
1826
2145
2188
2112
1970
1976
1650
1175
835
654
433
152
-177
-458
-252
-255
-310
-25
255
559
751
788
856
807
318
-202
-622
-1008
-1158
-1670
-2137
-1746
-1572
-1395
-1180
-1314
-881
-562
-982
-1315
-1785
-2128
-2033
-2148
-2243
-2111
-1764
-1648
-1288
-1239
-1496
-1520
-2009
-2063
-1646
-1950
-2186
-1718
-1335
-894
-628
-1017
-1185
-651
-604
-729
-842
-1618
-1834
-1740
-1841
-1218
-1017
-1062
-855
-1097
-1093
-532
-236
-317
218
1035
1924
2822
2972
2726
2802
2653
2190
1733
1003
648
566
378
550
706
655
710
769
1351
1973
2046
1993
2068
2360
2376
1941
1475
1105
781
445
196
280
589
910
1295
1839
2361
2573
2481
2401
2169
1723
1207
778
411
284
3
-259
-132
-39
-12
144
219
412
662
460
378
403
197
-52
-295
-535
-642
-792
-968
-1035
-1109
-1176
-1114
-1223
-1455
-1452
-1780
-1990
-1654
-1563
-1900
-2122
-2230
-2092
-1507
-1421
-1556
-1626
-1548
-1187
-1087
-1386
-1526
-1682
-1759
-1483
-1603
-1674
-1767
-1613
-1260
-1069
-781
-887
-661
-251
-509
-898
-1505
-1782
-1486
-1165
-1050
-936
-794
-1064
-1056
-665
-316
-100
88
530
1685
2512
2758
2582
2416
2568
2379
1767
1136
1027
929
691
697
907
808
451
693
1504
1991
1974
1647
1708
2601
2578
1525
648
403
721
794
480
319
992
1538
1696
2040
2125
2057
2125
1887
1776
1705
1174
717
603
588
315
-12
-383
-457
-166
-175
-101
305
449
506
739
729
585
381
-405
-873
-696
-1022
-1417
-1687
-1739
-1351
-1172
-1469
-1501
-1299
-1177
-1136
-1296
-1537
-1618
-1632
-2013
-1836
-1627
-1826
-1658
-1677
-1368
-1107
-1264
-1346
-1419
-1553
-1348
-1286
-1545
-1320
-1292
-1371
-1157
-960
-1004
-858
-730
-648
-587
-997
-1290
-1351
-1336
-1161
-944
-999
-989
-1241
-1445
-962
-515
-276
66
810
1859
2649
2820
2683
2522
2469
2082
1428
907
800
690
413
561
806
545
251
851
1660
1948
1814
1681
2162
2771
2269
1407
905
618
764
551
259
644
1048
1207
1567
2056
2224
2216
2039
1955
2123
1813
1231
717
471
306
43
-345
-486
-180
-156
-188
91
448
588
640
696
719
684
231
-359
-804
-1039
-1190
-1355
-1487
-1420
-1273
-1240
-1121
-1190
-1444
-1414
-1223
-1153
-1487
-1725
-1804
-1850
-1856
-2019
-1960
-1386
-1209
-1348
-1326
-1462
-1261
-1380
-1969
-1838
-1603
-1553
-1269
-1138
-664
-514
-809
-916
-636
-541
-683
-976
-1230
-1209
-1004
-952
-1087
-955
-997
-1042
-1459
-1728
-1285
-913
-568
134
852
1863
2574
2808
2876
2655
2425
2008
1374
959
797
781
548
525
321
-15
539
1261
1432
1410
1538
2080
2657
2536
1830
1209
1145
1042
769
406
494
858
1009
1212
1727
2046
2018
2040
2179
2258
2088
1550
1084
979
843
362
-164
-305
-107
9
-78
6
244
463
376
377
534
405
84
-105
-418
-711
-641
-825
-1061
-920
-1062
-1356
-1301
-1462
-1625
-1464
-1595
-1360
-929
-1050
-1117
-1172
-1529
-1527
-1771
-2330
-2175
-1995
-1999
-1701
-1344
-1385
-1253
-1158
-1454
-1264
-1450
-1754
-1345
-1130
-996
-696
-502
-230
9
-380
-708
-749
-1113
-1400
-1422
-1597
-1302
-1087
-1627
-1970
-1697
-1131
-706
-331
176
1043
2020
2421
2552
2521
2364
2237
1729
1242
1123
913
536
417
622
468
1
503
1162
1502
1761
1913
2281
2883
2699
2019
1563
1093
613
165
-60
230
751
845
1101
2153
2752
2522
2614
2361
2348
2183
1261
692
647
306
-145
-308
-478
-325
-55
-247
-13
641
646
601
744
796
790
370
-253
-590
-699
-834
-1196
-1385
-1219
-1117
-1079
-1121
-1453
-1431
-1548
-1661
-1259
-1301
-1463
-1266
-1429
-1519
-1463
-1897
-2169
-1799
-1501
-1597
-1426
-1403
-1515
-1157
-1082
-1408
-1307
-1429
-1304
-823
-762
-873
-968
-1033
-793
-633
-1011
-1415
-1358
-1152
-1042
-691
-820
-688
-272
-611
-1204
-1238
-1038
-844
-405
-59
555
1478
1845
2109
2217
2127
1975
1767
1346
1141
1150
884
648
366
94
492
1249
1338
1405
1476
1947
2640
2490
1951
1504
1350
1114
531
198
361
646
837
1038
1445
1992
2157
1996
1999
2142
1959
1444
1139
1073
978
691
220
56
14
-50
-142
-192
102
542
663
563
919
908
421
-63
-790
-1105
-978
-1276
-1418
-1126
-1009
-662
-604
-1047
-971
-1041
-1301
-1248
-1383
-1444
-1276
-1628
-1866
-1590
-1894
-2235
-2153
-1996
-1531
-968
-961
-957
-979
-1100
-1096
-1260
-1474
-1461
-1364
-1202
-895
-763
-905
-820
-596
-818
-837
-888
-1108
-1002
-1077
-1068
-662
-607
-837
-1357
-1705
-1335
-988
-881
-584
203
1179
1865
2133
2224
2229
2205
1813
1329
1174
913
712
374
-206
60
758
1039
1436
1660
1800
2446
2602
2235
1928
1505
1132
908
406
404
705
645
815
1329
1731
1937
2114
1868
1884
2170
1950
1488
1272
1156
1046
808
407
244
138
-51
-144
-74
125
383
515
561
924
1241
908
323
-216
-398
-530
-1182
-1656
-1710
-1583
-1504
-1367
-1200
-1078
-843
-935
-1072
-880
-1092
-1415
-1688
-1802
-1425
-1597
-2194
-2053
-1803
-1638
-1368
-1495
-1480
-849
-872
-1203
-887
-983
-1083
-1251
-1530
-1063
-761
-1360
-1499
-1103
-855
-592
-713
-1020
-748
-333
-641
-649
-609
-794
-913
-1569
-1931
-1565
-1350
-1234
-504
332
1131
1799
2107
2126
2198
1997
1359
969
793
642
599
589
745
1247
1347
1454
1701
1690
1626
1616
1638
1616
1559
1332
1262
1461
1665
1470
1291
1319
1426
1600
1575
1558
1688
1739
1710
1734
1665
1412
1090
918
824
685
362
27
13
78
74
93
288
663
844
713
608
665
247
-186
-454
-835
-966
-984
-1205
-1144
-917
-1049
-973
-1043
-1247
-1194
-1359
-1474
-1210
-1382
-1517
-1318
-1469
-1460
-1612
-1851
-1545
-1450
-1560
-1633
-1305
-1075
-1038
-1313
-1552
-1284
-1017
-1053
-1137
-1010
-892
-787
-905
-1028
-856
-833
-854
-766
-628
-435
-354
-383
-467
-376
-571
-749
-914
-1092
-1365
-1717
-1871
-1682
-1209
-740
-287
470
1214
1850
2123
2052
2100
1924
1772
1557
1332
1313
1277
1184
1262
1332
1431
1472
1512
1718
1956
2001
2028
2123
2126
2162
2152
1966
1861
1601
1245
1063
1011
916
790
796
949
1247
1414
1303
1214
1212
981
716
297
-37
-192
-493
-812
-857
-501
-509
-654
-509
-310
-122
-78
-453
-405
-140
-338
-543
-896
-919
-785
-1116
-1582
-1768
-1683
-1651
-1948
-1888
-1684
-1316
-1036
-1180
-989
-562
-635
-692
-771
-966
-656
-657
-1069
-1091
-1076
-1015
-739
-818
-876
-782
-598
-636
-707
-903
-1101
-973
-816
-641
-302
-129
-40
17
-71
-124
-229
-676
-1013
-1077
-1065
-1068
-1074
-905
-528
-4
264
476
780
1032
1096
1023
995
1025
1015
866
808
817
831
921
833
945
1172
1410
1580
1788
1967
2137
2223
2023
1811
1569
1346
1155
952
787
753
716
734
811
908
1079
1290
1399
1391
1364
1194
1043
870
560
248
-134
-343
-277
-292
-388
-382
-272
-66
-96
-332
-232
-170
-268
-298
-533
-579
-362
-611
-833
-828
-1084
-1296
-1180
-1538
-1540
-1264
-1384
-1121
-888
-1046
-843
-655
-829
-868
-1105
-1387
-1122
-830
-769
-564
-603
-685
-524
-529
-823
-878
-1000
-993
-822
-837
-901
-805
-713
-831
-730
-563
-608
-394
-139
-53
99
34
-238
-366
-517
-715
-750
-781
-694
-307
7
181
447
561
522
553
573
535
609
565
561
735
968
1012
984
1016
1010
1112
1169
1144
1194
1344
1378
1432
1462
1345
1291
1319
1179
1114
1108
989
1096
1126
1082
1053
977
953
1098
1195
1079
1041
1062
1010
895
692
523
468
240
-2
22
34
-118
-287
-274
-162
-112
-218
-485
-449
-256
-368
-635
-735
-679
-539
-740
-1049
-1010
-1047
-1249
-1333
-1522
-1514
-1190
-1240
-1152
-809
-899
-1029
-903
-997
-897
-868
-1084
-944
-678
-695
-738
-845
-984
-785
-709
-881
-756
-618
-708
-612
-629
-733
-555
-502
-406
-135
-119
-142
20
-64
-234
-317
-480
-512
-395
-342
-372
-304
-239
-198
-82
97
258
421
607
696
822
783
612
518
491
502
639
627
622
810
895
991
1082
1019
1021
1101
1151
1260
1260
1129
1032
978
988
946
735
595
723
859
959
980
959
1189
1286
1268
1187
1047
873
752
670
639
703
568
486
606
659
553
246
-77
-86
6
-60
-111
-171
-293
-269
-410
-665
-812
-982
-1071
-969
-920
-785
-619
-817
-851
-798
-1091
-1154
-1233
-1372
-1136
-1082
-1284
-1241
-1204
-1214
-1068
-1094
-1116
-848
-712
-720
-642
-732
-812
-826
-987
-1046
-956
-980
-869
-612
-555
-458
-228
-295
-384
-314
-378
-296
-56
-52
-101
164
346
364
337
13
-163
38
-64
-194
-113
-146
134
434
282
324
638
719
876
1029
870
938
1007
742
746
756
580
692
781
828
1098
1120
956
916
837
701
645
477
325
502
536
611
723
657
781
915
954
976
990
880
811
857
822
810
792
664
642
607
452
429
422
374
347
345
257
224
51
-167
-157
-175
-400
-547
-655
-679
-501
-659
-854
-586
-309
-211
-215
-499
-682
-754
-1092
-1364
-1433
-1686
-1696
-1345
-1138
-934
-711
-756
-539
-288
-554
-827
-970
-1052
-1049
-1183
-1366
-1235
-1060
-968
-826
-586
-364
-227
-207
-358
-316
-181
-371
-543
-514
-380
-113
12
-8
59
32
-44
-125
-150
-40
-54
-37
120
313
520
390
285
473
471
548
532
504
590
676
601
605
777
799
766
799
960
1116
1228
1094
986
877
684
487
334
217
227
355
506
797
1025
1132
1294
1378
1295
1135
856
686
656
511
358
412
525
657
763
792
788
689
457
217
135
-76
-240
-292
-407
-310
-157
-182
-164
-154
-279
-363
-468
-572
-581
-630
-750
-766
-807
-890
-921
-1058
-1097
-985
-929
-822
-729
-768
-736
-714
-774
-841
-823
-712
-610
-512
-631
-767
-800
-899
-1015
-1126
-1093
-886
-619
-465
-264
-92
-55
-30
-91
-254
-317
-370
-376
-225
-217
-226
-286
-360
-337
-268
-280
-198
-24
102
284
360
377
318
250
235
209
166
244
378
556
753
860
876
823
778
648
514
493
482
476
577
683
762
732
624
621
623
615
613
599
683
762
782
771
717
677
706
708
702
737
735
722
767
781
598
405
283
170
200
203
187
354
463
472
405
232
181
154
-68
-180
-179
-255
-324
-423
-522
-412
-436
-616
-614
-569
-461
-452
-731
-945
-828
-723
-758
-745
-723
-714
-685
-829
-922
-925
-973
-908
-865
-820
-688
-726
-838
-777
-738
-691
-646
-513
-275
-147
-219
-255
-146
-160
-361
-616
-723
-682
-628
-629
-473
-195
1
143
110
103
125
-48
-200
-214
-287
-331
-257
-134
96
213
319
577
811
936
956
876
880
822
652
471
382
448
400
334
414
632
798
915
838
798
853
762
519
315
256
243
386
465
648
879
963
947
917
896
804
784
681
544
488
388
215
120
67
-5
1
-2
90
361
446
412
446
315
223
51
-346
-505
-398
-386
-430
-322
-248
-95
-52
-238
-376
-397
-490
-644
-778
-905
-785
-710
-755
-696
-595
-575
-530
-571
-696
-619
-647
-690
-685
-733
-783
-714
-762
-795
-627
-596
-525
-383
-306
-268
-189
-263
-308
-345
-484
-528
-484
-494
-371
-272
-285
-159
-185
-320
-328
-421
-428
-214
-179
-126
80
87
96
220
205
225
377
373
403
588
676
692
690
592
542
545
450
430
509
561
626
631
589
568
572
494
469
570
684
809
864
820
798
764
683
665
681
657
660
723
749
740
673
570
510
521
418
267
185
116
84
81
54
59
123
106
94
93
2
-69
-99
-183
-256
-274
-427
-528
-553
-655
-628
-661
-734
-618
-520
-462
-343
-374
-440
-372
-430
-638
-708
-830
-839
-737
-716
-735
-638
-605
-540
-463
-491
-462
-388
-375
-363
-355
-493
-489
-451
-544
-553
-527
-543
-422
-333
-382
-340
-229
-207
-180
-194
-262
-275
-314
-457
-454
-377
-284
-157
-49
61
177
184
167
208
274
392
496
582
721
821
791
677
519
370
364
361
411
545
661
869
978
923
817
705
647
628
618
663
780
889
945
927
858
710
592
536
501
551
586
573
650
640
530
423
286
114
44
51
58
77
88
90
177
213
118
64
35
-12
-97
-249
-452
-501
-642
-736
-779
-848
-746
-595
-541
-437
-325
-417
-439
-440
-557
-680
-866
-1014
-975
-895
-926
-869
-765
-617
-471
-470
-600
-631
-597
-641
-681
-745
-662
-457
-380
-377
-353
-350
-214
-199
-334
-410
-476
-461
-455
-444
-437
-361
-265
-246
-156
-64
-8
27
57
143
264
258
209
164
277
378
358
435
560
696
747
683
578
643
723
704
726
732
672
631
505
399
390
381
389
547
771
925
1059
1039
1091
1151
1056
905
770
692
655
527
309
311
409
381
416
482
604
748
696
506
454
364
144
-25
-95
-68
-26
-81
-190
-167
-195
-283
-344
-393
-332
-278
-309
-312
-363
-531
-747
-903
-943
-902
-891
-842
-671
-483
-443
-467
-505
-608
-689
-848
-1003
-1014
-950
-888
-824
-765
-724
-639
-611
-579
-494
-492
-483
-478
-477
-457
-471
-606
-673
-687
-662
-590
-482
-336
-221
-154
-147
-128
-165
-177
-169
-160
-63
91
144
152
168
170
146
141
266
419
587
721
778
850
855
824
695
605
576
536
548
588
631
680
718
695
693
713
718
749
812
816
895
960
958
910
839
786
773
719
605
565
584
598
568
466
439
533
506
422
398
362
336
278
144
19
-80
-193
-246
-270
-243
-178
-150
-160
-117
-187
-360
-490
-584
-595
-615
-721
-720
-604
-541
-524
-604
-675
-610
-562
-615
-649
-679
-732
-779
-841
-875
-867
-856
-839
-757
-685
-606
-567
-558
-540
-548
-587
-649
-644
-611
-620
-601
-568
-528
-483
-425
-431
-496
-430
-352
-360
-365
-324
-244
-194
-137
-173
-139
35
164
249
232
268
445
520
522
529
524
609
740
778
714
693
753
818
785
672
629
672
743
770
661
607
685
757
779
791
795
903
968
965
958
876
831
820
697
572
552
509
502
479
449
470
511
483
454
419
295
256
170
81
91
118
105
71
31
-105
-152
-229
-283
-321
-399
-461
-444
-432
-454
-500
-603
-660
-668
-683
-745
-777
-771
-766
-806
-877
-884
-861
-856
-852
-881
-929
-942
-902
-875
-892
-807
-689
-644
-607
-538
-529
-516
-525
-560
-598
-623
-612
-599
-571
-512
-407
-332
-224
-113
-95
-99
-119
-143
-212
-216
-223
-188
-63
10
65
131
236
319
387
405
462
567
650
660
709
778
786
843
821
742
702
675
600
582
622
715
802
851
956
1020
1062
1031
922
798
739
679
589
557
534
592
643
672
661
683
695
694
633
487
364
243
150
80
54
10
14
41
116
134
112
81
58
8
-87
-206
-310
-342
-379
-457
-473
-458
-425
-375
-418
-501
-536
-526
-585
-651
-694
-725
-732
-748
-779
-786
-750
-737
-713
-666
-659
-637
-627
-678
-753
-829
-892
-860
-785
-715
-675
-617
-538
-478
-471
-534
-552
-547
-475
-413
-426
-402
-273
-267
-347
-394
-381
-274
-144
-99
26
178
276
330
300
219
214
211
172
212
331
471
639
757
818
891
878
784
710
677
594
565
562
608
704
731
692
717
744
800
849
823
837
952
920
847
805
761
707
629
554
509
550
557
532
484
472
447
416
297
193
187
161
142
78
20
16
28
-16
-118
-185
-239
-223
-198
-285
-413
-474
-537
-610
-727
-855
-886
-832
-738
-659
-603
-551
-525
-569
-629
-706
-748
-786
-811
-784
-765
-723
-707
-691
-666
-624
-610
-586
-547
-477
-388
-335
-366
-345
-373
-512
-553
-580
-632
-607
-533
-458
-326
-177
-74
-42
29
97
70
37
40
60
76
131
145
181
227
274
308
363
444
471
544
630
685
708
714
703
677
639
595
525
499
520
561
617
651
672
726
722
691
684
656
641
623
615
641
662
658
630
595
522
473
418
367
371
367
363
352
352
328
286
237
222
199
204
195
144
84
17
-74
-211
-348
-405
-471
-488
-498
-556
-551
-523
-526
-589
-649
-658
-647
-645
-645
-660
-668
-631
-673
-776
-823
-836
-841
-794
-797
-772
-644
-580
-562
-576
-597
-573
-538
-547
-541
-452
-404
-367
-360
-411
-407
-381
-340
-343
-324
-283
-255
-137
-64
-28
21
55
76
119
106
92
109
90
108
149
166
177
210
283
335
400
480
579
658
653
714
728
692
686
665
608
603
611
544
555
574
575
626
632
638
679
743
733
737
705
655
668
680
668
607
535
467
430
336
215
190
180
206
250
262
296
309
307
243
130
50
-24
-78
-121
-167
-179
-156
-178
-205
-211
-240
-330
-416
-458
-502
-556
-627
-635
-687
-734
-711
-714
-698
-661
-627
-623
-588
-589
-638
-707
-755
-775
-804
-858
-825
-739
-683
-601
-522
-474
-453
-392
-409
-479
-474
-522
-578
-541
-479
-396
-309
-240
-147
-25
37
66
79
79
113
135
70
58
91
72
98
139
143
209
324
349
406
475
509
550
588
570
581
632
666
688
656
617
631
605
576
578
591
613
664
658
632
676
689
635
568
545
539
562
538
514
562
616
583
558
489
381
308
211
118
88
92
106
173
217
226
184
132
92
26
-55
-131
-202
-236
-292
-321
-341
-340
-298
-308
-331
-323
-357
-443
-508
-573
-635
-668
-708
-709
-671
-653
-679
-716
-700
-691
-700
-735
-735
-696
-662
-612
-594
-589
-565
-531
-514
-541
-561
-533
-486
-449
-426
-407
-376
-330
-302
-280
-234
-194
-150
-115
-61
-12
23
62
94
129
90
116
107
98
121
131
118
134
213
247
291
326
347
431
511
551
603
655
662
666
691
628
609
612
591
608
616
601
611
627
620
638
621
637
629
586
569
550
540
538
556
529
541
547
513
472
401
361
315
251
199
159
145
152
122
35
-44
-74
-98
-153
-200
-232
-226
-229
-245
-273
-279
-277
-276
-323
-359
-397
-475
-508
-563
-629
-609
-584
-602
-592
-579
-590
-624
-662
-687
-655
-665
-665
-625
-590
-571
-536
-547
-573
-545
-551
-574
-565
-539
-545
-543
-510
-493
-434
-363
-308
-270
-176
-111
-113
-121
-121
-118
-140
-142
-106
-26
79
139
198
277
307
325
299
271
238
250
258
298
355
408
502
567
608
649
682
696
731
709
652
601
567
531
538
539
547
587
593
570
542
563
540
498
448
417
433
456
444
411
427
422
409
363
309
293
253
207
159
147
121
103
53
46
28
0
-45
-118
-123
-106
-104
-126
-115
-152
-178
-199
-286
-360
-413
-467
-514
-528
-537
-512
-511
-518
-508
-547
-583
-621
-634
-638
-618
-613
-611
-595
-567
-539
-530
-520
-538
-520
-488
-484
-465
-430
-411
-380
-395
-404
-387
-338
-327
-327
-306
-254
-182
-178
-169
-126
-78
-61
-47
-16
20
87
99
94
122
126
170
177
172
197
238
282
298
325
382
442
480
484
499
542
583
597
578
574
576
596
600
578
570
573
599
624
627
602
610
592
545
490
451
436
453
426
404
397
373
379
337
281
265
279
239
216
184
139
128
77
-9
-41
-51
-122
-129
-155
-199
-212
-234
-239
-254
-248
-284
-317
-356
-388
-395
-453
-503
-477
-468
-491
-476
-459
-450
-481
-543
-568
-568
-574
-591
-603
-578
-517
-482
-476
-488
-508
-483
-466
-473
-476
-440
-407
-382
-332
-332
-310
-276
-252
-205
-163
-128
-83
-55
-39
-63
-51
-59
-64
-51
-26
22
58
106
137
171
179
172
161
144
174
187
212
229
276
328
358
415
446
460
472
499
535
566
549
569
566
530
546
510
480
454
467
473
487
501
501
497
498
509
505
487
462
441
412
367
339
299
262
239
186
163
164
169
132
103
70
31
9
-35
-77
-111
-102
-112
-126
-131
-159
-195
-241
-280
-348
-403
-422
-412
-428
-417
-411
-427
-404
-417
-432
-456
-496
-516
-529
-565
-575
-573
-557
-547
-522
-511
-511
-521
-539
-508
-492
-478
-441
-401
-356
-355
-328
-307
-307
-290
-283
-250
-214
-190
-143
-87
-64
-26
-2
35
81
113
135
126
122
133
108
103
122
150
192
216
253
291
324
355
361
360
375
370
370
397
393
406
408
418
445
479
494
498
500
479
460
449
418
405
368
356
364
349
370
382
396
393
383
374
359
293
245
198
155
147
92
96
106
113
127
93
52
43
41
7
-42
-115
-147
-183
-215
-248
-262
-254
-226
-222
-236
-228
-225
-260
-306
-367
-424
-438
-468
-457
-466
-439
-407
-398
-377
-390
-392
-406
-434
-416
-412
-408
-384
-366
-364
-348
-356
-358
-326
-308
-288
-272
-259
-244
-225
-213
-178
-137
-104
-86
-62
-30
-5
-10
4
35
49
78
105
139
152
147
138
128
125
155
188
202
239
281
304
281
288
283
287
313
308
307
314
349
369
397
397
397
385
369
368
354
348
351
338
311
316
304
296
310
310
299
289
279
259
222
207
178
131
120
113
73
55
53
53
70
39
10
-4
-25
-36
-73
-103
-89
-68
-84
-116
-155
-176
-230
-252
-254
-270
-277
-277
-276
-278
-298
-306
-318
-356
-379
-403
-398
-363
-334
-325
-294
-267
-257
-270
-305
-341
-343
-361
-356
-368
-364
-291
-272
-235
-220
-198
-171
-167
-181
-196
-216
-232
-216
-204
-172
-152
-117
-64
-9
31
38
48
63
75
73
73
78
117
139
157
203
235
255
260
256
267
295
301
298
289
307
350
354
351
357
390
379
387
388
345
343
335
299
321
344
343
355
337
350
368
359
320
312
310
275
231
207
197
184
167
153
126
108
90
67
86
58
35
-6
-31
-38
-51
-72
-103
-123
-136
-173
-207
-210
-226
-241
-242
-244
-246
-268
-266
-269
-284
-312
-329
-358
-399
-421
-444
-436
-453
-443
-429
-405
-374
-367
-362
-359
-344
-341
-350
-354
-338
-313
-300
-297
-282
-266
-236
-196
-173
-144
-128
-97
-73
-60
-20
-17
-17
-11
-1
18
36
67
69
108
129
132
141
147
157
165
183
198
225
248
277
298
294
299
297
328
339
347
357
372
405
404
381
378
366
346
349
337
309
307
291
268
243
238
261
241
250
261
274
246
230
225
206
198
172
121
96
102
81
69
78
80
59
61
41
18
-12
-23
-45
-82
-142
-173
-189
-202
-206
-226
-218
-232
-218
-247
-277
-291
-298
-312
-315
-337
-353
-346
-365
-354
-366
-356
-346
-329
-315
-304
-314
-324
-322
-340
-337
-338
-330
-324
-313
-296
-283
-256
-233
-219
-211
-197
-183
-172
-159
-152
-129
-99
-83
-69
-51
-36
-13
0
2
39
80
91
98
122
156
187
201
219
204
218
226
213
225
240
267
298
314
323
361
373
395
423
409
402
408
411
377
359
326
331
340
346
339
343
344
314
292
270
278
247
237
217
173
161
165
152
140
138
126
94
96
96
67
57
42
3
-20
-19
-41
-68
-101
-114
-123
-138
-153
-170
-190
-211
-229
-259
-278
-310
-342
-343
-342
-345
-347
-370
-374
-368
-356
-343
-332
-334
-324
-328
-313
-332
-336
-324
-344
-327
-327
-309
-315
-282
-267
-242
-215
-217
-212
-197
-193
-216
-207
-228
-199
-153
-102
-76
-56
-31
1
13
26
28
28
58
90
105
120
150
159
162
188
200
209
208
200
206
221
236
243
253
267
307
301
318
327
342
345
352
353
328
345
338
339
351
344
338
361
378
373
359
334
338
313
315
290
277
246
230
218
210
209
197
174
156
154
115
63
12
0
-27
-54
-61
-68
-92
-95
-99
-120
-110
-139
-166
-187
-224
-249
-278
-302
-310
-314
-316
-331
-335
-343
-348
-358
-377
-381
-401
-397
-416
-403
-368
-365
-353
-347
-336
-329
-344
-336
-327
-305
-287
-263
-233
-227
-216
-202
-200
-193
-191
-178
-158
-132
-89
-85
-60
-44
-29
-37
-40
-18
-6
45
63
96
137
165
173
189
195
206
205
215
217
213
222
227
246
254
271
272
277
279
276
271
279
265
293
273
269
284
287
306
292
301
311
302
313
299
284
289
283
289
298
279
281
273
250
246
222
187
162
130
112
101
97
76
51
61
55
30
18
-9
-25
-56
-83
-91
-108
-109
-134
-135
-160
-180
-199
-219
-237
-250
-260
-287
-289
-293
-296
-306
-325
-334
-351
-359
-368
-375
-374
-378
-374
-379
-384
-381
-373
-382
-380
-374
-348
-333
-304
-286
-259
-224
-208
-173
-151
-135
-115
-96
-105
-86
-65
-58
-42
-22
4
14
42
62
77
91
99
107
126
147
157
158
170
160
156
189
199
212
247
247
271
301
312
308
312
319
312
312
293
272
278
283
294
294
301
327
318
315
325
326
307
301
277
259
237
214
200
194
211
212
200
175
171
150
115
91
71
32
10
9
-16
-14
-20
-30
-40
-37
-60
-94
-109
-141
-143
-161
-178
-188
-197
-219
-229
-250
-268
-258
-290
-298
-284
-277
-261
-274
-276
-273
-279
-286
-311
-320
-338
-332
-351
-347
-327
-313
-281
-282
-265
-256
-244
-228
-216
-196
-192
-178
-157
-129
-121
-103
-69
-64
-43
-35
-37
-42
-43
-30
-11
1
22
55
82
103
96
98
112
104
105
100
107
132
151
150
156
175
198
201
204
228
242
271
278
288
289
284
287
289
278
275
265
262
270
277
302
302
303
304
309
298
290
274
263
244
227
216
206
192
166
154
158
144
107
103
63
38
23
7
-6
-23
-23
-25
-39
-67
-106
-118
-126
-146
-159
-188
-207
-213
-227
-253
-263
-284
-305
-310
-320
-317
-304
-305
-290
-294
-289
-295
-320
-340
-339
-332
-341
-336
-330
-317
-299
-271
-257
-234
-202
-163
-167
-151
-133
-114
-117
-125
-117
-115
-100
-78
-60
-32
-8
27
47
59
75
80
99
107
118
125
135
135
160
170
183
172
178
191
177
184
182
198
206
209
204
238
228
256
246
230
250
231
230
222
224
224
236
249
250
263
275
269
256
255
235
240
222
212
196
157
155
143
137
117
114
98
82
78
60
33
26
14
-13
-43
-53
-61
-93
-112
-114
-133
-165
-166
-178
-200
-211
-233
-264
-264
-279
-274
-267
-285
-273
-290
-292
-283
-277
-292
-297
-296
-286
-292
-293
-307
-323
-304
-288
-272
-233
-216
-208
-174
-157
-131
-115
-112
-100
-83
-63
-76
-78
-73
-73
-54
-46
-38
-17
3
39
61
69
82
105
114
132
119
118
129
157
167
167
165
157
183
187
210
222
238
235
235
246
242
255
253
274
268
276
279
284
273
239
216
215
197
195
207
204
207
198
183
164
154
143
135
130
114
97
98
103
115
105
