-12
-7
-3
-3
4
-2
-10
-15
-7
-12
-15
-13
-22
-29
-23
-22
-12
-10
0
-7
-12
-4
-1
3
6
7
2
-2
-8
-1
-9
-2
6
6
10
17
13
10
16
5
6
-8
-7
0
5
10
0
-3
-6
0
4
2
1
3
11
10
11
10
7
6
8
-2
4
10
1
6
-1
5
-5
6
1
8
0
0
-6
-8
6
4
12
15
17
5
3
-3
-2
-1
-1
0
-3
3
0
2
2
7
15
11
3
3
-8
-6
-8
-12
-5
5
5
18
10
2
3
-6
5
7
10
4
-8
-7
0
-10
-9
-2
-15
-2
-1
0
-4
-10
-9
-11
-13
-8
-17
-19
-18
-23
-11
-9
-15
-14
-13
-17
-17
-14
-7
-5
1
0
7
3
5
13
11
3
9
13
7
4
-7
2
0
-9
-8
-14
-16
-10
-3
-2
1
6
12
3
0
-7
-11
-7
-13
-5
-7
-1
0
9
4
4
11
5
8
4
10
17
8
7
9
10
-4
4
11
8
12
6
1
9
7
6
6
3
9
8
7
2
4
8
17
17
1
7
12
20
25
20
17
12
11
11
8
8
3
0
9
11
16
11
6
0
-5
2
-13
-8
-7
-7
-16
-15
-9
-4
0
-3
5
2
-2
-8
-6
-10
-2
4
1
4
-5
-1
-3
-6
-10
-13
-11
-11
-9
-12
-11
-11
-2
-6
5
-3
-18
-19
-23
-13
-10
-8
-14
-19
-19
-14
-10
-15
-12
-11
-1
0
4
-7
-4
-15
-5
7
7
16
5
-3
-14
-19
-17
-14
-18
-14
-9
-13
0
11
8
14
18
13
11
12
14
12
15
16
10
24
20
16
13
15
13
20
22
20
9
17
14
12
6
7
19
13
28
26
25
20
19
16
15
3
-2
-10
-18
-17
-15
-8
-13
-12
-14
-12
0
-11
-15
-14
-15
-18
-25
-23
-10
1
4
1
4
0
0
8
7
4
9
6
3
3
4
-2
-5
3
-1
-10
-9
-8
-4
0
-4
-1
5
-10
-20
-21
-22
-16
-18
-16
-25
-25
-18
-12
-7
-18
-4
4
5
15
17
11
6
10
3
4
12
4
2
3
3
-2
-4
1
-4
-2
-7
-10
-7
-10
-10
-2
-2
-3
-9
1
-4
-20
-13
-5
-5
1
4
3
-1
3
12
10
16
19
26
14
11
10
17
4
2
-3
-9
-3
-3
-4
-10
-12
-9
-18
-26
-18
-9
-1
6
20
20
26
30
21
10
12
7
15
21
20
16
7
16
18
11
9
7
-3
11
5
1
-1
-4
-1
-1
7
-4
6
10
4
2
-6
-4
-16
-1
-68
-97
17
12
-79
-72
-122
-151
-68
-128
-145
-103
-71
-58
-196
-170
39
7
-73
-24
16
101
165
144
184
220
304
319
287
372
485
421
299
320
384
349
290
302
284
191
179
177
98
67
104
-50
-135
-87
-149
-273
-276
-256
-361
-484
-455
-373
-521
-692
-651
-594
-604
-613
-708
-815
-658
-489
-599
-743
-621
-418
-470
-516
-383
-305
-272
-172
-124
-37
101
171
191
235
378
496
382
441
669
644
572
644
726
775
759
731
745
776
833
808
688
793
902
773
717
826
851
775
696
688
702
650
613
529
433
474
408
236
213
204
101
4
-99
-139
-166
-287
-388
-392
-443
-505
-548
-654
-718
-714
-746
-883
-910
-979
-1120
-1133
-1078
-1152
-1325
-1429
-1390
-1320
-1385
-1438
-1614
-1673
-1429
-1414
-1554
-1490
-1391
-1304
-1154
-1094
-983
-811
-624
-407
-331
-168
123
296
483
704
805
935
1156
1320
1475
1520
1630
1778
1695
1892
2104
1946
1902
1965
1843
1926
1950
1775
1685
1563
1546
1427
1104
1123
1055
727
635
494
288
290
182
20
-61
-229
-207
-289
-365
-296
-427
-603
-467
-431
-495
-476
-546
-473
-414
-472
-385
-305
-318
-243
-259
-339
-215
-163
-279
-262
-238
-318
-354
-389
-398
-502
-613
-621
-727
-954
-1020
-1089
-1182
-1232
-1447
-1719
-1730
-1608
-1676
-1890
-1958
-1928
-2008
-2007
-1914
-1897
-1789
-1683
-1740
-1512
-1180
-1018
-901
-709
-368
-93
-21
227
615
864
1027
1153
1302
1586
1786
1929
1881
1949
2368
2346
2169
2442
2414
2205
2495
2457
2169
2070
2135
2174
1868
1757
1744
1432
1421
1555
1155
811
987
928
594
342
402
269
-39
41
-58
-457
-402
-221
-469
-658
-588
-635
-774
-735
-566
-716
-868
-645
-516
-790
-753
-529
-687
-794
-710
-776
-866
-790
-777
-911
-1070
-971
-916
-1156
-1336
-1323
-1318
-1487
-1574
-1640
-1830
-1850
-1708
-1844
-2185
-2127
-1938
-1957
-2145
-2162
-2040
-1942
-1756
-1581
-1664
-1527
-955
-750
-740
-447
-52
191
394
700
926
1113
1448
1764
1859
2027
2329
2417
2492
2687
2797
2748
2795
2629
2712
3012
2751
2474
2502
2153
2122
2377
1872
1458
1450
1468
1251
777
730
659
236
168
90
-273
-160
-50
-475
-663
-645
-468
-670
-891
-697
-725
-982
-801
-648
-825
-747
-758
-715
-517
-502
-315
-322
-452
-159
-145
-539
-258
-85
-394
-498
-611
-544
-552
-846
-902
-965
-1156
-1021
-1219
-1719
-1521
-1399
-1636
-1838
-2123
-2107
-2057
-2254
-2307
-2340
-2506
-2258
-2136
-2527
-2388
-2052
-1909
-1808
-1731
-1592
-1185
-799
-458
-292
-216
311
739
833
1172
1497
1702
1856
2080
2483
2625
2613
2879
2914
2964
3260
3056
2927
3214
3320
3069
2713
2684
2826
2650
2386
2244
1980
1839
1758
1430
1302
1223
999
643
303
290
347
-38
-317
-328
-480
-645
-750
-850
-874
-934
-1010
-1079
-1174
-1057
-963
-1160
-1115
-941
-991
-1134
-1014
-843
-868
-1043
-1042
-988
-1033
-992
-1007
-1211
-1174
-996
-1213
-1430
-1293
-1125
-1295
-1446
-1466
-1680
-1770
-1549
-1543
-1805
-1918
-2004
-2075
-1954
-1880
-1945
-2176
-1917
-1688
-2020
-2086
-1631
-1284
-1166
-1146
-1301
-763
-88
132
97
193
818
1329
1293
1407
1800
2083
2433
2440
2349
2677
2813
2847
3013
2858
2768
2776
2838
3067
2937
2471
2343
2464
2544
2288
1757
1737
1859
1498
1213
970
868
940
676
113
20
216
50
-292
-537
-383
-455
-756
-718
-744
-850
-807
-885
-981
-771
-708
-861
-886
-755
-623
-824
-947
-680
-633
-907
-940
-862
-948
-952
-956
-1091
-1178
-1071
-1057
-1368
-1448
-1178
-1309
-1480
-1407
-1476
-1731
-1931
-1794
-1614
-1723
-1890
-2133
-2339
-2008
-1720
-2081
-2271
-1876
-1787
-2052
-1962
-1581
-1184
-989
-1204
-1188
-519
135
245
212
538
1237
1422
1301
1484
2091
2710
2463
2111
2542
2992
3060
3042
2799
2859
3061
2883
2755
2811
2847
2699
2284
2199
2364
2100
1810
1800
1708
1572
1186
942
1001
905
649
305
59
202
193
-313
-412
-277
-376
-610
-825
-727
-560
-614
-775
-758
-840
-678
-680
-929
-875
-734
-957
-1058
-944
-932
-993
-1157
-1193
-1198
-1232
-1220
-1385
-1536
-1385
-1443
-1576
-1656
-1742
-1678
-1692
-1817
-1762
-2015
-2243
-1909
-1695
-1936
-2103
-2316
-2320
-1961
-1930
-2083
-2021
-1965
-1858
-1688
-1688
-1337
-935
-1066
-965
-438
-127
110
378
793
1231
1403
1382
1632
2230
2742
2648
2345
2559
3140
3372
3001
2822
3219
3338
3011
2759
2860
3071
2999
2515
2172
2316
2383
2131
1710
1651
1765
1477
976
945
1031
762
431
164
127
148
-38
-312
-432
-425
-530
-822
-879
-569
-612
-939
-1037
-884
-800
-928
-1122
-1158
-1100
-1150
-1163
-1404
-1379
-1244
-1457
-1633
-1491
-1546
-1626
-1672
-1811
-1584
-1649
-1962
-1890
-1691
-1718
-1745
-1862
-1876
-1750
-1879
-1953
-1768
-1661
-1523
-1856
-2145
-1731
-1268
-1401
-1484
-1664
-1522
-997
-1025
-987
-750
-702
-394
8
23
344
734
941
1354
1406
1408
1832
2176
2504
2585
2161
2335
2991
2963
2734
2666
2684
2854
2697
2383
2444
2523
2524
2175
1710
1915
2106
1772
1477
1228
1182
1193
827
638
623
350
287
158
-69
16
-77
-318
-257
-314
-437
-509
-591
-399
-348
-635
-629
-497
-650
-821
-690
-567
-618
-825
-937
-1182
-1370
-970
-1091
-1644
-1364
-1095
-1591
-1828
-1477
-1199
-1486
-1660
-1355
-1511
-1520
-887
-1334
-1944
-1441
-1309
-1748
-1646
-1320
-1369
-1776
-1887
-1429
-1563
-1762
-1263
-1260
-1787
-1600
-1217
-1219
-950
-657
-850
-995
-371
387
209
-81
617
1249
946
997
1521
1833
2133
2135
1815
1935
2518
2760
2369
1964
2404
2710
2132
2014
2410
2414
2011
1740
1917
2054
1868
1793
1562
1224
1553
1461
852
905
1288
1009
430
410
837
681
192
423
485
185
260
223
-54
47
225
-146
-527
-293
26
-440
-918
-571
-517
-1067
-1085
-1038
-1419
-1393
-1265
-1594
-1797
-1627
-1574
-1804
-1939
-1646
-1642
-2113
-1931
-1575
-1821
-1789
-1801
-1966
-1915
-1724
-1655
-1671
-1742
-1562
-1659
-1842
-1600
-1405
-1486
-1530
-1391
-1819
-1749
-854
-826
-1126
-1103
-1279
-708
262
79
-333
107
838
1335
1021
940
1551
2087
2227
1904
1730
2417
3052
2637
2178
1657
2484
3420
2483
2020
2237
1423
1923
2805
1774
1194
1291
1678
1763
933
886
1064
823
1414
1216
21
715
1694
1125
437
180
760
921
470
454
325
1
536
550
-182
-10
176
22
-207
-431
-224
-370
-855
-562
-538
-1382
-1448
-1188
-1402
-1690
-1758
-1820
-1945
-2051
-1892
-2090
-2363
-1873
-1595
-2178
-2355
-1884
-1631
-1785
-2267
-2194
-1600
-1622
-1671
-1760
-2311
-1899
-1032
-1531
-2138
-1748
-1209
-1496
-2522
-1358
-77
-1107
-1697
-1592
-1521
620
1364
-1010
-1353
656
2206
1627
-103
517
2654
2928
1889
1165
1575
3354
3860
2088
1395
2597
3638
2969
1885
2233
2942
2307
1973
2294
2270
2163
1860
1686
1834
1659
1482
1315
1262
1855
1268
-14
620
1704
1102
-8
-146
650
982
158
-323
-89
235
425
-259
-1060
-400
247
-421
-1203
-1086
-534
-847
-1448
-1362
-1221
-1405
-1598
-1715
-1842
-1614
-1581
-1913
-2033
-1719
-1700
-2091
-1936
-1635
-1496
-1754
-2209
-1773
-1148
-1466
-1971
-1860
-1518
-1190
-1401
-1779
-1930
-1508
-991
-1557
-2012
-1482
-945
-1364
-1840
-1565
-1110
-1046
-947
-1010
-1180
-489
104
-199
-198
448
917
802
835
1272
1530
1636
1976
1966
1755
2045
2270
2306
2447
2299
2180
2210
2421
2625
2411
2111
2306
2510
2284
2061
2059
2215
2230
1935
1744
1719
1805
1922
1694
1357
1396
1503
1272
1171
1085
1033
830
587
612
574
399
226
186
-41
-192
-403
-643
-783
-811
-975
-1331
-1498
-1460
-1498
-1842
-2061
-2042
-2057
-2294
-2208
-2274
-2470
-2167
-2229
-2574
-2287
-2077
-2345
-2169
-2067
-1964
-1762
-1839
-1883
-1904
-1787
-1380
-1397
-1577
-1451
-1534
-1373
-1091
-1270
-1215
-1070
-1089
-1176
-1174
-1010
-764
-562
-653
-803
-691
99
354
168
312
792
1137
1176
1306
1430
1780
2050
2034
1920
2065
2478
2485
2212
1855
1622
2656
3048
2102
2028
1816
1217
2477
2685
1269
1104
1770
2112
1552
946
1372
1536
1455
1680
1047
724
1914
1975
859
600
1099
1329
811
630
897
572
107
428
280
-109
-31
-255
-536
-584
-649
-900
-1255
-1219
-832
-1351
-2280
-1950
-1560
-1912
-2314
-2282
-2183
-2116
-2269
-2414
-2106
-2061
-1958
-1900
-2130
-2060
-1456
-1481
-1713
-1615
-1496
-1439
-1667
-1386
-909
-1360
-1784
-1278
-1213
-1516
-1338
-1178
-1386
-1545
-1335
-1193
-1266
-754
-638
-1092
-856
46
145
-233
99
875
1089
765
826
1158
1696
2147
1829
1429
1887
2296
2380
2230
2172
2500
2495
2168
2272
2512
2435
2333
2225
2203
2148
2079
2194
2143
2039
2054
1767
1682
1945
1958
1508
1288
1408
1414
1105
901
998
844
581
387
138
45
155
-21
-389
-585
-603
-663
-934
-1153
-1116
-1330
-1713
-1710
-1586
-1784
-1899
-2037
-2135
-1949
-1993
-2127
-2213
-2033
-1869
-1815
-1897
-1706
-1603
-1744
-1599
-1431
-1257
-1252
-1202
-1228
-1302
-1136
-980
-995
-1084
-1264
-1325
-1102
-1077
-1255
-1234
-1257
-1370
-1472
-1388
-1386
-1191
-787
-1113
-1459
-925
-243
-237
-268
-111
319
584
608
620
951
1616
1705
1354
1192
1596
2226
2301
1931
2046
2309
2278
2274
2288
2449
2569
2370
2173
2209
2459
2592
2382
2127
2172
2140
2027
2046
2104
2033
1730
1510
1517
1542
1438
1210
1042
964
852
565
351
378
383
64
-332
-479
-575
-739
-913
-1095
-1281
-1392
-1474
-1655
-1749
-1809
-1823
-1992
-2132
-2016
-2007
-2226
-1979
-1750
-2089
-2154
-1768
-1814
-1821
-1666
-1727
-1647
-1363
-1266
-1530
-1670
-1360
-1150
-1412
-1402
-1451
-1650
-1412
-1281
-1510
-1610
-1533
-1254
-1566
-1953
-1496
-1101
-1047
-1015
-1375
-1237
-362
-35
-255
-287
203
959
1007
683
1006
1574
1851
1861
1661
1781
2327
2584
2374
2102
1578
2311
3379
2566
2015
2184
1431
2100
3303
2100
1167
1624
2354
2277
1196
1135
1744
1649
1767
1412
519
1286
2334
1382
396
495
1247
1098
440
430
439
10
173
255
-362
-419
-315
-578
-800
-860
-854
-1021
-1180
-957
-1016
-1802
-1890
-1327
-1368
-1819
-2088
-1824
-1446
-1632
-1885
-1760
-1775
-1432
-1224
-1717
-1815
-1289
-1155
-1379
-1526
-1519
-1401
-1588
-1503
-1322
-1656
-1962
-1719
-1484
-1693
-1858
-1876
-1796
-1894
-1850
-1620
-1660
-1411
-1108
-1320
-1260
-583
-159
-291
-252
325
887
789
689
999
1654
1975
1700
1591
1871
2139
2438
2375
2102
2327
2554
2364
2213
2400
2492
2203
2179
2411
2317
2022
2094
2300
2111
1955
1796
1618
1691
1911
1682
1247
1201
1415
1290
997
992
987
825
579
514
447
319
279
173
-135
-380
-365
-485
-709
-762
-780
-1064
-1235
-1097
-1197
-1545
-1646
-1488
-1502
-1685
-1673
-1649
-1721
-1608
-1585
-1850
-1840
-1729
-1631
-1718
-1728
-1452
-1568
-1835
-1648
-1716
-1948
-1658
-1592
-1668
-1864
-2096
-1824
-1649
-1887
-1879
-1763
-1847
-1911
-1856
-1672
-1447
-1177
-1132
-1465
-1116
-287
-140
-388
-97
594
799
716
636
1140
1927
1988
1577
1463
1837
2461
2593
2010
2088
2545
2471
2323
2202
2354
2605
2349
2118
2187
2161
2277
2402
2104
1978
1951
1793
1793
1890
1874
1624
1331
1429
1591
1268
1080
1161
1093
959
665
428
426
546
415
37
-338
-346
-172
-491
-858
-864
-835
-975
-1171
-1328
-1386
-1433
-1466
-1564
-1660
-1656
-1582
-1825
-1912
-1599
-1579
-1878
-1966
-1875
-1670
-1650
-1819
-1709
-1604
-1612
-1698
-1958
-1777
-1472
-1652
-1822
-2067
-1979
-1596
-1714
-2151
-1900
-1669
-1936
-2112
-1856
-1488
-1296
-1197
-1459
-1449
-835
-366
-457
-341
196
668
634
679
999
1363
1543
1725
1860
1843
2043
2106
2060
2292
2705
2363
1965
2232
2620
2612
2270
2044
2306
2521
2289
2058
2119
2371
2373
1995
1682
1880
2204
2098
1666
1532
1683
1654
1348
1271
1414
1216
943
762
680
640
565
337
42
-140
-236
-393
-597
-626
-765
-1126
-1408
-1373
-1295
-1625
-1874
-1810
-1829
-1828
-1967
-2190
-2099
-1966
-2150
-2141
-1990
-2067
-2050
-2085
-2018
-1985
-1968
-1965
-1927
-1863
-1863
-1898
-1856
-1687
-1685
-1890
-1981
-1879
-1710
-1649
-1636
-1547
-1609
-1733
-1444
-1116
-1082
-914
-1119
-1057
-325
181
-87
-98
452
979
1022
897
1111
1647
1971
1966
1769
1776
2349
2578
2312
2104
2371
1865
2066
3173
2843
2135
2094
1517
1902
3161
2228
1126
1504
2255
2272
1272
965
1643
1821
1675
1349
819
1430
2323
1524
742
871
1368
1227
648
622
832
495
244
373
51
-48
-80
-449
-619
-526
-740
-1041
-1120
-1029
-1045
-1702
-2015
-1592
-1574
-1950
-2195
-2111
-1949
-2031
-2464
-2352
-2097
-2095
-2038
-2043
-2126
-2077
-1985
-2074
-2020
-1991
-1921
-1977
-1984
-1789
-1900
-2130
-1909
-1861
-1917
-1755
-1676
-1659
-1683
-1659
-1451
-1228
-981
-1133
-1114
-518
-66
-129
-97
256
732
1073
930
934
1211
1801
2101
1750
1703
2200
2268
2209
2501
2504
2430
2461
2538
2652
2576
2543
2494
2395
2631
2640
2256
2290
2642
2457
1998
1904
2143
2203
1999
1873
1685
1603
1677
1527
1121
1100
1240
939
618
538
523
367
91
-28
-230
-510
-654
-775
-1012
-1077
-1101
-1478
-1681
-1675
-1745
-1934
-2063
-2110
-2076
-2140
-2143
-2138
-2301
-2197
-1948
-2017
-2163
-1959
-2012
-1931
-1715
-1792
-1913
-1743
-1412
-1626
-1895
-1733
-1649
-1585
-1447
-1709
-1781
-1469
-1477
-1506
-1539
-1474
-1354
-1573
-1447
-1113
-955
-892
-981
-929
-425
-59
-93
89
449
896
1009
856
867
1451
1998
1795
1550
1575
1838
2295
2322
2103
2199
2341
2401
2353
2286
2479
2545
2339
2344
2317
2296
2465
2475
2331
2309
2214
2055
2113
2212
2137
1773
1601
1767
1656
1411
1283
1196
1101
958
594
286
314
367
122
-317
-546
-585
-762
-1057
-1225
-1221
-1335
-1529
-1851
-1931
-1829
-1932
-2085
-2119
-2079
-2047
-2278
-2122
-1972
-2085
-1971
-2043
-2258
-1937
-1692
-2008
-1892
-1724
-1826
-1771
-1940
-2086
-1650
-1461
-1681
-1703
-1761
-1800
-1531
-1583
-1661
-1649
-1505
-1499
-1625
-1558
-1275
-946
-900
-1039
-1064
-569
-3
163
91
331
795
1021
1129
1139
1444
2008
2142
1888
1883
2196
2516
2699
2471
2457
2588
2635
2691
2689
2773
2766
2576
2615
2721
2618
2549
2513
2469
2435
2138
1981
2100
2158
2038
1626
1379
1456
1463
1191
878
782
754
575
189
12
59
0
-223
-568
-835
-915
-923
-1164
-1347
-1461
-1546
-1730
-1889
-1820
-1981
-2212
-2049
-1988
-2228
-2125
-2106
-2258
-2008
-2023
-2250
-2257
-2035
-1862
-2029
-2200
-1886
-1661
-1923
-1941
-1894
-1982
-1739
-1457
-1653
-1695
-1529
-1654
-1614
-1430
-1447
-1456
-1445
-1104
-1100
-1470
-1244
-866
-711
-526
-616
-729
56
485
240
284
722
1306
1432
1196
1374
1907
2228
2223
2108
2122
2609
2750
2448
2470
2684
2467
1969
2790
3341
2659
2273
2030
1827
2754
2846
1640
1496
2132
2353
1693
1028
1548
2014
1636
1216
1055
1093
1689
1543
627
565
865
765
229
106
259
91
-451
-530
-352
-620
-916
-1030
-1081
-1116
-1392
-1567
-1587
-1478
-1500
-1974
-2365
-2041
-1814
-2171
-2398
-2405
-2010
-1931
-2505
-2617
-2112
-1966
-2153
-2246
-2257
-1957
-1640
-1840
-2156
-2069
-1719
-1601
-1718
-1873
-1758
-1577
-1476
-1472
-1576
-1569
-1300
-1102
-1368
-1270
-1000
-790
-482
-626
-867
-270
306
300
259
471
851
1294
1406
1291
1440
1686
2199
2386
2101
2342
2621
2440
2729
3045
2686
2492
2697
2895
2893
2548
2517
2735
2908
2869
2399
2018
2461
2800
2227
1750
1818
2154
1937
1472
1294
1331
1258
1085
760
436
612
554
32
-202
-173
-242
-590
-908
-858
-923
-1333
-1502
-1471
-1642
-1673
-1830
-2115
-2102
-1999
-2201
-2403
-2348
-2181
-2132
-2226
-2298
-2336
-2031
-1967
-2197
-2060
-1828
-1923
-1901
-1860
-1879
-1755
-1632
-1417
-1549
-1924
-1606
-1268
-1343
-1177
-1314
-1736
-1392
-854
-1062
-1295
-1210
-835
-773
-1097
-969
-672
-367
-148
-448
-549
178
681
571
545
912
1376
1491
1350
1341
1983
2517
2275
1970
2087
2471
2753
2682
2508
2597
2662
2616
2518
2566
2787
2694
2505
2511
2535
2376
2301
2381
2309
2110
1839
1762
1769
1784
1595
1236
1061
1105
978
640
475
422
351
25
-272
-361
-381
-546
-762
-917
-1093
-1228
-1418
-1532
-1640
-1720
-1822
-2060
-2191
-2060
-2013
-2294
-2319
-2178
-2160
-2295
-2382
-2312
-2176
-2070
-2312
-2381
-2050
-1819
-1884
-1946
-1886
-1728
-1611
-1659
-1764
-1720
-1404
-1277
-1335
-1418
-1553
-1416
-1161
-1153
-1202
-1073
-921
-1185
-1080
-802
-697
-530
-305
-389
-356
241
559
513
658
1158
1449
1359
1403
1620
1911
2426
2498
2208
2281
2554
2647
2795
2763
2733
2704
2683
2814
2804
2730
2663
2565
2659
2610
2273
2233
2403
2292
2074
1724
1537
1812
1811
1414
1067
1004
1035
884
502
295
320
263
-11
-401
-501
-399
-581
-972
-1115
-1146
-1307
-1508
-1637
-1707
-1800
-1921
-2054
-2088
-2189
-2253
-2311
-2402
-2313
-2078
-2296
-2509
-2089
-1972
-2192
-2098
-1941
-1950
-1935
-1948
-1705
-1476
-1463
-1446
-1758
-1850
-1190
-1077
-1519
-1384
-1183
-1369
-1162
-1048
-1311
-1076
-688
-947
-1259
-1070
-699
-487
-426
-330
-388
-175
401
610
441
759
1275
1437
1430
1486
1838
2211
2369
2411
2316
2400
2733
2803
2615
2686
2849
2728
2373
2110
2986
3356
2483
2179
2049
1712
2473
2536
1446
1381
1705
1572
1186
852
1102
1107
777
711
483
197
656
656
-52
-66
-124
-381
-478
-446
-624
-888
-1096
-1010
-1051
-1360
-1342
-1371
-1443
-1467
-1755
-1873
-1626
-1582
-1780
-1946
-2089
-1917
-1785
-2016
-2205
-1984
-1748
-1806
-1795
-2119
-2098
-1532
-1614
-1763
-1350
-1577
-1788
-1527
-1594
-1476
-1356
-1433
-1270
-1523
-1591
-1138
-1251
-1432
-1016
-1011
-1419
-1223
-746
-672
-697
-520
-603
-426
99
462
402
504
1112
1469
1219
1350
1868
2154
2097
2165
2393
2429
2666
2810
2475
2644
3383
3024
2344
2555
3066
3051
2642
2433
2493
2532
2475
2215
1891
2053
2351
1739
1259
1547
1658
1275
920
854
772
534
251
157
58
-8
-248
-700
-752
-568
-850
-1193
-1316
-1279
-1345
-1632
-1839
-1726
-1687
-1911
-2060
-2214
-2014
-1838
-2083
-2233
-1984
-1942
-2019
-1992
-2068
-1825
-1643
-1896
-1885
-1733
-1674
-1291
-1449
-1815
-1199
-1017
-1495
-1224
-1373
-1465
-920
-910
-1267
-1274
-1209
-1059
-936
-1139
-953
-861
-1002
-924
-862
-878
-639
-197
-279
-465
-174
298
526
514
883
1233
1425
1578
1678
1617
1895
2497
2462
2101
2270
2504
2451
2644
2767
2560
2393
2469
2573
2413
2475
2447
2216
2319
2218
1927
1851
2016
1921
1684
1374
1316
1326
1123
1037
841
632
576
402
145
130
131
-72
-402
-619
-523
-652
-982
-1051
-1106
-1301
-1441
-1522
-1726
-1732
-1660
-1706
-1902
-1962
-1881
-1987
-2039
-1955
-1859
-1954
-2009
-1834
-1863
-1932
-1639
-1550
-1743
-1581
-1358
-1555
-1416
-1155
-1195
-1173
-985
-1210
-1305
-921
-664
-836
-1017
-1082
-1047
-799
-640
-774
-900
-690
-629
-761
-772
-580
-252
-69
-264
-249
133
426
601
763
974
1215
1323
1429
1599
1741
2066
2306
2071
2146
2468
2230
2268
2627
2588
2330
2216
2267
2479
2390
2148
1928
1837
2153
1955
1393
1453
1735
1510
1274
1000
884
1062
1020
680
389
320
372
170
-81
-40
-58
-282
-416
-547
-679
-664
-755
-887
-1008
-1099
-1185
-1343
-1425
-1307
-1397
-1729
-1726
-1527
-1572
-1764
-1767
-1605
-1628
-1663
-1640
-1779
-1649
-1398
-1574
-1822
-1610
-1313
-1263
-1519
-1499
-1108
-1092
-1207
-1158
-1265
-1226
-868
-787
-1026
-1093
-1036
-920
-825
-821
-864
-816
-755
-770
-685
-686
-568
-95
31
-334
-179
349
643
695
736
987
1348
1473
1504
1617
1818
2070
2101
2122
2229
2242
2289
2198
2256
2691
2441
1863
2080
2432
2319
2004
1726
1854
2047
1868
1499
1272
1410
1627
1293
758
905
1070
824
503
386
364
248
58
-79
-56
-140
-348
-566
-697
-602
-711
-989
-1055
-1023
-1072
-1324
-1528
-1431
-1311
-1501
-1712
-1667
-1632
-1639
-1771
-1787
-1602
-1587
-1663
-1702
-1684
-1621
-1358
-1533
-1627
-1217
-1178
-1379
-1343
-1140
-957
-863
-942
-1018
-1051
-892
-855
-854
-593
-548
-887
-841
-519
-527
-685
-561
-539
-613
-396
-406
-468
-38
110
-277
-249
299
663
504
464
912
1240
1285
1256
1200
1398
1872
2075
1634
1608
2043
2013
1817
2092
2225
1910
1787
1926
2046
1934
1815
1791
1715
1754
1764
1321
1217
1686
1605
1021
853
1037
1082
764
526
489
423
328
162
-75
-106
40
-211
-568
-589
-461
-537
-827
-848
-794
-951
-1119
-1151
-1150
-1214
-1217
-1422
-1539
-1432
-1425
-1621
-1562
-1387
-1446
-1397
-1387
-1529
-1337
-1157
-1390
-1359
-1087
-1080
-1282
-1144
-991
-1025
-915
-833
-1124
-1014
-660
-807
-931
-577
-646
-1051
-880
-710
-770
-636
-569
-691
-822
-729
-565
-476
-176
1
-307
-360
239
491
481
535
757
1083
1175
1109
1137
1500
1835
1798
1499
1533
1961
2030
1855
1917
2035
1911
1268
1494
2424
2256
1629
1355
780
1232
2148
1356
525
907
1358
956
258
306
733
654
501
311
-158
174
818
274
-106
119
112
-231
-220
-89
-168
-460
-530
-370
-599
-721
-671
-802
-803
-670
-1002
-1242
-934
-683
-967
-1324
-1284
-993
-1066
-1381
-1268
-1140
-1289
-1142
-1269
-1713
-1251
-737
-1152
-1462
-1171
-952
-1113
-1142
-1073
-1284
-1003
-742
-1082
-1236
-974
-992
-973
-838
-885
-743
-664
-824
-843
-609
-465
-244
-206
-514
-336
85
268
342
455
622
828
1055
1088
1082
1141
1374
1754
1615
1477
1787
1775
1707
2107
2047
1688
1772
1863
1916
1795
1578
1597
1554
1611
1582
1274
1092
1444
1496
952
721
871
952
762
596
434
260
354
397
53
-139
90
26
-320
-377
-368
-492
-595
-543
-628
-816
-826
-784
-924
-960
-941
-1078
-1038
-910
-1062
-1301
-1241
-1057
-975
-1174
-1237
-1088
-1018
-1027
-1086
-1171
-887
-771
-1009
-1056
-1072
-838
-560
-844
-1039
-854
-982
-746
-579
-842
-692
-544
-901
-761
-620
-798
-609
-471
-643
-930
-952
-513
-181
-318
-477
-544
-405
108
285
6
66
467
787
653
482
591
1204
1499
1239
1052
1029
1242
1664
1717
1416
1360
1387
1571
1602
1449
1526
1579
1566
1585
1391
1217
1430
1659
1529
1224
945
1081
1229
1183
979
736
649
732
620
417
357
354
320
103
-165
-228
-149
-210
-232
-371
-583
-669
-721
-765
-712
-813
-977
-1017
-1098
-1068
-1046
-1153
-1171
-1054
-1193
-1394
-1271
-1148
-991
-1047
-1186
-1117
-1229
-1164
-925
-1223
-1225
-747
-1065
-1212
-889
-1067
-1034
-782
-887
-872
-903
-1022
-871
-807
-756
-513
-715
-1006
-906
-748
-556
-301
-360
-497
-478
-320
65
172
91
272
567
630
677
768
795
1131
1479
1325
1196
1347
1518
1614
1785
1714
1649
1549
1618
1819
1677
1627
1635
1570
1587
1603
1284
1163
1462
1461
1108
826
858
1010
1008
828
588
488
527
505
201
79
215
200
-15
-233
-268
-132
-229
-331
-311
-443
-611
-583
-693
-745
-691
-764
-839
-829
-857
-1012
-1033
-916
-865
-1028
-1140
-1069
-897
-916
-1110
-1213
-982
-883
-1112
-1267
-1157
-910
-948
-1126
-1062
-1120
-1148
-928
-986
-1125
-930
-1085
-1345
-1324
-1014
-850
-907
-851
-822
-1030
-1206
-780
-393
-347
-539
-640
-336
74
194
38
144
624
970
777
584
765
1283
1705
1390
1163
1385
1503
1623
1835
1721
1631
1742
1688
1813
1790
1701
1531
1520
1725
1626
1253
1167
1494
1519
1271
986
923
1041
1175
999
600
586
707
613
328
248
382
332
141
-95
-224
-244
-132
-188
-377
-505
-555
-582
-630
-682
-759
-829
-825
-802
-912
-1173
-1160
-903
-966
-1123
-1189
-1260
-1099
-944
-1244
-1330
-1067
-1146
-1208
-1207
-1184
-1066
-912
-1091
-1247
-1160
-1180
-966
-825
-1006
-963
-800
-1125
-1145
-867
-961
-870
-769
-979
-1141
-1059
-768
-514
-540
-684
-595
-400
-53
74
1
176
514
726
674
611
805
1238
1397
1284
1179
1388
1678
1764
1636
1639
1835
1822
1672
1569
1505
1591
1788
1591
1368
1247
1138
1280
1419
1191
827
707
777
965
839
559
497
611
622
462
291
340
608
605
316
103
162
357
349
161
-3
-92
-111
-149
-194
-234
-229
-213
-314
-402
-493
-562
-577
-641
-734
-823
-1034
-1102
-1014
-1011
-1215
-1329
-1398
-1337
-1270
-1514
-1564
-1383
-1305
-1266
-1436
-1614
-1436
-1496
-1444
-1307
-1407
-1287
-1323
-1641
-1379
-1088
-1141
-1133
-1305
-1479
-1134
-824
-825
-707
-670
-745
-508
-218
-121
-38
125
435
680
640
676
936
1124
1283
1463
1477
1477
1751
1695
1511
1781
2066
1861
1629
1795
2008
1963
1887
1889
1768
1798
1851
1541
1350
1669
1710
1310
1106
1190
1176
966
900
796
626
552
494
373
336
409
185
-103
-79
70
-64
-306
-293
-228
-397
-565
-577
-609
-631
-701
-827
-885
-855
-889
-1059
-1166
-1039
-871
-1146
-1363
-1353
-1214
-1175
-1332
-1341
-1244
-1225
-1170
-1138
-1326
-1256
-999
-1256
-1577
-1016
-744
-1201
-1102
-1098
-1299
-865
-747
-1265
-1290
-808
-579
-687
-950
-974
-872
-635
-222
-357
-513
-194
-35
-109
148
285
254
405
666
744
499
571
1019
1186
1044
953
778
970
1506
1472
1064
1048
1515
1681
1371
1259
1366
1637
1748
1538
1312
1386
1641
1612
1396
1287
1383
1334
1205
1167
1186
1118
976
884
859
781
699
662
597
480
355
185
57
192
241
-32
-267
-223
-265
-433
-588
-599
-554
-638
-793
-954
-1077
-1064
-1071
-1234
-1318
-1264
-1238
-1442
-1518
-1259
-1220
-1577
-1508
-1176
-1403
-1293
-1112
-1516
-1402
-962
-1108
-1335
-1327
-1101
-910
-1058
-978
-836
-1068
-1038
-802
-722
-683
-577
-642
-899
-853
-397
-240
-478
-399
-261
-181
23
80
30
201
445
605
500
347
728
1184
1087
996
939
812
1339
1640
1246
1177
1374
1478
1566
1451
1314
1476
1568
1587
1534
1243
1425
1670
1470
1372
1382
1238
1201
1326
1253
1133
1035
975
931
798
732
694
582
559
540
312
167
213
177
27
-143
-239
-325
-429
-484
-591
-779
-767
-848
-1068
-1082
-1098
-1091
-1112
-1274
-1333
-1199
-1384
-1425
-1312
-1448
-1457
-1426
-1480
-1377
-1301
-1238
-1281
-1365
-1190
-1106
-1174
-1158
-1232
-1106
-886
-990
-1017
-1057
-1083
-923
-808
-804
-739
-618
-586
-646
-705
-551
-263
-116
-94
-176
-222
-32
351
399
294
409
488
714
941
904
920
980
1013
1243
1323
1178
1153
1347
1549
1553
1369
1300
1372
1584
1661
1398
1241
1433
1585
1516
1329
1290
1456
1395
1242
1202
1121
1114
1198
1009
813
829
823
671
614
553
432
340
259
188
118
-50
-121
-153
-313
-387
-447
-608
-675
-713
-836
-874
-940
-1029
-1118
-1257
-1330
-1180
-1158
-1282
-1393
-1424
-1283
-1157
-1211
-1438
-1467
-1186
-1127
-1308
-1219
-1255
-1207
-953
-990
-1180
-1173
-1024
-929
-877
-820
-955
-1082
-954
-630
-554
-724
-785
-572
-393
-525
-588
-440
-104
41
-80
-261
-109
350
534
238
213
690
875
782
777
748
928
1193
1060
889
1041
1274
1311
1225
1169
1261
1316
1273
1328
1395
1389
1406
1376
1336
1390
1399
1301
1359
1430
1348
1192
1094
1210
1203
1008
883
790
804
828
649
439
422
492
328
103
-26
-13
7
-170
-334
-415
-454
-577
-627
-769
-877
-957
-1127
-1083
-1064
-1226
-1280
-1283
-1361
-1278
-1295
-1477
-1433
-1276
-1270
-1345
-1404
-1269
-1292
-1282
-1047
-1220
-1387
-1082
-981
-1048
-889
-980
-950
-718
-721
-756
-774
-707
-490
-363
-433
-471
-397
-283
-218
-286
-111
31
62
130
142
99
296
506
406
497
622
609
681
711
707
789
801
756
831
848
945
1067
1003
1020
1154
1119
1122
1211
1184
1208
1277
1215
1284
1349
1328
1299
1298
1286
1270
1227
1174
1239
1120
1073
1017
872
861
856
671
544
500
365
245
114
3
-73
-140
-230
-400
-479
-513
-685
-819
-799
-875
-945
-993
-1063
-1150
-1195
-1135
-1227
-1310
-1239
-1375
-1334
-1170
-1252
-1344
-1339
-1415
-1338
-1296
-1292
-1230
-1191
-1230
-1161
-1005
-1003
-989
-968
-984
-868
-608
-672
-789
-606
-421
-381
-409
-349
-220
-158
-38
-19
-70
121
353
328
311
321
393
498
568
707
741
601
765
921
787
770
887
888
878
947
991
958
1006
1185
1192
1055
1142
1306
1208
1197
1267
1248
1172
1156
1212
1160
1091
1129
1104
994
959
1018
867
788
857
792
633
524
473
381
308
178
95
-94
-153
-121
-289
-418
-370
-494
-717
-703
-727
-826
-883
-970
-952
-941
-1117
-1183
-1095
-1181
-1286
-1246
-1217
-1226
-1253
-1237
-1308
-1382
-1184
-1194
-1357
-1215
-977
-1093
-1129
-1081
-1025
-842
-753
-869
-893
-730
-597
-474
-586
-685
-468
-226
-161
-180
-197
-156
-65
22
47
21
91
310
404
267
283
420
486
642
662
545
588
750
812
786
813
831
910
952
938
949
1088
1165
1120
1109
1122
1157
1241
1287
1207
1183
1191
1244
1240
1241
1199
1089
1122
1155
1040
948
993
924
859
809
631
513
510
522
376
245
198
94
-21
-127
-170
-202
-428
-618
-561
-652
-789
-751
-841
-1058
-1079
-1113
-1251
-1236
-1251
-1334
-1438
-1417
-1261
-1402
-1474
-1430
-1360
-1283
-1447
-1510
-1299
-1201
-1241
-1112
-1182
-1247
-996
-809
-958
-929
-615
-680
-713
-354
-354
-593
-363
-61
-97
-128
-85
43
135
230
259
169
247
483
536
388
349
478
575
647
630
652
730
719
743
783
741
692
700
781
808
847
875
872
905
905
868
902
1036
1078
1044
1029
1066
1141
1137
1074
1047
1086
1141
1092
1022
1027
1039
938
870
859
849
710
668
639
536
498
390
268
262
217
26
-103
-230
-326
-340
-491
-703
-800
-822
-932
-1042
-1092
-1191
-1199
-1197
-1272
-1411
-1330
-1324
-1486
-1417
-1399
-1500
-1422
-1236
-1364
-1468
-1313
-1238
-1211
-1191
-1222
-1126
-956
-947
-915
-830
-827
-728
-638
-583
-547
-463
-267
-176
-170
-151
17
51
146
244
215
208
331
410
461
496
452
547
595
528
571
692
631
668
759
732
573
609
869
921
770
705
763
843
1008
1018
811
804
1049
1137
1003
970
1094
1170
1154
1136
1093
1062
1173
1216
1084
994
1029
982
893
918
828
734
705
638
671
573
312
293
360
205
26
-127
-238
-287
-347
-509
-662
-773
-871
-970
-1084
-1132
-1161
-1333
-1326
-1321
-1523
-1415
-1361
-1698
-1625
-1315
-1621
-1701
-1357
-1400
-1511
-1325
-1349
-1387
-1193
-1193
-1256
-994
-889
-964
-831
-672
-671
-500
-383
-462
-340
-29
-39
-195
-42
209
219
178
338
356
376
479
490
449
599
644
614
659
652
674
678
713
768
801
791
782
796
890
908
866
908
951
951
964
944
988
1027
965
942
994
1004
1036
1041
988
1003
985
944
956
892
849
890
802
738
747
698
597
519
521
488
347
228
245
125
15
-38
-191
-327
-317
-409
-648
-720
-707
-819
-887
-870
-1213
-1338
-964
-1055
-1351
-1386
-1418
-1363
-1277
-1408
-1394
-1342
-1363
-1274
-1268
-1315
-1229
-1132
-1171
-995
-811
-965
-961
-690
-567
-552
-604
-631
-392
-140
-218
-325
-227
-22
134
37
8
198
341
341
367
382
416
474
519
559
545
542
561
598
664
672
613
610
658
692
680
633
585
678
699
565
547
602
606
633
618
589
553
656
737
651
637
706
675
574
711
726
613
645
739
694
613
643
630
593
636
700
599
455
581
682
460
293
355
300
159
186
117
-38
-164
-211
-240
-356
-448
-532
-622
-786
-847
-731
-846
-1104
-1032
-955
-1093
-1138
-1163
-1233
-1218
-1133
-1170
-1146
-1206
-1247
-1058
-1031
-1151
-1188
-1048
-844
-900
-929
-782
-788
-657
-430
-618
-695
-267
-150
-275
-171
-105
-59
96
98
121
237
294
367
445
414
556
642
546
654
755
664
685
843
800
704
714
798
800
796
765
652
684
815
744
593
533
649
670
537
466
489
492
503
484
372
329
420
441
352
298
318
374
405
359
331
324
283
347
362
266
230
327
301
206
192
177
133
119
115
10
15
18
-120
-107
-97
-247
-277
-220
-351
-380
-399
-546
-646
-582
-610
-648
-612
-721
-840
-818
-789
-789
-785
-853
-994
-868
-694
-859
-919
-834
-812
-750
-646
-624
-739
-730
-487
-407
-537
-429
-316
-402
-257
-142
-207
-297
-121
34
-23
-53
-80
-14
139
269
325
283
368
548
549
492
554
554
557
682
601
533
624
664
545
594
654
547
555
620
612
487
427
511
440
312
327
352
308
381
330
227
249
301
324
307
280
249
339
328
229
285
343
237
176
253
220
201
219
201
157
144
230
180
117
129
56
5
84
21
-96
-97
-154
-180
-165
-258
-303
-306
-297
-307
-435
-530
-489
-465
-508
-624
-663
-567
-571
-607
-583
-752
-691
-467
-582
-687
-594
-634
-629
-492
-546
-653
-566
-502
-447
-330
-356
-413
-283
-173
-170
-144
-159
-108
36
128
131
118
186
296
240
246
384
389
365
447
470
502
530
481
434
478
502
513
509
431
427
422
401
324
236
261
236
164
193
226
126
105
162
85
73
70
58
41
76
93
20
20
82
115
84
117
116
77
122
131
71
59
96
125
135
102
100
138
134
152
152
85
43
132
164
61
15
13
34
19
-35
-167
-181
-142
-148
-201
-284
-267
-302
-340
-298
-343
-441
-384
-387
-374
-385
-509
-530
-472
-387
-393
-503
-470
-254
-358
-459
-330
-291
-261
-162
-260
-198
-21
-13
-37
-17
39
193
134
83
250
277
231
281
299
333
410
335
343
375
394
388
349
289
373
373
212
244
234
153
174
163
100
59
96
55
40
18
-30
-71
-97
-49
-94
-164
-195
-187
-118
-156
-182
-157
-129
-94
-95
-142
-178
-90
-58
-58
-31
-9
14
48
83
109
99
120
207
209
200
195
199
223
242
228
174
162
205
240
192
156
182
152
138
143
53
-16
21
-40
-103
-144
-162
-150
-216
-284
-335
-336
-227
-283
-479
-431
-321
-372
-337
-384
-415
-276
-236
-259
-257
-184
-159
-60
-6
-8
37
64
85
203
255
158
142
240
304
319
288
234
275
313
313
291
244
294
335
204
153
203
168
144
79
-16
8
15
-111
-168
-151
-159
-116
-205
-264
-203
-199
-215
-227
-233
-232
-216
-207
-178
-206
-207
-189
-152
-113
-96
-112
-70
37
57
13
10
70
118
159
139
128
162
222
221
201
202
209
224
260
243
182
171
140
166
211
80
21
55
11
76
88
-83
-104
-35
-110
-141
-169
-244
-148
-153
-210
-150
-170
-247
-154
-143
-254
-172
-187
-198
-106
-35
-9
-79
-59
81
165
107
165
143
76
298
340
236
247
284
294
349
298
227
218
238
289
243
136
119
160
99
64
31
-72
-110
-135
-166
-232
-292
-255
-297
-325
-306
-327
-385
-392
-329
-365
-380
-360
-339
-304
-325
-294
-318
-281
-183
-166
-210
-150
-76
-86
-38
-14
28
74
74
86
123
118
163
175
183
213
247
230
257
286
248
275
269
241
272
261
184
184
239
173
193
110
35
119
135
37
20
-26
-77
11
-7
-51
-52
-82
-54
-2
-47
-14
4
-94
3
46
-72
9
101
74
141
179
98
142
230
289
231
158
233
296
194
206
208
113
184
182
58
60
83
34
3
-29
-60
-70
-99
-116
-117
-191
-201
-196
-255
-253
-285
-337
-345
-322
-369
-399
-402
-397
-374
-376
-372
-388
-353
-320
-300
-296
-239
-191
-203
-178
-153
-100
-33
1
-11
10
32
64
74
102
136
130
84
110
159
136
144
169
126
126
148
101
103
176
137
95
85
89
108
96
140
105
81
61
60
52
66
80
74
119
111
136
175
141
179
209
185
222
276
223
199
270
280
256
263
294
294
313
310
296
267
256
276
212
145
120
73
34
29
-3
-85
-158
-140
-131
-164
-205
-254
-275
-275
-279
-335
-335
-358
-359
-364
-403
-405
-390
-411
-416
-372
-381
-345
-318
-318
-263
-219
-259
-243
-186
-157
-123
-132
-145
-54
-30
-31
-23
-23
34
62
35
26
69
51
82
88
64
63
41
42
82
47
17
49
15
34
72
25
2
69
55
30
58
42
35
87
85
96
130
122
131
164
160
242
246
223
282
309
332
348
337
314
369
352
333
351
338
335
361
327
320
321
311
276
255
230
227
191
126
94
38
1
4
-33
-78
-86
-116
-158
-181
-195
-221
-259
-286
-284
-298
-314
-291
-299
-321
-347
-355
-336
-303
-321
-304
-282
-279
-231
-235
-250
-253
-228
-235
-239
-198
-202
-164
-128
-134
-170
-163
-151
-152
-128
-159
-147
-157
-171
-151
-142
-152
-179
-160
-185
-157
-99
-88
-92
-95
-46
-33
-7
26
74
89
74
98
137
136
165
184
205
238
291
288
296
342
385
373
394
408
399
388
383
387
405
405
396
370
340
362
354
350
346
354
323
276
262
222
214
198
180
128
98
83
58
17
-40
-53
-78
-122
-138
-118
-171
-205
-209
-230
-246
-225
-240
-281
-258
-254
-292
-285
-256
-246
-238
-243
-246
-264
-253
-259
-265
-280
-294
-298
-314
-287
-289
-321
-315
-294
-297
-310
-307
-332
-315
-274
-268
-256
-245
-243
-213
-161
-166
-149
-87
-53
-46
-29
11
59
44
91
93
110
150
193
159
197
259
255
278
282
299
313
363
386
371
383
406
375
345
364
360
304
342
314
300
309
319
321
303
284
250
243
217
219
179
123
141
130
110
106
112
119
73
33
25
-10
-24
-30
-73
-80
-68
-78
-111
-111
-101
-121
-114
-133
-129
-132
-138
-148
-187
-189
-199
-212
-219
-245
-275
-279
-272
-313
-342
-338
-343
-340
-335
-363
-399
-372
-330
-356
-363
-313
-329
-353
-295
-284
-293
-272
-240
-184
-146
-121
-135
-113
-52
-34
8
51
80
111
163
212
240
241
251
275
319
335
360
382
367
397
435
422
419
388
376
393
331
306
322
290
262
281
233
178
181
178
152
155
137
96
82
63
80
87
78
89
84
49
18
-11
-13
24
-17
-56
-32
-44
-70
-54
-59
-62
-39
-60
-77
-50
-58
-64
-88
-114
-119
-128
-142
-144
-119
-172
-174
-211
-241
-223
-226
-284
-290
-275
-290
-300
-323
-327
-311
-324
-314
-356
-357
-310
-307
-295
-227
-215
-233
-175
-176
-181
-127
-129
-108
-36
-43
-2
24
61
68
119
135
149
196
225
222
226
263
266
266
269
314
290
301
335
317
318
321
308
295
277
254
226
217
214
193
150
187
171
141
125
106
98
96
108
69
59
55
58
76
83
46
29
26
43
52
35
30
42
38
23
30
49
41
18
18
46
26
-5
-40
-58
-18
1
-66
-117
-93
-77
-106
-147
-163
-211
-198
-204
-230
-237
-228
-267
-273
-243
-283
-319
-329
-324
-303
-299
-293
-317
-282
-239
-270
-231
-224
-224
-184
-190
-224
-202
-164
-166
-145
-115
-69
-27
-8
12
15
56
95
103
111
150
170
154
171
188
204
224
222
225
254
231
216
225
230
227
192
197
221
207
236
223
204
190
165
167
157
166
143
125
112
126
150
146
100
80
68
91
108
79
60
72
62
50
52
50
57
20
32
40
22
17
2
-34
-37
-35
-41
-2
-21
-37
-52
-93
-52
-43
-73
-99
-122
-107
-96
-141
-149
-132
-140
-135
-142
-123
-102
-124
-131
-146
-182
-156
-134
-160
-153
-129
-162
-174
-105
-101
-133
-116
-125
-133
-121
-119
-113
-120
-109
-76
-100
-81
-40
-38
-39
-24
-45
-42
-19
-34
-1
24
17
33
22
16
59
52
51
50
69
113
91
95
86
81
78
78
95
65
82
87
102
146
132
126
149
148
145
186
159
133
155
158
153
155
149
149
164
157
161
127
84
96
102
73
89
83
22
38
62
51
47
35
19
3
21
17
-13
-17
-7
12
-13
12
20
-48
-27
-20
-76
-72
-66
-74
-62
-69
-98
-98
-94
-106
-114
-126
-147
-146
-114
-133
-140
-175
-196
-161
-178
-195
-191
-194
-210
-172
-170
-202
-198
-185
-180
-180
-160
-154
-152
-149
-152
-131
-119
-112
-98
-79
-56
-77
-62
-21
7
4
22
22
50
94
61
90
136
120
144
169
159
157
199
168
134
185
209
202
195
210
225
239
243
242
221
211
219
192
200
202
166
156
132
140
127
126
106
89
90
56
45
35
26
24
21
-25
-1
37
12
47
28
13
25
6
2
-3
8
11
-11
-20
-3
-12
-38
-36
-18
-19
-60
-64
-73
-93
-73
-106
-136
-136
-140
-143
