1
-10
4
-12
-12
2
-10
-7
-19
-30
-16
-27
-13
-11
-15
-14
-16
-9
-6
-14
-10
-23
-16
-17
-22
-21
-31
-15
-5
-2
-10
-7
-5
-9
-2
5
1
-1
7
-9
2
-3
1
3
-2
11
-3
-6
-18
-17
-17
-7
4
6
10
3
11
1
-2
-12
-21
-16
-8
-21
-21
-19
-23
-26
-15
-1
-5
-10
-1
2
-3
-5
-22
-1
-1
-10
-12
-15
5
15
4
9
9
13
15
11
9
-6
-2
-2
-7
2
2
3
-1
-7
-3
17
5
5
11
2
10
26
22
21
35
22
20
18
10
26
15
13
17
11
12
0
0
-10
-6
-4
1
-2
-2
-8
-13
-5
-15
-17
-11
-14
-23
-9
-7
-2
2
5
6
-9
-4
-5
-6
5
0
4
3
5
8
21
13
11
15
0
1
-3
-8
-11
-7
-8
-11
-9
-8
1
-9
-4
-9
-3
4
1
13
24
27
20
25
22
21
18
11
16
14
12
6
-10
-5
1
0
-8
-26
-13
-12
-13
-14
-6
-6
-5
6
-11
-8
-21
-16
-17
-26
-14
-1
0
1
13
7
4
2
10
6
6
5
2
-8
-4
3
-2
8
9
2
3
2
6
-1
-13
-9
0
3
-11
-2
9
21
18
10
19
32
22
21
20
6
7
6
-1
12
10
1
15
16
12
11
16
0
0
0
-11
-5
-10
3
14
0
-4
-13
-25
-29
-20
-18
-12
-9
-13
-13
-12
-3
-9
-19
-21
-28
-27
-20
-35
-31
-33
-37
-28
-27
-20
-11
3
-11
-15
-2
0
0
14
-1
7
25
17
19
20
17
8
14
15
16
13
10
13
11
7
-11
-1
9
15
26
23
21
12
13
15
-4
-8
1
7
9
13
13
5
8
1
7
8
8
-1
-7
-5
-15
-20
-17
-6
-5
-28
-400
-719
-340
87
62
-69
77
542
744
435
133
38
91
68
-290
-392
-66
73
-110
-123
72
109
36
-42
56
222
194
14
19
274
237
-4
-107
-46
-19
-135
-224
-160
-114
-95
-140
-200
-47
63
-62
-100
58
99
50
57
58
105
46
-17
39
78
86
68
84
108
107
39
13
18
46
75
78
165
253
279
225
171
120
26
-149
-220
-168
-152
-87
-13
26
77
68
-42
-80
-74
-153
-212
-274
-265
-211
-316
-494
-637
-730
-747
-780
-824
-698
-458
-177
69
283
410
472
468
163
-233
-291
-237
-327
-384
-219
156
403
402
414
524
562
450
314
314
383
356
257
317
416
412
331
278
266
222
109
-43
-54
-1
-13
-25
32
172
235
223
210
119
-15
-34
-30
-59
-53
-31
105
244
245
179
22
-157
-178
-223
-237
-61
81
243
473
578
574
505
326
120
-60
-263
-380
-380
-328
-203
-86
19
120
153
150
176
168
163
173
215
241
243
240
181
59
-107
-303
-407
-500
-577
-571
-510
-388
-207
-26
33
62
99
-57
-272
-412
-563
-736
-886
-919
-850
-780
-982
-1391
-1604
-1431
-1288
-1393
-1249
-648
29
476
787
1066
1146
766
118
-108
17
-149
-600
-537
212
631
518
441
651
936
778
480
475
689
667
462
537
815
874
660
562
677
679
369
0
-99
15
-4
-189
-144
201
371
310
348
502
510
335
188
199
284
288
272
363
481
433
294
145
22
-328
-673
-492
-116
72
276
524
819
1159
937
440
144
-108
-413
-734
-795
-486
-195
-53
186
507
678
685
608
483
515
323
-70
-184
-236
-528
-734
-791
-854
-846
-807
-715
-468
-175
-50
-43
-119
-252
-264
-378
-624
-739
-845
-893
-926
-1097
-1284
-1450
-1802
-2204
-2418
-2395
-2125
-1848
-1533
-787
143
761
1199
1445
1140
423
-48
1
-9
-411
-715
-152
822
944
603
723
1181
1249
784
647
1038
1210
936
856
1216
1381
1135
777
767
932
746
293
97
290
380
168
47
300
503
165
84
573
743
478
238
360
711
698
429
298
447
676
410
83
207
321
210
71
212
408
411
365
305
320
280
-24
-394
-367
-264
-391
-393
-163
150
383
525
696
821
722
471
182
-169
-562
-975
-1235
-1144
-968
-802
-601
-509
-464
-473
-694
-889
-968
-1094
-1140
-1006
-820
-758
-753
-683
-728
-730
-789
-1125
-1255
-1169
-1271
-1431
-1589
-1837
-2009
-1946
-1726
-1566
-1404
-777
190
782
1175
1436
1127
390
-25
101
247
-72
-454
154
1312
1491
987
994
1398
1460
859
592
1071
1395
1053
766
1201
1517
1198
713
716
1128
1029
449
264
586
762
500
272
476
786
592
253
263
-19
-305
49
288
463
721
778
854
964
941
616
183
110
-7
-187
-52
102
63
-18
148
221
72
-99
-265
-340
-168
40
93
284
776
950
928
822
414
46
-386
-821
-1208
-1388
-1389
-1345
-944
-326
-144
-15
128
-129
-431
-880
-1383
-1603
-1688
-1733
-1633
-1354
-1061
-986
-723
-592
-681
-771
-989
-1075
-1192
-1292
-1284
-1504
-1630
-1748
-1982
-1898
-1634
-1579
-1326
-424
557
1154
1411
867
192
464
861
515
-151
-200
842
1654
1399
947
1224
1636
1306
718
717
1245
1190
680
757
1389
1528
1150
975
1331
1675
1312
730
685
949
743
318
218
331
146
-290
-80
619
915
590
491
1080
1569
1281
693
313
228
205
-73
-383
-317
-255
-368
-105
235
414
401
362
608
855
639
313
167
148
139
-34
-210
-57
64
-95
-244
-351
-519
-718
-848
-996
-951
-670
-666
-371
12
-62
-62
-481
-910
-996
-1465
-1856
-1961
-2070
-1849
-1543
-1245
-868
-628
-470
-523
-658
-737
-987
-1345
-1551
-1602
-1660
-1636
-1604
-1761
-1920
-1860
-1586
-1410
-1031
-199
727
1584
1674
765
293
806
1152
497
-383
-124
1138
1618
1111
987
1496
1832
1332
785
1140
1479
1051
580
827
1365
1293
864
836
1374
1585
1126
658
690
787
454
204
234
370
146
-393
63
1091
1187
686
640
1080
1434
978
268
208
374
348
223
170
549
760
366
257
540
536
257
235
483
948
998
637
454
430
180
-363
-766
-824
-720
-666
-521
-215
-143
-429
-781
-952
-1093
-1382
-1501
-1340
-960
-440
-294
-575
-798
-1201
-1797
-2074
-2310
-2452
-2413
-2128
-1434
-839
-527
-185
-208
-422
-473
-787
-1163
-1544
-1784
-1749
-1577
-1287
-1282
-1508
-1333
-1003
-701
-258
222
698
1198
1104
451
47
308
675
616
382
811
1709
2063
1863
1566
1539
1531
1227
948
1076
1299
1243
990
1017
1213
1130
733
566
769
927
798
712
948
762
155
117
515
584
340
262
710
1350
1285
705
605
922
1121
831
429
541
757
573
475
585
593
539
425
414
663
668
246
99
313
417
182
-217
-431
-307
-241
-265
-223
-213
-294
-431
-632
-826
-1170
-1541
-1814
-1799
-2519
-3765
-3201
-2221
-629
798
807
1835
2350
1106
96
-1757
-2930
-2704
-3378
-2958
-1809
-990
66
308
315
330
-289
-1352
-1914
-1816
-1898
-1783
-1625
-1384
-1108
-1107
-991
-730
-283
-48
196
825
473
-452
-891
-774
-41
136
42
954
2194
2614
2470
2061
1805
1802
1095
632
1016
1366
1424
1214
1295
1783
1766
1076
551
610
807
691
654
1135
1669
1338
580
772
1339
1173
604
261
768
1442
1102
764
901
941
593
107
-127
232
471
-99
35
968
1078
1178
987
815
1374
836
152
238
32
-280
-599
-960
-875
-572
-823
-816
-243
-140
-187
-161
-339
-511
-779
-1161
-1328
-1148
-1166
-1365
-1211
-1371
-1399
-1130
-1389
-1469
-1502
-1754
-1641
-1497
-1674
-1618
-1483
-1397
-1046
-817
-799
-741
-932
-1311
-1303
-1419
-1912
-2260
-2412
-2242
-2238
-2293
-1965
-1336
-717
-368
-43
398
936
1422
1363
387
-374
-186
353
514
210
396
1331
2120
2191
2034
2090
2109
1872
1495
1447
1723
1696
1328
1272
1579
1704
1507
1123
1090
1250
1172
977
949
1036
1097
1057
946
550
-282
-81
507
759
869
796
569
468
750
880
958
1037
935
1239
1827
1869
1733
990
220
383
64
-281
-255
-513
-236
179
26
-156
18
-209
-419
-49
-178
-278
-66
-351
-306
-294
-727
-1059
-1189
-1250
-1336
-1304
-1552
-1690
-1596
-1575
-1351
-1180
-1323
-1329
-1258
-1151
-847
-1147
-1451
-1339
-1519
-1597
-1377
-1337
-1254
-1160
-1087
-1034
-1146
-1405
-1860
-2230
-2131
-2224
-2519
-2355
-2169
-1803
-1147
-798
-486
55
768
1463
1526
642
-127
-60
342
322
-46
99
949
1772
1993
2034
2148
2184
1952
1596
1565
1684
1606
1167
1152
1617
1674
1505
1216
1220
1423
1112
363
314
993
1137
552
352
847
1336
1339
982
1143
1567
1662
1288
1085
1185
1283
952
442
616
982
938
859
760
797
869
596
349
303
176
-10
-104
-89
-142
-333
-504
-497
-354
-365
-646
-740
-640
-538
-619
-915
-964
-912
-1061
-1227
-1065
-872
-813
-1016
-1240
-1130
-1103
-1617
-1875
-1731
-1561
-1293
-1379
-1259
-987
-1195
-1248
-997
-847
-580
-798
-1145
-777
-672
-991
-1613
-2014
-1884
-1862
-2075
-2073
-1901
-1943
-1804
-1486
-1080
-634
-329
125
860
1219
462
-430
-418
284
410
72
256
1168
2083
2141
2047
2058
1996
1696
1161
1166
1482
1436
1041
1055
1474
1728
1445
648
682
1477
1665
1022
904
1560
2006
1530
585
586
1025
899
488
386
728
1465
1290
992
1515
1781
1598
1029
649
868
857
376
-75
53
259
180
-24
-81
105
114
-96
-102
-11
-198
-435
-460
-302
-242
-520
-927
-787
-584
-839
-1028
-1270
-1350
-1148
-1109
-1131
-877
-929
-992
-990
-949
-768
-1122
-1670
-1904
-1724
-1608
-1571
-1361
-1240
-782
-272
-544
-824
-962
-1075
-1031
-1306
-1549
-1349
-1178
-1135
-1404
-1525
-1190
-967
-1349
-1792
-1629
-1244
-1111
-1144
-1010
-208
546
669
-580
-2128
-1515
486
2025
2940
3819
4804
5075
4235
3092
1848
250
-1075
-1718
-1604
-671
19
-131
108
945
1260
860
1065
1765
2131
1917
1724
2335
2315
1246
584
305
248
116
-647
-496
654
1177
1006
937
1432
1837
1770
1543
1499
1473
825
371
150
17
74
-245
-469
-33
372
171
10
225
334
161
-105
-99
-4
-314
-494
-448
-520
-909
-1428
-1783
-1876
-1658
-1808
-1886
-1308
-905
-782
-496
-305
-191
-576
-1239
-1256
-1421
-2136
-2435
-2243
-1753
-1174
-1085
-1052
-340
256
112
-366
-915
-1195
-1238
-1443
-1349
-1204
-1298
-1172
-780
-398
-117
-215
-775
-1140
-1057
-823
-540
-305
-116
-200
-753
-756
-115
189
111
121
812
1925
2528
2537
2261
2185
2228
1877
1292
1015
988
833
618
751
995
1008
868
906
882
927
852
852
1415
1583
1104
876
893
1257
1279
642
601
1074
1220
1070
842
799
1022
1002
815
1045
1248
983
778
612
539
452
-76
-547
-433
-428
-683
-681
-394
-167
-108
-116
1
257
120
-388
-543
-580
-717
-987
-1421
-1391
-980
-1145
-1394
-1409
-1375
-1290
-1230
-1270
-998
-833
-1103
-1030
-923
-902
-939
-1271
-1280
-938
-1049
-1382
-1417
-1016
-747
-851
-1110
-1165
-886
-993
-1360
-1576
-1464
-1100
-898
-955
-655
-168
-238
-595
-889
-877
-715
-438
-303
-51
-308
-886
-766
-281
134
213
461
1326
2368
2799
2687
2615
2500
2278
1781
1192
931
890
747
735
945
1001
1025
1029
1054
886
674
846
1406
1831
1685
1161
1237
1702
1549
1073
520
415
760
600
381
530
678
730
791
910
1187
1236
790
496
652
565
167
-225
-481
-313
-351
-707
-647
-407
-245
-337
-494
-357
-320
-184
-360
-571
-342
-647
-944
-976
-1286
-1217
-1172
-1243
-953
-900
-1042
-1027
-1137
-1217
-1362
-1702
-1918
-1677
-1345
-1171
-869
-818
-716
-406
-585
-608
-804
-1175
-1194
-1127
-1047
-1131
-1264
-1394
-1387
-1153
-1138
-1137
-980
-642
-147
-484
-941
-885
-821
-463
-285
-182
-29
-620
-754
-257
428
698
493
874
1847
2616
2662
2209
1863
1750
1558
1189
944
991
962
825
1033
1347
1386
1084
822
885
1115
1005
447
184
1047
1564
1165
1170
1262
1466
1658
1068
632
675
525
576
543
694
1207
1196
921
1148
1293
776
408
239
23
206
3
-334
-12
169
38
19
18
-100
-177
-571
-790
-457
-620
-769
-541
-366
-263
-417
-776
-860
-841
-1099
-1536
-1769
-1671
-1464
-1166
-1185
-1095
-726
-817
-949
-803
-1054
-1376
-1456
-1525
-1196
-949
-1107
-1011
-722
-478
-561
-936
-1451
-1572
-1278
-1525
-1490
-1343
-1339
-833
-587
-414
35
-312
-727
-1030
-1284
-985
-927
-913
-746
-756
-928
-741
138
655
653
875
1515
2382
2621
2326
1997
1966
1971
1594
1258
1115
1213
1096
746
771
843
734
637
750
1141
1121
733
984
1712
1951
1624
1265
1174
1368
1162
638
323
387
533
581
700
1096
1309
1096
989
1067
924
702
404
227
385
463
288
122
116
88
-17
-198
-297
-296
-428
-509
-374
-265
-156
-111
-212
-215
-260
-355
-663
-1022
-1432
-1566
-1451
-1306
-994
-904
-745
-492
-457
-520
-707
-954
-975
-1165
-1349
-1372
-1474
-1159
-962
-1189
-1050
-844
-770
-903
-1063
-1197
-1435
-1422
-1626
-1694
-1631
-1820
-1670
-1519
-1124
-466
-786
-1264
-1255
-1259
-977
-737
-582
-613
-1069
-1071
-382
392
531
325
824
1746
2548
2722
2308
2188
2134
1808
1414
1147
1030
867
651
756
1068
1189
1099
1057
1317
1600
1580
1344
1239
913
599
851
1019
867
521
546
1141
1409
1026
519
290
729
982
743
681
892
1194
1046
791
770
595
379
32
-72
130
193
96
70
324
382
176
42
-75
13
-82
-438
-344
-260
-302
-349
-543
-453
-459
-898
-1196
-1191
-929
-779
-817
-737
-472
-430
-679
-931
-862
-927
-1162
-1236
-1502
-1518
-1394
-1534
-1742
-1441
-1125
-910
-676
-679
-572
-551
-853
-1058
-1292
-1653
-1885
-1902
-1753
-1337
-1044
-1340
-1477
-1547
-1606
-1370
-1294
-994
-317
-192
-552
-356
230
666
752
613
964
1905
2184
1981
1813
1698
1608
1347
921
889
1088
906
779
956
1235
1411
1307
1110
1206
1423
1364
962
918
1027
868
832
768
822
994
900
934
1090
1042
882
656
635
950
1198
1095
995
1105
972
723
593
384
214
117
87
134
309
274
254
322
211
127
73
-20
25
-67
-349
-544
-589
-553
-591
-661
-728
-711
-608
-514
-426
-433
-487
-559
-567
-781
-821
-752
-1102
-1127
-973
-1097
-1163
-1252
-1277
-975
-982
-1419
-1377
-873
-701
-643
-1049
-1322
-797
-963
-1419
-1556
-1973
-1736
-1749
-1964
-1626
-1561
-1692
-1844
-2000
-1568
-938
-439
-411
-1047
-1059
-449
283
473
133
503
1553
2305
2413
2171
1935
1891
1613
1102
893
836
657
523
624
1076
1478
1406
1261
1475
1672
1622
1391
1237
1298
1238
1134
847
306
348
363
64
295
388
424
717
646
800
1134
1159
1245
1193
1164
1348
1236
759
277
92
-138
-155
-55
-232
56
457
489
607
618
450
516
422
169
134
-9
-140
-213
-416
-570
-797
-893
-916
-823
-584
-409
-35
89
46
96
-116
-441
-824
-1249
-1510
-1681
-1776
-1745
-1626
-1488
-1475
-1320
-1111
-1018
-926
-747
-679
-762
-693
-903
-1080
-1161
-1608
-1863
-2047
-2118
-1910
-2226
-2603
-2604
-2506
-2124
-1496
-602
20
-305
-479
203
1180
1282
567
489
1367
2040
1992
1575
1341
1531
1324
792
665
835
730
386
421
951
1390
1301
1143
1498
1901
1930
1686
1497
1470
1244
906
692
591
385
-4
-105
-71
30
283
350
554
964
1308
1598
1737
1780
1782
1609
1315
949
565
220
-76
-155
-257
-212
10
296
539
516
564
621
615
555
421
280
174
-74
-164
-335
-628
-748
-1076
-1286
-1101
-931
-628
-197
38
225
255
83
-207
-601
-976
-1300
-1592
-1923
-1979
-1801
-1691
-1338
-1257
-1244
-1003
-831
-610
-613
-874
-746
-779
-962
-1365
-1852
-1849
-2021
-2118
-2008
-2311
-2495
-2414
-2313
-1953
-1469
-914
-99
163
-313
-558
-117
497
466
78
320
1382
2071
2057
1791
1642
1733
1579
1027
748
891
815
519
632
1130
1425
1339
1201
1339
1721
1741
1420
1296
1386
1307
1216
822
363
651
809
622
542
384
425
604
397
560
753
739
1076
1362
1559
1825
1707
1359
1042
928
452
58
-98
-173
102
233
172
328
514
513
433
204
50
47
-41
-207
-266
-335
-586
-748
-910
-946
-907
-888
-822
-502
-244
38
250
-9
-160
-335
-619
-1021
-1569
-1964
-2059
-1920
-1813
-2002
-1943
-1517
-1159
-1008
-828
-846
-1024
-1070
-1023
-1032
-1174
-1595
-1913
-2036
-1968
-1851
-2383
-2824
-2652
-2378
-2104
-1540
-818
-6
127
-517
-423
489
1051
692
309
902
1980
2270
1901
1538
1626
1735
1179
735
772
931
821
594
952
1477
1613
1435
1418
1795
2033
1869
1530
1528
1525
1144
853
782
712
582
485
356
233
23
-166
-97
409
858
1045
1267
1882
2389
2380
2061
1610
1248
824
301
-196
-496
-473
-364
-256
82
345
432
533
483
479
466
457
423
339
230
-117
-394
-563
-973
-1187
-1167
-1116
-732
-627
-538
-124
-141
-256
-285
-652
-560
-642
-1272
-1368
-1563
-1792
-1763
-1944
-2057
-1897
-1782
-1650
-1356
-1153
-1253
-1151
-1147
-1279
-1174
-1523
-1458
-1362
-1719
-1609
-1796
-2301
-2574
-2821
-2918
-2830
-2288
-1514
-450
0
-467
-106
816
1343
1123
661
1002
1917
2087
1761
1591
1587
1550
1234
765
731
976
758
520
854
1247
1515
1541
1459
1936
2273
2202
1958
1869
1847
1648
1279
965
857
726
306
-188
-44
519
668
547
815
1323
1754
1788
1622
1623
1708
1641
1419
1212
1105
896
473
155
109
34
-129
-28
89
247
580
478
393
509
247
16
-145
-445
-618
-804
-1045
-1017
-953
-994
-880
-750
-678
-412
-165
-145
-57
-232
-484
-454
-745
-1248
-1546
-1984
-2079
-1946
-2057
-1990
-2030
-1969
-1583
-1438
-1338
-1013
-982
-920
-876
-878
-1009
-1126
-1440
-1980
-2306
-2555
-2565
-2785
-3098
-2866
-2449
-2057
-1498
-904
-105
390
-171
-578
-69
702
762
394
631
1524
2186
2123
1868
1817
1785
1422
993
934
1108
1109
791
924
1518
1842
1804
1666
1836
2118
2045
1847
1791
1700
1416
1199
1224
1184
944
530
320
726
955
452
299
572
1086
1596
1367
1284
1728
1902
1926
1690
1383
1328
954
448
255
61
-178
-377
-227
60
382
385
279
647
723
461
151
-78
-156
-294
-515
-698
-710
-880
-1185
-1132
-1010
-975
-753
-582
-302
-14
-146
-485
-738
-1156
-1446
-1587
-1938
-2216
-2347
-2513
-2031
-1535
-1849
-1746
-1397
-1046
-661
-830
-1349
-1480
-1321
-1376
-1487
-1882
-2287
-2179
-2109
-2187
-2410
-2862
-2783
-2312
-2268
-1969
-1215
-293
211
-313
-510
351
1230
1139
545
874
1937
2319
2035
1555
1561
1793
1277
796
863
1188
1160
787
958
1606
1961
1737
1551
1900
2238
2160
1849
1830
2138
1952
1474
1069
1011
1057
795
326
416
1049
1238
733
319
753
1475
1628
1412
1397
1482
1801
1730
1415
1262
1023
615
220
135
-6
-314
-565
-514
-51
353
452
494
569
590
388
-44
-375
-562
-847
-1095
-1099
-1065
-971
-877
-764
-510
-446
-419
-434
-498
-428
-688
-957
-1088
-1170
-1374
-1639
-1878
-2056
-2139
-2186
-2223
-2074
-1817
-1790
-1334
-1038
-1070
-1024
-1116
-1092
-937
-1334
-1642
-1661
-1972
-2043
-2223
-2530
-2704
-2857
-2896
-2457
-1992
-1537
-826
150
455
-161
-357
171
956
1023
627
1121
2110
2405
2305
1962
1680
1647
1116
705
1019
1442
1359
1093
1389
1926
2172
1849
1477
1718
1912
1932
1901
1878
1958
1916
1609
1442
1169
887
710
579
642
753
819
943
1164
1264
1370
1386
1418
1326
1286
1294
1265
1078
751
607
458
262
90
-297
-235
79
170
227
197
185
226
169
-90
-387
-660
-755
-807
-860
-867
-891
-921
-951
-778
-652
-771
-706
-714
-651
-293
-459
-717
-678
-1121
-1323
-1459
-1809
-1912
-2192
-2460
-1995
-1779
-2017
-1707
-1318
-975
-694
-811
-791
-521
-802
-1314
-1425
-1590
-2011
-2317
-2635
-2660
-2744
-3305
-3232
-2628
-2502
-2161
-1557
-384
696
221
-285
415
1698
1906
1173
1143
1852
2399
2228
1638
1563
1619
1109
801
908
1333
1465
974
1034
1824
2201
1921
1649
1846
2262
2339
2189
2192
2330
2060
1676
1563
1572
1372
732
228
474
1042
1055
777
810
1284
1687
1624
1451
1309
1248
1207
979
894
798
571
250
64
19
-160
-330
-344
-149
-19
81
258
357
346
149
-209
-414
-682
-1089
-1167
-1085
-1013
-1088
-1192
-903
-633
-607
-706
-578
-292
-152
-291
-654
-652
-922
-1541
-1892
-2406
-2823
-2831
-3019
-2534
-1868
-1487
-1039
-713
-511
-432
-665
-1147
-1281
-1389
-1600
-1575
-1629
-1931
-2003
-2298
-2818
-3196
-3519
-3477
-3218
-2618
-1633
-257
819
644
478
980
1712
2060
1327
891
1668
2253
2093
1757
1404
1433
1466
1075
1007
1336
1436
1107
1104
1511
1927
1880
1580
1806
2414
2612
2457
2356
2376
2292
1875
1442
1049
725
486
435
695
1080
1212
1143
1224
1431
1535
1125
672
763
867
1120
1326
1171
1187
1102
784
369
-123
-351
-498
-448
-170
-27
151
372
283
47
-233
-593
-892
-1132
-1250
-1121
-1019
-1100
-1022
-924
-740
-640
-773
-780
-525
-301
-355
-742
-1077
-1190
-1276
-1718
-2168
-2048
-2046
-2074
-1952
-1958
-1621
-1271
-1478
-1610
-1297
-848
-809
-1056
-1152
-1169
-1250
-1556
-1740
-1830
-2131
-2151
-2486
-3009
-2943
-2863
-2896
-2399
-1596
-486
614
702
468
893
1689
1956
1501
1058
1464
2179
2117
1824
1561
1455
1430
1163
1050
1178
1268
1040
1024
1538
1830
1868
1805
1885
2324
2415
2199
2217
2319
2210
1978
1735
1482
1271
995
721
373
-70
-1
426
741
961
1065
1197
1501
1726
1601
1406
1176
1103
926
682
477
122
-252
-612
-749
-490
-276
-234
-159
165
320
268
-8
-460
-630
-865
-1059
-1082
-1192
-1193
-1116
-1155
-1002
-876
-937
-810
-593
-327
-219
-387
-667
-822
-990
-1282
-1644
-1918
-2208
-2556
-2528
-2382
-2084
-1815
-1496
-1149
-747
-536
-446
-656
-1037
-1106
-1231
-1638
-1830
-2030
-2155
-2199
-2644
-3019
-3197
-3079
-2738
-2286
-1486
-332
821
909
699
1252
1929
2150
1633
1315
1923
2399
2215
1893
1619
1522
1277
870
818
1150
1257
1007
1024
1608
1999
1939
1723
1886
2347
2467
2292
2229
2249
2236
1969
1655
1451
1261
909
469
311
197
166
331
510
868
1217
1373
1447
1476
1458
1502
1337
1035
882
653
437
191
-20
-382
-555
-416
-319
-144
-91
-97
56
-48
-218
-367
-826
-1082
-1176
-1387
-1377
-1431
-1523
-1466
-1215
-968
-972
-881
-618
-391
-267
-378
-469
-519
-1009
-1406
-1895
-2234
-2424
-2777
-2829
-2515
-2016
-1519
-1196
-855
-602
-480
-265
-466
-803
-1121
-1430
-1495
-1636
-1903
-2126
-2256
-2263
-2536
-3001
-3024
-2708
-2302
-1871
-1048
172
1320
1706
1165
1112
1739
1944
1461
906
1276
1997
2025
1884
1697
1710
1610
1148
1006
1316
1569
1334
1115
1582
2147
2219
1941
1825
2194
2408
2256
2059
2150
2214
1997
1664
1574
1506
875
67
3
494
662
569
558
1086
1702
1763
1584
1376
1176
1105
934
801
823
643
249
-30
64
92
-233
-399
-348
-74
101
-25
-134
-310
-590
-901
-1208
-1404
-1605
-1690
-1599
-1407
-1144
-1109
-910
-689
-752
-501
-544
-699
-484
-776
-1020
-1102
-1671
-2012
-2259
-2500
-2257
-2133
-2044
-1631
-1211
-1126
-935
-1081
-1205
-835
-968
-1260
-1106
-1140
-1019
-1094
-1658
-1753
-1905
-2226
-2375
-2627
-2833
-2810
-2798
-2604
-1878
-840
187
1176
1412
935
982
1603
1811
1470
1003
1265
2225
2458
2237
1972
1693
1577
1246
937
999
1294
1202
1039
1593
2181
2379
2213
1998
2357
2516
2326
2196
2219
2239
2061
1831
1576
1475
1244
592
152
-8
49
168
205
546
1022
1419
1664
1688
1510
1388
1248
935
670
471
318
157
-98
-294
-337
-326
-245
-193
-209
-150
-116
-320
-435
-632
-945
-1186
-1404
-1385
-1313
-1242
-1166
-975
-819
-646
-661
-836
-810
-712
-649
-741
-920
-1028
-1189
-1577
-1922
-2169
-2421
-2478
-2292
-2097
-1693
-1427
-1285
-1057
-866
-754
-996
-1392
-1416
-1312
-1438
-1540
-1623
-1639
-1577
-1536
-1629
-1501
-1501
-1964
-2286
-2291
-1996
-1700
-1363
-662
413
1390
1570
903
738
1242
1594
1295
874
1234
1883
2098
2152
2010
1867
1776
1416
1218
1467
1721
1590
1461
1786
2163
2309
2129
1996
2205
2339
2296
2279
2228
2082
1743
1447
1384
1308
990
480
361
421
649
615
378
531
833
950
992
1015
1044
1169
1153
1044
904
652
259
-136
-395
-602
-660
-743
-650
-385
-396
-284
-338
-493
-680
-978
-1107
-1307
-1306
-1313
-1192
-815
-782
-772
-746
-774
-688
-874
-951
-941
-1102
-1093
-1087
-1070
-1142
-1477
-1702
-1784
-1915
-1960
-2107
-2053
-1673
-1403
-1579
-1644
-1430
-1162
-846
-870
-990
-643
-587
-819
-918
-1297
-1428
-1577
-1981
-1838
-1401
-1581
-1846
-1946
-1769
-1213
-845
-477
236
1005
1109
629
760
1194
1388
1144
780
1224
1867
1842
1872
1853
1827
1890
1638
1541
1815
1910
1660
1553
1849
2078
2160
2034
2030
2288
2346
2256
2294
2301
2089
1742
1416
1196
1051
724
471
-45
-262
253
402
523
632
589
997
1249
1067
938
606
648
635
279
118
-135
-301
-420
-510
-455
-567
-451
-387
-441
-239
-358
-599
-724
-828
-893
-860
-881
-1058
-866
-698
-692
-625
-849
-1061
-985
-1160
-1294
-1135
-1075
-963
-1032
-1360
-1423
-1570
-1722
-1970
-2049
-2000
-1795
-1312
-1268
-1313
-1195
-1429
-1499
-1307
-1419
-1304
-917
-666
-494
-468
-608
-831
-1091
-1463
-1556
-1449
-1319
-1202
-1423
-1525
-1334
-1126
-976
-536
150
792
1157
837
488
766
1079
922
708
916
1567
2162
2299
2393
2410
2296
2077
1865
1768
1737
1587
1367
1528
1971
2209
2265
2218
2243
2425
2389
2201
1979
1708
1556
1424
1222
924
434
103
333
359
190
32
-64
213
426
561
731
823
850
810
639
498
230
-274
-809
-973
-821
-709
-686
-749
-582
-213
-144
-247
-408
-608
-716
-750
-830
-910
-866
-872
-789
-703
-736
-830
-937
-1122
-1191
-1162
-1200
-1035
-978
-1015
-947
-1093
-1330
-1384
-1677
-1869
-1840
-1928
-1728
-1529
-1545
-1213
-928
-1087
-1073
-1117
-1272
-869
-720
-1053
-780
-685
-689
-499
-853
-939
-858
-1025
-897
-669
-761
-1003
-1257
-1310
-910
-379
-191
127
848
1123
904
553
388
700
892
735
989
1682
2175
2517
2642
2480
2527
2335
1888
1824
1807
1598
1390
1477
1778
2087
2012
1901
2077
2145
2070
1946
1717
1584
1290
783
498
308
370
346
296
503
673
673
633
420
384
455
253
176
162
60
0
-49
-115
-180
-235
-375
-424
-419
-556
-565
-521
-525
-581
-756
-852
-826
-805
-815
-801
-736
-676
-622
-697
-917
-1019
-1183
-1265
-1171
-1304
-1336
-1196
-1288
-1291
-1322
-1480
-1276
-1440
-1587
-1502
-1555
-1437
-1380
-1460
-1536
-1614
-1663
-1456
-1230
-1158
-1110
-895
-585
-250
-139
-230
-198
-210
-179
-275
-439
-461
-495
-454
-271
-147
-338
-571
-736
-673
-419
-159
118
438
724
764
437
367
595
770
784
1020
1534
2077
2349
2510
2552
2506
2401
2078
1933
1999
1908
1758
1605
1658
1819
1755
1579
1484
1537
1563
1438
1238
1144
748
491
513
442
587
531
401
656
659
650
577
182
179
44
-102
-119
-142
-108
-148
-81
-46
-133
-233
-573
-746
-679
-783
-813
-862
-800
-750
-777
-823
-758
-593
-661
-736
-706
-825
-903
-1075
-1253
-1319
-1435
-1525
-1507
-1345
-1288
-1323
-1448
-1429
-1283
-1305
-1542
-1622
-1332
-1094
-1133
-1342
-1602
-1716
-1918
-2157
-2049
-1482
-894
-449
134
742
1136
1030
575
167
47
-54
-352
-387
-267
85
376
479
565
737
622
284
139
-147
-299
-310
-208
-25
167
214
69
38
123
407
712
880
1141
1564
1905
2271
2499
2456
2439
2404
2193
2008
1873
1629
1440
1279
1166
1188
1213
1185
1165
1263
1167
800
599
609
672
652
542
509
791
888
772
526
108
-124
-315
-439
-195
-33
-27
-3
41
174
34
-457
-882
-1047
-998
-990
-1059
-948
-796
-700
-654
-496
-447
-515
-543
-688
-636
-613
-958
-1193
-1357
-1378
-1176
-1234
-1187
-1192
-1205
-1084
-1100
-1218
-1602
-1755
-1727
-1700
-1509
-1483
-1380
-1145
-1058
-1103
-1075
-1010
-958
-961
-777
-445
-189
-43
-58
38
113
-13
-237
-422
-446
-298
-153
-61
141
360
631
994
1136
1237
1189
1011
852
462
193
-144
-467
-339
-239
58
354
438
614
759
939
1065
1176
1349
1581
1934
2157
2280
2310
2064
1886
1651
1542
1584
1516
1404
1306
1303
1232
1022
811
544
385
443
428
453
479
514
724
881
971
1042
973
843
679
385
97
-242
-523
-750
-777
-747
-759
-552
-513
-418
-384
-586
-725
-908
-1031
-1096
-1113
-1113
-1088
-968
-983
-924
-823
-908
-868
-884
-1017
-998
-1123
-1213
-1220
-1342
-1451
-1599
-1717
-2294
-3098
-3377
-3137
-2271
-1168
-344
733
1745
1974
1700
915
-115
-868
-1540
-1990
-1691
-1163
-708
-376
-114
55
190
135
-186
-80
-12
-79
97
246
565
800
721
698
821
854
645
525
458
345
369
338
313
606
838
868
940
901
973
1092
1001
829
648
455
504
748
859
1085
1355
1608
1896
1993
1887
1725
1536
1365
1161
1061
999
916
793
651
597
496
327
193
150
281
513
750
888
1001
1098
1052
862
531
173
-109
-372
-579
-637
-634
-558
-426
-383
-325
-347
-485
-658
-893
-1192
-1335
-1370
-1377
-1243
-1106
-1143
-1122
-1090
-1186
-1153
-1287
-1442
-1522
-1591
-1477
-1220
-1175
-1239
-1305
-1195
-1083
-1244
-1513
-1928
-1958
-1710
-1695
-1533
-1347
-1008
-467
-272
-239
-154
-207
-340
-345
-248
-75
200
219
294
544
617
519
288
161
337
546
676
925
1051
1087
1148
1196
1164
1121
964
843
946
1047
1016
872
623
540
592
450
332
374
511
747
1040
1344
1508
1594
1682
1683
1622
1460
1315
1118
905
874
721
567
508
431
383
397
397
360
426
552
733
870
897
842
790
674
397
138
-158
-403
-506
-530
-569
-512
-464
-396
-216
-99
-73
-195
-386
-585
-706
-966
-1218
-1315
-1435
-1463
-1382
-1483
-1454
-1276
-1208
-1074
-913
-817
-720
-715
-805
-908
-1118
-1346
-1534
-1702
-1903
-1922
-1781
-1604
-1287
-1089
-1042
-867
-693
-544
-499
-538
-523
-413
-351
-373
-385
-389
-352
-323
-370
-190
227
493
676
771
799
927
848
719
690
594
575
689
819
1031
1087
1124
1217
1320
1322
1138
934
796
821
712
575
510
525
612
727
807
866
1135
1307
1431
1574
1465
1340
1144
889
772
661
526
477
455
510
627
612
477
389
336
293
321
295
333
422
389
321
234
134
26
-15
-36
17
30
68
55
-15
-125
-373
-493
-567
-578
-565
-609
-658
-609
-542
-544
-526
-636
-765
-892
-1045
-1180
-1277
-1374
-1377
-1284
-1114
-925
-789
-847
-838
-785
-903
-1073
-1412
-1706
-1745
-1703
-1476
-1283
-1278
-1110
-811
-507
-332
-321
-426
-461
-393
-458
-503
-478
-485
-370
-232
-219
-63
133
197
263
314
391
445
483
581
803
913
898
773
622
624
740
812
860
983
1182
1332
1287
1201
1049
864
864
734
771
898
831
868
902
894
906
751
634
679
808
878
900
960
960
1065
1004
814
691
575
476
323
191
119
-42
-131
-219
-218
-136
-145
-8
133
217
362
326
164
4
-52
-157
-261
-324
-402
-333
-222
-213
-317
-465
-618
-626
-681
-777
-768
-727
-602
-388
-260
-241
-188
-267
-355
-542
-945
-1243
-1498
-1653
-1520
-1399
-1258
-942
-660
-419
-340
-441
-482
-595
-822
-1024
-1121
-991
-841
-836
-866
-723
-333
-149
-230
-312
-243
-48
50
-123
-294
-228
-139
15
43
32
231
253
245
323
151
107
235
309
562
770
976
1226
1333
1329
1185
992
848
810
775
727
852
899
832
768
788
727
629
524
332
360
533
532
629
780
858
1071
1070
865
752
482
137
87
14
-39
95
144
238
433
313
185
149
-35
-59
-114
-288
-243
-115
-88
-38
-24
-179
-301
-406
-547
-524
-510
-553
-445
-302
-234
-128
-149
-205
-157
-213
-369
-459
-596
-723
-730
-836
-808
-727
-698
-602
-581
-615
-618
-636
-690
-689
-646
-622
-570
-543
-501
-393
-355
-362
-489
-672
-779
-699
-547
-487
-292
-2
210
211
81
-13
-178
-386
-517
-505
-247
55
243
354
460
549
477
349
215
257
328
336
468
715
810
840
739
627
692
711
677
687
612
568
580
512
545
449
316
414
519
574
602
518
539
520
422
342
262
349
403
393
442
474
395
300
186
39
-8
-116
-299
-345
-276
-250
-224
-196
-260
-161
14
75
93
-43
-150
-116
-175
-318
-499
-664
-549
-336
-314
-235
-189
-178
-75
-8
-62
-101
-113
-218
-136
-35
-9
-72
-216
-261
-248
-320
-523
-690
-729
-713
-718
-767
-808
-702
-543
-433
-332
-318
-262
-205
-196
-95
-72
-193
-222
-207
-154
-72
-118
-211
-297
-236
-147
-235
-279
-177
-23
204
374
451
527
587
477
319
140
-68
-73
6
114
382
645
875
1020
992
952
843
575
285
162
155
195
246
322
500
746
699
542
463
372
240
286
385
410
496
406
354
494
469
252
4
-200
-289
-370
-438
-386
-282
-258
-120
55
91
89
52
-26
-64
-153
-362
-484
-446
-379
-298
-239
-261
-201
-211
-401
-439
-391
-423
-374
-276
-295
-232
-283
-424
-447
-482
-458
-410
-344
-159
50
103
7
-87
-218
-435
-584
-689
-683
-562
-458
-407
-313
-263
-248
-217
-266
-183
-65
27
114
112
96
155
196
166
184
192
202
272
235
184
169
107
89
107
155
187
229
279
313
317
322
391
396
411
423
362
416
423
418
392
347
295
289
364
379
443
436
434
525
535
409
211
88
24
53
117
160
267
392
407
409
350
209
201
116
27
9
-101
-163
-146
-210
-290
-294
-365
-365
-299
-237
-188
-179
-206
-230
-134
-94
-154
-232
-265
-225
-174
-221
-327
-360
-474
-563
-522
-465
-339
-283
-277
-225
-129
-100
-150
-150
-137
-27
-55
-192
-265
-311
-372
-445
-542
-594
-613
-663
-655
-536
-369
-287
-171
-66
73
233
192
67
39
-31
-107
-136
-109
40
253
325
329
309
222
209
205
216
273
359
424
492
552
435
220
50
33
139
189
254
338
410
471
453
426
362
339
399
506
637
697
658
549
425
234
102
2
-12
120
288
483
557
555
527
353
136
-22
-126
-144
-162
-100
11
82
36
-82
-157
-231
-265
-387
-555
-509
-393
-377
-329
-285
-275
-158
-191
-265
-290
-332
-365
-353
-401
-431
-438
-505
-465
-338
-258
-228
-128
-96
-49
-69
-201
-300
-360
-347
-343
-224
-118
-66
6
-72
-228
-317
-414
-494
-477
-506
-372
-129
-36
79
173
89
-13
-125
-272
-334
-369
-320
-138
98
246
389
490
507
504
359
186
198
244
191
189
218
340
447
375
359
397
383
339
253
280
371
409
355
342
416
414
327
327
330
306
305
259
291
363
380
388
417
396
367
337
261
195
151
72
108
230
233
222
183
45
65
18
-86
-112
-99
-132
-152
-131
-239
-293
-379
-490
-512
-569
-628
-495
-401
-357
-274
-264
-272
-169
-188
-295
-283
-330
-312
-317
-398
-360
-311
-309
-342
-370
-311
-233
-198
-227
-223
-222
-255
-209
-202
-217
-190
-239
-243
-168
-175
-226
-173
-116
-113
-150
-269
-290
-239
-276
-245
-196
-175
-84
-5
-1
20
73
85
180
291
359
456
515
480
472
408
249
187
130
183
342
363
427
508
466
367
301
173
168
246
254
353
461
469
385
295
136
9
-104
-97
49
234
450
554
590
593
501
395
263
112
22
-23
-15
-2
59
103
102
75
71
84
140
193
193
184
155
125
58
-54
-177
-343
-430
-476
-454
-387
-323
-217
-192
-213
-246
-303
-304
-329
-375
-376
-376
-357
-317
-302
-357
-393
-399
-384
-256
-199
-238
-256
-273
-274
-200
-144
-171
-91
36
93
99
15
-65
-99
-208
-332
-371
-325
-223
-180
-150
-79
-33
-20
-90
-155
-170
-173
-152
-89
-54
16
39
39
33
53
114
116
190
311
345
330
308
293
256
183
141
142
189
234
297
343
395
472
499
456
368
322
267
205
179
130
126
117
101
72
103
206
241
291
306
261
207
164
81
10
-12
-17
-7
37
82
158
210
189
143
74
-43
-98
-94
-92
-58
-57
-68
1
-24
-153
-306
-424
-437
-357
-416
-409
-269
-175
-47
-47
-115
-140
-187
-280
-355
-387
-362
-364
-312
-217
-149
-93
-91
-98
-108
-131
-157
-126
-21
67
91
100
138
130
80
22
-69
-94
-97
-116
-113
-138
-148
-111
-111
-99
-108
-126
-75
-5
75
68
77
101
131
143
121
162
217
239
220
195
168
131
78
28
32
134
199
262
369
428
433
399
274
162
134
73
21
35
84
143
225
193
179
154
58
8
14
-11
-19
38
55
92
129
95
59
12
-52
-62
-86
-69
-31
-16
-31
-51
-78
-134
-125
-127
-95
26
47
55
48
-5
-82
-141
-216
-265
-235
-237
-196
-158
-153
-207
-246
-260
-331
-353
-337
-315
-252
-200
-162
-124
-176
-165
-153
-195
-181
-182
-114
-55
-12
-12
18
40
8
-67
-101
-81
-37
73
139
203
238
196
132
30
-98
-178
-208
-215
-131
-60
9
88
168
211
201
188
159
137
85
68
101
138
160
166
133
86
97
106
123
140
166
228
307
390
432
426
369
295
249
185
121
106
76
76
70
76
82
109
122
113
108
127
127
83
2
-36
-22
-48
-37
-62
-30
14
30
-28
-99
-132
-155
-163
-214
-237
-209
-117
-36
41
70
47
7
-16
-51
-153
-243
-318
-322
-274
-234
-188
-114
-31
-15
-44
-134
-211
-235
-268
-275
-260
-246
-198
-143
-163
-170
-183
-218
-229
-244
-237
-207
-159
-80
-20
-39
-14
16
6
16
12
13
35
-1
-13
-6
12
17
-44
-110
-79
-39
-14
62
146
200
212
209
221
222
223
187
175
148
159
154
128
144
135
148
136
188
218
233
244
235
257
299
337
374
394
430
413
370
285
204
108
42
-2
-35
-5
69
156
216
289
286
243
168
29
-92
-199
-252
-245
-206
-153
-118
-94
-90
-24
-12
-34
-19
-52
-109
-135
-155
-153
-169
-171
-151
-114
-148
-165
-174
-218
-230
-266
-252
-219
-170
-177
-177
-181
-252
-279
-312
-318
-335
-301
-265
-207
-133
-96
-106
-159
-220
-278
-316
-330
-301
-268
-209
-129
-39
18
18
-12
-70
-49
-72
-91
-104
-94
-33
-19
20
77
127
195
209
176
156
141
163
160
157
156
156
181
210
243
273
286
280
317
325
280
256
178
107
87
59
59
105
151
217
315
389
435
403
382
349
261
157
79
51
56
77
99
155
224
283
303
317
314
311
288
221
148
55
-54
-139
-167
-180
-143
-105
-82
-51
-14
-5
-9
-48
-106
-156
-183
-213
-253
-274
-276
-262
-235
-188
-168
-169
-177
-198
-196
-199
-239
-286
-329
-329
-299
-303
-271
-229
-245
-238
-221
-224
-227
-229
-236
-196
-223
-231
-177
-156
-95
-43
-27
-19
-10
-29
-99
-160
-196
-214
-246
-247
-224
-164
-96
-53
-12
16
43
5
-33
-42
-12
23
53
108
145
169
137
90
37
-16
10
84
195
297
372
427
448
443
398
321
277
275
293
304
317
345
356
366
364
290
223
182
172
163
188
252
301
335
358
324
224
180
151
100
68
92
113
158
165
150
148
135
100
25
-26
-72
-78
-120
-174
-203
-228
-237
-264
-253
-215
-197
-169
-148
-117
-128
-210
-247
-283
-315
-310
-322
-306
-281
-269
-276
-278
-290
-312
-329
-368
-379
-332
-302
-244
-204
-190
-164
-158
-160
-144
-143
-189
-215
-210
-184
-172
-178
-145
-116
-101
-72
-47
-48
13
35
46
66
47
17
15
38
52
56
42
103
163
206
198
157
165
145
82
36
6
27
78
146
213
292
328
332
317
318
297
240
219
270
289
285
324
333
368
342
271
220
219
261
199
163
180
219
217
187
166
175
230
218
195
201
232
211
151
87
22
-51
-80
-83
-61
-42
-44
10
20
28
-17
-57
-75
-118
-166
-187
-222
-228
-195
-232
-248
-244
-216
-192
-186
-215
-224
-261
-325
-375
-422
-426
-426
-408
-393
-356
-332
-278
-210
-232
-257
-257
-221
-166
-152
-155
-164
-158
-131
-146
-166
-157
-135
-117
-116
-113
-88
-47
-42
-46
-39
-26
0
5
-10
-31
-56
-26
15
59
102
146
178
173
149
124
101
100
61
32
32
54
121
170
202
218
256
295
329
355
335
354
380
375
364
299
291
304
294
283
288
304
307
306
255
197
182
181
183
161
168
203
209
208
169
146
102
77
54
52
48
9
-12
-55
-73
-75
-86
-68
-62
-42
-14
-40
-64
-71
-102
-146
-180
-201
-190
-165
-150
-138
-111
-104
-133
-195
-268
-288
-301
-322
-298
-260
-198
-149
-152
-192
-230
-266
-321
-379
-375
-336
-278
-220
-184
-130
-121
-93
-103
-104
-139
-180
-204
-235
-256
-266
-253
-188
-117
-117
-114
-87
-29
-2
19
9
37
83
88
86
104
155
175
180
160
160
156
118
97
95
157
188
209
250
285
327
322
333
282
261
243
223
209
194
208
196
221
227
190
169
161
152
171
133
105
148
155
140
97
76
70
91
99
98
95
75
103
100
103
84
72
69
45
50
-18
-58
-81
-98
-113
-138
-130
-104
-62
-50
-64
-78
-86
-120
-173
-221
-221
-190
-176
-193
-209
-176
-160
-192
-232
-212
-227
-235
-263
-287
-268
-251
-201
-212
-164
-148
-115
-115
-105
-95
-125
-134
-172
-172
-152
-149
-117
-77
-64
-69
-71
-65
-82
-43
-37
-18
15
36
70
83
123
151
128
123
118
117
107
114
136
128
131
142
175
182
196
200
212
223
251
234
220
208
225
220
212
218
216
256
268
242
228
214
216
170
118
121
112
102
81
73
44
56
62
28
23
14
43
61
66
74
83
47
-5
-79
-141
-173
-173
-146
-110
-83
-38
4
0
-23
-78
-153
-230
-252
-268
-265
-250
-205
-165
-140
-89
-65
-67
-84
-89
-127
-148
-166
-185
-172
-182
-185
-216
-224
-212
-213
-202
-197
-178
-149
-110
-70
-55
-53
-73
-80
-94
-140
-157
-149
-172
-167
-133
-113
