6
29
4
17
-24
-8
39
25
9
-14
-8
29
18
-6
-22
-15
-24
-63
-53
-48
-55
-74
-46
-64
-32
-20
-44
-2
14
-9
-23
-47
-76
-52
-75
-45
5
-10
-17
-20
-4
-27
8
38
6
7
22
37
35
3
-3
-10
-44
-23
-11
-36
-47
-37
3
22
23
12
1
50
40
29
20
18
27
-6
9
17
34
51
45
24
30
17
47
53
55
73
9
-19
14
-8
-13
-24
-46
-14
-41
-51
-66
-51
-10
-19
-47
-28
-23
-14
-29
-23
-27
-28
-43
-36
-11
-16
-1
24
49
40
51
71
61
19
-8
-16
-53
-36
-41
-27
-15
-27
10
-3
-4
22
44
49
62
59
48
42
22
6
-7
12
6
19
24
22
11
3
18
18
37
-17
-9
-19
-52
-21
-42
-38
-60
-80
-42
-58
-62
-44
-28
-34
-15
59
64
84
88
51
15
15
-28
-20
-9
-6
64
74
76
61
14
-12
-2
-21
43
42
49
55
34
33
11
26
-45
-57
-18
-26
3
18
-17
-11
9
1
-37
-12
-26
-24
-16
-7
-12
-12
13
22
-29
-44
-62
-50
-61
-90
5
12
28
37
-5
-12
-1
4
-13
0
19
-6
5
16
15
7
-17
-14
-5
40
64
50
12
12
13
-2
26
-11
-37
-70
-50
-16
-12
19
33
16
23
-3
-13
-4
-20
-40
-32
-18
1
2
-43
-67
-47
-33
-34
-13
-21
-7
-13
21
14
27
38
62
87
93
110
45
38
39
6
7
-3
-13
-8
-51
-46
-65
-60
-53
-28
9
-33
-51
-55
-38
-34
-35
-39
-28
-28
-19
-22
-8
-34
-27
24
2
13
16
51
38
56
38
9
-18
-20
-13
-17
-19
-31
29
-24
-11
-10
5
38
30
44
34
30
13
29
48
-6
-27
-36
-189
-1366
-2684
-1973
-404
-32
-201
333
1928
3202
2888
1879
1150
1028
853
-221
-1104
-755
-270
-583
-897
-504
-82
-182
-499
-403
200
510
240
72
607
1051
705
161
88
192
-15
-474
-713
-546
-415
-619
-789
-426
88
52
-172
-10
203
144
-187
-387
-378
-227
-173
-353
-120
304
330
66
35
44
-185
-494
-595
-357
-391
-471
-264
-4
100
211
51
-199
-120
-226
-603
-781
-544
-227
-14
66
229
475
601
510
309
187
93
-50
-252
-213
-78
-188
-162
18
-39
-38
40
-54
-24
272
299
201
387
719
746
554
510
377
87
-69
-233
-555
-512
-335
-318
-243
110
321
330
387
565
436
284
379
223
214
402
312
128
222
224
178
90
-72
-142
-248
-188
-91
-83
-62
58
55
77
204
157
-58
-44
-67
-103
-79
-150
-40
56
253
392
326
285
313
237
150
73
-69
-93
-71
41
97
117
145
99
131
240
221
151
104
-66
-198
-140
-197
-307
-262
-170
-51
-149
-466
-442
-440
-490
-263
-258
-377
-203
-179
-273
-281
-432
-611
-614
-475
-401
-495
-452
-163
60
-44
-267
-328
-465
-350
-165
-219
-28
488
654
323
59
-215
-687
-1090
-1335
-1463
-1486
-1110
-817
-850
-1200
-1467
-828
64
325
23
453
1874
2507
1787
1364
1734
1749
1096
379
240
396
287
-289
-519
-122
157
-117
-296
358
1042
1049
881
1150
1664
1729
1139
715
826
826
421
-8
49
223
6
-469
-727
-466
15
19
-51
302
765
1023
861
545
457
274
-116
-399
-505
-527
-562
-551
-427
-173
-17
28
81
257
384
376
254
243
220
18
-203
-314
-259
-407
-712
-852
-685
-656
-717
-832
-760
-359
-189
-176
-224
-477
-533
-589
-891
-1128
-1254
-1158
-928
-922
-1042
-1310
-1385
-1391
-2230
-3013
-3151
-2992
-2641
-2211
-1494
-272
909
910
124
429
1862
2107
620
-71
1474
2712
1749
627
1019
2106
1853
398
89
1112
1425
244
-227
920
1632
1091
608
1318
2108
2044
1396
1161
1100
-169
-531
566
897
37
-646
379
1917
1345
-240
-696
-101
560
-154
-1354
-694
932
935
-59
328
1352
1371
451
16
454
619
73
-668
-327
477
249
-639
-685
85
144
-623
-803
-372
-92
-186
-511
-269
521
704
-4
-120
508
526
-58
-462
-224
-14
-160
-370
-560
-298
-53
-553
-1024
-811
-690
-1042
-1174
-953
-941
-846
-646
-613
-578
-630
-848
-761
-627
-760
-955
-1231
-1087
-1414
-3197
-4435
-4292
-3841
-3519
-3295
-2535
-729
849
1657
1797
1355
1348
1842
1976
1331
728
1230
2120
1934
1115
943
1242
1157
155
-268
456
1008
583
283
1203
2151
2181
1680
1959
2596
2498
1716
1164
1140
1024
356
-136
-348
-1899
-2353
-489
633
262
-310
384
2176
2504
1213
33
-452
872
1493
-70
-488
722
1108
248
79
158
80
0
-90
256
653
844
255
-180
414
481
-531
-975
-403
-70
-232
-83
117
141
449
321
-104
156
438
-233
-668
-164
-155
-471
-761
-730
-570
-816
-806
-885
-1108
-975
-875
-1189
-1141
-714
-1115
-1476
-1127
-1066
-1315
-1319
-1186
-585
-402
-878
-1442
-3131
-4612
-4768
-4797
-4791
-4193
-3184
-1645
334
2019
2438
1764
1624
2466
2895
1766
414
814
2060
1907
655
270
1208
1738
528
-405
600
1570
772
39
1009
2324
2451
1656
1839
2935
3297
2450
1447
1366
1450
671
-219
-858
-1747
-2163
-1742
-523
937
1230
1096
1865
2609
2528
1384
96
214
498
-45
-460
-112
112
28
-47
-302
80
373
161
284
913
1134
607
266
321
236
-193
-767
-885
-481
-201
-238
-272
141
523
267
21
357
481
-156
-429
-299
-375
-476
-656
-554
-389
-306
-700
-1644
-1760
-1323
-1759
-2192
-1836
-1494
-1039
-1089
-1604
-1499
-1068
-579
-673
-1130
-1063
-995
-2341
-4212
-4980
-4818
-4447
-4219
-3905
-2527
-20
2092
2490
1742
1816
2950
3391
2106
462
911
2237
1850
607
240
1314
1786
443
-384
629
1640
878
-35
963
2398
2406
1499
1796
3080
3262
2141
378
80
944
431
-851
-1193
65
1393
1331
1056
1557
1789
1368
779
223
170
168
-115
-275
340
731
390
344
538
727
469
160
328
709
955
766
630
838
848
590
3
-324
-351
-753
-1052
-886
-548
-321
-241
79
461
524
251
-133
-424
-662
-918
-1203
-1189
-875
-465
-234
-436
-755
-843
-1328
-1849
-2060
-2628
-2824
-2470
-2241
-1661
-1411
-1228
-624
-354
-173
-366
-1262
-2866
-4537
-5029
-4746
-4414
-4336
-4060
-2171
371
2480
2810
1755
2108
3514
3794
1968
157
1060
2419
1882
513
391
1812
1925
327
-219
966
1731
275
-575
993
2503
2119
1153
1621
2336
2501
2147
1556
1285
776
-735
-1048
568
1415
302
-593
1066
2992
2298
644
406
1051
1033
201
-733
-313
955
1015
205
827
2044
1633
758
605
984
708
-63
-211
418
1063
803
277
383
936
533
-819
-1373
-905
-857
-1406
-1455
-822
-163
21
129
-69
-404
-706
-1005
-1092
-1201
-1519
-1752
-1741
-1761
-1681
-2028
-2194
-1764
-1832
-2124
-2181
-1888
-1678
-1516
-964
-395
-162
-563
-1600
-3075
-4465
-5089
-5106
-5386
-5283
-4352
-2407
789
2914
2480
1812
3512
5566
4492
1459
539
2217
2575
408
-939
259
1752
1038
-530
137
2292
2068
-58
104
2416
3161
1564
114
1262
3444
3414
1631
371
566
1414
1229
173
-130
103
257
675
1278
1400
808
770
1257
1521
1166
356
437
612
554
678
601
744
1041
1045
835
673
727
534
560
954
1225
1212
1066
1094
826
334
-349
-1010
-1374
-1394
-1097
-1241
-989
-351
-127
67
-245
-738
-733
-776
-643
-784
-1272
-1279
-1342
-1484
-2089
-2700
-3075
-3375
-2779
-2314
-2021
-1684
-1454
-669
157
130
-585
-1584
-2368
-3373
-4777
-5739
-5741
-5113
-5183
-4793
-2347
1112
2709
1635
1651
4232
6179
4338
1285
1501
3353
2763
-82
-1055
926
1848
-160
-1615
199
2208
872
-1004
291
2908
3041
1320
1162
2482
3658
2726
920
848
1415
1370
705
372
1048
782
-503
-148
752
565
-277
-403
471
923
1098
717
799
1539
1512
1384
1392
1454
1305
871
1015
1434
1152
635
824
1296
1377
1066
708
583
501
211
-229
-220
-18
-186
-492
-480
-16
-39
-861
-1098
-883
-535
-401
-787
-446
-49
-522
-1366
-1911
-2235
-2649
-3053
-3558
-3580
-2800
-2290
-1857
-1160
-467
16
-413
-1366
-1969
-2829
-4337
-5642
-6026
-5836
-5323
-4879
-4019
-892
2409
2598
1568
2574
5028
5429
2514
225
1506
3152
1648
-835
-567
1682
1826
-808
-1776
659
1871
-411
-1664
593
2909
2470
968
1035
2409
2440
1212
1585
3119
3341
2013
1087
2045
2750
712
-1506
-1294
-42
47
-1183
-1567
-174
975
652
642
1855
2697
2786
2328
2480
3026
2325
1032
336
573
589
-172
-600
-123
714
657
379
643
640
391
132
38
274
259
-271
-580
-51
131
-460
-862
-766
-523
-591
-899
-1099
-1459
-3476
-4333
-2496
-1461
-912
-1115
-1490
188
727
-765
-2162
-2958
-1853
-1545
-2935
-3022
-2512
-2357
-3306
-3861
-3723
-4195
-4163
-4648
-4331
-958
1784
1105
-43
1414
4588
5503
2670
346
1670
3338
2278
-226
-903
903
1216
-745
-1191
1067
2266
75
-1314
169
2116
1268
-1402
-787
2558
4319
3099
1930
3076
4578
3627
968
-331
147
-217
-2030
-2362
-1135
-271
-246
-109
1268
2557
2731
2133
2113
2940
3056
1998
1068
1177
1436
743
-167
-210
-122
-389
-482
-361
-79
76
305
652
960
931
662
285
170
-91
-892
-1515
-1473
-1089
-798
-400
165
664
642
596
341
-490
-1167
-2104
-3002
-3684
-4141
-3958
-3717
-3310
-2254
-1370
-467
337
12
-434
-680
-1223
-2162
-3332
-4085
-4242
-4144
-4114
-4203
-4041
-2873
-384
2006
2270
1185
1519
3324
4383
2943
512
563
2369
2358
795
195
1091
1735
698
-162
740
1726
615
-806
-8
1831
1560
-657
-491
2533
4200
2682
1121
2016
3215
2317
246
-902
-391
-385
-1346
-932
515
1531
1062
492
2078
3302
2700
1615
1316
2282
2276
910
-170
-237
121
-724
-1345
-948
-241
380
246
599
1560
1514
825
493
401
152
-560
-1207
-1283
-1264
-1602
-1730
-1276
-771
-373
-179
4
615
860
74
-963
-1485
-2577
-3764
-3333
-3100
-3536
-2970
-1943
-164
734
-110
-162
-214
-381
-999
-3169
-4185
-3565
-3266
-3798
-4413
-4048
-3854
-3588
-1931
97
1896
2148
1195
1995
3934
4174
2238
464
862
2485
2390
796
373
932
1013
166
-393
364
845
-816
-1907
-260
1938
2677
1925
2027
3934
4946
3650
1717
1218
1769
1161
-9
-234
194
392
-277
13
773
771
799
820
1793
2956
2570
1890
1970
2233
1627
359
-577
-742
-602
-934
-921
-474
18
341
299
545
1012
928
350
53
155
-147
-858
-1427
-1409
-1022
-1080
-1473
-1416
-549
53
5
-309
-1102
-1629
-1684
-1890
-2884
-3835
-4099
-3648
-3678
-4839
-4731
-2197
1570
3762
2887
1591
1805
1663
-137
-2422
-3546
-3606
-4189
-5476
-5737
-4165
-1742
-787
-1023
-290
1132
2624
2840
1879
1532
1955
2611
2575
2062
1980
2297
2196
1369
394
-352
-530
-1165
-2200
-2279
-1469
292
1517
2132
3301
4230
4329
3587
2826
2882
2541
1535
890
836
1095
862
324
246
415
685
537
346
1139
1832
1866
1963
2112
2071
1714
974
166
-335
-613
-1004
-1094
-902
-450
159
333
625
1026
1013
967
662
273
-316
-1083
-1499
-1733
-1674
-1723
-1972
-1649
-1406
-1246
-1089
-1401
-1096
-900
-1274
-1288
-1333
-1355
-1637
-1877
-1753
-1888
-1855
-1448
-1237
-1112
-993
-1318
-1613
-1947
-2130
-2124
-2146
-2255
-2768
-3531
-3908
-3132
-1715
-146
440
56
514
1960
2973
2274
906
882
1612
2115
1934
1537
1865
1927
1319
593
-188
-461
-1288
-2482
-2245
-444
1117
1849
2371
3449
4696
4634
3600
2651
2179
1740
1041
410
59
242
162
215
779
956
847
551
649
1030
1280
1189
861
1007
1568
1822
1729
1350
1129
945
270
-332
-585
-702
-946
-1021
-613
137
765
806
648
669
712
172
-556
-941
-1329
-1578
-1922
-2120
-1933
-1967
-1887
-1527
-1454
-1483
-1393
-1431
-1286
-1290
-1604
-2020
-1862
-1407
-1380
-1401
-1712
-1688
-1444
-1816
-2221
-2293
-2099
-1340
-1025
-819
-359
-534
-850
-845
-178
593
-39
-2790
-3688
-1152
1277
804
-833
288
3801
5405
3783
1678
1212
1744
698
-1877
-2728
-1396
-541
-1026
-335
1860
2965
2721
2304
2724
3556
3080
1300
536
1182
1463
795
-11
352
1161
962
851
1319
1557
1230
759
705
1191
1349
699
136
436
779
616
193
31
253
446
311
329
747
763
387
336
495
191
-315
-621
-755
-452
-363
-647
-388
-241
-173
-350
-1136
-1491
-1823
-2520
-3014
-2686
-2294
-2275
-1876
-756
329
327
-327
280
1577
1533
196
-1845
-3121
-3577
-4038
-4322
-4248
-2706
-888
446
1826
1956
823
-542
-913
-729
-1878
-3741
-3764
-2121
-467
-237
-427
429
2054
3325
3534
3699
5362
5936
3420
772
214
217
-1272
-3928
-4161
-1542
190
667
394
583
2011
1838
514
418
1408
2178
1652
1980
3405
3527
2342
1156
900
930
4
-956
-971
-197
361
89
-168
522
865
482
467
996
1326
1075
718
974
1352
938
243
74
59
28
-302
-676
-552
-291
-231
-563
-572
146
598
749
377
-218
-768
-1535
-1520
-1788
-2972
-3712
-3904
-3127
-1422
-92
-3
-290
309
814
642
-399
-1752
-2002
-2169
-2237
-2116
-2098
-881
-756
-2318
-3559
-4038
-3308
-2869
-2488
-1837
-1725
-543
1049
2117
2672
2295
2134
2666
3026
2664
1803
1107
992
826
92
-284
-94
375
129
-615
-380
258
1197
1577
1247
1661
2146
2488
2545
1765
1240
1016
800
576
188
202
465
804
1047
825
1228
1588
1377
1146
902
966
965
584
312
126
81
-61
-128
-98
53
383
435
460
862
1309
1208
795
501
299
111
-458
-1161
-1257
-1084
-1160
-1235
-1200
-825
38
201
-68
118
311
393
172
-533
-1055
-1317
-1738
-1995
-1842
-2021
-2037
-1087
-425
-83
183
-89
-35
-260
-1316
-2363
-3640
-4571
-4814
-4961
-5049
-5006
-4383
-2299
742
2325
1077
232
2003
3751
3064
799
-17
1582
2695
1890
1151
1469
1878
1031
-361
-301
559
-89
-1619
-1470
-258
456
481
22
799
2439
3438
3652
3093
2611
2296
1295
757
129
-1347
-1816
-1061
49
604
266
330
927
1564
1886
1556
1276
1649
2137
2180
1895
1270
477
-117
-374
-674
-1149
-1150
-574
230
1197
1463
1426
1604
1484
1080
374
-528
-1371
-1933
-2195
-1813
-1115
-787
-476
134
846
1245
1078
600
218
-43
-596
-1119
-1795
-2393
-2180
-1812
-1308
-979
-1168
-910
-269
-59
-312
-867
-883
-801
-1431
-2209
-3353
-4041
-4100
-4252
-4157
-4284
-4058
-2689
-323
1548
1241
291
1313
3182
3322
1830
828
1522
2100
1387
399
459
923
272
-784
-546
712
808
-923
-1640
55
1374
667
-388
705
3196
3848
2939
2556
2942
2883
1523
-25
-377
-215
-949
-2997
-2835
-233
406
6
158
1364
3684
3922
2706
2205
1937
2058
1202
-419
-630
-529
-1048
-1356
-620
153
4
211
794
1418
1886
1361
612
885
1048
564
-177
-1242
-1769
-1390
-1234
-1351
-1226
-815
72
1219
1720
1651
1387
771
186
-460
-1525
-2213
-3092
-3219
-2616
-2171
-1508
-1130
-156
973
1025
826
270
-437
-842
-2474
-4614
-5246
-4844
-4499
-4671
-4856
-3632
-1102
1194
1286
81
485
2380
3327
2189
813
1511
2754
2400
1323
931
1205
1174
-184
-1130
-294
316
-438
-1044
-365
984
1491
971
458
335
328
159
-48
393
1175
1498
1784
2384
2652
1978
835
344
444
41
-535
-612
-251
411
904
915
1069
1288
1555
1587
1345
1004
374
100
84
-103
-322
-561
-327
400
748
878
1118
1269
1290
852
-53
-566
-746
-1121
-1332
-1351
-1117
-537
-178
167
919
1467
1558
1462
1129
880
172
-950
-1800
-2427
-2203
-1715
-1606
-1229
-638
153
624
502
221
-84
-187
-322
-802
-1741
-3255
-4500
-4836
-4660
-4391
-4858
-5292
-3995
-1125
1124
657
-487
624
3141
3775
1974
1010
2096
2901
2116
980
838
1383
627
-850
-758
460
573
-741
-1194
352
1741
1294
307
83
1016
1946
1307
312
174
666
1412
1306
833
709
349
454
770
228
-76
-228
-193
249
711
1180
1259
1208
1370
1540
1558
998
92
-182
-69
-127
-97
-227
-112
583
1104
1320
1292
944
790
610
278
-34
-716
-1204
-1192
-963
-815
-683
-360
35
387
613
739
1073
1550
1166
428
229
73
-93
-735
-1335
-1376
-1470
-1749
-1919
-1925
-1551
-1440
-1397
-726
-54
469
647
569
183
-1408
-3148
-4022
-4397
-4692
-5669
-6286
-4946
-2084
475
716
147
1244
3424
4239
2802
1393
1645
2109
1494
672
457
817
640
-207
-163
790
1110
105
-736
4
1104
864
4
-500
-216
1086
1301
744
1150
2064
2672
2230
1332
1238
650
-519
-951
-1187
-919
-588
-742
-267
1106
2295
2005
1195
1234
1587
1272
399
-277
-217
218
187
289
661
870
950
873
962
1089
630
-79
-317
-195
104
-189
-459
-84
366
559
382
29
-47
11
53
200
266
574
728
544
815
967
207
-740
-1436
-2019
-2154
-2565
-2963
-2455
-1709
-577
4
40
913
1472
1328
1009
-233
-1545
-3040
-4732
-5437
-5728
-5752
-5737
-5565
-3937
-1176
975
943
276
1361
3574
3960
2319
1398
2108
2850
1965
784
645
916
257
-880
-1123
-177
143
-1009
-1409
-125
1079
1155
558
957
1812
1048
566
1108
2033
2170
973
653
1458
1385
472
-866
-1006
180
116
-331
-382
233
1266
868
768
1213
1307
1434
1268
1224
1384
1073
511
375
444
317
2
-22
621
1176
1267
1224
1330
1354
920
304
-219
-495
-535
-463
-316
-193
-199
-38
139
181
92
-92
60
384
441
536
367
227
-83
-604
-1043
-1582
-2190
-2411
-2314
-1824
-1395
-929
-215
296
859
1025
962
329
-714
-1999
-3739
-4918
-6022
-6467
-6102
-5681
-4560
-2842
-484
1490
1356
1262
2457
3273
2785
1180
1000
2014
1839
1128
317
465
1198
546
-628
-840
-256
-64
-709
-589
468
1230
1274
1728
2602
3115
2428
851
420
-88
-786
-973
-892
62
881
946
1346
1664
1530
1023
73
-212
-251
-406
-149
421
1252
1321
1403
1886
2063
1774
1347
659
491
784
451
349
738
983
1103
1252
1438
1543
1045
260
173
254
-7
-383
-536
-338
-4
173
255
455
380
218
320
439
374
111
-429
-669
-868
-2085
-2749
-2700
-2309
-1283
-939
-310
886
1173
1235
1097
532
176
-601
-1501
-1679
-1729
-2334
-3024
-3947
-5263
-5969
-6086
-5843
-5274
-4922
-4033
-1516
1503
2081
1262
1884
3847
4677
3030
1148
1584
2136
953
-523
-1241
-856
-689
-1625
-1818
-237
1023
356
82
1232
2753
2762
1640
1552
2629
2388
881
-87
-223
433
494
-39
80
701
1063
1043
484
577
417
-283
-113
363
908
864
715
1324
1926
2340
2224
1967
1789
1846
1715
1447
1148
903
660
572
790
1012
908
665
526
527
682
392
30
-137
-78
438
534
288
33
63
-39
-132
-266
-483
-200
-140
112
372
181
-248
-492
-1074
-1387
-1392
-2236
-2744
-2857
-2672
-2174
-1871
-1355
-521
275
502
530
493
-184
-878
-1678
-3146
-4837
-6382
-6812
-5944
-5237
-5000
-4127
-1800
1054
2015
1262
1203
2757
3680
2436
1078
1476
2331
1748
508
62
709
759
-479
-1141
-346
555
240
-343
343
1682
2136
1660
1673
2346
2475
1319
285
581
892
-791
-2329
-1112
1002
1633
905
767
2238
3412
2687
1362
591
1148
1440
512
578
1396
1879
1430
984
1528
1487
1006
340
144
814
1062
667
782
1419
1894
1704
1297
1267
1204
430
-392
-648
-516
-625
-1207
-1267
-564
-98
36
-301
-381
13
234
-68
-488
-623
-655
-727
-870
-845
-1019
-1301
-1415
-1485
-1436
-1602
-1709
-1742
-1729
-1299
-1029
-832
-713
-974
-1030
-989
-1704
-2900
-4639
-5862
-6092
-5797
-5129
-4945
-4113
-1525
1321
2191
1557
1820
3198
3892
2547
944
1160
1782
1346
391
17
769
893
-24
-469
199
961
307
-291
209
1016
1293
928
1041
1856
2463
1823
1022
762
627
643
467
692
1340
1482
1494
1975
2173
1972
1470
1016
1069
1166
1071
719
715
1058
1096
1126
1160
1284
1485
1440
1382
1564
1746
1697
1556
1482
1346
1230
868
466
209
-246
-588
-722
-990
-1188
-1310
-1136
-883
-538
-286
-339
-153
104
41
-119
-493
-731
-804
-1103
-922
-958
-1285
-1335
-1613
-1934
-2048
-2374
-2608
-2467
-2180
-1846
-1234
-802
-485
-256
-472
-399
-488
-1376
-2306
-3818
-5454
-6045
-5823
-5275
-5073
-4837
-2992
227
2274
1839
1077
2254
3806
3513
1661
905
1947
2302
1406
554
820
1292
517
-539
-452
795
970
-237
-149
1325
2383
2388
1835
2320
2962
2044
1251
886
1098
1532
1007
915
1875
2176
2112
1332
907
1534
983
137
-196
110
731
666
582
926
1616
2243
2218
1967
2002
2017
1635
1207
998
788
482
277
502
700
433
326
150
70
-219
-759
-951
-958
-803
-763
-631
-301
-115
-20
-96
-318
-536
-804
-967
-928
-1061
-1336
-1484
-1532
-1766
-2181
-2560
-2696
-2474
-2281
-2320
-2036
-1423
-1036
-468
-426
-607
-296
-719
-989
-867
-1418
-1930
-2980
-4626
-5423
-5675
-5552
-4890
-4716
-3988
-1768
1024
2138
1276
1376
2875
3958
3095
1229
1400
2492
1979
819
190
705
1236
262
-521
420
1828
1635
931
1332
2585
3259
2497
2042
2695
3032
1920
972
1461
1692
383
-575
178
1823
2232
1169
976
2117
2773
2092
793
471
1365
1349
288
203
932
1285
725
546
967
1237
1166
635
593
1173
1341
1151
1026
967
974
617
184
46
-338
-859
-1158
-1055
-708
-696
-717
-683
-443
-122
-284
-887
-1471
-2001
-1921
-1772
-1791
-1607
-1348
-666
-21
-69
-646
-1294
-1985
-2500
-2978
-3324
-3307
-3265
-2644
-1595
-838
-548
-702
-679
-346
-602
-1441
-2022
-2447
-2943
-4167
-4936
-4410
-3605
-3265
-3575
-2644
201
1949
694
-640
576
2873
2903
888
651
2493
3511
2747
1678
1919
2663
1940
647
619
1755
1869
579
597
2034
2876
2217
1265
1718
2299
1666
384
78
1175
2013
1743
1464
2051
2790
2679
1850
1658
1756
1471
711
270
521
460
-170
-659
-716
-302
222
400
909
1708
2263
2469
2399
2107
1872
1254
451
228
-75
-487
-559
-544
-541
-561
-783
-973
-684
-409
-622
-831
-1062
-1011
-956
-1476
-1895
-1809
-1574
-1569
-1450
-1239
-917
-474
-582
-1077
-1328
-1378
-1572
-1815
-2037
-2339
-2499
-2367
-2084
-1769
-1932
-2096
-1682
-1235
-892
-836
-946
-830
-597
-835
-1725
-2940
-3892
-4372
-4247
-3702
-3552
-3191
-1799
629
1982
1203
598
1641
3136
2785
1431
1374
2606
3185
2593
1942
2431
2971
2125
1078
1214
1941
1558
308
153
1267
1994
1630
1348
2100
2988
3032
2426
1206
654
25
-160
673
1245
1354
1188
1560
2692
2827
1599
557
71
262
157
-396
-414
-365
-7
429
1044
1683
1673
1449
1466
1857
2029
1449
530
201
261
42
-565
-1162
-1395
-1313
-1347
-1218
-1070
-943
-755
-565
-159
28
-248
-902
-1416
-1482
-1733
-2277
-2885
-2713
-2021
-1444
-956
-798
-934
-972
-958
-1071
-1397
-1840
-2049
-2035
-1896
-1695
-1420
-1414
-1383
-1139
-993
-626
-730
-1245
-1665
-1666
-1624
-2677
-3981
-4156
-3405
-2520
-2687
-2969
-1652
713
1735
445
-219
1299
3088
2935
1730
2305
3818
3973
2981
2304
2735
2928
1545
184
447
1607
1349
-15
-22
1278
2311
1894
1379
1871
2292
1539
1397
1695
1277
1237
1251
1699
2477
1957
1120
956
1082
1095
62
-895
-480
46
50
-160
447
1107
1099
1140
1126
1538
1831
1298
850
985
1117
768
118
-76
100
72
-296
-528
-483
-578
-874
-1082
-1261
-1406
-1604
-1561
-1236
-974
-957
-1086
-1223
-1284
-1372
-1577
-1700
-1714
-1590
-1318
-1250
-1045
-969
-1241
-1401
-1376
-1514
-1767
-1968
-2319
-2332
-2240
-2000
-1439
-1181
-923
-361
-94
295
61
-491
-267
-397
-757
-2087
-3653
-3601
-3335
-3374
-3510
-3507
-2050
-91
1295
1465
647
1347
2824
3436
3096
2456
3195
3771
3320
2859
2319
1973
1317
360
0
431
828
291
62
831
1890
2373
2038
1966
2526
2873
2837
2099
675
315
787
-160
-896
-178
555
1214
1125
1182
1880
1925
1250
532
242
698
819
-49
-472
419
1244
687
216
576
869
1147
880
518
860
991
545
217
7
-213
-796
-1565
-1901
-1706
-1711
-2104
-2032
-1640
-1239
-1106
-1318
-1253
-1031
-1112
-1331
-1510
-1672
-1583
-1422
-1262
-950
-675
-360
-433
-657
-754
-1215
-1806
-1930
-2162
-1961
-1334
-1397
-1137
-738
-493
-64
-224
-541
-306
-227
-407
-610
-748
-910
-1893
-2941
-3500
-3406
-2847
-2804
-2813
-2022
-43
2203
2143
935
1481
3102
3856
2925
1819
2298
3098
2762
1993
1476
1753
1655
743
488
1045
1666
992
258
916
1756
1834
1309
1302
2043
2528
2271
792
414
1441
1438
431
-855
-562
852
881
485
607
855
1637
1550
985
977
901
657
-411
-633
136
139
-111
-386
233
1238
1301
924
729
618
523
96
-626
-1187
-1516
-1844
-1887
-1768
-1689
-1810
-1818
-1503
-1040
-831
-1191
-1560
-1333
-1072
-840
-1046
-1297
-1004
-663
-383
-571
-977
-968
-825
-950
-995
-1212
-1320
-1041
-861
-541
-222
-464
-726
-650
-552
-504
-610
-1051
-1205
-451
41
162
-5
-271
-2
-158
-1311
-2556
-3433
-3511
-2938
-2519
-2132
-1249
525
2385
2734
1911
1572
2242
2819
2128
1200
1655
2296
2268
1895
1581
2027
1941
893
412
829
1483
1043
75
360
1419
2068
1826
1557
1947
2413
1678
580
415
654
587
64
-78
629
444
-415
168
1173
1500
986
47
370
1273
1063
-107
-924
-574
173
42
-385
-203
105
74
-260
-91
-8
-380
-840
-966
-568
-163
-516
-1083
-1051
-944
-986
-1497
-1943
-1744
-1515
-1315
-1076
-847
-743
-631
-465
-250
-148
-380
-733
-917
-663
-327
-289
-553
-594
-468
-230
-202
-526
-803
-901
-567
-356
-591
-871
-810
-509
-288
-6
-10
87
255
124
-45
-347
-914
-1685
-2843
-3399
-3016
-2553
-2090
-1871
-1095
443
1898
2596
1389
452
981
1853
1985
984
795
1947
2583
2394
1973
1669
1694
1103
353
384
764
819
268
254
1213
1981
1938
1459
1330
1715
1799
1381
1027
686
-289
-1587
-1149
52
704
748
373
1111
2231
2067
1169
-11
-511
-104
-318
-660
-503
-541
-865
-1195
-668
-427
-485
-568
-575
422
1176
1013
765
634
520
54
-822
-1400
-1647
-2086
-2366
-2074
-1487
-985
-763
-524
-53
620
732
338
93
19
-144
-416
-791
-1005
-839
-622
-334
-24
55
99
-136
-349
-300
-520
-807
-857
-920
-543
-125
-257
-210
-67
-68
-173
-141
-349
-358
-511
-659
-349
-773
-1734
-2789
-3155
-2695
-2336
-2574
-2703
-1549
650
1862
1266
739
1284
2473
2498
1483
1254
1916
1766
1233
998
1132
1356
458
-300
83
1137
1413
498
173
893
1811
1741
1097
960
1263
1449
1353
642
42
95
188
326
420
310
-80
-1045
-735
715
948
754
230
198
1288
1164
88
-1090
-1756
-1178
-758
-541
-150
453
950
990
1472
1699
900
120
-486
-588
-202
-477
-1152
-1190
-730
-399
-466
-950
-981
-361
-183
-145
-62
20
147
328
341
328
255
-79
-369
-327
-262
-339
-519
-791
-541
-148
-165
-348
-307
-293
-309
-221
-303
-486
-785
-1186
-1118
-610
-255
-276
-352
-277
290
399
-318
-1266
-2445
-3209
-3446
-3500
-3259
-3048
-2446
-1057
570
1494
767
28
683
1556
1663
812
359
1376
1931
1892
1625
1408
1416
765
165
289
601
330
-516
-477
481
1163
944
561
1066
1897
2026
1630
1561
1343
411
-315
-454
-20
47
-549
-640
-61
611
679
190
242
659
813
670
330
260
223
181
355
415
416
279
113
296
308
269
136
50
510
670
755
893
715
354
-44
-313
-576
-839
-1166
-1266
-920
-486
-68
255
402
534
730
701
442
221
27
-14
16
-59
-118
-132
-223
-207
-377
-730
-889
-1133
-1346
-1421
-1236
-918
-703
-542
-387
-226
102
62
-267
-534
-939
-1020
-1270
-1741
-2001
-2330
-2751
-2816
-2636
-2197
-1824
-1875
-1590
-782
137
512
-246
-1025
-483
581
953
461
329
1108
1673
1523
1224
1036
991
623
45
215
765
1006
558
250
830
1463
1464
1005
892
1255
1359
398
218
956
1124
1006
734
1088
1775
1285
313
218
181
283
163
-355
125
831
799
576
874
1051
1039
918
638
799
871
609
437
684
739
568
395
65
265
393
-22
-88
13
-118
-54
-29
-77
130
88
-49
-32
-18
-95
-194
-377
-383
-251
-183
-114
-35
142
224
218
-150
-611
-1061
-1408
-1694
-2039
-2074
-1946
-1537
-1209
-783
-537
-346
-164
-233
-149
-251
-535
-843
-1048
-1230
-1247
-1463
-1718
-1997
-2551
-2984
-3233
-3021
-2762
-2416
-1860
-1124
-155
505
624
76
-99
118
432
320
57
322
799
1127
1280
1424
1484
1511
1147
904
1036
1146
948
443
439
892
1261
1376
1320
1362
1671
1851
1567
667
-222
56
367
-68
177
609
1212
2275
2432
2356
2210
1320
487
-117
-409
-184
-146
-199
205
1295
1784
1482
1452
1091
1010
1243
821
716
922
712
648
683
407
170
-154
-573
-593
-274
-348
-501
-338
-129
95
335
81
-105
-52
-275
-309
-426
-804
-914
-869
-692
-595
-788
-1045
-1401
-1435
-1721
-2286
-2294
-2154
-2012
-1631
-1102
-653
-403
-341
-475
-391
-448
-916
-1354
-1818
-2107
-2172
-2371
-2716
-2592
-2089
-2010
-1887
-1630
-1423
-1171
-1104
-984
-563
-224
-396
-910
-1052
-499
274
537
355
787
1763
2243
2294
2211
1846
1729
1492
1034
937
855
679
329
404
772
1005
1113
1143
1559
1980
1640
1018
1296
1558
1677
1144
761
1640
2142
1839
1430
982
1042
869
-34
-255
44
596
800
709
1416
1881
1982
1654
1310
1647
1484
1076
855
721
794
405
-115
-237
-241
-388
-696
-710
-262
173
202
208
300
426
253
-99
-296
-604
-880
-1174
-1524
-1245
-1078
-1093
-1031
-1228
-962
-628
-804
-1064
-1426
-1603
-1402
-1306
-1395
-1703
-1884
-1626
-1528
-1469
-1559
-1560
-1241
-1151
-1051
-1098
-1360
-1484
-1470
-1632
-1751
-2023
-2075
-1800
-1664
-1805
-2047
-1824
-1536
-1159
-981
-615
73
235
27
-534
-629
-144
131
118
167
818
1675
1901
1805
1833
1794
1639
1071
651
766
920
937
867
1171
1652
1936
1915
1971
2141
2247
2052
1900
1948
2004
1291
-424
-202
368
555
845
380
1374
2866
2625
2623
2461
2188
2560
1659
1167
1271
1024
646
-236
119
202
-6
49
-319
448
1046
756
932
1091
1001
836
191
-250
-314
-609
-1138
-1216
-984
-895
-875
-927
-874
-582
-583
-975
-1023
-984
-1115
-1101
-1359
-1387
-1402
-1438
-1473
-1617
-1495
-1791
-2067
-1999
-1862
-1795
-1948
-1979
-1828
-1622
-1504
-1615
-1607
-1528
-1561
-1286
-1345
-1590
-1591
-1837
-1792
-1554
-1310
-1300
-1454
-1342
-1045
-669
-670
-734
-551
0
330
195
-490
-1165
-868
-449
-322
-73
293
1069
1944
2263
2475
2490
2166
1833
1462
1505
1548
1314
978
975
1666
2199
2080
1821
1386
1558
2294
2392
2258
2168
1861
1795
2082
2178
2108
1821
1435
1036
1020
1068
1075
1131
808
1113
1624
1608
1684
1436
1023
806
667
494
363
325
99
-20
76
-19
-100
-225
-489
-497
-342
-401
-355
-286
-550
-619
-725
-936
-967
-1193
-1553
-1549
-1396
-1230
-1068
-1118
-1235
-1147
-1113
-1199
-1353
-1664
-1953
-2034
-1956
-2186
-2491
-2547
-2581
-2328
-2069
-2047
-1828
-1594
-1302
-1033
-1192
-1384
-1444
-1521
-1618
-1758
-1773
-1684
-1656
-1343
-813
-233
-228
-752
-734
-368
-142
-306
-738
-597
-1
207
5
-320
-680
-646
-387
-6
549
825
1186
1816
2524
2970
2795
2443
2232
2233
2355
2187
2027
2101
2110
2275
2328
2321
2086
1191
1171
1729
1824
1604
1547
1947
2621
2789
2325
1786
1548
1527
1119
734
638
860
1108
1046
1401
1691
1562
1191
805
646
662
480
-124
-471
-386
-309
-444
-630
-779
-575
-395
-418
-455
-504
-602
-712
-880
-951
-925
-1112
-1203
-1292
-1231
-1238
-1634
-1745
-1785
-1864
-2005
-2231
-2118
-1792
-1717
-1650
-1711
-1752
-1635
-1722
-1886
-2134
-2292
-2226
-2281
-2199
-1982
-1960
-1780
-1771
-1604
-1179
-1102
-1086
-1141
-1212
-1070
-1012
-1012
-818
-484
-84
129
217
146
-27
-258
-585
-627
-616
-568
-234
75
277
257
-117
-201
165
585
1002
1347
1884
2517
3128
3395
3327
3167
2833
2581
2520
2527
2382
2138
1968
1974
2160
1634
1097
1272
1498
1847
1994
1689
1538
1637
1764
1945
1728
1550
1345
1238
1434
1463
1521
1087
792
994
945
1006
767
289
29
-39
-86
-284
-556
-860
-979
-740
-511
-389
-432
-570
-488
-325
-482
-869
-1196
-1439
-1380
-1281
-1393
-1450
-1492
-1561
-1543
-1660
-1779
-1985
-2223
-2213
-2139
-1925
-1673
-1750
-1805
-1917
-2058
-1953
-2085
-2415
-2454
-2397
-2279
-1949
-1848
-1672
-1478
-1277
-1103
-905
-624
-551
-461
-566
-814
-807
-779
-732
-558
-417
-82
360
536
579
664
780
495
166
-67
-142
53
-3
-41
238
529
677
626
627
809
1049
1195
1357
1856
2265
2475
2579
2689
2967
3054
2968
2793
2650
2592
2256
1845
1390
1015
852
798
951
1157
1324
1713
2209
2683
2871
2812
2624
2375
2065
1522
1026
655
339
101
-62
-115
-21
-64
-256
-372
-388
-366
-506
-613
-552
-397
-323
-510
-759
-916
-1210
-1504
-1786
-1981
-1876
-1845
-1805
-1622
-1484
-1382
-1366
-1396
-1304
-1426
-1576
-1746
-1989
-2014
-2111
-2274
-2300
-2326
-2233
-1967
-1725
-1508
-1375
-1412
-1481
-1569
-1509
-1594
-1657
-1652
-1557
-1172
-853
-885
-815
-504
-407
-218
-247
-236
44
117
218
329
445
697
877
876
785
856
947
880
875
900
835
780
675
574
613
562
459
410
409
462
375
313
369
565
930
1297
1699
2215
2744
3125
3210
3176
2918
2539
2125
1668
1409
1171
927
915
1086
1270
1596
1647
1623
1860
1982
2049
1922
1637
1421
1223
848
448
96
-270
-520
-656
-659
-691
-649
-591
-557
-284
-77
-127
-264
-476
-714
-1022
-1547
-2073
-2380
-2560
-2583
-2360
-2101
-1689
-1194
-988
-859
-741
-836
-1027
-1162
-1313
-1310
-1337
-1537
-1688
-1835
-1956
-2015
-2077
-2084
-2003
-1870
-1810
-1607
-1241
-1006
-955
-868
-675
-366
-33
-108
-238
-309
-467
-535
-648
-842
-779
-607
-384
-31
280
459
589
817
1029
1229
1298
1393
1542
1606
1499
1354
1239
988
831
680
549
533
564
590
614
789
925
894
782
703
702
750
715
756
864
1106
1408
1664
1823
1850
1851
1811
1737
1564
1381
1084
1013
1102
1134
1067
869
861
963
934
774
574
417
397
365
345
285
260
257
167
86
-32
-213
-378
-569
-826
-1202
-1468
-1531
-1410
-1072
-738
-339
81
243
152
-175
-679
-1094
-1643
-1989
-2007
-1855
-1534
-1359
-1099
-829
-696
-660
-933
-1182
-1250
-1306
-1298
-1213
-1153
-1169
-1262
-1258
-1319
-1442
-1562
-1529
-1216
-954
-643
-392
-354
-107
2
-56
-123
-422
-519
-503
-424
-305
-295
-200
-115
169
347
311
416
480
540
790
868
868
894
693
654
767
863
926
801
711
692
699
522
319
431
347
478
817
996
1310
1416
1348
1438
1350
1000
749
640
687
786
745
742
962
1288
1316
1128
993
934
972
917
650
527
416
297
251
182
139
95
87
48
203
300
187
119
130
82
-1
-116
-247
-272
-241
-190
-202
-230
-283
-337
-345
-400
-477
-639
-749
-786
-760
-732
-774
-761
-683
-663
-631
-679
-919
-1019
-1141
-1166
-1090
-1114
-1113
-1034
-852
-726
-709
-765
-714
-650
-709
-903
-980
-922
-904
-835
-832
-722
-469
-338
-277
-127
-134
-128
-145
-217
-96
-24
-93
-119
-18
126
181
133
84
175
229
179
214
331
449
528
562
642
741
662
529
568
597
547
503
485
509
574
481
496
723
755
833
865
827
1014
1011
827
719
628
591
627
548
356
342
157
36
119
24
82
111
141
385
529
312
125
94
18
-36
-176
-272
-94
202
210
216
258
239
298
167
48
77
106
-81
-131
-130
-188
-138
-242
-198
-31
-1
-77
-64
-101
-210
-280
-419
-534
-498
-494
-473
-420
-445
-399
-429
-495
-482
-462
-418
-478
-479
-395
-379
-441
-598
-687
-680
-692
-730
-692
-610
-385
-212
-71
130
151
81
-53
-184
-266
-381
-622
-669
-574
-388
-257
-291
-189
-72
70
68
44
80
110
178
177
181
264
277
172
192
271
415
467
409
460
465
393
336
231
187
287
338
399
441
526
559
602
767
792
701
632
608
719
690
483
377
288
288
271
43
-96
-67
-77
-167
-229
-193
-8
81
118
229
247
179
54
34
18
52
-102
-285
-214
-148
-58
-23
-4
76
123
138
118
-2
-22
-36
-310
-403
-431
-366
-240
-252
-209
-168
-121
-39
-87
-240
-299
-353
-406
-376
-267
-248
-266
-365
-396
-404
-424
-498
-488
-287
-132
29
12
-174
-297
-302
-402
-468
-404
-305
-183
0
136
108
13
-184
-333
-364
-409
-427
-448
-324
-60
190
294
366
401
459
436
390
275
140
163
126
72
92
56
-2
75
147
264
404
472
570
631
703
649
560
443
325
334
329
259
298
322
265
318
269
243
217
106
119
160
176
126
37
52
60
25
-93
-214
-295
-312
-237
-168
-15
220
343
401
388
416
355
101
-118
-232
-209
-112
-54
9
105
171
77
-92
-176
-256
-280
-309
-424
-426
-285
-242
-227
-226
-230
-295
-385
-516
-530
-483
-550
-485
-409
-309
-225
-233
-224
-221
-248
-345
-385
-327
-242
-242
-281
-307
-286
-253
-289
-322
-237
-193
-216
-239
-303
-337
-432
-452
-250
49
294
407
510
581
478
277
84
60
206
286
320
353
439
418
277
60
-20
12
129
269
363
581
718
755
782
735
613
466
341
304
291
239
142
179
317
411
347
237
221
252
188
42
-36
-93
-102
-64
-58
15
115
143
122
185
228
136
49
40
50
24
-115
-241
-197
-104
-75
-24
55
129
150
53
-3
-16
-107
-224
-274
-225
-125
-104
-216
-292
-224
-230
-278
-355
-351
-289
-309
-419
-544
-602
-674
-791
-820
-779
-734
-616
-458
-301
-159
-137
-173
-128
-71
-106
-213
-303
-250
-199
-216
-230
-253
-178
-182
-251
-301
-307
-315
-295
-195
-82
48
136
239
298
365
408
415
436
507
557
476
399
292
219
97
70
186
320
479
583
616
662
656
560
533
555
605
610
493
463
460
405
192
17
55
106
221
263
303
386
356
318
212
81
49
48
-31
-25
40
83
130
160
230
250
185
62
59
86
87
-11
-145
-154
-108
-148
-191
-225
-340
-334
-371
-291
-153
-96
-42
-13
52
111
47
-141
-253
-372
-504
-583
-742
-790
-771
-740
-801
-820
-825
-805
-658
-550
-403
-296
-154
-108
-60
-67
-185
-308
-421
-432
-452
-434
-394
-345
-285
-222
-192
-223
-222
-248
-197
-107
-23
37
8
53
87
67
74
82
178
334
414
490
495
466
421
352
376
321
246
210
240
353
446
472
527
621
756
886
836
772
701
571
478
449
370
346
386
475
615
689
592
397
270
188
127
38
-28
-28
42
93
125
111
154
159
156
217
241
216
125
16
-7
-47
-189
-332
-382
-249
-132
-77
-29
72
170
133
-15
-152
-260
-363
-534
-609
-508
-391
-320
-367
-461
-496
-568
-658
-765
-818
-764
-682
-621
-539
-596
-666
-702
-750
-706
-684
-648
-579
-448
-286
-160
-126
-146
-163
-248
-345
-428
-409
-277
-161
-82
29
81
111
102
33
-17
-44
-53
-10
40
82
182
233
241
278
351
382
439
442
509
571
544
452
424
473
500
448
405
457
576
598
517
456
397
383
405
470
515
528
579
695
806
803
702
625
608
522
331
148
99
148
122
96
85
115
213
230
217
212
196
153
33
-50
-134
-183
-215
-174
-55
69
73
-16
-38
-25
-128
-345
-477
-484
-378
-315
-247
-164
-114
-98
-124
-225
-298
-413
-582
-679
-703
-730
-776
-835
-840
-771
-751
-825
-859
-800
-663
-568
-550
-548
-532
-476
-478
-486
-511
-549
-460
-328
-230
-134
-89
-34
80
167
176
115
69
107
146
147
132
96
82
101
130
131
138
189
271
379
458
505
507
515
570
567
528
477
394
383
387
446
467
458
456
445
502
487
475
429
417
516
580
590
542
499
486
503
380
249
211
204
232
269
233
217
188
127
127
14
-71
-125
-129
-74
-45
-49
-111
-128
-103
-123
-185
-226
-274
-305
-311
-283
-283
-322
-339
-323
-266
-233
-172
-168
-127
-84
-91
-142
-226
-318
-358
-342
-417
-508
-601
-620
-615
-631
-658
-686
-659
-565
-474
-427
-385
-312
-233
-160
-145
-207
-262
-313
-322
-280
-256
-218
-97
55
187
290
345
394
362
314
233
169
92
54
40
59
150
248
292
283
258
200
168
111
101
73
115
212
294
356
423
467
490
556
530
485
417
386
409
427
404
369
351
366
361
339
290
274
296
316
364
414
478
444
428
365
271
147
13
-127
-211
-226
-254
-211
-141
-88
-33
-57
-137
-198
-346
-425
-429
-393
-366
-374
-338
-280
-312
-356
-389
-439
-423
-381
-332
-301
-288
-233
-188
-207
-191
-215
-242
-257
-318
-354
-381
-429
-459
-443
-426
-470
-487
-479
-426
-320
-195
-112
-41
-37
-79
-121
-185
-218
-230
-151
-43
55
120
165
182
219
209
180
189
190
213
269
318
356
359
360
389
417
439
439
413
377
340
338
270
172
138
137
157
228
282
329
425
489
485
460
407
350
288
234
196
206
270
307
339
403
396
389
345
247
210
157
183
283
307
302
294
253
232
99
-72
-197
-269
-290
-357
-401
-393
-400
-372
-358
-381
-405
-394
-417
-460
-521
-599
-626
-629
-610
-582
-582
-567
-498
-427
-411
-375
-309
-264
-244
-191
-198
-215
-209
-264
-295
-283
-267
-193
-184
-206
-228
-236
-205
-205
-218
-237
-226
-218
-200
-237
-253
-224
-180
-84
-1
81
166
237
285
302
295
252
232
200
144
155
176
197
273
305
400
468
504
532
558
599
611
563
559
585
502
392
312
302
338
330
318
360
423
489
513
484
480
428
358
331
311
284
264
276
271
289
313
244
190
150
133
131
72
-3
-32
-50
-79
-99
-134
-116
-77
-43
-28
-95
-148
-223
-346
-485
-563
-624
-624
-629
-629
-554
-500
-438
-453
-495
-563
-591
-553
-548
-542
-560
-541
-479
-447
-466
-459
-422
-384
-350
-295
-264
-261
-248
-278
-274
-232
-210
-234
-234
-184
-119
-54
-64
-125
-143
-144
-130
-139
-161
-168
-103
11
133
211
245
317
356
375
390
330
273
270
267
278
264
272
252
248
241
302
382
390
401
479
569
603
597
532
510
518
463
393
334
319
348
359
368
400
469
485
521
562
504
431
350
256
176
158
102
44
34
51
73
72
87
88
66
26
-2
-51
-62
-63
-65
-55
-17
-13
-43
-116
-165
-213
-268
-305
-377
-400
-374
-330
-316
-334
-355
-395
-431
-464
-488
-510
-504
-491
-509
-457
-468
-491
-494
-479
-432
-409
-410
-404
-362
-391
-420
-441
-403
-379
-338
-269
-176
-94
-102
-143
-180
-188
-232
-242
-294
-274
-194
-158
-100
-97
-49
-10
60
106
89
125
158
221
236
240
247
248
245
250
243
232
252
259
276
292
329
366
368
419
462
497
535
529
536
576
614
629
605
569
576
539
487
417
363
326
360
360
351
350
362
360
329
313
263
212
142
147
138
119
102
46
52
77
27
-65
-148
-193
-222
-255
-289
-302
-286
-286
-286
-270
-296
-268
-261
-258
-203
-214
-235
-238
-235
-208
-224
-263
-252
-266
-304
-350
-417
-414
-428
-417
-394
-378
-342
-340
-374
-362
-351
-346
-342
-343
-371
-370
-367
-342
-344
-355
-305
-283
-223
-195
-181
-161
-124
-127
-140
-173
-200
-196
-183
-138
-89
-69
-44
6
65
144
208
236
254
271
291
274
231
175
148
187
207
277
323
386
457
533
565
529
483
377
334
296
265
253
305
350
368
402
422
434
430
436
437
444
427
364
353
383
367
328
251
177
152
127
99
66
54
85
124
127
141
107
100
75
18
-10
-101
-190
-229
-254
-243
-240
-256
-274
-233
-208
-260
-264
-286
-317
-311
-331
-367
-385
-384
-341
-316
-279
-232
-229
-225
-246
-308
-283
-317
-359
-371
-337
-266
-251
-259
-264
-220
-224
-234
-276
-314
-260
-235
-189
-175
-143
-108
-73
-56
-105
-141
-166
-153
-94
-44
-54
-84
-101
-103
-104
-132
-149
-128
-44
57
101
135
180
221
265
275
260
226
174
179
203
206
219
235
268
290
340
383
431
459
462
445
433
398
341
300
266
316
332
349
348
380
409
362
327
285
255
259
229
203
197
190
216
226
171
135
71
50
17
-27
-21
-43
-43
-45
-39
-73
-121
-159
-181
-198
-222
-231
-241
-271
-291
-293
-280
-276
-286
-299
-290
-287
-263
-270
-307
-306
-321
-331
-354
-359
-358
-315
-290
-248
-244
-257
-256
-293
-294
-326
-327
-306
-255
-183
-121
-91
-75
-72
-71
-76
-141
-170
-175
-156
-167
-132
-79
-29
39
83
100
84
81
64
71
76
72
94
134
142
161
178
164
182
203
224
272
275
281
304
307
328
322
313
338
384
438
437
417
421
401
348
278
249
210
172
138
148
190
195
166
155
157
119
109
97
85
118
164
187
193
192
168
131
79
31
-12
-37
-78
-102
-109
-83
-86
-113
-128
-146
-136
-159
-151
-155
-143
-162
-162
-206
-217
-244
-336
-320
-336
-309
-330
-340
-338
-329
-326
-354
-362
-357
-319
-313
-282
-241
-190
-177
-219
-254
-298
-301
-338
-367
-375
-344
-277
-222
-154
-120
-69
-33
-16
-1
-16
-37
-29
-34
-25
-4
24
44
41
72
59
78
82
131
155
183
217
222
295
298
305
303
292
246
246
223
218
230
255
302
361
465
539
554
526
518
474
401
331
244
211
179
170
170
151
186
219
244
215
198
173
153
108
88
95
97
94
83
77
72
66
88
22
-41
-78
-102
-98
-112
-143
-179
-165
-156
-163
-164
-184
-188
-202
-215
-219
-249
-260
-270
-262
-234
-226
-261
-255
-255
-292
-319
-354
-385
-382
-394
-378
-374
-360
-338
-305
-316
-365
-375
-414
-401
-394
-370
-314
-252
-158
-134
-153
-136
-110
-142
-164
-159
-129
-107
-100
-43
1
53
103
118
124
116
133
138
129
160
151
152
209
262
296
344
380
426
453
424
404
361
320
303
302
320
383
421
443
470
470
500
456
413
352
291
302
293
245
227
227
264
256
237
226
228
235
228
171
155
140
92
100
41
-3
-7
3
-10
-9
-44
-61
-56
-112
-137
-202
-266
-317
-367
-351
-339
-308
-288
-223
-204
-177
-168
-196
-217
-255
-292
-325
-327
-346
-383
-391
-352
-341
-316
-316
-308
-279
-279
-280
-302
-311
-288
-290
-325
-345
-337
-316
-290
-237
-225
-181
-157
-139
-107
-120
-109
-108
