4
7
2
-6
-2
1
9
5
6
3
6
4
-4
-6
-1
10
-3
-3
-3
1
2
9
1
7
8
7
20
14
14
8
7
9
0
6
5
2
6
3
2
10
1
-1
5
11
6
4
-1
-11
-8
-19
-17
-9
-6
2
5
9
-3
23
10
6
10
4
8
14
18
6
4
9
14
13
20
16
15
13
9
6
0
-5
-7
-12
-10
-9
-24
-30
-21
-24
-21
-24
-22
-26
-24
-25
-18
-11
-14
-4
-5
-6
-9
-12
-19
-12
-8
-13
-5
-3
-7
5
3
1
-7
3
13
14
13
8
10
0
7
-1
-10
-13
-5
-4
-11
1
2
-2
-14
-7
3
-3
-1
-9
-7
-8
-5
-4
-3
-1
0
1
-7
-9
-3
3
8
7
8
-8
-5
-13
-21
-12
-7
3
-1
6
11
17
26
19
14
18
17
13
22
18
12
15
7
9
7
5
18
6
3
9
4
-2
1
-1
-4
2
2
10
11
5
3
-1
5
16
7
7
7
4
3
4
4
4
0
4
15
15
19
29
17
19
24
20
16
15
10
-2
-3
-10
-14
-9
-14
-16
-11
-19
-16
-20
-21
-18
-25
-32
-19
-16
-23
-26
-9
-19
-17
-2
-6
3
10
12
5
-3
3
10
6
8
11
1
10
15
-2
10
14
-2
-5
-5
-1
0
-2
-4
-5
5
9
4
15
9
3
-6
2
-8
-3
7
6
3
-4
-4
-4
3
-3
2
-13
-11
3
0
6
10
10
0
-11
5
8
-5
-11
-8
-20
-20
-24
-26
-24
-31
-26
-26
-26
-16
-12
-19
-13
-5
-7
8
9
9
-2
-2
2
-3
-2
9
12
13
10
17
25
17
15
10
8
-3
6
0
-6
2
-2
8
2
0
6
0
3
7
6
2
2
-2
0
19
19
17
7
15
10
-3
-2
-3
7
-1
-2
-3
0
9
5
9
5
-5
0
-5
-1
0
-8
-5
-4
2
-4
-4
9
2
5
3
-11
-19
-22
-18
-19
-16
-12
-2
-5
5
9
9
7
10
11
7
8
10
9
7
4
7
-3
-2
5
-2
11
8
5
15
9
2
1
9
6
10
6
3
-9
-13
-11
-21
-19
-6
-30
-16
-181
-485
-462
-213
27
125
-165
-405
-451
-345
-6
202
298
196
6
57
289
579
714
586
491
390
403
628
790
938
757
450
312
252
420
463
294
137
-191
-339
-283
-282
-229
-426
-643
-657
-640
-575
-607
-844
-1104
-1241
-979
-647
-746
-1123
-1452
-1203
-796
-852
-945
-824
-701
-617
-553
-172
265
282
234
272
536
870
1048
1259
1404
1343
1271
1180
1373
1612
1512
1233
917
894
875
630
568
501
175
-150
-338
-232
-242
-547
-726
-782
-765
-732
-760
-673
-637
-610
-486
-366
-131
-25
-8
50
197
470
544
475
620
649
529
429
460
562
513
267
-168
-217
66
142
23
-346
-735
-882
-897
-529
-235
-294
-499
-809
-692
-296
36
275
234
210
241
362
742
996
1134
964
722
814
916
1055
1104
913
760
533
327
369
317
204
-49
-407
-520
-578
-659
-805
-1005
-1129
-1199
-1175
-1182
-1330
-1473
-1863
-2191
-2105
-1801
-1616
-1976
-2440
-2256
-1631
-1457
-1829
-1926
-1449
-943
-731
-511
35
248
179
342
830
1477
1766
1834
2057
2242
2308
2399
2525
2662
2582
2245
1842
1727
1821
1611
1191
870
584
216
-146
-165
-120
-525
-996
-1091
-997
-823
-887
-1228
-1176
-753
-376
-323
-488
-459
-225
-42
335
699
846
753
586
711
758
876
1114
1119
967
569
337
532
654
729
475
7
-53
-121
-66
103
-25
-230
-489
-481
-212
-69
-26
-102
-149
-45
24
272
503
531
543
343
350
528
504
548
373
142
51
-131
-152
-212
-389
-545
-799
-896
-940
-1066
-1326
-1660
-1828
-1837
-2103
-2422
-2613
-2518
-2410
-2727
-2740
-2196
-1643
-1976
-2828
-2639
-1464
-692
-696
-616
-140
-33
-89
463
1494
2090
1944
1763
2099
2483
2821
3086
3122
3047
2698
2300
2109
2345
2429
1802
1095
778
745
450
60
79
-48
-691
-1090
-925
-604
-819
-1172
-1042
-955
-820
-566
-359
-315
-598
-440
0
377
699
521
452
670
730
644
731
1084
1254
898
522
606
870
776
530
436
352
201
0
-14
182
41
-333
-468
-391
-219
-265
-337
-124
86
3
48
178
144
137
140
224
367
371
151
-63
-91
-128
-225
-325
-465
-618
-930
-1162
-1165
-1196
-1264
-1529
-1872
-1984
-1912
-2074
-2346
-2567
-2452
-2221
-2471
-2688
-2023
-1120
-1480
-2514
-2464
-1207
-213
-287
-437
130
259
85
500
1480
2213
1995
1684
2014
2438
2755
2943
2928
2841
2572
2169
1866
2140
2367
1795
994
631
682
650
95
-36
-5
-525
-927
-750
-420
-593
-1046
-894
-490
-740
-719
-247
18
-36
-140
135
467
686
688
521
935
1245
1014
887
971
1350
1278
783
925
1076
905
567
344
574
380
-35
-112
-112
-79
-370
-548
-368
-331
-401
-590
-510
-139
-230
-443
-390
-399
-311
-292
-229
-42
-116
-379
-478
-476
-444
-661
-718
-687
-916
-1162
-1381
-1298
-1207
-1381
-1537
-1774
-1971
-1879
-2021
-2199
-2379
-2398
-2089
-2216
-2575
-2286
-1262
-900
-1982
-2635
-1537
-233
96
-267
38
513
238
320
1201
2242
2346
1868
1967
2432
2703
3007
3089
3073
2978
2501
2095
2083
2451
2323
1439
826
819
753
306
14
133
-103
-786
-957
-585
-290
-765
-1448
-911
-450
-424
-245
-343
-176
-83
-113
361
545
789
878
772
1128
1212
1148
1183
1264
1504
1133
837
1044
1006
942
391
112
210
-236
-275
-277
-346
-389
-899
-879
-541
-454
-359
-576
-529
-233
-501
-605
-344
-112
11
-140
-203
-142
-247
-298
-268
-146
-215
-704
-947
-910
-972
-1036
-1378
-1570
-1500
-1786
-1801
-1873
-2023
-1939
-2555
-2712
-2410
-2279
-2128
-2647
-2744
-1811
-1126
-1501
-2573
-2230
-685
-119
-249
-231
447
628
167
761
1981
2551
2397
2108
2505
2839
2820
3150
3366
3292
2889
2264
2069
2354
2552
2121
1228
815
727
379
108
90
49
-614
-1414
-1198
-506
-409
-964
-1338
-1000
-711
-620
-316
-35
104
159
36
374
1188
1433
1137
969
1269
1591
1557
1507
1679
1615
1213
980
1134
1318
1082
526
100
-3
-101
-188
-104
-225
-681
-1078
-1034
-591
-363
-734
-1013
-950
-911
-963
-802
-494
-380
-753
-935
-724
-432
-458
-762
-897
-746
-811
-1152
-1156
-1152
-1321
-1658
-1906
-1813
-1662
-1711
-1838
-1970
-2128
-2488
-2464
-1959
-1669
-1921
-2515
-2501
-1311
-462
-1112
-2319
-1930
-368
291
-53
96
743
614
317
913
2286
2749
2260
2055
2480
2897
2982
3262
3589
3378
2715
2234
2174
2563
2681
2038
1196
706
556
313
139
289
-185
-1318
-1631
-851
-330
-911
-1735
-1651
-1154
-991
-801
-538
-316
-441
-506
26
716
1206
1155
923
1235
1691
1856
1924
2041
2181
1686
1362
1634
1845
1705
1083
618
469
342
233
98
50
-303
-958
-1221
-965
-544
-733
-1486
-1663
-1379
-1209
-981
-1005
-1066
-1219
-1512
-1271
-866
-649
-710
-1040
-1112
-1117
-1064
-943
-979
-1017
-1440
-1782
-1558
-1485
-1242
-1424
-1949
-1833
-2113
-2115
-1732
-1752
-1722
-2321
-2604
-1566
-654
-692
-2047
-2768
-1538
-1127
-1226
-20
1880
1988
-411
-1504
471
2377
3101
2872
2727
2744
1929
2220
3493
4277
4158
2776
1724
2133
2771
3022
2303
1677
1351
106
-538
-356
199
513
-561
-1319
-1562
-1760
-1096
-1009
-971
-874
-1499
-1200
-623
-164
479
321
430
796
1102
1717
1794
2059
2300
2141
2428
2396
2395
2249
1811
1946
1742
1498
1186
576
416
66
-254
-256
-578
-707
-1083
-1516
-1590
-1817
-1791
-1733
-1625
-1490
-1776
-1971
-1988
-1857
-1483
-1297
-919
-1100
-1571
-1653
-1483
-1021
-767
-964
-1151
-1374
-1530
-1386
-1286
-1113
-1343
-1580
-1720
-1808
-1948
-2084
-2059
-2169
-2279
-2034
-1213
-877
-2085
-3232
-2440
-784
21
-354
-588
-425
-509
-341
625
2091
2527
1722
1197
1650
2768
3563
3577
3614
3293
2638
2342
2800
3726
3608
2375
1513
1383
1584
1080
564
1072
956
-129
-1181
-1299
-388
-475
-1130
-1203
-1278
-1167
-1361
-1218
-413
-119
-124
-142
151
795
882
1102
1692
2265
2348
1830
1973
2458
2497
2426
2257
2273
2125
1471
1330
1426
1172
710
127
62
49
-576
-976
-1090
-1162
-1470
-1777
-1604
-1453
-1807
-2370
-2251
-1855
-1935
-2075
-2039
-1962
-1925
-2193
-1889
-1335
-1423
-1714
-1977
-1823
-1500
-1516
-1439
-1104
-1076
-1345
-1589
-1348
-931
-1078
-1765
-2072
-1865
-1330
-628
-37
-580
-2238
-3118
-2001
107
804
47
-535
-745
-733
-80
971
1981
1830
844
619
1300
2359
3145
3102
2807
2395
2090
2224
2798
3422
3080
2035
1477
1421
1774
1466
668
711
628
241
-155
-737
-663
-798
-1235
-835
-782
-831
-1129
-1613
-1137
-407
96
207
-192
-30
279
810
1525
1758
2061
1634
1304
1825
2202
2582
2410
1980
1980
1692
1526
1589
1431
1236
848
297
97
-117
-280
-466
-810
-1078
-1267
-1256
-1269
-1578
-1801
-2091
-2155
-1515
-1228
-1690
-2235
-2574
-2123
-1596
-1418
-1316
-1834
-2368
-2414
-2013
-1290
-1030
-1396
-1711
-1888
-1790
-1400
-926
-1008
-1744
-2361
-2386
-1540
-191
347
-610
-2408
-3005
-1584
197
901
494
-208
-924
-886
79
1625
2462
1930
1034
803
1542
2871
3690
3423
2823
2210
2142
2620
3359
3691
2894
1687
1119
1450
1896
1661
1050
97
-655
-668
-363
-231
-772
-1713
-2114
-1945
-1631
-1404
-1601
-1796
-1745
-1497
-878
-130
143
21
-121
380
1290
1911
2226
2209
2106
2062
2313
2806
3137
3049
2624
2121
2068
2166
2099
1907
1344
814
341
-107
-39
-31
-441
-894
-1559
-1752
-1541
-1575
-1546
-1866
-2300
-2703
-2978
-2369
-1715
-1722
-2332
-2527
-1846
-1670
-1945
-2363
-2286
-1288
-1198
-1257
-1191
-1533
-1311
-1482
-1691
-1753
-1957
-1781
-1708
-1888
-1367
-948
-1650
-2745
-2628
-1412
-723
-845
-986
-677
-594
-676
-161
867
1497
1617
1427
1446
2123
2928
3317
3591
3567
3400
3124
3019
3766
4017
3391
2612
2177
2112
1929
1666
1502
1089
442
-506
-912
-378
-313
-954
-1699
-2076
-1554
-1475
-1596
-1547
-1808
-1509
-1220
-740
-29
-87
-192
11
475
1241
1614
1974
1963
1713
1696
1851
2628
2864
2248
1712
1268
1340
1476
1393
1379
751
-55
-512
-517
0
6
-576
-1187
-1616
-1439
-1283
-1070
-806
-1306
-1829
-1851
-1550
-805
-868
-1236
-890
-1390
-2033
-2109
-1645
-800
-574
-1005
-1486
-2062
-1677
-1461
-2337
-2618
-2082
-1130
-464
-966
-2157
-3464
-3952
-2662
-1279
51
318
-1491
-3296
-3471
-1295
1115
981
-7
-740
-1278
-470
796
2636
3088
1670
891
784
2037
3846
4154
3803
2910
2203
2447
2797
3957
4045
2457
1503
1178
1774
2263
1491
903
10
-647
-351
-238
-224
-770
-1499
-1477
-1368
-1237
-882
-1072
-1221
-1400
-1439
-642
-84
361
212
-115
357
691
1149
1805
1788
1768
1578
1478
1988
2108
2329
2053
1342
1189
900
1061
1211
853
522
-131
-455
-434
-433
-288
-546
-963
-1378
-2077
-1873
-840
-207
-304
-1761
-2910
-2102
-829
-146
-210
-1067
-1184
-1427
-1508
-813
-436
-97
-717
-1833
-2014
-1652
-744
-553
-1312
-2220
-3332
-3350
-3193
-1901
-6
-1088
-3410
-4751
-3637
-1313
-1356
-1563
-1288
-1584
-1712
-1647
-272
1134
924
530
514
1580
2786
2943
3263
3413
3691
3633
3212
4049
4608
3918
3201
2885
3415
3369
2461
2030
1532
970
644
461
704
61
-1248
-1772
-1640
-1075
-1221
-1692
-1774
-2121
-2022
-1816
-1388
-532
-647
-1106
-953
-357
638
1004
1069
1442
1326
1406
1771
2371
2953
2717
2407
2241
2081
2053
1929
2021
1790
1063
477
119
208
249
-245
-807
-1249
-1643
-1729
-1727
-1662
-1769
-2340
-2411
-2118
-1787
-1558
-1753
-1882
-1786
-1708
-1411
-779
-451
-670
-975
-866
-743
-405
-273
-370
-440
-1046
-1181
-851
-755
-675
-1275
-1916
-2081
-2388
-2029
-1997
-2655
-2842
-2461
-1452
-1529
-2761
-3128
-2430
-1168
-595
-664
-103
-175
-348
125
1052
2546
2937
2503
2511
2605
3432
4016
4244
4741
4287
3501
3009
3116
3777
3455
2563
2003
1429
1114
588
368
342
-680
-1336
-1339
-1328
-1471
-2327
-2628
-2172
-2006
-1732
-1808
-1892
-1778
-1905
-1246
-250
536
840
290
395
1072
1703
2424
2611
2816
2596
2014
2373
2865
3168
2823
1862
1514
1142
1015
1159
935
541
-387
-1355
-1359
-1180
-1013
-1371
-2074
-2234
-2445
-2459
-2241
-1940
-1669
-1830
-2032
-1747
-1467
-1139
-985
-803
-536
-853
-746
-275
-201
-92
-512
-639
-209
-466
-466
-732
-1071
-818
-1219
-1574
-1844
-2286
-2076
-2524
-2861
-2471
-1722
-1279
-2637
-3758
-3010
-1729
-649
-856
-995
-576
-911
-341
748
1777
2595
2140
1942
2576
3240
4268
4360
4164
4087
3478
3405
3674
4158
4077
2797
1969
1794
1672
1582
950
545
-130
-1263
-1262
-1145
-1230
-1483
-2364
-2398
-2250
-2142
-1818
-1814
-1778
-1735
-1533
-1037
-484
220
429
491
895
1175
1769
2182
2322
2592
2328
2340
2738
2722
2637
2161
1679
1419
1300
1163
1001
568
-269
-841
-1134
-1147
-974
-1249
-1857
-2327
-2615
-2428
-2073
-1925
-1765
-1882
-2066
-1824
-1424
-1033
-782
-740
-647
-447
-405
-362
-24
204
40
-244
-513
-289
-75
-320
-668
-957
-1133
-1403
-1845
-2034
-1816
-2140
-2966
-3221
-2200
-1312
-2114
-3497
-3501
-2160
-1164
-1093
-843
-530
-736
-683
65
1594
2594
2449
2190
2375
3093
3904
4229
4464
4458
3922
3335
3177
3828
4049
3249
2397
1731
1383
877
551
585
-36
-1156
-1767
-1642
-1329
-1629
-2406
-2744
-2507
-2162
-1896
-1775
-1722
-1712
-1834
-1402
-313
554
966
806
717
1331
1940
2486
2927
3083
2855
2441
2519
2913
3004
2617
1893
1520
1137
734
677
469
31
-808
-1548
-1537
-1427
-1687
-2189
-2624
-2641
-2529
-2495
-2268
-2175
-2218
-2215
-1870
-1240
-872
-828
-978
-656
-266
-58
251
594
560
317
-184
-123
318
382
133
-405
-868
-916
-1003
-1256
-1523
-1855
-2244
-2917
-3046
-2434
-1420
-1619
-3193
-3910
-3083
-1667
-900
-1068
-876
-766
-781
-46
1030
2106
2438
2151
2271
2942
3779
4391
4455
4325
3932
3528
3501
3813
4091
3380
2312
1737
1493
1359
905
330
-180
-1052
-1899
-1877
-1579
-1672
-2347
-3133
-3046
-2625
-2344
-2017
-1945
-1828
-1799
-1683
-1106
-218
799
1126
1006
1156
1583
2345
2811
2985
3185
2966
2910
3060
3099
3024
2443
1865
1562
1295
977
494
142
-401
-931
-1354
-1768
-1723
-1953
-2408
-2599
-2757
-2573
-2470
-2390
-2163
-2009
-1870
-1751
-1480
-1055
-810
-432
-180
-95
82
11
476
774
583
480
135
149
435
170
-88
-446
-775
-1067
-1524
-1691
-1772
-2194
-2708
-3083
-2422
-1524
-2077
-3329
-3964
-3019
-1680
-1270
-971
-729
-922
-937
-513
937
2326
2535
2340
2273
2761
3617
4108
4514
4621
4092
3630
3272
3784
4125
3397
2549
1793
1442
1126
599
482
-158
-1230
-1590
-1691
-1605
-2039
-2886
-2971
-2808
-2551
-2175
-2166
-2005
-2163
-2288
-1646
-568
588
890
614
675
1115
1910
2600
3142
3475
2911
2471
2680
3110
3539
3125
2329
1750
1161
906
872
832
428
-637
-1499
-1720
-1703
-1853
-2212
-2488
-2594
-2771
-2837
-2808
-2586
-2376
-2184
-1818
-1447
-1180
-1139
-951
-463
14
211
349
515
535
564
352
426
792
732
476
-31
-451
-472
-737
-1041
-1277
-1696
-1936
-2504
-3052
-2824
-2022
-1470
-2524
-3856
-3731
-2593
-1353
-1096
-1019
-758
-1057
-853
132
1487
2576
2543
2227
2458
3033
3931
4361
4486
4487
3932
3485
3459
3818
3884
3073
2256
1704
1307
883
415
58
-589
-1256
-1482
-1749
-2119
-2605
-2950
-2794
-2679
-2506
-2385
-2279
-2220
-2342
-1964
-887
143
591
317
333
1008
1859
2677
2968
3043
2843
2627
2859
3346
3668
3186
2200
1591
1398
1387
1361
966
302
-663
-1525
-1663
-1450
-1436
-1965
-2671
-3089
-3079
-2770
-2494
-2309
-2328
-2461
-2234
-1754
-1190
-849
-829
-566
-267
62
542
635
706
708
598
796
835
801
704
294
71
-226
-424
-561
-1004
-1414
-1851
-1972
-2117
-2645
-2625
-2026
-1758
-2650
-3865
-3310
-1793
-1019
-1156
-1289
-928
-755
-505
446
1693
2350
2132
1810
2366
3340
3999
4075
3959
3872
3474
3084
3291
3709
3516
2479
1614
1321
1126
579
-100
-216
-373
-1103
-1912
-2253
-2148
-2238
-2633
-2560
-2257
-2059
-2191
-2520
-2473
-1850
-851
12
487
543
302
508
1397
2425
3144
3015
2786
2755
2732
3092
3475
3426
2891
2084
1599
1419
1288
1093
580
-122
-965
-1537
-1638
-1590
-1798
-2389
-3011
-2978
-2735
-2503
-2330
-2542
-2599
-2300
-1819
-1139
-809
-959
-985
-875
-178
782
1104
908
578
256
418
887
1304
1318
608
-257
-699
-525
-268
-346
-822
-1604
-2302
-2762
-2799
-1949
-1094
-1620
-3304
-4317
-3363
-1620
-883
-1016
-1167
-1356
-1317
-624
656
1943
2226
1771
1690
2313
3362
4000
3946
3817
3588
3256
3190
3526
3831
3213
2145
1495
1468
1237
464
152
32
-708
-1638
-2081
-1912
-1846
-2438
-2928
-2803
-2376
-2266
-2578
-2620
-1932
-1200
-820
-408
7
361
631
1061
2015
2698
2700
2639
2871
3220
3277
3201
3246
3170
2723
2156
1881
1780
1381
797
169
-249
-682
-1357
-1640
-1747
-2191
-2678
-2884
-2759
-2560
-2638
-2700
-2573
-2291
-1979
-1798
-1476
-1054
-834
-584
-251
223
508
546
712
780
906
1034
953
1011
914
498
205
-118
-308
-473
-830
-1131
-1540
-2112
-2520
-2322
-1497
-1510
-2802
-3864
-3342
-1958
-1288
-1376
-1366
-1391
-1349
-867
44
1227
1660
1449
1398
1856
2813
3566
3589
3591
3466
3197
3114
3222
3669
3344
2267
1600
1559
1328
673
366
154
-576
-1449
-1908
-1718
-1741
-2315
-2837
-2846
-2480
-2415
-2588
-2429
-1837
-1321
-1073
-704
-113
310
637
989
1738
2451
2462
2582
2984
3266
3349
3132
3100
3105
2889
2549
2135
1820
1423
836
272
59
-209
-881
-1483
-1753
-1957
-2183
-2501
-2639
-2509
-2538
-2575
-2410
-2065
-1899
-1894
-1583
-1124
-663
-469
-377
29
331
425
443
426
745
924
893
936
833
568
188
-15
-159
-398
-579
-971
-1284
-1668
-2316
-2247
-1514
-1110
-2022
-3529
-3509
-2201
-1152
-909
-1146
-1253
-1458
-1261
-286
962
1712
1529
1242
1558
2264
3069
3414
3345
3358
3061
2740
2834
3234
3298
2480
1542
1261
956
506
441
270
-397
-1501
-2185
-1924
-1761
-1950
-2457
-2880
-2725
-2638
-2594
-2175
-1676
-1174
-1082
-984
-323
323
770
1115
1598
2326
2445
2477
2911
3232
3396
3070
2918
3093
3040
2782
2332
1822
1513
925
527
291
-163
-676
-1413
-1700
-1782
-2048
-2191
-2547
-2616
-2481
-2689
-2460
-2228
-1919
-1684
-1794
-1487
-1039
-704
-351
-156
229
313
274
460
618
1005
813
661
722
481
429
271
-127
-352
-742
-1012
-1089
-1543
-1948
-1979
-1432
-1058
-2096
-3428
-3346
-2067
-1000
-1014
-1193
-1153
-1362
-1123
-232
1131
1976
1448
1079
1458
2346
3270
3390
3373
3396
2983
2666
2769
3321
3381
2342
1488
1202
784
545
572
481
-392
-1767
-2257
-1930
-1678
-1897
-2504
-2782
-2770
-2779
-2515
-2114
-1507
-1241
-1432
-946
-233
410
936
1031
1600
2008
2036
2535
2975
3316
3169
2741
2933
3055
2881
2546
2024
1805
1344
817
585
291
-7
-837
-1434
-1331
-1536
-1880
-2269
-2482
-2396
-2467
-2495
-2153
-1935
-1963
-1930
-1747
-1221
-765
-489
-274
-255
-285
-57
289
748
770
518
407
300
556
508
346
128
-651
-963
-863
-856
-962
-1830
-2278
-1821
-1221
-1076
-2267
-3114
-2560
-1656
-925
-793
-630
-622
-1041
-646
336
1487
2087
1668
1491
1796
2365
3265
3530
3399
3042
2461
2450
2757
3132
2870
1749
974
570
215
297
361
-44
-1129
-2299
-2350
-2028
-1896
-2014
-2686
-2906
-2921
-2799
-2109
-1520
-1070
-1120
-1393
-805
120
1057
1668
1642
1878
1910
2109
2860
3476
3777
3203
2556
2631
2795
3041
2842
2169
1578
793
318
279
266
20
-862
-1658
-1959
-1979
-1789
-1960
-2265
-2454
-2692
-2568
-2068
-1634
-1496
-1683
-1682
-1411
-1023
-491
15
32
-251
-421
-40
583
885
677
317
181
82
125
284
129
-440
-984
-1245
-1080
-1128
-1608
-1690
-1255
-989
-1861
-3058
-2772
-1543
-783
-877
-1116
-901
-798
-691
-4
1056
1773
1564
1240
1687
2439
3066
3258
3166
3125
2759
2456
2615
2966
2979
2102
1268
782
392
497
536
18
-905
-2032
-2223
-1928
-1829
-1825
-2498
-3015
-2943
-2677
-2103
-1783
-1596
-1423
-1382
-822
-263
485
1178
1283
1629
1725
2035
2789
3032
3222
3006
2727
2894
2823
2908
2790
2191
1803
1286
961
712
282
-50
-776
-1146
-1326
-1726
-1964
-2134
-2223
-2379
-2592
-2437
-2115
-1904
-1969
-2059
-1714
-1243
-959
-687
-363
-265
-188
-246
24
576
683
616
406
138
385
410
392
353
-342
-721
-903
-989
-889
-1214
-1466
-1307
-989
-1214
-2410
-2656
-1766
-843
-447
-852
-831
-621
-629
14
809
1542
1864
1380
1392
2037
2710
3261
3168
2952
2754
2449
2480
2662
3004
2502
1411
889
687
128
-247
-78
-65
-820
-2033
-2626
-2340
-2237
-2227
-2532
-2719
-2471
-2678
-2508
-1931
-1266
-837
-940
-687
-63
511
1183
1484
2105
2416
2063
2325
2660
3098
3182
2723
2814
2695
2429
2172
1668
1551
1226
586
230
-53
-476
-1081
-1509
-1479
-1659
-1909
-2167
-2400
-2290
-2312
-2310
-2031
-1851
-1768
-1855
-1523
-868
-590
-544
-539
-450
-303
-174
213
764
854
481
56
177
309
302
300
-83
-481
-810
-1004
-884
-1005
-1223
-1236
-979
-959
-1913
-2624
-2007
-743
-171
-549
-768
-722
-665
-228
619
1602
1999
1513
1345
1833
2584
3254
3290
3185
2922
2478
2384
2634
2983
2744
1575
627
590
924
768
8
-852
-1489
-1912
-1953
-1882
-1858
-2163
-2955
-3278
-2886
-2110
-1888
-2136
-2076
-1755
-1128
-518
-46
535
699
634
1123
1936
2659
2736
2468
2506
2650
2854
2951
2956
2793
2174
1607
1384
1431
1253
663
158
-443
-974
-1201
-1258
-1259
-1668
-2217
-2411
-2330
-2120
-2058
-2167
-2064
-1914
-1861
-1622
-1195
-978
-958
-636
-323
-226
-149
-198
151
515
532
410
178
177
286
163
53
-244
-542
-814
-986
-1024
-1088
-846
-490
-674
-1740
-2649
-2068
-563
138
-230
-745
-902
-694
-116
862
1769
1909
1397
1070
1610
2640
3326
3210
2803
2645
2423
2463
2718
2887
2582
1700
959
517
336
453
334
-235
-1195
-2057
-2150
-2037
-1930
-2155
-2728
-2989
-2897
-2560
-2142
-1953
-1862
-1816
-1493
-766
-104
416
682
851
1256
1649
2148
2550
2690
2801
2675
2722
2976
2998
2825
2364
1808
1550
1338
1142
827
367
-170
-840
-1136
-1207
-1367
-1666
-2145
-2449
-2427
-2380
-2227
-2069
-2061
-2099
-2050
-1887
-1636
-1290
-940
-630
-443
-507
-541
-285
79
520
679
572
465
215
81
308
353
127
-211
-494
-603
-763
-1006
-887
-511
-345
-1005
-2155
-2300
-1320
-172
105
-364
-739
-927
-653
224
1156
1772
1539
1040
1255
1933
2788
3229
2981
2721
2438
2337
2600
2819
2867
2236
1375
762
424
769
858
314
-599
-1684
-1897
-1760
-1724
-1775
-2449
-2849
-2814
-2611
-2002
-1803
-1912
-2055
-1941
-1012
-272
163
372
361
665
1049
1678
2319
2353
2262
2085
2227
2735
2824
2840
2367
1717
1362
1124
1257
1227
705
68
-727
-992
-939
-1048
-1115
-1673
-2201
-2380
-2420
-2017
-1751
-1812
-1968
-2156
-1983
-1777
-1377
-879
-740
-629
-813
-837
-433
-184
210
345
193
144
-57
75
465
306
-95
-455
-623
-532
-599
-649
-586
-469
-330
-737
-1555
-1803
-1184
-107
343
18
-266
-510
-384
222
1089
1848
1785
1371
1369
1725
2470
2945
2961
2805
2384
2216
2260
2486
2739
2331
1614
836
269
593
724
367
-241
-1238
-1620
-1736
-1815
-1600
-1950
-2332
-2558
-2660
-2136
-1804
-1625
-1660
-1819
-1348
-723
-84
482
561
751
882
1262
1927
2089
2219
2141
1982
2151
2183
2434
2434
1826
1353
896
758
859
695
311
-400
-1038
-1265
-1319
-1190
-1479
-1855
-2038
-2267
-2218
-2115
-1957
-1776
-1765
-1874
-1797
-1530
-1254
-1160
-1090
-895
-710
-546
-444
-254
-167
-176
-98
-36
95
215
-20
-259
-410
-521
-389
-366
-481
-338
-221
-152
-546
-1314
-1342
-547
420
679
351
42
-86
136
847
1632
2154
1901
1455
1552
2016
2689
2963
2798
2560
2192
1987
2127
2378
2477
1927
1180
475
106
420
525
240
-459
-1462
-1819
-1813
-1601
-1475
-1954
-2233
-2532
-2608
-1983
-1478
-1101
-1154
-1410
-1078
-611
71
712
948
1132
904
995
1595
1990
2331
2158
1883
1859
1742
1949
2019
1676
1269
571
327
489
319
17
-591
-1040
-1155
-1278
-1268
-1449
-1695
-1850
-2161
-2094
-1894
-1767
-1649
-1867
-1806
-1627
-1608
-1191
-975
-974
-979
-1191
-921
-450
-352
-218
-376
-430
-265
-168
138
43
-310
-636
-889
-597
-349
-263
-127
-224
-197
-602
-1230
-965
-175
608
841
351
106
119
362
1071
1621
2028
1928
1527
1702
2137
2753
3032
2756
2526
2258
2179
2281
2291
2351
1906
838
413
667
931
712
-96
-816
-1225
-1596
-1515
-1306
-1322
-1670
-2326
-2465
-2146
-1774
-1470
-1456
-1306
-1050
-975
-586
-177
303
643
528
910
1325
1497
1656
1608
1892
1967
1778
1824
1683
1553
1327
885
858
717
442
224
-286
-535
-782
-1084
-1120
-1311
-1483
-1764
-1996
-1875
-1844
-1859
-1846
-1818
-1621
-1635
-1651
-1465
-1366
-1317
-1136
-1014
-946
-873
-802
-592
-399
-366
-372
-357
-261
-190
-346
-525
-524
-513
-508
-500
-287
-77
30
-17
-498
-892
-726
23
907
990
546
361
313
728
1436
1984
2209
1931
1660
1865
2395
2903
2979
2647
2300
2119
2218
2344
2373
2156
1521
867
429
324
482
321
-97
-619
-1199
-1575
-1655
-1614
-1556
-1744
-2028
-2175
-2110
-1656
-1352
-1194
-1151
-1057
-631
-244
85
439
696
955
1172
1272
1483
1564
1600
1680
1712
1746
1574
1436
1288
1072
846
479
233
74
-204
-472
-842
-1101
-1196
-1343
-1448
-1709
-1880
-1862
-1936
-1838
-1775
-1810
-1688
-1743
-1694
-1573
-1447
-1237
-1228
-1243
-1068
-969
-815
-663
-585
-502
-524
-569
-483
-288
-252
-541
-704
-810
-814
-652
-411
-103
53
-159
-351
-582
-853
-348
467
1034
1044
625
565
715
1142
1878
2344
2511
2331
2123
2330
2686
3124
3197
2755
2501
2328
2366
2436
2338
2120
1571
738
207
492
831
528
-308
-1137
-1390
-1437
-1494
-1424
-1493
-1801
-2249
-2364
-2011
-1531
-1176
-1265
-1411
-1070
-727
-186
299
415
583
563
825
1401
1614
1648
1438
1370
1534
1532
1575
1416
1139
857
472
390
284
32
-261
-836
-1137
-1287
-1407
-1271
-1465
-1845
-2127
-2156
-1824
-1571
-1590
-1796
-1954
-1851
-1707
-1556
-1257
-1027
-970
-1062
-1217
-991
-725
-571
-429
-580
-623
-656
-634
-333
-269
-482
-708
-899
-879
-826
-648
-212
25
21
-260
-746
-936
-567
305
1051
1152
827
585
607
1057
1769
2457
2660
2334
2162
2239
2668
3250
3343
3080
2602
2264
2354
2368
2433
2266
1743
1020
391
528
850
523
-164
-934
-1219
-1311
-1490
-1408
-1510
-1789
-2046
-2194
-1896
-1425
-1296
-1301
-1237
-966
-631
-236
140
394
587
669
961
1394
1537
1548
1399
1405
1616
1695
1651
1455
1133
779
457
254
154
-48
-432
-895
-1142
-1344
-1511
-1551
-1630
-1792
-2011
-2210
-2129
-1960
-1956
-2047
-2076
-1950
-1687
-1611
-1493
-1399
-1344
-1150
-933
-718
-721
-812
-741
-573
-418
-410
-459
-319
-197
-360
-554
-654
-582
-456
-463
-276
-49
77
7
-238
-466
-544
-124
735
1352
1341
951
712
886
1377
2035
2529
2488
2239
2065
2262
2797
3187
3190
2776
2380
2263
2290
2353
2285
1985
1389
621
295
563
662
259
-357
-934
-1216
-1401
-1518
-1449
-1582
-1882
-2200
-2201
-1789
-1368
-1184
-1282
-1248
-940
-505
-6
392
499
592
667
966
1401
1449
1492
1506
1466
1512
1469
1436
1268
1035
672
233
73
-31
-174
-440
-841
-1177
-1386
-1549
-1549
-1622
-1912
-2127
-2274
-2222
-2026
-1964
-1991
-1944
-1948
-1821
-1559
-1445
-1258
-1140
-1163
-1130
-1019
-762
-551
-540
-768
-1005
-880
-604
-148
46
-313
-692
-953
-818
-324
-17
107
27
-170
-261
-226
-120
34
282
769
1114
1228
1152
1193
1481
1663
1943
2259
2460
2529
2507
2488
2651
2787
2790
2684
2533
2350
2222
2060
1999
1964
1445
809
687
696
555
234
-335
-703
-1048
-1365
-1285
-1214
-1286
-1572
-1934
-1737
-1348
-967
-913
-1061
-1042
-842
-417
109
443
542
392
429
800
1045
1306
1326
1238
1226
1071
1090
1193
1017
672
126
-193
-170
-159
-314
-641
-1069
-1364
-1574
-1528
-1451
-1608
-1901
-2243
-2255
-2080
-1966
-1862
-1885
-1890
-1874
-1790
-1513
-1290
-1269
-1265
-1328
-1248
-970
-760
-626
-723
-800
-714
-492
-261
-107
-201
-478
-758
-791
-522
-231
-79
24
115
-37
-201
-166
-107
17
391
855
1220
1192
1016
1080
1279
1633
2025
2258
2415
2457
2478
2581
2728
2886
2882
2686
2484
2338
2300
2233
2113
1781
1185
797
800
760
524
40
-403
-786
-1136
-1132
-951
-985
-1320
-1701
-1685
-1329
-1086
-1068
-1153
-1048
-837
-576
-128
266
485
542
480
788
1146
1250
1240
1178
1237
1176
1056
1122
1077
841
363
-62
-100
-125
-265
-594
-1002
-1287
-1587
-1724
-1545
-1669
-1964
-2235
-2486
-2266
-2074
-2080
-1973
-2086
-2144
-2042
-1916
-1495
-1345
-1357
-1326
-1384
-1167
-1004
-936
-805
-782
-706
-614
-478
-260
-276
-411
-629
-751
-551
-248
6
152
122
44
-48
17
289
306
323
533
890
1305
1375
1288
1409
1553
1750
2046
2334
2621
2542
2360
2405
2574
2779
2739
2483
2314
2198
2125
1990
1648
1518
1505
1094
793
489
181
-13
-499
-797
-913
-1011
-879
-1009
-1200
-1247
-1238
-1083
-993
-846
-819
-820
-493
-189
147
371
220
445
564
614
959
986
1060
1001
784
813
767
683
507
166
-104
-300
-408
-461
-670
-849
-1158
-1331
-1401
-1583
-1624
-1750
-1949
-2050
-2041
-2003
-1940
-1907
-1894
-1856
-1791
-1625
-1443
-1399
-1385
-1417
-1292
-1021
-859
-719
-803
-869
-788
-687
-400
-263
-274
-294
-550
-652
-526
-381
-49
162
259
242
82
48
134
297
372
353
645
1045
1232
1290
1178
1307
1471
1595
2020
2267
2414
2396
2174
2254
2451
2559
2483
2238
2104
1995
1929
1732
1378
1139
1128
1273
1128
536
-44
-424
-491
-503
-482
-442
-643
-975
-1269
-1264
-964
-692
-582
-680
-760
-596
-411
26
394
470
411
193
355
687
856
959
831
726
682
652
704
624
394
44
-229
-265
-235
-487
-779
-1121
-1273
-1335
-1586
-1583
-1722
-1908
-2021
-2215
-2013
-1750
-1836
-1908
-1992
-1973
-1956
-1732
-1438
-1295
-1252
-1562
-1590
-1233
-1032
-741
-747
-909
-735
-761
-602
-271
-163
-256
-707
-873
-629
-234
159
309
390
91
-234
-89
211
564
681
660
970
1235
1279
1330
1421
1623
1779
1872
2127
2359
2414
2273
2259
2507
2675
2655
2453
2263
2227
2066
2025
1900
1448
1007
800
1024
1106
572
7
-567
-681
-574
-693
-515
-636
-909
-1171
-1321
-936
-631
-644
-737
-795
-338
-32
173
374
321
423
321
414
858
928
883
678
573
808
815
688
411
103
-145
-342
-279
-308
-630
-1055
-1577
-1591
-1421
-1549
-1588
-1891
-2180
-2317
-2397
-2049
-1691
-1752
-2009
-2228
-2204
-2041
-1792
-1426
-1259
-1208
-1418
-1452
-1085
-866
-748
-692
-756
-583
-543
-543
-269
-119
-41
-274
-613
-555
-325
20
307
389
358
29
-57
145
466
725
576
601
995
1211
1332
1323
1306
1486
1561
1807
2151
2333
2387
2265
2292
2500
2622
2577
2388
2252
2203
1940
1584
1505
1688
1793
1356
684
311
214
171
49
-88
-373
-820
-1017
-916
-630
-442
-759
-1078
-1093
-892
-431
-56
196
201
-117
-234
41
528
870
818
590
368
428
662
917
996
533
-54
-294
-340
-153
-128
-516
-929
-1343
-1496
-1375
-1346
-1417
-1780
-2179
-2304
-2261
-2004
-1842
-1881
-1985
-2212
-2164
-1867
-1672
-1405
-1389
-1545
-1495
-1321
-1021
-853
-911
-969
-913
-717
-533
-303
-156
-185
-115
-161
-98
-54
-235
-200
-61
171
438
437
316
202
137
280
563
755
756
772
961
1127
1256
1289
1358
1501
1517
1626
1818
2047
2227
2174
2061
2046
2094
2111
2135
2026
1693
1428
1535
1843
1947
1415
704
358
283
294
205
72
-118
-434
-692
-799
-645
-452
-507
-585
-687
-615
-401
-187
3
-16
-120
-138
45
344
489
491
406
324
431
599
649
534
285
88
-78
-135
-127
-261
-526
-882
-1137
-1158
-1124
-1254
-1505
-1748
-1945
-2078
-2022
-1766
-1685
-1791
-2004
-2116
-2002
-1822
-1649
-1581
-1548
-1485
-1406
-1264
-1104
-997
-931
-910
-739
-501
-332
-305
-256
-167
-32
38
54
52
-33
-117
-90
104
364
465
352
276
236
346
548
702
749
688
655
735
944
1227
1307
1251
1245
1281
1477
1700
1875
1942
1820
1711
1762
1853
2074
2131
1905
1685
1501
1501
1475
1407
1339
1101
905
730
587
510
322
164
68
-53
-71
-77
-181
-286
-476
-575
-456
-291
-216
-363
-462
-451
-331
-157
-83
-69
-194
-366
-270
-39
72
21
-204
-341
-382
-468
-348
-322
-595
-889
-1310
-1282
-1006
-985
-1092
-1423
-1768
-1770
-1680
-1491
-1407
-1571
-1729
-1927
-1806
-1598
-1391
-1321
-1546
-1430
-1235
-1180
-926
-830
-722
-629
-688
-486
-253
-121
-34
-4
16
89
185
336
396
352
252
284
561
712
632
473
380
454
557
591
782
784
614
599
654
832
958
859
858
935
1008
1074
1207
1399
1422
1329
1235
1354
1555
1635
1585
1539
1442
1390
1285
1250
1342
1308
1191
1015
816
667
519
380
430
462
355
143
-53
-104
-97
-95
-110
-199
-294
-361
-386
-348
-305
-312
-309
-347
-329
-349
-355
-338
-340
-300
-407
-508
-515
-493
-438
-553
-726
-839
-892
-888
-1009
-1134
-1251
-1350
-1358
-1380
-1396
-1360
-1536
-1600
-1628
-1779
-1618
-1465
-1413
-1351
-1419
-1360
-1308
-1260
-1072
-850
-654
-613
-534
-413
-280
-72
28
108
266
222
182
269
292
537
610
580
647
557
575
626
660
696
688
661
633
671
708
674
674
700
699
780
871
903
981
998
1035
1120
1202
1289
1330
1310
1350
1385
1447
1508
1411
1311
1237
1143
1201
1265
1193
1001
697
564
575
623
620
474
260
106
-3
-35
-45
-81
-192
-388
-445
-431
-386
-368
-465
-495
-468
-522
-446
-338
-439
-555
-636
-601
-399
-517
-765
-778
-831
-728
-723
-871
-841
-930
-1078
-1211
-1248
-1156
-1230
-1262
-1355
-1448
-1441
-1640
-1555
-1338
-1356
-1260
-1323
-1359
-1159
-1220
-1230
-1095
-988
-766
-702
-615
-453
-293
-133
-36
169
244
241
462
625
700
697
551
712
886
907
988
919
918
907
729
756
845
875
751
565
558
575
590
550
546
653
643
637
791
853
933
943
935
1093
1140
1134
1179
1214
1322
1298
1256
1312
1248
1238
1213
1171
1168
982
861
820
700
664
443
249
154
5
-22
-124
-204
-280
-489
-569
-592
-645
-623
-703
-670
-650
-765
-811
-741
-648
-698
-797
-780
-732
-658
-593
-659
-704
-746
-758
-680
-664
-694
-768
-935
-962
-957
-1025
-1104
-1155
-1184
-1247
-1316
-1336
-1331
-1303
-1271
-1306
-1253
-1210
-1151
-1035
-964
-834
-730
-688
-513
-357
-233
-80
9
184
326
401
517
622
751
793
788
768
749
798
888
949
950
804
672
634
584
584
587
490
393
290
248
331
390
413
396
384
500
604
701
829
893
1002
1116
1230
1342
1375
1336
1313
1379
1503
1554
1578
1502
1316
1173
1061
1036
1011
820
607
368
221
181
99
0
-193
-451
-598
-627
-604
-633
-750
-883
-969
-923
-806
-806
-852
-921
-955
-829
-741
-597
-508
-618
-663
-669
-605
-446
-374
-482
-649
-729
-756
-767
-716
-771
-901
-1072
-1253
-1178
-1102
-1152
-1189
-1377
-1444
-1394
-1319
-1187
-1089
-1061
-1110
-1017
-793
-581
-424
-387
-331
-133
1
145
300
393
625
743
794
895
819
752
759
800
1013
1070
981
817
671
609
605
671
698
498
338
138
47
201
233
290
274
152
202
293
456
675
707
768
811
918
1062
1115
1206
1266
1284
1365
1401
1378
1308
1193
1214
1221
1167
1027
801
650
469
365
337
192
73
-117
-324
-424
-403
-389
-503
-620
-786
-925
-860
-733
-688
-639
-743
-1050
-1258
-1133
-765
-332
-325
-680
-832
-855
-651
-370
-291
-228
-347
-570
-663
-574
-373
-423
-607
-827
-951
-838
-879
-816
-701
-912
-965
-1081
-1086
-891
-959
-948
-918
-908
-803
-845
-714
-573
-433
-244
-190
30
94
82
254
391
586
678
642
717
696
685
717
765
881
857
792
691
616
685
629
595
594
456
368
237
221
250
200
261
191
123
87
84
240
329
338
376
400
474
553
592
698
803
900
881
840
897
961
1036
980
892
868
745
705
709
636
569
409
262
216
146
48
-33
-94
-180
-254
-290
-301
-243
-285
-369
-406
-478
-439
-430
-460
-431
-417
-480
-502
-448
-428
-444
-463
-464
-417
-403
-510
-541
-624
-604
-589
-680
-715
-757
-812
-820
-790
-833
-885
-959
-1004
-987
-899
-878
-860
-833
-796
-751
-743
-599
-412
-279
-270
-245
-171
-5
173
234
198
212
301
373
503
589
587
529
475
547
616
601
589
577
550
570
522
524
507
425
364
362
407
419
383
303
274
331
354
347
367
195
109
153
170
272
267
216
226
165
139
285
358
357
312
229
280
394
391
316
245
210
252
309
284
202
139
53
5
57
32
19
1
-81
-38
-55
-24
86
40
-9
-49
-92
23
70
45
17
-45
-39
16
76
9
-53
-104
-206
-205
-191
-267
-318
-432
-513
-518
-577
-572
-571
-622
-653
-651
-632
-522
-515
-621
-709
-703
-644
-515
-359
-299
-310
-375
-371
-223
-45
6
-8
-28
-1
55
127
216
267
236
201
217
254
254
191
138
163
229
157
72
55
50
108
53
34
81
77
41
69
161
216
193
122
107
143
194
257
372
429
334
220
171
279
345
222
158
174
179
180
106
24
0
-129
-121
-48
-26
-66
-205
-186
-161
-142
-115
-187
-124
-132
-151
-44
4
155
149
94
160
151
238
315
281
322
267
239
335
263
306
272
232
206
74
90
74
72
31
-107
-51
-40
-20
-39
-190
-229
-234
-200
-124
-140
-154
-231
-276
-154
-124
-61
-70
-40
14
-39
64
108
118
196
111
63
61
112
262
249
219
179
73
41
-7
58
85
-39
-112
-278
-327
-282
-320
-295
-452
-556
-469
-325
-175
-223
-360
-453
-421
-177
-82
-113
-172
-309
-245
-141
-6
59
-46
-125
-159
-77
123
179
130
-40
-107
-45
41
126
54
-76
-217
-290
-104
30
35
-56
-284
-256
-173
-39
17
-90
-149
-194
-127
31
76
49
-42
-9
156
252
315
241
146
175
195
354
473
421
339
111
107
321
456
443
274
139
85
129
209
204
142
49
-27
18
95
172
201
89
12
-88
-127
70
255
358
289
58
24
121
323
461
443
337
220
286
446
577
653
465
236
111
166
389
513
402
136
-62
-127
-36
129
147
-18
-229
-442
-405
-223
-317
-518
-805
-854
-549
-314
-234
-413
-689
-742
-593
-296
-45
-26
-208
-463
-446
-305
-131
26
-110
-296
-351
-314
-75
1
-73
-204
-385
-376
-268
-186
-192
-331
-518
-555
-468
-306
-223
-279
-393
-465
-337
-140
8
20
-150
-215
-147
-5
234
270
163
21
-128
-3
266
415
413
207
-31
-59
76
288
379
344
174
47
123
224
319
340
241
153
103
172
310
337
321
238
159
277
444
544
514
395
320
327
490
611
638
563
374
314
395
469
501
417
203
84
150
284
340
228
-11
-142
-96
33
184
168
37
-120
-225
-170
-64
13
-13
-90
-129
-114
-62
-41
-60
-90
-155
-127
-47
-26
-40
-100
-164
-208
-212
-198
-216
-322
-416
-470
-504
-503
-485
-487
-516
-510
-565
-625
-586
-566
-522
-452
-406
-460
-516
-545
-502
-365
-295
-266
-257
-215
-137
-92
-46
39
105
152
152
124
99
61
121
249
361
384
318
205
104
150
207
257
287
231
136
36
79
167
193
171
144
110
119
91
95
143
201
289
301
298
282
265
286
345
433
454
403
377
311
275
310
308
292
230
181
154
151
213
214
182
121
34
-53
-61
9
13
11
-7
-91
-146
-135
-146
-71
-47
-91
-122
-140
-150
-117
-45
-35
-94
-195
-252
-204
-151
-180
-217
-255
-297
-324
-322
-337
-354
-382
-445
-412
-383
-388
-338
-379
-442
-407
-376
-268
-200
-233
-251
-235
-206
-153
-59
5
39
64
44
10
34
55
123
209
205
221
165
66
113
155
205
308
291
180
73
50
110
189
237
178
116
68
75
163
176
180
141
67
92
163
226
242
214
162
188
283
341
346
349
295
305
368
382
415
367
265
277
279
304
319
264
185
130
123
89
83
49
4
-35
-101
-111
-95
-150
-193
-194
-236
-203
-187
-210
-224
-216
-216
-249
-237
-210
-129
-107
-163
-217
-250
-228
-186
-142
-172
-254
-341
-443
-426
-370
-352
-383
-435
-492
-502
-486
-469
-425
-448
-496
-499
-450
-391
-349
-357
-353
-294
-245
-212
-153
-89
-50
5
28
33
86
125
135
235
316
319
326
310
350
446
452
446
469
445
426
405
426
458
422
361
338
344
319
275
290
305
336
359
340
315
257
205
141
182
264
325
311
276
241
201
242
281
332
299
226
181
144
166
195
162
104
56
-11
-15
26
38
-11
-85
-162
-174
-162
-186
-199
-223
-276
-279
-230
-241
-228
-243
-281
-277
-239
-177
-146
-170
-190
-208
-220
-195
-172
-221
-293
-315
-284
-194
-139
-235
-367
-404
-448
-453
-406
-350
-375
-440
-553
-581
-565
-525
-448
-439
-420
-452
-434
-379
-322
-274
-200
-138
-89
-77
-70
-47
11
131
188
253
294
232
235
280
310
357
396
380
368
401
437
500
505
460
435
383
393
385
393
383
340
367
398
422
413
390
336
327
374
409
407
378
322
282
305
364
406
401
300
202
184
274
374
363
241
145
128
147
209
213
131
54
-13
-55
-24
14
-50
-173
-255
-302
-230
-163
-171
-255
-312
-344
-285
-211
-177
-237
-352
-410
-409
-322
-259
-301
-417
-503
-507
-438
-443
-472
-557
-620
-597
-535
-501
-521
-609
-706
-665
-578
-486
-463
-496
-526
-523
-506
-426
-358
-298
-244
-221
-195
-150
-89
-93
-31
-1
3
71
135
186
208
178
114
116
192
296
362
356
350
335
358
417
430
418
413
410
435
473
486
429
380
415
442
495
525
478
403
399
471
520
532
548
495
445
462
513
574
581
540
432
376
406
445
466
479
385
290
286
255
243
238
203
142
111
105
89
56
14
-12
-33
-52
-107
-177
-203
-233
-214
-207
-208
-253
-328
-392
-441
-449
-412
-401
-423
-471
-507
-525
-561
-546
-622
-687
-657
-651
-654
-668
-700
-694
-691
-697
-663
-643
-667
-670
-637
-597
-558
-561
-538
-500
-466
-431
-394
-323
-260
-234
-214
-188
-148
-115
-50
4
26
80
72
96
209
262
302
330
320
315
295
324
394
425
425
388
400
411
419
451
453
483
484
500
486
491
480
457
477
513
530
527
500
479
464
452
519
557
533
478
429
435
439
412
414
424
411
359
297
238
261
284
256
257
205
171
124
106
154
142
64
10
-7
-44
-65
-58
-76
-69
-75
-120
-175
-197
-235
-273
-284
-253
-230
-317
-408
-517
-520
-467
-459
-483
-538
-587
-600
-582
-562
-559
-595
-615
-660
-639
-581
-557
-546
-535
-541
-514
-462
-420
-399
-401
-398
-394
-332
-264
-228
-196
-201
-168
-119
-83
-58
-74
-41
4
24
19
50
84
93
105
159
208
220
223
222
257
250
245
249
265
313
349
366
378
353
336
307
339
382
381
368
337
350
381
413
403
386
385
335
345
389
397
370
328
305
299
309
314
295
261
221
227
273
304
347
307
228
173
127
123
183
204
194
143
29
-15
-33
16
30
-2
-40
-127
-134
-132
-153
-152
-196
-247
-289
-319
-328
-340
-357
-398
-431
-452
-444
-436
-473
-505
-491
-496
-471
-428
-432
-421
-411
-420
-395
-352
-337
-282
-244
-210
-186
-162
-171
-139
-86
-72
-52
-57
-57
-45
-10
45
81
108
85
22
-2
23
34
36
71
63
53
67
103
92
84
104
100
147
209
192
142
121
110
114
168
211
223
223
214
192
205
233
231
214
199
204
227
263
278
274
263
227
203
192
189
175
159
176
191
166
135
109
98
114
125
111
101
100
70
70
62
54
60
72
86
98
62
-14
-52
-34
-23
-25
-46
-127
-186
-229
-272
-284
-238
-255
-291
-330
-343
-350
-349
-345
-354
-352
-361
-341
-346
-359
-374
-333
-310
-290
-255
-243
-197
-167
-136
-115
-104
-65
-50
-22
23
80
76
67
83
76
99
131
148
161
182
163
156
192
190
173
152
159
170
153
141
111
97
119
114
135
135
150
175
163
159
161
180
211
249
254
221
186
204
205
220
230
246
247
204
192
186
188
201
212
199
162
136
101
77
85
64
4
2
-35
-40
-23
-40
-55
-52
-64
-93
-93
-129
-171
-164
-172
-204
-182
-170
-229
-235
-224
-231
-225
-227
-246
-281
-291
-298
-278
-236
-242
-282
-327
-379
-381
-375
-353
-321
-310
-316
-321
-285
-256
-217
-202
-191
-155
-114
-112
-98
-109
-106
-72
-56
4
61
93
99
99
103
137
181
188
196
221
223
233
258
256
251
229
210
222
225
205
184
168
145
124
146
150
165
147
112
140
146
160
193
192
171
171
177
165
177
211
211
226
236
227
228
239
234
211
179
160
147
169
183
181
180
127
91
103
84
81
98
85
76
48
38
20
3
-38
-67
-46
-34
-37
-84
-117
-121
-116
-120
-158
-188
-191
-204
-197
-185
-207
-230
-264
-285
-275
-292
-325
-348
-358
-379
-391
-382
-404
-415
-415
-420
-396
-358
-358
-376
-384
-320
-283
-255
-212
-184
-175
-178
-172
-113
-55
-40
-12
-8
8
17
61
85
118
163
155
145
143
150
166
179
195
188
169
189
188
199
203
204
185
199
245
235
266
238
193
191
188
206
246
278
264
206
188
177
205
268
264
250
213
202
203
192
206
171
123
145
155
166
163
144
98
76
112
138
143
141
68
26
39
54
69
60
30
-23
-18
29
67
89
52
-32
-66
-49
-41
-35
-56
-100
-153
-182
-195
-204
-188
-186
-233
-266
-267
-293
-284
-302
-307
-314
-305
-297
-314
-327
-374
-418
-369
-321
-302
-285
-328
-332
-309
-245
-218
-184
-151
-143
-124
-90
-90
-91
-61
-31
-19
18
34
12
8
-16
-18
33
109
148
138
104
58
32
60
89
107
122
87
87
114
133
151
147
127
123
152
178
226
247
272
241
204
229
239
256
283
298
276
265
271
261
266
270
253
228
219
242
246
238
193
165
152
144
148
109
78
73
32
50
55
37
11
-22
-27
-30
-13
0
-23
-22
-28
-59
-49
-56
-69
-66
-69
-81
-101
-95
-126
-152
-144
-156
-158
-165
-208
-229
-261
-274
-237
-225
-205
-237
-272
-305
-318
-302
-286
-248
-192
-199
-230
-236
-227
-204
-194
-168
-122
-97
-127
-133
-147
-134
-68
-3
9
-6
-36
-60
-45
5
13
14
23
-27
-29
-16
-4
19
56
30
15
50
-1
-9
15
18
6
23
31
19
47
70
69
90
105
95
104
131
151
165
171
184
218
242
253
264
295
267
241
247
242
241
247
234
222
194
164
180
168
177
202
191
152
142
120
80
101
111
130
139
110
66
49
58
60
58
48
0
-14
-22
-40
-31
-29
-71
-103
-100
-112
-110
-119
-134
-153
-160
-183
-186
-190
-228
-233
-240
-235
-220
-219
-212
-215
-207
-204
-199
-182
-177
-179
-185
-169
-133
-149
-119
-95
-110
-115
-107
-69
-67
-20
0
-13
-2
-1
11
4
-3
27
33
37
46
36
57
34
7
7
-20
-24
-17
-4
8
-12
-21
-33
-15
15
35
45
34
55
59
64
84
88
108
115
108
98
72
56
70
89
106
90
57
60
66
77
82
93
91
102
106
70
69
60
69
80
100
108
107
111
95
89
90
83
51
40
36
23
24
17
3
4
-10
-23
-45
-54
-57
-53
-47
-59
-87
-90
-92
-95
