8
7
13
7
5
22
29
37
43
34
26
26
21
22
16
15
22
23
30
23
17
16
20
16
8
4
8
12
14
10
4
2
-10
-10
-8
-14
-18
-24
-19
-17
-11
-5
-8
-3
-9
-4
-3
-5
-11
-18
-17
-16
-20
-27
-24
-17
-14
-11
-26
-26
-17
-9
-12
-14
-12
-14
-4
-9
-19
-16
-3
-12
-7
-1
-8
-8
-1
3
6
1
6
11
8
2
3
0
-6
-8
1
1
3
11
13
10
7
-2
0
-5
-2
7
-7
-7
-9
-8
-13
0
-3
-2
0
5
2
-4
1
-6
3
5
13
6
11
20
6
15
13
11
15
12
12
18
16
6
14
17
20
24
27
24
19
23
9
16
3
-11
-11
-15
-21
-32
-17
-21
7
10
-13
-9
-12
-15
-9
-1
-4
-8
12
2
-8
0
-10
-1
0
5
3
-10
-1
-1
4
8
11
17
12
10
-3
-3
-1
-13
-17
-24
-26
-26
-13
-19
-19
-13
-13
-20
-21
-30
-43
-41
-53
-56
-56
-51
-53
-60
-56
-53
-45
-46
-40
-33
-33
-25
-21
-17
-6
-1
8
24
36
50
55
67
81
95
97
111
119
129
146
136
142
155
156
162
153
147
142
140
135
130
121
121
105
86
70
53
32
-6
-27
-51
-82
-98
-122
-139
-152
-174
-187
-202
-220
-223
-220
-230
-224
-223
-222
-226
-212
-201
-198
-195
-188
-158
-140
-120
-101
-77
-52
-33
-10
-2
9
17
31
51
62
78
89
93
107
118
116
125
147
166
185
195
222
225
244
263
252
280
278
282
283
284
287
280
295
258
233
222
224
197
175
158
116
77
64
15
-47
-65
-102
-135
-181
-222
-265
-309
-328
-365
-409
-437
-442
-468
-494
-487
-515
-511
-491
-486
-481
-461
-439
-402
-368
-338
-281
-226
-173
-114
-66
-28
37
89
128
158
163
200
234
257
261
263
267
277
293
286
285
282
287
290
280
291
289
304
316
321
326
349
376
390
419
426
423
447
474
459
452
445
440
434
429
396
369
353
303
275
245
196
144
96
21
-55
-87
-184
-245
-292
-365
-458
-521
-592
-651
-674
-743
-810
-848
-875
-887
-925
-956
-956
-958
-962
-947
-930
-915
-884
-860
-815
-728
-642
-586
-541
-451
-340
-253
-183
-76
20
113
204
269
350
441
502
562
619
671
729
758
819
880
915
956
1003
1050
1080
1094
1106
1139
1152
1164
1159
1146
1138
1108
1076
1043
1023
980
944
862
822
797
749
703
612
518
442
336
257
168
-21
-134
-201
-351
-460
-543
-706
-826
-888
-1035
-1175
-1272
-1434
-1536
-1589
-1681
-1796
-1925
-2057
-2050
-2081
-2162
-2181
-2195
-2183
-2141
-2122
-2040
-1843
-1705
-1602
-1466
-1262
-939
-678
-519
-272
31
295
511
704
948
1193
1342
1498
1664
1803
1960
2024
2081
2197
2240
2220
2226
2277
2304
2219
2083
2062
2015
1893
1793
1644
1508
1407
1248
1048
929
841
709
548
408
354
251
143
64
-22
-102
-171
-282
-334
-369
-434
-477
-523
-562
-596
-639
-675
-720
-771
-816
-912
-944
-972
-1088
-1147
-1171
-1255
-1411
-1529
-1568
-1633
-1767
-1946
-2130
-2213
-2164
-2231
-2363
-2363
-2305
-2336
-2405
-2284
-2074
-1932
-1850
-1759
-1570
-1221
-888
-723
-483
-83
300
541
779
1116
1499
1753
1869
2073
2307
2469
2607
2692
2753
2815
2774
2740
2791
2815
2694
2522
2454
2425
2290
2051
1922
1827
1668
1409
1158
1037
981
835
592
410
327
242
71
-75
-108
-180
-297
-407
-416
-434
-508
-522
-565
-596
-596
-619
-702
-660
-724
-850
-888
-874
-924
-1059
-1169
-1168
-1162
-1262
-1432
-1619
-1720
-1701
-1803
-1991
-2098
-2195
-2323
-2391
-2437
-2537
-2551
-2574
-2537
-2547
-2604
-2483
-2255
-2034
-1853
-1790
-1675
-1215
-745
-510
-310
5
474
867
1122
1377
1707
2013
2248
2404
2531
2759
2987
3050
3041
3078
3014
2943
3058
3078
2895
2732
2632
2542
2454
2214
1980
1839
1716
1479
1184
998
927
820
526
306
179
100
17
-134
-290
-370
-450
-574
-641
-661
-722
-821
-844
-822
-878
-901
-872
-910
-932
-907
-1099
-1145
-969
-1051
-1169
-1144
-1209
-1241
-1235
-1367
-1442
-1496
-1655
-1726
-1778
-1833
-1868
-2041
-2187
-2137
-2135
-2288
-2343
-2325
-2198
-2227
-2413
-2286
-2004
-1795
-1631
-1619
-1505
-925
-536
-422
-176
242
717
977
1145
1481
1863
2110
2353
2472
2612
2901
2979
2962
3088
2801
2746
3227
3159
2803
2689
2226
2303
2933
2360
1522
1446
1723
1801
1132
658
788
724
673
452
-32
116
561
74
-244
-160
-40
-139
-274
-134
-232
-613
-611
-369
-418
-355
-609
-961
-632
-558
-795
-911
-943
-746
-741
-1283
-1284
-1020
-1295
-1362
-1415
-1744
-1553
-1705
-2286
-2074
-1864
-2115
-2247
-2492
-2703
-2420
-2497
-2671
-2643
-2643
-2373
-2505
-2762
-2264
-1968
-2024
-1797
-1721
-1550
-829
-624
-486
-91
298
749
848
1066
1758
2055
2015
2294
2475
2680
3021
2932
3050
3293
3302
2831
2397
3543
4159
2900
2353
2450
2262
3246
2975
1383
1438
2034
1960
1300
662
1156
1202
489
423
315
-58
559
314
-366
-159
-201
-501
-479
-250
-343
-842
-1219
-639
-436
-962
-1023
-1113
-994
-770
-1223
-1418
-1010
-890
-1052
-1381
-1668
-1275
-1273
-1649
-1677
-1633
-1646
-1676
-2202
-2371
-1964
-2022
-2172
-2121
-2478
-2767
-2475
-2236
-2307
-2502
-2587
-2263
-2266
-2380
-2062
-2046
-1834
-1228
-1433
-1635
-733
-130
-73
42
383
899
1048
1350
1876
1999
1882
2321
2648
2596
2940
3026
2807
3167
3627
3165
2676
3176
3756
3370
2681
2702
2851
2838
2749
2350
2101
2247
2178
1556
1254
1516
1506
810
467
602
379
0
-25
-31
-202
-423
-771
-861
-756
-769
-1103
-1393
-1201
-967
-1306
-1673
-1419
-1186
-1295
-1678
-1833
-1504
-1374
-1521
-1718
-1773
-1699
-1588
-1777
-1875
-1661
-1600
-1690
-1907
-1958
-1972
-1888
-1746
-1705
-1935
-2348
-2403
-2058
-1885
-2176
-2403
-2308
-2017
-1908
-2241
-2184
-1740
-1294
-1191
-1311
-1167
-390
186
134
304
691
1052
1246
1565
1873
2098
2077
2237
2741
2868
2881
2953
2869
3142
3563
3088
2668
3157
3515
3250
2753
2619
2794
2750
2597
2283
2001
2074
2000
1393
1130
1283
1181
759
402
364
170
-114
-149
-138
-411
-618
-784
-996
-868
-837
-1212
-1376
-1189
-1028
-1255
-1514
-1276
-1029
-1195
-1442
-1495
-1301
-1188
-1291
-1371
-1501
-1445
-1268
-1399
-1608
-1388
-1262
-1509
-1633
-1537
-1777
-1902
-1454
-1388
-1839
-2133
-2158
-2094
-1873
-1918
-2335
-2556
-2230
-2009
-2320
-2440
-2031
-1681
-1660
-1656
-1409
-1009
-465
-160
-78
150
544
834
1069
1429
1700
1792
1927
2239
2491
2633
2678
2839
3139
3197
2925
2237
3010
4341
3390
2323
2525
2201
2753
3537
2159
1277
1847
2210
1733
853
1244
1614
871
754
817
184
702
1349
411
-56
-6
127
-78
-120
58
-420
-1173
-674
-218
-802
-864
-921
-1088
-956
-1101
-1262
-1238
-1277
-1129
-1448
-2122
-1737
-1531
-1923
-2047
-2062
-2100
-2092
-2241
-2378
-2452
-2398
-2300
-2434
-2427
-2415
-2566
-2676
-2477
-2443
-2549
-2964
-2915
-1768
-1985
-2774
-2571
-2432
-1686
-556
-1595
-2058
-386
366
205
-130
129
1341
1859
1638
1586
1896
2524
3265
2743
2497
3350
3395
2818
3169
3950
3510
3069
3120
3615
3715
3171
2754
2732
3314
3292
2057
1615
2574
2793
1760
1091
1281
1733
1305
634
427
583
832
344
-482
-305
308
-219
-898
-774
-561
-805
-1214
-1061
-939
-1156
-1444
-1599
-1663
-1402
-1381
-2066
-2125
-1580
-1798
-2499
-2346
-1716
-1810
-2352
-2311
-2151
-2070
-1792
-2066
-2497
-2049
-1686
-2092
-2451
-1992
-1527
-1867
-2180
-1952
-2059
-2003
-1718
-1826
-1951
-1697
-1592
-1961
-1715
-1172
-1066
-1170
-901
-588
-387
-65
275
523
688
1112
1358
1318
1503
2171
2558
2367
2427
2503
2615
3181
3371
2911
2868
3292
3438
3212
2981
3139
3236
3059
2891
2642
2521
2733
2671
2193
1999
1990
1814
1599
1513
1361
975
736
664
479
176
75
-70
-275
-401
-665
-917
-980
-860
-1064
-1407
-1565
-1528
-1631
-1809
-1879
-1979
-2002
-2080
-2292
-2395
-2195
-2172
-2381
-2205
-2381
-2459
-2139
-2063
-2052
-1938
-2034
-1939
-1710
-1988
-1985
-1770
-1444
-1272
-1658
-2099
-1899
-1349
-1353
-1607
-1961
-1800
-1225
-1326
-1730
-1671
-1074
-875
-856
-950
-759
-113
364
424
375
713
1212
1452
1575
1702
1872
2249
2475
2508
2601
2634
2911
3339
3199
2929
2944
3139
3434
3361
2952
2779
2942
3040
2821
2397
2365
2543
2298
1948
1696
1624
1567
1440
1040
697
528
405
317
83
-164
-460
-725
-719
-803
-1160
-1277
-1295
-1360
-1453
-1681
-1818
-1738
-1649
-1796
-2049
-2208
-2007
-1905
-2027
-2054
-2086
-2249
-2060
-1903
-1982
-1854
-1913
-1723
-1436
-1669
-1623
-1371
-1545
-1459
-1430
-1393
-1126
-1011
-1389
-1762
-1630
-1037
-1225
-1729
-1636
-1385
-1316
-1518
-1797
-1613
-1050
-906
-1101
-1181
-692
-30
-22
-109
422
782
903
1140
1475
1612
1778
2106
2390
2523
2656
2593
2552
3094
3398
2969
2674
3107
3529
3236
2741
2755
3026
3081
2703
2230
2144
2466
2316
1643
1312
1513
1424
978
689
575
460
105
-206
-220
-240
-486
-773
-1023
-946
-866
-1267
-1474
-1266
-1187
-1449
-1750
-1733
-1531
-1623
-1789
-1831
-1896
-1699
-1716
-1939
-1862
-1535
-1506
-1877
-1736
-1295
-1514
-1519
-1085
-1236
-1333
-976
-939
-1485
-1359
-611
-916
-1175
-866
-1376
-1676
-965
-949
-1680
-2135
-1615
-708
-1296
-2180
-1977
-1911
-1387
-496
-1338
-1907
-553
349
-16
-404
115
997
1314
1354
1535
1458
1732
2843
2623
1999
2539
2885
2523
2765
3118
2746
2530
2785
3094
2669
2352
2542
2392
2242
2268
1755
1428
1940
1822
978
569
781
1002
554
179
27
-107
-45
14
-541
-651
-88
-253
-613
-659
-632
-625
-602
-591
-640
-925
-887
-726
-960
-928
-848
-988
-969
-859
-1019
-1214
-1161
-852
-868
-1224
-1043
-986
-1012
-755
-1077
-1297
-967
-864
-630
-910
-1704
-1180
-684
-1265
-1363
-1560
-2083
-1587
-1113
-1907
-2488
-2135
-1791
-1836
-2173
-2388
-2009
-1659
-1553
-1476
-1722
-1386
-410
-235
-450
-30
420
842
1092
1133
1236
1529
2062
2286
2130
1990
2257
2656
2847
2551
2284
2454
2705
2799
2558
2134
2211
2581
2330
1826
1606
1830
2003
1691
1193
1109
1222
1308
1172
735
529
679
689
468
377
287
250
288
216
95
0
5
78
-40
-295
-415
-441
-373
-322
-632
-924
-835
-724
-842
-1056
-1169
-1203
-1068
-1127
-1483
-1440
-1262
-1337
-1443
-1606
-1552
-1188
-1452
-1560
-1236
-1835
-2124
-1499
-1645
-1841
-1705
-2168
-2309
-1754
-1818
-2325
-2421
-2116
-1711
-1998
-2597
-2287
-1634
-1595
-1497
-1547
-1417
-467
-144
-432
-224
385
836
873
872
1195
1601
1783
2014
2068
2018
2138
2264
2526
2627
2481
2328
2437
2714
2732
2347
2114
2446
2653
2311
1889
1908
2211
2238
1764
1359
1469
1691
1742
1346
1030
1141
1209
1014
889
815
855
738
565
444
319
324
344
173
-28
-149
-357
-519
-491
-558
-900
-1118
-1188
-1246
-1495
-1622
-1654
-1561
-1508
-1896
-2075
-1827
-1867
-1932
-2013
-1982
-1747
-1771
-1879
-1875
-1947
-1961
-1976
-1903
-1642
-1669
-1858
-2115
-1991
-1590
-1819
-2242
-2103
-1745
-1545
-1927
-2243
-1727
-1183
-1247
-1290
-1357
-811
4
-155
-291
207
824
1014
941
1005
1293
1696
1954
1950
1952
2119
2237
2304
2489
2568
2381
2333
2658
2846
2540
2241
2305
2557
2581
2267
1917
2027
2389
2110
1548
1463
1733
1773
1490
1104
1058
1203
1135
905
715
654
747
569
329
291
217
-53
-192
-202
-309
-628
-889
-840
-832
-1142
-1452
-1492
-1501
-1512
-1654
-1939
-1975
-1542
-1626
-2119
-1831
-1784
-1907
-1691
-1764
-1656
-1510
-1682
-1510
-1254
-1787
-1831
-1481
-1282
-1165
-1322
-1852
-1892
-1230
-1340
-2033
-2194
-1759
-1282
-1552
-2242
-2091
-1432
-1293
-1276
-1427
-1428
-521
-185
-394
-262
197
642
868
917
1033
1233
1605
1976
2066
2005
2021
2224
2613
2754
2420
2309
2510
2905
2888
2387
2246
2573
2783
2473
2060
1992
2324
2361
1931
1575
1604
1743
1679
1338
1123
1181
1127
927
808
651
585
501
334
348
203
2
-129
-181
-232
-408
-833
-906
-627
-895
-1246
-1180
-1273
-1442
-1378
-1571
-1832
-1495
-1306
-1794
-2053
-1784
-1545
-1630
-1597
-1655
-1817
-1620
-1488
-1736
-1658
-1661
-1973
-1623
-1393
-1676
-1825
-1950
-2024
-1718
-1690
-2012
-2257
-2071
-1660
-1763
-2487
-2301
-1596
-1565
-1498
-1490
-1633
-893
-196
-331
-378
27
638
927
778
873
1359
1695
2091
2185
2023
2156
2555
2744
2802
2763
2672
2802
2975
3081
2798
2464
2718
2985
2744
2416
2292
2285
2505
2288
1772
1702
1820
1925
1574
1231
1171
1256
1152
1000
786
573
635
509
279
150
65
-122
-265
-228
-348
-664
-823
-730
-872
-1171
-1286
-1418
-1570
-1456
-1586
-1876
-1876
-1950
-1941
-1878
-2093
-2036
-2001
-2137
-1816
-1812
-2099
-2014
-1930
-1767
-1923
-2288
-1982
-1713
-1733
-1811
-2169
-2429
-1892
-1655
-2090
-2334
-2070
-1669
-1796
-2142
-2017
-1538
-1261
-1042
-1156
-1228
-434
174
157
200
587
1091
1304
1330
1517
1824
2124
2446
2520
2364
2417
2694
2973
2965
2799
2724
2762
2909
2933
2707
2444
2618
2732
2363
2099
2005
2093
2078
1794
1376
1241
1365
1398
1128
826
772
792
690
552
425
300
366
355
129
-88
-38
-5
-146
-244
-409
-685
-749
-645
-809
-1099
-1185
-1308
-1531
-1518
-1481
-1711
-1868
-1715
-1914
-2067
-1835
-2028
-2267
-1839
-1880
-2142
-2079
-2145
-2002
-1762
-2029
-2405
-2054
-1558
-1570
-2011
-2334
-2178
-1579
-1580
-2126
-2123
-1788
-1410
-1336
-1963
-1804
-1056
-845
-758
-810
-768
138
622
339
632
986
1286
1631
1703
1559
2026
2485
2486
2449
2350
2367
2738
2878
2766
2615
2417
2648
2806
2505
2306
2238
2235
2341
2088
1736
1749
1906
1880
1552
1166
1268
1372
1257
1052
813
717
866
774
522
515
492
524
452
182
84
92
-26
-170
-304
-529
-755
-835
-885
-1049
-1265
-1382
-1606
-1656
-1611
-1739
-2070
-2350
-2057
-2058
-2391
-2142
-2208
-2664
-2135
-1874
-2434
-2341
-1838
-1869
-2059
-2049
-1971
-1794
-1488
-1360
-1591
-1883
-1474
-952
-1295
-1548
-1324
-1034
-847
-1123
-1275
-960
-626
-312
-188
-623
-333
643
678
550
772
1123
1495
1636
1500
1479
1853
2361
2441
2061
2001
2333
2591
2579
2434
2262
2225
2350
2375
2096
2016
2042
2058
1968
1773
1580
1516
1615
1522
1186
942
1112
1143
1000
796
748
735
692
608
436
301
374
439
147
-56
-10
-51
-212
-306
-411
-648
-863
-908
-942
-1158
-1248
-1414
-1681
-1579
-1716
-2015
-1802
-1803
-2134
-1816
-1783
-2217
-2040
-1733
-1786
-1732
-1555
-1671
-1796
-1463
-1061
-1476
-1768
-1159
-742
-965
-1281
-1375
-1244
-817
-729
-1282
-1338
-848
-576
-988
-1435
-1062
-615
-535
-605
-722
-438
260
217
135
541
848
1032
1111
1195
1377
1495
1614
2035
2049
1816
1910
1989
2068
2435
2200
1718
1986
2398
2283
1819
1652
2006
2100
1710
1427
1319
1535
1789
1345
844
1047
1247
1044
760
696
710
702
562
508
367
350
385
177
86
133
-50
-243
-101
-152
-447
-676
-764
-740
-842
-1048
-1293
-1423
-1178
-1257
-1678
-1751
-1567
-1665
-1645
-1638
-1863
-1883
-1659
-1551
-1631
-1480
-1393
-1547
-1485
-1157
-1421
-1782
-1219
-859
-1012
-1164
-1489
-1484
-951
-997
-1557
-1550
-1108
-798
-1090
-1795
-1539
-838
-756
-861
-1124
-960
36
305
-231
-30
572
1005
1110
941
819
1424
2043
1890
1706
1688
1839
2202
2328
2068
1923
1943
2141
2322
2096
1822
1853
1972
2138
1866
1431
1430
1807
1815
1433
1140
1205
1455
1388
1126
924
987
1116
942
665
642
797
783
600
470
294
183
95
74
-56
-284
-514
-633
-697
-722
-956
-1348
-1404
-1281
-1423
-1763
-1863
-1913
-1707
-1563
-1851
-2187
-2010
-1757
-1709
-1782
-1747
-1662
-1560
-1467
-1447
-1600
-1702
-1114
-917
-1307
-1315
-1222
-1400
-1121
-1063
-1398
-1364
-1045
-980
-1224
-1705
-1476
-983
-862
-827
-1075
-1001
-235
251
-153
-171
238
791
1014
875
651
1059
1782
1899
1485
1313
1679
2010
2264
2061
1769
1830
2186
2326
2089
1811
1856
2077
2147
1919
1655
1602
1934
2067
1663
1339
1446
1664
1618
1418
1177
1191
1306
1251
1023
722
783
994
757
379
331
303
210
214
-32
-454
-584
-560
-823
-1084
-1117
-1320
-1484
-1505
-1724
-1825
-1852
-1966
-1854
-1947
-2092
-2150
-2159
-1949
-1895
-1841
-1744
-1931
-1605
-1314
-1681
-1464
-1401
-1627
-1095
-858
-1249
-1452
-1387
-1046
-1083
-1142
-1133
-1399
-1091
-716
-1334
-1662
-1085
-599
-567
-929
-1013
-378
191
105
-13
163
741
1125
963
653
1043
1625
1640
1649
1531
1613
1949
1894
1857
2209
2044
1811
2067
2112
2097
1977
1756
2002
2149
1858
1621
1658
1872
2041
1591
1263
1515
1675
1531
1208
1116
1279
1318
988
782
849
937
820
487
262
370
253
-64
-153
-288
-497
-749
-999
-1080
-1138
-1304
-1496
-1603
-1642
-1646
-1892
-2010
-1775
-1904
-1934
-2006
-2119
-1803
-1540
-1616
-1735
-1734
-1479
-1199
-1219
-1356
-1400
-1230
-940
-954
-1123
-1307
-1364
-1023
-853
-1237
-1464
-1283
-1153
-1230
-1510
-1554
-1263
-967
-812
-1003
-1189
-697
-84
-168
-366
-26
414
636
728
722
952
1353
1570
1545
1434
1788
2010
1832
1192
1674
2809
2386
1760
1763
1378
1782
2717
1958
1244
1639
1957
1882
1525
1475
1667
1575
1715
1756
1158
1305
2076
1629
1083
1214
1181
965
1048
980
655
329
402
520
7
-182
-80
-346
-604
-571
-831
-1100
-1017
-1028
-1351
-1701
-1637
-1497
-1778
-2117
-1891
-1665
-2040
-2036
-1853
-2237
-1894
-1198
-1693
-1898
-1209
-1263
-1395
-1375
-1486
-949
-737
-1072
-1210
-1450
-1476
-776
-1061
-1873
-1521
-1214
-1363
-1468
-1718
-1682
-1253
-1004
-1206
-1533
-1281
-366
-136
-511
-210
233
439
711
851
661
1114
1819
1782
1479
1577
1862
2138
2226
2226
2190
2061
2358
2506
2214
2140
2229
2168
2159
2068
1949
1872
1901
1997
1696
1407
1541
1625
1411
1234
1080
972
944
830
672
475
457
475
260
65
98
46
-189
-223
-277
-551
-641
-710
-824
-896
-777
-897
-1317
-1317
-1131
-1299
-1325
-1186
-1334
-1410
-1490
-1345
-1320
-1596
-1202
-905
-1326
-1246
-1089
-1287
-1011
-846
-1018
-1286
-1361
-946
-974
-1251
-1159
-1325
-1518
-1400
-1533
-1734
-1608
-1438
-1553
-1894
-1977
-1629
-1333
-1357
-1459
-1426
-956
-483
-518
-589
-88
551
756
463
382
1035
1617
1602
1461
1363
1565
2228
2162
1717
1933
2272
2281
2113
2034
2126
2158
2107
2184
2019
1733
1880
1890
1792
1902
1806
1495
1441
1616
1621
1382
1269
1444
1345
959
875
901
909
908
672
323
197
337
280
-34
-201
-214
-345
-638
-802
-848
-874
-791
-1046
-1470
-1443
-1352
-1484
-1437
-1685
-1788
-1564
-1514
-1654
-1731
-1697
-1661
-1487
-1458
-1658
-1595
-1298
-1389
-1311
-1623
-1890
-1203
-1056
-1382
-1288
-1638
-1690
-1111
-1364
-1712
-1332
-1285
-1425
-1423
-1598
-1360
-939
-864
-1103
-964
-526
-177
-110
-92
313
791
783
599
838
1335
1701
1572
1332
1361
1833
2116
1810
1611
1975
2149
1849
1575
1850
2151
1994
1770
1636
1621
1789
1903
1605
1524
1813
1628
1188
1338
1659
1566
1270
1234
1346
1287
1184
1109
974
1036
1041
612
305
478
513
197
-40
-105
-146
-366
-698
-822
-767
-765
-1072
-1466
-1421
-1245
-1404
-1650
-1688
-1724
-1646
-1526
-1936
-1967
-1312
-1310
-1924
-1615
-1427
-1428
-1064
-1275
-1432
-1135
-1294
-1338
-1112
-1188
-1034
-1057
-1520
-1378
-1148
-1357
-1423
-1263
-1089
-1370
-1632
-1530
-1234
-949
-964
-1314
-1121
-485
-228
-534
-524
162
682
605
190
329
1143
1610
1424
1031
1030
1749
2089
1572
1345
1840
2077
1949
1626
1611
1948
2122
2044
1711
1587
1917
2025
1715
1734
1901
1755
1634
1731
1683
1622
1629
1634
1538
1349
1218
1219
1224
1251
1051
657
487
691
595
193
32
-42
-145
-425
-670
-934
-986
-887
-879
-1285
-1541
-1384
-1342
-1382
-1587
-1782
-1652
-1489
-1699
-1601
-1554
-1647
-1319
-1365
-1724
-1397
-1085
-1274
-1153
-1072
-1360
-1530
-1301
-1002
-1083
-1213
-1346
-1491
-1471
-1400
-1544
-1687
-1304
-1305
-1783
-1878
-1640
-1378
-1111
-1332
-1533
-976
-581
-634
-641
-333
185
550
221
81
713
1194
1286
1248
1101
1348
1960
1832
1521
1707
2010
1965
1772
1950
2195
2094
2045
2019
1956
2079
2154
1889
1920
2167
2070
1807
1623
1860
1962
1766
1642
1725
1680
1525
1432
1260
1344
1404
1092
773
681
694
549
283
95
-24
-210
-442
-601
-733
-895
-974
-1034
-1108
-1383
-1533
-1366
-1614
-1818
-1537
-1562
-1874
-1646
-1569
-1850
-1561
-1332
-1783
-1829
-1106
-1248
-1630
-1276
-1273
-1812
-1650
-1168
-1344
-1730
-1598
-1463
-1780
-1661
-1371
-1884
-1926
-1218
-1459
-2185
-1984
-1346
-1243
-1327
-1532
-1386
-764
-516
-627
-553
-201
426
447
-53
434
1206
1317
1231
1042
1089
1839
1930
1482
1526
1892
2036
1929
1841
1952
2202
2120
1978
1984
2050
2152
2060
1953
2194
2272
2046
1850
2031
2219
2101
1849
1788
1900
1813
1674
1435
1429
1600
1429
1054
961
937
753
545
294
115
5
-261
-459
-652
-884
-806
-904
-1324
-1328
-1217
-1514
-1522
-1320
-1698
-2130
-1755
-1344
-1664
-1780
-1685
-1669
-1513
-1560
-1718
-1751
-1611
-1218
-1240
-1669
-1917
-1670
-1339
-1532
-1658
-1736
-2087
-1757
-1300
-1894
-2168
-1746
-1682
-1859
-1816
-1893
-1741
-1237
-1239
-1548
-1298
-843
-516
-541
-427
72
403
248
258
759
1031
1234
1291
1034
1250
1930
1902
1575
1783
2139
2026
1798
1918
2240
2164
2151
2199
2034
2168
2442
2323
2146
2375
2420
2124
1990
2261
2284
2057
1952
2031
1924
1851
1793
1567
1466
1572
1403
936
746
851
763
249
3
21
-216
-506
-537
-757
-956
-818
-1013
-1356
-1493
-1539
-1459
-1566
-1801
-1716
-1688
-2134
-1777
-1621
-2279
-1900
-1466
-2093
-1864
-1419
-1903
-1828
-1510
-1595
-1874
-2103
-1664
-1571
-1943
-1664
-1757
-2201
-1767
-1528
-2061
-1832
-1429
-1882
-2061
-1729
-1638
-1408
-1295
-1550
-1313
-838
-685
-591
-576
-191
540
508
291
500
779
1231
1701
1334
1134
1685
1805
1830
2059
1945
2069
2278
2189
2308
2358
2340
2534
2453
2257
2407
2393
2351
2607
2536
2330
2286
2274
2309
2251
2154
2110
2113
1927
1797
1637
1571
1608
1319
998
880
725
572
430
165
49
-176
-471
-659
-800
-904
-968
-1073
-1382
-1577
-1592
-1624
-1570
-1757
-2176
-2049
-1727
-1858
-1857
-2114
-2123
-1635
-1797
-2108
-1945
-1946
-1879
-1502
-1795
-2006
-1958
-1875
-1782
-1815
-1791
-1896
-2136
-1934
-1635
-1937
-2238
-1939
-1618
-1869
-2068
-1902
-1728
-1326
-1118
-1522
-1524
-843
-361
-548
-530
67
657
558
319
619
1368
1698
1560
1405
1400
2023
2470
1964
1778
2431
2562
2309
2191
2340
2544
2671
2588
2358
2323
2598
2698
2390
2334
2608
2406
2067
2256
2335
2096
1944
1975
1870
1745
1687
1494
1239
1280
1300
880
532
596
578
283
80
-18
-229
-494
-659
-735
-885
-1071
-1111
-1323
-1530
-1668
-1740
-1580
-1510
-1914
-2101
-1802
-2054
-1982
-1716
-2187
-2118
-1532
-2001
-2249
-1989
-2108
-1789
-1675
-2272
-2234
-1693
-1858
-1901
-1813
-2228
-2264
-1802
-1888
-2001
-2013
-1940
-1720
-1888
-2077
-1724
-1566
-1363
-989
-1273
-1171
-496
-303
-320
23
378
751
871
858
1139
1531
1748
1849
1764
1932
2394
2193
1872
1837
2736
3130
2160
1895
2176
1944
2683
2937
1726
1776
2479
2262
1953
1875
2047
2184
2007
2024
1991
1702
2079
2487
1734
1543
1904
1561
1326
1607
1355
919
808
812
713
355
168
188
-130
-410
-356
-772
-905
-700
-938
-1351
-1552
-1554
-1616
-1880
-2206
-2065
-2049
-2043
-2023
-2443
-2635
-2178
-1804
-2182
-2471
-2093
-2030
-2311
-2048
-2039
-2592
-2371
-1875
-2219
-2304
-2011
-2209
-2487
-2117
-1939
-2253
-2252
-1835
-1764
-1830
-1942
-1822
-1243
-969
-1277
-1136
-544
-292
-31
-13
59
653
1164
1028
786
1341
2188
2153
1681
1798
2150
2473
2573
2329
2203
2462
2733
2492
2262
2530
2680
2607
2545
2453
2387
2414
2544
2498
2407
2280
2269
2240
2284
2278
1975
1789
1917
1975
1696
1479
1417
1412
1341
1057
804
671
553
420
248
29
-202
-374
-568
-746
-935
-1105
-1171
-1403
-1633
-1525
-1855
-1952
-1686
-2089
-2327
-2193
-2107
-1982
-2309
-2630
-2113
-1928
-2223
-2195
-2430
-2528
-1844
-1884
-2604
-2361
-2068
-2158
-2087
-2055
-2104
-2198
-2490
-2189
-1756
-2029
-2097
-1866
-2025
-1858
-1506
-1762
-1647
-1000
-828
-1017
-871
-291
193
94
127
753
978
717
1176
1586
1743
2025
1766
1506
2237
2779
2372
2012
2302
2870
2710
2181
2405
2848
2897
2781
2429
2323
2915
3141
2569
2390
2648
2827
2521
2250
2424
2580
2345
2138
2057
1936
1993
1754
1434
1357
1333
1029
612
422
534
395
-207
-453
-398
-698
-1009
-1170
-1405
-1358
-1366
-1920
-2146
-1944
-1876
-2026
-2437
-2547
-2261
-2238
-2552
-2745
-2594
-2246
-2158
-2416
-2671
-2614
-2232
-2165
-2470
-2425
-2193
-2418
-2460
-2109
-2143
-2267
-2041
-2210
-2345
-1972
-1865
-1954
-1733
-1676
-1842
-1773
-1593
-1219
-846
-816
-1032
-759
-146
127
181
224
704
1268
1176
929
1327
1941
2340
2315
1825
1805
2638
2982
2513
2279
2589
3033
2855
2490
2529
2752
3014
3010
2628
2480
2815
2922
2710
2651
2700
2588
2395
2459
2474
2298
2099
2075
1972
1815
1678
1445
1277
1323
1256
654
287
403
436
-32
-399
-488
-665
-866
-1089
-1361
-1528
-1438
-1611
-2102
-2279
-2151
-2271
-2466
-2414
-2551
-2623
-2682
-2577
-2553
-2929
-2740
-2486
-2699
-2617
-2469
-2757
-2530
-2321
-2553
-2419
-2375
-2696
-2354
-2084
-2299
-2007
-2058
-2540
-1933
-1503
-1883
-1604
-1380
-1488
-1315
-1121
-1069
-517
-257
-477
-427
87
541
658
559
960
1605
1615
1382
1457
2068
2552
2604
2153
2031
2555
3107
2808
2385
2695
3059
2898
2657
2671
2853
3010
2901
2616
2619
2741
2833
2760
2513
2641
2605
2200
2124
2360
2222
2024
1879
1739
1728
1564
1268
1131
1049
937
632
170
-33
-1
-225
-679
-862
-1024
-1238
-1516
-1750
-1772
-1812
-2046
-2311
-2529
-2502
-2458
-2633
-2772
-2777
-2870
-2894
-2856
-3009
-2655
-2533
-3021
-2922
-2570
-2595
-2345
-2337
-2544
-2067
-1926
-2214
-2216
-2160
-1893
-1537
-1529
-1733
-1806
-1710
-1240
-973
-1116
-863
-957
-1152
-527
-254
-465
-203
60
-25
325
510
492
827
1196
1536
1624
1267
1287
2023
2418
2404
2149
1896
2251
2912
2835
2477
2490
2815
2888
2601
2484
2651
2941
2995
2681
2423
2631
2794
2703
2531
2468
2418
2254
2124
2155
2110
1963
1852
1706
1516
1364
1137
878
852
749
325
-57
-223
-314
-391
-667
-1054
-1287
-1435
-1613
-1760
-2013
-2127
-2048
-2338
-2790
-2797
-2540
-2694
-2833
-2737
-2782
-2841
-2799
-2903
-2874
-2647
-2576
-2620
-2545
-2420
-2561
-2410
-2003
-2142
-2148
-1846
-1966
-1920
-1568
-1625
-1573
-1370
-1483
-1476
-1234
-976
-777
-712
-861
-791
-681
-529
-207
70
84
9
152
515
895
785
945
1465
1735
1800
1769
1771
2265
2823
2591
2277
2497
2894
2948
2776
2743
2928
2767
2502
2948
3166
2919
2765
2233
1987
2811
2740
1798
1807
2222
2283
1837
1287
1420
1752
1665
1316
1006
989
1455
1288
556
526
695
415
-60
-219
-281
-404
-698
-956
-1112
-1355
-1540
-1631
-1779
-1709
-1746
-2208
-2461
-2185
-2096
-2444
-2756
-2743
-2563
-2711
-2852
-2682
-2871
-2829
-2456
-2738
-2996
-2457
-2252
-2622
-2339
-1961
-2241
-2267
-1967
-2036
-1986
-1625
-1360
-1367
-1435
-1453
-1406
-1120
-718
-528
-702
-876
-620
-120
-34
-76
194
292
263
663
969
1011
1144
1518
1799
1936
2044
2003
1985
2585
3064
2708
2407
2557
2867
3179
3042
2627
2701
2912
2954
2680
2506
2682
2787
2598
2341
2126
2021
2277
2274
1861
1706
1678
1494
1423
1391
1185
917
810
720
572
278
115
92
-31
-275
-605
-896
-871
-809
-1057
-1396
-1632
-1655
-1606
-1796
-2114
-2101
-2049
-2174
-2377
-2497
-2472
-2361
-2489
-2557
-2271
-2457
-2650
-2411
-2399
-2436
-2163
-2313
-2215
-1694
-1989
-2146
-1813
-1629
-1486
-1302
-1517
-1639
-1309
-1032
-921
-939
-910
-919
-931
-725
-367
-171
-352
-406
-288
-241
-79
126
300
406
419
461
721
902
1064
1309
1508
1622
1586
1531
1904
2235
2405
2346
1919
2043
2695
2739
2331
2295
2482
2683
2517
2323
2300
2383
2531
2394
2026
1953
2233
2110
1840
1829
1763
1614
1426
1387
1373
1146
947
960
807
526
374
101
-50
44
-222
-759
-856
-780
-913
-1200
-1446
-1540
-1620
-1731
-1963
-2167
-2135
-2004
-2204
-2537
-2509
-2340
-2370
-2512
-2549
-2524
-2330
-2320
-2409
-2355
-2299
-2013
-1856
-2186
-2130
-1731
-1711
-1572
-1442
-1614
-1436
-1254
-1343
-1169
-998
-781
-675
-922
-1033
-560
-208
-255
-237
-257
-308
-59
248
293
437
490
481
710
948
1081
1210
1269
1708
2072
1854
1594
1851
2426
2511
2158
2236
2463
2478
2595
2245
2035
2710
2827
2123
1886
2068
2301
2248
1869
1702
1787
1782
1716
1513
1335
1536
1487
959
894
1058
835
625
516
448
346
-9
-194
-99
-199
-358
-564
-916
-838
-747
-1110
-1408
-1309
-1290
-1624
-1868
-1836
-1723
-1758
-1966
-2241
-2245
-2034
-1964
-2311
-2479
-2191
-1901
-2069
-2346
-2178
-1936
-2052
-1873
-1566
-1902
-1859
-1405
-1603
-1646
-1194
-1253
-1400
-1139
-976
-1010
-808
-614
-782
-921
-683
-414
-308
-183
-164
-341
-351
138
389
187
368
539
485
782
978
923
1146
1524
1763
1748
1418
1518
2179
2393
2235
2139
1898
2068
2568
2512
2150
2101
2378
2418
2166
1983
2070
2014
1967
2023
1730
1529
1668
1660
1497
1370
1198
1057
948
967
941
685
477
518
446
188
45
-76
-142
-194
-456
-799
-936
-862
-897
-1122
-1395
-1440
-1470
-1602
-1696
-1859
-1806
-1787
-1966
-2156
-2186
-2190
-2069
-1894
-2205
-2279
-1854
-1913
-2107
-1817
-1847
-1854
-1531
-1667
-1686
-1415
-1295
-1320
-1338
-1236
-1085
-1086
-1104
-779
-632
-618
-570
-845
-782
-122
16
-168
40
41
-32
176
274
514
768
719
657
807
947
1077
1255
1289
1491
1680
1442
1407
1847
2077
2057
1764
1513
1840
2148
1867
1733
1817
1906
1954
1613
1362
1646
1840
1600
1371
1307
1395
1399
1202
1112
1181
1132
939
738
747
931
802
448
419
425
289
86
-51
-27
2
-193
-620
-758
-673
-680
-877
-1138
-1205
-1288
-1469
-1521
-1533
-1636
-1617
-1716
-1968
-1905
-1823
-1986
-1988
-1952
-1900
-1851
-1954
-1952
-1806
-1665
-1661
-1699
-1658
-1538
-1432
-1282
-1335
-1186
-934
-1057
-1020
-914
-895
-591
-309
-402
-493
-499
-354
-56
168
199
130
159
186
299
566
685
685
744
819
953
1132
1154
1281
1473
1539
1489
1437
1618
1918
1940
1780
1568
1457
1784
1812
1571
1614
1730
1674
1483
1261
1325
1456
1393
1326
1184
1117
1271
1211
982
1025
1142
920
672
645
737
746
518
429
420
332
185
0
-214
-74
-58
-442
-704
-711
-672
-766
-983
-1145
-1191
-1286
-1499
-1557
-1534
-1581
-1714
-1878
-1911
-1776
-1731
-1918
-1928
-1815
-1786
-1738
-1793
-1751
-1563
-1421
-1547
-1539
-1268
-1093
-1270
-1287
-921
-893
-1040
-805
-752
-861
-358
-270
-559
-423
-168
-216
-265
-47
239
268
130
146
297
267
436
701
708
773
856
805
839
1168
1224
1181
1353
1418
1443
1415
1407
1560
1723
1632
1421
1423
1473
1648
1618
1406
1425
1543
1472
1287
1329
1351
1341
1280
1145
1057
1107
1123
1028
890
798
776
668
534
576
501
297
221
102
-30
-160
-272
-379
-467
-545
-753
-964
-983
-993
-1155
-1328
-1389
-1389
-1561
-1628
-1622
-1743
-1718
-1618
-1688
-1732
-1742
-1639
-1512
-1497
-1395
-1429
-1507
-1286
-1144
-1258
-1309
-1078
-937
-994
-851
-850
-1010
-670
-450
-763
-570
-339
-379
-268
-149
-189
-219
-49
117
149
165
311
330
343
486
516
562
762
925
945
894
937
1082
1190
1193
1233
1256
1298
1386
1355
1301
1315
1320
1374
1268
1155
1204
1335
1281
1196
1219
1165
1129
1159
1131
1049
1074
1009
902
835
804
779
710
638
603
490
360
343
355
228
144
43
-90
-195
-254
-323
-474
-633
-725
-801
-986
-1095
-1102
-1175
-1265
-1299
-1418
-1532
-1495
-1443
-1526
-1648
-1583
-1425
-1439
-1531
-1498
-1374
-1322
-1333
-1395
-1284
-1105
-1006
-1003
-1006
-949
-884
-857
-834
-661
-534
-444
-442
-512
-294
-130
-258
-122
44
95
183
205
235
382
491
503
615
699
671
625
699
914
981
905
847
1002
1145
1134
1060
1022
1117
1210
1131
1039
1050
1052
1120
978
853
969
947
819
939
940
782
828
811
726
764
757
691
644
652
676
583
505
600
615
463
404
388
344
322
290
198
95
17
-4
-116
-266
-270
-340
-562
-663
-699
-808
-900
-914
-1006
-1103
-1130
-1142
-1271
-1336
-1271
-1373
-1426
-1201
-1137
-1372
-1371
-1274
-1168
-1098
-1100
-1120
-997
-1038
-893
-825
-908
-751
-662
-656
-566
-415
-518
-453
-272
-226
-172
-169
-195
-25
246
244
117
90
177
452
491
412
309
431
678
777
628
450
562
741
912
824
660
688
841
838
837
828
714
828
958
827
781
834
785
804
830
811
753
773
869
872
793
726
743
799
839
780
691
685
744
743
599
520
454
405
409
317
205
196
175
-1
-156
-211
-269
-304
-358
-467
-609
-688
-627
-691
-836
-860
-943
-1054
-1003
-1038
-1106
-1141
-1201
-1200
-1170
-1120
-1249
-1347
-1234
-1124
-1139
-1103
-1052
-1007
-886
-903
-825
-762
-904
-716
-565
-642
-533
-340
-481
-392
-159
-97
-124
-176
-5
117
179
226
267
230
396
570
502
566
669
676
773
867
798
778
868
897
974
993
921
903
929
983
974
866
851
834
733
624
587
574
547
511
468
434
429
484
427
298
339
390
336
302
287
308
335
346
350
288
223
331
364
218
238
241
148
153
197
155
13
4
-21
-84
-147
-201
-329
-393
-345
-409
-574
-596
-571
-715
-748
-806
-896
-938
-929
-911
-1038
-1100
-1038
-1051
-1105
-1083
-1065
-1041
-923
-943
-1001
-917
-814
-826
-849
-756
-693
-632
-643
-614
-585
-401
-228
-256
-224
-69
55
66
112
221
372
339
413
552
564
656
784
808
811
907
840
814
901
916
876
846
811
884
884
729
710
729
709
663
590
539
550
551
488
401
414
420
370
388
428
434
395
362
334
290
343
382
299
270
355
344
261
307
292
232
203
156
89
40
41
7
-70
-141
-203
-230
-340
-410
-430
-510
-602
-604
-646
-753
-771
-752
-815
-905
-852
-861
-941
-893
-799
-930
-956
-846
-840
-849
-802
-762
-740
-682
-606
-629
-645
-541
-614
-531
-380
-386
-358
-231
-218
-142
-35
-15
107
130
170
310
294
359
554
488
508
661
685
692
762
782
804
773
753
832
777
773
860
741
585
638
606
515
533
449
283
223
272
269
168
92
118
44
-69
-26
-44
-67
-33
-25
-61
-40
-9
10
31
33
24
37
6
60
125
61
87
107
91
133
106
53
58
93
59
57
-23
-39
67
-19
-94
-86
-105
-59
-100
-232
-221
-207
-163
-155
-314
-404
-307
-354
-403
-362
-430
-480
-438
-477
-490
-418
-478
-533
-459
-517
-491
-425
-562
-487
-334
-425
-495
-388
-360
-259
-149
-193
-248
-145
60
104
54
114
207
209
273
375
314
331
447
414
400
482
462
441
442
519
521
398
360
424
436
300
251
236
171
250
193
23
75
98
20
-54
-88
-131
-86
-112
-170
-177
-188
-165
-112
-136
-185
-126
-116
-113
-38
-9
-33
-4
9
24
108
110
104
212
240
201
185
191
248
287
247
262
329
306
312
344
365
367
308
250
241
276
279
190
97
130
211
65
-113
-58
-82
-166
-109
-253
-358
-310
-367
-443
-420
-498
-534
-574
-576
-451
-511
-655
-540
-531
-531
-446
-570
-550
-303
-269
-360
-269
-245
-197
-89
-117
-53
-26
-46
16
92
73
145
209
138
226
254
228
257
322
272
252
243
247
313
292
275
202
160
196
164
74
33
1
-34
-60
-109
-121
-122
-148
-135
-114
-192
-187
-123
-142
-144
-105
-102
-100
-45
-10
24
38
83
164
138
128
255
263
229
288
342
362
428
417
405
475
478
506
485
470
484
444
397
463
464
385
356
316
255
321
286
167
173
164
85
36
-61
-122
-49
-131
-247
-223
-289
-339
-279
-368
-493
-375
-511
-557
-455
-520
-556
-505
-515
-573
-449
-477
-481
-479
-500
-453
-410
-402
-333
-293
-327
-321
-220
-214
-171
-194
-131
-138
-71
-49
-58
-21
-10
73
23
-3
93
176
72
71
126
74
91
146
75
88
109
78
-21
-49
-39
-4
-61
-93
-36
-62
-92
-56
-43
-33
28
-9
-36
-9
84
110
137
130
179
221
230
278
359
396
412
467
471
536
550
563
534
584
622
586
587
565
586
566
506
444
417
436
388
319
337
366
280
245
167
115
208
212
25
-40
-53
-144
-142
-114
-202
-280
-284
-305
-307
-351
-374
-434
-510
-428
-451
-586
-496
-474
-564
-497
-520
-604
-550
-502
-530
-585
-571
-502
-499
-540
-483
-456
-453
-375
-282
-362
-330
-226
-253
-226
-187
-199
-201
-130
-78
-29
-73
-41
-8
-30
17
83
82
1
65
112
78
92
103
95
130
154
123
113
120
164
177
173
176
217
201
223
267
316
327
301
323
362
356
356
397
409
420
448
439
416
454
487
518
472
495
551
537
501
473
498
496
451
402
416
430
402
373
292
246
240
227
155
102
72
-21
-66
-95
-123
-192
-227
-303
-339
-422
-465
-493
-544
-509
-507
-654
-740
-603
-581
-637
-639
-657
-662
-585
-550
-615
-560
-516
-515
-464
-450
-402
-399
-402
-364
-307
-307
-284
-274
-254
-164
-101
-134
-146
-89
-77
-45
-33
-20
28
80
38
74
105
145
149
132
175
165
194
240
272
304
299
236
259
364
361
348
359
326
347
369
338
331
388
401
425
394
389
424
394
401
409
393
415
404
414
436
385
365
398
391
333
346
286
295
335
274
224
207
210
154
127
75
71
67
-6
-60
-120
-126
-145
-197
-285
-303
-284
-350
-388
-386
-385
-444
-487
-489
-503
-521
-525
-532
-531
-475
-484
-514
-493
-474
-464
-441
-410
-398
-374
-369
-355
-360
-352
-333
-355
-315
-252
-231
-234
-229
-172
-111
-103
-86
-100
-68
-51
-34
-29
-20
57
74
70
109
133
121
167
207
202
235
251
225
264
330
318
305
356
370
390
384
372
383
385
383
381
408
439
428
411
417
391
366
370
331
312
321
318
278
303
323
230
213
230
200
183
186
148
94
106
80
33
35
39
-6
-65
-90
-111
-132
-140
-168
-188
-202
-230
-262
-289
-296
-291
-326
-318
-352
-388
-354
-393
-416
-397
-390
-402
-362
-336
-353
-377
-313
-288
-300
-310
-305
-315
-256
-186
-191
-216
-185
-165
-204
-149
-131
-104
-78
-80
-69
-42
-24
-6
14
17
44
77
58
117
133
125
131
151
151
159
182
158
177
213
199
253
268
190
242
270
286
300
309
293
359
341
225
174
166
209
211
183
74
131
243
259
299
183
172
237
258
233
211
196
144
221
243
220
221
216
208
262
269
223
222
143
94
69
-46
-75
-95
-160
-221
-227
-287
-337
-323
-351
-406
-467
-463
-488
-470
-442
-486
-543
-534
-501
-511
-512
-533
-547
-475
-461
-461
-393
-373
-363
-283
-247
-226
-189
-143
-128
-86
-56
-17
4
-20
14
59
82
120
182
126
170
235
235
263
293
288
299
330
308
309
305
258
286
305
283
278
295
262
286
320
286
274
290
287
272
260
256
242
225
269
236
219
180
176
183
170
156
98
106
106
114
96
64
38
29
-10
-33
-47
-95
-103
-91
-101
-148
-163
-158
-168
-158
-201
-229
-222
-231
-227
-245
-235
-189
-168
-215
-245
-210
-259
-250
-243
-250
-200
-167
-177
-209
-178
-154
-122
-103
-131
-105
-111
-98
-80
-53
-63
-63
-4
-18
17
34
17
25
44
40
45
68
82
120
136
107
137
99
76
133
124
123
152
116
121
139
155
114
104
107
140
175
132
120
112
149
123
118
113
94
138
98
83
86
76
71
80
76
36
50
35
12
35
35
-22
-24
-62
-77
-50
-68
-113
-118
-125
-108
-125
-141
-146
-133
-140
-149
-101
-137
-110
-135
-152
-126
-142
-178
-186
-169
-188
-190
-179
-170
-175
-135
-131
-145
-126
-99
-99
-118
-74
-61
-54
-64
-45
-40
-22
-14
-17
14
48
85
98
86
110
154
138
163
175
182
183
175
185
218
213
231
211
212
230
230
220
181
155
175
175
157
130
110
145
119
124
103
100
62
70
104
92
61
60
45
24
33
18
2
-4
28
43
23
18
25
23
-2
-16
-23
-37
-27
-46
