59
48
65
83
83
73
40
39
33
23
31
29
3
-19
-52
-40
-42
-63
-70
-55
-43
-72
-5
12
4
23
9
49
22
11
-4
-24
-4
3
21
28
34
10
32
13
23
17
18
33
24
13
43
21
6
35
5
35
20
3
11
-14
19
3
12
11
-2
-6
-26
0
-72
-80
-76
-91
-113
-78
-57
-64
-26
-39
-51
-71
-45
-55
-37
-30
-44
-70
-84
-73
-52
-71
-83
-38
-30
-41
-16
14
11
33
36
50
24
31
57
43
53
52
34
72
66
70
64
47
88
81
56
70
45
48
34
-14
-16
27
-26
-36
-30
-21
-39
-45
-31
-31
-13
-24
3
-11
11
-29
-52
-43
-25
20
44
11
37
27
21
44
35
86
28
-1
0
-49
-38
-33
-60
-34
-26
-41
-22
-11
-20
-44
-25
-19
-55
-35
-18
-52
-41
-23
-9
11
-10
-22
-30
-33
-25
-9
8
32
10
-8
17
43
37
6
8
28
23
39
19
24
60
53
28
55
35
19
54
45
52
60
73
59
68
30
30
33
2
-28
-55
-30
-37
-34
-34
-13
-16
-6
32
33
61
71
74
34
13
4
-35
-44
-28
-30
-45
18
16
24
27
20
2
5
5
-23
-41
8
-5
-15
16
-12
20
-3
-20
-29
-25
-40
-45
-33
-49
-35
-9
-10
-14
-35
-47
-46
-52
-73
-65
-96
-71
-80
-59
-55
-36
-18
-35
5
-43
-33
-21
-44
-9
17
30
72
57
46
61
11
39
24
47
46
44
60
59
94
66
38
66
56
36
35
5
15
0
4
6
8
18
-6
-35
-38
-12
1
14
3
6
-29
-68
-50
-34
-29
-31
-19
-3
-5
-27
-39
-42
-35
-24
-15
-17
-13
-25
15
-39
-81
-53
15
9
-28
-548
-2271
-2532
-564
980
1539
226
-1888
-2073
-1194
401
2123
2199
764
-491
-137
1155
2615
3378
2034
828
804
856
2171
3236
2828
1720
232
-376
12
633
714
-320
-1209
-1824
-2636
-2541
-1986
-2135
-2474
-2780
-2885
-2582
-2259
-2262
-2432
-1760
-959
-609
-116
-85
-320
151
1175
1910
2460
2230
1486
1611
2183
2531
2635
2234
1017
-2
182
461
366
252
-1183
-2905
-2860
-2277
-1873
-2073
-2842
-3298
-3604
-3353
-2353
-1482
-1384
-1880
-1562
-427
227
1038
1756
1818
1855
2279
3200
3709
3889
4118
3752
3424
3848
3914
3638
3119
2506
2062
1762
1245
1072
-311
-2439
-1887
-691
-753
-2143
-3888
-4118
-3635
-3067
-2371
-2158
-2558
-3334
-2881
-1385
-426
615
401
-524
436
1299
2304
3435
3543
3242
2526
2551
3277
3782
3960
3185
2239
2030
1597
1277
1477
775
-229
-815
-1155
-1029
-1366
-2101
-2969
-3332
-2895
-3044
-3078
-3095
-3664
-4051
-4121
-4021
-4020
-3856
-3512
-3427
-3254
-2967
-2838
-2299
-2028
-2250
-1576
-524
-56
426
939
1080
1376
2052
2578
3047
3401
3428
3489
3853
4138
4264
4152
3617
3140
3148
2988
2541
2149
1701
980
261
88
-52
-712
-1240
-1534
-1865
-2068
-2226
-2386
-2259
-2286
-2260
-1968
-1514
-2318
-3131
-1553
-193
323
535
-362
-311
580
1080
2097
2819
2550
1726
1738
2446
2938
3534
2953
1906
2042
1703
1596
2053
2009
1497
396
-109
-38
-183
-163
-578
-837
-717
-1356
-1822
-1269
-732
-986
-1396
-1591
-1572
-1083
-737
-1034
-939
-805
-1411
-1334
-1261
-1355
-1539
-2045
-2403
-2768
-2805
-2635
-2669
-2868
-3315
-3487
-2992
-2952
-3133
-2669
-1932
-1501
-1482
-988
-361
-37
692
1251
1934
2543
2678
3205
3869
4148
4399
4553
4465
4274
4199
4138
3755
3435
3236
2678
1890
1296
855
327
-343
-756
-1087
-1677
-2191
-2571
-2613
-2597
-2881
-2895
-3187
-5186
-4974
-1986
-194
268
-1573
-3702
-2720
-516
1964
3621
3003
1218
269
1607
3801
5519
5693
3149
1707
2309
3058
4620
4793
3496
1758
-41
258
1218
1559
1243
-471
-1710
-1948
-2174
-1700
-1327
-2195
-3064
-3237
-2925
-2588
-2448
-2685
-3148
-2627
-2325
-2302
-1761
-2157
-3060
-3403
-2969
-2190
-1769
-2264
-2814
-3010
-2821
-2217
-1465
-865
-1537
-2701
-2140
-533
610
938
655
332
390
987
2093
3378
3771
3052
2723
3256
3882
4456
4512
3943
3430
3118
2942
2893
2665
2202
1452
603
371
221
-430
-1005
-1504
-1792
-1995
-2442
-2886
-2759
-2921
-4268
-4049
-2162
-1349
-1208
-2149
-3208
-2147
-573
930
2110
1883
854
603
1937
3624
4686
4684
3288
2595
3037
3639
4660
4725
3721
2218
1046
1318
1783
1690
1216
-3
-1001
-1380
-1775
-1754
-1463
-2058
-2693
-2807
-3140
-3281
-2932
-2800
-2486
-2416
-2964
-2916
-2618
-2264
-1965
-1928
-1637
-1870
-2576
-3003
-2770
-1955
-1437
-1493
-2045
-2663
-2369
-1602
-1145
-980
-1350
-979
-367
-323
273
976
1110
1184
1495
2314
2923
2864
3121
3648
3905
3958
3948
3999
3604
3047
2993
3012
2887
2221
1451
1003
308
17
44
-440
-1092
-1772
-2405
-3035
-3582
-2484
-2375
-3809
-3147
-2674
-2211
-1585
-2583
-1966
-805
-342
705
1417
1617
1343
1991
3050
3237
4242
3928
2781
3767
3956
4119
4306
3411
2995
2034
1702
2060
1361
1181
317
-982
-989
-1444
-1782
-1440
-1801
-2592
-3107
-3058
-3068
-3167
-2707
-2893
-3001
-2436
-2704
-2736
-2099
-2235
-2168
-1886
-2099
-2071
-2091
-2332
-2347
-2177
-1592
-1868
-2569
-2352
-2361
-1495
-878
-1673
-1853
-1329
-545
-17
138
741
757
559
1332
2225
3230
3486
2909
3230
3742
3955
4227
4410
4218
3365
2891
3097
2806
2534
2092
1028
582
147
-493
-849
-1611
-2853
-3011
-2245
-2050
-2490
-3485
-4418
-3991
-2410
-1277
-1111
-1505
-1927
-1390
93
1578
2538
2433
1653
1799
2977
4286
5066
4712
4062
3630
3456
3920
4287
3971
3053
1896
1238
1129
946
305
-564
-1313
-1893
-2339
-2407
-2523
-2819
-3308
-3983
-3862
-3500
-3377
-3211
-3369
-3021
-2789
-2841
-2426
-2328
-1935
-1251
-1081
-911
-1216
-1466
-1298
-1348
-859
-434
-662
-1181
-1936
-1895
-1163
-314
118
-1218
-2577
-2299
-673
1072
844
53
-215
-540
114
1782
3249
3480
2129
1446
2395
3461
4153
4227
3902
3128
2209
2378
3159
3154
2398
930
350
57
-484
-146
-417
-1248
-2191
-3204
-2714
-1702
-1704
-2338
-2959
-2705
-1858
-1017
-561
-615
-511
-312
473
2087
2784
2625
2160
2113
3070
3892
4312
4230
3620
3151
2874
2822
3123
2831
1830
896
264
67
-240
-681
-1149
-1754
-2178
-2843
-3034
-2756
-3163
-3651
-3714
-3623
-3368
-3353
-3594
-3214
-2775
-2879
-2638
-2185
-1651
-1295
-1607
-1709
-1360
-890
-542
-522
-526
-809
-1070
-971
-684
-103
-13
-50
245
-682
-1748
-1364
146
1845
1431
-100
-389
-85
628
1837
2927
3075
1726
580
1430
3198
4022
3538
2657
1550
815
1071
1986
3104
2763
512
-1054
-1277
-802
17
101
-368
-900
-2073
-2583
-1609
-579
-177
-487
-796
-592
-150
334
1126
1920
2089
1759
1896
2319
2718
3152
3257
3617
3611
2790
2311
2017
2031
2171
1571
1047
433
-671
-1121
-1255
-1375
-1349
-2239
-2911
-3086
-3540
-3429
-3213
-3164
-3192
-3573
-4055
-3791
-2943
-2209
-1967
-2175
-2473
-2307
-1545
-869
-339
-383
-1028
-1059
-599
14
598
349
-104
-550
-1137
-730
284
771
1051
353
-1081
-1695
-1497
-232
1171
1267
272
-817
-1108
-283
1253
2320
1978
1060
468
592
1931
3141
3287
2364
733
205
1324
2707
3174
2325
808
-213
111
1126
2024
1809
696
-166
-349
333
1277
1591
1089
235
73
873
1722
2157
1594
913
935
1273
1903
2170
1618
1125
725
911
1249
1187
418
-1124
-1183
-636
-399
74
-1136
-2564
-2793
-3324
-2461
-1381
-2081
-2797
-3279
-3321
-2809
-2363
-3081
-3454
-1956
-1937
-1162
-409
-2213
-1745
-1346
-1314
350
-251
-1005
-673
-790
189
1090
919
92
-486
-33
425
1489
1275
273
609
114
478
1318
264
-62
-553
-1012
331
554
-77
-210
-924
-1127
-469
-383
-307
-432
-767
-687
-37
589
595
744
457
167
982
1525
1985
2258
1620
1583
2101
2557
3385
3314
2806
2608
2179
2604
3271
3217
3068
2249
1559
1670
1917
1913
1376
707
79
-218
-59
-363
-554
-886
-1588
-1488
-1507
-1821
-1954
-2409
-2318
-1849
-1951
-1980
-2384
-2374
-1839
-1790
-1635
-1503
-1490
-1367
-1572
-1470
-1083
-886
-661
-1060
-1318
-1225
-1521
-1577
-1147
-1114
-731
-364
-1111
-1471
-1762
-1932
-1314
-624
-99
-48
-394
-794
-670
107
688
1251
1688
1125
852
1056
1366
2210
2018
1578
1227
617
919
1357
1416
1457
953
-53
-745
-959
-404
382
406
-474
-1604
-1956
-1674
-733
218
74
-453
-777
-788
236
1128
1584
1841
1411
1478
1926
2478
3323
3678
3415
3096
2874
2885
3153
3228
2995
2654
2152
1501
1167
952
565
235
-166
-692
-1166
-1709
-2201
-2133
-2032
-2232
-2554
-3208
-3407
-3072
-2663
-2205
-2285
-2969
-3227
-3039
-2293
-1086
-570
-818
-1386
-1678
-1261
-340
457
593
135
-182
-468
-60
716
556
289
-137
-456
66
223
208
1
-428
-649
-781
-862
-1243
-1641
-1175
-326
-127
-789
-2064
-2730
-2496
-1225
206
401
-411
-1537
-1841
-608
824
1747
1595
753
187
283
1970
3549
3688
2670
915
858
2566
3841
4074
3124
1709
1337
1904
2696
3084
2527
1357
566
977
1639
1950
1471
524
208
169
623
1148
795
141
-439
-525
191
686
271
-337
-748
-842
-317
-79
-304
-601
-1103
-1369
-1009
-616
-675
-1063
-1461
-1446
-1137
-1203
-1471
-1473
-1780
-1857
-1407
-1335
-1483
-1583
-1860
-1365
-700
-979
-1163
-1539
-1804
-1282
-710
-414
-563
-977
-1337
-1194
-554
-721
-609
-580
-1080
-865
-726
-869
-1215
-2316
-2217
-946
-80
177
-847
-2129
-2623
-2202
-791
623
823
-330
-1392
-1132
-20
1620
2389
1800
1034
790
1389
2870
3803
3105
2752
2609
2388
2735
2866
3346
3515
2741
2071
1893
2013
2087
1791
1607
1347
1011
942
550
662
631
441
704
387
541
237
-416
74
322
505
576
-96
-357
-280
-113
411
510
154
-425
-843
-684
-403
-242
-361
-828
-1025
-1118
-987
-930
-989
-1073
-1490
-1353
-1057
-1036
-1047
-1400
-1533
-1207
-1074
-1068
-1111
-1294
-1458
-1294
-1107
-1035
-993
-1303
-1690
-1633
-1625
-1480
-1098
-1569
-1788
-1953
-1962
-1308
-1330
-1771
-2457
-3140
-2570
-1330
-287
-237
-1516
-2509
-2857
-1854
-11
968
1085
-2
-1068
-284
1129
2733
3186
2309
1591
1292
2288
3842
4853
4247
2595
2145
2576
3259
4074
3578
2862
2156
1233
1578
2222
2050
1409
653
196
251
548
270
-279
-249
-424
-230
160
-43
-94
-567
-660
123
491
617
194
-292
-28
466
839
1063
793
170
-129
123
768
1021
688
-227
-680
-196
-43
36
0
-585
-922
-992
-1063
-820
-1125
-1566
-1700
-1710
-1754
-2044
-1848
-2012
-2539
-2450
-2505
-2127
-2051
-2789
-2644
-2438
-2225
-2100
-2694
-2645
-2362
-2059
-1634
-1463
-1395
-1763
-2399
-2646
-1895
-542
281
221
-742
-1810
-1939
-1012
698
2101
1886
660
-295
70
1557
3096
3657
2888
1826
1082
1734
3484
4575
4403
2491
721
1035
2304
3852
4051
2424
838
-130
374
1921
2542
1939
329
-730
-492
265
1379
1055
152
-298
-672
257
1032
1053
887
104
213
734
909
1194
764
577
762
873
1238
971
405
-8
-191
560
813
499
53
-1047
-1257
-791
-463
-3
-703
-1677
-1946
-1874
-1087
-897
-1430
-1937
-2588
-2570
-2043
-1542
-1414
-2262
-2534
-2305
-2216
-1836
-2242
-2219
-1787
-2200
-1972
-1945
-2237
-1908
-1814
-1486
-1353
-1564
-1865
-2513
-2424
-1650
-518
606
-62
-1531
-2499
-2397
-528
1337
2036
1292
-502
-1037
155
2012
3586
3339
1900
983
1204
2456
3995
4667
3977
2298
914
1210
2754
3980
3743
2231
531
-186
457
1865
2551
1722
-46
-999
-637
250
1147
1032
-101
-486
-500
155
1246
1213
906
542
669
1265
1614
1668
1371
1210
1427
1578
1732
1456
811
461
376
693
1021
651
22
-973
-1534
-1021
-742
-450
-1022
-2357
-2991
-2756
-2029
-1496
-1738
-2636
-3544
-3491
-2507
-1860
-1918
-2470
-2670
-2485
-2243
-1921
-1827
-1607
-1554
-1813
-1456
-1377
-1361
-1079
-1090
-877
-642
-749
-1275
-1904
-1972
-1386
-264
625
171
-1212
-2687
-2844
-1098
960
1704
702
-1025
-1647
-632
1364
2931
2757
1444
440
729
2261
3845
4338
3523
2416
1607
1301
2635
3889
3900
3107
1381
655
1210
1884
2553
2257
1268
160
-240
472
1162
1431
795
17
53
233
652
875
913
1203
905
812
973
802
963
1217
1258
1436
986
324
280
301
503
447
70
-175
-728
-923
-1014
-1185
-1021
-1180
-1409
-1491
-1994
-2132
-1906
-1779
-1707
-2165
-2375
-2363
-2095
-1596
-1860
-2131
-2263
-2169
-1641
-1578
-1681
-1813
-1945
-1670
-1422
-1381
-1327
-1636
-1722
-1492
-1278
-933
-1440
-2323
-2647
-2157
-712
74
-112
-1250
-2697
-2772
-1521
514
1715
1044
-411
-1281
-717
1257
2809
3108
2189
852
911
2142
3666
4417
3987
2831
1812
1653
2460
3620
3817
2981
1738
935
946
1412
1904
1748
1115
342
-258
-82
333
530
639
199
-47
113
80
435
740
874
1133
1051
789
757
820
1103
1501
1419
1078
577
239
405
653
691
211
-320
-680
-885
-619
-692
-1038
-1158
-1488
-1576
-1427
-1747
-1784
-1579
-1704
-1774
-2019
-2098
-2050
-1853
-1463
-1503
-1526
-1625
-1867
-1700
-1551
-1223
-1019
-1099
-1202
-1573
-1790
-1443
-1123
-827
-773
-1436
-1594
-1688
-1968
-1823
-1577
-1204
-854
-518
-819
-1794
-2316
-2087
-806
687
887
-25
-840
-919
174
1732
2610
2436
1224
795
1566
2859
4139
4149
3337
2426
1969
2592
3696
3641
2601
1850
1857
2142
2037
1632
1126
729
620
470
551
503
-75
-188
-139
221
496
-45
-480
-389
-135
546
985
940
536
-98
-159
548
1300
1416
1003
349
-19
49
589
1030
934
333
-464
-717
-397
-138
-245
-531
-884
-986
-1098
-1197
-1184
-1380
-1321
-1362
-1471
-1512
-1962
-2177
-1896
-1632
-1382
-1634
-2180
-2416
-2492
-1880
-1535
-1588
-1823
-2511
-2481
-2005
-1656
-1302
-1641
-1900
-1948
-2255
-1968
-1709
-1515
-1053
-837
-456
-676
-1602
-1914
-1194
405
1487
1332
458
-272
64
1294
2555
3221
2661
1662
1523
2349
3663
4211
3848
3115
2231
2082
2658
3448
3416
2028
948
1033
1582
1994
1253
175
-510
-724
-56
546
291
-530
-1278
-1045
18
703
530
-436
-906
-463
612
1731
1857
1156
405
198
1030
2177
2562
1979
1010
430
721
1318
1616
1404
477
-396
-774
-508
-74
-207
-836
-1508
-1895
-1664
-1566
-1685
-1866
-2402
-2380
-2072
-2103
-2015
-2394
-2656
-2255
-1925
-1751
-1795
-2152
-2364
-2003
-1619
-1283
-1103
-1440
-1979
-1779
-1394
-1071
-802
-1195
-1259
-1338
-1890
-1910
-1596
-1206
-497
-132
-574
-1530
-2547
-2208
-258
1359
1319
183
-886
-896
509
2116
3020
2864
1517
910
1813
3404
4721
4539
3284
2524
2474
2943
3940
4306
3412
1796
754
1111
2067
2391
1349
-10
-760
-1063
-376
192
-126
-821
-1739
-1719
-897
-272
-245
-846
-1141
-647
118
952
1116
859
656
821
1625
2135
2173
1800
1208
1317
1681
1845
1970
1427
507
-4
-63
171
262
-277
-1223
-1771
-1863
-1707
-1385
-1664
-2364
-2809
-2892
-2507
-2078
-2294
-2770
-3057
-2774
-2350
-1995
-1874
-2206
-2195
-2051
-1609
-894
-1043
-1324
-1569
-1475
-777
-449
-348
-506
-817
-971
-1255
-1193
-788
-798
-480
-297
-74
-426
-1843
-2196
-1312
325
1427
740
-446
-1198
-886
711
2265
2799
1960
704
495
1667
3421
4401
3956
2922
1701
1507
2973
4209
4418
3041
1023
527
1048
2027
2548
1549
153
-1007
-1196
-326
290
110
-795
-1532
-1444
-991
-285
-327
-567
-529
-579
168
837
922
987
912
1137
1729
1931
1812
1626
1418
1495
1720
1934
1753
1058
352
-141
25
302
88
-512
-1442
-1947
-1881
-1553
-1288
-1539
-2287
-2959
-2917
-2472
-1912
-1664
-2143
-2414
-2600
-2513
-1843
-1378
-1219
-1375
-1717
-1588
-1018
-539
-489
-767
-1000
-1155
-833
-214
-102
-340
-980
-1618
-1395
-1114
-861
-842
-882
-509
-855
-1837
-2392
-1792
-322
590
242
-509
-1039
-799
351
1636
2362
1710
745
750
1712
3387
4150
3766
2881
1913
2111
3110
3777
3914
3176
2036
1052
449
1060
1771
1760
1036
-655
-1506
-1423
-983
-11
-237
-1164
-1839
-2057
-1206
-284
201
36
-574
-452
-25
917
1888
1946
1905
1662
1561
1992
2234
2439
2487
2053
1783
1476
1224
1228
836
387
98
-343
-768
-962
-1309
-1618
-1662
-1731
-1885
-1994
-2337
-2709
-2452
-2067
-1754
-1440
-1976
-2298
-2062
-1935
-1115
-565
-808
-624
-1045
-1391
-737
-541
-228
-36
-750
-1039
-860
-842
-688
-640
-1128
-1890
-1986
-2011
-1928
-1449
-1367
-1136
-1474
-2920
-3356
-2402
-872
406
-80
-1252
-1649
-1291
92
1842
2460
1822
1058
895
1937
3661
4330
3963
3332
2551
2460
3082
3890
4106
3457
2335
1555
1485
1291
504
320
581
372
-199
-1380
-2077
-1859
-1343
-636
-551
-1073
-1851
-2183
-1178
69
1009
884
113
-22
286
1283
2506
2887
2749
2037
1431
1908
2530
2811
2624
2038
1494
1129
932
1007
830
366
-237
-610
-645
-902
-1116
-1455
-1581
-1370
-1503
-1517
-1588
-2119
-2102
-1979
-1768
-1119
-1226
-1544
-1685
-1799
-1453
-1147
-882
-1046
-1408
-1578
-1734
-1255
-989
-1093
-1322
-1837
-1963
-1864
-2028
-1904
-1989
-2430
-2465
-2304
-1630
-895
-1446
-2653
-3017
-2118
-454
727
590
-307
-929
-524
766
2297
2903
2075
1389
1397
2329
3625
3985
3669
2915
2196
2263
3000
3530
3301
2225
1166
1015
1251
1182
284
-525
-672
-541
-327
-842
-1648
-1944
-2083
-1345
-451
-491
-914
-1465
-1103
26
955
1518
1128
751
943
1664
2970
3656
3485
2703
1926
2249
2927
3395
3444
2434
1593
1281
1089
1341
1201
394
-275
-770
-857
-883
-1280
-1671
-1981
-1828
-1650
-1805
-1969
-2460
-2755
-2455
-1963
-1289
-1379
-2032
-2234
-2270
-1680
-915
-998
-1301
-1503
-1888
-1675
-1162
-1030
-937
-1352
-1882
-1852
-1583
-1409
-1742
-1901
-2103
-2315
-2123
-1883
-1117
-928
-2102
-2949
-2785
-1491
169
292
-397
-941
-1156
-212
1126
1974
1898
1051
692
1471
2962
3792
3513
2916
2262
2300
3004
3569
3527
2891
2094
1579
1652
1726
1585
1008
-479
-1043
-314
328
392
-914
-2281
-2108
-1225
20
461
-315
-1118
-1391
-154
1474
2377
2162
831
752
1858
3059
4217
3897
2998
2466
2231
3085
3771
3505
2729
1493
1027
1209
1201
1079
230
-743
-1232
-1460
-1290
-1610
-2202
-2626
-2803
-2271
-2145
-2583
-2957
-3370
-2960
-2161
-1912
-1943
-2436
-2733
-2166
-1467
-960
-1099
-1557
-1693
-1543
-1130
-947
-911
-961
-1391
-1460
-1406
-1451
-1518
-1895
-2011
-2049
-2410
-2482
-2041
-1366
-1342
-2609
-3689
-3292
-1661
-323
-312
-1024
-1813
-1817
-537
1007
2122
1841
734
625
1699
3217
4192
4034
3420
2911
2951
3557
4283
4484
3576
2583
2336
2544
2710
1930
870
384
142
385
470
-19
-908
-1981
-2068
-1093
-143
-159
-893
-1388
-1202
-134
1016
1508
1509
1037
857
1822
3093
3892
3759
2960
2519
2696
3252
3607
3557
2907
1927
1348
1229
1388
1115
362
-415
-976
-1379
-1604
-1725
-2042
-2354
-2716
-2948
-2743
-2531
-2754
-2876
-2771
-2712
-2508
-2475
-2520
-2202
-2086
-1910
-1630
-1532
-1472
-1629
-1664
-1433
-1453
-1322
-1257
-1380
-1354
-1656
-1886
-1883
-2063
-2061
-2095
-2295
-2494
-2833
-2264
-1438
-1637
-2697
-3676
-2999
-1269
-115
-46
-888
-1533
-1291
-203
1602
2759
2169
1282
1139
2182
3750
4385
4327
3839
3288
3087
3280
4123
4629
4085
2955
1943
1743
2033
2006
1870
843
-836
-1019
-440
325
398
-1339
-2325
-1990
-1152
104
373
-184
-704
-584
562
1764
2591
2350
1444
1733
2339
3261
4082
3749
3425
2631
2071
2615
2911
3022
2295
1033
417
130
90
27
-413
-1260
-2169
-2476
-2226
-2096
-2237
-2889
-3330
-3090
-3040
-2727
-2466
-2780
-2842
-2661
-2381
-1955
-1623
-1820
-1950
-1824
-1655
-1200
-959
-1171
-1384
-1589
-1567
-1208
-1096
-1303
-1617
-1992
-2099
-2162
-2302
-2276
-2232
-2694
-3046
-2730
-2001
-1460
-2033
-3314
-3374
-2140
-692
199
44
-720
-994
-363
1010
2616
3007
2299
1793
2105
3335
4571
4897
4498
3751
3266
3510
4302
4726
4139
3303
2500
2108
2118
1927
1662
1282
-106
-897
-620
-380
46
-577
-1581
-1715
-1515
-835
-121
143
-162
-536
51
925
1883
2279
1755
1635
2070
2704
3706
3710
3156
2689
2083
2433
2876
2706
2161
1107
291
136
219
-22
-562
-1303
-2227
-2547
-2349
-2345
-2502
-2908
-3642
-3530
-2994
-2954
-2687
-2821
-3092
-2879
-2748
-2330
-1950
-1939
-1978
-1843
-1504
-1408
-1365
-1435
-1452
-1201
-1340
-1316
-1106
-1511
-1610
-1632
-1848
-1790
-2123
-2327
-2017
-1992
-2345
-2711
-2292
-1522
-1339
-2143
-3067
-2472
-1086
-26
397
80
-402
-343
496
2017
3225
2930
2236
2131
2895
4168
4864
4743
4192
3657
3469
4039
4681
4661
3764
2524
2130
2326
2530
2183
1284
509
-334
-646
-238
51
-843
-1884
-1673
-1019
-320
-544
-1681
-1653
-893
90
1356
1483
782
431
829
2007
3293
3362
2388
1718
1892
2589
3583
3490
2614
1747
619
651
1276
1191
642
-507
-1620
-1733
-1587
-1748
-2006
-2529
-3096
-3351
-3148
-3147
-3110
-3047
-3435
-3079
-2764
-3117
-2813
-2627
-2402
-2015
-1926
-1878
-1785
-1774
-1798
-1268
-775
-1073
-1247
-1483
-1594
-1052
-1049
-1049
-887
-1569
-2104
-2086
-1785
-1254
-1594
-2213
-2009
-1173
-902
-1632
-2240
-2083
-851
518
804
516
-40
-358
516
2082
3059
3177
2332
1920
2712
3657
4485
4643
4130
3566
3291
3452
3997
4023
3432
2850
2400
2029
1771
1466
1260
587
-309
-591
-420
-31
-392
-1232
-1708
-1656
-1127
-600
-312
-434
-804
-646
89
918
1578
1324
974
1289
1723
2459
2801
2647
2512
2227
2078
2199
2088
1819
1356
840
506
203
-47
-458
-970
-1464
-2027
-2270
-2240
-2313
-2475
-3060
-3456
-3234
-3047
-2731
-2527
-2759
-2886
-2807
-2687
-2111
-1753
-1809
-1689
-1709
-1544
-1279
-1044
-731
-898
-1065
-1243
-1132
-661
-701
-782
-952
-1383
-1453
-1573
-1596
-1215
-1533
-1920
-2153
-2142
-1196
-660
-946
-1795
-2554
-1988
-487
887
1125
135
-610
-435
688
2424
3219
2852
2070
1552
2494
3930
4711
4622
3648
2867
2911
3422
4210
4332
3291
2408
2011
2073
2233
1712
1049
134
-437
-138
57
130
-617
-1707
-1647
-1260
-629
-191
-781
-1096
-1168
-570
512
941
1276
750
281
1027
1738
2529
2812
2292
2003
1582
1579
2092
2231
2073
1188
285
120
27
-6
-292
-812
-1322
-1984
-2140
-2141
-2298
-2384
-2648
-2715
-2674
-2872
-2933
-2773
-2426
-2232
-2228
-2353
-2388
-2164
-1829
-1411
-1183
-1174
-1499
-1653
-1184
-1003
-872
-891
-1358
-1229
-1130
-1304
-1136
-1279
-1561
-1813
-2009
-1731
-1685
-1856
-2098
-1816
-1009
-913
-1503
-2287
-2333
-1006
383
889
809
15
-356
389
1715
3101
3404
2709
2145
2481
3507
4453
4784
4428
3656
3341
3545
4053
4503
3617
2664
2288
2039
2277
1878
695
-118
-505
-308
168
-68
-1141
-2091
-2316
-1670
-582
-117
-799
-1523
-1554
-984
474
1361
1260
851
354
693
2017
2936
3181
2837
1895
1605
2080
2578
2835
2425
1359
520
387
429
464
95
-866
-1545
-1824
-2045
-2032
-2202
-2677
-2971
-3261
-3355
-3002
-2714
-2802
-3049
-3282
-3190
-2693
-2156
-2021
-2056
-2247
-2385
-1776
-1198
-966
-1184
-1512
-1605
-1370
-750
-653
-790
-1180
-1710
-1428
-1126
-1176
-1280
-1660
-1640
-1594
-1854
-1777
-1192
-516
-758
-1810
-2257
-1705
-160
917
948
438
-340
-191
1093
2555
3302
2956
2062
2189
3192
4306
4830
4478
3751
3257
3403
4057
4351
3890
3273
2649
2169
1896
1784
1753
1251
294
-834
-932
-53
48
-424
-1413
-2223
-1610
-823
-393
-143
-785
-1126
-500
618
1671
1655
998
588
1197
2305
2949
3216
2637
1915
1821
1909
2407
2599
1789
909
276
-115
-4
-132
-691
-1296
-2030
-2582
-2665
-2536
-2688
-3061
-3466
-3766
-3579
-3156
-3130
-3194
-3341
-3661
-3174
-2449
-2180
-2027
-2395
-2529
-1976
-1381
-945
-912
-1212
-1584
-1470
-954
-688
-474
-704
-1254
-1254
-1321
-1404
-1311
-1305
-1268
-1421
-1882
-1862
-1111
-426
-622
-1564
-2238
-1647
-66
1080
1236
624
-166
-68
1252
2695
3450
3078
2182
2280
3190
4238
4827
4534
3899
3365
3468
3990
4444
4210
3051
2331
2175
2341
2516
1701
675
-73
-452
154
532
38
-1090
-2247
-1942
-787
99
123
-951
-1611
-1434
-289
1272
1676
1277
335
-5
1152
2380
3062
2792
1725
1245
1361
1928
2543
2265
1368
332
-296
-107
20
-84
-675
-1725
-2271
-2543
-2488
-2305
-2679
-3061
-3347
-3474
-3195
-3087
-3266
-3362
-3424
-3131
-2694
-2466
-2530
-2677
-2614
-2255
-1690
-1320
-1524
-1751
-1737
-1533
-1051
-802
-756
-931
-1272
-1370
-1056
-703
-695
-1139
-1564
-1462
-1157
-1007
-873
-586
-245
-450
-1095
-1478
-1016
204
1138
1375
995
404
411
1219
2443
3373
3272
2667
2484
3067
4059
4666
4585
4083
3586
3326
3459
3967
4195
3790
2757
1757
1605
1844
1572
955
241
-268
-381
-383
-540
-855
-1455
-1728
-1208
-646
-549
-905
-1242
-1001
-155
654
974
912
570
553
1340
2128
2532
2422
1786
1463
1576
1720
1992
1839
1201
393
-184
-335
-269
-359
-1032
-1763
-2315
-2752
-2784
-2788
-3011
-3148
-3382
-3648
-3524
-3516
-3417
-3274
-3211
-3035
-2821
-2571
-2588
-2502
-2158
-1945
-1467
-1238
-1418
-1232
-1249
-982
-529
-586
-747
-1012
-946
-623
-500
-486
-997
-1326
-1262
-1095
-715
-761
-931
-547
-388
-510
-957
-1368
-671
415
1325
1555
970
557
696
1597
2902
3603
3432
2805
2610
3342
4344
4864
4794
4026
3414
3362
3716
4236
4295
3471
1999
1344
1486
1607
1573
758
-291
-663
-874
-839
-697
-1240
-1895
-1957
-1532
-995
-792
-1054
-1326
-915
-193
330
759
655
598
1019
1371
2001
2363
1963
1660
1476
1435
1819
1890
1450
806
-3
-543
-576
-473
-803
-1451
-2150
-2738
-2781
-2800
-3045
-3128
-3408
-3589
-3563
-3589
-3503
-3265
-3164
-2873
-2747
-2707
-2538
-2396
-2054
-1794
-1487
-1326
-1165
-738
-776
-502
-487
-628
-188
-395
-408
-63
-259
-252
-397
-828
-780
-746
-599
-616
-765
-706
-463
75
-226
-988
-1151
-648
690
1625
1323
859
528
594
1842
3090
3545
3289
2494
2438
3390
4403
4928
4594
3828
3172
3155
3423
3771
3946
3058
1975
1402
1196
1467
1151
276
-273
-701
-943
-882
-1169
-1641
-1920
-1894
-1474
-1066
-1219
-1740
-1639
-1132
-242
538
407
178
45
210
1106
2027
2202
1757
1052
735
1197
1692
1721
1264
479
-326
-582
-428
-437
-683
-1436
-2259
-2420
-2484
-2533
-2594
-2941
-3204
-3353
-3373
-3067
-2843
-2789
-2927
-2974
-2638
-2236
-1975
-1902
-1826
-1711
-1442
-1047
-685
-485
-663
-739
-497
-129
9
-128
-196
-192
-112
-18
8
-187
-505
-678
-403
-193
-180
-220
-245
55
121
-289
-623
-429
437
1365
1721
1359
860
843
1443
2523
3368
3313
2762
2465
2870
3830
4394
4295
3657
3019
2780
2920
3404
3655
2920
1785
1029
760
819
773
413
-175
-793
-1503
-1694
-1502
-1719
-1869
-1973
-1966
-1713
-1650
-1768
-1540
-1115
-635
-161
-46
20
267
559
1079
1715
1789
1412
1165
1166
1445
1776
1677
1183
722
67
-254
-118
-282
-586
-1116
-1840
-2204
-2373
-2532
-2516
-2567
-2633
-2835
-3046
-3172
-2983
-2656
-2464
-2170
-2238
-2372
-2211
-1990
-1380
-944
-1023
-928
-869
-779
-315
-153
-137
-61
-194
-171
39
178
110
-48
-225
-330
-244
-264
-274
-183
-335
-496
-252
14
363
331
-328
-691
-334
658
1663
1888
1334
793
866
1613
2741
3392
3110
2495
2242
2737
3614
4020
3724
3060
2511
2359
2684
2933
2466
1705
1217
581
325
314
-26
-186
-724
-1388
-1478
-1637
-1698
-1656
-1699
-1574
-1413
-1272
-1280
-1159
-777
-493
74
491
603
848
741
978
1643
1794
1836
1774
1433
1279
1285
1246
1250
968
369
-271
-655
-776
-973
-1111
-1468
-2044
-2455
-2818
-2786
-2522
-2582
-2697
-2819
-2990
-2959
-2654
-2409
-2030
-1858
-2019
-1950
-1505
-1117
-825
-763
-816
-610
-304
36
217
217
-139
-311
-115
111
372
203
-213
-298
-325
-324
-253
-283
-374
-497
-600
-563
-155
263
246
-143
-591
-746
-61
1047
1776
1743
1025
526
970
1928
2762
3069
2642
2260
2327
2828
3452
3526
3140
2514
2173
2324
2530
2538
1767
863
323
465
946
699
-254
-1339
-1888
-1430
-722
-484
-1060
-2215
-2614
-1842
-647
98
-322
-1230
-1631
-989
438
1489
1699
1029
368
504
1254
2174
2423
1826
1071
701
844
1254
1333
759
-55
-747
-832
-600
-674
-1199
-1919
-2427
-2407
-2066
-1962
-2267
-2713
-2872
-2562
-2053
-1703
-1902
-2211
-2293
-2021
-1240
-710
-708
-999
-1413
-1187
-490
80
270
-45
-399
-544
-292
-74
-41
4
-311
-472
-290
-346
-479
-711
-877
-610
-372
-473
-516
-386
-149
66
-64
-466
-562
-64
740
1523
1623
1172
886
1048
1713
2532
2874
2656
2449
2404
2711
3231
3374
3148
2661
2275
2171
2175
2217
1905
1114
643
675
574
376
-458
-1208
-1219
-1206
-951
-994
-1491
-1971
-2047
-1454
-775
-596
-870
-1447
-1191
-387
374
1128
891
536
538
669
1451
2064
1854
1466
1013
832
1141
1353
1320
808
119
-346
-572
-388
-549
-1005
-1421
-1968
-1987
-1920
-2157
-2144
-2192
-2265
-2160
-2266
-2304
-2109
-1941
-1698
-1496
-1443
-1428
-1440
-1197
-847
-630
-483
-585
-542
-326
-243
-178
-345
-481
-356
-333
-186
-210
-421
-366
-531
-681
-620
-517
-275
-294
-524
-425
-73
339
417
72
-326
-348
335
1376
2070
1925
1126
684
1233
2194
3052
3176
2536
2119
2110
2573
3182
3129
2637
2059
1679
1559
1726
2024
1791
831
-308
-895
-266
442
142
-733
-1745
-2323
-1782
-1138
-692
-649
-1440
-1851
-1459
-687
16
174
-108
-221
128
690
1143
1653
1636
1377
1348
1228
1509
1776
1491
1322
982
590
569
414
145
-226
-731
-1058
-1086
-1047
-1527
-1985
-2251
-2372
-2051
-1911
-2093
-2213
-2523
-2552
-2183
-1990
-1789
-1785
-1772
-1448
-1372
-1291
-1090
-979
-826
-819
-779
-458
-208
-121
-188
-318
-411
-460
-328
-45
122
38
-475
-752
-430
-40
201
-44
-463
-299
95
370
599
219
-339
-293
370
1486
1987
1596
918
661
1180
2006
2770
2937
2410
1963
1863
2286
2999
3022
2559
1967
1538
1381
1459
1531
1217
908
496
94
26
-355
-680
-822
-1018
-962
-996
-1150
-1249
-1220
-1047
-875
-584
-471
-503
-315
-108
368
938
923
944
970
1004
1265
1374
1414
1319
1158
868
796
751
460
235
-121
-424
-672
-970
-1251
-1336
-1426
-1647
-1782
-2073
-2296
-2302
-2256
-2002
-1796
-1924
-2183
-2178
-1953
-1602
-1361
-1225
-1102
-1174
-1195
-1074
-850
-605
-421
-384
-334
-265
-254
-185
-174
-173
-80
-53
-88
-85
-276
-611
-563
-212
118
134
-265
-434
-122
262
521
352
-145
-354
20
928
1722
1811
1235
648
868
1579
2374
2808
2495
2067
1936
2200
2805
3112
2824
2232
1673
1403
1689
2110
2028
1254
69
-342
15
463
388
-490
-1276
-1577
-1411
-828
-777
-1218
-1577
-1817
-1365
-659
-435
-537
-806
-757
-226
489
903
868
758
612
674
1108
1399
1398
1169
762
658
847
763
644
146
-422
-557
-629
-623
-755
-1253
-1720
-1974
-1870
-1649
-1681
-1836
-2093
-2262
-2179
-1942
-1747
-1688
-1803
-1837
-1539
-1227
-1050
-1032
-1130
-1123
-959
-599
-370
-234
-225
-486
-444
-254
-138
107
-33
-231
-102
-149
-125
-58
-114
-57
-82
-154
30
421
691
632
420
84
-2
473
1132
1681
1832
1354
989
1214
1670
2325
2662
2425
2184
2048
2193
2639
2775
2535
2066
1698
1543
1402
1560
1610
1293
590
-185
-322
-79
-447
-998
-1129
-1168
-966
-1070
-1678
-1884
-1889
-1545
-933
-589
-791
-1215
-1196
-691
279
894
571
200
261
506
1331
1805
1653
1438
754
551
970
1199
1125
631
-40
-596
-673
-542
-578
-754
-1330
-1925
-1965
-1889
-1853
-1895
-2185
-2231
-1983
-1981
-1905
-1925
-2089
-2029
-1811
-1319
-878
-855
-1094
-1311
-1087
-594
-280
22
10
-288
-267
-132
133
365
164
-13
9
163
191
-27
-8
112
257
267
25
190
469
606
773
503
66
12
362
1273
1877
1678
1082
692
972
1595
2232
2483
2206
1916
1815
1983
2491
2725
2393
1961
1404
1296
1535
1411
1201
748
71
-194
-178
-142
-390
-1013
-1433
-1434
-1224
-1214
-1468
-1556
-1546
-1384
-1009
-934
-863
-864
-828
-269
267
619
698
487
607
900
1154
1290
1176
956
723
686
851
834
588
198
-364
-581
-684
-726
-867
-1156
-1464
-1885
-1920
-1837
-1856
-1846
-1883
-1966
-1900
-1809
-1661
-1452
-1469
-1507
-1292
-995
-682
-504
-630
-699
-482
-264
-54
112
15
10
196
192
288
319
64
97
313
305
145
-90
-304
-81
127
127
95
93
158
439
503
176
1
-23
347
1122
1521
1374
1111
796
880
1469
2000
2244
2166
1848
1676
1893
2293
2434
2331
1804
1102
947
1034
1409
1495
732
-27
-629
-780
-298
-279
-646
-1244
-1800
-1742
-1406
-1017
-1039
-1339
-1513
-1583
-1081
-614
-480
-268
-309
-152
233
421
672
770
696
833
904
971
1040
890
657
530
475
399
243
-17
-447
-745
-834
-900
-877
-996
-1379
-1642
-1821
-1660
-1403
-1378
-1456
-1581
-1674
-1590
-1262
-993
-847
-888
-993
-982
-765
-338
-111
-28
-151
-546
-514
-86
343
587
386
-225
-532
-266
310
807
600
-252
-632
-420
96
656
650
208
-31
-36
317
850
682
225
80
408
1144
1735
1566
897
563
704
1374
2170
2307
1897
1369
1068
1494
2134
2196
1778
942
286
482
1187
1621
1237
298
-657
-956
-483
-49
37
-495
-1372
-1709
-1401
-900
-596
-772
-1211
-1363
-1184
-762
-349
-206
-317
-411
-221
74
376
500
379
442
595
727
732
547
315
200
196
278
324
77
-396
-749
-808
-698
-583
-739
-1109
-1301
-1295
-1185
-1068
-1141
-1272
-1304
-1317
-1226
-1177
-1204
-1084
-905
-759
-710
-748
-692
-601
-432
-285
-200
-131
-179
-124
-12
152
208
119
179
261
295
160
-36
122
382
550
523
403
370
394
596
835
823
547
255
245
772
1298
1414
1062
527
405
685
1196
1605
1716
1387
938
920
1203
1558
1659
1366
927
658
631
822
1126
960
438
-118
-366
-241
-58
-58
-391
-658
-836
-810
-660
-653
-713
-848
-886
-748
-598
-548
-521
-528
-388
-108
28
82
56
-12
30
185
413
461
232
3
-144
-106
112
175
16
-329
-706
-798
-677
-468
-492
-715
-872
-1102
-1203
-1078
-1040
-897
-974
-1297
-1338
-1295
-1166
-879
-789
-792
-966
-1213
-1141
-904
-502
-253
-412
-580
-747
-506
-67
129
352
249
-4
-51
-49
265
657
823
798
545
422
629
1023
1336
1241
939
660
531
866
1312
1474
1351
948
645
762
943
1218
1435
1365
1169
872
782
898
1030
1202
1062
783
510
385
587
722
667
477
96
-95
-63
-140
-119
-220
-313
-288
-408
-497
-615
-708
-586
-528
-391
-321
-510
-578
-585
-469
-196
-76
25
-155
-371
-367
-287
42
180
46
-100
-336
-428
-227
-175
-76
-145
-439
-485
-562
-635
-546
-442
-379
-535
-835
-1039
-1053
-866
-857
-907
-1184
-1402
-1339
-1142
-1082
-1100
-1222
-1357
-1192
-1097
-932
-656
-673
-690
-597
-527
-306
-56
26
-110
-194
56
434
792
845
599
688
831
1185
1537
1396
1127
824
822
1275
1622
1628
1332
980
832
978
1270
1386
1320
1114
910
908
1040
1134
1129
931
736
703
762
885
915
796
541
411
467
600
552
384
214
107
122
108
-51
-229
-376
-372
-244
-248
-327
-594
-823
-811
-642
-463
-531
-689
-888
-928
-754
-540
-400
-493
-746
-954
-804
-507
-266
-203
-471
-657
-787
-751
-466
-318
-371
-591
-776
-639
-391
-512
-792
-1053
-1167
-1001
-718
-693
-949
-1269
-1490
-1431
-1120
-1065
-1169
-1198
-1330
-1192
-967
-936
-710
-584
-608
-612
-740
-464
44
372
534
499
509
471
846
1372
1517
1677
1498
1323
1605
1770
1842
1968
1798
1621
1559
1564
1645
1711
1708
1562
1370
1152
1029
1052
1049
996
923
737
710
710
642
612
641
577
547
504
341
378
394
315
305
255
167
115
97
93
70
-73
-246
-358
-359
-339
-386
-494
-623
-678
-763
-847
-830
-892
-930
-928
-1022
-1106
-1089
-1128
-1031
-955
-1026
-1098
-1178
-1080
-1045
-906
-738
-772
-852
-939
-1044
-1005
-929
-846
-716
-752
-1002
-1142
-1183
-1107
-954
-963
-1135
-1223
-1247
-1220
-948
-844
-875
-914
-1050
-1012
-864
-748
-455
-146
27
23
-33
87
439
806
1010
1183
1252
1187
1254
1588
1886
2099
1969
1609
1593
1715
1898
2046
2035
1911
1675
1450
1417
1536
1590
1429
1207
1037
908
930
929
920
936
781
666
678
728
760
695
630
709
707
660
616
571
508
449
410
444
386
278
52
-60
-79
-175
-304
-537
-702
-873
-947
-1008
-1031
-1181
-1448
-1616
-1586
-1487
-1544
-1708
-1788
-1700
-1610
-1507
-1450
-1464
-1407
-1479
-1515
-1278
-1127
-1012
-938
-1012
-993
-999
-1151
-1100
-981
-876
-768
-848
-965
-1123
-1054
-782
-575
-471
-815
-1022
-951
-949
-699
-517
-411
-179
-230
-389
-232
-9
261
512
674
756
748
776
943
1313
1573
1499
1393
1337
1398
1645
1795
1899
1972
1701
1490
1557
1676
1860
1850
1599
1483
1380
1403
1449
1494
1473
1174
1037
1106
1242
1315
1143
935
887
869
962
1011
925
821
599
614
724
687
493
213
75
36
1
-75
-237
-507
-671
-808
-845
-783
-914
-1181
-1435
-1620
-1565
-1447
-1471
-1583
-1742
-1797
-1736
-1631
-1515
-1551
-1710
-1791
-1778
-1610
-1467
-1520
-1510
-1543
-1494
-1341
-1299
-1256
-1234
-1276
-1208
-1043
-972
-1072
-1123
-1047
-872
-643
-517
-517
-436
-622
-807
-473
-119
154
250
-86
-183
43
272
702
884
762
608
475
638
1022
1242
1194
951
845
848
1090
1410
1379
1371
1193
936
1141
1403
1593
1689
1433
1253
1327
1400
1622
1793
1723
1567
1484
1594
1768
1890
1771
1588
1610
1527
1499
1544
1341
1199
1123
1002
1034
951
682
460
260
219
270
152
-67
-386
-645
-783
-786
-683
-789
-1091
-1462
-1636
-1391
-1105
-1027
-1327
-1783
-1958
-1836
-1485
-1245
-1458
-1861
-2091
-2032
-1592
-1363
-1499
-1753
-2021
-2008
-1704
-1451
-1354
-1430
-1624
-1701
-1686
-1529
-1295
-1092
-1027
-1046
-1027
-1087
-890
-608
-515
-366
-378
-517
-375
-70
182
396
329
228
322
374
526
793
868
846
764
625
693
857
941
888
857
797
820
1000
992
983
1020
907
1064
1233
1207
1230
1123
1249
1536
1675
1677
1602
1549
1617
1737
1988
2015
1867
1686
1520
1711
1814
1717
1605
1372
1235
1177
1049
1016
876
681
525
391
351
222
33
-116
-292
-424
-481
-533
-557
-739
-1005
-1026
-795
-752
-915
-1279
-1545
-1434
-1155
-959
-1065
-1432
-1782
-1819
-1553
-1261
-1224
-1470
-1885
-1921
-1746
-1650
-1545
-1654
-1859
-1871
-1803
-1577
-1380
-1486
-1571
-1537
-1411
-1250
-1035
-975
-973
-791
-691
-510
-276
-240
-300
-260
-164
41
256
208
221
300
282
482
595
494
395
355
346
515
636
618
534
556
627
705
843
811
914
1034
1031
1182
1252
1307
1421
1371
1476
1618
1640
1606
1623
1658
1713
1797
1836
1764
1652
1520
1409
1556
1551
1347
1195
1085
995
1006
878
683
596
508
488
408
312
195
86
9
-95
-120
-245
-326
-261
-335
-440
-491
-630
-664
-655
-664
-683
-781
-963
-1078
-1145
-1231
-1289
-1333
-1430
-1536
-1565
-1686
-1706
-1677
-1818
-1828
-1778
-1759
-1629
-1660
-1733
-1673
-1579
-1497
-1344
-1174
-1124
-997
-872
-789
-618
-581
-615
-405
-239
-95
74
26
34
91
93
253
410
421
322
268
229
261
418
419
294
194
46
62
271
295
317
266
144
287
467
623
651
597
596
681
921
1054
1140
1149
1088
1222
1365
1459
1528
1522
1420
1443
1557
1605
1690
1565
1386
1304
1307
1368
1388
1251
1029
959
927
920
914
807
585
450
471
483
394
238
93
58
57
-18
-170
-319
-370
-381
-395
-495
-597
-681
-759
-801
-819
-820
-879
-1088
-1274
-1365
-1341
-1219
-1229
-1359
-1585
-1758
-1759
-1569
-1439
-1475
-1542
-1742
-1715
-1531
-1443
-1291
-1217
-1294
-1243
-1147
-981
-763
-743
-764
-700
-533
-487
-314
-175
-178
-54
-104
-115
103
204
271
273
219
193
225
296
364
421
326
177
199
274
408
557
437
264
224
359
493
613
596
414
312
426
606
776
781
498
377
523
867
1164
1262
1091
909
989
1150
1445
1643
1552
1442
1353
1377
1577
1708
1622
1489
1377
1260
1310
1311
1132
1046
918
764
748
700
557
413
286
93
78
73
-113
-204
-403
-639
-597
-578
-568
-629
-841
-910
-885
-844
-813
-884
-1008
-1143
-1116
-1065
-1039
-962
-1194
-1272
-1251
-1361
-1286
-1261
-1295
-1300
-1260
-1297
-1371
-1424
-1513
-1397
-1153
-1059
-1003
-1124
-1325
-1195
-935
-725
-582
-654
-768
-701
-564
-339
-129
-236
-343
-288
-250
-110
82
104
84
96
46
64
224
253
269
336
263
232
241
261
421
561
540
532
369
336
539
717
912
889
659
533
637
923
1133
1186
1152
1011
1097
1243
1352
1483
1365
1234
1224
1264
1384
1365
1251
1131
995
979
1029
1050
983
821
716
646
737
813
667
486
337
323
399
425
410
272
114
-1
62
197
114
-100
-254
-295
-193
-227
-379
-483
-623
-615
-588
-652
-695
-882
-1007
-999
-1056
-1036
-1134
-1276
-1315
-1292
-1271
-1296
-1252
-1240
-1291
-1254
-1239
-1255
-1200
-1170
-1099
-973
-972
-1029
-1063
-1016
-927
-840
-700
-651
-675
-703
-692
-508
-340
-339
-410
-534
-529
-281
-149
-106
-72
-214
-262
-147
-65
27
56
46
315
492
415
225
226
401
462
641
559
519
768
591
711
903
737
938
934
879
1088
1032
976
1053
1183
1287
1252
1197
924
1042
1281
1197
1373
1188
870
960
934
1058
1250
970
751
654
585
667
726
686
531
379
293
242
387
369
214
169
17
67
46
-35
86
22
-182
-246
-413
-362
-362
-334
-303
-493
-609
-763
-778
-646
-641
-749
-906
-1093
-1040
-945
-900
-884
-1037
-1167
-1179
-1110
-1030
-998
-968
-1010
-1086
-1034
-1043
-1003
-899
-1027
-1001
-819
-735
-528
-553
-786
-821
-756
-480
-185
-90
-331
-662
-693
-425
28
238
19
-313
-466
-347
36
255
216
57
-162
-191
74
325
393
350
226
197
370
484
587
689
666
687
748
770
778
877
951
1085
1189
1181
1133
1059
999
1127
1285
1231
1176
1058
934
951
909
863
907
875
821
728
647
519
493
549
607
622
502
235
195
285
367
425
237
69
-3
11
94
189
114
-127
-329
-391
-353
-196
-208
-404
-553
-764
-848
-808
-797
-859
-835
-908
-928
-878
-1056
-1186
-1139
-1030
-857
-768
-891
-1023
-1071
-979
-755
-648
-771
-878
-812
-648
-466
-421
-499
-577
-619
-603
-492
-383
-405
-478
-527
-517
-428
-385
-388
-377
-373
-372
-308
-216
-165
-146
-146
-150
-66
73
140
221
270
329
384
444
608
723
804
769
800
920
1002
1102
1158
1137
1093
1108
1172
1265
1244
1058
923
857
916
1021
1008
898
760
637
635
757
762
636
477
341
324
346
329
389
345
247
187
155
202
252
241
147
50
4
-45
-60
-51
-121
-179
-261
-370
-391
-442
-453
-475
-531
-527
-638
-741
-764
-825
-839
-870
-993
-926
-911
-880
-789
-816
-875
-880
-854
-812
-706
-672
-673
-631
-555
-589
-631
-629
-571
-391
-359
-356
-365
-474
-558
-514
-363
-220
-200
-313
-386
-310
-263
-297
-269
-233
-131
-39
-106
-170
-155
-137
-92
48
237
309
306
287
295
453
645
714
707
710
700
750
854
909
947
947
856
903
1027
1110
1079
932
827
896
1066
1132
1001
657
479
572
813
920
838
530
312
362
497
671
665
484
245
140
146
226
256
137
-28
-103
-73
-25
-35
-138
-324
-424
-406
-306
-307
-459
-610
-705
-698
-615
-597
-666
-787
-856
-803
-729
-686
-753
-839
-877
-813
-706
-707
-773
-837
-785
-649
-597
-592
-701
-803
-813
-682
-472
-342
-388
-532
-574
-516
-381
-285
-268
-276
-295
-283
-147
-77
-96
-107
-156
-104
-6
65
58
47
55
122
242
310
262
226
248
303
390
408
459
495
537
537
543
581
580
643
749
794
777
721
717
790
846
869
815
737
714
701
739
743
702
629
578
585
602
632
585
525
423
342
273
278
303
299
252
146
93
31
-18
-8
3
-41
-41
-102
-238
-303
-333
-327
-260
-194
-285
-413
-464
-489
-459
-444
-464
-531
-637
-689
-691
-683
-642
-608
-681
-779
-800
-799
-734
-642
-633
-699
-753
-745
-710
-652
-621
-612
-551
-502
-434
-319
-258
-268
-274
-258
-232
-161
-124
-118
-86
-21
-29
-47
-49
-97
-26
84
104
138
167
119
103
136
128
174
235
205
200
268
356
414
455
432
404
499
521
588
662
642
708
736
713
706
671
641
683
762
746
684
622
516
520
588
569
537
439
264
213
213
200
250
274
212
147
102
30
30
26
26
56
66
11
-76
-196
-165
-18
72
57
-52
-235
-326
-291
-229
-182
-256
-395
-538
-545
-453
-386
-458
-572
-610
-600
-554
-522
-541
-642
-692
-693
-650
-583
-546
-584
-587
-522
-460
-374
-317
-330
-355
-270
-164
-34
8
-53
-116
-130
-2
110
143
67
-50
-25
78
169
182
156
61
3
50
144
192
107
5
-34
43
96
140
161
93
62
106
135
231
286
242
285
314
341
319
301
342
368
386
393
374
383
382
388
412
352
325
299
256
319
349
296
247
196
91
72
156
141
166
146
53
19
58
59
64
62
14
-14
24
23
28
53
4
-106
-125
-70
-101
-55
-66
-162
-237
-257
-295
-278
-184
-211
-230
-234
-306
-359
-364
-413
-417
-386
-399
-413
-400
-401
-438
-433
-413
-328
-199
-162
-145
-91
-97
-82
-41
18
75
116
168
207
234
241
204
171
162
149
162
191
220
147
74
50
70
61
51
49
26
-15
-64
-46
34
39
-24
-53
-29
38
85
70
71
90
138
98
93
145
151
167
210
241
264
257
207
159
165
175
187
190
122
118
69
0
14
85
86
15
-25
-101
-174
-153
-152
-171
-184
-203
-182
-185
-185
-195
-202
-158
-142
-157
-142
-114
-131
-111
-106
-107
-100
-126
-129
-142
-128
-139
-156
-98
-94
-125
-176
-247
-223
-194
-112
-102
-154
-147
-128
-87
-44
-3
38
12
2
25
96
192
220
207
157
164
200
301
372
389
369
325
340
387
434
453
419
343
330
307
319
327
272
179
131
134
113
67
12
-34
-65
-20
-54
-75
-135
-185
-154
-137
-95
-109
-96
-113
-113
-85
-26
-30
7
8
-36
-22
-20
42
52
66
-15
-78
-41
-46
-90
-92
-122
-137
-140
-196
-253
-291
-269
-252
-197
-169
-197
-232
-265
-255
-217
-220
-275
-271
-214
-206
-175
-116
-183
-233
-181
-134
-88
-5
-51
-153
-141
-133
-76
7
0
-78
-180
-204
-186
-114
-50
-72
-71
-55
-76
-55
-55
-107
-59
15
63
94
67
37
106
212
280
305
292
262
266
367
484
502
530
459
429
456
493
522
492
464
416
426
401
344
310
272
215
204
156
128
93
98
102
58
39
-33
-79
-67
-32
-39
-39
-50
-49
-57
-68
-76
-83
-72
-80
-40
-2
-52
-50
-49
-94
-119
-127
-165
-220
-173
-195
-244
-209
-250
-304
-272
-268
-287
-278
-299
-289
-284
-246
-277
-336
-272
-255
-251
-226
-245
-239
-197
-209
-185
-169
-180
-191
-202
-192
-156
-157
-170
-164
-160
-99
-81
-63
-104
-118
-111
-164
-119
-73
-28
22
29
-3
-42
-5
4
67
152
125
100
81
66
97
211
271
291
299
288
294
302
378
419
404
412
385
393
379
355
352
346
313
305
317
312
295
286
231
177
133
132
169
127
110
60
40
42
70
60
29
16
-6
0
36
94
93
52
4
8
28
66
51
-7
-44
-73
-29
-26
-46
-105
-171
-179
-189
-150
-154
-201
-243
-249
-267
-299
-275
-272
-288
-277
-295
-326
-317
-316
-286
-283
-278
-280
-275
-205
-206
-171
-178
-230
-243
-212
-223
-215
-150
-153
-205
-222
-246
-225
-115
-85
-67
-88
-109
-68
-8
25
34
8
-27
-16
104
187
138
130
125
139
171
244
286
299
337
328
317
346
339
326
364
360
315
307
353
359
349
353
311
238
232
223
176
198
167
86
72
59
38
24
39
44
36
48
36
-20
-30
-34
-44
-9
31
37
20
-5
-30
-48
-24
2
35
46
-15
-58
-91
-93
-56
-67
-117
-136
-134
-168
-215
-225
-237
-299
-301
-266
-254
-251
-255
-290
-282
-244
-235
-205
-183
-223
-258
-223
-215
-198
-159
-162
-166
-114
-106
-84
-50
-87
-108
-46
2
-25
-10
-46
-137
-84
-45
-33
2
-48
-94
-92
-40
-16
10
54
43
82
90
83
146
181
213
231
249
252
307
358
344
333
314
309
331
396
400
394
414
398
351
332
321
261
257
255
224
200
159
102
52
86
76
36
45
56
11
-4
-46
-72
-51
-26
-18
-56
-46
-105
-125
-79
-110
-136
-112
-122
-135
-80
-139
-171
-129
-143
-170
-171
-186
-266
-300
-316
-326
-294
-262
-277
-316
-306
-334
-354
-325
-361
-380
-331
-310
-297
-281
-279
-350
-323
-256
-255
-216
-183
-168
-147
-112
-122
-78
-33
-2
-1
29
68
70
56
22
0
22
67
108
132
122
93
98
156
225
264
264
256
239
202
198
228
311
350
305
314
343
416
437
458
447
407
391
383
392
439
493
457
426
415
418
413
430
398
364
340
282
223
246
227
169
127
100
67
54
50
-71
-134
-111
-121
-120
-109
-132
-179
-198
-246
-248
-228
-222
-239
-259
-280
-298
-305
-345
-356
-321
-342
-340
-326
-343
-357
-370
-368
-411
-435
-429
-437
-451
-418
