-2
-4
-7
-6
-10
-12
-8
-9
-7
-7
-8
-6
-12
-4
-5
-9
-9
-7
-1
1
0
-2
-4
6
7
8
11
3
9
1
-2
10
12
13
20
28
13
13
15
2
2
1
2
-3
-4
-3
-2
-13
-7
3
-6
-9
-6
-2
-5
0
0
5
15
13
16
5
14
16
6
6
3
0
-5
-1
7
2
3
6
4
5
2
11
10
6
8
10
14
22
21
16
23
12
16
11
14
20
12
6
-5
-13
-9
-12
-15
-3
-2
-3
7
-1
1
5
-9
-2
4
0
11
6
4
-3
-5
5
-11
-1
4
5
19
-4
-1
-9
-8
-5
-17
-10
-11
-16
-23
-20
-11
-14
-21
-14
-6
-5
-7
-4
-3
-8
-8
-13
-25
-17
-24
-39
-27
-17
-9
-4
10
10
3
-2
2
-7
-10
-22
-13
-4
-4
-2
-2
7
6
4
9
1
6
7
-2
4
13
11
0
0
7
-2
-4
-2
0
-1
2
2
3
4
-1
2
6
4
7
15
16
19
12
2
16
1
-6
-2
1
0
-1
-5
-4
-5
6
11
11
12
14
16
10
6
3
2
1
4
2
7
4
6
10
5
13
20
16
13
5
6
11
6
3
-7
-12
-19
-14
-10
-8
2
-1
4
-4
5
-3
-12
-4
-7
-5
5
3
0
-6
2
-4
-1
1
-1
4
-2
-9
-11
-7
-3
9
3
15
12
-2
-6
-4
-3
-2
-3
-5
3
-5
-2
6
0
0
-5
-5
4
5
5
-8
-14
-13
-4
1
-2
-1
-7
2
-7
-17
-23
-19
-10
-12
-10
-17
-15
-18
-14
-11
-2
-2
2
-4
-2
19
12
21
14
7
2
-4
-16
-22
-27
-31
-68
-209
-152
55
6
-142
-219
-320
-156
69
-92
-269
-161
-10
18
-76
-8
107
101
184
201
169
386
517
392
383
437
488
465
479
549
451
325
422
425
371
380
264
175
211
153
30
-46
-10
-30
-248
-387
-341
-349
-453
-489
-575
-612
-582
-624
-718
-767
-766
-745
-712
-642
-673
-924
-986
-694
-513
-632
-809
-833
-547
-358
-459
-561
-473
-181
-61
-238
-165
184
340
338
323
313
533
790
793
789
841
791
840
1056
1135
997
843
934
1092
1055
928
878
955
1028
890
660
698
902
915
648
465
579
602
480
375
276
234
223
138
68
65
9
-67
-127
-144
-127
-244
-266
-164
-231
-400
-394
-298
-270
-323
-403
-458
-430
-361
-459
-634
-568
-496
-627
-687
-648
-688
-749
-794
-780
-892
-1072
-1090
-1033
-1088
-1257
-1491
-1567
-1382
-1360
-1641
-1776
-1668
-1554
-1607
-1712
-1609
-1362
-1325
-1351
-1199
-936
-668
-570
-460
-110
201
334
480
795
1116
1228
1257
1489
1700
1740
1989
2121
2139
2201
2025
2070
2555
2471
1989
1772
1958
2281
2051
1595
1562
1603
1602
1300
847
963
1202
802
422
384
507
483
135
85
110
-111
-181
-252
-272
-196
-388
-671
-602
-447
-516
-779
-683
-439
-566
-748
-643
-545
-480
-587
-779
-692
-532
-492
-698
-824
-614
-610
-866
-828
-733
-790
-877
-1044
-1061
-1045
-1325
-1406
-1312
-1297
-1410
-1753
-2064
-1773
-1592
-1910
-2169
-2052
-1742
-1869
-2158
-1937
-1571
-1342
-1363
-1683
-1339
-519
-397
-597
-389
142
577
518
656
1202
1533
1618
1535
1536
2222
2614
2210
2147
2420
2483
2547
2456
2515
2562
2335
2267
2260
2198
2251
2027
1788
1898
1709
1392
1329
1345
1361
1024
643
783
830
611
388
171
168
195
-106
-267
-215
-238
-308
-585
-621
-422
-610
-694
-624
-759
-782
-818
-883
-742
-703
-801
-869
-966
-858
-857
-1086
-953
-948
-1142
-1094
-1153
-1244
-1140
-1235
-1369
-1421
-1610
-1681
-1644
-1674
-1634
-1893
-2210
-2060
-1838
-2001
-2101
-2249
-2134
-1885
-2062
-2196
-1988
-1680
-1485
-1603
-1690
-1185
-654
-553
-433
-258
193
553
695
955
1277
1511
1700
1759
1846
2325
2376
2200
2798
3055
2537
2499
2728
2833
3169
2865
2371
2449
2712
2836
2269
1882
2330
2182
1641
1650
1512
1512
1495
990
710
669
721
720
244
138
280
-192
-298
-147
-393
-494
-615
-770
-701
-854
-864
-794
-955
-914
-1003
-1279
-1080
-830
-992
-1230
-1301
-1131
-1094
-1260
-1246
-1301
-1378
-1113
-1294
-1621
-1501
-1311
-1475
-1597
-1648
-1737
-1824
-1688
-1593
-1808
-1929
-1954
-2126
-2083
-1930
-1997
-2177
-2167
-1960
-1880
-2070
-1960
-1671
-1562
-1451
-1310
-1238
-798
-243
-125
-114
220
774
1047
1135
1460
1869
1916
2037
2243
2462
2784
2894
2720
2755
3031
3129
2933
2833
3107
3124
2788
2647
2635
2644
2577
2328
2051
1968
1970
1739
1447
1364
1376
984
663
673
622
396
136
2
-105
-218
-357
-515
-586
-556
-683
-999
-981
-793
-909
-1161
-1155
-1087
-1064
-1150
-1221
-1168
-1137
-1199
-1295
-1318
-1208
-1119
-1289
-1495
-1360
-1261
-1431
-1570
-1454
-1430
-1484
-1449
-1552
-1573
-1614
-1792
-1717
-1491
-1470
-1735
-2094
-2028
-1596
-1723
-2126
-2121
-1910
-1655
-1767
-2131
-1894
-1363
-1229
-1335
-1391
-985
-275
-121
-178
99
521
901
1061
1156
1571
1822
1812
2125
2316
2470
2593
2612
2769
2896
2744
2635
2609
2996
3181
2496
2209
2571
2577
2313
2034
1956
2102
1959
1611
1365
1406
1660
1334
632
644
897
685
341
171
153
109
-158
-288
-274
-286
-326
-646
-775
-592
-665
-921
-879
-735
-780
-1042
-1116
-882
-839
-1013
-1231
-1311
-1092
-1142
-1320
-1323
-1369
-1354
-1290
-1536
-1525
-1374
-1581
-1620
-1579
-1607
-1735
-1948
-2075
-1786
-1647
-1718
-1961
-2222
-2143
-1787
-1921
-2148
-2184
-2022
-1770
-1970
-2204
-1865
-1497
-1251
-1293
-1539
-926
-112
-19
-58
186
705
1178
1180
1374
1876
2149
2298
2275
2321
2627
2427
2656
3327
3199
2756
2418
2238
3236
3643
2527
1902
2252
2912
2749
1626
1614
2240
2058
1536
960
1064
1984
1690
591
301
645
1074
630
-40
205
258
-139
-221
-271
-167
-93
-586
-753
-557
-637
-692
-800
-779
-709
-1090
-1513
-1167
-877
-1276
-1807
-1591
-1370
-1611
-1830
-1972
-1969
-1702
-1812
-2185
-2059
-1785
-1847
-2109
-2092
-1739
-1683
-2024
-2193
-2114
-1707
-1509
-1820
-2089
-2029
-1862
-1564
-1692
-1851
-1652
-1535
-1614
-1518
-1450
-1228
-805
-802
-931
-614
-49
424
456
483
954
1295
1488
1690
1821
2222
2689
2287
2199
2980
3014
2784
2844
2698
2843
3041
2660
2607
2731
2794
2564
1908
2130
2553
2025
1784
1781
1578
1683
1457
1031
1156
1107
964
587
273
685
584
13
121
171
-32
-52
-417
-415
-185
-471
-725
-735
-704
-621
-866
-1141
-982
-910
-1112
-1277
-1360
-1265
-1387
-1620
-1643
-1491
-1655
-1738
-1789
-1764
-1569
-1738
-1982
-1815
-1716
-1763
-1758
-1794
-1635
-1647
-1900
-1983
-1812
-1441
-1231
-1680
-1865
-1665
-1508
-1355
-1424
-1651
-1415
-1359
-1393
-1306
-1214
-875
-634
-1002
-822
-273
-18
212
349
534
976
1123
1125
1334
1657
2184
2134
1723
1986
2418
2417
2477
2426
2387
2465
2371
2433
2553
2465
2377
2129
2005
2231
2151
1921
2003
1877
1698
1483
1314
1464
1574
1281
1064
935
977
1090
782
662
712
566
460
234
169
370
155
-188
-145
-358
-421
-278
-628
-782
-674
-1001
-1275
-1246
-1305
-1362
-1751
-1875
-1657
-1919
-2091
-1918
-2055
-2128
-1890
-2158
-2441
-2011
-1931
-2505
-2436
-1767
-1576
-1925
-2444
-2470
-1938
-1354
-1199
-1848
-2346
-1541
-1043
-1468
-1572
-1224
-1129
-1113
-1065
-980
-794
-381
-264
-526
-460
32
262
286
650
920
919
774
1092
1723
1911
1789
1645
1645
2279
2471
1996
2092
2295
2223
2349
1970
1950
2444
2388
2013
1793
1818
2054
2021
1820
1811
1709
1685
1702
1457
1474
1589
1438
1295
1191
1156
1097
1029
1054
916
659
590
598
487
497
239
-20
24
-115
-329
-482
-623
-612
-789
-1160
-1237
-1265
-1343
-1423
-1718
-1835
-1761
-1870
-1893
-2036
-2131
-1893
-2030
-2178
-2015
-2142
-2049
-1721
-1832
-1974
-1889
-1823
-1651
-1773
-1716
-1462
-1523
-1572
-1415
-1691
-1502
-1171
-1393
-1576
-1442
-1453
-1394
-1399
-1238
-946
-1023
-1173
-895
-502
-232
-74
-99
282
675
788
646
915
1552
1902
1481
1138
1610
2540
2661
1963
1698
2026
2420
2646
2316
1979
2250
2707
2455
2051
2232
2701
2666
2297
2194
2181
2248
2513
2405
1905
1779
2029
1918
1626
1556
1455
1239
1140
1085
707
473
561
486
21
-333
-388
-439
-640
-908
-1168
-1449
-1602
-1573
-1814
-2116
-2130
-2162
-2271
-2481
-2499
-2410
-2459
-2489
-2490
-2421
-2432
-2461
-2232
-2085
-2291
-2040
-1773
-1988
-1791
-1623
-1855
-1545
-1173
-1265
-1453
-1552
-1331
-959
-1196
-1371
-1335
-1259
-940
-1205
-1692
-1402
-802
-757
-1018
-1282
-709
91
-10
-173
71
531
1085
1052
897
1322
1812
1992
1852
1728
2258
2611
1883
2257
3084
2697
2373
2365
2083
2716
3154
2338
1964
2262
2776
2506
1794
2176
2522
1905
1797
1791
1814
2251
2015
1458
1398
1432
1632
1234
887
1204
966
387
487
479
352
161
-310
-342
-444
-777
-837
-947
-1132
-1178
-1656
-1918
-1786
-1838
-1932
-2386
-2594
-2202
-2280
-2686
-2489
-2338
-2505
-2348
-2339
-2422
-2206
-2028
-1944
-2028
-1932
-1661
-1705
-1701
-1443
-1440
-1577
-1283
-1142
-1363
-1473
-1306
-1190
-1275
-1444
-1426
-1219
-1203
-1379
-1426
-1310
-1127
-910
-900
-1055
-610
-35
-51
-186
216
775
891
960
1090
1178
1493
2036
2015
1830
2051
2399
2423
2409
2519
2572
2562
2727
2721
2529
2570
2824
2758
2526
2589
2603
2606
2619
2441
2174
2193
2258
2119
1864
1771
1763
1602
1376
1202
1035
937
820
621
482
303
123
12
-220
-411
-522
-798
-1099
-1120
-1275
-1538
-1716
-1858
-1935
-2009
-2049
-2138
-2338
-2269
-2064
-2229
-2186
-2046
-2238
-2321
-2247
-1805
-1515
-1681
-1611
-1945
-2310
-1194
-813
-1399
-1278
-1472
-1412
-712
-951
-1208
-1068
-1095
-799
-1028
-1583
-1111
-746
-1074
-1282
-1773
-1699
-1175
-1089
-1243
-1343
-1390
-755
-534
-758
-339
30
214
441
351
494
944
1294
1724
1414
1058
1943
2068
1743
2233
2028
1984
2594
2362
2165
2446
2585
2903
2480
2101
2535
2461
2485
2708
2223
2155
2387
2140
2108
2018
1854
2013
1667
1435
1500
1321
1297
1315
840
586
505
392
432
107
-175
-148
-435
-673
-719
-980
-1116
-1147
-1458
-1521
-1573
-1667
-1678
-1840
-1806
-1847
-2044
-1907
-1887
-2043
-1860
-1974
-2101
-1748
-1753
-1981
-1721
-1499
-1742
-1645
-1559
-1699
-1441
-1346
-1618
-1519
-1392
-1452
-1387
-1601
-1486
-1332
-1729
-1707
-1417
-1558
-1385
-1473
-1790
-1441
-1152
-1170
-978
-1138
-936
-411
-362
-268
53
297
715
918
825
1033
1229
1638
2001
1761
1629
1982
2161
2249
2293
2189
2359
2468
2451
2491
2395
2527
2670
2403
2309
2341
2323
2563
2401
1980
1997
1979
2016
2117
1715
1566
1634
1493
1355
1129
988
1179
978
569
521
338
325
384
22
-330
-353
-408
-569
-878
-1065
-922
-1173
-1276
-1348
-1616
-1546
-1489
-1727
-1766
-1925
-1903
-1627
-2011
-2114
-1775
-1873
-1966
-1869
-1897
-1898
-1917
-1879
-1839
-1898
-1742
-1582
-1788
-1970
-1714
-1563
-1675
-1517
-1576
-1779
-1670
-1540
-1595
-1583
-1611
-1318
-1309
-1709
-1550
-1089
-955
-761
-940
-975
-381
21
-4
7
334
937
1101
806
1070
1471
1667
1861
1825
1468
1889
2570
2424
2114
2221
2164
2267
2637
2640
2351
2150
2466
2671
2173
2027
2381
2489
2403
2137
1859
1968
2377
2343
1770
1407
1815
1935
1398
1090
1174
1286
1165
730
504
515
563
501
129
-271
-94
-81
-584
-734
-778
-942
-1106
-1197
-1372
-1556
-1663
-1564
-1645
-2034
-2081
-1980
-2062
-2121
-2147
-2269
-2336
-2148
-2049
-2182
-2268
-2095
-2000
-2066
-1969
-1846
-1830
-1868
-2029
-1867
-1668
-1777
-1661
-1575
-1902
-1716
-1476
-1769
-1634
-1352
-1368
-1510
-1529
-1284
-1071
-992
-790
-806
-800
-242
-13
-82
209
600
851
916
936
1055
1407
1662
1794
1698
1480
1925
2464
2236
2109
2317
2209
2358
2624
2426
2323
2454
2636
2591
2258
2440
2765
2689
2561
2367
2193
2402
2496
2181
1917
1899
2005
1822
1483
1419
1423
1313
1156
910
727
733
483
258
118
-104
-197
-317
-594
-785
-946
-1090
-1130
-1407
-1626
-1594
-1814
-1921
-1832
-2101
-2289
-2140
-2135
-2240
-2402
-2455
-2250
-2246
-2436
-2458
-2389
-2261
-1948
-1959
-2342
-2150
-1731
-2074
-2106
-1698
-1874
-1730
-1340
-1767
-1896
-1469
-1398
-1415
-1582
-1526
-1182
-1361
-1464
-1056
-1012
-866
-613
-754
-601
-77
151
79
145
615
1061
902
927
1338
1520
1676
1761
1712
1700
2034
2525
2354
2115
2392
2315
2212
2739
2802
2323
2364
2652
2737
2504
2338
2548
2655
2538
2363
2142
2196
2644
2410
1791
1725
1965
1874
1422
1202
1328
1316
1037
695
530
499
506
158
-241
-408
-429
-538
-891
-1021
-1008
-1172
-1468
-1577
-1679
-1663
-1783
-2113
-2057
-1931
-2207
-2458
-2257
-2129
-2463
-2500
-2218
-2318
-2513
-2194
-2246
-2277
-1829
-2022
-2130
-1822
-1775
-1870
-1982
-1823
-1335
-1355
-1734
-1812
-1570
-1304
-1427
-1626
-1460
-1104
-1182
-1467
-1417
-1131
-854
-829
-1003
-802
-238
-74
-170
101
485
820
868
891
1222
1471
1659
1739
1761
2005
2197
2086
2447
2709
2445
2485
2444
2563
3049
2876
2491
2545
2791
2913
2543
2247
2694
2798
2395
2157
1935
2183
2427
1969
1570
1551
1587
1567
1146
820
1016
977
621
396
214
193
85
-205
-318
-520
-790
-826
-978
-1174
-1214
-1499
-1640
-1500
-1678
-1848
-1847
-2129
-1963
-1898
-2508
-2405
-1939
-2064
-2187
-2500
-2297
-1838
-2129
-2152
-2041
-2241
-1814
-1577
-1870
-1757
-1827
-1839
-1414
-1674
-1720
-1220
-1536
-1636
-1221
-1476
-1599
-1298
-1186
-1127
-1478
-1484
-932
-886
-941
-756
-846
-516
65
-36
-112
261
717
1047
904
861
1446
1712
1775
1884
1858
2127
2433
2183
2203
2657
2712
2639
2400
2232
2763
2966
2544
2458
2457
2624
2669
2291
2242
2428
2267
2078
1799
1715
2070
1860
1356
1298
1195
1080
969
679
697
623
235
87
-34
-123
-117
-398
-624
-613
-817
-972
-988
-1124
-1151
-1369
-1578
-1489
-1580
-1736
-1742
-1988
-1993
-1829
-2174
-2216
-1836
-1993
-2097
-1914
-2104
-1968
-1944
-2060
-1852
-1916
-1798
-1483
-1866
-1696
-1393
-1706
-1443
-1362
-1474
-1204
-1517
-1592
-1083
-1238
-1415
-1159
-1138
-1333
-1329
-1196
-1039
-933
-635
-687
-913
-409
253
86
-3
525
895
1071
1161
1256
1428
1799
2040
1870
1803
2260
2416
2343
2616
2638
2538
2612
2473
2672
2940
2546
2308
2470
2559
2538
2195
2069
2340
2248
1928
1655
1588
1869
1874
1236
996
1120
1097
843
457
425
522
268
-80
-182
-221
-177
-298
-656
-754
-773
-871
-1019
-1199
-1208
-1209
-1458
-1612
-1563
-1651
-1749
-1830
-1879
-1896
-1950
-2002
-1953
-2024
-2055
-1928
-1916
-2041
-1920
-1800
-1934
-1857
-1628
-1518
-1510
-1415
-1639
-1760
-1359
-1337
-1402
-1216
-1348
-1392
-1205
-1339
-1403
-1289
-1170
-978
-1267
-1382
-984
-889
-795
-569
-725
-595
43
205
171
391
709
1084
1212
1218
1361
1641
2022
2135
1952
2070
2538
2613
2390
2014
2451
3196
2762
2388
2409
2111
2631
3022
2129
1729
2153
2281
2093
1596
1535
1720
1476
1390
1280
906
1193
1479
789
406
478
579
520
269
155
114
-174
-111
-72
-407
-432
-355
-663
-839
-908
-906
-933
-1097
-1064
-1260
-1696
-1427
-1286
-1746
-1704
-1751
-1878
-1673
-1894
-2157
-1859
-1902
-1902
-1871
-2135
-1912
-1518
-1843
-1819
-1500
-1523
-1468
-1693
-1875
-1536
-1227
-1241
-1566
-1764
-1391
-1197
-1400
-1481
-1392
-1075
-1018
-1391
-1219
-1016
-826
-474
-692
-872
-147
245
196
432
589
886
1135
1155
1349
1597
1754
1954
2001
1985
2282
2446
2285
2345
2580
2539
2377
2404
2522
2621
2479
2329
2295
2229
2267
2159
1926
2000
2042
1782
1412
1427
1526
1380
1054
947
811
705
688
431
209
289
269
-54
-216
-194
-242
-435
-572
-645
-805
-915
-928
-1055
-1258
-1300
-1256
-1441
-1596
-1463
-1432
-1758
-1794
-1609
-1683
-1818
-1797
-1811
-1801
-1684
-1796
-1833
-1655
-1515
-1436
-1514
-1608
-1366
-1170
-1237
-1192
-1300
-1301
-1010
-893
-1008
-1097
-1047
-950
-990
-933
-974
-1018
-758
-661
-964
-1030
-756
-517
-275
-473
-606
-98
365
361
354
522
940
1240
1131
1062
1284
1547
1873
1821
1629
2012
2201
1951
2020
2161
2171
2204
2022
2098
2248
2053
2010
2033
1921
1932
1770
1573
1723
1733
1440
1224
1056
1194
1157
741
626
661
578
502
250
71
217
156
-149
-371
-399
-286
-381
-653
-667
-706
-848
-861
-1015
-1173
-1045
-1074
-1298
-1376
-1321
-1280
-1418
-1593
-1417
-1406
-1681
-1517
-1424
-1531
-1437
-1366
-1474
-1557
-1296
-1110
-1409
-1335
-980
-1252
-1325
-961
-1101
-1274
-964
-776
-969
-1179
-1099
-949
-961
-974
-986
-903
-845
-984
-978
-716
-666
-491
-396
-523
-193
275
192
194
608
911
1048
967
1106
1588
1801
1621
1719
1881
2098
2189
1774
1884
2652
2425
1875
1897
1877
2331
2500
1710
1532
1891
1986
1757
1270
1374
1730
1339
886
876
861
1066
987
454
325
395
327
147
-21
-27
-40
-312
-386
-309
-476
-520
-615
-770
-783
-900
-1096
-983
-954
-1073
-1151
-1348
-1342
-1053
-1186
-1604
-1507
-1199
-1332
-1680
-1527
-1361
-1480
-1214
-1229
-1667
-1350
-1082
-1339
-1234
-1109
-1123
-907
-952
-1235
-1123
-867
-755
-732
-966
-1061
-775
-740
-867
-815
-938
-746
-724
-1114
-880
-454
-533
-355
-404
-591
90
378
138
340
606
911
1079
919
1150
1531
1596
1618
1561
1572
1980
2055
1784
1734
2094
2281
2094
1881
1820
1945
2117
1943
1573
1539
1659
1559
1376
1280
1252
1304
1099
837
784
820
782
631
371
199
168
103
71
40
-175
-328
-331
-379
-421
-479
-580
-603
-640
-832
-968
-939
-824
-843
-1057
-1129
-1068
-1086
-991
-1037
-1330
-1331
-1081
-1234
-1455
-1386
-1195
-1322
-1353
-1168
-1253
-1342
-1119
-1122
-1211
-1050
-1107
-1155
-1096
-1121
-1068
-793
-864
-1190
-1168
-885
-1078
-1023
-872
-982
-841
-743
-990
-925
-678
-439
-266
-503
-433
214
444
296
461
717
1048
1124
1043
1226
1623
1709
1777
1711
1704
2079
2066
1603
1981
2457
2082
1875
1785
1862
2277
2083
1469
1424
1679
1816
1439
973
1227
1455
1071
684
593
761
894
629
104
65
191
166
-178
-371
-191
-232
-535
-672
-595
-573
-591
-782
-870
-842
-947
-994
-969
-954
-929
-1121
-1305
-1039
-885
-1160
-1302
-1205
-1031
-958
-1071
-1206
-1193
-1008
-742
-1059
-1372
-981
-621
-928
-1165
-713
-508
-910
-858
-672
-865
-719
-338
-597
-1140
-933
-531
-795
-994
-688
-688
-848
-881
-822
-802
-723
-429
-235
-595
-588
102
337
163
316
575
674
826
974
1057
1240
1486
1556
1467
1447
1882
1975
1560
1542
2111
2072
1674
1728
1676
1714
1948
1593
1210
1366
1606
1466
1090
937
1184
1122
785
751
730
708
712
494
142
174
250
162
-56
-141
-90
-188
-395
-389
-368
-484
-530
-556
-692
-815
-781
-704
-833
-964
-976
-1008
-992
-945
-1091
-1245
-1118
-1093
-1135
-1081
-1128
-1353
-1049
-887
-1335
-1394
-869
-879
-1240
-1000
-729
-952
-1113
-916
-975
-1065
-696
-607
-1169
-1177
-825
-834
-1034
-1081
-1027
-757
-830
-1244
-975
-750
-720
-357
-353
-714
-244
377
234
137
438
861
1044
986
1181
1374
1543
1731
1697
1525
1810
2164
1943
1559
1846
2307
1939
1653
1759
1696
1852
2024
1556
1264
1514
1635
1323
984
1017
1219
902
626
690
570
579
618
273
-15
53
132
-7
-224
-328
-276
-488
-587
-411
-537
-658
-561
-623
-785
-814
-815
-768
-799
-888
-926
-1022
-910
-681
-840
-1179
-963
-816
-1008
-923
-974
-1092
-926
-769
-906
-1085
-1121
-728
-736
-955
-716
-737
-890
-767
-813
-901
-719
-692
-941
-1056
-947
-960
-998
-968
-1003
-916
-857
-1244
-1174
-795
-717
-682
-636
-784
-365
81
-83
111
418
612
733
732
884
1210
1353
1331
1359
1478
1677
1874
1764
1667
1845
1997
1798
1812
1899
1926
1949
1777
1686
1711
1727
1597
1468
1421
1453
1389
1131
1001
999
937
728
514
453
367
209
62
-39
-90
-195
-391
-492
-534
-489
-570
-698
-783
-754
-833
-943
-897
-913
-1013
-1063
-1037
-1095
-984
-965
-1136
-1203
-1085
-943
-1004
-1107
-985
-1011
-1050
-908
-960
-1002
-890
-899
-825
-798
-794
-647
-972
-1115
-719
-711
-894
-798
-992
-1050
-870
-1059
-1161
-1058
-1022
-933
-1023
-1227
-1002
-770
-794
-594
-584
-670
-221
74
39
181
451
650
776
842
919
1131
1306
1465
1427
1387
1699
1938
1728
1536
1945
2302
2014
1755
1791
1752
2021
2123
1682
1439
1660
1780
1535
1213
1327
1523
1219
979
937
900
957
938
546
280
403
426
195
-9
-77
-82
-245
-405
-474
-509
-512
-511
-606
-767
-799
-796
-826
-886
-929
-1075
-1171
-1113
-1060
-1213
-1300
-1132
-1034
-1104
-1267
-1211
-1007
-930
-1041
-1196
-1245
-1030
-950
-1154
-1092
-937
-966
-1171
-1355
-1142
-910
-943
-1069
-1349
-1292
-1020
-1112
-1393
-1301
-1060
-1033
-1277
-1395
-1105
-900
-644
-571
-896
-698
-37
43
-69
192
567
796
797
883
1101
1253
1410
1684
1618
1611
2013
2112
1823
1836
2322
2295
1982
2050
2144
1963
2135
2216
1791
1569
1759
1821
1584
1383
1388
1359
1168
1104
1057
835
807
922
591
185
202
357
262
-12
-152
-241
-386
-389
-341
-536
-604
-516
-642
-856
-894
-764
-838
-932
-978
-1114
-1150
-1030
-1041
-1217
-1213
-1145
-1091
-1100
-1224
-1033
-974
-1144
-1011
-1035
-1233
-1065
-896
-1032
-1104
-968
-986
-1181
-1119
-1038
-1215
-1110
-1126
-1415
-1319
-1241
-1342
-1366
-1341
-1215
-1254
-1507
-1296
-1004
-961
-758
-723
-919
-533
-48
-51
-52
245
598
762
723
915
1250
1378
1407
1493
1508
1660
2060
2043
1733
1910
2236
2117
1967
2067
2203
2176
2099
2016
1893
1817
1885
1784
1623
1638
1672
1400
1137
1243
1225
982
856
782
600
442
408
322
213
71
-44
-182
-246
-190
-301
-460
-471
-474
-592
-697
-781
-765
-768
-921
-1018
-1005
-976
-943
-1142
-1230
-1132
-1099
-1241
-1328
-1091
-1088
-1222
-1140
-1214
-1310
-1004
-1105
-1490
-1318
-1006
-1167
-1484
-1376
-1188
-1371
-1359
-1270
-1582
-1581
-1301
-1437
-1692
-1545
-1380
-1383
-1569
-1621
-1333
-1173
-977
-760
-855
-806
-301
-15
-6
125
396
717
914
929
1090
1302
1442
1679
1710
1629
1896
1993
1821
2163
2364
2192
2049
1946
2123
2456
2289
1958
1954
2077
2149
1899
1581
1783
1962
1726
1341
1201
1397
1551
1197
781
767
788
753
436
279
311
234
1
-116
-156
-238
-289
-443
-570
-626
-728
-806
-816
-757
-795
-1051
-1238
-1023
-956
-1151
-1221
-1317
-1140
-1103
-1439
-1426
-1160
-1305
-1196
-1213
-1594
-1410
-1149
-1311
-1417
-1325
-1385
-1542
-1505
-1410
-1611
-1533
-1262
-1561
-1813
-1594
-1524
-1604
-1586
-1524
-1595
-1475
-1403
-1343
-1288
-1067
-710
-806
-966
-590
-90
-54
28
339
572
727
864
997
1210
1413
1576
1626
1562
1763
2215
2108
1834
2145
2330
2166
2161
2272
2370
2437
2308
2169
2088
2132
2191
1955
1876
2032
1917
1607
1454
1510
1548
1326
1038
970
874
695
575
396
367
349
90
-148
-176
-77
-117
-383
-592
-493
-522
-738
-894
-883
-839
-937
-1187
-1302
-1100
-1100
-1190
-1303
-1433
-1328
-1237
-1488
-1505
-1316
-1314
-1301
-1537
-1595
-1232
-1339
-1595
-1373
-1413
-1536
-1406
-1608
-1633
-1379
-1471
-1518
-1512
-1660
-1511
-1452
-1521
-1432
-1424
-1381
-1335
-1504
-1396
-1065
-1024
-816
-681
-965
-653
36
82
75
292
526
865
1019
1017
1218
1405
1535
1664
1612
1711
2151
2101
1856
2073
2275
2222
2126
2225
2374
2329
2106
2143
2161
2156
2223
2000
1897
2082
2043
1745
1553
1641
1715
1418
1035
1039
1008
820
674
512
374
324
190
-76
-143
-131
-151
-416
-676
-531
-581
-828
-874
-834
-933
-1046
-1140
-1284
-1182
-1132
-1323
-1444
-1364
-1318
-1329
-1567
-1648
-1359
-1434
-1663
-1396
-1439
-1636
-1330
-1395
-1621
-1435
-1392
-1496
-1537
-1650
-1351
-1349
-1599
-1415
-1446
-1681
-1451
-1270
-1459
-1501
-1261
-1244
-1519
-1418
-1031
-910
-892
-686
-704
-641
-222
58
67
208
564
729
779
888
1154
1354
1327
1506
1691
1691
1893
2067
1891
1988
2245
2128
2010
2094
2340
2366
2145
2119
2172
2114
2166
2120
1921
2005
2072
1815
1651
1643
1663
1484
1193
1097
1085
880
756
695
507
403
366
142
-32
-27
-70
-233
-418
-444
-508
-735
-822
-734
-903
-1066
-1118
-1208
-1196
-1231
-1377
-1412
-1444
-1364
-1218
-1520
-1634
-1375
-1425
-1453
-1395
-1641
-1607
-1374
-1589
-1649
-1446
-1468
-1535
-1532
-1604
-1691
-1527
-1398
-1527
-1616
-1531
-1506
-1616
-1504
-1240
-1274
-1304
-1183
-1366
-1374
-948
-775
-782
-672
-607
-444
-155
90
179
324
598
859
939
962
1205
1432
1559
1589
1652
1826
1978
2003
1951
2197
2453
2364
2093
1975
2186
2551
2503
2109
1939
2122
2304
2144
1857
1822
1930
1819
1508
1285
1412
1519
1317
990
714
688
701
540
321
194
149
-25
-241
-236
-152
-233
-400
-566
-641
-742
-778
-725
-779
-899
-1058
-1218
-1292
-1191
-1094
-1291
-1551
-1414
-1324
-1454
-1537
-1520
-1466
-1413
-1442
-1583
-1708
-1595
-1377
-1535
-1655
-1555
-1456
-1592
-1628
-1535
-1491
-1437
-1422
-1455
-1466
-1353
-1420
-1397
-1247
-1223
-1118
-946
-1038
-1161
-1089
-814
-524
-449
-581
-623
-330
216
344
134
255
681
1021
1016
905
1066
1476
1721
1617
1481
1666
2002
1898
1907
2221
2148
2130
2102
1990
2215
2499
2174
1900
2047
2182
2148
1884
1811
1937
1816
1608
1430
1389
1472
1444
1068
763
816
765
617
419
375
414
167
-104
-114
-59
-138
-295
-512
-604
-522
-631
-763
-774
-756
-852
-1025
-1161
-1176
-1111
-1221
-1391
-1380
-1313
-1350
-1494
-1691
-1554
-1298
-1499
-1731
-1687
-1623
-1487
-1562
-1699
-1514
-1545
-1678
-1517
-1483
-1575
-1583
-1514
-1429
-1343
-1263
-1388
-1559
-1262
-1096
-1272
-1148
-914
-808
-807
-1061
-932
-406
-166
-277
-451
-301
222
439
208
298
693
1035
1145
1005
1031
1466
1791
1714
1567
1694
1938
2061
2016
2040
2152
2165
2114
2190
2210
2190
2181
2001
2021
2095
1914
1748
1771
1778
1735
1452
1156
1206
1343
1161
871
670
703
651
445
298
239
303
257
-14
-217
-149
-93
-204
-340
-483
-542
-602
-724
-754
-811
-912
-990
-1007
-1104
-1154
-1197
-1260
-1285
-1290
-1403
-1557
-1527
-1343
-1415
-1697
-1619
-1518
-1548
-1548
-1679
-1700
-1518
-1480
-1563
-1631
-1673
-1439
-1244
-1505
-1540
-1269
-1096
-1003
-1121
-1232
-1074
-884
-868
-880
-804
-565
-458
-657
-704
-386
-81
37
11
-8
133
469
559
483
699
994
1016
956
1118
1334
1357
1442
1520
1427
1570
1733
1703
1727
1819
1845
1860
1844
1888
1932
1845
1836
1826
1779
1767
1746
1648
1625
1589
1415
1285
1239
1145
1078
1033
926
789
698
652
559
443
342
301
186
94
57
-18
-128
-217
-250
-349
-530
-614
-671
-802
-845
-904
-1104
-1186
-1142
-1223
-1399
-1452
-1484
-1518
-1648
-1736
-1673
-1704
-1704
-1760
-1750
-1748
-1671
-1630
-1651
-1819
-1602
-1323
-1554
-1552
-1364
-1335
-1222
-1148
-1330
-1115
-916
-892
-811
-903
-845
-542
-565
-548
-401
-329
-246
-158
-134
-6
144
221
341
446
511
554
639
747
915
1025
1007
1050
1189
1320
1422
1370
1391
1507
1566
1532
1508
1580
1711
1789
1702
1679
1761
1834
1787
1704
1668
1713
1688
1517
1414
1379
1332
1243
1134
1011
932
964
877
717
607
549
437
341
301
199
102
49
-84
-257
-303
-362
-497
-652
-776
-858
-1009
-1076
-1046
-1100
-1231
-1338
-1434
-1448
-1328
-1422
-1731
-1613
-1400
-1543
-1656
-1622
-1682
-1531
-1370
-1528
-1672
-1558
-1331
-1310
-1416
-1346
-1168
-1131
-1041
-899
-915
-853
-687
-711
-680
-565
-427
-465
-371
-207
-134
-249
-182
122
142
4
46
195
255
384
380
386
486
697
752
632
729
989
1010
927
981
1081
1141
1157
1193
1234
1212
1260
1285
1188
1221
1313
1284
1182
1242
1308
1280
1214
1246
1268
1163
1067
1018
1004
1020
964
899
848
800
750
712
645
607
601
466
390
389
377
321
229
134
54
-54
-135
-223
-369
-477
-561
-622
-742
-882
-924
-957
-1050
-1119
-1204
-1284
-1337
-1372
-1335
-1298
-1416
-1547
-1471
-1417
-1445
-1427
-1439
-1501
-1419
-1210
-1213
-1297
-1221
-1137
-1109
-944
-876
-904
-815
-700
-689
-652
-569
-576
-490
-291
-264
-376
-337
-148
-114
-47
39
57
158
295
258
266
399
453
550
617
631
689
786
892
952
938
1000
1052
1066
1098
1090
1047
1097
1151
1096
1057
1046
1070
1103
1029
962
1004
1036
974
930
888
923
942
887
855
837
827
770
726
722
703
702
723
639
564
539
451
409
454
382
220
173
162
58
-31
-179
-288
-292
-354
-542
-685
-726
-719
-812
-933
-964
-1066
-1095
-1075
-1095
-1308
-1387
-1217
-1320
-1409
-1348
-1332
-1285
-1377
-1418
-1186
-1299
-1356
-1019
-1018
-1113
-950
-965
-951
-844
-806
-737
-695
-630
-429
-330
-383
-343
-196
-96
-128
-66
71
90
117
200
230
212
365
507
487
428
477
637
691
664
673
741
821
844
849
812
782
844
949
857
737
814
810
760
805
797
684
685
709
648
601
613
689
751
713
691
711
768
832
796
657
622
749
775
703
641
629
664
697
584
290
227
443
500
317
235
245
153
79
38
-73
-338
-336
-255
-384
-541
-594
-628
-739
-805
-849
-931
-1031
-929
-936
-1172
-1232
-1063
-1119
-1255
-1173
-1189
-1353
-1217
-1065
-1140
-1155
-1127
-1022
-921
-970
-966
-872
-829
-696
-526
-525
-592
-428
-210
-297
-420
-133
-4
-236
-87
103
-65
4
258
250
203
295
311
359
466
497
437
390
536
609
518
446
464
561
590
493
455
553
529
470
492
494
515
561
567
508
562
600
626
651
634
676
682
684
741
768
709
772
840
816
787
729
723
759
721
678
641
569
597
567
422
344
373
351
245
151
97
49
-3
-100
-233
-289
-290
-331
-411
-468
-505
-560
-648
-740
-754
-784
-846
-875
-963
-924
-876
-967
-983
-889
-861
-900
-811
-825
-788
-670
-753
-820
-599
-616
-660
-510
-542
-522
-287
-352
-469
-248
-120
-205
-206
-79
-78
-73
-44
13
-33
57
181
118
93
209
198
-3
108
433
298
54
69
69
148
393
301
11
74
296
378
197
93
241
329
259
293
236
216
454
537
343
353
455
528
573
503
531
566
529
533
599
548
502
528
570
543
516
509
450
459
493
373
273
313
364
274
220
225
218
176
103
21
8
43
13
18
-102
-151
-79
-100
-162
-208
-278
-273
-255
-316
-330
-400
-477
-367
-388
-485
-460
-490
-459
-458
-570
-598
-536
-514
-511
-545
-664
-608
-503
-491
-479
-504
-530
-423
-332
-401
-399
-380
-303
-144
-183
-266
-239
-102
-48
-85
-141
-170
-78
10
-6
-79
-65
44
66
21
-16
17
107
127
88
43
86
148
180
161
153
161
194
218
153
160
192
220
180
170
215
222
234
271
248
210
263
330
284
247
317
360
376
370
411
429
415
418
450
466
510
484
469
530
509
503
544
546
486
502
521
423
412
433
369
343
373
330
207
172
222
141
29
48
10
-152
-133
-111
-263
-276
-249
-430
-519
-422
-424
-517
-577
-577
-539
-631
-680
-608
-648
-632
-594
-702
-751
-601
-564
-627
-700
-634
-439
-480
-506
-364
-441
-449
-314
-367
-393
-288
-302
-272
-204
-234
-147
-141
-190
-105
-72
-152
-84
-24
-55
-26
-3
18
14
13
68
40
7
49
67
13
62
86
25
49
90
68
81
140
171
155
163
175
263
303
282
312
373
420
404
451
479
500
529
579
586
597
670
654
666
704
755
787
759
730
745
765
743
745
745
715
698
635
589
592
554
445
393
368
268
214
130
35
2
-74
-168
-185
-261
-334
-326
-429
-504
-486
-542
-587
-621
-720
-737
-746
-770
-760
-793
-809
-768
-773
-782
-715
-731
-745
-692
-696
-644
-584
-671
-609
-528
-582
-555
-471
-539
-465
-400
-440
-440
-361
-307
-239
-278
-302
-220
-178
-145
-77
-93
-82
14
-41
-78
3
85
97
148
87
150
200
199
224
204
226
266
295
286
327
328
316
377
369
433
442
452
538
548
548
575
631
606
668
696
668
708
699
748
748
671
675
677
668
640
679
623
602
577
588
579
507
468
467
451
407
389
294
228
264
204
112
39
-19
-70
-135
-183
-259
-345
-388
-360
-479
-565
-547
-606
-647
-611
-668
-748
-741
-775
-800
-785
-885
-873
-860
-917
-836
-828
-925
-870
-823
-802
-681
-743
-758
-629
-613
-623
-514
-566
-549
-363
-367
-403
-296
-218
-156
-103
-116
-92
-43
-6
69
61
48
175
256
219
273
287
282
341
359
312
298
331
388
455
440
433
432
479
545
559
514
517
555
575
564
567
605
635
629
629
605
608
629
634
646
676
652
654
613
602
613
580
552
531
555
487
443
459
461
388
350
309
237
198
162
94
45
59
-13
-114
-161
-255
-269
-278
-392
-445
-452
-550
-599
-578
-675
-754
-700
-708
-799
-831
-803
-819
-850
-795
-840
-912
-829
-707
-734
-793
-731
-649
-689
-612
-592
-638
-507
-398
-426
-435
-382
-297
-187
-189
-200
-92
-93
-57
40
-23
-12
79
112
57
66
108
177
161
166
206
192
205
268
228
192
260
298
280
322
356
381
390
405
399
336
394
456
517
511
522
531
506
551
599
575
583
591
599
638
623
616
613
629
641
617
574
544
557
566
524
456
432
446
398
316
277
233
220
163
113
71
9
-23
-29
-115
-215
-237
-292
-346
-390
-442
-501
-548
-547
-608
-674
-731
-749
-765
-769
-794
-787
-779
-782
-744
-734
-752
-713
-669
-681
-599
-546
-561
-561
-495
-429
-437
-425
-385
-329
-277
-224
-224
-239
-167
-117
-108
-107
-71
-33
-13
-39
-28
59
79
83
68
77
133
194
207
186
165
210
216
233
262
269
275
308
360
352
344
347
409
439
478
466
489
502
544
543
527
531
521
531
563
565
557
588
589
566
530
529
486
490
490
456
423
403
401
377
344
283
228
215
205
207
126
63
40
-5
-22
-56
-136
-168
-184
-232
-272
-323
-388
-413
-436
-465
-507
-531
-553
-539
-543
-591
-619
-627
-613
-586
-577
-609
-634
-614
-602
-598
-601
-579
-546
-503
-501
-482
-458
-441
-393
-354
-338
-299
-257
-244
-233
-212
-187
-176
-109
-92
-67
-18
1
3
17
40
80
110
84
104
130
150
174
179
183
230
277
272
278
283
275
341
372
375
406
397
413
470
467
442
518
539
523
537
531
508
523
531
517
497
532
538
513
493
488
485
445
434
415
397
378
362
332
279
269
239
201
186
148
120
74
-2
-52
-67
-150
-214
-205
-266
-377
-378
-375
-439
-428
-440
-564
-517
-494
-547
-609
-581
-601
-589
-602
-608
-583
-576
-542
-557
-574
-551
-489
-513
-504
-458
-429
-412
-393
-375
-314
-277
-260
-251
-236
-235
-177
-145
-133
-89
-41
-36
-18
33
36
49
99
92
109
120
133
120
169
192
207
225
248
274
281
340
313
308
313
345
358
383
396
423
421
416
433
457
465
459
444
453
451
392
414
400
379
370
364
366
351
341
305
296
236
201
214
199
164
187
173
135
120
122
101
76
24
12
-28
-50
-44
-65
-105
-124
-116
-160
-157
-152
-200
-214
-216
-286
-323
-297
-339
-373
-367
-375
-402
-420
-427
-435
-440
-464
-481
-497
-498
-464
-442
-459
-429
-407
-384
-361
-351
-346
-364
-306
-306
-307
-298
-294
-249
-223
-185
-199
-168
-129
-98
-73
-60
-32
-31
24
24
47
85
94
113
157
150
177
234
235
247
271
266
277
283
284
310
297
329
376
382
376
380
400
389
392
425
428
407
431
438
408
419
428
396
382
409
364
337
330
345
344
299
287
265
246
274
219
164
127
112
102
100
53
43
17
-1
-20
-51
-49
-100
-116
-131
-147
-165
-163
-216
-260
-290
-287
-279
-328
-376
-375
-369
-376
-360
-388
-422
-413
-440
-447
-421
-418
-436
-436
-425
-435
-441
-429
-425
-440
-428
-382
-382
-362
-320
-328
-293
-260
-255
-264
-229
-183
-154
-116
-110
-84
-54
8
15
42
40
67
106
144
166
184
187
201
225
242
257
259
294
301
321
338
329
324
360
379
369
382
412
403
406
379
341
324
327
347
359
339
321
322
332
310
289
304
290
279
295
251
218
251
241
214
191
206
177
168
132
109
117
76
51
17
19
7
21
-33
-82
-85
-133
-142
-163
-191
-212
-224
-255
-285
-318
-344
-346
-397
-405
-412
-457
-487
-489
-469
-495
-497
-474
-466
-448
-460
-445
-430
-425
-411
-402
-385
-371
-336
-302
-287
-251
-208
-189
-209
-164
-140
-148
-126
-124
-74
-35
-22
-24
3
31
38
85
83
122
194
165
169
190
210
225
252
251
283
328
325
349
341
397
419
381
375
424
463
443
433
403
400
444
439
405
385
425
411
388
363
368
385
356
331
333
320
295
269
252
243
238
191
147
137
154
150
127
86
92
66
3
-46
-73
-61
-72
-88
-146
-178
-200
-216
-256
-264
-275
-309
-330
-381
-380
-401
-454
-491
-486
-503
-540
-547
-541
-528
-545
-551
-557
-565
-533
-524
-549
-545
-504
-489
-495
-474
-465
-432
-410
-410
-357
-319
-262
-244
-212
-186
-165
-104
-137
-96
-33
22
62
74
98
129
207
226
233
253
291
319
319
373
380
392
451
467
503
518
509
503
516
516
504
526
532
515
484
510
506
520
523
515
504
475
475
458
435
411
401
370
337
353
344
344
310
278
265
228
187
148
126
116
100
70
66
15
-36
-48
-103
-123
-144
-181
-217
-268
-270
-289
-334
-339
-367
-377
-394
-443
-477
-499
-541
-539
-549
-560
-559
-575
-580
-542
-541
-594
-582
-556
-520
-507
-521
-522
-530
-520
-504
-461
-461
-430
-380
-373
-325
-293
-308
-293
-229
-176
-147
-100
-85
-71
-44
-19
33
81
104
140
170
200
220
241
264
283
330
355
356
364
402
421
419
469
482
512
572
582
564
571
561
567
595
578
576
536
534
553
531
514
485
454
418
408
391
373
365
334
324
289
234
208
194
192
199
172
113
98
106
60
14
-23
-34
-51
-91
-176
-183
-193
-202
-221
-226
-236
-273
-327
-373
-376
-409
-443
-483
-507
-510
-514
-552
-587
-589
-560
-565
-556
-558
-546
-518
-517
-524
-544
-531
-548
-544
-548
-533
-497
-466
-456
-447
-394
-360
-295
-219
-183
-141
-110
-86
-100
-73
-42
-14
43
71
99
164
210
258
299
322
360
395
406
419
425
441
432
411
436
451
470
494
532
519
512
559
562
528
545
545
530
521
466
429
415
405
375
362
371
372
345
314
308
315
305
254
194
192
190
167
147
126
111
89
62
23
-14
-28
-44
-90
-140
-178
-164
-168
-214
-255
-270
-286
-314
-342
-376
-373
-385
-404
-411
-424
-435
-432
-469
-465
-458
-465
-449
-428
-438
-443
-417
-409
-423
-426
-451
-434
-398
-395
-402
-390
-395
-388
-342
-332
-306
-268
-249
-235
-193
-185
-196
-176
-139
-91
-40
-24
-23
-27
17
51
60
123
153
210
238
284
289
289
343
355
341
370
400
401
438
485
497
517
526
515
521
531
534
540
517
509
474
440
413
375
368
359
408
455
426
397
393
362
334
304
270
253
237
175
151
133
87
57
64
35
9
-6
-33
-65
-108
-135
-160
-210
-260
-284
-302
-301
-328
-341
-308
-334
-368
-393
-408
-404
-393
-401
-426
-446
-459
-470
-487
-482
-481
-447
-433
-413
-401
-427
-413
-408
-397
-381
-388
-388
-373
-336
-294
-301
-303
-283
-250
-204
-175
-153
-154
-159
-117
-58
-34
