-5
2
-7
-6
-11
-19
7
-5
-3
5
-8
-8
-10
-1
-11
-7
0
4
14
14
5
13
16
8
11
8
8
-2
6
8
-6
10
-7
-8
-6
-2
0
-9
-12
-13
-2
-9
-5
-5
-4
-12
-10
-6
-13
-5
-7
-1
9
-3
-2
11
7
8
9
1
-1
-2
-5
-3
-4
-3
-1
-5
6
-4
1
6
6
6
10
7
-3
9
6
9
8
4
-2
2
9
14
16
15
17
17
23
13
18
12
2
2
1
0
-14
-8
-8
-7
-9
-13
-3
-7
-1
-1
-5
0
1
0
8
-1
7
5
1
8
-5
-2
-3
8
1
5
6
1
4
-3
1
-2
-4
-2
-2
-9
-14
-11
-6
-5
-17
-14
-17
-23
-20
-15
-12
-16
-13
-4
-2
4
-2
-5
-4
4
6
2
-7
1
-2
1
-3
-6
-21
-25
-21
-20
-15
-3
0
-10
8
1
-5
-3
5
10
9
12
8
13
14
6
5
15
11
12
19
19
22
8
3
8
2
4
0
2
9
1
10
9
8
5
3
5
4
11
15
-6
-2
33
18
-7
-16
-17
1
24
-28
-39
21
13
-13
-19
-12
-3
-11
-33
-17
8
-10
-22
-21
28
23
-16
-20
11
6
-17
-79
-145
-82
-44
-77
-122
-131
-146
-86
-22
-32
-21
-11
43
104
140
150
154
199
282
337
350
369
378
427
477
448
418
390
369
345
331
266
180
138
87
22
-68
-128
-212
-271
-298
-356
-441
-492
-525
-589
-608
-673
-763
-767
-748
-745
-738
-753
-798
-773
-708
-640
-577
-526
-470
-414
-336
-244
-173
-95
22
116
176
253
311
379
476
524
547
559
602
655
726
748
770
797
825
848
865
855
844
864
864
856
803
781
771
745
718
678
633
564
525
473
442
379
325
282
227
204
138
52
11
-24
-118
-187
-270
-367
-435
-488
-580
-651
-757
-873
-919
-983
-1045
-1122
-1206
-1253
-1298
-1382
-1416
-1417
-1441
-1451
-1487
-1494
-1490
-1454
-1382
-1297
-1224
-1179
-1112
-1011
-842
-676
-537
-372
-244
-114
26
162
327
488
599
726
856
951
1035
1133
1253
1348
1383
1412
1457
1507
1560
1559
1521
1542
1545
1506
1472
1437
1414
1378
1336
1287
1228
1160
1100
1046
995
941
875
819
789
737
689
630
547
492
418
362
292
223
174
90
-11
-126
-216
-304
-378
-486
-682
-820
-938
-1062
-1194
-1307
-1461
-1599
-1725
-1825
-1920
-2035
-2093
-2238
-2300
-2264
-2330
-2401
-2429
-2484
-2456
-2372
-2382
-2335
-2214
-2102
-1937
-1824
-1659
-1449
-1192
-909
-639
-413
-142
134
397
735
1025
1257
1545
1815
2046
2268
2400
2553
2725
2827
2867
2830
2821
2881
2872
2792
2744
2643
2552
2479
2335
2181
2030
1853
1668
1507
1337
1157
963
815
700
510
336
212
70
-11
-119
-273
-374
-434
-519
-587
-649
-708
-692
-754
-766
-784
-873
-870
-887
-981
-1013
-1107
-1280
-1266
-1316
-1414
-1510
-1664
-1706
-1750
-1819
-1877
-1989
-2023
-2058
-2247
-2289
-2216
-2350
-2418
-2452
-2510
-2402
-2355
-2387
-2278
-2091
-1956
-1883
-1781
-1536
-1231
-951
-652
-409
-157
188
496
812
1200
1511
1725
2016
2287
2495
2679
2842
3007
3135
3184
3165
3176
3251
3264
3153
3048
2988
2869
2741
2636
2492
2359
2203
1983
1771
1599
1398
1149
933
760
546
303
148
9
-148
-321
-486
-668
-796
-846
-925
-1009
-1081
-1177
-1316
-1319
-1269
-1359
-1452
-1473
-1498
-1529
-1567
-1685
-1790
-1763
-1717
-1832
-1904
-1848
-1904
-1900
-1843
-1929
-1974
-1907
-1930
-1963
-1935
-1977
-2017
-1933
-1865
-1884
-1953
-1929
-1767
-1675
-1585
-1477
-1425
-1263
-1032
-954
-758
-423
-247
-78
209
494
776
1021
1288
1605
1890
2119
2244
2398
2734
2922
2906
2964
3057
3093
3165
3123
3046
3080
3031
2902
2796
2704
2601
2430
2273
2188
1981
1723
1562
1379
1247
1084
774
536
439
295
93
-54
-173
-304
-532
-710
-785
-856
-918
-1054
-1246
-1292
-1269
-1425
-1555
-1569
-1655
-1750
-1816
-1921
-2025
-2023
-2020
-2140
-2161
-2126
-2177
-2161
-2080
-2118
-2098
-2048
-2017
-2053
-2059
-1903
-1834
-1834
-1805
-1883
-1882
-1676
-1607
-1640
-1593
-1554
-1424
-1243
-1169
-1153
-1020
-777
-505
-369
-289
-80
191
507
738
844
1075
1452
1662
1862
2103
2275
2440
2599
2710
2859
2942
2959
3022
3074
3162
3135
2988
3005
3031
2919
2786
2644
2543
2503
2360
2168
2008
1858
1683
1433
1228
1087
870
593
410
232
18
-165
-373
-568
-679
-879
-1053
-1124
-1228
-1389
-1554
-1666
-1691
-1802
-1987
-2150
-2218
-2118
-2126
-2387
-2433
-2342
-2330
-2301
-2291
-2366
-2226
-2163
-2232
-2177
-2114
-2241
-2313
-1945
-1438
-1386
-1902
-2318
-1946
-1011
-819
-1494
-1872
-1163
-382
-627
-1224
-1109
-244
339
-124
-530
-84
688
718
519
698
1088
1061
825
1209
1839
2109
1659
1546
2188
2664
2299
1809
2197
2874
2831
2143
1993
2620
2967
2620
2197
2331
2603
2381
2032
2203
2490
2244
1692
1521
1838
1867
1314
934
1076
1169
696
137
135
449
261
-333
-755
-641
-514
-918
-1317
-1252
-1205
-1460
-1850
-2029
-1841
-1789
-2069
-2294
-2256
-2234
-2341
-2502
-2355
-2143
-2313
-2520
-2321
-2149
-2150
-1998
-2014
-1917
-1664
-1680
-1744
-1427
-1198
-1399
-1399
-1030
-811
-1088
-1318
-1070
-542
-264
-669
-1266
-1189
-144
228
-495
-694
-494
-128
249
141
15
353
860
916
830
1025
1329
1472
1757
2074
1850
1740
2051
2305
2477
2458
2066
2068
2544
2606
2325
2199
2309
2504
2384
2210
2149
2116
2270
2202
1916
1851
1806
1531
1460
1478
1247
1017
840
698
606
416
268
96
-9
-101
-365
-640
-630
-652
-898
-1011
-1194
-1380
-1482
-1605
-1647
-1726
-1952
-2118
-2321
-2125
-1947
-2245
-2383
-2156
-2117
-2095
-2127
-2209
-1877
-1674
-2074
-2361
-1398
-873
-1155
-1705
-2139
-1500
-318
-784
-1856
-1547
-561
-269
-1182
-1884
-1323
-382
-222
-968
-1509
-999
-395
-965
-1223
-412
-167
-596
-836
-293
363
463
76
460
1392
1653
970
592
1640
2645
2279
1550
1732
2485
2782
2406
2270
2774
3085
2735
2408
2776
3308
3038
2494
2752
3194
2910
2367
2347
2724
2830
2183
1518
1738
2137
1762
1013
755
1036
849
154
-153
2
52
-457
-1026
-1111
-943
-1183
-1773
-1964
-1765
-1919
-2484
-2769
-2562
-2455
-2536
-2850
-3025
-2682
-2558
-2884
-2788
-2367
-2343
-2651
-2644
-2154
-1944
-2082
-1959
-1878
-1640
-1356
-1646
-1718
-1235
-1011
-1411
-1411
-823
-701
-1060
-1232
-1054
-611
-427
-631
-927
-772
-444
-582
-762
-245
156
-91
-189
167
508
704
735
895
1485
1808
1608
1385
1784
2412
2465
2203
2291
2622
2770
2722
2696
2917
3144
2980
2758
2879
3183
3086
2849
2878
3074
2977
2574
2448
2555
2612
2275
1748
1511
1574
1412
969
680
638
464
-18
-437
-558
-536
-757
-1198
-1496
-1521
-1647
-2027
-2230
-2207
-2392
-2628
-2794
-2892
-2838
-2698
-2947
-3046
-2810
-2867
-2821
-2709
-2551
-2367
-2223
-2253
-2062
-1803
-1733
-1644
-1386
-1310
-1220
-967
-1209
-1172
-458
-597
-940
-575
-429
-456
-349
-615
-729
-281
-109
-251
-659
-783
-448
-387
-485
-151
-113
-331
-158
68
226
428
500
677
1111
1369
1270
1111
1419
2067
2273
1968
2001
2265
2451
2553
2527
2658
2862
2807
2594
2667
2827
2884
2741
2678
2757
2620
2364
2222
2242
2239
2069
1575
1325
1398
1194
865
584
481
333
-14
-327
-493
-580
-725
-996
-1346
-1413
-1531
-1806
-1910
-1999
-2122
-2239
-2367
-2426
-2511
-2675
-2505
-2277
-2305
-2512
-2447
-2234
-2129
-1937
-1848
-1807
-1582
-1337
-1425
-1371
-1018
-824
-1160
-1014
-702
-732
-543
-516
-673
-529
-314
-427
-506
-431
-466
-554
-278
-205
-435
-505
-715
-777
-432
-227
-330
-428
-182
-113
-119
75
261
338
756
1136
933
925
1191
1442
1557
1805
1795
1625
1832
2054
1995
2128
2385
2197
2047
2206
2286
2203
2200
2250
2199
2144
2077
1845
1761
1900
1891
1515
1306
1279
1146
1050
922
734
573
453
204
38
12
-143
-407
-554
-617
-799
-1159
-1305
-1287
-1379
-1584
-1868
-2082
-1997
-1833
-2032
-2181
-1909
-1894
-2257
-2066
-1848
-1904
-1365
-1350
-2127
-1767
-994
-1418
-1387
-717
-1038
-1289
-729
-881
-1042
-518
-519
-991
-905
-417
-471
-840
-761
-543
-695
-678
-544
-813
-759
-475
-819
-983
-526
-232
-452
-489
-291
-75
121
225
211
452
964
1053
846
999
1374
1313
1319
1590
1684
1665
1667
1583
1817
2135
1996
1773
1856
2143
2195
1992
1936
2143
2221
2101
1901
1885
2076
2080
1753
1662
1660
1496
1317
1239
1190
1033
835
566
421
436
408
78
-179
-219
-314
-683
-938
-863
-993
-1287
-1425
-1584
-1619
-1667
-1819
-1950
-1970
-1800
-1857
-2032
-2063
-1976
-1728
-1355
-1666
-1762
-1397
-1476
-1581
-1357
-1303
-1268
-1061
-897
-1102
-1219
-1019
-1038
-1224
-1050
-775
-927
-861
-876
-1116
-1212
-965
-803
-1086
-1184
-1176
-1325
-1165
-782
-844
-1092
-786
-618
-637
-517
-252
-33
337
699
588
451
722
1127
1268
1400
1454
1379
1526
1842
1968
2078
2122
2174
2238
2377
2472
2486
2541
2726
2837
2731
2646
2633
2711
2768
2697
2466
2302
2185
2185
2195
1988
1714
1542
1394
1140
861
640
558
464
128
-251
-441
-630
-876
-926
-1129
-1483
-1612
-1695
-1956
-2058
-1958
-2005
-2443
-2727
-2285
-2299
-2491
-2074
-2143
-2416
-2046
-2104
-2288
-1923
-1792
-1696
-1548
-1658
-1678
-1647
-1562
-1349
-1202
-1527
-1588
-1206
-1127
-1241
-1318
-1518
-1410
-839
-1091
-1479
-1229
-1031
-1123
-1260
-1149
-1030
-711
-588
-655
-641
-323
31
54
239
757
1030
844
991
1282
1453
1649
1825
1900
2093
2182
2141
2324
2673
2878
2620
2517
2764
3014
2899
2813
2896
3076
3164
2851
2700
2767
2835
2757
2413
2210
2239
2104
1684
1570
1510
1205
936
688
486
340
183
-192
-453
-514
-735
-1232
-1394
-1382
-1672
-2017
-2180
-2331
-2358
-2425
-2667
-2511
-2506
-2578
-2464
-2699
-2719
-2127
-2327
-2495
-1961
-2229
-2491
-1700
-1740
-2099
-1555
-1570
-1786
-1407
-1180
-1385
-1443
-1382
-1200
-1169
-1165
-972
-1218
-1281
-920
-766
-856
-828
-736
-833
-731
-694
-548
-292
-298
-248
-122
27
288
590
574
857
1312
1438
1472
1490
1744
2046
2142
2127
2282
2244
2222
2291
2385
2487
2589
2477
2421
2559
2635
2571
2413
2466
2602
2562
2336
2201
2190
2250
2100
1838
1672
1650
1565
1424
1213
993
904
739
417
211
75
-108
-353
-623
-841
-945
-1104
-1350
-1575
-1698
-1766
-2156
-2228
-2159
-2291
-2373
-2469
-2652
-2695
-2409
-2352
-2504
-2346
-2256
-2263
-2079
-1979
-2160
-1850
-1582
-1789
-1564
-1502
-1532
-1206
-1138
-1247
-1010
-1214
-1046
-629
-758
-622
-762
-997
-579
-248
-416
-512
-492
-662
-459
-347
-296
-54
47
-18
167
357
464
581
650
1075
1295
1152
984
1182
1511
1839
1809
1617
1769
1980
1931
1920
2106
2225
2155
1975
2010
2163
2133
2124
2144
2182
2306
2139
1958
2054
2262
2200
1891
1697
1738
1632
1504
1507
1316
1064
950
773
591
672
556
110
-124
-154
-392
-826
-1101
-1063
-1175
-1556
-1854
-2099
-2313
-2125
-1974
-2420
-2526
-2411
-2597
-2567
-2365
-2351
-2416
-2362
-2128
-2125
-2194
-1989
-1973
-1732
-1568
-1620
-1281
-1255
-1458
-1226
-1130
-1160
-949
-703
-905
-1081
-691
-722
-896
-529
-404
-600
-704
-730
-643
-524
-395
-96
-170
-343
85
194
140
470
780
958
1183
1293
1288
1394
1613
1802
1757
1796
1918
1912
1824
1981
2145
2192
2180
2095
2139
2305
2389
2335
2320
2349
2396
2237
2043
2205
2269
2156
2021
1841
1703
1715
1768
1569
1352
1240
1081
766
526
490
341
5
-246
-453
-731
-1023
-1119
-1251
-1440
-1702
-1938
-2192
-2349
-2247
-2219
-2671
-2821
-2555
-2594
-2660
-2803
-2662
-2395
-2251
-2234
-2213
-2313
-2067
-1712
-1815
-1732
-1515
-1249
-1222
-981
-1029
-1370
-925
-553
-588
-635
-819
-812
-429
-248
-517
-627
-526
-364
-413
-497
-414
-17
184
14
1
142
401
530
634
860
1224
1275
1172
1226
1466
1806
1735
1630
1810
2029
1960
1752
1861
2265
2339
1974
1845
2003
2273
2340
2160
1991
2185
2327
1998
1819
2000
2118
1939
1661
1549
1510
1482
1369
1213
1090
928
538
150
323
330
-97
-356
-515
-641
-742
-1092
-1434
-1550
-1399
-1479
-2196
-2486
-2116
-2138
-2413
-2317
-2462
-2560
-2115
-2121
-2324
-2214
-2090
-2064
-1695
-1486
-1626
-1510
-1420
-1284
-870
-967
-1368
-824
-705
-921
-596
-858
-826
-309
-663
-1071
-763
-609
-471
-435
-797
-938
-770
-678
-566
-494
-408
-318
-424
-340
71
148
145
548
869
900
973
995
1145
1583
1686
1548
1543
1801
1961
1844
1764
2118
2436
2187
2017
2078
2304
2445
2296
2228
2326
2331
2114
1951
2027
2251
2064
1720
1600
1544
1460
1362
1142
984
923
570
210
120
235
52
-396
-663
-681
-798
-1044
-1237
-1366
-1375
-1545
-1958
-2082
-2046
-2176
-2179
-2128
-2365
-2296
-1950
-2385
-2412
-1670
-1814
-1909
-1570
-1704
-1583
-1247
-1261
-1183
-1114
-927
-778
-1022
-1014
-839
-689
-778
-602
-676
-1252
-962
-500
-656
-756
-714
-954
-998
-769
-812
-833
-558
-322
-487
-558
-98
156
119
375
815
979
914
929
1104
1395
1777
1638
1356
1653
2150
1937
1679
2003
2255
2366
2177
1887
2012
2303
2285
2059
1942
2022
2089
1862
1705
1926
1996
1693
1466
1439
1413
1271
1090
995
994
890
472
267
365
455
158
-274
-357
-278
-497
-897
-1031
-990
-1072
-1294
-1782
-1967
-1776
-1687
-1900
-2100
-2037
-1836
-1986
-2152
-1711
-1853
-1950
-1591
-1630
-1887
-1587
-1541
-1468
-995
-1065
-1409
-1389
-964
-993
-1164
-1055
-946
-844
-935
-1288
-1360
-1046
-750
-749
-1270
-1568
-1190
-1052
-1117
-833
-687
-989
-749
-391
-408
-231
194
442
721
1006
823
738
1162
1789
1767
1431
1470
1862
2045
1996
1956
2009
2208
2315
2114
1931
2228
2496
2383
2252
2349
2297
2051
1995
2148
2188
2025
1780
1624
1646
1692
1526
1279
1335
1364
1030
624
705
763
562
356
12
-235
-186
-325
-706
-792
-744
-1052
-1419
-1558
-1629
-1617
-1828
-2020
-2062
-2049
-2138
-2060
-2043
-2099
-2167
-2122
-1801
-1746
-1907
-1988
-1672
-1382
-1385
-1536
-1665
-1480
-1153
-1534
-1631
-1256
-1076
-1175
-1624
-1826
-1260
-1126
-1405
-1378
-1321
-1354
-1585
-1673
-1384
-746
-763
-1186
-1164
-601
-25
-174
-302
297
1033
982
500
744
1450
1927
1743
1501
1861
2308
2438
2139
2049
2680
2934
2328
2236
2706
2892
2913
2665
2588
2879
2784
2341
2155
2395
2595
2317
1779
1788
2066
1844
1508
1353
1419
1321
718
364
620
759
412
-95
-370
-310
-265
-697
-1105
-885
-901
-1312
-1668
-1846
-1819
-1732
-1999
-2308
-2235
-2180
-2405
-2335
-2139
-2184
-1938
-2107
-2127
-1805
-1829
-2031
-1925
-1582
-1350
-1492
-1747
-1612
-1602
-1536
-1358
-1335
-1444
-1585
-1748
-1735
-1403
-1451
-1483
-1430
-1717
-1720
-1654
-1702
-1350
-653
-849
-1296
-854
-357
-141
-62
318
767
1055
1112
1022
1211
1943
2334
1977
1867
2339
2588
2459
2532
2682
3031
2926
2598
2602
2820
3048
2930
2651
2720
2933
2570
2250
2347
2502
2449
2037
1684
1703
1707
1516
1201
1034
1013
881
335
113
363
394
-15
-395
-503
-601
-732
-938
-1133
-1213
-1248
-1528
-1918
-1922
-1756
-1943
-2060
-1933
-2184
-2308
-2090
-2315
-2144
-1715
-2039
-2235
-1833
-1650
-1738
-1630
-1607
-1578
-1285
-1346
-1570
-1759
-1530
-1224
-1218
-1399
-1516
-1868
-1750
-1157
-1310
-1577
-1436
-1490
-1695
-1463
-1427
-1305
-801
-896
-1078
-747
-441
-157
18
170
725
1049
737
837
1378
1919
2148
1789
1629
2377
2672
2252
2238
2506
2972
3047
2404
2130
2744
3047
2792
2447
2411
2682
2536
2071
2040
2243
2184
1935
1534
1472
1591
1415
1079
955
943
848
345
68
405
431
-79
-406
-365
-415
-466
-698
-1012
-963
-870
-1160
-1509
-1662
-1513
-1405
-1793
-1910
-1675
-1818
-1951
-1736
-1803
-1719
-1567
-1896
-1945
-1427
-1548
-1907
-1588
-1423
-1340
-1306
-1804
-2143
-1646
-1211
-1225
-1617
-1970
-1932
-1716
-1518
-1618
-1795
-1669
-1620
-1727
-1809
-1739
-1253
-893
-1151
-1237
-841
-440
-193
-99
276
888
1152
942
805
1324
2214
2385
1899
1855
2371
2455
2355
2391
2530
2898
2924
2561
2264
2582
2865
2588
2471
2661
2506
2005
1907
2104
2172
1992
1616
1267
1405
1574
1278
933
1053
1162
812
354
222
340
404
237
-136
-359
-306
-396
-636
-680
-682
-869
-1206
-1258
-1216
-1315
-1476
-1622
-1725
-1578
-1454
-1935
-2008
-1603
-1594
-1677
-1792
-2050
-1747
-1288
-1663
-1881
-1517
-1443
-1488
-1439
-2062
-2265
-1444
-1056
-1449
-1887
-2156
-2006
-1393
-1445
-1818
-1772
-1471
-1487
-1717
-1844
-1539
-845
-766
-1176
-1041
-429
-137
-177
46
701
1196
988
714
903
1720
2451
2126
1633
1947
2401
2304
2239
2424
2686
2772
2529
2203
2376
2640
2567
2352
2476
2573
2194
1778
1913
2316
2259
1853
1380
1414
1572
1436
1082
957
1101
1015
560
213
264
430
382
11
-203
-239
-324
-443
-585
-588
-616
-1041
-1321
-1244
-1290
-1253
-1327
-1619
-1464
-1369
-1820
-1828
-1651
-1428
-1204
-1746
-1914
-1466
-1567
-1561
-1446
-1768
-1321
-977
-1705
-2105
-1767
-1308
-1193
-1234
-1569
-2149
-2003
-1472
-1586
-1788
-1548
-1446
-1890
-2010
-1684
-1621
-1264
-882
-1159
-1298
-681
-443
-463
-104
521
899
684
498
812
1379
1855
1963
1769
1849
2171
2081
1855
2259
2720
2653
2321
2088
2291
2614
2572
2449
2487
2549
2407
2014
1843
2225
2458
2067
1660
1544
1605
1538
1268
1246
1378
1235
799
422
418
638
569
178
-89
-189
-311
-511
-665
-602
-541
-877
-1196
-1306
-1334
-1406
-1500
-1549
-1582
-1725
-1906
-1799
-1781
-1666
-1562
-1831
-1765
-1424
-1602
-1908
-1449
-1263
-1385
-1218
-1401
-1802
-1751
-1507
-1501
-1306
-1188
-1638
-2251
-1882
-1277
-1475
-1646
-1551
-1711
-1861
-1625
-1689
-1561
-846
-852
-1255
-904
-343
-237
-117
262
807
1052
807
665
1152
1806
2026
1829
1769
2190
2447
2148
1892
2515
3030
2760
2294
2163
2402
2587
2487
2213
2316
2495
2148
1719
1820
2185
2128
1648
1356
1388
1438
1174
876
973
1031
765
262
5
252
402
160
-219
-261
-252
-516
-769
-733
-576
-632
-1006
-1381
-1347
-1194
-1322
-1526
-1478
-1459
-1528
-1677
-1699
-1607
-1561
-1389
-1375
-1476
-1523
-1545
-1612
-1429
-1004
-1070
-1556
-1499
-1412
-1813
-1425
-1068
-1244
-1265
-1711
-2020
-1449
-1348
-1562
-1429
-1406
-1535
-1641
-1786
-1626
-782
-560
-1152
-1117
-578
-181
-156
-192
401
1098
1077
586
650
1307
2038
2036
1595
1802
2227
2065
1814
2108
2571
2720
2338
1924
2081
2373
2226
2058
2095
2420
2192
1527
1448
1884
2049
1717
1276
1079
1283
1215
905
828
1073
1008
513
158
245
487
404
81
-78
13
-72
-350
-584
-449
-350
-529
-820
-1052
-1075
-1031
-1158
-1315
-1154
-1207
-1423
-1589
-1573
-1375
-1398
-1370
-1387
-1570
-1491
-1362
-1587
-1487
-1218
-1409
-1364
-1349
-1874
-1863
-1202
-1177
-1293
-1566
-2195
-1809
-1104
-1437
-1739
-1504
-1409
-1459
-1677
-1772
-1270
-554
-690
-1105
-924
-463
-54
-147
56
870
1278
926
563
828
1632
2054
1760
1529
1862
2073
1845
1699
2064
2591
2478
1951
1593
2012
2269
2040
1951
2036
2159
1842
1370
1330
1759
2018
1634
1147
1150
1323
1147
942
1045
1147
953
589
349
414
580
538
292
85
76
-68
-386
-437
-179
-217
-556
-902
-1013
-829
-944
-1233
-1186
-1124
-1431
-1410
-1558
-1681
-1108
-1023
-1624
-1864
-1532
-1347
-1576
-1542
-1259
-1401
-1409
-1239
-1965
-2230
-1281
-1137
-1523
-1497
-1868
-2149
-1555
-1360
-1601
-1550
-1502
-1696
-1818
-1738
-1455
-951
-923
-1018
-862
-692
-374
-150
-33
541
1060
949
625
821
1349
1836
1908
1689
1775
1912
1866
1915
2160
2332
2400
2185
1849
1987
2286
2142
2029
2205
2273
1984
1596
1559
1839
2008
1812
1389
1148
1288
1349
1101
1076
1196
980
692
463
375
450
542
325
183
61
-193
-342
-368
-369
-349
-497
-812
-961
-960
-1055
-1154
-1107
-1259
-1400
-1548
-1502
-1349
-1522
-1575
-1430
-1441
-1406
-1451
-1710
-1629
-1110
-973
-1459
-1602
-1712
-1814
-1475
-1284
-1570
-1571
-1682
-2008
-1692
-1478
-1650
-1530
-1506
-1709
-1615
-1646
-1541
-907
-782
-1077
-800
-653
-489
-132
17
352
945
1032
726
849
1271
1716
1819
1713
1908
2008
1712
1720
1997
2373
2431
2055
1787
2005
2279
2109
1843
1903
2309
2110
1494
1352
1700
1902
1753
1364
1147
1241
1267
1034
938
1113
1059
715
346
493
624
458
285
173
213
129
-161
-438
-429
-225
-399
-790
-1038
-972
-994
-1223
-1227
-1077
-1206
-1470
-1428
-1565
-1430
-1030
-1494
-1800
-1175
-1367
-1744
-1416
-1418
-1272
-1115
-1566
-1956
-1818
-1416
-1259
-1432
-1524
-1613
-1911
-1910
-1586
-1470
-1455
-1538
-1754
-1805
-1568
-1445
-1269
-1060
-950
-622
-503
-529
-217
157
534
1027
1065
866
999
1391
1623
1755
1973
2056
2027
1917
1883
2015
2355
2397
2089
1906
2084
2144
1917
1879
2067
2071
1950
1593
1331
1592
1814
1612
1262
1196
1146
1090
960
883
952
846
462
326
433
373
288
230
129
74
54
-235
-403
-318
-230
-377
-650
-846
-824
-999
-1071
-999
-1182
-1183
-1350
-1492
-1301
-1274
-1592
-1422
-1191
-1396
-1399
-1500
-1789
-1559
-1019
-1345
-1806
-1740
-1824
-1702
-1491
-1525
-1609
-1811
-1970
-1730
-1702
-1708
-1329
-1526
-1872
-1485
-1388
-1537
-1024
-852
-974
-509
-283
-355
-103
225
612
1039
1119
1010
1125
1352
1645
1892
1962
2040
2106
1892
1810
2172
2421
2238
2136
2055
2081
2148
1962
1830
1949
2122
1985
1469
1166
1449
1669
1446
1185
1051
959
982
851
707
758
729
515
283
246
267
168
113
186
110
-112
-323
-403
-308
-108
-355
-757
-789
-760
-888
-929
-1099
-1075
-850
-1183
-1354
-1133
-1149
-1394
-1229
-1243
-1341
-1201
-1407
-1782
-1365
-874
-1202
-1634
-2054
-1714
-1128
-1257
-1536
-1806
-1966
-1577
-1425
-2026
-1806
-1252
-1561
-1705
-1599
-1672
-1237
-788
-1167
-1084
-449
-324
-329
-174
265
942
1076
711
861
1257
1671
1787
1399
1606
2361
2194
1639
1702
1971
2444
2395
1760
1709
2203
2134
1818
1612
1717
2011
1775
1170
1204
1541
1456
1177
788
880
1088
762
363
537
728
618
281
4
208
431
173
-159
-114
73
81
-251
-443
-267
-110
-342
-574
-726
-606
-527
-841
-848
-685
-888
-1087
-1066
-1074
-875
-924
-1337
-1225
-981
-1072
-1266
-1504
-1313
-901
-1016
-1768
-1921
-1344
-1072
-1207
-1571
-1896
-1799
-1294
-1599
-1967
-1587
-1221
-1522
-1923
-1697
-1362
-982
-903
-1215
-957
-308
-229
-425
-256
537
1113
953
610
876
1448
1763
1569
1322
1794
2417
2050
1541
1744
2232
2357
2037
1625
1728
2189
1866
1509
1523
1837
1830
1335
1001
1204
1447
1167
809
683
835
845
452
308
660
684
362
99
61
250
323
-12
-149
105
211
19
-306
-365
-38
-40
-390
-484
-482
-581
-638
-709
-806
-842
-948
-979
-1033
-889
-793
-1124
-1386
-951
-706
-1165
-1366
-1080
-1067
-1022
-956
-1840
-1771
-969
-957
-1358
-1681
-1888
-1706
-1444
-1746
-1657
-1461
-1545
-1625
-1704
-1726
-1247
-843
-1193
-1243
-625
-426
-399
-275
27
671
994
762
520
889
1584
1796
1253
1177
1969
2146
1635
1479
1589
1927
2228
1849
1272
1541
2112
1904
1342
1327
1604
1448
1190
1148
1136
1174
1124
805
671
907
986
626
506
793
782
449
236
387
572
585
338
140
258
461
296
12
-6
166
156
-280
-451
-258
-308
-543
-628
-686
-683
-733
-967
-1067
-855
-647
-1009
-1443
-1107
-774
-1025
-1218
-1230
-1349
-1064
-1147
-1979
-1885
-1216
-1139
-1569
-1942
-2209
-1745
-1409
-1757
-1802
-1780
-1824
-1748
-1867
-1866
-1069
-908
-1482
-1139
-579
-477
-302
-287
224
994
987
597
546
1240
1933
1801
1260
1452
2024
2014
1701
1568
1877
2193
1930
1460
1478
1895
1898
1543
1321
1496
1618
1268
946
1130
1436
1219
749
540
767
888
712
447
394
554
528
252
120
426
613
368
64
114
325
273
6
40
162
110
-157
-414
-361
-125
-225
-559
-661
-644
-640
-641
-840
-1041
-770
-857
-1147
-1027
-831
-929
-1139
-988
-987
-1245
-1220
-1433
-1681
-1349
-1284
-1462
-1487
-1832
-1947
-1673
-1742
-1631
-1413
-1893
-2061
-1659
-1588
-1444
-1101
-1335
-1287
-663
-551
-466
-197
5
525
865
699
631
973
1359
1753
1671
1502
1822
1975
1926
1950
1843
1995
2101
1804
1648
1749
1877
1758
1587
1517
1556
1392
1162
1095
1162
1217
963
643
629
649
567
569
471
287
305
287
22
98
348
242
40
44
104
51
-40
-141
-136
-16
-109
-289
-463
-364
-159
-337
-605
-654
-628
-616
-646
-937
-792
-644
-904
-820
-852
-990
-723
-922
-1112
-862
-1022
-1135
-1286
-1683
-1387
-1090
-1302
-1323
-1675
-2088
-1656
-1387
-1719
-1534
-1596
-1959
-1624
-1435
-1632
-1188
-1042
-1282
-678
-485
-524
-172
21
449
1011
859
569
876
1245
1723
1771
1373
1597
1961
2039
1944
1707
1832
2094
1840
1649
1694
1580
1582
1635
1353
1380
1448
1005
820
1099
1154
940
613
485
644
677
507
378
277
315
399
45
2
353
342
127
102
73
79
141
17
28
265
100
-157
-280
-277
12
-74
-524
-600
-494
-579
-656
-862
-802
-788
-838
-795
-974
-1090
-1034
-1148
-1120
-1006
-1113
-1288
-1379
-1427
-1594
-1402
-1444
-1484
-1178
-1716
-2061
-1460
-1421
-1476
-1315
-1753
-1822
-1315
-1353
-1288
-979
-1192
-827
-330
-450
-193
86
138
732
1167
811
739
1112
1516
1941
1665
1335
1756
1835
1959
2002
1549
1749
2116
1655
1562
1688
1449
1437
1505
1321
1349
1179
731
901
1058
1021
765
396
414
766
556
295
346
346
429
272
-7
120
352
227
194
140
59
108
65
-95
83
101
-210
-206
-249
-188
-101
-500
-637
-481
-606
-776
-625
-914
-1039
-812
-1021
-1162
-987
-936
-1129
-1039
-1103
-996
-1179
-1138
-964
-1481
-1582
-1199
-1167
-1288
-1072
-1673
-1970
-1130
-1047
-1291
-1310
-1577
-1456
-1139
-1115
-1046
-999
-1127
-593
-247
-512
-201
10
94
788
1088
556
438
970
1443
1718
1465
1290
1637
1692
1608
1586
1395
1631
2055
1612
1260
1393
1368
1209
1212
1416
1285
934
778
944
954
997
930
495
520
812
655
330
433
586
558
374
301
412
400
410
498
375
264
392
249
109
335
288
-36
-87
-263
-259
-175
-456
-490
-497
-723
-858
-760
-1031
-995
-702
-931
-979
-1053
-1257
-1114
-848
-916
-988
-1177
-1228
-897
-1185
-1503
-1320
-1083
-1069
-997
-1350
-1857
-1387
-936
-986
-1111
-1403
-1684
-1560
-1411
-1169
-883
-1042
-1214
-871
-649
-614
-335
-198
181
735
771
378
390
1000
1478
1591
1302
1261
1445
1428
1582
1844
1756
1724
1753
1335
1286
1604
1421
1369
1535
1549
1282
882
929
1161
1223
1173
883
542
633
824
707
622
727
650
380
283
338
374
414
403
381
197
150
101
15
100
208
56
-286
-399
-483
-391
-389
-490
-602
-800
-950
-785
-832
-911
-671
-837
-1038
-983
-1119
-1222
-869
-740
-934
-1023
-1118
-1228
-948
-878
-1246
-1140
-963
-1062
-1070
-1373
-1645
-1287
-966
-979
-1096
-1623
-1878
-1624
-955
-433
-800
-1219
-1419
-1013
-136
183
-452
-287
588
928
707
322
504
1302
2023
1653
905
884
1576
1975
1566
1437
1731
1492
1121
1245
1230
1359
1550
1078
863
1133
1008
531
514
1020
1353
858
198
343
768
976
931
530
373
686
628
311
439
814
833
532
366
494
574
398
414
458
382
230
-142
-447
-120
282
-72
-593
-741
-650
-689
-788
-1013
-1090
-669
-713
-1207
-1333
-1296
-1169
-804
-893
-1242
-1079
-1166
-1360
-1044
-851
-1342
-1446
-1076
-1136
-1029
-1171
-1588
-1398
-907
-760
-1125
-1466
-1420
-1177
-963
-885
-808
-963
-986
-674
-522
-454
-291
-199
-46
458
634
306
268
679
1151
1281
846
727
1017
1104
1301
1401
1193
1207
1336
1090
988
1311
1309
1122
1146
1275
1254
1039
1022
1209
1291
1291
1053
766
899
1235
1309
1067
943
886
880
813
845
888
953
851
689
563
493
532
508
458
329
180
-100
-303
-338
-199
-175
-457
-696
-988
-1096
-781
-695
-891
-1025
-1075
-1165
-1155
-1116
-1143
-1148
-1009
-1064
-1279
-1217
-1050
-1033
-1019
-996
-1215
-1219
-1132
-1043
-1044
-1274
-1389
-1231
-1028
-910
-1112
-1520
-1522
-1056
-816
-1019
-1127
-1189
-1018
-631
-560
-618
-448
-104
184
318
294
302
428
731
978
975
765
748
955
1056
1100
1163
1171
1022
1043
1077
986
1065
1241
1202
1030
1082
1054
921
1021
1239
1213
1056
1041
1056
1121
1302
1335
1175
1066
1130
1141
1048
1145
1198
1087
1012
961
836
772
727
682
563
418
237
51
-161
-157
27
-157
-500
-799
-848
-875
-861
-829
-1129
-1203
-924
-1009
-1324
-1406
-1278
-1084
-1020
-1206
-1282
-1314
-1101
-1045
-1081
-1404
-1449
-1026
-1134
-1108
-1095
-1443
-1573
-930
-767
-1053
-1189
-1507
-1521
-1146
-886
-1034
-1067
-953
-931
-816
-692
-552
-367
-173
100
239
132
201
388
610
852
787
593
743
1002
964
980
867
978
1294
1184
867
955
1085
1169
1326
1094
982
1080
1285
1324
1280
1242
1308
1265
1213
1409
1397
1362
1387
1289
1170
1265
1230
1039
1081
1176
1054
907
667
706
837
707
494
200
-34
12
234
4
-303
-480
-555
-562
-604
-829
-1089
-1092
-826
-777
-1295
-1442
-1027
-1051
-1066
-980
-1459
-1240
-592
-1050
-1482
-1018
-1006
-1231
-1175
-1328
-1264
-906
-1073
-1643
-1643
-1079
-867
-1257
-1448
-1403
-1542
-1603
-1335
-1300
-1204
-920
-1141
-1276
-791
-575
-728
-514
-127
256
200
-94
90
585
846
795
604
676
965
1041
982
1028
1149
1353
1149
885
1126
1364
1182
1184
1428
1423
1415
1289
1250
1487
1723
1628
1352
1244
1548
1764
1472
1325
1525
1456
1321
1283
1193
1168
1258
1189
957
845
744
672
517
549
470
153
-145
-155
-72
-158
-362
-607
-667
-789
-852
-862
-1132
-1075
-817
-1196
-1242
-936
-1145
-1311
-1256
-1185
-1164
-950
-1144
-1599
-1378
-954
-1034
-1368
-1450
-1222
-982
-1104
-1366
-1762
-1570
-924
-968
-1483
-1615
-1444
-1490
-1378
-1245
-1217
-1100
-1111
-1110
-999
-760
-615
-526
-393
-82
151
-32
-112
268
683
731
512
438
701
933
1014
990
1040
1066
1234
1169
1025
1363
1541
1389
1449
1629
1540
1504
1576
1698
1804
1741
1559
1394
1492
1781
1712
1413
1404
1472
1361
1311
1309
1236
1191
1112
905
762
788
675
519
354
343
211
-60
-223
-137
30
-325
-612
-725
-728
-643
-819
-1053
-1020
-795
-876
-1108
-1345
-1160
-793
-960
-1226
-1113
-1050
-1207
-1198
-1309
-1308
-975
-1181
-1579
-1533
-1071
-1056
-1360
-1678
-1734
-1289
-1284
-1458
-1457
-1431
-1427
-1369
-1475
-1457
-1125
-1004
-1153
-1052
-880
-747
-749
-643
-265
2
9
-87
60
235
535
606
436
521
886
983
846
943
1191
1274
1322
1366
1350
1454
1583
1639
1694
1773
1734
1698
1691
1896
1983
1810
1686
1773
1866
1756
1702
1595
1646
1702
1552
1303
1193
1309
1318
1082
825
756
710
563
436
312
219
99
-131
-276
-258
-268
-483
-689
-797
-863
-739
-825
-1145
-1076
-1001
-1103
-1110
-1381
-1518
-1121
-1115
-1377
-1378
-1541
-1591
-1288
-1265
-1591
-1583
-1412
-1483
-1599
-1499
-1501
-1558
-1484
-1506
-1590
-1560
-1342
-1284
-1477
-1446
-1398
-1450
-1219
-1015
-983
-1008
-941
-937
-828
-608
-432
-236
-70
124
147
105
234
503
696
727
700
932
1089
1111
1263
1316
1387
1663
1669
1455
1614
1865
1886
1841
1909
1955
1907
1846
1829
1878
1984
2091
1884
1605
1759
1906
1688
1581
1579
1445
1389
1302
1208
1124
1034
913
724
571
497
439
179
99
-7
-182
-321
-438
-464
-474
-734
-987
-836
-841
-1005
-1070
-1145
-1204
-1112
-1152
-1450
-1493
-1195
-1187
-1464
-1486
-1486
-1472
-1368
-1505
-1622
-1472
-1489
-1546
-1620
-1695
-1581
-1519
-1615
-1610
-1577
-1577
-1445
-1402
-1369
-1335
-1318
-1321
-1308
-1213
-1078
-935
-875
-789
-638
-589
-431
-159
-36
88
230
290
371
497
620
642
775
998
1034
1087
1185
1285
1456
1635
1598
1642
1742
1778
1934
1993
1998
2042
2057
1978
2034
2112
2061
2002
1958
1981
2000
1917
1803
1779
1771
1731
1579
1360
1234
1215
1140
936
687
511
418
334
169
12
-167
-359
-369
-476
-715
-780
-900
-969
-867
-1044
-1287
-1318
-1405
-1413
-1338
-1501
-1587
-1592
-1742
-1726
-1510
-1646
-1738
-1709
-1854
-1736
-1552
-1777
-1835
-1556
-1510
-1536
-1673
-1868
-1696
-1434
-1460
-1433
-1410
-1435
-1277
-1141
-1235
-1141
-862
-925
-862
-683
-683
-545
-401
-222
-44
-44
-47
157
359
544
754
622
520
811
944
933
1097
1134
1069
1285
1471
1395
1489
1623
1641
1710
1798
1868
1870
1919
2004
2116
2129
2045
2007
1974
2146
2194
2070
1981
1905
1922
1956
1885
1725
1690
1579
1440
1287
1051
939
899
834
641
376
102
-44
-27
-162
-418
-662
-880
-994
-996
-1160
-1325
-1339
-1551
-1716
-1678
-1700
-1821
-1937
-1976
-1911
-1945
-2062
-2094
-2179
-2101
-1901
-2132
-2187
-1983
-1972
-2022
-1934
-1922
-1868
-1664
-1759
-1810
-1735
-1486
-1247
-1322
-1351
-1233
-1156
-1059
-851
-806
-784
-543
-415
-382
-235
-42
173
313
320
406
560
602
686
874
990
1045
1146
1178
1167
1288
1488
1490
1386
1485
1593
1572
1669
1781
1747
1746
1821
1897
1932
1958
2005
2035
2079
2108
1982
1851
1988
2090
2010
1958
1928
1876
1853
1817
1655
1554
1445
1273
1178
969
789
669
528
342
180
-36
-313
-406
-443
-592
-932
-1124
-1228
-1474
-1426
-1440
-1872
-1955
-1792
-1967
-2049
-2012
-2254
-2300
-2109
-2130
-2325
-2411
-2277
-2257
-2242
-2170
-2297
-2379
-2135
-1957
-2025
-1897
-1809
-1808
-1678
-1519
-1379
-1318
-1357
-1238
-919
-810
-829
-729
-683
-466
-73
-27
-177
-49
294
461
467
501
675
745
802
992
962
978
1224
1269
1224
1386
1517
1366
1332
1588
1714
1665
1615
1627
1690
1840
1919
1882
1844
1975
2133
2081
2039
2156
2211
2159
2212
2202
2168
2087
1965
1930
1919
1869
1683
1491
1396
1375
1198
936
810
674
595
376
86
-105
-257
-339
-516
-768
-914
-1058
-1282
-1383
-1496
-1693
-1763
-1933
-2077
-2009
-2074
-2192
-2307
-2389
-2364
-2290
-2362
-2510
-2474
-2418
-2443
-2473
-2449
-2435
-2291
-2083
-2170
-2150
-1964
-1835
-1718
-1606
-1503
-1352
-1278
-1109
-833
-839
-735
-466
-368
-296
-49
38
-17
219
440
474
549
663
748
890
971
993
1065
1103
1241
1381
1290
1350
1487
1485
1550
1618
1590
1549
1657
1772
1807
1797
1820
1938
1954
2028
2110
2044
2013
2117
2144
2078
2104
2045
1998
1974
1897
1779
1680
1647
1581
1421
1260
1156
1019
881
739
504
378
212
34
-105
-255
-446
-608
-736
-915
-1082
-1219
-1377
-1511
-1529
-1772
-1939
-1967
-1995
-2008
-2106
-2267
-2275
-2236
-2280
-2266
-2405
-2481
-2286
-2257
-2227
-2230
-2246
-2145
-1989
-1930
-1908
-1795
-1808
-1621
-1435
-1352
-1224
-1101
-1070
-879
-594
-546
-438
-260
-81
57
123
199
300
480
623
654
675
854
977
998
1126
1163
1180
1293
1396
1413
1438
1472
1391
1407
1568
1599
1550
1497
1573
1581
1584
1584
1517
1565
1633
1655
1479
1493
1583
1573
1568
1478
1437
1425
1404
1337
1298
1262
1221
1177
1023
946
944
831
679
622
553
391
251
157
83
22
-62
-218
-385
-416
-469
-629
-872
-958
-956
-1025
-1106
-1300
-1429
-1529
-1544
-1629
-1773
-1793
-1888
-1933
-1967
-1922
-1898
-2043
-2090
-1988
-1984
-1973
-1944
-2060
-1979
-1739
-1729
-1819
-1669
-1548
-1480
-1333
-1234
-1201
-998
-866
-819
-662
-501
-303
-259
-155
49
148
196
301
478
578
743
819
855
976
1074
1225
1263
1356
1469
1508
1523
1538
1600
1586
1640
1609
1585
1584
1625
1663
1604
1640
1604
1554
1444
1397
1385
1343
1308
1230
1177
1094
1047
1010
974
942
898
798
680
580
527
424
386
358
266
185
119
57
8
21
-69
-127
-234
-301
-282
-331
-407
-426
-501
-629
-632
-735
-879
-835
-890
-1036
-1069
-1201
-1371
-1308
-1333
-1423
-1448
-1585
-1609
-1548
-1535
-1552
-1535
-1641
-1611
-1601
-1607
-1456
-1376
-1309
-1283
-1309
-1291
-1168
-1063
-922
-845
-836
-639
-612
-627
-399
-272
-218
-74
-66
-1
246
349
429
504
601
714
845
799
859
1108
1138
1184
1261
1265
1341
1496
1557
1542
1545
1546
1562
1506
1539
1602
1510
1428
1379
1267
1220
1217
1132
960
887
828
716
596
526
476
380
310
240
139
92
92
-5
-79
-109
-134
-208
-243
-276
-290
-283
-355
-390
-401
-398
-407
-396
-410
-450
-453
-503
-532
-512
-491
-552
-602
-593
-623
-647
-684
-708
-660
-677
-748
-682
-687
-789
-713
-760
-853
-693
-740
-858
-755
-693
-775
-782
-723
-635
-658
-646
-580
-660
-572
-400
-525
-562
-326
-365
-462
-289
-260
-185
-58
-63
-7
118
159
254
319
307
583
618
462
643
760
700
865
895
871
1005
1040
988
1040
1087
1073
1048
948
968
987
939
912
911
845
782
678
582
559
473
391
290
149
115
94
-48
-118
-84
-209
-269
-291
-371
-416
-435
-444
-496
-510
-504
-479
-526
-514
-447
-437
-436
-390
-399
-416
-396
-393
-386
-350
-285
-334
-327
-260
-205
-188
-169
-138
-158
-131
-107
-78
-66
-91
-2
-23
-49
44
-22
-69
52
-15
-63
-47
-68
14
50
-18
-61
-94
-119
9
13
-9
-63
-108
-13
0
-26
28
-34
-22
165
44
-63
148
127
60
185
142
92
233
229
222
312
286
325
288
242
331
351
277
355
325
248
272
219
206
302
261
158
205
112
114
110
-13
26
29
-116
-196
-208
-330
-367
-370
-479
-483
-475
-537
-601
-585
-586
-585
-625
-667
-634
-642
-584
-588
-563
-550
-516
-489
-419
-282
-240
-202
-155
-70
-19
26
56
78
177
230
238
302
359
422
469
510
516
506
574
639
641
673
652
678
693
685
689
650
643
656
683
636
573
429
501
537
426
437
418
337
300
306
188
169
227
139
-28
3
84
-22
-118
-22
-75
-179
-117
-113
-259
-192
-174
-324
-376
-275
-298
-423
-410
-373
-461
-468
-368
-514
-547
-497
-560
-550
-486
-536
-555
-537
-520
-483
-480
-545
-503
-464
-486
-439
-461
-445
-443
-466
-490
-468
-495
-422
-439
-489
-456
-437
-460
-403
-285
-352
-320
-255
-271
-252
-186
-139
-107
-70
6
47
56
143
251
259
334
410
458
505
578
627
683
786
822
859
925
993
1011
1024
1019
1044
1080
1050
999
1052
1106
1109
1127
1072
977
950
979
928
895
845
784
671
616
580
434
409
416
277
87
24
-4
-66
-144
-246
-376
-421
-458
-590
-659
-663
-703
-795
-863
-947
-932
-962
-1015
-1021
-1105
-1046
-1055
-1207
-1185
-1107
-1118
-1051
-1056
-1158
-1073
-994
-1015
-967
-854
-776
-835
-834
-758
-714
-626
-538
-611
-579
-404
-365
-337
-294
-246
-181
-161
-146
-125
-26
50
83
59
84
188
183
210
331
386
360
380
429
483
602
617
609
680
746
795
782
819
912
988
1014
968
996
1072
1129
1148
1186
1207
1199
1216
1207
1215
1236
1236
1163
1133
1141
1122
1047
1011
990
938
861
768
635
595
532
424
333
245
143
-8
-122
-214
-287
-381
-488
-619
-693
-773
-864
-940
-974
-1048
-1133
-1226
-1299
-1307
-1331
-1321
-1389
-1446
-1451
-1469
-1459
-1382
-1282
-1359
-1373
-1284
-1204
-1172
-1127
-1068
-1036
-929
-829
-886
-871
-692
-603
-593
-521
-477
-481
-376
-248
-218
-178
-88
-71
-41
88
155
178
238
302
350
375
395
405
531
629
633
617
630
670
776
865
872
898
929
926
968
1044
1095
1076
1072
1133
1167
1161
1157
1159
1166
1211
1183
1109
1070
1085
1099
1094
1032
977
952
910
902
845
772
736
654
567
472
388
311
234
177
45
-50
-159
-248
-341
-362
-461
-616
-669
-803
-897
-887
-974
-1085
-1096
-1139
-1224
-1208
-1242
-1391
-1382
-1317
-1299
-1293
-1317
-1350
-1304
-1180
-1171
-1234
-1241
-1111
-992
-956
-982
-1015
-940
-766
-704
-727
-705
-616
-485
-372
-337
-320
-233
-217
-130
86
110
49
117
192
295
412
416
382
464
563
586
561
600
735
748
742
760
770
794
878
858
857
945
945
899
919
955
1041
1046
984
998
1012
1017
1007
988
974
1011
974
909
887
869
836
820
774
749
683
575
533
502
454
377
275
166
147
113
20
-46
-122
-224
-321
-390
-497
-523
-592
-679
-728
-781
-806
-868
-919
-977
-970
-1046
-1075
-1081
-1102
-1092
-1139
-1167
-1155
-1110
-1116
-1129
-1090
-1047
-994
-968
-937
-878
-861
-833
-740
-717
-634
-574
-598
-539
-431
-371
-279
-236
-236
-144
-99
-11
56
105
123
185
223
257
384
388
428
503
542
550
545
581
613
663
678
710
709
771
822
787
828
868
888
888
896
889
899
918
927
924
925
922
834
851
881
885
836
762
715
699
677
584
519
487
464
423
332
289
237
168
104
55
-9
-65
-133
-238
-257
-298
-385
-445
-533
-578
-580
-623
-705
-745
-793
-826
-819
-851
-891
-916
-906
-929
-944
-957
-971
-982
-927
-882
-891
-845
-835
-841
-780
-778
-749
-710
-672
-622
-573
-530
-482
-445
-371
-311
-272
-239
-238
-147
-142
-70
-3
41
88
139
189
202
286
304
365
434
485
496
506
563
603
651
663
703
709
730
782
772
777
792
790
797
790
814
816
768
764
779
749
754
706
615
646
634
580
522
520
474
413
365
323
292
270
244
149
96
56
34
-27
-59
-114
-168
-224
-241
-286
-347
-391
-441
-463
-487
-519
-592
-611
-577
-607
-635
-626
-680
-729
-699
-660
-625
-632
-645
-654
-657
-618
-586
-622
-615
-561
-548
-523
-487
-462
-459
-412
-393
-394
-374
-338
-318
-247
-230
-230
-207
-182
-163
-117
-91
-55
9
20
66
127
136
175
198
264
326
338
384
418
447
508
541
534
529
579
640
676
680
679
701
702
700
692
679
675
703
685
663
665
664
620
581
574
552
500
444
405
398
362
330
263
167
186
92
2
-28
-98
-144
-220
-287
-314
-351
-369
-403
-494
-488
-494
-537
-538
-520
-597
-621
-539
-597
-570
-543
-605
-572
-507
-496
-517
-527
-463
-447
-454
-432
-404
-401
-367
-337
-354
-326
-258
-287
-262
-200
-236
-201
-168
-184
-155
-107
-102
-91
-75
-36
-8
-35
-36
-10
20
46
70
53
58
118
128
132
181
216
241
287
325
354
389
413
424
434
466
490
511
495
532
579
548
553
563
560
583
554
551
523
516
524
503
468
444
420
373
360
327
272
206
174
112
82
51
-18
-35
-57
-121
-139
-207
-269
-253
-278
-327
-345
-360
-398
-374
-399
-422
-426
-438
-444
-477
-472
-453
-461
-466
-458
-433
-446
-444
-446
-438
-380
-396
-411
-369
-324
-269
-250
-305
-288
-213
-157
-163
-186
-142
-145
-155
-133
-111
-118
-113
-101
-142
-58
42
-1
-3
43
43
101
158
92
145
209
215
240
295
367
374
390
449
485
500
508
527
540
540
564
526
496
531
518
409
412
447
383
362
320
250
238
254
165
123
122
91
60
-11
-32
-72
-109
-133
-129
-157
-182
-183
-241
-233
-240
-273
-291
-271
-222
-236
-212
-284
-277
-244
-281
-256
-256
-269
-249
-234
-241
-198
-197
-211
-187
-235
-218
-195
-204
-194
-179
-146
-181
-197
-181
-221
-181
-181
-196
-203
-169
-148
-161
-91
-103
-90
-67
-39
-27
-6
41
55
99
157
151
149
151
190
197
230
239
235
255
265
295
301
324
266
265
310
325
320
304
246
259
262
229
211
180
184
166
117
95
95
60
62
55
32
18
61
56
26
30
13
-43
-19
-11
-28
-59
-71
-72
-73
-36
-32
-86
-65
-38
-65
-51
-65
-102
-76
-60
-48
-68
-85
-73
-59
-91
-109
-125
-176
-133
-144
-162
-170
-160
-164
-186
-168
-201
-190
-148
-148
-182
-188
-223
-227
-170
-169
-185
-183
-181
-173
-149
-148
-148
-122
-116
-90
-60
-21
-14
1
29
57
85
88
93
123
164
215
191
185
230
224
227
280
242
237
245
246
250
219
221
206
225
187
174
136
116
107
111
92
59
41
