-17
-29
-19
-17
-9
-7
-9
-3
-5
-16
-4
5
2
0
0
6
7
0
-2
-8
0
2
1
10
0
6
11
7
1
7
5
1
7
-2
-3
-4
1
2
7
11
4
5
8
-6
-12
-10
-13
-12
-5
-7
-2
-3
-8
-3
7
11
2
10
8
10
1
-2
0
1
2
-1
7
8
16
18
8
3
-1
-10
-20
-23
-27
-19
-15
-17
1
-7
4
11
6
9
5
12
8
2
7
2
0
-3
-7
1
-1
-3
2
-5
0
3
-2
5
-3
-7
-7
-6
-13
-17
-3
-14
-3
2
-2
-11
-8
-13
-17
-7
-8
-4
-4
-3
-2
-1
-1
0
-4
-1
3
2
1
-1
-2
-3
2
-1
0
7
14
23
17
9
9
1
-2
3
-4
-1
-13
-16
-20
-15
-11
-1
2
1
5
9
23
18
26
14
15
22
14
16
7
10
10
-2
-4
-3
4
7
1
-2
5
6
-3
0
2
10
-5
-17
-4
-5
4
-2
-1
-5
-6
1
-8
0
8
14
9
9
14
3
2
5
5
1
-3
-3
-6
-8
-10
-8
-12
0
2
6
21
12
19
27
19
17
11
-2
2
1
-9
-11
-18
-16
-24
-14
-16
3
4
18
14
-2
-1
-22
-30
-32
-28
-22
-21
-21
-21
-24
-10
-7
-12
-2
1
-6
-15
-15
-22
-27
-10
-24
-23
-19
-13
-6
-7
6
14
15
9
8
14
24
24
16
7
12
12
17
15
8
-1
13
4
3
2
-3
5
-4
-1
0
1
-6
-14
-9
-7
9
4
6
6
-1
-3
0
7
9
21
10
10
14
11
6
0
1
2
12
3
11
-1
7
18
19
24
14
7
3
0
-6
6
12
2
10
11
9
6
17
24
26
27
19
22
31
39
28
30
44
30
27
21
13
17
16
10
8
3
-6
-2
-15
-21
-37
-52
-49
-60
-59
-61
-69
-78
-77
-80
-98
-101
-117
-128
-144
-134
-111
-98
-81
-89
-101
-70
-51
-54
-28
-28
9
25
20
33
55
78
101
124
150
160
176
209
230
247
247
236
240
261
246
253
240
204
185
157
113
76
32
-2
-26
-73
-93
-133
-157
-155
-195
-225
-247
-291
-330
-300
-268
-288
-321
-339
-343
-301
-274
-306
-279
-233
-201
-198
-200
-156
-137
-116
-93
-71
-40
13
32
79
150
156
181
220
269
339
377
378
386
441
493
501
487
510
508
511
540
539
527
529
502
465
433
390
307
235
168
81
-24
-120
-193
-287
-354
-417
-491
-559
-595
-660
-681
-682
-712
-744
-747
-751
-721
-683
-648
-594
-558
-534
-485
-436
-370
-326
-291
-213
-165
-134
-69
-15
34
89
104
141
201
245
299
336
374
411
424
455
509
543
591
623
611
636
663
674
714
744
735
739
745
751
761
740
719
702
671
627
549
472
401
326
217
93
-31
-124
-231
-336
-442
-544
-672
-763
-840
-938
-994
-1049
-1100
-1106
-1097
-1122
-1146
-1178
-1142
-1052
-996
-975
-966
-923
-825
-719
-647
-597
-494
-393
-323
-275
-189
-101
14
137
159
203
302
372
457
532
528
581
694
747
791
830
882
949
988
1049
1061
1068
1142
1189
1177
1205
1229
1234
1253
1260
1229
1186
1153
1103
1053
968
878
787
648
534
403
222
72
-53
-227
-383
-541
-727
-857
-992
-1128
-1251
-1387
-1514
-1608
-1697
-1753
-1755
-1768
-1738
-1807
-1947
-1938
-1830
-1706
-1615
-1626
-1635
-1452
-1254
-1152
-1050
-914
-714
-533
-396
-263
-120
73
250
359
462
626
753
873
1029
1186
1258
1274
1426
1503
1529
1613
1661
1669
1725
1744
1711
1722
1758
1737
1639
1603
1612
1539
1461
1426
1370
1322
1275
1184
1110
1036
934
834
731
624
477
337
251
99
-67
-245
-443
-565
-710
-910
-1056
-1177
-1337
-1496
-1674
-1842
-1899
-1997
-2152
-2298
-2452
-2480
-2467
-2518
-2592
-2713
-2735
-2583
-2468
-2402
-2379
-2346
-2061
-1788
-1698
-1502
-1227
-914
-573
-344
-140
160
498
816
1030
1243
1506
1652
1838
2090
2226
2249
2312
2452
2622
2653
2561
2515
2477
2554
2527
2279
2170
2171
2061
1895
1710
1560
1481
1359
1231
1121
978
900
800
687
678
599
460
407
392
299
203
98
-11
-41
-121
-294
-382
-430
-555
-709
-845
-994
-1031
-1176
-1337
-1567
-1842
-1845
-1919
-2100
-2213
-2436
-2708
-2672
-2704
-2916
-2980
-3031
-2967
-2973
-3139
-3098
-2965
-2738
-2469
-2403
-2353
-1897
-1571
-1331
-985
-722
-363
-30
228
586
903
1157
1500
1717
1940
2279
2382
2586
2914
3026
3147
3186
3266
3156
3030
3318
3354
3159
3183
2671
2321
2783
2510
1984
1962
1655
1528
1374
1062
899
654
598
483
34
71
270
-206
-76
-2
-389
-430
-436
-544
-458
-579
-801
-797
-863
-689
-898
-1194
-898
-963
-1249
-1165
-1292
-1408
-1071
-1363
-1787
-1871
-1976
-1945
-1953
-2119
-2437
-2729
-2723
-2529
-2836
-3023
-2837
-2908
-2853
-2749
-2958
-2864
-2388
-2131
-2067
-1942
-1689
-1250
-934
-498
-96
-8
292
758
1003
1371
1733
1868
2202
2537
2625
2783
2972
3228
3451
3376
3401
3485
3502
3540
3315
2950
3048
3283
3098
2755
2283
1931
2075
2179
1662
1050
880
929
785
332
-1
-246
-271
-139
-447
-748
-659
-593
-785
-778
-870
-1007
-957
-891
-916
-1036
-1120
-1124
-960
-888
-947
-1168
-1202
-904
-893
-1101
-1017
-1096
-1106
-946
-1198
-1443
-1568
-1909
-1777
-1480
-1694
-2095
-2544
-2606
-2177
-2288
-2774
-2877
-2698
-2452
-2515
-2963
-2810
-2222
-1999
-1959
-1981
-1675
-1136
-859
-658
-118
139
275
583
958
1531
1774
1739
2094
2563
2765
2816
2826
3152
3558
3427
3253
3093
3087
3531
3681
3400
3210
2783
2491
2814
2813
2405
1941
1668
1725
1496
1050
864
723
614
528
2
-228
60
-5
-223
-424
-523
-615
-765
-866
-791
-974
-1102
-1049
-1121
-1048
-1030
-1364
-1298
-1007
-989
-1101
-1270
-1134
-999
-1045
-1074
-1249
-1351
-1265
-1423
-1443
-1545
-2074
-2115
-1827
-1711
-1795
-2450
-2852
-2504
-2137
-2463
-2969
-3093
-2554
-2263
-2784
-3148
-2858
-2224
-1930
-2101
-2043
-1446
-1019
-843
-530
-108
390
619
731
1271
1863
1885
1841
2519
3110
3081
2807
2860
3477
4091
3720
3166
3413
3967
4003
3427
3288
3711
3642
3241
2858
2745
2947
2796
2064
1839
1936
1678
1251
914
952
791
294
2
42
44
-148
-618
-878
-637
-766
-1265
-1385
-1223
-1190
-1456
-1812
-1758
-1527
-1590
-1686
-1796
-1805
-1547
-1697
-2087
-1936
-1713
-1928
-2083
-1914
-1927
-2104
-1949
-2135
-2622
-2425
-2173
-2327
-2288
-2459
-3060
-3089
-2606
-2553
-3038
-3180
-2715
-2571
-2774
-2825
-2688
-2294
-1685
-1609
-1783
-1235
-508
-194
49
599
1105
1326
1529
1815
2402
2983
3110
3069
3315
3643
3879
3967
4027
4172
4127
4057
4136
4144
4147
3995
3744
3742
3756
3285
2967
2969
2910
2687
2175
1881
1695
1540
1330
1016
674
510
269
-140
-308
-416
-672
-943
-1129
-1327
-1536
-1619
-1765
-1972
-2043
-2158
-2389
-2353
-2310
-2435
-2646
-2630
-2543
-2671
-2687
-2650
-2751
-2663
-2385
-2578
-2678
-2283
-2126
-2499
-2545
-2202
-2185
-2382
-2239
-2056
-2128
-1978
-2114
-2721
-2307
-1575
-1912
-2424
-2115
-1641
-1623
-1787
-1656
-1145
-704
-346
-410
-257
704
1359
1115
1269
1921
2420
2579
2624
3029
3317
3266
3516
3805
3779
3853
3627
3598
4104
4044
3493
3252
3577
3855
3439
2761
2824
2928
2758
2416
1880
1917
2051
1598
973
919
971
816
263
-66
-35
-336
-691
-853
-955
-1036
-1256
-1782
-1802
-1535
-1742
-2163
-2289
-2109
-2173
-2323
-2638
-2802
-2300
-2331
-2842
-2633
-2519
-2440
-2097
-2380
-2396
-2000
-2004
-1795
-1831
-2231
-2784
-1536
391
-563
-3002
-3648
-2567
266
1612
-2272
-4823
-2062
912
98
-2759
-3208
-806
1182
66
-2528
-2539
805
2234
-351
-1059
544
1310
827
1203
2093
2684
1897
785
2000
3916
3644
1491
1247
3823
4772
2388
1010
2717
4580
3938
1551
1130
3423
4374
2509
1103
2096
3460
2576
889
1330
2672
2430
1008
349
1220
1907
675
-329
393
1139
220
-1150
-996
414
281
-1410
-2066
-1116
-386
-1297
-2595
-2266
-1083
-1228
-2618
-3233
-2217
-1429
-2120
-3097
-2724
-2313
-2704
-2609
-2110
-2508
-2373
-1855
-2645
-2042
-1260
-2762
-3001
-1169
-843
-2029
-2444
-1955
-1200
-1290
-1818
-1977
-1942
-821
-785
-2132
-2141
-697
-1023
-1634
-910
-833
-1025
-568
114
264
-17
321
1158
1348
1902
1842
894
1930
3440
2560
1966
2618
3281
3317
2735
2760
3196
3307
3507
3080
2673
3684
3839
2669
2895
3430
3202
2792
2668
2918
2918
2397
2225
2019
1933
2311
1561
779
1237
1219
428
189
204
185
-342
-953
-885
-1005
-1336
-1533
-2129
-2204
-1759
-2364
-3071
-2918
-2700
-2746
-3216
-3479
-3186
-3106
-3115
-3066
-3426
-3058
-2534
-2954
-2926
-2338
-2433
-2357
-2125
-2521
-2256
-2009
-1895
-1404
-1680
-2415
-2116
-1765
-1677
-1587
-2229
-1827
-1160
-1795
-1932
-1757
-1301
-274
-358
-1340
-463
626
744
865
680
1415
2237
2092
1998
2453
2684
2996
2944
2865
3560
3594
3104
3386
3729
3955
3659
2916
3310
4093
3825
3398
3125
3301
3706
3164
2623
2925
3143
2859
2258
1763
2166
2211
1559
1208
1006
842
571
-33
-212
69
-345
-1091
-1424
-1440
-1332
-1823
-2361
-2298
-2317
-2734
-3015
-3267
-3166
-2873
-3515
-3954
-3437
-3122
-3339
-3396
-3428
-3142
-2637
-2948
-2936
-2308
-2121
-1941
-1803
-1959
-1831
-1865
-2035
-1206
-673
-1019
-1494
-1913
-1189
-624
-1178
-1598
-1338
-755
-612
-1447
-1755
-821
-253
-212
-742
-953
257
1017
535
610
1140
1687
1811
1619
2038
2649
2664
2585
2570
2766
3400
3059
2601
3213
3597
3226
2812
2925
3518
3724
3038
2787
3123
3377
3357
2627
2494
2927
2857
2275
2112
2251
2245
1797
1218
1269
1226
884
395
-3
74
73
-624
-1221
-1171
-1142
-1485
-2139
-2398
-2242
-2475
-2851
-3044
-3044
-2975
-3095
-3700
-3648
-3175
-3161
-3284
-3280
-3336
-2866
-2524
-2638
-2316
-2139
-2066
-1634
-1632
-1638
-1180
-1699
-1834
-651
-362
-1029
-1271
-1262
-1101
-728
-835
-1449
-1378
-532
-296
-1531
-1861
-1072
-403
-185
-643
-1058
-323
714
650
337
378
1185
2074
1787
1400
1934
2309
2449
2737
2613
2594
2831
2960
3250
3236
3052
2961
2823
3441
3877
3029
2628
3297
3536
3248
2740
2431
2784
2877
2620
2075
1838
2169
2124
1339
1080
1167
700
268
81
-79
-303
-638
-1136
-1461
-1443
-1551
-2288
-2579
-2297
-2473
-3035
-3265
-3284
-3005
-3123
-3707
-3552
-3213
-3263
-3180
-2888
-2872
-2604
-2278
-2530
-2559
-1705
-1626
-1906
-1169
-783
-1190
-1375
-1529
-747
-80
-642
-1095
-1229
-969
-176
-673
-1623
-983
-303
-698
-1366
-1333
-844
-294
-194
-507
-724
-168
714
632
290
856
1505
1482
1497
1983
2242
2324
2562
2523
2329
2840
3231
2970
2886
3077
3105
2866
2847
3231
3084
2800
2828
2815
2687
2739
2467
2200
2350
2337
1918
1329
1454
1740
1343
745
542
415
265
20
-332
-613
-592
-794
-1201
-1546
-1482
-1500
-1958
-2206
-2367
-2403
-2400
-2759
-2973
-2656
-2510
-2922
-3019
-2697
-2570
-2592
-2365
-2232
-2125
-1631
-1706
-1877
-1279
-901
-1026
-994
-593
-484
-776
-807
-546
-338
-5
-235
-1191
-961
-421
-638
-845
-1037
-819
-712
-1222
-1550
-1143
-864
-691
-713
-1150
-692
-88
-51
-154
88
584
986
1069
1141
1460
1692
1818
1851
1931
2294
2401
2218
2543
2707
2616
2501
2339
2551
3145
2783
2263
2512
2775
2873
2371
2047
2398
2411
2005
1796
1557
1665
1770
1191
931
974
711
474
90
7
145
-384
-963
-753
-671
-1290
-1659
-1518
-1431
-1811
-2153
-2203
-2265
-2177
-2281
-2600
-2726
-2334
-1859
-2349
-2845
-2199
-1249
-1492
-1946
-1493
-1430
-1434
-862
-792
-1142
-612
-493
-998
-963
-526
-401
-670
-949
-967
-906
-918
-1088
-1403
-1367
-1018
-1320
-1799
-1758
-1328
-932
-894
-1205
-1306
-566
-188
-275
-238
195
766
968
784
865
1284
1948
2093
1674
1798
2123
1989
2333
2722
2378
2433
2431
2262
2502
2864
2595
2224
2594
2781
2451
1997
2269
2552
2366
2277
1865
1678
2060
2139
1465
1247
1385
1129
770
578
573
372
79
-107
-443
-522
-582
-973
-1190
-1088
-1399
-1923
-1895
-2011
-2073
-1986
-2273
-2442
-2338
-2418
-2328
-2079
-2298
-2091
-1916
-2186
-1855
-1837
-1691
-1268
-1508
-1446
-1103
-1379
-1510
-1412
-1354
-895
-981
-1395
-1748
-1871
-1293
-1203
-1730
-1820
-1493
-1458
-1746
-1883
-1707
-1146
-829
-1328
-1436
-728
-187
-157
-216
1
728
1106
899
905
1206
1959
2243
1601
1760
2349
2294
2531
2702
2477
2692
2802
2651
2777
2799
2982
2936
2740
3075
3143
2618
2835
3010
2808
2778
2568
2334
2514
2509
2255
1944
1625
1708
1496
922
778
799
310
66
1
-532
-820
-817
-1110
-1563
-1872
-2124
-2306
-2394
-2481
-2770
-3058
-2842
-2996
-3108
-2997
-3175
-2842
-2694
-2970
-2369
-2310
-2573
-1888
-1958
-2141
-1311
-1293
-1614
-1583
-1623
-1273
-1056
-958
-1100
-1560
-1593
-950
-808
-1325
-1392
-1164
-1014
-1154
-1375
-1319
-979
-531
-483
-797
-953
-259
441
165
137
723
1065
998
940
1342
1831
2005
1912
1815
1885
2283
2709
2422
2282
2730
2782
2402
2458
2865
2975
2695
2768
2870
2784
2859
2874
2616
2665
2775
2405
2126
2193
2384
2054
1610
1552
1466
1103
829
600
377
305
-62
-574
-703
-652
-902
-1363
-1595
-1725
-2041
-2299
-2312
-2424
-2503
-2594
-2676
-2757
-2679
-2406
-2453
-2934
-2370
-1546
-2193
-2300
-1562
-1722
-1624
-1087
-1288
-1255
-867
-740
-1171
-1369
-656
-425
-1186
-1417
-1178
-1089
-1138
-1422
-1725
-1392
-1217
-1791
-2092
-1869
-1569
-1139
-1399
-1923
-1272
-638
-727
-811
-390
129
522
472
533
812
1248
1621
1758
1656
1946
2096
1988
2415
2818
2675
2584
2575
2761
3323
3029
2749
3105
3378
3377
3043
2873
3215
3402
3134
2827
2537
2617
2933
2447
2060
2134
1919
1501
1279
1137
900
511
82
-59
-242
-506
-826
-1282
-1479
-1482
-2003
-2307
-2374
-2522
-2276
-2502
-3247
-2996
-2624
-2762
-2710
-2999
-2766
-2036
-2413
-2487
-2251
-2485
-1667
-1364
-1909
-1488
-1386
-1575
-1525
-1803
-1255
-857
-1528
-1742
-1655
-1687
-1336
-1665
-2229
-1662
-1293
-2007
-2182
-1885
-1712
-1082
-1290
-1923
-1263
-450
-441
-426
-180
432
937
730
894
1275
1562
2224
2325
1895
2423
2846
2511
2861
3342
3225
3074
3126
3325
3561
3328
3370
3413
3383
3585
3281
2992
3379
3581
3057
2731
2641
2696
2650
2250
1989
1819
1403
1145
904
527
430
261
-265
-619
-784
-1087
-1492
-1789
-1783
-1929
-2580
-2820
-2613
-2795
-2899
-2772
-2998
-3437
-2998
-2579
-3123
-3046
-2124
-2422
-2896
-1998
-1729
-2116
-1844
-1306
-1454
-1358
-892
-1199
-1619
-1211
-575
-884
-1219
-1140
-1488
-1493
-1127
-1205
-1744
-1685
-1420
-1461
-1824
-1911
-1743
-1543
-1100
-1381
-1596
-1107
-328
-200
-264
-23
499
915
1067
1077
1415
2200
2308
2059
2235
2608
2792
3167
2991
2931
3330
3413
3252
3332
3518
3546
3401
3335
3442
3258
3120
3182
3066
2886
2865
2448
2221
2344
2267
1790
1464
1384
1129
671
381
217
17
-139
-469
-947
-1172
-1065
-1418
-1940
-1983
-1949
-2358
-2606
-2543
-2581
-2683
-2718
-2699
-3006
-2957
-2410
-2539
-2733
-2251
-2193
-2320
-1783
-1732
-2209
-2010
-1292
-1008
-1403
-1538
-1505
-1626
-1173
-773
-1474
-1847
-1335
-1375
-1686
-1672
-1718
-1847
-1724
-1552
-1829
-2089
-1921
-1307
-945
-1196
-1505
-1061
-276
98
147
121
580
1117
1489
1606
1724
2137
2581
2457
2407
2932
3175
3027
2982
3227
3453
3359
3100
3153
3492
3617
3334
2894
2952
3421
3277
2731
2546
2747
2718
2375
1896
1889
1956
1759
1404
959
836
854
465
21
14
-128
-551
-980
-1059
-1071
-1422
-1859
-1985
-1913
-2228
-2662
-2637
-2417
-2450
-2635
-2743
-3071
-2787
-2323
-2762
-2851
-2213
-2295
-2301
-2163
-2219
-1699
-1715
-1738
-1451
-1412
-1250
-1222
-1625
-1383
-1059
-1149
-1080
-1347
-1510
-1576
-1304
-1236
-1553
-1489
-1405
-1334
-1485
-1494
-1491
-1186
-728
-872
-1069
-541
225
133
244
616
954
1301
1598
1643
1688
2131
2620
2528
2342
2923
2886
2618
3008
3334
3120
3037
3163
3123
3231
3171
3061
2872
2984
3210
2874
2453
2664
2858
2396
2032
1976
1916
1853
1666
1277
850
765
758
287
-174
-54
-203
-847
-912
-998
-1495
-1627
-1661
-2004
-2195
-2300
-2542
-2686
-2634
-2401
-2595
-3115
-3004
-2721
-2657
-2573
-2741
-2424
-1944
-2433
-2486
-1728
-1656
-1764
-1482
-1369
-1329
-939
-1008
-1369
-1411
-945
-554
-906
-1074
-961
-1158
-1167
-869
-1202
-1394
-992
-978
-1245
-1246
-1204
-1170
-724
-595
-793
-561
-143
319
294
315
766
1233
1378
1523
1577
1863
2578
2544
2298
2610
2853
2700
2954
3151
3039
3029
3001
2873
3063
3205
2924
2580
2642
3011
2735
2204
2295
2346
2185
2063
1578
1263
1564
1556
948
575
538
525
122
-331
-362
-309
-683
-948
-1120
-1393
-1536
-1560
-1691
-1983
-2162
-2151
-2334
-2479
-2134
-2382
-2779
-2432
-2350
-2458
-2174
-2316
-2486
-1937
-1679
-1836
-1863
-1411
-1136
-1422
-1262
-760
-916
-1084
-755
-1022
-1156
-379
-389
-1191
-1118
-957
-1193
-987
-1004
-1265
-1148
-1149
-1275
-1432
-1446
-1222
-883
-823
-933
-904
-589
-136
77
172
445
768
890
1331
1494
1410
1989
2394
2059
2348
2712
2425
2516
2693
2951
3020
2727
2697
2803
2762
2914
2756
2290
2564
2836
2271
2085
2110
2148
2056
1644
1496
1532
1411
1196
1061
667
594
617
114
-206
-139
-171
-455
-889
-953
-837
-1109
-1418
-1363
-1602
-1830
-1734
-1951
-2219
-1947
-1886
-2294
-2195
-1974
-2140
-1910
-1775
-2048
-1747
-1514
-1734
-1483
-1391
-1529
-1203
-1265
-1148
-704
-1078
-1438
-1165
-961
-1068
-1035
-988
-1364
-1662
-1213
-1045
-1591
-1611
-1244
-1478
-1714
-1361
-1370
-1533
-1039
-806
-1150
-936
-381
-95
-64
220
748
936
1051
1494
1542
1628
2320
2374
2098
2539
2776
2552
2653
2723
2982
3112
2779
2781
2782
2608
2775
2638
2270
2541
2462
1947
1958
2017
1935
1632
1294
1366
1352
979
834
793
544
451
277
-62
-128
-115
-336
-603
-786
-727
-811
-1232
-1300
-1214
-1511
-1625
-1599
-1631
-1692
-1861
-1968
-1985
-1879
-1912
-2090
-2000
-1703
-1490
-2034
-2225
-1475
-1371
-1512
-1147
-1454
-1427
-561
-1057
-1507
-1150
-1207
-1145
-856
-1020
-1119
-1057
-1566
-1370
-1016
-1305
-1401
-1341
-1307
-1109
-1210
-1681
-1353
-682
-651
-951
-837
-325
245
390
307
688
1131
1571
1572
1350
1655
2514
2526
2108
2489
2621
2564
2595
2584
2615
2844
2790
2437
2278
2291
2425
2323
2046
2156
2087
1782
1694
1690
1566
1430
1274
1120
1026
893
899
760
603
570
355
181
181
85
-5
-210
-363
-349
-493
-719
-847
-956
-988
-1179
-1423
-1597
-1609
-1479
-1491
-1848
-1993
-1973
-2011
-1541
-1750
-2363
-2041
-1570
-1732
-1824
-1697
-1770
-1682
-1225
-1085
-1603
-1565
-1168
-1582
-1449
-958
-1154
-1510
-1431
-1400
-1396
-1240
-1468
-1541
-1155
-1155
-1417
-1519
-1436
-990
-422
-679
-1065
-633
-35
317
230
354
922
1263
1268
1408
1526
1758
2265
2580
2288
2206
2690
2532
2201
2662
2909
2383
2414
2535
2383
2305
2173
2141
2165
2172
1955
1567
1490
1906
1978
1272
1002
1378
1459
1184
887
873
875
874
691
335
203
387
335
-67
-192
-238
-432
-643
-696
-787
-983
-1267
-1479
-1601
-1691
-1775
-1733
-1999
-2168
-2102
-2239
-2261
-2314
-2185
-1842
-1915
-2280
-2025
-1913
-1841
-1411
-1441
-1689
-1312
-1002
-1100
-1260
-1572
-1185
-734
-833
-1108
-1368
-1451
-927
-690
-1250
-1372
-1251
-1035
-912
-1153
-1162
-788
-483
-654
-470
-274
-46
415
515
715
1036
1118
1230
1728
1985
2169
2080
1768
2119
2637
2427
2207
2388
2553
2664
2342
1957
2084
2544
2456
2070
1787
1923
2189
1745
1555
1629
1592
1528
1311
1162
1157
1205
988
788
749
776
644
183
198
433
130
-215
-229
-362
-537
-545
-722
-1015
-1169
-1302
-1529
-1436
-1401
-1747
-1971
-1933
-1774
-1820
-2393
-2353
-1621
-1699
-1837
-1979
-1977
-1593
-1465
-1513
-1487
-1534
-987
-662
-1188
-1217
-977
-988
-918
-809
-752
-904
-1281
-1023
-680
-1142
-1299
-924
-1069
-1252
-1021
-1233
-1369
-772
-607
-952
-978
-470
46
39
-42
491
884
860
1092
1262
1434
1826
2032
1144
1492
2963
2728
2040
1870
1662
2301
3101
2185
1480
1817
2344
2523
1639
1147
1698
1894
1860
1705
1148
1231
1938
1585
1166
1242
1223
1302
1180
928
969
725
470
689
549
199
86
2
-113
-39
-364
-771
-888
-956
-947
-1211
-1577
-1654
-1520
-1919
-2094
-2023
-2159
-1765
-1672
-2273
-2370
-1901
-2186
-1798
-1180
-1974
-1882
-1036
-1315
-1493
-1387
-1514
-1267
-1099
-1158
-1007
-1259
-1184
-1078
-1476
-1472
-1195
-1300
-1455
-1111
-1060
-1485
-1474
-1350
-1178
-590
-757
-1062
-652
-74
180
114
149
947
1488
1105
1252
1442
1903
2679
2337
1782
2394
2670
2492
2506
2213
2477
2855
2445
2195
2269
2075
2175
2076
1879
1963
1736
1416
1602
1499
1395
1374
1028
1029
1316
1081
766
907
830
792
597
258
341
409
186
46
-214
-337
-227
-488
-894
-838
-887
-1233
-1381
-1436
-1439
-1390
-1605
-1810
-1911
-1935
-1800
-1934
-2114
-1738
-1480
-1832
-1775
-1687
-1824
-1559
-1284
-1257
-1291
-1026
-932
-1078
-1409
-1347
-870
-807
-996
-1008
-1218
-1325
-912
-953
-1314
-1304
-936
-867
-1237
-1394
-1041
-667
-520
-711
-849
-435
50
240
227
454
879
1114
1106
1194
1521
1881
1904
1703
1660
2110
2299
1937
1808
2059
2257
2127
1886
1720
1834
1972
1794
1559
1605
1648
1557
1318
1202
1404
1528
1237
1067
1238
1271
1216
1075
1053
1069
949
804
680
651
690
576
273
67
139
0
-279
-455
-580
-749
-944
-1176
-1317
-1225
-1377
-1737
-1985
-1878
-1741
-1883
-2013
-2036
-2005
-1732
-1756
-1812
-1735
-1988
-1741
-1262
-1397
-1075
-878
-1465
-1176
-810
-1115
-848
-737
-921
-729
-832
-1222
-1074
-1037
-1188
-968
-927
-1157
-1101
-1116
-1111
-837
-662
-911
-893
-477
-64
91
-56
327
828
947
999
1041
1085
1529
1828
1656
1557
1794
1991
1863
1707
2064
2204
1696
1752
1874
1906
1937
1620
1327
1503
1890
1602
1147
1236
1704
1793
1220
1050
1385
1463
1378
1228
1094
1092
1162
919
694
717
799
700
241
64
166
-80
-355
-385
-533
-926
-1104
-1102
-1203
-1467
-1575
-1533
-1699
-1877
-1831
-1818
-2005
-2050
-1594
-1694
-2167
-1654
-1257
-1497
-1626
-1143
-1107
-1281
-981
-834
-941
-1053
-722
-694
-840
-566
-581
-1208
-1224
-656
-822
-1200
-1209
-890
-960
-1252
-1403
-1452
-995
-604
-905
-1272
-693
-43
-58
-256
-38
583
890
774
655
993
1328
1810
1628
1255
1742
1911
1479
1780
2160
1866
1765
1595
1778
1993
1812
1595
1457
1737
2058
1571
956
1500
1942
1530
1249
1183
1262
1479
1447
1057
949
1150
1143
727
449
666
795
407
99
15
34
1
-217
-464
-579
-721
-819
-1055
-1268
-1152
-1116
-1488
-1695
-1267
-1331
-1998
-1745
-1153
-1452
-1448
-1295
-1411
-1313
-1010
-947
-1132
-1067
-640
-651
-872
-631
-860
-967
-732
-712
-682
-1018
-1555
-1251
-719
-1114
-1527
-1408
-1276
-1281
-1495
-1683
-1586
-1062
-869
-1331
-1435
-711
-226
-393
-453
115
611
568
529
652
1077
1377
1515
1320
1390
1793
1731
1329
1565
2250
2004
1465
1441
1871
2130
1840
1365
1416
1842
1939
1483
1050
1335
1938
1780
982
930
1405
1520
1151
1010
1043
1102
1089
851
596
629
861
572
149
246
331
-35
-317
-151
-165
-612
-816
-894
-924
-838
-916
-1469
-1428
-1113
-1285
-1493
-1701
-1562
-980
-1114
-1816
-1620
-1105
-1036
-1047
-887
-1216
-1120
-507
-667
-1168
-1158
-819
-729
-830
-833
-1051
-1536
-1243
-808
-1443
-1672
-1230
-1254
-1568
-1639
-1633
-1628
-1242
-1079
-1235
-1297
-781
-257
-520
-522
140
609
502
572
808
1082
1427
1516
1457
1454
1726
1156
1282
2454
2321
1704
1472
773
1448
2891
1746
607
1225
1849
1846
1089
603
1052
1683
1804
1198
481
1045
2273
1694
911
1283
1474
1225
1090
937
1026
1185
860
649
551
376
444
277
-15
219
60
-573
-651
-413
-428
-791
-1239
-1090
-844
-1390
-1649
-1330
-1541
-1414
-1000
-1587
-2151
-1380
-1011
-1394
-1461
-1210
-1017
-1398
-1310
-836
-1597
-1687
-564
-1169
-1773
-1174
-1643
-2059
-1228
-1227
-2034
-1895
-1678
-1734
-1743
-1970
-1768
-1333
-1282
-1428
-1240
-1043
-606
-190
-405
-162
493
672
506
539
1026
1715
1598
1347
1551
1830
2108
2086
1765
1828
2431
2258
1713
1754
2141
2228
2029
1732
1671
1842
1940
1772
1484
1526
1769
1499
1149
1367
1436
1308
1185
1174
1159
1147
927
730
815
835
702
386
117
318
344
-47
-193
-191
-346
-481
-696
-861
-832
-1015
-1039
-1124
-1375
-1224
-1295
-1535
-1014
-1065
-1536
-1467
-1492
-1155
-922
-1352
-1295
-1165
-1261
-754
-1100
-1544
-892
-1072
-1294
-1186
-1193
-1208
-1284
-1548
-1664
-1503
-1652
-1663
-1697
-1653
-1603
-1788
-2025
-1839
-1298
-1251
-1387
-1311
-993
-472
-410
-523
-35
582
626
435
582
1202
1616
1547
1299
1334
1880
2194
1786
1492
1991
2352
2082
1625
1725
2121
2215
1932
1651
1655
1903
1920
1557
1485
1749
1765
1415
1217
1432
1705
1448
1268
1386
1436
1248
1158
1001
909
1134
955
457
263
480
429
-18
-132
-75
-315
-559
-576
-718
-910
-949
-1105
-1248
-1326
-1315
-1383
-1527
-1449
-1355
-1427
-1512
-1711
-1313
-922
-1518
-1690
-1169
-1235
-1265
-980
-1168
-1435
-1420
-1158
-1103
-1339
-1173
-1342
-1950
-1538
-1059
-1691
-2056
-1577
-1472
-1778
-1813
-1981
-1889
-1078
-1085
-1577
-1490
-830
-328
-458
-499
125
680
458
414
595
1093
1647
1473
1122
1486
1841
1845
1833
1613
1954
2204
1767
1576
1936
2063
1976
1738
1605
1789
1797
1646
1565
1515
1737
1830
1311
1180
1577
1645
1362
1392
1432
1419
1243
1108
1176
1149
1017
942
634
467
697
493
133
130
123
-153
-399
-535
-482
-669
-801
-857
-1042
-997
-872
-1221
-1372
-1119
-1195
-1132
-1405
-1417
-1072
-1097
-1219
-1179
-1296
-1275
-1003
-1207
-1348
-1692
-1569
-1147
-1484
-1542
-1645
-2023
-1926
-1598
-1970
-2276
-1902
-1723
-2003
-2200
-2109
-2144
-1661
-1333
-1767
-1780
-1103
-717
-780
-707
-307
207
333
371
501
788
1215
1446
1301
1347
1863
1898
1586
936
1608
3108
2379
1370
1704
1409
1658
2860
1872
779
1557
2134
1759
1152
1240
1638
1545
1663
1786
1175
1020
2194
2119
1256
1450
1682
1341
1379
1614
1380
1012
843
1168
944
470
563
593
152
310
199
-390
-429
-197
-274
-647
-933
-1080
-998
-1265
-1397
-1254
-1546
-1562
-999
-1619
-2319
-1463
-1403
-1795
-1166
-1472
-2080
-1487
-1387
-2003
-2089
-1717
-1545
-1630
-2110
-2532
-2272
-1960
-1842
-2005
-2420
-2275
-1976
-2120
-2250
-2003
-1564
-1347
-1652
-1643
-915
-735
-798
-354
76
270
386
257
264
1090
1756
1404
1011
1263
1853
2117
1659
1629
2129
2234
2068
1866
1712
2051
2414
2057
1765
1931
1949
1747
1779
1963
2021
1751
1524
1591
1773
1819
1700
1451
1660
1897
1452
1260
1458
1531
1449
1250
962
894
972
858
648
515
436
264
-75
-190
-101
-158
-366
-656
-846
-813
-839
-1291
-1212
-929
-1292
-1547
-1429
-1518
-1425
-996
-1460
-1749
-1210
-1198
-1627
-1550
-1502
-1523
-1674
-1924
-1591
-1554
-1988
-1935
-2246
-2376
-1777
-2099
-2761
-2328
-1887
-2411
-2642
-2593
-2326
-1728
-1795
-2329
-2011
-1407
-1118
-1115
-1212
-674
96
121
-124
99
585
1245
1243
961
1250
1629
1744
1813
1797
1971
2363
2249
2012
2266
2473
2373
2408
2355
2378
2421
2285
2173
2333
2419
2346
2127
1909
2223
2341
2025
1959
2041
1934
1870
1849
1645
1589
1629
1466
1187
1062
1068
833
560
571
402
53
-145
-266
-402
-370
-485
-881
-1033
-1053
-1146
-1359
-1370
-1281
-1637
-1632
-1302
-1742
-1791
-1405
-1911
-1958
-1458
-1574
-1885
-1944
-1878
-1612
-1627
-2187
-2207
-1929
-1972
-1871
-2072
-2640
-2430
-2061
-2404
-2756
-2550
-2399
-2442
-2420
-2448
-2256
-1946
-1897
-1883
-1550
-1144
-932
-859
-645
-124
354
465
466
700
1279
1586
1482
1593
2014
2358
2305
2230
2332
2673
2262
1919
2951
3181
2542
2494
1834
1528
3095
3103
1630
1474
2230
2528
1928
1356
1591
2009
2093
1973
1464
1245
2150
2298
1467
1448
1768
1476
1097
1030
1162
1294
727
401
512
298
226
166
-384
-307
3
-442
-1038
-982
-767
-913
-1355
-1630
-1347
-1606
-1914
-1712
-1836
-2052
-1643
-1817
-2567
-2172
-1529
-2049
-2498
-2023
-1824
-2198
-2582
-2680
-2504
-2216
-1950
-2487
-3272
-2820
-2127
-2557
-3151
-2704
-2349
-2577
-2600
-2475
-2335
-1893
-1570
-1883
-1708
-1024
-540
-693
-624
262
850
668
561
910
1361
2037
2135
1859
2054
2537
2667
2564
2597
2906
3185
2930
2705
2843
3007
3033
2999
2874
2816
2732
2601
2537
2703
2716
2564
2213
2175
2362
2167
1849
1917
2068
1876
1619
1383
1348
1442
1430
1036
668
610
626
324
73
114
-28
-305
-507
-795
-918
-848
-1022
-1329
-1438
-1428
-1461
-1722
-1861
-1735
-1872
-1926
-1836
-2128
-2289
-1936
-1874
-2058
-2116
-2059
-2185
-2430
-2223
-1902
-2050
-2316
-2385
-2573
-2310
-2164
-2279
-2598
-2733
-2361
-2389
-2491
-2392
-2252
-2246
-2265
-2229
-2123
-1995
-1652
-1300
-1375
-1200
-744
-619
-480
47
582
811
894
1029
1161
1469
2032
2199
2115
2249
2474
2617
2639
2731
2882
2997
2968
2925
2772
2742
3085
3141
2984
2859
2804
2681
2693
2789
2718
2520
2388
2407
2267
2119
2061
2037
1977
1820
1622
1377
1208
1266
1239
918
589
522
346
84
-7
-163
-397
-528
-719
-1033
-1020
-1146
-1389
-1462
-1624
-1749
-1770
-2012
-2198
-2119
-2022
-2212
-2406
-2211
-2181
-2330
-2436
-2289
-2263
-2390
-2390
-2482
-2534
-2145
-1995
-2282
-2562
-2607
-2204
-2129
-2358
-2144
-2206
-2481
-2201
-2076
-2277
-2056
-1757
-2085
-2116
-1684
-1589
-1373
-1038
-976
-850
-506
-249
1
254
638
1072
1255
1344
1556
1705
1998
2496
2518
2467
2623
2687
2710
2956
3115
3012
3042
3064
3044
3010
2942
3000
3083
3049
2879
2715
2649
2681
2733
2592
2370
2201
2167
2075
1842
1826
1836
1562
1372
1238
1007
803
762
558
288
140
-16
-235
-557
-569
-473
-722
-1101
-1215
-1382
-1396
-1367
-1685
-1966
-1802
-1754
-2126
-2290
-2400
-2272
-2100
-2313
-2590
-2538
-2428
-2268
-2296
-2735
-2610
-2286
-2327
-2439
-2549
-2493
-2025
-2060
-2490
-2541
-2452
-2062
-1821
-2053
-2151
-2153
-2039
-1831
-1600
-1426
-1353
-1411
-1506
-1105
-789
-672
-513
-457
-217
322
411
306
688
1216
1534
1674
1644
1660
1963
2324
2675
2718
2531
2590
2764
2726
2903
3218
3035
2920
2997
2958
3042
2915
2833
2898
2820
2763
2630
2364
2361
2670
2419
1962
1854
1848
1781
1686
1471
1323
1253
1070
776
531
532
571
308
-117
-204
-300
-504
-583
-754
-888
-957
-1070
-1330
-1613
-1633
-1538
-1643
-1958
-1966
-2104
-2412
-2296
-2295
-2469
-2446
-2691
-2822
-2282
-2415
-2840
-2576
-2618
-2647
-2187
-2526
-2784
-2332
-2199
-2212
-2089
-2104
-2141
-2059
-1811
-1644
-1520
-1473
-1516
-1522
-1258
-883
-865
-869
-826
-845
-729
-283
-245
-168
152
153
306
633
633
821
1241
1402
1627
1759
1685
1730
2058
2393
2543
2481
2337
2455
2691
2859
2923
2770
2654
2967
3062
2812
2797
2779
2699
2812
2804
2495
2319
2358
2389
2285
2005
1844
1674
1475
1480
1410
1042
851
890
631
430
279
134
-71
-213
-351
-577
-834
-899
-856
-1101
-1305
-1411
-1607
-1788
-1758
-1876
-2008
-1996
-2067
-2258
-2413
-2487
-2334
-2360
-2592
-2535
-2528
-2655
-2494
-2360
-2652
-2467
-2131
-2218
-2397
-2123
-2042
-2005
-1740
-1668
-1807
-1755
-1364
-1239
-1364
-1336
-1009
-816
-673
-651
-870
-728
-211
44
-49
-194
-254
-51
318
455
456
531
623
713
916
966
977
1179
1460
1687
1662
1532
1749
2099
2294
2344
2163
2085
2406
2656
2430
2288
2598
2826
2662
2463
2472
2368
2478
2634
2365
2070
2159
2143
1853
1676
1757
1619
1278
1217
1227
967
718
685
460
306
243
97
-225
-379
-288
-439
-778
-966
-990
-1089
-1234
-1370
-1561
-1673
-1632
-1708
-1952
-2046
-2031
-2036
-2102
-2316
-2388
-2264
-2369
-2290
-2279
-2464
-2293
-2114
-2260
-2202
-1964
-2114
-2063
-1697
-1669
-1827
-1471
-1353
-1353
-1148
-1169
-1175
-848
-571
-731
-658
-535
-475
-237
-55
-188
-128
57
53
210
440
502
491
362
435
654
764
817
851
939
1026
1193
1126
1125
1348
1563
1682
1700
1559
1561
1987
2072
1942
1993
1839
1821
2105
2076
1911
2010
2025
1856
1749
1715
1690
1629
1598
1574
1430
1232
1242
1051
892
960
828
582
486
432
288
257
119
49
-58
-225
-340
-405
-473
-558
-588
-767
-942
-966
-1002
-1077
-1224
-1258
-1373
-1616
-1637
-1504
-1605
-1745
-1769
-1912
-1908
-1766
-1896
-1912
-1718
-1799
-1863
-1749
-1714
-1723
-1436
-1450
-1529
-1295
-1142
-1208
-1206
-1013
-768
-612
-632
-684
-710
-547
-90
-119
-303
-76
-26
-54
118
170
112
341
357
285
496
398
219
598
874
694
673
508
337
779
1231
994
631
852
1155
1167
1128
1161
1279
1468
1755
1640
1273
1392
1675
1618
1510
1568
1470
1309
1328
1412
1375
1155
1027
976
847
847
789
513
452
545
467
278
85
33
134
141
-95
-289
-282
-275
-245
-351
-493
-511
-433
-482
-580
-593
-644
-685
-718
-761
-855
-906
-876
-850
-873
-910
-1024
-1162
-1149
-1055
-1017
-1102
-1163
-1087
-1131
-1151
-1035
-1092
-1074
-679
-726
-1129
-819
-486
-714
-502
-343
-709
-482
-217
-391
-304
-269
-293
-31
-125
-251
-68
-41
89
342
210
69
197
336
492
424
269
431
499
448
613
591
495
561
581
638
703
609
637
721
601
582
683
575
511
576
529
466
386
356
511
357
174
422
307
-22
139
198
-43
-10
51
-102
-102
-68
-89
-108
-18
88
112
20
98
289
259
254
351
376
406
459
413
441
583
557
567
597
435
514
628
442
322
466
391
243
227
148
-6
-28
-66
-283
-298
-148
-313
-527
-458
-515
-609
-590
-536
-689
-768
-670
-696
-735
-603
-692
-939
-782
-469
-655
-917
-677
-654
-663
-297
-483
-835
-449
-166
-276
-258
-288
-368
-182
90
-40
-169
-127
-151
19
287
-49
-211
189
222
27
107
156
-73
-14
278
122
-133
61
45
-80
114
103
-126
-144
-75
22
-27
-316
-348
-159
-109
-137
-271
-437
-348
-158
-149
-216
-301
-211
-44
-74
-18
65
53
143
313
322
348
416
441
519
596
628
600
581
700
874
875
688
744
962
908
850
903
926
895
919
1008
985
814
821
883
893
804
673
735
726
611
586
531
331
463
498
201
132
143
181
161
2
-209
-219
-278
-247
-90
-446
-681
-412
-441
-588
-419
-554
-813
-777
-491
-435
-929
-1050
-695
-713
-913
-878
-971
-1182
-960
-693
-982
-1233
-1011
-1039
-1206
-951
-1070
-1364
-1170
-957
-1043
-958
-995
-1240
-781
-584
-999
-930
-630
-681
-474
-365
-554
-458
-299
-305
-173
-107
-183
-37
157
213
171
186
281
439
545
528
367
436
769
862
601
581
713
829
872
788
657
714
920
874
800
806
826
799
947
938
853
954
1045
1051
1102
1146
1061
1052
1138
1122
1018
1115
1218
1120
1107
1135
1006
1014
1074
970
882
920
979
831
605
678
683
623
607
325
200
315
305
148
22
-109
-259
-263
-283
-520
-758
-730
-774
-899
-828
-1027
-1375
-1294
-1095
-1305
-1471
-1472
-1535
-1451
-1402
-1737
-1796
-1626
-1673
-1671
-1584
-1794
-1856
-1471
-1578
-1858
-1564
-1344
-1499
-1396
-1323
-1298
-1119
-1057
-1073
-932
-807
-799
-672
-531
-550
-438
-129
-249
-284
192
342
113
255
579
628
598
710
821
795
903
1121
1036
1011
1135
1181
1128
1213
1358
1321
1394
1373
1357
1479
1483
1345
1436
1606
1433
1315
1362
1333
1244
1412
1410
1035
1001
1237
1049
878
1019
911
729
790
676
456
529
523
320
280
361
251
21
133
205
-18
-125
-141
-190
-159
-193
-385
-301
-209
-475
-638
-473
-475
-559
-445
-646
-910
-692
-602
-923
-923
-783
-962
-1031
-921
-1047
-1168
-1122
-1080
-1037
-1040
-1254
-1403
-1102
-972
-1211
-1289
-1315
-1239
-1070
-1117
-1227
-1196
-1000
-898
-987
-947
-885
-874
-655
-576
-665
-598
-472
-300
-172
-179
-253
-141
182
263
169
436
510
363
688
855
674
819
1028
906
876
1141
1252
1154
1144
1198
1222
1350
1285
1106
1261
1334
1206
1244
1297
1072
1074
1203
1110
1087
1059
838
823
923
836
705
556
577
646
560
420
296
332
349
196
214
195
1
-27
-42
-95
-96
-232
-387
-359
-318
-395
-501
-577
-682
-632
-596
-864
-936
-775
-940
-1049
-887
-1054
-1174
-948
-1005
-1166
-1037
-1063
-1201
-1069
-997
-1149
-1068
-935
-988
-1084
-985
-886
-923
-839
-715
-688
-708
-586
-503
-575
-406
-225
-203
-263
-204
-22
11
77
214
252
287
389
397
469
619
692
685
644
609
766
859
781
841
908
897
894
1001
930
816
922
959
923
948
930
927
908
883
906
816
679
788
786
667
719
725
636
606
618
574
540
473
452
401
360
363
282
207
194
144
32
33
-66
-200
-145
-184
-402
-395
-294
-511
-632
-563
-696
-829
-731
-835
-975
-835
-845
-1062
-1053
-966
-1152
-1080
-905
-1148
-1186
-942
-1055
-1101
-912
-939
-1061
-920
-809
-897
-895
-771
-700
-662
-575
-563
-480
-377
-291
-236
-153
-33
-106
-136
133
229
60
187
346
250
375
501
348
424
714
718
483
547
786
710
699
747
707
754
829
787
696
733
737
779
827
781
723
682
698
752
772
717
612
613
750
794
574
430
588
639
509
467
473
444
405
406
319
242
270
220
164
191
181
99
-17
-59
17
-2
-225
-334
-270
-240
-308
-412
-488
-536
-494
-524
-599
-732
-755
-693
-698
-798
-844
-845
-904
-888
-823
-820
-948
-930
-776
-813
-826
-774
-860
-787
-634
-667
-681
-589
-559
-511
-431
-377
-341
-315
-245
-139
-32
-33
24
45
101
226
293
239
268
387
359
369
436
404
392
489
517
472
523
541
459
495
575
582
536
527
477
498
521
550
495
463
554
520
506
522
489
438
502
539
474
454
424
395
430
442
359
223
257
345
308
230
187
138
71
102
91
-34
-54
-6
-90
-156
-161
-226
-321
-336
-312
-274
-378
-524
-554
-474
-454
-492
-549
-619
-593
-498
-536
-684
-660
-552
-514
-569
-585
-571
-550
-552
-521
-442
-447
-486
-440
-381
-370
-350
-310
-286
-219
-103
-61
-164
-171
7
91
58
96
181
166
207
286
300
328
381
362
369
420
441
449
433
378
428
501
431
391
385
416
447
424
400
348
395
440
363
304
313
315
335
351
268
236
308
291
265
283
214
171
170
185
195
107
6
44
88
33
-20
-95
-114
-57
-67
-145
-243
-234
-150
-167
-264
-302
-267
-332
-310
-306
-355
-384
-438
-431
-359
-363
-428
-442
-434
-388
-398
-440
-475
-416
-351
-375
-360
-377
-401
-336
-272
-251
-265
-285
-303
-249
-175
-170
-173
-122
-95
-38
-2
-16
28
92
144
140
175
213
213
261
322
337
338
415
400
362
434
461
448
441
468
473
487
525
481
435
436
443
423
393
380
336
367
392
307
225
254
272
240
241
173
109
125
155
150
119
98
65
43
72
37
-15
-1
7
-27
-66
-107
-169
-177
-158
-182
-270
-316
-316
-300
-321
-347
-404
-459
-446
-424
-442
-475
-449
-450
-422
-406
-443
-490
-481
-414
-397
-384
-429
-413
-379
-369
-355
-374
-356
-340
-309
-307
-269
-258
-264
-212
-205
-226
-215
-151
-102
-121
-69
-11
3
27
39
67
108
166
204
184
195
288
316
297
367
436
396
447
478
480
525
558
557
544
563
533
522
573
575
543
546
534
522
552
513
428
490
540
485
424
422
392
387
384
305
215
221
243
174
106
86
22
-30
-1
-31
-119
-168
-166
-186
-207
-254
-342
-354
-328
-348
-398
-389
-397
-423
-407
-434
-466
-467
-445
-466
-486
-467
-466
-473
-475
-476
-484
-457
-385
-392
-388
-354
-340
-333
-338
-332
-332
-330
-312
-282
-288
-277
-275
-270
-207
-178
-144
-94
-115
-78
-31
-34
-42
-6
67
63
59
59
81
98
145
126
111
123
138
155
168
208
211
234
206
229
280
272
271
311
329
353
376
337
346
388
412
385
328
361
416
418
403
421
419
412
446
421
403
374
348
326
316
312
277
224
167
168
