7
-2
3
-3
-3
4
-4
-5
1
9
11
14
7
2
-2
0
1
0
13
16
3
11
10
3
7
2
4
11
10
5
6
9
18
15
6
9
5
-7
2
7
9
5
7
1
19
13
10
5
0
-4
-8
2
-13
-3
-2
-10
-15
3
3
-8
-13
-9
-13
-10
-13
-12
9
4
-12
-6
3
-10
-3
-13
-1
4
-2
-7
-14
-1
5
-8
-7
14
-1
7
0
-11
-2
0
-9
-6
2
-10
3
11
10
10
13
19
-2
-10
1
2
7
9
-11
-12
-10
5
1
-11
-22
-22
-20
-25
-25
-26
-22
-13
3
8
2
2
6
25
20
3
7
11
21
12
5
0
14
7
18
14
8
7
-1
-1
-4
1
-14
-3
-8
-11
-13
-18
-20
-2
-12
-26
-19
-18
-7
-15
-3
1
-10
-10
-15
-12
-12
1
-12
-2
24
11
11
7
-1
-1
-2
-3
-10
-8
3
-9
3
17
-2
-9
1
10
-1
4
-2
7
19
10
5
11
33
38
20
18
37
19
22
36
30
23
25
9
1
24
17
10
-1
13
0
-8
0
-16
-15
0
2
-17
16
6
-1
6
8
-8
-7
8
-7
4
3
-3
-18
11
3
-12
-18
-9
-4
-17
-17
-3
-1
-4
-2
3
22
22
12
9
-1
4
11
0
-9
12
13
-7
14
7
5
2
-11
-2
-2
-8
-13
-4
-18
-18
-8
-31
-9
-3
-15
-19
-5
-20
-22
1
-15
-25
-12
-13
-20
-15
-20
-19
-12
-15
-12
-31
-18
-5
-21
-8
1
-4
0
20
4
1
11
5
3
4
5
-4
17
25
8
11
14
5
5
8
6
-2
-1
18
20
8
31
25
0
10
-4
-13
5
0
-11
5
20
9
7
6
5
-3
16
27
5
7
20
12
1
8
-9
-3
13
11
6
-6
7
10
-4
4
18
-1
3
12
-10
11
25
-3
13
18
-2
1
0
-18
-4
-6
-13
6
-16
-9
-10
-25
3
-17
-44
-31
-31
-45
-33
-49
-45
-29
-35
-22
-43
-32
-7
-24
-18
7
-15
-13
16
-5
3
7
14
14
7
14
12
-6
1
-1
-23
-6
-12
-21
4
9
8
20
16
17
22
-6
-2
-3
-14
9
-15
-14
12
14
20
20
0
30
41
21
10
11
17
33
32
25
29
21
36
26
24
34
20
29
38
38
39
33
40
51
42
33
40
36
43
45
35
32
34
37
35
38
29
49
32
18
20
31
22
-15
6
-27
-38
-36
-56
-66
-58
-62
-83
-86
-99
-85
-109
-128
-122
-144
-140
-120
-136
-144
-112
-120
-118
-96
-106
-92
-85
-63
-57
-61
-45
-41
-25
-21
-12
-14
9
11
3
29
34
36
47
52
50
57
47
62
52
63
77
55
56
68
60
55
84
70
71
88
74
85
67
90
86
68
80
88
83
99
126
99
105
118
112
127
140
164
168
172
191
189
187
212
219
200
219
221
193
181
176
143
132
115
79
40
6
-2
-47
-91
-93
-165
-175
-176
-250
-248
-267
-341
-336
-348
-373
-395
-419
-407
-446
-440
-415
-466
-445
-408
-465
-439
-392
-428
-379
-358
-361
-299
-272
-227
-186
-162
-120
-97
-57
-4
-6
24
93
107
150
190
188
240
263
264
294
302
316
320
306
332
337
319
329
337
316
326
323
296
298
308
302
297
313
325
334
346
376
384
407
448
473
490
507
530
570
585
596
598
572
580
626
598
557
536
478
446
404
308
245
164
78
23
-93
-244
-274
-373
-501
-548
-693
-792
-841
-902
-978
-1049
-1091
-1117
-1168
-1200
-1188
-1225
-1246
-1212
-1223
-1235
-1365
-1371
-1044
-874
-1018
-1127
-1236
-1031
-405
-442
-859
-672
-299
-68
-60
-251
-153
252
516
509
365
454
869
895
834
946
843
818
971
1038
1030
879
713
848
937
856
646
487
679
742
430
289
309
344
454
255
131
310
404
386
340
422
561
539
603
818
814
869
1024
1051
1128
1154
1119
1129
1218
1298
1158
970
1066
1118
899
779
729
583
526
376
119
-9
-94
-262
-494
-670
-780
-945
-1106
-1182
-1322
-1463
-1589
-1717
-1745
-1775
-1859
-1895
-1916
-1906
-1842
-1811
-1804
-1730
-1656
-1575
-1487
-1421
-1291
-1207
-1192
-1059
-928
-777
-619
-616
-541
-447
-576
-134
155
-191
-111
-53
-169
369
511
-90
21
395
438
329
82
301
450
509
552
276
265
751
697
410
663
720
692
659
699
844
808
838
949
938
1075
1214
1089
1316
1552
1442
1535
1670
1809
1940
1890
1858
1994
2036
1996
1864
1840
1948
1739
1522
1568
1453
1319
1228
980
814
752
530
308
124
-21
-196
-470
-597
-687
-949
-1110
-1189
-1412
-1525
-1638
-1892
-1898
-1868
-2052
-2139
-2151
-2110
-2126
-2114
-2091
-2108
-2065
-1946
-2011
-1996
-1757
-1763
-1764
-1568
-1275
-1327
-1483
-1228
-936
-799
-683
-777
-1076
-670
-108
-354
-664
-546
-619
-251
177
-287
-566
-507
-358
120
54
-499
-313
36
316
373
-209
-30
540
812
826
519
592
1247
1403
1069
1187
1234
1562
1669
1538
1647
1655
1756
2027
1994
1909
2047
1959
2175
2393
2190
2143
2214
2315
2435
2171
1890
2102
2049
1901
1653
1421
1503
1419
1141
971
761
599
609
283
39
-59
-345
-464
-630
-896
-1067
-1325
-1517
-1537
-1744
-2031
-2045
-2102
-2155
-2295
-2409
-2232
-2323
-2368
-2217
-2356
-2228
-1906
-2211
-2082
-1734
-1866
-1577
-1450
-1774
-1495
-1160
-1170
-1128
-1036
-928
-759
-679
-620
-806
-668
-248
-311
-458
-423
-374
-256
-68
-199
-241
-255
-215
-164
-226
-236
-10
-4
-96
158
138
89
323
465
650
761
760
873
1000
1142
1274
1085
1158
1454
1538
1516
1515
1611
1771
1875
1845
1883
1975
2085
2216
2119
2111
2193
2176
2181
2148
2020
1960
1958
1884
1757
1548
1458
1433
1280
1065
889
733
676
480
220
38
-177
-272
-389
-684
-869
-972
-1108
-1285
-1472
-1626
-1645
-1780
-1878
-2058
-2108
-1888
-1894
-2019
-2106
-2124
-1984
-1863
-1937
-1872
-1680
-1713
-1653
-1569
-1535
-1415
-1415
-1358
-1269
-1135
-1085
-1012
-1217
-936
-739
-1018
-861
-668
-659
-727
-812
-812
-648
-500
-519
-648
-751
-511
-587
-589
-351
-280
-305
-261
-151
49
220
159
393
637
829
928
855
999
1366
1444
1359
1437
1606
1795
1767
1756
1900
2001
2160
2184
2057
2165
2353
2256
2302
2332
2333
2266
2227
2278
2238
2070
1963
1912
1755
1719
1555
1278
1231
1129
862
640
515
424
254
5
-193
-330
-501
-725
-916
-1034
-1181
-1308
-1436
-1704
-1770
-1713
-1915
-2038
-2083
-2165
-2104
-1978
-2218
-2020
-2000
-2109
-1804
-2044
-2062
-1458
-1626
-1845
-1428
-1556
-1475
-1155
-1456
-1335
-1136
-945
-848
-1188
-987
-639
-695
-638
-626
-979
-741
-484
-499
-509
-593
-562
-484
-576
-522
-396
-362
-167
-127
-218
-3
149
206
433
536
640
881
892
980
1166
1242
1274
1333
1402
1620
1616
1520
1763
1796
1835
1892
1879
1949
2108
2047
2051
2062
2080
2179
2024
2018
2134
2035
1926
1886
1768
1734
1660
1483
1411
1249
1117
1008
847
717
564
327
191
35
-161
-341
-615
-686
-748
-1074
-1239
-1252
-1481
-1542
-1556
-1808
-1961
-1881
-1873
-1984
-2100
-1920
-1758
-2089
-2179
-1815
-1838
-1845
-1671
-1737
-1737
-1427
-1486
-1734
-1554
-1259
-1177
-1233
-1140
-1026
-1106
-1124
-834
-724
-764
-810
-994
-817
-383
-508
-792
-747
-453
-441
-637
-623
-309
-145
-189
-277
-285
54
282
166
276
637
841
777
724
990
1300
1179
1042
1143
1424
1595
1496
1425
1581
1739
1790
1774
1705
1949
2124
1976
2024
2173
2181
2149
2138
2246
2250
2134
2095
2086
2013
1985
1773
1625
1624
1517
1269
1075
1001
893
675
446
272
55
-117
-300
-585
-777
-913
-1139
-1276
-1472
-1627
-1739
-1824
-1909
-2091
-2162
-2107
-2163
-2162
-2141
-2326
-2430
-2192
-1835
-2038
-2287
-1927
-1860
-1840
-1524
-1762
-1885
-1405
-1247
-1365
-1283
-1069
-1022
-1029
-901
-783
-666
-618
-745
-696
-417
-268
-367
-453
-414
-374
-314
-302
-264
-82
64
-77
-49
143
326
276
309
609
774
806
831
872
1042
1278
1164
1018
1270
1546
1527
1453
1498
1560
1772
1840
1727
1797
1994
2049
1976
1993
2150
2103
2074
2196
2209
2113
2099
2048
2006
2001
1832
1674
1555
1496
1323
1035
850
806
591
299
52
-121
-146
-326
-695
-892
-939
-1067
-1445
-1581
-1479
-1782
-2040
-1944
-2063
-2165
-2058
-2276
-2395
-2162
-2034
-2035
-2148
-2000
-1860
-1965
-1766
-1544
-1671
-1514
-1332
-1446
-1225
-1072
-1265
-1034
-764
-766
-861
-895
-623
-402
-427
-501
-674
-489
-160
-252
-438
-398
-425
-475
-466
-478
-377
-318
-330
-297
-198
-149
-60
-10
173
457
464
421
637
821
939
956
851
1127
1365
1320
1344
1370
1572
1841
1763
1680
1876
2043
2157
2155
2179
2332
2297
2286
2355
2362
2295
2279
2231
2164
2119
1959
1845
1688
1639
1469
1115
972
959
682
399
258
-5
-129
-308
-626
-745
-893
-1221
-1326
-1358
-1610
-1714
-1759
-2159
-2177
-1978
-2336
-2338
-1980
-2237
-2136
-1844
-2237
-2178
-1516
-1781
-2056
-1374
-1419
-1714
-1187
-1079
-1471
-1209
-886
-927
-991
-749
-701
-939
-699
-352
-629
-756
-508
-580
-621
-442
-443
-573
-553
-545
-671
-647
-433
-416
-509
-424
-336
-241
-129
-56
-13
259
526
455
518
666
858
1010
948
1035
1300
1382
1448
1483
1540
1740
1839
1798
1810
1989
2170
2133
2043
2219
2338
2189
2154
2215
2251
2248
2152
2040
2011
2009
1886
1667
1525
1525
1249
910
856
788
518
272
85
-82
-270
-403
-591
-916
-1042
-1092
-1343
-1505
-1623
-1785
-1706
-1952
-2208
-1860
-1849
-2261
-1997
-1891
-2136
-1727
-1692
-1873
-1561
-1538
-1376
-1451
-1686
-1157
-1072
-1579
-1060
-865
-1163
-901
-841
-936
-929
-877
-589
-597
-684
-499
-810
-892
-348
-338
-791
-757
-577
-688
-747
-629
-597
-499
-465
-479
-536
-388
-96
-83
-102
263
456
405
508
701
947
979
839
1041
1375
1421
1454
1392
1540
1965
1963
1775
1892
2155
2330
2282
2093
2258
2400
2413
2434
2294
2328
2429
2282
2105
2089
1965
1891
1769
1612
1427
1149
982
917
679
439
219
-90
-169
-326
-682
-873
-1087
-1195
-1221
-1680
-1904
-1544
-1717
-2099
-1943
-2039
-2310
-2108
-2065
-2313
-2092
-1895
-1848
-1886
-1904
-1809
-1601
-1342
-1295
-1347
-1364
-1210
-956
-1036
-1098
-845
-680
-737
-521
-732
-815
-339
-444
-526
-512
-750
-641
-424
-604
-603
-608
-775
-691
-715
-709
-666
-646
-499
-521
-618
-369
-252
-265
-57
170
243
355
491
598
822
914
970
1020
1313
1518
1455
1478
1667
1879
1993
1929
1844
2094
2352
2333
2203
2185
2368
2475
2361
2319
2291
2245
2247
2094
1923
1880
1777
1628
1519
1334
1153
1022
836
677
499
209
-55
-158
-267
-458
-697
-894
-1043
-1158
-1287
-1406
-1689
-1747
-1607
-1969
-2249
-1852
-1792
-2150
-1984
-2081
-2281
-1575
-1526
-2149
-1851
-1381
-1503
-1483
-1381
-1438
-1423
-1021
-705
-1246
-1033
-627
-973
-794
-615
-980
-716
-467
-683
-558
-683
-967
-590
-410
-670
-803
-759
-751
-689
-677
-583
-641
-652
-279
-338
-493
-68
55
-94
294
532
473
577
744
986
1036
1005
1271
1389
1438
1671
1611
1436
1855
2058
1803
1814
1999
2147
2208
2029
2087
2215
2216
2225
2106
2012
2105
2104
1955
1792
1713
1809
1567
1304
1343
1121
829
867
696
363
262
163
-79
-252
-390
-555
-806
-917
-907
-1235
-1532
-1536
-1548
-1673
-1840
-2040
-1929
-1955
-1947
-1979
-2178
-2040
-1737
-1803
-1953
-1778
-1668
-1593
-1591
-1406
-1440
-1497
-1151
-1129
-1168
-1019
-956
-937
-647
-589
-919
-710
-445
-321
-503
-781
-732
-329
-223
-470
-520
-650
-501
-379
-544
-485
-398
-437
-381
-270
-149
-100
-105
98
471
465
383
525
698
1029
1047
786
837
1294
1493
1302
1248
1458
1731
1766
1742
1667
1828
2113
2068
1915
2011
2226
2231
2157
2162
2136
2123
2088
2043
1909
1881
1801
1663
1561
1354
1237
1081
830
711
649
296
77
96
-155
-494
-620
-771
-962
-1064
-1291
-1603
-1576
-1508
-1713
-1955
-1970
-1898
-2081
-2259
-2021
-1999
-1896
-1778
-2252
-1987
-1712
-1787
-1602
-1638
-1455
-1055
-1470
-1517
-1074
-1211
-950
-915
-957
-634
-725
-654
-563
-685
-495
-207
-574
-719
-235
-274
-500
-484
-390
-670
-725
-412
-333
-502
-556
-338
-281
-234
-35
-114
-44
395
535
420
418
796
1024
990
911
1094
1326
1390
1475
1469
1584
1855
1911
1790
1856
2019
2137
2155
2026
2171
2212
2153
2297
2154
2082
2211
2113
1951
1946
1814
1655
1572
1420
1252
991
767
717
516
278
124
-112
-335
-463
-686
-881
-1093
-1276
-1341
-1570
-1859
-1894
-1905
-2157
-2127
-2114
-2303
-2354
-2082
-1896
-2082
-2150
-2033
-1841
-1792
-1700
-1618
-1516
-1157
-994
-1250
-1271
-754
-636
-843
-568
-365
-369
-393
-346
-346
-248
-8
-213
-528
-370
78
-124
-411
-350
-260
-483
-585
-412
-281
-379
-499
-378
-232
-113
-104
-115
27
428
612
404
286
727
1178
1033
742
928
1388
1489
1343
1350
1478
1757
1889
1715
1615
1869
2116
2015
1852
1976
2118
1927
1915
1994
1933
1826
1712
1661
1610
1577
1363
1142
1057
1049
852
520
374
391
228
-123
-361
-412
-493
-757
-970
-1077
-1266
-1350
-1407
-1661
-1757
-1734
-1826
-1963
-2122
-1937
-1931
-2189
-1940
-1579
-1782
-1922
-1791
-1701
-1327
-1233
-1334
-1183
-1259
-920
-368
-1060
-1182
-201
-380
-683
-301
-518
-667
-267
4
-187
-629
-618
-199
-254
-434
-200
-512
-795
-330
-223
-599
-711
-402
-246
-412
-416
-147
-135
-82
452
480
266
547
881
928
1044
1184
1162
1272
1553
1731
1443
1485
1904
1897
1742
1761
1871
1966
2093
2033
1938
1994
2070
2062
1868
1846
1916
1761
1649
1591
1476
1297
1195
1181
964
708
561
439
267
95
-57
-374
-522
-524
-676
-976
-1161
-1222
-1317
-1448
-1704
-1714
-1733
-1776
-1781
-1995
-2183
-2135
-1775
-1829
-2006
-1986
-2091
-1807
-1319
-1482
-1644
-1447
-1334
-1012
-1002
-1320
-864
-376
-604
-683
-403
-509
-666
-152
-218
-425
-26
-84
-617
-562
-89
-86
-441
-400
-236
-600
-643
-156
-322
-458
-178
-279
-375
-125
209
124
164
643
867
586
570
1154
1345
1205
1254
1302
1432
1632
1716
1567
1586
1951
2050
1753
1673
2095
2174
1940
1898
1940
1962
1909
1884
1764
1675
1723
1599
1337
1234
1360
1159
813
818
645
375
208
139
-12
-223
-391
-609
-802
-906
-922
-1185
-1417
-1432
-1491
-1774
-1901
-1972
-2027
-1878
-1997
-1975
-1802
-2280
-2178
-1440
-1875
-2245
-1334
-1278
-1905
-1422
-986
-1377
-1215
-553
-790
-1091
-530
-266
-838
-630
46
-354
-615
-178
-46
-215
-389
-452
-434
-169
9
-211
-503
-394
-315
-401
-302
-306
-120
-65
-299
-160
215
261
141
381
760
851
764
826
1096
1401
1541
1316
1221
1647
1859
1665
1516
1719
2003
1953
1796
1751
1956
2146
2079
1765
1802
2062
1934
1748
1626
1620
1681
1569
1308
1237
1244
1009
764
656
525
318
85
-73
-107
-257
-547
-819
-979
-925
-1085
-1496
-1626
-1545
-1652
-1887
-2083
-2062
-1987
-2119
-2232
-2025
-2004
-2281
-2068
-1825
-2037
-1785
-1359
-1779
-1898
-1010
-1011
-1589
-1274
-706
-797
-921
-433
-530
-877
-348
-155
-621
-428
28
-26
-248
-274
-53
-178
-308
118
184
-280
-379
-164
-122
-97
80
-3
-208
34
385
292
102
444
908
885
838
938
910
1039
1504
1523
1199
1297
1703
1737
1519
1593
1730
1746
1765
1870
1689
1712
2028
1975
1741
1778
1946
1876
1760
1761
1708
1499
1417
1462
1334
1102
1044
942
689
579
520
187
-70
58
-67
-621
-864
-722
-864
-1280
-1408
-1470
-1669
-1737
-1852
-2089
-2136
-1994
-2027
-2234
-2357
-2412
-2188
-1744
-2151
-2405
-1719
-1664
-1777
-1489
-1736
-1675
-967
-931
-1232
-1322
-934
-482
-662
-692
-588
-646
-363
-171
-329
-302
-286
-362
-96
-140
-281
-66
-171
-303
-187
-297
-399
-51
184
13
-171
-48
386
577
402
614
866
1007
1148
1131
993
1314
1709
1488
1381
1537
1733
1716
1607
1746
1913
1851
1865
1966
1896
1959
2138
2030
1971
2044
2104
1945
1778
1944
1933
1575
1450
1544
1392
1296
1163
865
743
615
393
141
-58
-42
-224
-654
-873
-911
-1136
-1320
-1538
-1737
-1760
-2019
-2149
-2197
-2406
-2443
-2389
-2394
-2376
-2446
-2331
-2062
-2263
-2267
-1919
-2008
-1915
-1399
-1472
-1695
-1265
-1048
-1415
-1035
-581
-982
-801
-288
-598
-804
-318
-249
-456
-190
-287
-663
-238
144
-168
-383
-212
-184
-265
-231
-129
70
79
121
103
126
487
702
594
764
1178
1210
1049
1134
1403
1654
1576
1356
1635
1834
1706
1724
1769
1832
1998
2026
1745
1873
2260
2199
1924
1874
2174
2112
1871
1940
1953
1784
1839
1670
1389
1484
1487
1129
906
947
836
453
271
315
99
-272
-517
-670
-847
-919
-1179
-1558
-1777
-1733
-1812
-2166
-2296
-2194
-2327
-2350
-2251
-2296
-2574
-2508
-2077
-1892
-2289
-2246
-1808
-1851
-1805
-1386
-1615
-1816
-1034
-843
-1505
-1222
-760
-874
-641
-888
-921
-606
-620
-379
-397
-797
-549
-309
-478
-387
-367
-454
-521
-607
-409
-336
-233
-145
-181
-68
209
323
352
568
931
1129
1074
1139
1261
1610
1796
1679
1573
1755
2165
2098
1766
1850
2195
2245
2179
1983
2053
2339
2367
2255
2097
2147
2270
2206
2028
2038
2070
1879
1755
1654
1571
1499
1276
1124
1002
761
546
349
210
116
-124
-512
-700
-777
-947
-1243
-1486
-1542
-1573
-1803
-2086
-2195
-2302
-2237
-2133
-2345
-2583
-2509
-2192
-2200
-2487
-2360
-2024
-2019
-1913
-1925
-2017
-1554
-1469
-1604
-1370
-1419
-1102
-815
-1252
-951
-530
-1065
-856
-297
-676
-687
-419
-717
-662
-244
-343
-525
-414
-343
-367
-589
-490
14
32
-289
-100
296
309
426
575
715
993
1274
1290
1038
1311
1968
2023
1492
1586
2059
2015
1874
1819
1948
2025
2059
2073
1804
1924
2252
2170
1847
1975
2203
2038
1896
1964
2023
1783
1651
1691
1599
1454
1447
1308
968
985
895
517
346
354
200
-137
-445
-518
-658
-956
-1138
-1254
-1465
-1643
-1785
-1994
-2153
-2031
-1952
-2346
-2447
-2272
-2265
-2237
-2336
-2470
-1917
-1704
-2107
-2046
-1939
-1735
-1349
-1546
-1742
-1412
-1151
-1117
-1113
-1174
-914
-955
-1058
-675
-668
-838
-679
-696
-785
-458
-545
-715
-400
-306
-500
-779
-610
-75
92
-264
-389
-30
391
493
325
387
948
1433
1270
1033
1118
1606
1874
1674
1491
1699
1915
1854
1778
1729
1947
2102
1951
1879
1987
2116
2156
2069
2069
2235
2268
2077
2076
2182
2149
1999
1809
1824
1881
1702
1491
1405
1245
1065
829
490
413
363
162
-150
-560
-759
-773
-969
-1226
-1377
-1568
-1742
-1896
-1952
-2203
-2441
-2367
-2231
-2230
-2474
-2586
-2522
-2418
-1979
-2089
-2475
-2130
-1611
-1750
-1933
-1786
-1486
-1312
-1243
-1089
-1400
-1224
-658
-932
-1329
-988
-570
-576
-610
-690
-844
-953
-635
-305
-603
-688
-585
-596
-567
-410
-354
-251
-207
-54
136
123
287
684
842
887
1279
1220
1110
1338
1691
1873
1738
1687
1809
1871
1901
1821
1703
1969
2254
1954
1741
2085
2317
2330
2209
2101
2202
2303
2180
2079
2005
2014
2074
1816
1584
1664
1584
1372
1254
1117
907
676
532
503
301
-50
-277
-456
-566
-691
-1046
-1348
-1351
-1529
-1780
-1925
-2100
-2037
-1943
-2304
-2486
-2304
-2199
-2153
-2265
-2375
-2087
-1805
-2116
-2149
-1952
-2067
-1658
-1272
-1716
-1734
-1190
-1260
-1337
-1068
-1099
-1317
-1158
-665
-801
-910
-640
-790
-937
-629
-669
-841
-402
-329
-618
-723
-689
-440
-76
-94
-341
-84
222
369
383
404
740
1206
1349
1085
960
1319
1852
1833
1578
1637
1883
1883
1913
1772
1834
2230
2180
1898
1816
2086
2281
2132
2103
2190
2148
2116
2121
1951
2008
2164
1884
1707
1796
1748
1434
1358
1390
1156
904
724
498
423
348
45
-338
-487
-638
-807
-953
-1254
-1464
-1604
-1702
-1860
-2030
-2161
-2284
-2226
-2133
-2510
-2615
-2035
-2127
-2307
-1976
-2099
-2240
-1933
-1827
-1824
-1860
-1381
-1203
-1812
-1526
-1062
-1279
-1101
-857
-1332
-1163
-650
-807
-1030
-907
-863
-787
-765
-854
-678
-531
-581
-559
-812
-830
-359
-83
-222
-287
-54
193
471
499
611
845
1250
1440
1345
1120
1501
1986
1912
1701
1756
1892
1961
1948
1902
2094
2126
2114
2007
1989
2187
2335
2159
2056
2270
2345
2139
1959
2014
2124
2059
1837
1712
1723
1752
1586
1327
1145
1063
960
736
545
375
146
19
-279
-606
-747
-855
-1056
-1352
-1566
-1694
-1800
-1970
-2154
-2335
-2262
-2028
-2426
-2682
-2439
-2329
-2048
-2082
-2501
-2457
-2059
-1811
-1751
-2026
-1717
-1388
-1538
-1412
-1370
-1592
-1243
-839
-1033
-1338
-1158
-810
-811
-847
-857
-958
-852
-546
-445
-584
-721
-606
-484
-470
-467
-271
-90
-200
-276
138
307
240
482
798
956
1108
1265
1072
1176
1631
1835
1511
1452
1930
1936
1697
1691
1872
2081
2033
1905
1822
1988
2297
2317
1988
2053
2364
2273
2097
2026
2148
2276
2112
1907
1848
1812
1771
1642
1448
1285
1126
922
719
594
457
220
-100
-349
-424
-634
-959
-1168
-1205
-1407
-1725
-2028
-2029
-2044
-2229
-2196
-2240
-2446
-2332
-2124
-2352
-2408
-2406
-2107
-1890
-2143
-2061
-1731
-1783
-1665
-1664
-1698
-1336
-1354
-1386
-1084
-1139
-1265
-1112
-1119
-913
-643
-849
-1173
-1084
-750
-485
-711
-1022
-630
-364
-858
-888
-508
-200
-128
-348
-256
144
345
389
530
718
1189
1322
974
988
1521
1880
1634
1354
1750
2106
1867
1691
1910
2058
2167
2221
1809
1889
2302
2324
2058
1971
2253
2366
2105
2012
2209
2210
2148
1996
1717
1713
1880
1672
1330
1240
1283
1053
675
569
566
346
16
-212
-438
-578
-613
-890
-1277
-1452
-1434
-1577
-1922
-1957
-1907
-2073
-2194
-2060
-2277
-2411
-2156
-1941
-2209
-2329
-2110
-2023
-1936
-1719
-1880
-2022
-1598
-1421
-1459
-1460
-1567
-1486
-1249
-1108
-1197
-1554
-1349
-904
-933
-1056
-1206
-1347
-974
-629
-716
-924
-992
-815
-553
-601
-640
-173
-82
-301
52
398
212
336
756
1027
1218
1263
1161
1190
1553
2038
1839
1334
1723
2270
2040
1753
1892
2102
2163
2196
2023
1916
2253
2573
2300
2008
2313
2480
2202
2093
2254
2144
1973
1946
1843
1691
1689
1642
1386
1135
1118
969
569
500
520
283
-159
-379
-369
-555
-848
-1043
-1184
-1336
-1466
-1667
-1849
-1949
-1973
-2026
-2106
-2309
-2394
-2041
-2235
-2518
-1752
-1873
-2514
-2148
-1910
-1916
-1829
-1701
-1631
-1760
-1671
-1297
-1610
-1733
-972
-920
-1548
-1488
-859
-772
-912
-1020
-1224
-1034
-746
-733
-845
-945
-779
-599
-800
-797
-449
-232
-309
-295
-25
232
267
299
629
980
1161
1045
1009
1308
1692
1746
1524
1641
1870
2003
1858
1696
1924
2173
2210
2022
1947
2188
2445
2382
2139
2319
2451
2307
2257
2214
2243
2229
2151
1921
1780
1817
1735
1516
1367
1360
1035
699
683
574
334
99
-111
-292
-462
-668
-898
-1146
-1251
-1274
-1558
-1970
-1920
-1830
-1971
-2085
-2078
-2116
-2330
-2260
-1992
-2079
-2156
-1929
-2267
-2173
-1414
-1636
-2183
-1734
-1377
-1488
-1385
-1422
-1618
-1280
-783
-1134
-1632
-1371
-866
-788
-977
-1128
-1115
-999
-767
-739
-944
-837
-697
-869
-774
-542
-352
-201
-399
-309
199
314
91
265
768
1155
1197
953
918
1287
1824
1811
1293
1421
1969
1992
1687
1703
2012
2163
2212
2026
1871
2088
2379
2325
2052
2210
2376
2158
2068
2200
2223
2000
1909
1925
1849
1720
1582
1440
1185
1195
1080
584
380
557
500
44
-295
-390
-420
-606
-934
-1064
-1237
-1369
-1420
-1785
-2068
-1929
-1718
-1940
-2194
-2210
-2188
-1981
-1994
-2125
-2113
-2117
-1998
-1807
-1836
-1925
-1904
-1677
-1440
-1569
-1545
-1585
-1552
-1033
-1059
-1580
-1476
-1195
-1057
-748
-990
-1391
-1154
-784
-750
-880
-915
-967
-892
-695
-613
-582
-348
-189
-216
-25
283
328
298
704
1171
1232
1154
1116
1272
1791
2106
1757
1531
1992
2294
2068
1858
1923
2273
2419
2237
1875
1962
2412
2516
2206
2038
2225
2287
2213
2004
1983
2072
1977
1711
1586
1570
1498
1327
1150
1004
851
569
358
325
274
89
-321
-553
-596
-716
-917
-1179
-1340
-1379
-1570
-1820
-1848
-1935
-2033
-1942
-2003
-2133
-2297
-2137
-1975
-2023
-2089
-2065
-2066
-2118
-1667
-1487
-2082
-1884
-1117
-1627
-1859
-1100
-1330
-1570
-883
-922
-1708
-1327
-510
-894
-1242
-940
-864
-966
-801
-575
-802
-993
-693
-481
-770
-662
-48
-113
-452
-84
403
285
174
692
1119
1096
1175
1290
1283
1433
2019
1958
1409
1692
2317
2184
1722
1968
2273
2215
2102
2093
2083
2116
2352
2370
1980
2083
2378
2101
1821
2067
2121
1759
1646
1667
1541
1362
1384
1278
932
853
812
415
231
310
169
-339
-453
-554
-808
-935
-1118
-1255
-1382
-1524
-1753
-1786
-1860
-2101
-2070
-1869
-2139
-2432
-2200
-2047
-2277
-1939
-1804
-2292
-2249
-1668
-1719
-2023
-1649
-1418
-1733
-1484
-1107
-1449
-1305
-775
-1158
-1521
-955
-810
-948
-718
-919
-1119
-778
-666
-825
-886
-767
-653
-720
-732
-414
-154
-303
-325
-22
286
449
504
563
1001
1498
1485
1286
1263
1677
2137
1991
1635
1851
2259
2214
2045
2011
2100
2288
2345
2053
1950
2212
2390
2253
2039
2143
2244
2045
1857
1977
2021
1814
1634
1530
1427
1420
1325
1072
914
876
712
349
229
274
48
-335
-507
-597
-769
-968
-1182
-1440
-1573
-1536
-1757
-2193
-2190
-2022
-2080
-2284
-2375
-2281
-2474
-2488
-1957
-1985
-2434
-2091
-1966
-2179
-1800
-1615
-1870
-1627
-1330
-1476
-1510
-1421
-1162
-857
-1214
-1337
-852
-761
-955
-823
-933
-1069
-541
-408
-813
-761
-468
-486
-633
-549
-234
-53
-148
-141
166
336
639
802
648
1025
1600
1585
1270
1417
1860
2130
2003
1760
1912
2198
2187
2050
1964
2092
2292
2242
1967
1941
2281
2238
1985
1976
2145
2138
1892
1824
1869
1870
1789
1589
1342
1370
1531
1167
804
955
953
586
341
249
172
95
-156
-551
-653
-645
-814
-1155
-1389
-1414
-1559
-1653
-1943
-2185
-2131
-2056
-2123
-2198
-2360
-2301
-2171
-2199
-2138
-2371
-2218
-1818
-1992
-2077
-1894
-1747
-1440
-1645
-1785
-1411
-1475
-1247
-997
-1560
-1470
-727
-874
-1186
-939
-1063
-967
-560
-662
-764
-711
-700
-574
-520
-557
-138
-14
-261
-107
280
441
613
719
864
1262
1421
1386
1343
1492
2002
2293
1847
1665
2183
2334
2142
2119
2179
2299
2397
2348
2115
2152
2492
2474
2049
1952
2298
2157
1889
2021
2038
1803
1691
1672
1470
1466
1376
1110
895
792
796
477
195
243
205
-79
-425
-561
-569
-775
-1053
-1192
-1368
-1565
-1583
-1859
-2194
-2214
-2126
-2146
-2379
-2552
-2422
-2250
-2191
-2353
-2446
-2402
-2159
-1819
-1948
-2177
-2137
-1907
-1736
-1549
-1655
-1724
-1372
-1246
-1315
-1422
-1421
-1100
-787
-875
-1089
-1189
-921
-443
-604
-693
-540
-603
-525
-373
-266
30
252
92
109
456
701
754
793
1166
1633
1634
1484
1546
1777
2216
2228
1885
1868
2311
2429
2162
2047
2242
2499
2297
2024
2033
2226
2265
2160
2020
1923
2022
1972
1800
1743
1744
1760
1475
1232
1378
1402
1056
920
992
778
551
374
259
165
155
-50
-449
-534
-501
-713
-1093
-1202
-1191
-1432
-1657
-1790
-2048
-1995
-1900
-2159
-2434
-2341
-2182
-2223
-2334
-2315
-2250
-2228
-1832
-1888
-2523
-2250
-1538
-1711
-1829
-1649
-1714
-1586
-1195
-1209
-1495
-1459
-1134
-918
-1107
-1212
-1149
-1151
-825
-530
-674
-770
-782
-796
-376
-269
-399
-24
-36
-181
358
574
349
728
1026
1174
1494
1482
1360
1570
1984
2205
2007
1719
2051
2414
2288
2227
2170
2210
2405
2258
2081
2195
2201
2214
2217
2017
1977
2120
1975
1839
1860
1839
1672
1492
1484
1512
1341
1129
1081
931
765
636
490
420
343
8
-142
-306
-524
-532
-683
-1002
-1138
-1240
-1452
-1612
-1756
-1926
-1958
-1912
-2030
-2362
-2425
-2215
-2222
-2038
-2084
-2404
-2362
-1980
-1827
-2161
-2352
-1843
-1474
-1729
-1901
-1756
-1641
-1379
-1253
-1504
-1641
-1221
-841
-1128
-1504
-1402
-832
-588
-807
-896
-851
-956
-773
-409
-398
-313
-121
-148
-40
303
451
469
662
1070
1453
1432
1149
1307
1615
2134
2428
1792
1735
2250
1961
2049
2559
2274
2036
2295
2177
2012
2120
2231
2120
2027
2229
2098
1682
1713
2174
1964
1565
1551
1522
1428
1495
1363
1132
1012
905
844
509
426
585
374
-54
-84
-119
-370
-569
-715
-813
-1018
-1343
-1469
-1665
-1872
-1718
-1754
-2293
-2282
-2009
-2236
-2340
-1957
-2159
-2276
-1993
-2278
-2245
-1871
-1900
-1994
-1782
-1843
-1729
-1608
-1605
-1483
-1334
-1440
-1508
-1234
-1127
-1060
-1171
-1253
-1038
-876
-736
-789
-897
-744
-662
-794
-639
-316
-239
-245
-242
-14
305
544
554
649
972
1407
1492
1224
1338
1645
1987
2174
2008
1873
2118
2064
1998
2269
2233
2102
2156
2025
1956
2150
2101
1913
1947
2071
1985
1726
1710
1944
1835
1600
1549
1420
1350
1444
1263
1021
1086
949
678
575
534
448
297
32
-57
-171
-335
-510
-682
-842
-917
-1059
-1304
-1421
-1545
-1712
-1797
-1857
-2101
-2068
-2111
-2251
-2112
-1896
-2065
-2381
-2301
-1958
-1822
-1790
-1831
-2011
-1728
-1544
-1666
-1612
-1666
-1475
-1322
-1588
-1308
-1000
-1260
-1258
-1128
-1171
-1040
-915
-928
-865
-692
-739
-900
-781
-373
-14
-270
-459
2
379
404
520
613
865
1350
1420
1266
1355
1674
2002
1942
1644
1899
2213
2093
2007
2169
2180
2203
2143
2034
2051
2118
2198
1984
1891
2080
2096
1782
1713
1888
1797
1587
1499
1414
1449
1427
1197
974
936
965
749
479
420
474
245
-44
-162
-198
-329
-552
-771
-897
-1020
-1182
-1295
-1473
-1617
-1557
-1675
-1917
-1917
-1911
-2122
-2003
-1710
-2077
-2011
-1840
-2232
-1918
-1537
-2016
-1817
-1441
-1807
-1763
-1493
-1536
-1573
-1410
-1264
-1405
-1353
-950
-928
-1292
-1088
-873
-964
-796
-541
-531
-725
-745
-622
-571
-449
-152
-60
-163
-54
290
293
316
624
809
975
1207
1209
1196
1405
1586
1722
1768
1595
1723
1885
1828
1920
1823
1908
1953
1811
1845
1868
1740
1922
2012
1706
1752
1845
1739
1694
1625
1573
1505
1450
1411
1290
1147
1140
1115
846
726
698
580
479
325
128
19
-208
-298
-277
-614
-903
-826
-1065
-1313
-1266
-1487
-1643
-1507
-1656
-1913
-1904
-1946
-1904
-1862
-1901
-1969
-1749
-1803
-2033
-1735
-1651
-1790
-1456
-1498
-1835
-1503
-1247
-1327
-1336
-1233
-1245
-1313
-1096
-942
-1119
-1165
-946
-883
-945
-747
-604
-713
-754
-496
-402
-390
-257
-102
-34
-10
172
360
418
583
894
980
1037
1215
1332
1384
1568
1657
1676
1678
1713
1901
1854
1776
1864
1905
1832
1791
1789
1847
1825
1725
1714
1716
1748
1716
1561
1493
1547
1474
1327
1213
1156
1265
1243
1024
884
818
738
635
475
299
291
155
-16
-141
-330
-415
-450
-607
-757
-904
-1077
-1203
-1269
-1261
-1485
-1712
-1634
-1604
-1804
-1739
-1805
-1917
-1686
-1809
-1919
-1754
-1884
-1713
-1513
-1850
-1576
-1328
-1708
-1504
-1191
-1389
-1241
-1112
-1266
-1266
-983
-845
-1018
-1071
-991
-779
-719
-669
-464
-543
-614
-430
-412
-380
-120
67
15
15
202
508
560
540
881
1027
1131
1278
1227
1215
1469
1672
1604
1527
1529
1617
1612
1660
1768
1659
1590
1620
1616
1723
1734
1539
1531
1649
1642
1500
1368
1396
1460
1417
1309
1119
1026
1099
1109
926
810
826
711
580
563
462
379
204
-30
-97
-154
-309
-454
-529
-713
-798
-1015
-1208
-1141
-1119
-1303
-1536
-1642
-1654
-1668
-1699
-1704
-1759
-1746
-1581
-1683
-2027
-1828
-1439
-1515
-1559
-1549
-1616
-1495
-1185
-1170
-1367
-1330
-976
-1001
-1209
-898
-744
-893
-758
-629
-871
-763
-387
-333
-382
-282
-505
-588
-280
30
123
45
42
253
396
416
504
691
973
1165
1079
963
1065
1317
1473
1408
1325
1375
1498
1546
1609
1569
1592
1697
1592
1485
1570
1565
1587
1616
1557
1521
1375
1332
1397
1354
1328
1308
1168
1089
1115
1063
955
928
803
648
547
406
395
302
126
-12
-162
-313
-436
-549
-661
-771
-953
-1086
-1186
-1243
-1226
-1380
-1632
-1638
-1588
-1697
-1631
-1649
-1705
-1528
-1627
-1703
-1573
-1766
-1546
-1192
-1709
-1640
-1180
-1456
-1437
-1179
-1297
-1218
-1036
-893
-846
-1071
-810
-517
-632
-579
-428
-620
-476
-1
36
-149
-250
-139
76
142
199
339
353
380
531
525
497
702
851
971
1112
991
977
1008
1093
1290
1199
1022
1169
1372
1268
1171
1146
1243
1416
1370
1245
1191
1303
1437
1354
1212
1257
1318
1219
1198
1202
1143
1162
1154
1060
993
977
922
801
725
696
633
442
363
330
255
134
-98
-299
-351
-390
-528
-757
-903
-982
-1084
-1200
-1300
-1400
-1460
-1425
-1540
-1665
-1599
-1608
-1660
-1459
-1524
-1680
-1535
-1598
-1720
-1382
-1351
-1454
-1306
-1384
-1401
-1134
-1036
-1137
-1045
-954
-865
-723
-763
-683
-483
-398
-310
-312
-442
-226
60
27
50
25
85
223
260
384
443
430
592
704
567
640
822
849
926
1028
1024
979
908
957
1119
1090
1021
1039
1033
1039
1170
1152
1060
1145
1206
1215
1128
1102
1254
1259
1159
1156
1142
1065
1146
1156
1064
1046
1016
964
895
863
852
653
556
527
399
279
254
142
-20
-118
-291
-466
-569
-632
-713
-863
-1025
-1077
-1178
-1246
-1250
-1353
-1408
-1358
-1476
-1524
-1484
-1386
-1259
-1408
-1442
-1371
-1459
-1404
-1254
-1287
-1247
-1071
-1199
-1187
-894
-907
-965
-835
-689
-600
-469
-630
-566
-375
-309
-205
-328
-316
-63
-8
-62
183
168
62
242
292
360
472
414
404
585
731
737
598
647
811
796
716
677
695
858
871
730
763
783
745
781
825
791
798
798
786
826
920
893
819
881
1036
1003
926
940
947
1018
1036
927
863
912
883
787
759
701
686
675
576
533
391
251
222
143
-56
-85
-107
-302
-390
-421
-630
-727
-742
-826
-823
-999
-1187
-1086
-1159
-1393
-1158
-1171
-1387
-1172
-1225
-1501
-1324
-1109
-1123
-1201
-1265
-1251
-1170
-1179
-1088
-1004
-962
-851
-929
-952
-737
-571
-612
-514
-477
-345
-210
-329
-293
-60
93
88
71
144
292
361
314
355
474
550
542
519
543
724
760
670
658
656
692
756
757
747
793
754
697
689
730
657
582
587
548
532
551
571
546
562
661
619
561
618
695
705
764
788
764
696
724
773
723
685
696
700
605
662
631
487
430
419
372
223
125
93
29
-54
-106
-223
-366
-391
-475
-531
-634
-803
-809
-793
-921
-889
-934
-1154
-1153
-1115
-1186
-1145
-1124
-1204
-1086
-1118
-1294
-1102
-975
-1116
-1039
-906
-926
-935
-882
-848
-674
-628
-601
-491
-552
-436
-193
-260
-274
5
24
-12
142
106
175
270
281
333
394
406
416
520
527
505
499
527
522
522
595
559
517
589
613
503
465
523
490
466
471
409
382
400
453
465
412
458
464
482
538
517
507
576
519
544
668
574
536
650
673
592
601
607
577
553
532
534
511
429
373
313
230
262
197
86
42
33
62
-5
-214
-266
-213
-251
-360
-554
-579
-538
-679
-624
-535
-837
-834
-782
-989
-896
-655
-836
-1006
-891
-814
-778
-959
-1050
-812
-632
-714
-771
-888
-758
-460
-502
-689
-538
-406
-402
-214
-231
-309
-88
14
-71
-54
32
41
63
178
287
272
218
312
403
381
388
474
437
425
472
431
349
367
388
413
380
314
394
366
372
443
364
272
332
345
321
313
189
164
259
210
208
214
204
208
222
254
223
232
236
215
178
209
133
128
194
171
182
163
176
190
257
245
235
277
295
345
414
365
258
270
368
398
306
196
127
179
218
169
16
-126
-62
-12
-100
-221
-363
-372
-294
-422
-566
-545
-645
-565
-450
-613
-729
-747
-731
-670
-597
-706
-772
-646
-579
-587
-516
-665
-689
-357
-332
-436
-373
-447
-374
-174
-218
-313
-225
-170
-66
20
-89
-80
-34
81
206
126
50
144
271
315
339
297
264
346
373
382
344
283
303
310
308
255
220
171
169
203
167
122
36
21
46
-1
-45
-47
-24
-6
-10
12
15
54
151
164
140
230
223
203
287
335
350
351
331
400
506
540
514
491
497
540
529
552
566
490
544
595
495
468
498
353
302
343
279
229
177
124
132
115
-35
-28
-10
-87
-63
-121
-280
-284
-331
-361
-378
-544
-488
-482
-599
-541
-600
-765
-643
-632
-731
-681
-773
-745
-669
-756
-660
-640
-803
-621
-444
-752
-624
-465
-592
-455
-342
-433
-408
-297
-273
-222
-229
-141
-120
-198
-39
57
-21
-27
18
61
101
94
67
105
111
127
169
84
63
123
92
66
97
76
61
117
134
227
162
115
270
273
220
282
309
270
391
436
391
464
507
531
546
558
606
661
634
674
717
723
742
729
689
731
795
753
663
748
751
665
673
603
527
552
556
488
434
369
372
335
269
237
175
61
94
33
-80
-65
-141
-218
-201
-354
-350
-342
-572
-581
-513
-663
-704
-653
-790
-827
-784
-888
-943
-890
-879
-960
-973
-911
-1001
-925
-862
-969
-927
-822
-894
-855
-736
-866
-799
-674
-721
-621
-572
-557
-512
-468
-409
-318
-317
-305
-218
-229
-149
-106
-72
12
45
99
161
184
189
290
324
341
435
415
401
451
517
481
498
548
554
578
560
540
547
601
665
591
590
617
636
677
663
609
608
682
699
694
725
735
711
675
732
714
656
707
701
720
673
639
626
623
664
631
547
477
553
548
468
418
356
374
363
237
181
92
1
41
-30
-181
-207
-247
-378
-426
-424
-497
-516
-622
-731
-759
-762
-856
-933
-921
-973
-955
-1046
-1116
-1104
-1065
-1086
-1148
-1182
-1151
-1070
-1160
-1128
-1073
-1103
-1036
-961
-1085
-991
-785
-941
-842
-609
-740
-708
-473
-457
-388
-229
-257
-229
-73
66
86
24
168
374
336
381
502
470
549
696
620
576
739
766
759
762
794
898
871
838
855
824
832
849
829
801
864
835
799
771
780
853
800
724
752
716
662
668
686
618
629
646
562
582
622
578
530
512
485
443
360
342
330
266
223
216
156
81
54
23
-35
-58
-97
-166
-227
-243
-265
-349
-365
-387
-458
-498
-549
-605
-616
-607
-672
-780
-795
-776
-842
-917
-917
-968
-1009
-963
-1070
-1099
-1001
-1013
-1084
-1064
-1069
-1074
-1012
-1009
-1006
-1018
-1026
-937
-843
-820
-721
-719
-716
-569
-441
-414
-365
-282
-220
-46
32
28
106
228
307
409
471
472
597
706
734
751
804
839
847
911
963
960
919
923
1018
1042
1057
1011
961
1002
1040
973
912
902
892
901
890
838
788
714
680
691
645
592
555
503
468
456
394
310
276
287
220
178
126
94
86
66
-34
-127
-116
-167
-193
-220
-297
-352
-374
-448
-412
-371
-460
-488
-510
-511
-489
-522
-622
-617
-621
-680
-695
-717
-728
-713
-747
-755
-728
-772
-770
-755
-792
-751
-735
-773
-767
-713
-713
-658
-631
-627
-611
-629
-582
-537
-452
-466
-420
-404
-339
-308
-263
-182
-223
-199
-54
14
7
122
168
138
246
297
300
367
471
538
518
564
650
656
690
813
804
767
869
917
941
982
963
917
924
963
944
905
858
885
870
827
833
800
670
658
636
550
520
452
372
334
326
277
183
76
16
3
-102
-157
-202
-275
-304
-312
-393
-472
-429
-458
-469
-519
-563
-602
-625
-578
-559
-568
-614
-653
-679
-612
-613
-671
-688
-672
-638
-665
-675
-653
-624
-615
-603
-603
-627
-570
-470
-484
-465
-439
-466
-413
-381
-320
-288
-303
-267
-173
-130
-91
-63
-67
5
101
164
141
144
250
308
274
275
356
323
332
448
418
447
533
526
492
549
588
525
495
510
523
457
450
482
457
472
484
428
427
468
424
416
437
424
425
399
368
345
386
337
287
298
283
280
257
226
170
168
135
73
37
49
47
17
-16
-49
-37
-68
-92
-138
-165
-218
-283
-268
-282
-299
-330
-379
-400
-421
-415
-414
-477
-483
-496
-505
-534
-581
-541
-560
-567
-555
-569
-588
-584
-526
-528
-490
-472
-474
-452
-388
-351
-360
-357
-291
-212
-200
-218
-170
-130
-90
-28
-26
-3
49
138
153
200
220
226
231
271
305
328
322
333
386
414
407
393
380
419
466
424
407
421
426
390
399
393
364
377
376
318
320
323
307
295
318
306
268
248
250
256
266
213
147
137
183
167
108
83
64
60
32
14
-34
-52
-86
-88
-99
-127
-133
-136
-157
-171
-159
-194
-206
-226
-245
-260
-309
-333
-316
-281
-321
-311
-318
-312
-291
-313
-341
-326
-353
-359
-319
-313
-293
-310
-315
-307
-231
-217
-214
-223
-273
-229
-160
-162
-148
-81
-33
-29
-12
-11
14
46
60
78
95
135
168
173
179
192
215
223
254
246
256
261
242
269
258
260
269
262
281
281
268
262
233
235
245
246
224
253
221
219
180
183
191
160
167
172
131
96
109
80
49
33
3
-36
-2
-39
-94
-111
-125
-136
-136
-161
-176
-175
-198
-205
-209
-211
-204
-232
-231
-211
-218
-172
-157
-175
-174
-140
-108
-113
-137
-125
-150
-148
-121
-119
-101
-120
-94
-69
-70
-29
-52
-34
-9
-29
-34
-12
-6
0
-2
-37
-17
20
-1
-13
-28
-9
-8
51
82
56
67
66
28
54
96
80
69
68
49
46
78
63
52
57
82
62
80
92
121
138
93
101
116
115
146
154
140
134
143
142
164
164
150
176
141
154
172
138
104
103
86
83
39
-8
16
27
5
-38
-42
-53
-57
-104
-149
-136
-155
-158
-153
-197
-208
-203
-211
-205
-178
-191
-211
-209
-222
-209
-176
-189
-189
-186
-174
-127
-133
-146
-131
-103
-117
-82
-66
-93
-24
-41
-29
14
4
12
43
76
67
53
43
75
74
75
59
38
69
89
106
75
70
109
111
114
120
95
123
115
81
100
81
94
92
91
109
103
83
83
102
105
136
126
109
100
100
74
80
98
74
101
94
110
99
88
118
114
125
134
84
49
74
86
38
34
6
28
41
-10
-20
-62
-50
-53
-85
-133
-105
-113
-121
-141
-184
-190
-182
-171
-164
-152
-186
-196
-124
-144
-180
-157
-158
-143
-120
-86
-88
-131
-96
-84
-97
-66
-52
-56
-37
-41
-62
-46
1
-1
7
28
29
66
74
63
72
79
74
66
80
72
51
44
38
41
25
48
36
-1
10
5
6
-15
-7
-14
-21
-32
-34
0
-1
-10
-28
-13
9
-16
-61
-66
-51
-18
-25
-30
-36
6
29
39
33
65
66
51
39
33
23
27
54
53
57
66
36
48
95
106
75
87
103
83
73
52
37
53
90
84
40
43
58
12
20
22
14
1
-5
-17
-6
11
3
17
35
36
10
13
25
18
44
33
23
3
6
5
13
31
21
10
15
9
-7
7
19
4
24
15
19
21
12
22
30
8
-1
10
-2
-12
-19
-27
-27
-2
-34
-28
7
-15
-37
-50
-72
-71
-75
-117
-106
-103
-122
-108
-115
-134
-131
-144
-161
-161
-174
-175
-162
-182
-192
-154
-141
-123
-129
-148
-154
-137
-134
-106
-90
-117
-80
-42
-25
-9
