10
2
4
-13
-12
-2
-4
3
-3
0
-4
-14
-19
-11
-11
9
-6
-13
5
2
-9
-15
-12
-5
1
-15
-10
-25
-25
-26
-24
-12
-4
-1
-5
-5
-16
-5
-18
-19
-14
-17
1
1
-2
7
5
8
5
17
13
22
20
14
18
19
15
10
11
9
20
18
19
18
5
11
14
10
18
16
11
14
8
-2
-9
-12
-18
-23
-18
-28
-28
-21
-21
-21
-14
-11
-15
-10
-27
-24
-16
-17
-2
-5
-1
16
10
10
1
2
5
2
1
0
-1
-3
11
7
11
4
3
-9
-3
-9
-5
0
11
10
9
18
11
17
10
16
18
13
0
7
11
10
10
7
15
11
8
12
17
7
4
2
5
-5
-3
-5
-1
4
-3
3
-2
-2
8
-2
8
2
4
15
3
7
-3
2
-11
-8
-4
-2
-4
-5
-8
-9
-8
-22
-14
-13
-12
-14
-15
-20
-15
-20
-26
-18
-17
-14
-11
0
8
5
10
12
15
10
8
10
-1
6
5
1
-7
-18
-32
-43
-49
-47
-61
-92
-210
-322
-320
-340
-349
-343
-365
-228
-38
116
232
237
376
577
658
701
639
589
597
515
477
350
275
317
272
301
356
376
379
359
305
253
161
-45
-266
-483
-641
-726
-899
-1073
-1126
-1104
-966
-871
-845
-734
-614
-502
-419
-480
-565
-621
-686
-700
-797
-767
-682
-644
-360
-47
194
523
820
1064
1307
1516
1630
1588
1510
1415
1292
1064
845
633
407
340
261
180
106
37
64
23
-33
-106
-265
-419
-607
-759
-879
-1018
-1108
-1104
-1038
-919
-653
-406
-182
160
469
775
959
1106
1188
1121
623
101
-51
-318
-508
-724
-1134
-731
-164
195
497
280
825
1465
1561
1541
1017
852
875
466
271
-344
-398
-129
-195
114
422
696
1017
1146
1052
1229
1081
494
44
-555
-902
-1095
-1743
-2047
-2264
-2147
-1627
-1709
-1652
-1420
-1071
-790
-920
-1306
-1554
-1735
-2054
-2523
-2985
-2984
-2793
-2729
-2217
-1741
-1112
109
740
1261
1987
2660
3188
3140
3008
3057
2892
2644
2313
1847
1647
1781
1803
1612
1622
1732
1853
1649
1289
1016
538
90
-592
-1367
-1880
-2352
-2631
-2911
-3249
-2974
-2236
-1839
-1583
-1071
-423
411
881
1016
1126
1057
1466
1559
1096
939
924
1099
1206
1247
1503
1605
1900
2063
1955
2045
1957
1512
972
533
110
-280
-859
-1456
-1635
-1592
-1437
-1330
-1351
-949
-403
-40
254
262
349
555
596
256
-97
-255
-436
-587
-776
-907
-816
-712
-657
-726
-724
-657
-862
-1083
-1547
-1935
-2276
-2678
-3133
-3668
-3871
-3719
-3491
-3335
-2832
-2104
-1376
-528
277
939
1605
2177
2583
2890
3084
3241
3264
3184
3124
3204
3288
3270
3160
3150
3107
3000
2732
2240
1688
1089
459
-333
-1242
-2017
-2479
-3002
-3386
-3455
-3438
-3290
-2895
-2340
-1818
-1298
-1205
-1280
-920
-457
-127
-32
-332
96
1089
1847
2387
2242
2644
3721
4314
4471
4053
3676
3711
3347
2818
1777
905
603
29
-376
-670
-925
-999
-1045
-1139
-999
-876
-1122
-1483
-1842
-1889
-1779
-2261
-2726
-2914
-2739
-2166
-2019
-2044
-1841
-1231
-563
-241
-346
-489
-431
-521
-899
-1523
-2114
-2403
-2840
-3196
-3303
-3250
-2766
-2407
-1914
-1101
-211
666
1154
1483
1979
2498
2683
2487
2224
2163
2407
2468
2156
2116
2360
2787
3031
3045
3137
3039
2992
2666
1963
1277
575
-201
-1119
-1964
-2402
-2715
-3011
-3366
-3876
-3511
-2439
-2030
-1981
-1826
-1183
221
790
807
535
525
1722
2145
1865
1653
1655
2536
2925
2927
2921
2702
3389
3458
3044
2845
2449
2007
1327
673
170
-282
-1018
-1706
-2008
-2031
-1779
-2064
-2448
-2132
-1883
-1383
-1319
-1809
-1800
-1584
-1153
-1347
-1806
-1766
-1634
-1426
-1307
-1572
-1638
-1503
-1437
-1417
-1453
-1595
-1732
-1901
-2021
-2046
-2177
-2180
-2240
-2214
-1802
-1179
-753
-525
-176
452
1247
1825
2040
2103
2451
2972
3232
3310
3153
3027
3250
3360
3292
2936
2639
2577
2271
1886
1456
927
299
-323
-1224
-2068
-2183
-2424
-3081
-3400
-3454
-2802
-2243
-2117
-1801
-1765
-746
387
507
564
691
1408
2095
1993
2059
2007
2374
3061
2949
2936
3100
3158
3151
2985
2592
2257
1752
1048
536
-60
-425
-768
-1614
-1815
-1784
-1753
-1609
-2064
-2126
-1846
-1482
-1358
-1803
-1912
-1667
-1574
-1507
-1700
-1942
-1729
-1393
-1402
-1324
-1355
-1221
-948
-1168
-1084
-1087
-1208
-1221
-1658
-1846
-1769
-1851
-2052
-2380
-2193
-1804
-1467
-1073
-795
-314
305
991
1443
1732
2060
2410
2771
2818
3011
3083
2904
2937
2858
2893
2915
2629
2426
2233
2040
1807
1358
750
136
-324
-723
-1300
-2025
-2900
-3778
-3940
-3586
-3563
-3635
-3446
-2683
-1194
-154
475
839
1304
2568
3506
3540
3233
3047
3396
3559
3421
2877
2467
2795
2966
2926
2854
2704
2484
2263
1924
1435
723
-213
-1080
-1783
-2389
-2823
-3571
-4264
-4329
-4038
-3591
-3380
-3231
-2943
-2055
-1258
-1138
-1122
-1242
-1014
-893
-1203
-1532
-1904
-1923
-1842
-1846
-1661
-1509
-1050
-725
-542
-138
72
173
19
-320
-325
-256
-326
-581
-694
-528
-232
220
436
767
1272
1789
2444
2690
2851
3025
3019
2949
2771
2557
2137
1759
1393
1079
911
660
471
117
8
77
-70
-252
-664
-870
-868
-1068
-1215
-1471
-1615
-1368
-1121
-849
-623
-341
122
618
1082
1418
1728
1893
2074
2265
2275
2174
2005
1854
1799
1742
1672
1425
1173
1066
940
819
380
-49
-388
-746
-1003
-1449
-1928
-2165
-2393
-2564
-2606
-2686
-2612
-2568
-2418
-2140
-1943
-1735
-1645
-1688
-1495
-1349
-1216
-1278
-1434
-1183
-1038
-900
-771
-798
-550
-281
-277
-290
-454
-463
-405
-586
-685
-642
-490
-171
-116
7
520
917
1215
1380
1569
1915
2231
2423
2284
2106
2204
2321
2199
1856
1758
1784
1763
1647
1263
1090
892
689
309
-304
-556
-794
-1133
-1413
-1713
-1680
-1558
-1483
-1305
-1072
-526
-55
215
476
788
1194
1491
1546
1561
1708
1930
2060
2005
1990
2121
2270
2227
2078
1752
1339
1047
502
52
-383
-948
-1321
-1659
-1831
-1892
-2160
-2340
-2493
-2461
-2245
-2306
-2414
-2630
-2516
-2397
-2344
-2289
-2315
-2088
-1717
-1371
-1140
-980
-643
-411
-211
-97
-148
72
-160
-132
-192
-408
-328
-572
-601
-549
-404
-111
-43
239
395
775
1101
1022
1184
1007
1074
1076
882
877
760
805
837
918
1164
1349
1589
1719
1801
2065
1998
1853
1544
1191
953
659
196
-284
-458
-608
-577
-512
-498
-147
156
538
849
952
1303
1362
1355
1386
1297
1376
1233
1110
1072
988
1142
1201
1080
1101
1169
1137
1096
843
412
217
-143
-531
-995
-1648
-1927
-2304
-2606
-2728
-3115
-3095
-3059
-3049
-2815
-2828
-2601
-2358
-2322
-1919
-1791
-1659
-1416
-1380
-1079
-851
-713
-609
-564
-230
48
326
424
411
794
977
1147
1009
726
720
684
675
374
153
189
167
214
110
-30
86
86
78
50
49
101
150
58
11
203
401
546
631
705
1001
1316
1406
1504
1448
1571
1668
1587
1427
1271
1280
1287
1226
1149
1068
1194
1174
1131
1122
1081
1167
1051
1052
994
908
894
770
654
549
508
451
330
195
112
69
-108
-242
-357
-600
-671
-908
-1000
-1180
-1834
-2389
-2918
-2939
-3023
-3164
-3306
-3387
-2656
-2034
-1614
-1398
-1415
-666
-162
107
238
-223
64
76
128
107
-150
282
422
642
1190
1249
1347
1267
862
653
354
-340
-1065
-1649
-1941
-1794
-2102
-2301
-2273
-2085
-1126
-750
-677
-359
118
796
1058
1042
1115
1173
1474
1751
1724
1782
2043
2201
2339
2621
2708
2737
2602
2313
2290
2082
1783
1364
667
397
332
-82
-427
-798
-907
-596
-570
-620
-686
-563
-24
229
307
446
513
884
1070
1002
1101
1093
1138
1163
963
871
822
470
233
-44
-362
-421
-874
-1320
-1545
-1873
-1973
-2282
-2664
-2659
-2870
-2923
-2938
-3048
-2822
-2747
-2666
-2408
-2179
-1798
-1491
-1255
-1011
-458
5
238
536
675
1072
1332
1453
1479
1307
1315
1280
1008
828
540
250
122
-45
-22
7
-39
-1
-22
2
201
7
-178
-236
-422
-400
-450
-663
-534
-388
-150
340
474
863
1306
1631
2033
2164
2130
2147
1991
1893
1678
1381
1233
1079
976
993
966
976
1126
1083
1272
1465
1339
1363
1145
947
981
654
392
144
-156
-99
-255
-358
-327
-425
-234
-195
-236
-205
-352
-383
-533
-799
-948
-1272
-1487
-1546
-1768
-1783
-1870
-2061
-1995
-2031
-2104
-2069
-2098
-1986
-1902
-1747
-1611
-1569
-1351
-1113
-941
-814
-695
-458
-319
-231
-83
-22
159
281
463
422
387
434
220
165
-31
-331
-377
-453
-468
-420
-575
-418
-427
-349
-135
-169
-130
-122
27
167
191
337
409
613
937
1210
1511
1620
1954
2170
2383
2546
2392
2255
2148
2127
1928
1626
1402
1206
1187
1301
1230
1105
1010
1118
1149
1125
999
729
629
469
370
205
-70
-181
-231
-285
-261
-278
-291
-234
-156
-109
-114
-272
-351
-483
-663
-705
-966
-1141
-1312
-1527
-1501
-1591
-1633
-1618
-1814
-1692
-1668
-1678
-1604
-1775
-1659
-1678
-1681
-1544
-1777
-1612
-1440
-1340
-877
-979
-650
-388
-340
179
108
297
480
363
636
369
252
174
-155
-135
-382
-551
-603
-577
-374
-317
-290
-204
-27
20
95
6
-223
-168
-220
-257
-209
-264
16
225
537
896
1158
1576
1966
2290
2367
2518
2604
2453
2365
2123
1870
1714
1451
1393
1211
1173
1377
1308
1367
1387
1356
1444
1269
1145
965
626
527
205
-94
-161
-366
-455
-462
-473
-387
-309
-258
-183
-260
-294
-264
-482
-650
-822
-1062
-1131
-1289
-1424
-1535
-1652
-1576
-1582
-1552
-1554
-1596
-1567
-1584
-1496
-1393
-1475
-1453
-1389
-1380
-1237
-1130
-1141
-1019
-911
-699
-536
-580
-382
-220
-159
-26
-52
-135
-138
-176
-271
-491
-597
-673
-678
-626
-500
-529
-473
-332
-320
-172
-142
-152
-59
-207
-55
164
91
368
472
706
1193
1437
1702
1913
2105
2395
2523
2466
2385
2224
2115
2049
1827
1621
1514
1400
1428
1422
1369
1351
1235
1320
1284
1091
992
708
469
342
123
-107
-255
-381
-379
-369
-330
-174
-120
-46
125
109
84
118
-98
-230
-428
-688
-821
-1037
-1147
-1229
-1388
-1368
-1407
-1456
-1349
-1355
-1315
-1389
-1384
-1353
-1443
-1464
-1564
-1720
-1643
-1578
-1515
-1520
-1551
-1282
-1135
-1017
-836
-725
-514
-282
-140
-92
-245
-198
-231
-398
-533
-777
-838
-740
-646
-515
-415
-277
23
136
262
423
400
357
369
336
340
367
342
468
640
988
1345
1545
1772
2024
2282
2516
2500
2298
2110
1964
1818
1552
1260
1095
930
911
1037
1011
1001
1100
1135
1231
1175
1040
920
571
473
287
-8
-132
-332
-349
-311
-236
-111
-135
28
191
218
293
238
147
77
-61
-177
-501
-728
-849
-1131
-1212
-1316
-1387
-1441
-1352
-1407
-1461
-1308
-1276
-1255
-1289
-1414
-1301
-1448
-1461
-1494
-1642
-1488
-1425
-1399
-1383
-1253
-1002
-798
-608
-453
-380
-299
-216
-399
-580
-620
-867
-924
-1112
-1140
-845
-796
-554
-409
-289
124
332
430
445
454
553
590
579
463
522
691
894
1144
1258
1548
1811
2079
2222
2217
2258
2154
1973
1724
1450
1281
1040
826
689
648
732
815
897
907
1052
1170
1191
1178
954
870
769
539
325
91
-3
60
54
130
223
305
499
701
827
778
773
637
395
139
-180
-483
-718
-924
-1180
-1260
-1281
-1329
-1287
-1400
-1326
-1237
-1366
-1347
-1421
-1599
-1659
-1789
-1971
-2079
-2168
-2125
-2096
-2081
-1854
-1718
-1533
-1236
-1143
-805
-524
-391
-115
-234
-107
-85
-386
-318
-534
-678
-531
-519
-307
-159
-22
256
473
660
856
847
804
875
703
655
542
335
364
304
400
615
633
915
1116
1206
1574
1614
1654
1691
1557
1514
1406
1126
1003
874
765
883
839
862
974
1054
1286
1362
1325
1360
1247
1238
1085
798
598
391
291
152
52
-8
35
156
261
397
381
451
444
279
299
46
-196
-359
-767
-744
-975
-1206
-1128
-1436
-1308
-1144
-1358
-1154
-1320
-1270
-1075
-1398
-1360
-1597
-1804
-1674
-1910
-1915
-1932
-2034
-1658
-1660
-1486
-1250
-1194
-833
-582
-487
-331
-398
-466
-480
-575
-642
-759
-807
-761
-535
-376
-140
10
119
491
735
756
834
739
738
787
678
710
566
621
818
907
1086
1249
1375
1589
1613
1578
1656
1505
1439
1276
1020
982
856
680
655
524
649
782
750
854
825
951
1051
953
917
841
862
850
737
623
516
538
542
518
534
552
607
696
674
581
593
462
263
89
-155
-333
-520
-782
-952
-1118
-1135
-1246
-1399
-1437
-1419
-1332
-1374
-1423
-1412
-1451
-1426
-1456
-1678
-1727
-1717
-1783
-1724
-1768
-1724
-1555
-1504
-1218
-1058
-974
-633
-470
-411
-395
-427
-460
-573
-663
-771
-930
-930
-770
-729
-582
-381
-172
151
367
544
660
729
904
942
839
820
804
783
841
982
1031
1177
1339
1483
1577
1512
1576
1522
1363
1350
1095
889
870
756
756
616
574
743
743
934
1035
981
1124
1177
1218
1214
1124
1138
1036
909
910
874
754
731
632
517
579
471
374
293
171
215
5
-186
-325
-606
-704
-850
-1095
-1204
-1311
-1327
-1346
-1555
-1461
-1488
-1540
-1440
-1554
-1554
-1447
-1544
-1486
-1645
-1663
-1471
-1568
-1449
-1489
-1455
-1093
-1064
-918
-860
-824
-410
-438
-405
-386
-570
-494
-590
-706
-836
-896
-687
-579
-399
-203
-81
183
389
604
699
696
712
618
590
545
550
465
435
616
736
973
1156
1260
1468
1575
1596
1607
1425
1229
1120
955
794
766
610
649
684
701
985
1044
1182
1292
1318
1493
1472
1377
1360
1178
1159
1037
835
799
600
607
636
515
519
498
440
477
402
243
171
-98
-328
-454
-817
-986
-1181
-1396
-1444
-1642
-1686
-1688
-1690
-1570
-1509
-1560
-1446
-1428
-1318
-1279
-1503
-1427
-1508
-1586
-1415
-1556
-1544
-1297
-1364
-1092
-917
-852
-550
-511
-321
-105
-175
-138
-246
-378
-353
-485
-543
-657
-621
-417
-292
-211
-64
58
250
428
406
336
417
375
441
356
180
293
232
391
578
599
892
1112
1250
1413
1457
1536
1523
1403
1354
1277
1245
1221
1175
1152
1244
1402
1483
1505
1535
1621
1649
1622
1555
1383
1292
1197
962
734
579
441
296
186
107
69
-24
-76
-76
-195
-201
-210
-467
-596
-682
-823
-911
-1171
-1286
-1371
-1502
-1377
-1532
-1545
-1408
-1448
-1300
-1341
-1281
-1127
-1326
-1141
-1214
-1307
-1144
-1355
-1342
-1242
-1237
-1050
-1100
-996
-728
-578
-356
-353
-263
-240
-179
-268
-445
-580
-760
-847
-799
-801
-692
-621
-503
-206
-98
178
295
356
465
461
562
498
408
527
530
699
858
924
1122
1358
1572
1703
1740
1699
1764
1669
1575
1448
1223
1196
1184
1174
1141
1077
1219
1307
1326
1405
1350
1391
1342
1234
1146
927
815
602
438
334
221
154
32
-13
-47
-88
-29
-121
-226
-237
-327
-462
-664
-814
-975
-1078
-1210
-1360
-1385
-1384
-1338
-1324
-1455
-1319
-1226
-1193
-1140
-1263
-1152
-1105
-1138
-1138
-1316
-1278
-1202
-1326
-1190
-1250
-1163
-984
-978
-862
-768
-652
-522
-483
-501
-455
-563
-657
-718
-846
-798
-697
-691
-430
-323
-87
223
266
561
723
794
911
817
788
823
724
743
772
778
930
1068
1164
1430
1508
1589
1627
1522
1582
1450
1297
1202
1001
1054
1102
1015
1033
1002
1167
1347
1374
1409
1423
1447
1402
1322
1126
928
838
646
503
356
201
112
-14
-64
-104
-185
-164
-236
-286
-386
-502
-640
-922
-1007
-1176
-1316
-1321
-1546
-1530
-1428
-1408
-1284
-1372
-1287
-1071
-1137
-1023
-1088
-1220
-1062
-1140
-1277
-1347
-1503
-1314
-1301
-1447
-1214
-1258
-1077
-810
-944
-665
-576
-470
-273
-605
-470
-515
-692
-643
-848
-839
-667
-462
-282
-174
64
340
629
690
764
841
788
892
718
674
712
648
735
727
855
1112
1233
1438
1568
1618
1731
1691
1572
1463
1347
1238
1146
1057
1043
1081
1051
1146
1250
1334
1463
1506
1508
1522
1428
1361
1181
975
870
628
470
302
127
7
-94
-236
-229
-312
-317
-346
-486
-448
-535
-644
-715
-900
-984
-1036
-1199
-1166
-1281
-1364
-1231
-1332
-1337
-1293
-1384
-1238
-1289
-1345
-1254
-1362
-1330
-1265
-1418
-1394
-1481
-1550
-1441
-1540
-1499
-1402
-1480
-1201
-1079
-1042
-811
-889
-737
-649
-752
-612
-650
-632
-355
-331
-130
121
208
454
650
824
998
1009
1007
1075
1016
1034
1080
949
1003
1137
1152
1331
1366
1459
1586
1456
1553
1476
1296
1341
1142
932
958
852
986
1054
990
1225
1314
1466
1598
1482
1535
1559
1444
1383
1151
988
890
688
584
444
323
296
213
76
41
-38
-120
-257
-455
-492
-640
-820
-903
-1079
-1212
-1229
-1294
-1415
-1443
-1442
-1403
-1348
-1292
-1330
-1343
-1376
-1291
-1274
-1350
-1370
-1506
-1456
-1475
-1499
-1530
-1670
-1545
-1427
-1430
-1217
-1209
-1063
-825
-760
-694
-740
-715
-769
-758
-827
-884
-827
-798
-551
-386
-270
36
224
504
683
822
951
919
1022
957
900
965
948
976
1042
1202
1409
1556
1706
1874
1922
1870
1916
1784
1545
1462
1209
990
972
870
954
930
986
1236
1330
1528
1597
1546
1614
1561
1469
1262
978
879
666
471
313
108
-5
-11
-65
-139
-143
-193
-220
-328
-397
-483
-721
-842
-968
-1166
-1240
-1429
-1526
-1625
-1613
-1378
-1473
-1495
-1412
-1375
-1085
-1125
-1263
-1279
-1386
-1133
-1209
-1533
-1530
-1625
-1496
-1363
-1512
-1440
-1309
-1129
-855
-869
-873
-710
-771
-748
-720
-843
-820
-858
-822
-558
-505
-249
-42
16
359
583
770
895
827
932
1061
1071
1072
971
920
1109
1237
1249
1406
1446
1608
1760
1669
1625
1505
1439
1351
1118
986
924
938
961
982
1054
1127
1305
1421
1443
1529
1540
1565
1394
1212
1150
905
793
579
387
386
295
255
181
90
70
47
-52
-231
-339
-519
-547
-654
-912
-981
-1072
-1212
-1192
-1267
-1308
-1348
-1387
-1407
-1442
-1387
-1449
-1514
-1452
-1516
-1522
-1541
-1706
-1633
-1591
-1587
-1487
-1620
-1606
-1350
-1278
-1216
-1209
-1071
-881
-775
-780
-885
-831
-740
-739
-741
-699
-535
-257
-96
-8
166
352
580
776
664
714
899
896
944
848
856
995
1098
1199
1259
1437
1668
1803
1860
1810
1792
1662
1548
1391
1105
961
765
719
741
753
939
924
1089
1370
1513
1673
1649
1585
1582
1498
1345
1102
798
627
569
394
300
222
149
219
276
254
214
74
22
-139
-301
-483
-816
-1017
-1293
-1447
-1527
-1735
-1726
-1721
-1738
-1538
-1589
-1544
-1502
-1529
-1369
-1498
-1495
-1596
-1741
-1685
-1821
-1838
-1874
-1874
-1678
-1645
-1321
-1112
-938
-662
-493
-343
-369
-354
-390
-548
-539
-632
-718
-583
-514
-316
-219
11
294
529
737
851
891
901
983
908
790
730
733
753
777
888
1004
1156
1376
1502
1568
1611
1641
1639
1535
1418
1266
1127
1094
1128
1119
1046
1141
1289
1366
1531
1533
1544
1588
1530
1519
1305
1110
962
733
630
482
349
219
150
176
144
106
37
-84
-177
-236
-390
-608
-711
-917
-990
-1107
-1281
-1296
-1403
-1374
-1323
-1401
-1341
-1391
-1419
-1356
-1488
-1507
-1626
-1791
-1780
-1891
-1906
-1858
-1969
-1852
-1726
-1606
-1384
-1374
-1195
-925
-855
-798
-849
-884
-780
-835
-820
-906
-876
-565
-294
-120
44
344
653
919
984
995
1072
1030
1064
941
764
862
828
879
1000
1095
1292
1457
1662
1779
1802
1775
1674
1449
1239
1135
901
626
526
530
665
805
871
1035
1257
1591
1776
1743
1765
1732
1644
1555
1258
965
718
530
459
268
170
211
194
212
263
223
180
122
-153
-429
-589
-809
-1073
-1427
-1761
-1842
-1820
-1899
-1901
-1898
-1789
-1416
-1306
-1348
-1249
-1217
-1017
-1052
-1278
-1369
-1460
-1404
-1458
-1674
-1696
-1573
-1410
-1267
-1179
-954
-705
-585
-529
-574
-721
-633
-775
-1009
-995
-977
-808
-696
-695
-448
-116
214
541
627
808
1143
1257
1250
1226
1142
1276
1286
1256
1332
1354
1497
1648
1679
1725
1819
1745
1628
1369
1167
1107
892
634
492
403
550
685
599
697
895
1175
1366
1306
1279
1321
1238
1227
1081
804
769
664
608
562
482
517
484
455
494
397
286
129
-117
-339
-514
-760
-1080
-1321
-1493
-1532
-1617
-1708
-1712
-1655
-1476
-1325
-1323
-1336
-1290
-1250
-1293
-1466
-1564
-1671
-1726
-1651
-1732
-1787
-1647
-1536
-1362
-1126
-1015
-698
-593
-465
-351
-446
-432
-606
-781
-926
-1022
-937
-985
-872
-677
-528
-170
101
370
565
749
953
1020
1019
930
909
867
837
912
936
1110
1338
1448
1699
1936
2042
2039
1943
1828
1652
1427
1188
934
741
715
676
584
617
717
921
1113
1256
1308
1307
1344
1329
1185
1031
800
625
480
358
321
277
250
273
350
384
414
319
173
132
-5
-199
-485
-781
-939
-1154
-1303
-1459
-1716
-1655
-1639
-1607
-1568
-1689
-1562
-1487
-1534
-1444
-1661
-1685
-1569
-1716
-1699
-1755
-1798
-1645
-1593
-1518
-1367
-1189
-794
-609
-439
-285
-233
-172
-266
-378
-479
-589
-674
-641
-623
-489
-269
-123
98
422
643
856
907
868
947
861
843
747
571
563
609
671
853
975
1175
1449
1612
1721
1745
1711
1630
1456
1283
1098
838
749
672
679
736
772
979
1144
1299
1490
1521
1512
1519
1415
1266
1045
858
635
458
366
208
122
109
109
159
186
187
219
69
-26
-134
-397
-562
-780
-991
-1156
-1413
-1529
-1621
-1634
-1597
-1576
-1507
-1539
-1442
-1376
-1398
-1323
-1402
-1415
-1406
-1479
-1448
-1590
-1625
-1554
-1506
-1320
-1290
-1128
-913
-674
-398
-372
-409
-396
-388
-440
-524
-687
-764
-729
-665
-533
-504
-396
-160
53
292
464
530
638
727
814
794
778
824
801
921
1126
1251
1403
1538
1705
1812
1911
1878
1704
1589
1448
1362
1195
957
919
907
880
984
951
993
1166
1269
1324
1290
1235
1164
1030
931
751
592
510
421
380
366
429
418
374
373
327
288
180
22
-224
-456
-622
-814
-1040
-1230
-1400
-1459
-1441
-1499
-1519
-1535
-1417
-1336
-1425
-1428
-1478
-1451
-1437
-1568
-1636
-1685
-1618
-1549
-1616
-1553
-1425
-1248
-1091
-1054
-859
-615
-404
-261
-351
-346
-306
-356
-448
-691
-768
-769
-731
-656
-635
-438
-166
56
265
414
599
723
767
694
631
639
593
595
523
622
819
1004
1218
1407
1617
1828
1953
1932
1823
1772
1670
1451
1188
968
881
818
770
719
724
864
1029
1147
1216
1232
1261
1239
1144
960
818
652
494
390
230
192
201
139
115
146
156
122
106
-2
-179
-337
-514
-620
-858
-1002
-1100
-1333
-1340
-1340
-1344
-1339
-1413
-1286
-1260
-1213
-1227
-1340
-1346
-1391
-1340
-1460
-1548
-1439
-1488
-1365
-1348
-1360
-1177
-1133
-853
-852
-723
-452
-473
-333
-413
-443
-404
-536
-502
-591
-658
-513
-452
-336
-205
2
216
395
510
600
725
711
690
663
538
558
552
505
578
634
854
1056
1233
1380
1509
1611
1615
1591
1484
1404
1264
1121
1045
923
936
987
990
1129
1211
1348
1535
1513
1529
1480
1396
1274
1034
828
625
451
326
174
60
22
45
-16
-18
-7
-35
-77
-194
-303
-436
-599
-778
-1001
-1193
-1304
-1327
-1392
-1441
-1400
-1389
-1313
-1211
-1212
-1193
-1212
-1248
-1205
-1346
-1369
-1457
-1573
-1496
-1528
-1528
-1494
-1444
-1208
-1115
-966
-752
-683
-491
-414
-347
-363
-422
-447
-561
-619
-640
-628
-572
-476
-268
-97
126
333
472
698
822
923
912
792
801
764
770
705
630
657
842
1064
1193
1349
1457
1603
1702
1629
1585
1402
1246
1177
954
795
695
637
680
692
828
953
1026
1191
1255
1299
1337
1264
1163
1021
897
735
511
366
258
189
199
189
103
83
131
93
15
-100
-230
-350
-482
-655
-936
-1189
-1313
-1405
-1471
-1553
-1599
-1603
-1548
-1415
-1419
-1415
-1348
-1267
-1280
-1276
-1387
-1496
-1367
-1360
-1336
-1347
-1406
-1174
-998
-916
-747
-713
-500
-322
-206
-156
-284
-259
-316
-413
-463
-618
-615
-477
-359
-206
-64
136
344
532
609
776
822
743
780
655
574
582
491
534
624
766
1037
1171
1301
1459
1551
1592
1577
1392
1220
1118
979
838
699
597
662
721
848
981
1050
1272
1389
1414
1458
1363
1231
1134
947
826
669
437
326
182
112
161
111
74
101
61
47
-28
-135
-282
-551
-716
-888
-1126
-1284
-1455
-1568
-1585
-1570
-1502
-1496
-1477
-1363
-1220
-1147
-1106
-1182
-1291
-1236
-1209
-1322
-1398
-1515
-1502
-1362
-1347
-1195
-1149
-1049
-722
-596
-418
-270
-197
-66
-109
-110
-198
-320
-306
-461
-484
-395
-323
-175
-37
169
390
579
708
825
904
866
890
823
668
622
519
545
600
631
780
937
1119
1303
1371
1413
1463
1438
1342
1228
1106
935
828
748
696
709
742
822
905
1025
1144
1204
1237
1227
1162
1121
1015
850
668
482
401
294
137
97
85
6
4
7
-28
-86
-155
-319
-464
-596
-763
-944
-1199
-1322
-1383
-1462
-1449
-1457
-1470
-1407
-1337
-1271
-1290
-1271
-1185
-1193
-1146
-1191
-1251
-1234
-1260
-1188
-1227
-1227
-1087
-1041
-895
-807
-690
-588
-503
-342
-323
-228
-184
-301
-273
-319
-317
-314
-401
-370
-292
-101
40
150
252
405
617
752
817
799
800
834
792
766
664
620
630
659
753
823
965
1037
1071
1158
1200
1157
1068
1034
943
898
885
763
742
732
768
876
936
997
1045
1131
1220
1204
1163
1134
1065
997
890
761
652
555
439
320
229
120
15
-53
-108
-226
-300
-391
-526
-621
-753
-840
-952
-1117
-1284
-1317
-1290
-1298
-1294
-1340
-1367
-1253
-1204
-1173
-1257
-1338
-1220
-1213
-1103
-1172
-1282
-1145
-1145
-989
-945
-977
-886
-859
-682
-595
-536
-448
-427
-316
-271
-212
-173
-281
-192
-217
-144
-108
-209
-144
-151
7
140
185
323
388
496
591
666
699
686
699
660
693
616
642
601
537
683
704
810
895
889
973
1052
1156
1180
1113
1139
1110
1102
1069
986
941
908
973
970
977
1007
1016
1037
1055
1064
1035
960
889
770
617
515
364
145
-19
-133
-250
-338
-482
-546
-523
-578
-603
-739
-797
-730
-805
-888
-1007
-1107
-1085
-1119
-1156
-1248
-1282
-1165
-1151
-1186
-1188
-1168
-1107
-1079
-1085
-1079
-1109
-993
-975
-991
-952
-875
-779
-814
-786
-735
-688
-582
-517
-473
-384
-261
-155
-103
-85
-36
61
64
61
56
26
147
183
183
278
339
460
552
604
683
750
766
747
704
669
645
568
523
545
525
605
620
660
806
867
1037
1074
1103
1198
1212
1255
1219
1123
1119
1101
1066
1045
1018
1023
1033
1040
1016
997
947
884
751
619
495
291
114
-97
-246
-349
-446
-527
-619
-655
-630
-624
-647
-699
-748
-775
-780
-862
-974
-957
-975
-940
-939
-1003
-907
-904
-889
-904
-1018
-946
-959
-973
-1033
-1139
-1084
-1092
-1057
-1059
-1121
-1055
-970
-902
-863
-845
-809
-732
-567
-537
-420
-321
-272
-109
-76
77
121
130
272
299
391
441
441
539
509
582
573
536
569
504
499
470
453
451
449
486
473
516
567
635
706
785
906
988
1081
1133
1121
1157
1199
1191
1152
1133
1134
1120
1107
1098
1066
1035
1007
950
863
752
636
451
280
146
10
-111
-252
-339
-409
-445
-442
-447
-457
-423
-378
-421
-444
-499
-532
-561
-612
-611
-686
-709
-658
-701
-663
-666
-647
-548
-616
-625
-728
-792
-762
-897
-957
-1059
-1138
-1106
-1149
-1166
-1157
-1132
-1011
-973
-933
-833
-733
-634
-562
-517
-460
-377
-254
-146
-71
8
167
275
316
433
473
552
627
624
606
641
673
678
597
531
560
496
484
475
410
393
377
385
359
360
360
351
327
345
390
392
456
532
561
620
699
744
777
808
867
911
887
881
847
827
795
715
623
531
458
355
249
149
112
60
29
3
-23
-55
-61
-78
-109
-122
-167
-216
-240
-246
-341
-371
-386
-434
-449
-465
-443
-443
-425
-399
-412
-437
-433
-503
-538
-662
-769
-807
-969
-984
-1051
-1186
-1097
-1086
-1078
-946
-934
-833
-768
-752
-646
-639
-606
-542
-573
-533
-438
-325
-237
-215
-88
76
210
359
447
465
585
641
619
626
566
571
584
531
520
487
442
519
519
473
544
518
529
578
505
543
512
425
401
347
309
298
232
244
295
326
377
404
484
554
604
601
571
527
515
465
339
338
238
195
169
95
97
72
91
92
94
52
56
75
-2
-40
-67
-132
-147
-191
-198
-232
-252
-225
-245
-228
-229
-226
-249
-264
-230
-305
-391
-481
-529
-532
-580
-583
-643
-636
-561
-630
-627
-632
-625
-568
-640
-678
-644
-670
-620
-621
-643
-569
-477
-387
-309
-223
-150
-64
-33
6
29
85
143
142
129
193
261
306
346
401
470
503
549
521
486
494
495
465
404
394
348
358
341
261
293
279
302
353
309
349
345
316
321
239
212
204
140
125
41
32
48
2
12
11
26
79
125
161
189
211
235
206
178
135
108
62
29
22
-31
-10
-19
-21
9
-7
18
17
7
-19
-86
-92
-134
-204
-261
-287
-331
-366
-343
-366
-338
-280
-228
-177
-185
-131
-114
-119
-113
-172
-245
-248
-261
-282
-339
-384
-352
-313
-246
-210
-164
-157
-95
-61
-56
-24
-42
-53
-48
-90
-48
-92
-86
15
21
121
170
219
287
301
357
349
319
311
296
308
303
296
244
208
192
178
243
211
199
156
137
172
95
31
0
-28
-54
-93
-144
-190
-217
-209
-191
-214
-218
-184
-156
-104
-69
-45
-29
-24
-12
-2
-5
11
-18
-8
26
3
33
0
11
38
16
31
15
-17
-13
-27
-37
-79
-110
-114
-129
-124
-135
-151
-155
-126
-130
-157
-128
-128
-119
-135
-149
-105
-127
-110
-64
-33
82
133
181
252
274
321
355
326
305
276
243
246
229
157
145
143
132
157
132
151
181
158
204
154
112
138
68
50
16
-10
-5
-17
35
56
44
104
81
75
120
84
69
54
7
-8
-55
-107
-140
-180
-192
-196
-198
-185
-182
-189
-186
-164
-195
-175
-157
-180
-168
-189
-177
-193
-199
-200
-232
-190
-196
-217
-205
-202
-166
-156
-159
-156
-121
-121
-165
-161
-178
-177
-161
-197
-196
-174
-153
-111
-113
-84
-77
-57
-5
-12
-4
17
49
62
84
87
111
152
164
225
259
246
332
341
377
434
382
390
364
343
354
305
277
250
239
255
262
263
253
263
283
300
247
213
197
187
147
100
30
18
36
17
27
10
31
69
96
97
108
87
41
24
-43
-95
-129
-146
-176
-189
-190
-193
-190
-191
-186
-185
-171
-164
-213
-260
-325
-335
-352
-411
-392
-389
-364
-278
-304
-310
-303
-313
-247
-269
-268
-259
-265
-244
-248
-304
-287
-259
-264
-220
-237
-169
-124
-134
-84
-98
-89
-32
-59
-58
-23
-22
48
43
58
126
