6
6
4
-2
-7
-6
-6
-3
-1
-2
-3
2
6
-9
-14
-12
-12
-10
-4
2
1
0
5
2
9
14
14
16
7
9
0
-8
-11
-8
-1
-2
-6
-1
-12
-5
-3
-2
-2
-7
-1
-2
5
0
-7
-5
-1
-3
-1
6
9
6
-1
5
-10
-17
-9
-7
2
11
9
0
-1
10
6
0
-7
-1
-9
-16
-7
-5
-6
-5
-21
-15
-10
-12
-13
-15
-13
-15
-20
-5
-12
-8
-3
-12
-12
-11
7
5
17
20
15
20
20
15
16
15
12
17
16
11
12
12
6
-2
-2
2
-3
3
17
13
15
18
10
3
3
6
18
19
8
21
18
25
29
23
32
19
23
19
13
15
8
11
5
4
-4
-2
-7
1
0
-11
-21
-26
-20
-22
-18
-17
-23
-18
-9
-17
-11
-13
-22
-28
-33
-36
-42
-37
-23
-23
-22
-9
-2
5
6
8
15
12
10
7
0
-9
1
6
15
10
0
9
12
4
-1
-4
-9
-12
-11
-15
-12
-13
-6
-1
-5
5
-2
1
-3
3
7
1
6
-1
1
-4
5
4
-2
0
-3
-7
-1
-14
-8
-5
1
9
-2
-6
-11
-10
-10
4
5
5
10
18
6
9
14
-2
9
1
-9
-5
-1
-1
-5
-8
-17
-13
-9
-12
-23
-26
-13
-15
-10
-6
-2
-6
3
3
4
16
17
12
17
13
16
17
8
21
27
32
28
35
33
23
17
8
13
10
8
14
12
5
8
0
-14
-13
-8
-5
-2
-4
-2
-4
-7
-5
-9
-11
-16
-2
15
17
6
3
2
-2
-6
-3
3
-9
-1
12
16
13
16
5
-1
2
-1
0
1
15
9
3
3
6
-1
2
6
-1
-4
-3
3
-4
-3
0
-7
-4
-6
-16
-18
-16
-21
-25
-28
-23
-21
-17
-12
-18
-14
-23
-24
-19
-20
-16
-3
-5
9
6
-8
9
5
5
5
11
9
4
2
-1
-14
-8
-17
-21
-10
-18
-8
3
-10
-12
1
2
1
-2
-12
-13
-9
-5
-2
-5
13
9
18
32
32
25
19
7
5
9
15
13
11
14
5
16
13
9
18
21
22
11
15
9
4
-6
-5
-14
-24
-24
-64
-224
-407
-372
-368
-418
-419
-499
-331
-13
138
245
250
431
672
775
797
611
608
702
550
472
430
359
380
390
420
459
514
471
346
213
158
19
-372
-652
-885
-1010
-1071
-1248
-1344
-1306
-1091
-879
-788
-711
-544
-311
-120
-35
-140
-177
-89
-179
-309
-442
-502
-372
-251
-110
48
347
651
790
964
1081
1121
1102
1007
761
497
415
215
-90
-257
-316
-260
-271
-268
-120
8
200
224
166
177
93
-12
-233
-461
-540
-573
-622
-675
-568
-282
-30
205
428
669
970
1172
1305
1253
1198
1268
1173
994
853
786
758
720
692
684
756
800
825
763
682
595
419
169
-130
-382
-548
-773
-1082
-1223
-1240
-1279
-1332
-1388
-1420
-1325
-1262
-1345
-1470
-1557
-1713
-2026
-2324
-2463
-2582
-2726
-2804
-2721
-2379
-1881
-1398
-1074
-658
12
737
1215
1340
1521
1936
2309
2400
2266
2241
2393
2542
2679
2656
2587
2691
2726
2529
2175
1878
1517
910
197
-362
-835
-1387
-1923
-2324
-2475
-2383
-2340
-2324
-2184
-1814
-1204
-1073
-1163
-723
-265
120
257
167
632
1127
1552
1810
1818
2243
2761
3069
3017
2733
2853
2849
2418
1911
1466
1124
665
173
-367
-603
-716
-984
-1253
-1556
-1321
-1102
-1288
-1364
-1385
-1167
-985
-1111
-1289
-1404
-1287
-1149
-1211
-1336
-1238
-1088
-1052
-1128
-1295
-1420
-1799
-2289
-2521
-2838
-3249
-3627
-3863
-3758
-3456
-2916
-2475
-2109
-1373
-327
740
1389
1829
2399
3050
3640
3783
3773
3773
3833
4007
3986
3912
3759
3716
3681
3426
3133
2649
2098
1333
559
-79
-914
-1870
-2847
-3596
-3968
-3998
-4008
-4172
-3920
-3204
-2292
-1474
-1028
-477
309
1062
1608
1805
1913
2034
2351
2676
2663
2583
2772
3004
3113
3226
3213
3048
2661
2290
1939
1393
580
-243
-989
-1502
-1790
-2144
-2466
-2546
-2263
-1866
-1507
-1396
-1287
-931
-739
-630
-657
-992
-996
-1023
-1297
-1370
-1489
-1523
-1550
-1682
-1686
-1899
-2197
-2472
-2798
-3045
-3417
-3767
-3831
-3859
-3631
-3067
-2530
-1963
-1187
-239
836
1731
2211
2832
3512
3975
4408
4527
4467
4464
4442
4495
4311
3995
3881
3666
3347
2907
2278
1733
995
112
-589
-1377
-2291
-3436
-4340
-4528
-4685
-4854
-4957
-4923
-3858
-2686
-1941
-1242
-644
703
1877
2570
2909
2904
3561
3956
3858
3748
3377
3581
3715
3450
3370
3258
3223
2836
2358
1904
1598
908
-154
-783
-1365
-1745
-2303
-3041
-3335
-3408
-3080
-2835
-3072
-2851
-2270
-1709
-1410
-1510
-1404
-1098
-1011
-1229
-1509
-1706
-1855
-2133
-2560
-2945
-3144
-3165
-3257
-3499
-3536
-3247
-2833
-2473
-2176
-1675
-867
-292
-4
508
1162
1748
2175
2279
2652
3208
3565
3924
3982
4207
4606
4908
4895
4553
4376
4257
3843
3044
2226
1519
744
-88
-1078
-1858
-2433
-3155
-4258
-4975
-4737
-4469
-4395
-4437
-4159
-2584
-1165
-484
-35
282
1764
2997
3379
3223
2881
3714
4187
3793
3468
3069
3466
3649
3310
3174
3025
2907
2506
1966
1270
918
110
-1179
-1897
-2541
-2830
-3328
-4164
-4288
-4005
-3377
-2984
-3257
-3005
-2104
-1306
-1133
-1376
-1407
-1103
-1039
-1484
-1996
-2405
-2643
-2752
-3200
-3446
-3247
-3071
-2784
-2835
-2409
-1535
-1111
-765
-524
-153
650
982
962
1117
1399
1866
2188
2337
2615
3241
3724
4128
4408
4589
5038
5035
4734
4454
3984
3508
2611
1503
740
-103
-839
-1700
-3059
-4224
-4199
-3931
-4274
-4458
-4532
-3607
-2027
-1497
-1071
-948
-220
1380
1806
1892
1684
1923
2937
2873
2794
2840
2711
3418
3661
3602
3770
3672
3487
3292
2794
2321
1827
491
-495
-977
-1633
-2185
-3218
-3755
-3601
-3438
-3029
-3140
-3259
-2532
-1862
-1614
-1648
-1799
-1741
-1548
-1818
-2202
-2428
-2755
-2653
-2809
-3044
-2659
-2679
-2694
-2518
-2392
-1833
-1767
-1858
-1651
-1580
-1010
-522
-597
-543
-172
599
1383
1581
1656
2255
3008
3764
4188
4262
4497
4832
5095
5197
4763
4349
3992
3415
2844
1531
696
397
-496
-1319
-2163
-2653
-2285
-2707
-3098
-3276
-3237
-2343
-2220
-2218
-2228
-1706
-606
-478
-437
-40
436
1480
1801
1937
2341
2944
3574
3593
3513
3430
3676
3317
2757
2532
2134
1805
1087
489
200
-232
-530
-1025
-1529
-1619
-1594
-1677
-2032
-2227
-2086
-1937
-2139
-2598
-2694
-2797
-2743
-2753
-3073
-2910
-2775
-2695
-2574
-2562
-2226
-2061
-2160
-1988
-1971
-1927
-1909
-2232
-2452
-2511
-2503
-2500
-2545
-2420
-1683
-892
-425
59
661
1682
2614
2880
3076
3478
4059
4523
4432
4186
4117
4221
4422
4205
3818
3717
3676
3494
3152
2524
2100
1590
430
-1101
-2109
-2536
-3253
-4203
-5007
-5042
-4046
-3205
-2859
-2544
-1809
-42
1223
1715
1839
2031
3016
3285
2803
2437
1961
2365
2561
2233
2503
2794
3190
3365
3314
3297
3194
2481
1464
790
115
-637
-1810
-2937
-3429
-3600
-3542
-3764
-4196
-3832
-3030
-2367
-2275
-2533
-2251
-1852
-1803
-2211
-2642
-2827
-2772
-2819
-2989
-2926
-2598
-2279
-2069
-1714
-1278
-884
-897
-1056
-1053
-1060
-928
-1280
-1781
-1524
-1076
-604
-443
-406
384
1525
2383
2730
3146
3811
4576
4924
4659
4446
4295
4311
4095
3479
3059
2743
2539
2275
1734
1422
1146
685
182
-450
-795
-1079
-1839
-2487
-2725
-2823
-2786
-2916
-3058
-2581
-1865
-1185
-752
-407
270
1052
1596
1870
1921
2086
2389
2463
2378
2276
2322
2445
2366
2187
2224
2091
1793
1502
1172
952
558
-176
-844
-1210
-1465
-1943
-2414
-2948
-3227
-3021
-3167
-3351
-3514
-3501
-3042
-3013
-2997
-2890
-2894
-2440
-2430
-2431
-2111
-2130
-1766
-1640
-1636
-1116
-1025
-780
-620
-744
-598
-515
-482
-454
-414
-188
301
554
741
1114
1495
1981
2197
2271
2586
2782
2977
3121
2898
2893
2947
2930
2958
2730
2658
2753
2606
2355
2184
1823
1430
1007
337
-194
-698
-1202
-1643
-2048
-2177
-2213
-2196
-1979
-1709
-1328
-793
-436
-79
340
608
901
1133
1093
1290
1466
1517
1683
1630
1896
2164
2160
2222
2243
2225
2172
1866
1492
1124
563
69
-492
-1160
-1585
-2056
-2510
-2756
-3049
-3251
-3410
-3502
-3478
-3379
-3385
-3294
-3159
-3053
-2820
-2818
-2824
-2591
-2505
-2165
-1954
-2020
-1606
-1273
-848
-436
-342
85
303
283
562
489
525
644
533
784
989
1016
1309
1414
1480
1940
2143
2294
2395
2370
2611
2650
2493
2453
2294
2235
2297
2095
1997
1882
1569
1417
1041
726
490
-17
-319
-529
-831
-928
-1093
-1280
-1146
-1078
-877
-591
-595
-340
45
249
545
609
715
1051
1159
1359
1557
1630
1824
1965
2032
2131
2100
1945
1875
1615
1338
1050
598
235
-215
-620
-890
-1378
-1746
-2016
-2364
-2535
-2766
-3102
-3218
-3404
-3548
-3461
-3537
-3520
-3461
-3378
-3158
-2837
-2646
-2592
-2201
-1899
-1518
-1173
-1146
-801
-381
-16
245
222
446
535
799
1043
961
1230
1447
1616
1868
1958
2098
2185
2085
2083
2113
1998
1811
1640
1378
1397
1432
1244
1151
1079
1172
1168
1094
1028
779
718
693
426
223
62
-90
-139
-226
-194
-71
-9
90
316
543
697
845
895
1000
1186
1278
1294
1160
1080
1107
1163
1068
816
720
653
550
506
312
125
89
-33
-178
-409
-636
-797
-1054
-1316
-1593
-1783
-1975
-2339
-2544
-2707
-2783
-2776
-2932
-2896
-2797
-2673
-2372
-2364
-2357
-2289
-2605
-2665
-2466
-2418
-2139
-2103
-1860
-890
-292
454
922
1035
2004
2610
2921
2953
2685
3087
3049
2783
2488
1886
1853
1566
672
372
372
-96
-273
-462
-690
66
-86
-487
-228
-436
423
500
-410
-266
-80
444
485
-136
136
454
1232
1719
1287
1754
2534
2763
2870
2697
2249
2398
1929
1106
987
322
-12
-186
-861
-750
-617
-718
-545
-815
-545
34
58
-84
-381
-200
239
-112
-653
-762
-864
-620
-499
-1009
-987
-757
-804
-523
-867
-1118
-829
-1168
-1169
-1388
-1734
-1667
-2101
-2366
-2602
-2771
-2555
-2805
-3039
-2904
-2753
-2393
-2147
-2092
-1902
-1551
-1272
-899
-542
-335
94
555
907
1399
1743
2032
2444
2543
2834
3177
3240
3264
3153
3210
3336
3155
2960
2780
2548
2370
2039
1525
1100
665
207
-33
-591
-1035
-1122
-1353
-1301
-1316
-1395
-1010
-787
-494
-59
143
504
724
869
1191
1254
1146
1135
1061
1153
1206
1088
1059
932
912
992
843
664
480
302
275
134
-267
-588
-853
-1035
-1141
-1333
-1572
-1736
-1816
-1683
-1591
-1778
-1880
-1870
-1749
-1510
-1627
-1738
-1705
-1737
-1409
-1470
-1750
-1775
-1882
-1790
-1731
-1986
-2170
-2226
-2062
-1963
-2036
-2244
-2311
-2095
-1864
-1579
-1295
-978
-547
108
778
1233
1746
2170
2498
2934
3219
3390
3542
3521
3433
3538
3482
3370
3288
3048
3054
3068
2742
2368
1876
1410
1008
490
-119
-827
-1257
-1500
-1752
-1891
-2045
-1946
-1582
-1211
-762
-399
-11
472
845
1143
1312
1429
1418
1365
1396
1277
1127
1010
919
960
965
991
894
855
883
765
687
321
-81
-304
-679
-984
-1402
-1813
-1950
-2170
-2279
-2275
-2345
-2293
-2187
-2060
-1866
-1749
-1592
-1479
-1446
-1435
-1374
-1413
-1536
-1627
-1865
-1887
-1785
-1925
-1814
-1991
-1967
-1607
-1630
-1421
-1567
-1560
-1148
-1036
-723
-644
-476
90
510
959
1236
1531
1941
2417
2747
2866
3100
3100
3197
3305
3156
3247
3064
2849
2771
2483
2355
2008
1479
1134
734
453
115
-447
-795
-1020
-1107
-1170
-1345
-1420
-1189
-971
-774
-463
-334
9
372
635
864
984
1092
1298
1364
1358
1341
1281
1298
1252
1185
1126
1018
852
741
596
478
265
-111
-362
-702
-956
-1149
-1532
-1775
-1918
-1940
-1940
-1952
-1972
-2023
-1824
-1828
-1802
-1784
-1926
-1724
-1785
-1813
-1673
-1771
-1710
-1845
-1804
-1652
-1739
-1486
-1748
-1738
-1408
-1464
-1390
-1623
-1642
-1277
-934
-599
-535
-173
293
831
1404
1521
1841
2167
2453
2769
2785
2845
2841
2924
2878
2801
2872
2635
2566
2476
2251
2146
1813
1431
1077
753
454
-60
-486
-834
-1082
-1184
-1311
-1360
-1322
-1206
-965
-576
-374
-109
245
451
814
1022
1123
1230
1282
1403
1508
1527
1513
1473
1564
1648
1630
1548
1362
1158
996
748
382
-4
-418
-695
-998
-1334
-1650
-1909
-2113
-2268
-2392
-2437
-2560
-2627
-2597
-2595
-2457
-2542
-2537
-2417
-2465
-2334
-2236
-2280
-2265
-2198
-2028
-1878
-1746
-1567
-1468
-1213
-961
-806
-770
-750
-544
-350
-110
0
222
470
741
1287
1484
1682
2009
2217
2526
2705
2792
2863
2827
2860
2881
2758
2578
2451
2321
2205
2129
1854
1554
1235
904
660
263
-142
-493
-817
-854
-978
-1143
-1150
-1119
-875
-655
-432
-192
68
316
552
752
872
1041
1090
1182
1326
1394
1492
1456
1481
1571
1523
1510
1370
1146
973
742
525
185
-232
-544
-875
-1231
-1539
-1883
-2120
-2214
-2364
-2422
-2462
-2630
-2572
-2636
-2621
-2540
-2637
-2613
-2628
-2544
-2381
-2312
-2130
-2064
-1832
-1489
-1315
-1050
-1024
-793
-588
-533
-366
-460
-507
-544
-442
-190
-175
76
220
530
1093
1398
1719
1798
2048
2433
2563
2669
2574
2499
2440
2316
2284
2025
1888
1863
1770
1729
1622
1490
1245
991
795
493
226
-189
-571
-691
-878
-954
-1064
-1165
-1026
-804
-575
-390
-191
77
458
792
976
1100
1289
1498
1672
1708
1721
1650
1691
1797
1693
1634
1440
1337
1261
942
737
453
57
-231
-649
-988
-1253
-1573
-1865
-2145
-2250
-2260
-2386
-2558
-2666
-2725
-2574
-2574
-2768
-2810
-2804
-2509
-2304
-2400
-2210
-1985
-1769
-1445
-1366
-1189
-919
-631
-495
-379
-211
-51
57
-144
-238
-167
44
268
117
214
579
920
1326
1293
1348
1633
1814
1990
1849
1702
1769
1746
1682
1447
1360
1389
1453
1441
1320
1381
1363
1314
1078
839
814
596
270
-43
-294
-356
-498
-679
-694
-632
-381
-89
16
220
618
888
1136
1225
1166
1419
1499
1449
1360
1172
1266
1229
1121
1166
1033
1072
1003
798
759
497
277
57
-320
-620
-897
-1257
-1612
-1877
-2054
-2254
-2397
-2607
-2610
-2505
-2579
-2515
-2518
-2387
-2051
-2028
-1992
-1810
-1766
-1418
-1312
-1427
-1207
-1227
-927
-715
-861
-518
-502
-386
-55
-152
85
-23
-135
9
-111
102
126
14
172
333
611
711
751
792
1042
1379
1462
1582
1476
1638
1841
1773
1847
1704
1699
1776
1666
1598
1439
1270
1165
832
600
460
109
-148
-337
-535
-551
-530
-666
-543
-407
-117
225
305
573
841
1089
1339
1380
1429
1527
1562
1609
1511
1431
1440
1425
1388
1294
1214
1084
917
631
363
134
-175
-528
-1004
-1434
-1707
-1984
-2259
-2527
-2696
-2613
-2562
-2495
-2533
-2457
-2155
-2035
-1954
-1861
-1835
-1681
-1538
-1476
-1287
-1143
-948
-780
-681
-421
-242
-36
62
99
313
344
247
292
28
-140
-194
-449
-570
-665
-648
-578
-579
-428
-145
60
222
372
547
796
1023
1085
1028
1070
1139
1214
1172
1136
1196
1245
1458
1475
1454
1543
1546
1512
1396
1209
1057
828
537
382
230
105
41
-4
81
247
480
707
867
1088
1348
1536
1629
1587
1553
1522
1428
1291
1089
918
778
675
489
252
98
-2
-149
-308
-545
-696
-883
-1146
-1350
-1584
-1707
-1879
-2050
-2116
-2238
-2221
-2134
-2198
-2153
-2013
-1861
-1599
-1395
-1353
-1148
-985
-928
-587
-609
-593
-496
-523
-317
-380
-360
-317
-481
-259
-340
-354
-240
-504
-524
-651
-723
-681
-697
-753
-777
-609
-462
-217
-126
-146
213
447
714
868
823
1047
1168
1332
1391
1321
1535
1659
1766
1907
1825
1832
1866
1733
1606
1384
1078
932
748
472
342
209
109
214
284
367
576
705
917
1071
1142
1298
1271
1246
1235
1079
1036
896
724
682
511
443
368
260
219
72
-56
-188
-373
-593
-842
-1122
-1406
-1549
-1716
-1925
-1991
-2038
-2001
-1954
-1909
-1786
-1684
-1412
-1301
-1279
-1070
-1038
-813
-680
-738
-527
-534
-458
-284
-455
-407
-351
-319
-233
-280
-251
-376
-377
-429
-647
-804
-1003
-1108
-1085
-1085
-1089
-1067
-909
-755
-424
-241
-205
97
265
490
710
755
826
970
1118
1286
1418
1526
1680
1863
1958
2056
2069
2036
1945
1814
1669
1389
1181
987
717
565
466
351
396
362
392
549
623
723
814
812
863
897
772
654
540
407
358
282
123
75
-31
-9
-51
-175
-173
-299
-323
-412
-586
-718
-947
-1104
-1245
-1403
-1480
-1519
-1491
-1455
-1310
-1153
-1085
-949
-816
-708
-540
-401
-432
-423
-348
-324
-287
-419
-483
-404
-461
-458
-537
-609
-577
-637
-609
-790
-900
-878
-1119
-1206
-1322
-1441
-1300
-1286
-1279
-1148
-893
-623
-347
-146
24
367
686
919
1104
1179
1374
1599
1703
1786
1802
1926
2053
2139
2146
2038
2027
1975
1785
1568
1329
1079
778
536
225
67
-73
-267
-334
-331
-299
-146
-99
-32
183
261
400
430
390
478
516
525
442
338
403
378
305
269
164
161
143
37
-6
-60
-157
-321
-461
-595
-753
-871
-979
-1086
-1172
-1224
-1154
-1138
-1125
-1016
-940
-924
-754
-714
-642
-602
-678
-572
-609
-605
-655
-826
-785
-832
-919
-893
-1043
-977
-966
-1044
-991
-1063
-1076
-1134
-1193
-1157
-1066
-907
-826
-691
-452
-168
154
354
539
770
983
1234
1349
1406
1481
1540
1656
1710
1690
1758
1869
1958
1982
1924
1866
1813
1677
1415
1124
781
533
282
-57
-200
-426
-493
-447
-449
-237
-128
35
247
371
563
758
830
888
883
847
795
713
601
525
527
470
449
355
329
317
220
190
58
-138
-294
-491
-734
-959
-1226
-1401
-1481
-1619
-1712
-1683
-1646
-1514
-1390
-1311
-1166
-977
-861
-822
-804
-732
-653
-715
-763
-837
-842
-819
-925
-958
-983
-952
-778
-832
-874
-743
-698
-627
-690
-766
-673
-596
-526
-441
-406
-202
45
226
408
545
784
991
1153
1247
1294
1388
1452
1480
1461
1526
1577
1584
1619
1602
1589
1576
1459
1289
1102
872
682
435
160
-36
-186
-257
-292
-309
-258
-87
55
229
396
536
694
744
819
828
756
703
572
511
483
482
506
461
453
506
504
518
438
319
238
88
-156
-416
-671
-900
-1030
-1209
-1459
-1561
-1531
-1468
-1350
-1363
-1385
-1204
-1072
-928
-860
-1000
-929
-805
-815
-874
-956
-1020
-977
-975
-1029
-1077
-981
-893
-862
-818
-801
-730
-658
-696
-795
-723
-646
-540
-424
-403
-275
43
252
397
581
666
947
1088
1073
1146
1142
1191
1217
1183
1164
1200
1298
1344
1338
1375
1392
1370
1301
1183
1025
869
693
372
224
51
-42
-33
-189
-114
73
188
359
497
572
762
902
938
916
863
812
776
671
573
490
452
450
366
352
359
296
259
223
145
69
-122
-424
-603
-858
-1043
-1133
-1421
-1506
-1527
-1584
-1488
-1454
-1442
-1293
-1147
-1046
-953
-857
-802
-689
-734
-746
-777
-944
-918
-982
-1011
-929
-1080
-961
-869
-843
-671
-849
-819
-705
-825
-703
-689
-676
-438
-355
-159
39
131
381
582
684
907
994
1102
1207
1222
1281
1262
1241
1294
1277
1329
1348
1289
1336
1305
1236
1161
1072
883
725
540
339
259
46
-66
-46
-97
6
79
126
347
457
566
739
807
907
904
865
877
746
667
648
540
522
519
475
506
499
478
455
398
353
217
13
-178
-418
-695
-876
-1048
-1261
-1532
-1546
-1474
-1494
-1437
-1417
-1371
-1163
-1059
-996
-981
-976
-845
-842
-897
-1036
-1105
-1062
-1093
-1145
-1170
-1200
-981
-834
-835
-741
-637
-540
-425
-485
-530
-446
-374
-305
-285
-261
-105
70
246
297
422
624
760
901
811
815
933
919
878
787
777
825
855
897
828
925
1003
991
954
837
812
772
637
477
402
318
250
262
216
283
428
545
657
795
974
1075
1145
1153
1145
1143
1078
952
830
756
665
565
464
380
402
425
322
295
240
164
104
-110
-326
-535
-708
-800
-974
-1136
-1271
-1273
-1252
-1290
-1242
-1226
-1151
-1053
-1050
-974
-932
-883
-835
-883
-974
-1012
-1033
-1114
-1196
-1247
-1250
-1176
-1122
-1075
-1005
-944
-841
-788
-693
-662
-647
-581
-511
-366
-272
-225
-99
33
210
432
514
606
726
810
850
846
835
786
788
760
770
806
786
822
868
869
890
865
799
746
646
626
531
423
334
277
325
341
371
433
531
731
935
1043
1112
1205
1305
1377
1291
1227
1128
995
938
819
704
627
563
499
484
448
407
324
196
107
-17
-195
-371
-629
-869
-945
-1044
-1181
-1326
-1402
-1305
-1227
-1251
-1263
-1293
-1173
-1019
-965
-1003
-1007
-929
-874
-810
-978
-1014
-974
-1081
-959
-1078
-1106
-897
-960
-812
-846
-874
-698
-838
-785
-829
-875
-685
-740
-634
-584
-472
-203
-97
8
116
314
425
563
628
578
776
749
777
872
861
1076
1095
1173
1321
1309
1430
1424
1332
1289
1154
1007
819
618
472
436
350
277
295
314
474
634
629
783
928
1045
1154
1131
1150
1175
1101
1021
913
776
718
651
552
502
442
451
408
280
233
196
33
-144
-370
-558
-651
-831
-1070
-1267
-1359
-1323
-1280
-1340
-1324
-1272
-1171
-967
-926
-917
-855
-813
-673
-758
-818
-825
-995
-1009
-1086
-1182
-1181
-1243
-1129
-1038
-1022
-970
-918
-803
-758
-754
-808
-777
-693
-592
-505
-528
-385
-233
-30
144
161
343
472
545
654
650
665
701
679
665
674
752
820
866
863
896
1006
1000
983
888
840
841
768
673
527
493
543
584
641
668
742
922
1026
1108
1147
1228
1273
1289
1251
1143
1109
944
839
732
604
547
471
408
346
282
258
194
128
40
-58
-169
-347
-502
-685
-754
-844
-968
-1057
-1167
-1132
-1068
-1095
-1061
-1060
-904
-802
-801
-744
-819
-763
-784
-881
-938
-1071
-1130
-1227
-1270
-1324
-1375
-1234
-1262
-1214
-1089
-958
-855
-840
-774
-772
-687
-578
-597
-504
-461
-306
-148
-90
90
147
333
493
500
596
572
693
693
615
681
643
708
708
731
771
806
883
847
868
854
821
861
790
737
687
647
728
731
747
824
903
1085
1181
1264
1318
1349
1390
1405
1320
1205
1100
970
869
742
608
520
428
367
343
273
223
166
84
22
-103
-190
-306
-466
-580
-676
-764
-887
-917
-922
-898
-881
-844
-814
-860
-846
-763
-739
-758
-800
-853
-911
-954
-1043
-1180
-1299
-1419
-1402
-1492
-1577
-1479
-1507
-1383
-1307
-1310
-1182
-1186
-1073
-1064
-1058
-913
-887
-773
-691
-516
-270
-122
101
224
394
586
658
728
677
773
776
740
770
693
748
822
850
909
924
999
1019
978
999
964
916
842
761
704
657
650
673
673
711
824
960
1039
1158
1231
1300
1359
1338
1315
1275
1187
1100
967
859
781
690
624
591
567
538
494
418
347
261
177
23
-139
-295
-473
-587
-721
-951
-1030
-1034
-1059
-1036
-1100
-1101
-1004
-903
-890
-908
-950
-912
-891
-982
-1097
-1280
-1317
-1403
-1474
-1545
-1656
-1565
-1484
-1453
-1366
-1263
-1141
-1063
-1012
-943
-895
-805
-769
-695
-605
-467
-270
-201
-63
126
292
449
535
572
609
701
737
622
577
607
607
638
607
630
671
738
826
800
806
784
771
761
695
682
651
585
604
664
731
850
877
974
1155
1312
1408
1412
1388
1416
1439
1399
1269
1132
1086
973
867
713
586
533
507
466
385
368
299
243
124
-70
-201
-349
-542
-645
-796
-935
-979
-986
-1011
-1003
-928
-995
-894
-807
-795
-764
-865
-824
-792
-851
-1044
-1158
-1250
-1352
-1412
-1493
-1571
-1521
-1452
-1440
-1374
-1377
-1269
-1206
-1162
-1173
-1088
-967
-876
-791
-710
-561
-289
-95
12
226
396
618
728
735
767
800
865
756
692
656
674
706
700
726
748
811
861
820
770
740
709
622
532
485
427
409
398
420
530
669
823
906
1084
1266
1390
1507
1473
1513
1509
1466
1363
1208
1109
1040
916
802
682
619
599
512
449
375
307
201
90
-104
-265
-375
-566
-702
-857
-991
-928
-978
-1088
-1037
-1119
-1018
-884
-942
-915
-923
-894
-828
-890
-1045
-1095
-1096
-1232
-1335
-1437
-1514
-1452
-1520
-1490
-1475
-1451
-1244
-1296
-1225
-1147
-1135
-996
-1049
-961
-853
-783
-526
-431
-289
-102
93
254
379
546
607
716
790
776
824
770
819
864
833
961
918
940
1020
996
1041
976
915
843
775
710
622
551
482
534
551
609
706
710
912
1071
1178
1320
1307
1374
1430
1412
1372
1249
1168
1088
1001
951
841
783
740
695
684
610
542
439
378
227
55
-53
-282
-461
-591
-752
-889
-961
-1029
-1028
-1082
-1166
-1101
-1034
-1050
-974
-1075
-1052
-966
-1081
-1032
-1201
-1341
-1318
-1528
-1564
-1630
-1744
-1632
-1661
-1576
-1485
-1422
-1290
-1254
-1154
-1092
-1018
-987
-950
-867
-790
-637
-537
-376
-151
5
271
399
527
748
777
892
922
888
891
825
819
806
797
777
775
780
755
776
728
699
688
625
622
553
514
506
458
549
644
717
850
963
1131
1311
1418
1507
1561
1611
1672
1689
1608
1519
1466
1393
1318
1206
1080
1003
924
851
708
592
489
312
179
-8
-174
-299
-447
-583
-717
-844
-1005
-1103
-1139
-1210
-1207
-1323
-1327
-1240
-1219
-1188
-1297
-1328
-1249
-1247
-1196
-1387
-1538
-1438
-1541
-1491
-1606
-1744
-1609
-1580
-1476
-1486
-1498
-1342
-1248
-1126
-1123
-1030
-828
-788
-647
-593
-418
-151
-63
107
235
508
705
805
885
795
961
1032
930
884
746
759
784
719
632
587
657
657
638
597
560
547
476
481
444
427
412
408
548
634
786
978
1055
1275
1510
1672
1793
1809
1848
1896
1914
1790
1624
1544
1464
1387
1269
1114
1023
901
796
703
529
366
177
-1
-239
-465
-649
-863
-1018
-1165
-1305
-1375
-1414
-1458
-1464
-1390
-1373
-1353
-1256
-1238
-1135
-1117
-1137
-1086
-1108
-1167
-1244
-1290
-1346
-1407
-1510
-1599
-1544
-1492
-1470
-1428
-1435
-1299
-1199
-1173
-1177
-1217
-1037
-985
-876
-828
-806
-509
-339
-127
41
197
509
726
865
921
980
1066
1082
1093
992
950
986
912
892
821
835
865
792
812
761
770
735
668
612
566
578
539
516
576
722
850
910
1054
1233
1395
1589
1673
1745
1830
1860
1894
1815
1684
1598
1495
1364
1185
1031
952
782
603
449
249
95
-97
-294
-484
-691
-831
-1009
-1173
-1251
-1393
-1522
-1542
-1546
-1508
-1509
-1549
-1488
-1408
-1290
-1298
-1321
-1260
-1188
-1111
-1192
-1288
-1302
-1340
-1313
-1357
-1429
-1441
-1436
-1344
-1333
-1310
-1248
-1238
-1164
-1140
-1053
-966
-927
-800
-710
-530
-347
-190
-33
113
363
556
709
801
852
987
1085
1128
1096
1058
1092
1063
1080
1049
1007
1017
990
1007
984
927
871
775
744
726
696
665
629
699
789
905
1019
1108
1214
1373
1546
1671
1682
1705
1740
1741
1712
1615
1461
1363
1251
1123
994
814
649
512
402
273
110
-116
-327
-470
-660
-833
-1028
-1235
-1322
-1395
-1513
-1581
-1628
-1609
-1578
-1549
-1552
-1540
-1417
-1335
-1309
-1323
-1316
-1287
-1212
-1301
-1372
-1331
-1429
-1395
-1422
-1499
-1401
-1365
-1276
-1248
-1235
-1132
-1106
-1021
-976
-955
-811
-772
-641
-524
-436
-192
-46
123
298
469
646
787
914
967
1003
1065
1047
1028
1018
989
1021
940
957
975
980
980
933
953
926
915
890
868
864
859
883
894
946
984
1056
1239
1299
1366
1518
1598
1704
1737
1719
1702
1674
1619
1504
1390
1265
1143
1004
871
718
583
441
270
92
-60
-228
-410
-551
-755
-911
-1047
-1209
-1334
-1443
-1526
-1597
-1594
-1598
-1591
-1553
-1546
-1483
-1416
-1381
-1300
-1323
-1300
-1205
-1247
-1243
-1314
-1378
-1355
-1372
-1336
-1439
-1419
-1339
-1295
-1182
-1209
-1144
-1049
-1007
-928
-939
-865
-771
-703
-564
-509
-389
-255
-65
163
303
494
679
807
906
1029
1071
1028
1032
975
923
919
862
813
787
799
837
861
900
908
973
1018
1067
1114
1107
1118
1163
1224
1244
1280
1355
1417
1539
1622
1703
1804
1810
1844
1839
1797
1705
1548
1389
1251
1060
856
645
401
228
74
-109
-287
-408
-562
-685
-779
-924
-1021
-1124
-1182
-1284
-1356
-1408
-1464
-1463
-1461
-1425
-1396
-1337
-1271
-1183
-1144
-1070
-1009
-1022
-970
-981
-1005
-1019
-1088
-1159
-1194
-1261
-1283
-1352
-1380
-1376
-1384
-1328
-1290
-1216
-1221
-1148
-1023
-936
-874
-858
-760
-617
-521
-372
-301
-151
101
284
488
621
811
982
1098
1187
1166
1212
1206
1143
1110
1034
1005
992
951
952
942
994
1022
1055
1083
1131
1192
1173
1186
1219
1237
1275
1305
1322
1362
1401
1470
1469
1510
1541
1560
1557
1467
1397
1308
1196
1041
858
677
490
295
104
-75
-222
-357
-496
-619
-726
-822
-897
-975
-1073
-1123
-1206
-1291
-1307
-1359
-1364
-1359
-1387
-1339
-1327
-1219
-1164
-1177
-1087
-1056
-1010
-1013
-1057
-1050
-1046
-1060
-1127
-1196
-1249
-1293
-1281
-1345
-1368
-1297
-1261
-1161
-1115
-1060
-943
-901
-831
-794
-725
-650
-578
-492
-412
-292
-170
47
174
354
573
720
949
1046
1120
1235
1218
1252
1208
1097
1066
1008
995
957
941
981
1026
1104
1177
1225
1257
1343
1362
1358
1392
1327
1328
1321
1256
1257
1205
1178
1228
1237
1291
1336
1332
1311
1231
1190
1101
967
812
630
436
279
98
-130
-249
-387
-483
-530
-610
-638
-697
-766
-788
-849
-931
-980
-1091
-1143
-1220
-1296
-1330
-1380
-1330
-1315
-1283
-1273
-1228
-1137
-1103
-1071
-1050
-1063
-1050
-1119
-1194
-1210
-1254
-1305
-1369
-1411
-1385
-1333
-1298
-1263
-1174
-1063
-935
-806
-708
-596
-512
-408
-327
-269
-200
-161
-58
86
139
271
388
546
752
889
1025
1105
1212
1268
1254
1237
1170
1107
1026
935
854
817
788
765
811
840
946
1007
1062
1184
1211
1268
1281
1263
1256
1186
1172
1134
1089
1073
1028
1086
1095
1109
1131
1098
1099
1040
962
838
689
568
380
213
25
-138
-238
-379
-460
-555
-591
-625
-681
-707
-780
-804
-829
-938
-1014
-1066
-1108
-1137
-1182
-1208
-1197
-1167
-1122
-1100
-1138
-1127
-1095
-1088
-1086
-1109
-1149
-1140
-1145
-1189
-1238
-1279
-1241
-1245
-1267
-1264
-1192
-1115
-1062
-965
-906
-796
-665
-535
-407
-317
-166
-55
35
131
188
286
358
435
548
582
727
803
857
984
983
1126
1106
1049
1039
926
902
800
686
650
575
577
556
531
628
676
802
892
970
1064
1143
1195
1213
1278
1255
1266
1260
1182
1232
1189
1147
1148
1075
1076
1031
954
887
782
681
552
403
252
102
-52
-213
-326
-445
-521
-630
-708
-718
-791
-822
-872
-926
-897
-902
-935
-924
-964
-937
-908
-929
-940
-1002
-993
-991
-1017
-1071
-1151
-1186
-1217
-1236
-1248
-1284
-1258
-1222
-1226
-1172
-1151
-1129
-1066
-1027
-971
-895
-857
-777
-668
-577
-450
-321
-215
-52
116
213
380
489
574
631
670
751
724
696
690
654
661
656
606
592
537
581
605
565
570
555
583
564
538
523
540
578
576
601
652
736
812
874
981
1092
1180
1256
1263
1285
1320
1281
1209
1100
1009
939
829
705
578
467
398
301
201
106
50
-11
-84
-135
-205
-243
-285
-355
-401
-427
-462
-510
-559
-588
-622
-609
-621
-624
-622
-636
-638
-643
-667
-721
-797
-835
-895
-956
-1026
-1081
-1115
-1166
-1182
-1210
-1161
-1114
-1104
-1079
-995
-874
-783
-726
-643
-577
-458
-343
-331
-302
-229
-142
-118
-77
-33
26
119
173
255
292
397
506
527
570
587
609
619
552
517
485
432
437
395
387
427
446
463
492
524
554
572
539
510
484
481
462
410
394
383
377
393
411
456
490
530
585
629
633
637
661
643
619
566
494
455
379
316
277
211
173
122
114
117
63
73
36
-2
-20
-49
-69
-123
-153
-190
-235
-265
-298
-351
-414
-429
-483
-560
-579
-623
-616
-643
-691
-673
-685
-623
-619
-641
-604
-614
-578
-578
-607
-569
-594
-591
-581
-568
-524
-527
-495
-457
-406
-297
-234
-225
-175
-126
-60
-36
-66
-81
-57
-42
-52
-72
-74
1
40
87
174
199
266
338
380
434
414
442
445
432
471
443
437
439
420
451
474
463
491
484
467
481
436
373
344
299
269
197
114
80
35
9
-32
-77
-64
-11
-6
6
15
55
122
165
174
189
214
213
235
192
173
163
136
134
103
77
74
78
55
35
24
22
-16
-85
-133
-145
-176
-188
-203
-209
-186
-203
-168
-160
-148
-108
-83
-68
-29
-39
-54
-41
-32
-26
-66
-113
-83
-55
-17
-27
-88
-96
-103
-134
-176
-234
-276
-299
-326
-335
-358
-387
-428
-425
-355
-297
-304
-284
-251
-198
-127
-91
-92
-109
-47
29
74
101
65
104
155
203
206
168
191
183
207
159
93
105
62
39
30
-6
-15
-64
-60
-86
-112
-126
-167
-180
-212
-172
-158
-175
-156
-144
-106
-77
-73
-66
-48
8
23
28
51
64
92
116
160
194
202
233
236
283
287
293
306
291
273
257
264
241
199
200
201
214
239
225
255
263
284
292
278
260
242
244
215
190
170
116
121
117
123
125
69
70
80
81
95
51
67
105
109
122
96
97
128
154
148
119
143
154
172
137
87
83
65
31
-42
-107
-94
-135
-167
-224
-299
-278
-317
-373
-455
-528
-545
-590
-660
-702
-722
-724
-714
-741
-746
-705
-648
-621
-611
-567
-527
-475
-456
-430
-395
-362
-330
-321
-270
-231
-176
-140
-113
-64
-4
44
71
89
91
110
121
113
111
104
94
50
52
88
56
71
79
94
163
203
229
288
310
380
434
425
461
489
496
471
457
481
477
528
564
590
634
647
662
668
707
705
708
691
658
651
631
584
533
475
425
430
403
349
307
297
314
295
243
213
199
184
144
83
37
3
-46
-119
-189
-225
-255
-304
-341
-377
-397
-401
-430
-496
-530
-553
-590
-629
-714
-752
-756
-767
-776
-780
-774
-780
-749
-706
-714
-719
-722
-693
-635
-623
-617
-609
-561
-486
-445
-420
-377
-316
-245
-196
-183
-160
-133
-139
-130
-93
-70
-72
-46
-16
24
65
104
102
126
175
215
258
228
203
233
286
318
349
355
394
491
530
561
575
603
658
696
693
692
714
702
667
637
626
600
621
580
540
563
531
504
490
471
466
457
417
390
382
322
297
284
235
243
239
194
143
82
54
25
6
-56
-131
-173
-199
-246
-289
-343
-366
-400
-439
-448
-464
-448
-481
-524
-558
-544
-593
-643
-673
-709
-667
-648
-659
-665
-613
-543
-521
-508
-519
-466
-399
-407
-416
-433
-421
-383
-383
-398
-383
-334
-311
-327
-315
-279
-208
-191
-219
-218
-173
-113
-81
-82
-95
-41
26
66
82
110
185
264
312
343
422
485
556
581
620
663
709
752
725
712
710
744
792
739
668
698
699
708
658
617
594
536
506
502
482
435
396
358
319
335
327
203
170
169
130
79
42
-55
-163
-146
-100
-74
-49
-147
-149
-135
-196
-201
-287
-400
-439
-415
-445
-492
-552
-629
-654
-574
-562
-562
-484
-485
-498
-449
-481
-484
-454
-479
-437
-400
-436
-424
-331
-317
-275
-265
-303
-238
-191
-170
-203
-202
-257
-269
-273
-357
-368
-365
-386
-383
-318
-273
-214
-159
-97
-54
31
65
90
142
172
221
283
296
303
369
398
435
478
492
530
597
624
604
609
624
652
631
606
620
615
585
553
540
500
505
472
435
403
397
416
375
396
371
345
340
280
222
203
177
125
69
13
-37
-63
-120
-185
-184
-196
-211
-239
-279
-305
-291
-315
-362
-373
-368
-387
-415
-449
-456
-433
-451
-457
-464
-414
-366
-359
-382
-378
-342
-347
-382
-383
-389
-382
-354
-376
-395
-385
-352
-345
-342
-345
-305
-270
-277
-299
-282
-248
-230
-235
-222
-215
-189
-140
-125
-90
-8
68
84
142
199
261
308
324
335
347
401
459
450
448
463
505
510
498
495
513
512
518
531
548
542
493
439
403
424
385
326
306
310
320
321
259
238
236
250
231
202
178
174
191
148
80
30
33
39
3
-52
-79
-103
-111
-142
-190
-223
-229
-237
-277
-296
-310
-347
-354
-371
-384
-386
-400
-443
-434
-418
-404
-391
-392
-392
-378
-337
-351
-365
-375
-384
-362
-377
-392
-393
-365
-321
-303
-283
-263
-212
-190
-190
-182
-184
-157
-152
-134
-120
-97
-33
2
33
84
140
172
193
231
272
306
315
311
297
336
363
394
389
389
423
429
435
429
441
470
482
470
476
465
449
454
427
392
386
363
325
287
271
239
216
173
132
118
81
50
47
27
11
-7
-45
-56
-54
-73
-121
-143
-194
-229
-222
-236
-259
-263
-267
-254
-233
-228
-211
-186
-184
-179
-180
-202
-219
-233
-278
-322
-323
-342
-355
-377
-389
-391
-369
-354
-335
-283
-257
-241
-226
-227
-217
-230
-211
-214
-224
-213
-215
-201
-173
-140
-73
-50
-34
9
41
77
91
93
102
156
161
164
173
173
205
231
247
255
294
318
354
358
344
373
381
380
371
353
359
347
331
307
295
269
249
232
219
229
207
198
188
178
187
190
137
104
87
53
19
-22
-55
-77
-93
-89
-93
-83
-72
-74
-84
-86
-74
-63
-68
-123
-152
-156
-181
-193
-221
-240
-242
-227
-228
-249
-266
-255
-245
-272
-289
-305
-271
-298
-300
-306
-304
-279
-281
-287
-282
-228
-224
-202
-192
-171
-117
-90
-76
-63
-23
0
6
-7
-10
6
-3
0
16
13
29
60
82
108
137
181
209
242
259
269
276
314
333
332
336
341
366
357
378
377
355
344
351
352
349
355
328
339
340
333
286
245
224
200
153
113
77
47
18
-22
-26
-48
-50
-62
-64
-66
-77
-70
-100
-132
-151
-191
-232
-254
-274
-272
-264
-252
-257
-258
-243
-234
-215
-215
-202
-210
-221
-236
-249
-261
-290
-310
-324
-328
-335
-292
-303
-294
-269
-259
-228
-211
-199
-206
-199
-185
-175
-176
-172
-173
-173
-169
-143
-129
-116
-88
-68
-33
0
38
55
100
158
184
199
