15
13
14
-2
-5
11
13
8
21
15
11
5
-1
4
4
-6
-8
-15
-2
-3
-9
-3
-7
-2
-2
-12
-13
2
-2
-1
9
12
11
9
3
6
5
9
7
4
5
2
3
12
10
-5
-9
-3
-10
-10
4
6
14
5
-3
-5
-6
-5
-12
-4
-3
-12
-13
-11
-7
-4
0
-3
7
13
15
0
4
6
5
10
13
9
13
10
5
0
2
4
0
17
9
4
-2
-3
-6
-10
-2
-1
5
9
14
3
4
5
-2
0
-1
11
4
3
2
6
7
5
-2
1
6
5
11
0
8
7
4
4
6
4
-3
-4
5
6
5
7
4
-8
-8
2
-3
-4
-14
-21
-14
-16
-17
-18
-17
-14
-10
-22
-14
-8
-15
-10
-16
-12
-9
-4
-7
5
4
8
3
3
8
23
27
17
11
8
5
7
10
6
5
2
-2
-2
7
12
8
-1
-4
-10
-9
-19
-22
-14
-6
-12
-4
-11
-24
-18
-15
-7
-7
-13
-15
-7
-11
-13
-9
-6
-9
-12
-6
-8
-4
-8
-9
-6
-4
-5
4
-1
-10
-20
-25
-32
-32
-34
-49
-113
-216
-278
-317
-360
-375
-394
-359
-230
-107
12
114
289
520
659
731
830
911
979
961
835
677
559
537
392
188
57
-56
-111
-171
-267
-375
-432
-441
-512
-629
-682
-746
-820
-879
-949
-1022
-1018
-961
-944
-838
-634
-438
-245
-1
259
490
667
790
836
859
879
766
550
348
177
-32
-229
-414
-581
-588
-518
-477
-414
-245
-25
108
182
265
329
390
384
226
65
48
28
-110
-192
-137
-9
134
295
414
552
771
943
896
857
837
752
613
371
118
-80
-192
-284
-400
-403
-215
-35
156
352
571
829
1053
1180
1189
1212
1181
1041
763
500
249
15
-226
-477
-671
-744
-748
-774
-776
-717
-651
-623
-628
-705
-747
-828
-957
-1130
-1332
-1448
-1549
-1645
-1661
-1614
-1487
-1259
-1095
-926
-748
-532
-385
-375
-337
-288
-178
-231
-398
-420
-344
-254
-218
-219
-75
213
572
868
982
1235
1597
1868
1919
1809
1812
1887
1797
1519
1188
947
820
642
375
126
10
11
-9
-111
-135
-55
-41
-299
-695
-770
-735
-1009
-1284
-1463
-1343
-959
-732
-727
-658
-30
776
1001
1020
1356
1810
2228
2243
1879
1540
1646
1892
1466
921
799
834
880
779
481
314
389
459
203
-103
-90
-225
-604
-770
-910
-1179
-1288
-1474
-1731
-1690
-1483
-1564
-1840
-1715
-1415
-1368
-1413
-1507
-1612
-1514
-1337
-1642
-2175
-2209
-2076
-2195
-2299
-2395
-2382
-2086
-1590
-1240
-1030
-422
209
623
1158
1671
1984
2132
2359
2518
2497
2594
2538
2223
2175
2324
2248
2014
1828
1821
1779
1733
1493
983
742
689
436
-128
-614
-941
-1229
-1335
-1459
-1758
-1778
-1476
-1237
-1105
-1043
-1239
-1271
-892
-702
-671
-590
-393
221
775
1209
1423
1424
2134
2732
2779
2867
2732
2692
2783
2499
2028
1370
1205
1206
799
581
359
122
144
137
-120
-359
-490
-703
-1001
-1115
-1296
-1714
-2045
-2227
-2373
-2459
-2403
-2526
-2666
-2334
-2034
-2044
-1982
-1960
-1919
-1887
-2078
-2296
-2636
-2665
-2547
-2893
-2945
-2678
-2459
-1939
-1432
-880
-184
558
1379
1956
2504
3063
3276
3405
3490
3445
3302
3101
2821
2432
2327
2280
1988
1781
1704
1744
1663
1389
1170
825
475
190
-408
-1005
-1400
-1803
-2123
-2419
-2486
-2469
-2416
-2526
-2704
-2156
-1464
-1090
-780
-450
446
1462
2078
2233
1993
2597
3449
3337
3029
2632
2577
2880
2647
2184
1421
1402
1926
1519
1136
988
790
803
637
158
-401
-757
-981
-1577
-1988
-1993
-2300
-2725
-2741
-2548
-2483
-2160
-2003
-2162
-1740
-1037
-937
-1260
-1415
-1327
-1366
-1525
-1802
-2579
-2957
-2759
-3017
-3372
-3363
-3247
-3026
-2589
-2032
-1677
-1270
-396
273
668
1422
1996
2176
2432
2780
2912
2922
3034
2965
2847
3111
3380
3258
3210
3364
3388
3283
3237
2804
2123
1742
1249
429
-483
-1180
-1774
-2419
-2713
-3011
-3525
-4025
-4112
-3631
-3282
-2898
-2598
-2293
-1004
222
939
1176
1290
2397
3218
3380
3454
2974
3217
3737
3620
3307
2564
2749
3143
2793
2723
2283
1920
1907
1488
910
245
-285
-910
-1732
-2081
-2308
-2913
-3339
-3334
-3275
-3120
-2620
-2630
-2729
-2004
-1430
-1249
-1333
-1391
-1158
-1214
-1167
-1391
-2143
-2071
-1911
-2387
-2653
-2644
-2654
-2578
-2442
-2183
-2098
-1719
-1117
-1091
-867
-111
356
388
624
1004
1428
1897
2039
1974
2209
2904
3414
3338
3339
3676
3852
4066
4090
3515
3167
3064
2663
1918
1020
413
-403
-1554
-2016
-2483
-3148
-3452
-3829
-3719
-3275
-2893
-2578
-2486
-1964
-869
-337
-104
367
679
1322
1907
1922
1969
2176
2692
3165
3033
3170
3452
3487
3623
3411
3059
2878
2420
1938
1312
805
444
-321
-1015
-1298
-1689
-2050
-2188
-2502
-2653
-2434
-2207
-2283
-2550
-2421
-1914
-1954
-2006
-2003
-2168
-1844
-1618
-1786
-1852
-1807
-1474
-1496
-1594
-1349
-1492
-1428
-1384
-1641
-1725
-1574
-1483
-1911
-2112
-1762
-1641
-1561
-1341
-1077
-577
1
676
959
1275
2116
2495
2743
3132
3351
3593
3753
3784
3582
3354
3485
3318
2752
2565
2381
2002
1519
1037
507
30
-246
-834
-1798
-2813
-3292
-3380
-3931
-4292
-4349
-4343
-3179
-2300
-1769
-985
-473
1136
2234
2599
3521
3455
3980
4585
4120
4057
3395
3349
3602
2878
3072
2926
2447
2783
2486
2224
1889
1179
538
-342
-979
-1558
-2744
-3658
-4040
-4456
-4728
-4651
-4781
-4750
-3911
-3131
-2700
-2517
-2088
-1407
-1082
-826
-769
-1271
-1144
-811
-1238
-1392
-1375
-1529
-1271
-1073
-926
-764
-798
-272
-253
-512
-51
-266
-594
-400
-394
-301
-270
-125
19
278
959
1489
1596
1987
2791
3250
3594
3917
3719
3720
3924
3669
3208
2176
1688
1608
700
133
-596
-1381
-1041
-1394
-1863
-2012
-2443
-1844
-1706
-2037
-1582
-1773
-1257
-698
-990
-472
-224
272
975
954
1590
2273
2566
3082
3138
3405
3792
3696
3473
3172
2955
2905
2338
1608
1129
662
196
-226
-899
-1547
-1737
-1961
-2306
-2733
-3008
-2863
-2969
-3198
-3034
-3229
-3033
-2733
-2984
-2764
-2618
-2416
-2039
-2251
-1733
-1319
-1242
-527
-621
-525
20
-32
66
-151
-336
-174
-651
-764
-913
-1370
-1385
-1461
-1512
-1265
-895
-470
-209
269
960
1438
1702
1890
2169
2333
2660
2678
2281
2254
2242
2260
2193
1882
1943
1962
2020
2144
1708
1467
1387
975
601
2
-579
-1073
-1619
-1835
-2088
-2365
-2161
-1949
-1620
-1007
-439
119
683
1238
1771
2192
2360
2502
2568
2523
2612
2451
2134
2157
2050
1996
2055
1855
1802
1702
1486
1287
720
232
-209
-987
-1516
-2054
-2706
-3095
-3488
-3704
-3752
-3898
-3737
-3608
-3519
-3053
-2719
-2538
-2154
-1923
-1634
-1267
-1180
-955
-880
-814
-465
-377
-432
-227
-288
-69
181
-48
113
-57
-82
-69
-504
-406
-436
-573
-267
-219
-71
249
384
701
875
1090
1502
1614
1679
1847
1888
1998
2110
2002
1992
2072
2075
2087
1944
1777
1734
1492
1236
883
263
39
-240
-696
-884
-1121
-1153
-972
-984
-721
-496
-272
310
550
818
1267
1451
1704
1912
2020
2170
2196
2276
2324
2271
2341
2368
2095
1828
1701
1347
1033
640
-87
-573
-990
-1520
-1996
-2671
-2987
-3168
-3582
-3621
-3819
-3894
-3735
-3753
-3474
-3407
-3209
-2652
-2547
-2170
-1707
-1489
-975
-669
-391
2
178
514
540
510
732
738
613
280
59
-143
-407
-556
-882
-947
-732
-598
-392
-287
30
317
474
832
943
1078
1465
1507
1530
1562
1673
1867
1849
2048
2230
2328
2548
2581
2477
2425
2291
2024
1506
954
518
20
-462
-825
-1170
-1288
-1235
-1187
-1092
-840
-488
-17
331
594
1009
1244
1490
1686
1680
1710
1808
1813
1891
1876
1906
2035
1923
1817
1655
1341
1060
653
149
-363
-865
-1353
-2019
-2525
-2858
-3213
-3591
-3835
-4005
-4028
-3870
-3780
-4104
-4306
-3693
-3080
-2930
-2600
-2228
-1488
-417
191
495
566
1141
2070
2106
1972
1976
1764
2042
1878
1345
775
339
439
-26
-620
-494
-737
-825
-733
-986
-979
-903
-872
-1056
-1248
-788
-475
-703
-515
-272
25
682
1249
1356
1684
2508
3125
3269
3184
3288
3373
3069
2958
2418
1638
1588
1242
593
371
160
104
-14
-117
150
-50
75
353
-35
73
373
219
104
-1
258
454
441
672
655
767
1307
1366
1057
1064
1236
1049
763
460
-15
-383
-781
-1159
-1767
-2239
-2214
-2658
-3098
-3177
-3351
-3224
-3327
-3505
-3402
-3340
-2950
-2721
-2804
-2513
-2027
-1619
-1275
-1025
-714
-217
231
518
667
819
1308
1533
1350
1292
1014
834
817
411
173
18
-7
36
-211
-224
-95
-168
-176
-193
-129
92
273
285
223
369
723
1001
1043
1153
1507
1866
2226
2359
2321
2472
2638
2541
2194
1806
1651
1405
1015
765
401
254
258
156
76
126
325
479
452
500
628
688
746
674
577
599
765
769
635
636
740
834
826
711
662
532
333
135
-274
-564
-796
-1186
-1429
-1788
-2155
-2305
-2502
-2717
-2923
-3057
-3063
-3195
-3279
-3057
-2972
-2894
-2589
-2406
-2056
-1629
-1339
-958
-746
-340
105
126
196
414
478
710
819
685
631
612
540
343
87
96
88
-16
46
32
45
199
257
162
200
342
542
594
544
766
857
1047
1231
1147
1281
1564
1741
1809
1816
1738
1695
1580
1444
1269
918
766
644
437
469
442
406
509
611
841
975
1006
1085
1113
1267
1444
1306
1141
1087
1135
1134
1036
891
819
878
866
846
644
423
439
187
-83
-363
-764
-982
-1272
-1579
-1824
-2161
-2295
-2444
-2591
-2506
-2562
-2425
-2326
-2445
-2334
-2313
-2420
-2481
-2650
-2485
-2362
-2104
-1872
-1991
-1401
-1005
-888
-335
-387
94
494
292
750
378
265
354
-292
-134
-424
-589
-129
-532
-58
206
254
1016
895
1060
1526
1470
1710
1483
1305
1475
1186
1197
1070
878
1088
1273
1364
1437
1599
1745
1746
1869
1649
1377
1250
1118
851
341
114
117
-64
-30
0
-107
322
634
804
1094
1232
1525
1628
1506
1684
1402
1205
1311
1011
764
611
431
374
155
140
115
-92
-133
-240
-499
-649
-713
-1050
-1356
-1464
-1748
-1966
-2149
-2368
-2552
-2811
-2682
-2724
-2973
-2725
-2526
-2388
-2086
-1928
-1648
-1339
-1012
-789
-816
-656
-480
-441
-486
-454
-599
-718
-538
-751
-930
-997
-1083
-968
-966
-748
-544
-448
-89
139
296
658
869
1017
1102
1234
1463
1503
1573
1698
1637
1756
2000
2144
2249
2343
2490
2612
2558
2408
2202
1927
1702
1299
792
386
27
-226
-446
-641
-724
-729
-473
-265
-156
52
286
623
825
966
1097
1060
1211
1246
1132
1154
1082
1177
1142
1050
1138
1045
1024
1014
862
766
558
313
-3
-421
-727
-1109
-1402
-1742
-2040
-2207
-2364
-2399
-2476
-2545
-2402
-2416
-2338
-2260
-2231
-2018
-2046
-1901
-1722
-1694
-1427
-1289
-1207
-1060
-980
-803
-706
-596
-443
-423
-352
-317
-300
-348
-494
-653
-793
-787
-764
-762
-641
-573
-346
-20
209
413
557
829
1173
1318
1409
1550
1604
1764
1820
1783
1853
1862
2013
2130
2048
2125
2113
2011
1964
1755
1472
1239
850
524
225
-86
-269
-483
-586
-542
-389
-214
-51
28
221
542
719
839
894
968
1121
1139
1125
1037
940
1029
1021
947
939
844
853
793
643
507
329
211
2
-277
-484
-743
-952
-1255
-1543
-1727
-1940
-2023
-2255
-2433
-2402
-2368
-2266
-2262
-2214
-2074
-2046
-1722
-1625
-1701
-1467
-1376
-1222
-1070
-1205
-1086
-1065
-981
-802
-956
-766
-660
-686
-611
-754
-643
-520
-513
-327
-372
-164
156
241
424
501
668
913
1010
1154
1182
1185
1393
1439
1427
1462
1566
1783
1832
1882
1988
1984
2059
1912
1745
1618
1348
1153
692
379
281
-29
-110
-229
-364
-103
17
311
428
414
855
991
1119
1203
1022
1143
1129
1016
1035
821
867
942
911
985
885
913
922
843
802
554
411
194
-113
-330
-641
-880
-1155
-1492
-1588
-1753
-1840
-1954
-2110
-1998
-2065
-2040
-1989
-2133
-1901
-1900
-2074
-1835
-1944
-1917
-1683
-1794
-1606
-1644
-1674
-1348
-1478
-1331
-1134
-1212
-879
-855
-922
-819
-1052
-817
-757
-856
-586
-610
-382
-33
170
509
636
982
1346
1513
1829
1892
1982
2107
2143
2170
2046
2107
2112
1995
2117
2043
1987
1893
1644
1607
1338
1026
833
288
64
-102
-376
-491
-768
-780
-618
-500
-245
-135
-54
354
661
917
1111
1153
1332
1480
1506
1503
1410
1321
1395
1400
1335
1318
1225
1134
1099
941
757
562
251
4
-290
-635
-874
-1293
-1552
-1733
-2011
-2124
-2243
-2351
-2282
-2263
-2221
-2124
-2076
-1982
-1877
-1838
-1776
-1734
-1759
-1605
-1622
-1632
-1537
-1584
-1370
-1307
-1294
-1054
-1140
-950
-791
-942
-873
-967
-851
-739
-760
-523
-415
-220
115
308
568
772
1035
1336
1486
1713
1788
1812
1955
1947
1969
2044
2022
2048
2018
2036
2074
1923
1716
1491
1288
1090
796
485
124
-111
-227
-429
-521
-564
-523
-346
-202
43
172
322
639
802
962
1104
1154
1224
1265
1278
1344
1310
1326
1330
1266
1375
1287
1207
1216
1085
1001
821
500
237
-133
-436
-730
-1144
-1467
-1734
-1973
-2119
-2244
-2341
-2301
-2221
-2228
-2151
-2050
-1975
-1859
-1866
-1803
-1700
-1685
-1549
-1550
-1661
-1538
-1552
-1430
-1395
-1411
-1178
-1181
-1056
-828
-956
-899
-891
-1010
-851
-839
-716
-602
-485
-85
191
426
746
919
1180
1478
1724
1898
1932
2058
2136
2167
2193
2140
2078
2078
2082
2062
1896
1787
1585
1323
1178
868
577
238
-96
-290
-552
-667
-789
-918
-760
-643
-455
-198
-28
229
535
831
1122
1214
1369
1557
1654
1771
1741
1716
1699
1692
1716
1582
1454
1364
1209
1101
841
549
251
-89
-337
-718
-1140
-1404
-1722
-1928
-2080
-2272
-2391
-2353
-2233
-2263
-2242
-2139
-2006
-1797
-1697
-1646
-1528
-1441
-1246
-1276
-1291
-1227
-1275
-1165
-1137
-1153
-1085
-1072
-1035
-983
-1059
-1043
-1181
-1317
-1286
-1375
-1299
-1185
-1081
-774
-561
-170
225
442
720
1043
1409
1666
1822
1955
2097
2213
2375
2392
2317
2316
2400
2410
2347
2311
2094
1905
1766
1508
1152
761
398
129
-230
-532
-809
-1014
-1016
-1051
-978
-791
-648
-317
-38
194
489
655
901
1138
1247
1399
1478
1575
1661
1703
1782
1774
1790
1753
1626
1537
1421
1196
854
473
154
-179
-593
-944
-1333
-1685
-1880
-2097
-2259
-2414
-2489
-2422
-2359
-2342
-2276
-2167
-2044
-1801
-1714
-1658
-1484
-1331
-1276
-1273
-1200
-1126
-1108
-1046
-1033
-1025
-926
-902
-899
-912
-951
-916
-1016
-1100
-1086
-1039
-882
-792
-715
-530
-201
166
372
524
777
1077
1455
1651
1763
1907
2016
2234
2279
2170
2198
2257
2218
2178
2089
1982
1821
1606
1395
1083
744
492
188
-147
-356
-515
-687
-777
-800
-755
-567
-344
-156
41
289
645
882
998
1168
1296
1463
1594
1606
1633
1659
1700
1726
1614
1586
1482
1299
1183
959
700
418
104
-223
-608
-945
-1215
-1518
-1807
-2006
-2162
-2310
-2317
-2408
-2449
-2348
-2285
-2162
-2105
-2018
-1776
-1694
-1557
-1386
-1411
-1243
-1210
-1225
-1135
-1174
-1102
-1012
-1063
-896
-916
-939
-798
-839
-872
-923
-1062
-998
-1001
-1034
-873
-824
-637
-383
-137
204
497
734
1078
1407
1743
1918
1992
2150
2269
2290
2334
2341
2258
2242
2212
2140
2019
1801
1619
1461
1230
1003
721
395
240
43
-184
-315
-470
-463
-447
-370
-156
-25
183
481
682
919
1135
1276
1462
1580
1657
1671
1701
1689
1618
1539
1479
1346
1157
1019
841
625
425
150
-146
-436
-729
-1019
-1401
-1712
-1948
-2181
-2386
-2484
-2578
-2590
-2623
-2494
-2403
-2355
-2092
-1874
-1711
-1544
-1445
-1293
-1128
-1040
-1001
-1017
-979
-964
-971
-981
-1020
-1018
-1002
-990
-955
-993
-1049
-1062
-1140
-1152
-1111
-1098
-996
-905
-753
-497
-229
29
263
556
900
1204
1509
1700
1861
2075
2204
2346
2365
2347
2396
2407
2411
2279
2137
2036
1849
1624
1414
1131
864
644
412
222
44
-96
-223
-246
-196
-148
-57
107
250
414
612
733
879
1028
1163
1317
1402
1450
1528
1548
1575
1556
1500
1403
1317
1174
931
697
464
215
-119
-412
-715
-1037
-1290
-1539
-1799
-1982
-2066
-2151
-2223
-2271
-2165
-2090
-2043
-1984
-1867
-1763
-1643
-1563
-1645
-1531
-1376
-1333
-1282
-1355
-1328
-1305
-1257
-1176
-1357
-1400
-1274
-1270
-1254
-1346
-1422
-1415
-1530
-1467
-1472
-1508
-1336
-1191
-973
-668
-301
133
486
801
1168
1507
1907
2154
2236
2378
2489
2598
2579
2450
2431
2404
2380
2340
2231
2059
1929
1814
1615
1370
1105
842
596
385
150
-24
-214
-278
-338
-312
-183
-59
127
324
563
830
1049
1195
1347
1479
1621
1674
1609
1552
1453
1364
1283
1116
911
720
599
456
272
40
-262
-514
-734
-998
-1270
-1566
-1764
-1959
-2111
-2200
-2337
-2375
-2326
-2213
-2038
-1936
-1831
-1683
-1591
-1403
-1373
-1378
-1304
-1294
-1190
-1166
-1285
-1314
-1400
-1404
-1339
-1461
-1420
-1465
-1463
-1369
-1463
-1432
-1463
-1601
-1493
-1479
-1396
-1161
-1063
-786
-497
-122
322
625
1001
1330
1663
2114
2354
2483
2579
2659
2776
2743
2703
2629
2527
2511
2459
2333
2177
2039
1897
1663
1434
1194
836
597
369
76
-86
-232
-305
-354
-348
-182
-63
109
337
542
808
1030
1207
1314
1354
1486
1498
1527
1526
1441
1373
1270
1187
1023
781
607
405
141
-58
-359
-643
-907
-1156
-1373
-1625
-1838
-2014
-2205
-2267
-2291
-2333
-2260
-2211
-2159
-2065
-1957
-1846
-1834
-1767
-1618
-1623
-1564
-1481
-1416
-1387
-1446
-1413
-1462
-1452
-1400
-1481
-1455
-1480
-1441
-1377
-1450
-1395
-1421
-1497
-1421
-1349
-1242
-1062
-881
-571
-300
118
585
864
1214
1525
1849
2232
2455
2514
2584
2677
2783
2774
2688
2642
2560
2547
2516
2397
2245
2073
1947
1752
1575
1357
1067
810
552
380
185
-21
-135
-250
-297
-150
-24
77
241
383
595
723
830
911
933
1068
1112
1068
992
974
990
907
829
734
594
486
378
186
4
-207
-454
-692
-940
-1176
-1435
-1611
-1777
-1928
-2047
-2060
-2079
-2110
-2056
-1989
-1931
-1837
-1811
-1805
-1729
-1703
-1718
-1697
-1671
-1673
-1615
-1683
-1709
-1695
-1725
-1609
-1595
-1577
-1459
-1366
-1254
-1218
-1196
-1127
-1162
-1070
-1042
-1013
-767
-585
-301
-65
222
632
997
1322
1601
1857
2183
2455
2577
2640
2648
2662
2673
2589
2474
2357
2273
2191
2109
2038
1899
1829
1734
1582
1421
1223
1022
853
622
411
251
130
23
-87
-35
45
142
224
297
443
614
717
806
852
911
953
954
934
838
748
614
522
395
230
89
-26
-175
-367
-551
-639
-807
-986
-1090
-1275
-1379
-1508
-1657
-1705
-1786
-1764
-1767
-1839
-1706
-1745
-1749
-1599
-1669
-1581
-1521
-1641
-1507
-1625
-1679
-1626
-1816
-1756
-1816
-1868
-1737
-1898
-1804
-1694
-1780
-1531
-1516
-1475
-1316
-1385
-1211
-1119
-1010
-680
-576
-285
88
431
916
1220
1561
1946
2243
2638
2765
2878
2939
2931
2984
2859
2749
2627
2487
2483
2305
2198
2149
1922
1849
1658
1418
1215
876
711
520
178
13
-210
-279
-338
-451
-322
-291
-137
40
144
367
527
690
770
829
972
950
964
995
867
876
788
694
624
413
335
162
-36
-152
-415
-561
-730
-976
-1147
-1376
-1506
-1574
-1735
-1785
-1891
-1933
-1894
-1878
-1814
-1917
-1847
-1686
-1750
-1680
-1697
-1753
-1594
-1616
-1598
-1632
-1666
-1534
-1592
-1581
-1552
-1581
-1423
-1441
-1395
-1304
-1289
-1114
-1120
-1188
-1079
-981
-748
-579
-465
-216
79
519
890
1178
1498
1801
2149
2388
2506
2639
2673
2723
2761
2626
2595
2543
2490
2488
2369
2391
2333
2200
2080
1839
1655
1419
1119
838
485
231
20
-187
-351
-510
-522
-478
-408
-288
-207
-12
177
297
475
499
562
653
629
715
663
576
602
505
464
373
218
175
54
-59
-168
-341
-433
-595
-784
-930
-1147
-1270
-1441
-1621
-1711
-1854
-1884
-1936
-1980
-2000
-2059
-1924
-1913
-1891
-1732
-1748
-1647
-1581
-1571
-1449
-1467
-1445
-1397
-1508
-1424
-1420
-1437
-1316
-1312
-1216
-1094
-989
-822
-719
-639
-567
-508
-367
-245
-108
66
220
532
834
1102
1354
1532
1827
2092
2321
2459
2478
2559
2595
2599
2575
2467
2454
2436
2335
2312
2228
2140
2060
1846
1656
1413
1178
967
645
424
205
20
-56
-266
-368
-392
-379
-279
-278
-236
-139
-60
90
75
84
209
235
301
316
274
343
330
359
358
281
282
202
133
-7
-168
-320
-481
-629
-853
-1021
-1170
-1318
-1433
-1577
-1633
-1663
-1755
-1776
-1788
-1793
-1801
-1883
-1882
-1877
-1881
-1823
-1922
-1909
-1781
-1814
-1692
-1660
-1711
-1488
-1453
-1364
-1200
-1217
-1002
-842
-774
-617
-602
-470
-396
-425
-285
-214
-38
206
337
631
946
1269
1556
1728
1983
2190
2407
2554
2559
2527
2462
2472
2420
2280
2214
2170
2165
2168
2055
1972
1819
1708
1617
1356
1126
930
621
410
108
-196
-324
-491
-591
-659
-646
-570
-457
-371
-182
-43
124
270
322
440
474
531
581
546
500
440
412
387
299
213
130
60
-56
-161
-266
-403
-558
-710
-839
-977
-1178
-1334
-1481
-1611
-1707
-1825
-1872
-1867
-1934
-1906
-1878
-1905
-1820
-1755
-1711
-1651
-1627
-1552
-1459
-1415
-1362
-1387
-1295
-1202
-1181
-1103
-1075
-953
-728
-698
-554
-391
-303
-109
-90
-50
29
149
373
461
584
793
988
1253
1396
1533
1708
1851
2047
2115
2114
2118
2094
2104
2040
1940
1849
1847
1829
1746
1650
1554
1485
1404
1237
1035
881
690
544
362
109
-26
-109
-214
-266
-352
-327
-302
-280
-182
-169
-88
65
105
137
163
195
274
276
275
237
228
252
222
177
95
57
41
-48
-91
-193
-289
-367
-485
-578
-764
-929
-1077
-1284
-1422
-1537
-1689
-1732
-1801
-1822
-1830
-1837
-1751
-1719
-1694
-1616
-1595
-1536
-1461
-1353
-1347
-1350
-1209
-1158
-1074
-961
-930
-769
-594
-414
-227
-175
-13
142
222
250
178
208
280
360
500
499
635
850
994
1167
1269
1382
1549
1656
1771
1779
1729
1770
1729
1676
1645
1575
1553
1512
1476
1420
1359
1382
1319
1207
1113
989
863
685
499
350
133
4
-87
-263
-323
-386
-379
-372
-375
-314
-297
-224
-130
-72
-13
30
80
143
180
226
221
211
214
156
160
86
45
-6
-135
-173
-253
-363
-503
-592
-748
-831
-923
-1059
-1211
-1320
-1381
-1453
-1473
-1518
-1564
-1500
-1437
-1499
-1399
-1353
-1372
-1239
-1243
-1197
-1129
-1117
-994
-1046
-996
-869
-848
-665
-588
-466
-287
-232
-59
22
-15
78
55
90
176
194
337
456
607
792
921
1072
1198
1269
1378
1486
1594
1578
1565
1550
1482
1482
1432
1363
1359
1335
1336
1316
1241
1243
1151
1045
997
847
730
577
374
253
58
-70
-138
-281
-313
-388
-415
-377
-397
-341
-299
-209
-112
-88
17
99
136
187
201
269
251
303
336
260
288
253
189
137
27
-31
-93
-161
-240
-426
-590
-656
-731
-847
-928
-1050
-1085
-1128
-1280
-1333
-1343
-1362
-1337
-1364
-1397
-1366
-1330
-1276
-1270
-1195
-1175
-1096
-945
-935
-895
-818
-743
-623
-524
-453
-349
-268
-137
-60
-27
1
28
103
186
253
358
423
540
712
820
980
1077
1168
1240
1322
1405
1369
1311
1303
1252
1182
1156
1122
1049
974
991
981
958
902
785
730
685
588
439
268
144
47
-87
-181
-236
-305
-332
-324
-268
-251
-223
-147
-53
51
125
222
287
324
410
468
495
538
542
534
527
499
421
354
299
232
166
87
-14
-101
-222
-324
-461
-650
-681
-761
-950
-987
-1054
-1154
-1114
-1162
-1232
-1244
-1209
-1177
-1208
-1221
-1192
-1125
-1060
-1041
-1045
-1015
-933
-820
-840
-815
-695
-623
-518
-442
-324
-280
-202
-78
-98
-130
-161
-118
-32
-28
34
157
281
501
652
789
929
1046
1137
1209
1249
1230
1205
1145
1095
1008
940
889
845
846
848
885
874
851
837
747
687
635
498
303
159
72
-12
-128
-238
-297
-327
-295
-246
-205
-173
-86
56
147
216
252
294
378
458
502
491
491
510
503
492
480
438
399
374
363
313
219
176
66
-56
-152
-314
-443
-556
-653
-750
-876
-925
-982
-1025
-993
-1073
-1156
-1121
-1128
-1124
-1071
-1094
-1001
-991
-999
-912
-931
-869
-809
-866
-826
-762
-656
-566
-565
-449
-359
-272
-121
-161
-180
-132
-182
-109
-150
-178
-49
-12
122
273
385
569
718
849
916
1010
1101
1049
1014
931
895
865
733
656
572
600
658
614
593
597
609
588
526
466
389
334
292
172
63
-22
-93
-97
-132
-132
-95
-45
79
179
242
372
484
518
557
579
644
647
642
625
592
613
568
528
487
431
414
422
329
243
143
122
65
-70
-206
-317
-361
-421
-526
-680
-774
-867
-902
-931
-1025
-1104
-1084
-1040
-1027
-973
-949
-944
-905
-884
-875
-890
-863
-862
-877
-819
-793
-725
-680
-646
-520
-437
-370
-271
-256
-218
-219
-225
-214
-252
-200
-160
-102
29
148
303
425
518
668
738
832
893
825
821
769
677
558
403
344
306
293
307
304
319
414
501
536
536
535
529
473
445
348
255
176
80
1
-19
-38
-32
43
162
267
367
489
587
665
697
763
792
764
736
715
643
590
529
443
385
331
343
305
252
244
224
212
186
129
4
-111
-188
-313
-483
-620
-734
-886
-929
-950
-1067
-1076
-1031
-1038
-983
-940
-884
-813
-791
-700
-707
-736
-669
-684
-728
-758
-792
-765
-743
-717
-636
-595
-510
-350
-330
-297
-158
-174
-173
-177
-176
-111
-148
-112
-65
-31
137
217
253
331
440
565
592
574
497
447
467
403
312
223
212
262
281
294
325
389
482
529
540
557
595
625
605
579
568
529
480
460
422
412
442
452
513
538
609
698
698
769
771
774
815
775
707
620
574
516
387
309
272
210
192
116
68
39
32
63
-20
-82
-148
-195
-200
-336
-464
-551
-685
-715
-771
-871
-942
-997
-1003
-1004
-978
-947
-965
-909
-908
-865
-838
-911
-818
-864
-893
-843
-895
-876
-867
-813
-709
-678
-573
-535
-468
-365
-369
-351
-322
-321
-230
-201
-202
-108
-27
50
153
233
310
389
476
542
557
565
536
535
513
463
396
367
382
391
372
404
452
485
527
542
571
582
609
650
609
586
567
536
534
477
461
457
507
593
615
672
747
816
876
909
927
899
881
864
790
737
637
521
460
346
318
258
158
178
128
112
81
-14
-46
-86
-167
-265
-374
-456
-549
-677
-766
-847
-916
-947
-952
-937
-913
-906
-863
-758
-765
-731
-693
-701
-723
-778
-842
-873
-942
-966
-1007
-1069
-1000
-1006
-974
-907
-825
-713
-671
-659
-556
-516
-480
-470
-517
-465
-404
-385
-345
-293
-182
12
166
291
393
527
685
780
780
755
726
702
674
546
473
447
390
414
399
404
485
540
645
692
721
770
783
778
728
646
589
544
494
469
450
468
530
600
703
785
896
982
1046
1119
1131
1129
1076
1013
952
835
717
600
471
390
302
253
203
116
76
42
-9
-65
-189
-303
-357
-489
-568
-707
-868
-907
-999
-1025
-1069
-1120
-1065
-1011
-940
-889
-918
-844
-810
-823
-756
-816
-832
-909
-967
-951
-1043
-1068
-1134
-1169
-1088
-1050
-997
-934
-858
-750
-722
-644
-558
-575
-531
-558
-544
-518
-537
-454
-425
-326
-127
24
189
335
479
689
824
949
1009
953
976
973
884
774
644
602
557
550
558
546
609
689
755
835
850
869
882
841
841
762
717
637
517
491
498
529
569
566
659
807
934
1038
1035
1080
1156
1150
1090
974
855
782
653
559
411
264
212
137
107
50
3
-85
-174
-210
-276
-352
-484
-564
-640
-758
-848
-973
-1065
-1064
-1106
-1151
-1171
-1178
-1082
-1023
-952
-900
-943
-880
-841
-913
-980
-1090
-1081
-1085
-1160
-1168
-1196
-1142
-1089
-1046
-938
-839
-721
-584
-512
-416
-351
-334
-291
-293
-311
-307
-279
-270
-294
-230
-142
-3
130
249
394
501
641
739
790
801
737
684
644
533
441
342
270
326
351
368
434
534
692
826
924
1015
1062
1064
1070
1005
933
882
835
796
741
730
748
768
827
942
1040
1140
1209
1253
1257
1203
1159
1053
927
760
642
534
359
242
105
24
7
-1
-30
-74
-110
-116
-197
-266
-351
-486
-552
-647
-799
-935
-1018
-1150
-1215
-1259
-1280
-1235
-1210
-1133
-1081
-1063
-947
-900
-955
-961
-1011
-989
-1055
-1145
-1149
-1184
-1106
-1050
-1029
-957
-910
-771
-680
-623
-491
-470
-385
-296
-277
-271
-275
-234
-229
-263
-265
-252
-247
-197
-144
-96
-12
63
162
254
351
436
453
501
548
551
538
478
451
437
402
461
483
556
648
706
829
952
1041
1111
1163
1185
1215
1221
1188
1169
1070
1038
1044
974
970
923
895
955
935
925
919
912
930
853
777
689
598
531
415
282
179
121
53
-15
-63
-113
-137
-148
-138
-141
-165
-190
-235
-340
-449
-537
-638
-777
-883
-1002
-1045
-1006
-1039
-1073
-1042
-940
-863
-852
-852
-840
-840
-843
-900
-982
-1068
-1051
-1072
-1164
-1191
-1175
-1088
-1035
-949
-909
-860
-669
-589
-550
-516
-476
-368
-369
-376
-339
-333
-285
-279
-277
-265
-197
-116
-56
-16
45
195
296
371
468
527
645
742
734
759
767
781
792
740
672
648
652
651
615
627
655
708
764
795
845
914
974
1013
983
930
928
894
814
727
696
667
627
611
618
623
701
766
779
817
831
840
776
700
602
489
373
269
132
50
-28
-82
-118
-191
-165
-153
-174
-167
-227
-293
-348
-434
-520
-644
-784
-887
-939
-974
-1027
-1090
-1112
-1068
-1062
-1019
-925
-953
-994
-1013
-951
-1026
-1153
-1160
-1216
-1157
-1075
-1079
-1001
-914
-703
-502
-454
-294
-197
-62
65
47
29
-43
-27
-5
-99
-99
-88
-61
7
51
147
220
266
303
323
358
412
360
257
235
205
155
128
83
32
74
129
176
224
278
404
465
527
645
663
667
661
652
582
532
491
431
397
398
391
420
456
473
504
546
593
617
628
616
647
603
568
539
475
474
473
447
473
504
509
546
587
597
580
563
545
486
444
421
329
241
162
92
-3
-73
-163
-227
-250
-312
-356
-458
-534
-565
-630
-695
-752
-845
-888
-937
-964
-993
-1038
-1009
-985
-943
-909
-857
-855
-853
-827
-788
-751
-740
-719
-707
-650
-587
-591
-575
-525
-482
-429
-407
-380
-359
-304
-242
-216
-158
-105
-42
16
45
75
77
70
69
47
58
62
54
64
46
95
158
213
239
304
366
423
471
449
443
479
546
532
474
457
442
474
506
492
415
416
455
475
505
501
497
551
595
614
575
515
545
554
518
510
472
450
439
412
395
362
364
319
298
284
294
280
225
212
189
201
177
97
55
77
80
54
13
-41
-12
-14
-1
-29
-52
-20
-21
-23
-58
-76
-105
-124
-154
-190
-240
-300
-340
-392
-431
-430
-451
-511
-540
-548
-576
-612
-651
-687
-697
-694
-691
-702
-707
-677
-674
-667
-642
-651
-636
-591
-550
-541
-530
-496
-459
-414
-368
-365
-347
-317
-287
-238
-189
-180
-186
-174
-153
-101
-91
-98
-96
-41
12
38
39
53
97
148
222
232
280
320
351
421
451
459
517
548
591
634
643
672
653
669
664
619
652
636
592
596
591
578
554
546
515
491
509
503
432
409
374
339
295
219
204
179
185
190
166
159
159
171
195
189
188
173
185
214
153
147
139
85
43
-3
-41
-52
-95
-109
-121
-157
-165
-228
-257
-300
-352
-360
-347
-376
-428
-440
-442
-431
-422
-416
-405
-421
-415
-394
-461
-549
-519
-488
-458
-443
-491
-489
-437
-388
-430
-483
-482
-514
-531
-503
-498
-560
-585
-556
-489
-424
-383
-366
-310
-247
-183
-169
-134
-86
-34
56
88
121
181
254
279
333
399
457
491
519
543
525
533
532
506
507
466
424
407
408
379
370
403
381
368
353
391
425
427
397
372
381
389
349
299
298
266
251
254
236
261
248
228
219
250
241
204
229
204
149
117
63
4
-23
-71
-148
-179
-175
-219
-217
-208
-211
-203
-170
-128
-125
-129
-111
-163
-197
-234
-291
-299
-317
-351
-394
-437
-443
-465
-473
-472
-480
-453
-430
-418
-413
-411
-393
-408
-423
-447
-445
-407
-421
-399
-401
-373
-295
-246
-203
-166
-115
-66
-31
1
-4
23
53
107
137
154
211
232
266
311
314
331
356
335
331
348
349
352
345
347
315
333
374
407
425
440
473
497
507
499
471
410
386
366
335
326
328
295
255
242
251
270
222
215
201
192
201
156
90
45
32
-7
-57
-67
-96
-94
-89
-102
-104
-80
-69
-97
-115
-94
-115
-140
-188
-237
-252
-276
-298
-354
-400
-407
-417
-433
-447
-448
-438
-406
-410
-452
-459
-452
-483
-535
-562
-574
-545
-529
-494
-472
-448
-388
-341
-260
-196
-157
-122
-38
27
8
-8
-28
-57
-40
-13
0
-29
1
73
62
106
133
164
206
257
337
365
369
357
302
257
229
190
173
187
251
302
302
303
331
396
467
491
479
514
566
581
542
457
377
349
346
342
345
370
375
341
339
340
317
304
308
296
273
262
204
115
61
10
-37
-77
-91
-111
-101
-96
-99
-108
-130
-143
-189
-193
-214
-256
-285
-296
-308
-336
-378
-420
-441
-443
-443
-459
-502
-497
-479
-489
-501
-592
-597
-543
-508
-518
-524
-523
-458
-381
-355
-322
-300
-253
-193
-164
-169
-148
-126
-101
-53
-6
-8
12
57
74
84
139
152
163
197
191
160
124
113
104
77
88
124
132
168
219
245
271
308
349
356
383
386
382
378
372
377
369
365
362
365
376
400
419
455
484
479
450
452
419
379
336
263
225
176
150
118
98
84
77
56
47
56
59
64
46
14
-36
-75
-80
-117
-167
-173
-214
-268
-280
-295
-328
-321
-329
-348
-335
-319
-321
-339
-353
-386
-393
-397
-413
-440
-456
-427
-438
-444
-436
-424
-419
-392
-369
-341
-308
-280
-262
-224
-205
-204
-206
-170
-131
-133
-123
-83
-48
0
61
45
42
55
87
137
150
136
154
187
232
219
212
217
219
238
254
295
308
350
380
395
393
387
396
398
415
407
407
400
391
406
370
348
318
305
295
261
243
213
199
175
142
120
103
72
73
55
44
53
59
52
27
-19
-31
-54
-80
-92
-130
-153
-175
-200
-219
-216
-241
-233
-257
-276
-266
-285
-281
-298
-310
-325
-344
-353
-375
-382
-402
-403
-372
-360
-332
-305
-253
-210
-209
-207
-186
-168
-152
-135
-134
-132
-131
-147
-151
-142
-140
-102
-46
-23
-21
9
35
54
61
85
119
124
151
164
169
165
151
148
160
193
198
194
210
243
272
271
293
307
314
336
318
317
317
333
312
285
253
233
249
257
268
246
275
306
297
272
268
247
209
175
137
101
73
54
12
-11
-34
-38
-42
-51
-85
-95
-100
-143
-175
-180
-186
-207
-225
-264
-273
-267
-277
-297
-333
-336
-326
-324
-320
-333
-334
-321
-322
-320
-320
-338
-323
-332
-325
-315
-291
-278
-271
-255
-263
-255
-235
-222
-183
-146
-109
-85
-73
-37
-6
17
19
14
24
48
57
67
70
78
86
95
112
144
178
190
204
217
245
268
266
269
274
288
303
318
342
371
394
417
428
421
428
426
428
440
418
418
432
424
441
445
398
364
357
321
297
268
215
179
155
118
75
54
5
-18
-39
-66
-84
-122
-141
-174
-224
-265
-299
-323
-329
-337
-354
-376
-388
-384
-359
-362
-367
-380
-380
-365
-355
-353
-345
-359
-353
-374
-376
-375
-381
-375
-389
-376
-377
-351
-336
-335
-323
-321
-314
-290
-260
-237
-209
-198
-195
-169
-160
-159
-124
-116
-109
-82
-88
-77
-63
-48
-35
-11
19
70
82
120
155
191
217
244
257
280
324
330
360
385
424
429
434
484
491
496
536
568
574
590
593
587
576
549
538
505
495
456
416
371
330
301
270
261
237
210
207
201
182
161
157
123
95
63
23
-15
-52
-75
-98
-116
-139
-129
-112
-123
-147
-151
-148
-146
-157
-172
-190
-228
-259
-312
-355
-354
-357
-356
-366
-383
-384
-386
-395
-403
-418
-402
-397
-391
-382
-403
-411
-409
-428
-430
-422
-442
-422
-413
-427
-395
-390
-370
-346
-328
-325
-281
-245
-246
-211
-176
-156
-137
-107
-82
-57
-31
-9
12
18
65
90
108
131
149
198
218
252
286
321
356
394
417
442
473
474
489
500
490
483
473
467
463
453
436
425
421
406
404
385
375
374
344
335
325
296
271
246
220
189
162
139
106
94
94
73
75
66
70
102
86
60
35
3
-10
-18
-43
-57
-72
-75
-83
-98
-133
-137
-146
-161
-170
-196
-213
-231
-242
-240
-247
-254
-281
-300
-292
-307
-318
-336
-340
-356
-354
-350
-360
-336
-351
-346
-333
-312
-306
-307
-299
-305
-298
-307
-307
-291
-245
-240
-208
-186
-161
-123
-114
-78
-69
-70
-34
9
36
75
68
90
110
117
128
127
127
141
173
199
207
223
249
260
262
274
267
291
267
247
265
243
243
232
222
183
164
148
138
138
142
136
140
139
126
138
131
119
117
127
137
117
123
119
129
118
105
108
115
111
125
108
100
96
62
50
30
41
27
24
12
-12
-13
-7
-15
-12
-21
-27
-30
-45
-61
-91
-113
-134
-142
-155
-158
-159
-144
-144
-165
-161
-176
-191
-218
-242
-239
-227
-241
-237
-263
-279
-265
-258
-258
-241
-212
-204
-179
-150
-135
-112
-89
-62
-62
-44
-43
-37
-21
-2
8
-3
25
44
54
56
61
54
81
72
65
101
115
116
120
135
144
138
123
105
88
106
109
115
107
119
128
125
134
151
160
146
170
156
149
156
146
140
124
110
95
83
100
109
112
