-23
31
-4
-50
-9
23
-5
-29
-22
11
31
-20
-25
16
20
-10
-22
-14
15
13
-11
-3
16
2
-22
-22
5
14
-2
-17
7
32
5
-13
10
33
27
15
17
25
17
-2
1
14
18
5
3
9
0
-3
-15
-3
4
-17
-10
-15
-16
-12
-31
-23
-13
-2
-12
-12
8
14
13
-1
11
17
3
0
-4
3
12
-1
5
18
15
8
13
18
12
3
0
4
6
0
-15
-3
5
-10
-14
-11
0
5
4
-1
24
21
5
15
7
11
3
-13
-8
2
-10
-10
-12
-1
4
-4
-3
1
-2
-5
-5
0
-2
-8
-1
1
0
12
-6
-2
11
0
10
5
3
0
0
4
2
-1
-6
-4
2
-2
9
-2
-9
2
-5
-17
-15
-5
-16
-4
0
-5
0
-5
1
4
15
7
6
17
1
-1
2
-3
10
14
6
8
13
2
-2
8
8
3
7
3
-1
2
3
10
-2
-1
2
1
-5
-17
-12
-17
-14
-1
2
9
-1
4
1
2
6
-11
-2
-8
-5
0
-10
-11
-14
-10
-16
-16
-8
-5
-11
-15
-11
-17
-17
-7
-11
-8
-9
0
7
0
0
-1
-1
-3
-8
-3
8
9
4
1
-7
-3
-2
-9
-9
-11
-12
-1
2
4
-5
2
-3
5
4
-6
8
0
8
16
15
15
19
2
-7
8
-2
-3
8
7
8
-3
-8
0
0
-5
0
10
7
10
11
17
17
4
9
10
5
8
21
19
14
7
15
6
-3
-3
-6
-5
-5
-12
-7
-6
-11
-9
-8
-7
-7
-7
6
8
18
13
9
13
12
4
0
13
17
9
2
9
12
8
-5
0
10
20
15
10
8
13
0
-4
7
-10
-8
-10
0
1
3
-8
-9
-7
-14
-17
-27
-23
-23
-25
-22
-30
-20
-18
-34
-25
-22
-23
-24
-15
-1
-3
-4
-8
-11
-14
-13
-9
-8
-3
3
-1
7
0
2
14
7
5
11
9
-1
5
7
12
20
14
12
18
11
13
13
10
-7
-9
-8
3
7
9
13
19
25
10
5
6
11
1
-8
-9
-5
-5
-10
-11
-14
2
5
16
21
24
15
14
12
7
8
3
6
20
7
4
14
6
16
6
15
21
7
10
6
10
4
8
5
-4
-3
-11
-19
-25
-12
-18
-20
-16
-14
-15
-8
-8
-19
-8
-4
2
-1
-3
-12
-17
-10
-13
-4
0
0
9
12
12
17
14
18
11
6
2
-3
10
-1
0
2
-1
-1
1
1
4
9
5
1
1
3
-3
-12
-21
-19
-24
-24
-20
-24
-26
-22
-12
-17
-21
-11
-9
-11
-11
-7
1
1
-1
0
2
-5
-115
-218
-147
-63
-21
-59
-204
-255
-202
-142
-65
-28
-55
-126
-140
-49
58
155
156
96
131
205
293
413
454
450
428
408
455
532
551
446
393
386
334
367
387
295
207
148
64
48
45
-78
-201
-217
-257
-307
-259
-331
-394
-425
-447
-363
-267
-364
-704
-982
-913
-639
-415
-509
-926
-1219
-1237
-883
-519
-576
-889
-1014
-879
-601
-368
-114
14
-186
-308
-55
548
919
845
785
901
1016
1159
1382
1532
1435
1171
1124
1250
1353
1246
964
741
572
435
392
299
65
-246
-511
-584
-564
-525
-640
-888
-968
-880
-756
-597
-512
-484
-526
-462
-215
164
172
-5
-218
-320
178
728
697
582
151
-67
162
418
785
731
457
52
-28
325
454
499
409
-87
-16
194
320
652
446
241
222
247
390
378
434
274
172
384
244
263
351
-6
-71
52
28
-13
-256
-502
-802
-734
-368
-513
-717
-986
-1578
-1560
-1243
-1035
-1042
-1812
-2612
-2560
-1815
-1221
-1636
-2160
-2260
-2300
-1544
-910
-1081
-1350
-1367
-855
-148
238
552
505
397
556
1090
2231
2552
2105
1938
2098
2488
2805
2927
2889
2305
1765
1756
1995
2165
1729
987
497
137
50
65
-31
-462
-1099
-1530
-1664
-1225
-642
-823
-1565
-1992
-1627
-986
-673
-440
-550
-1073
-881
79
799
1224
925
350
459
1125
1666
1896
1924
1456
1088
1193
1516
1808
1662
932
465
587
687
717
587
195
-243
-499
-430
-123
-99
-473
-721
-738
-657
-499
-440
-509
-538
-580
-729
-460
-178
-420
-671
-615
-586
-624
-535
-529
-743
-862
-1144
-1464
-1218
-1127
-1367
-1699
-2310
-2638
-2271
-1795
-1870
-2607
-2752
-2485
-1964
-1318
-1748
-2307
-2035
-1249
-274
76
7
133
86
378
1138
2316
2918
2283
2044
2478
3108
3551
3448
3388
3130
2423
2319
2686
2807
2389
1481
975
728
556
181
-414
-335
-334
-1036
-1494
-1792
-1570
-1361
-1757
-1705
-1313
-1463
-1995
-1935
-999
-213
-85
-226
-423
77
626
934
1675
1969
1752
1502
1484
2044
2539
2430
2078
1830
1611
1282
1305
1500
1227
678
173
-91
32
-50
-439
-670
-917
-1142
-1239
-1278
-1269
-1428
-1611
-1470
-1229
-1124
-1343
-1489
-1315
-1172
-1031
-908
-805
-901
-1236
-1178
-802
-511
-756
-1512
-1599
-1082
-985
-1384
-1930
-1926
-1611
-1644
-2199
-2004
-1418
-1293
-1589
-2284
-2376
-1438
-514
-269
-332
-322
-313
-287
361
1321
2141
2104
1548
1908
2596
3025
3279
3336
3382
2924
2513
2742
3045
3018
2342
1478
1198
1199
1044
760
191
-408
-935
-1232
-821
-701
-1044
-1639
-2030
-1923
-1996
-1686
-1084
-884
-816
-1277
-1267
-245
395
917
1109
961
1154
1319
1845
2549
2692
2432
1882
2006
2419
2355
2351
1871
1446
1313
805
910
940
373
-39
-577
-880
-876
-1123
-1322
-1500
-1524
-1701
-2054
-1935
-2064
-2015
-1824
-2162
-2021
-1771
-1944
-1783
-1742
-1573
-1464
-1544
-1428
-1230
-1098
-1228
-1355
-1226
-941
-947
-1450
-1659
-1393
-1363
-1515
-1448
-1144
-617
-636
-1684
-2438
-1622
-400
135
24
-431
-463
-280
1
898
2020
2174
1331
1067
1995
2807
3116
3152
3115
2888
2428
2378
2913
3180
2778
2024
1671
1661
1255
829
617
416
31
-379
-528
-667
-1224
-1890
-2045
-1417
-842
-1130
-1700
-2011
-1961
-1180
-131
422
288
-267
-266
468
1623
2372
2269
1899
1677
1786
2430
3084
3239
2768
2055
1653
1641
1982
1891
1517
881
233
-307
-489
-355
-610
-1043
-1619
-2102
-2033
-1975
-2178
-2451
-2725
-2614
-2613
-2550
-2503
-2709
-2533
-2225
-2279
-2179
-2105
-1846
-1683
-1632
-1700
-2351
-2282
-1358
-118
1074
399
-1587
-2767
-2476
-147
1679
1682
617
-993
-1551
-1025
-141
1101
1476
722
-485
-796
251
1137
1682
1235
245
167
233
693
1687
1949
1646
1090
823
1272
1526
1461
1635
1925
2145
1762
1158
1075
1343
1399
1376
1259
823
365
161
41
274
552
160
-433
-686
-748
-407
-24
261
238
-241
-497
-308
95
812
1219
1011
871
614
795
1520
1992
2072
1914
1490
1284
1478
1576
1564
1739
1428
821
495
65
48
162
2
-106
-553
-1211
-1527
-1691
-1439
-1429
-1850
-2367
-2632
-2839
-3192
-2846
-2774
-3109
-3163
-3698
-3721
-2900
-2764
-2413
-2422
-2637
-2089
-1655
-1717
-1973
-1361
-339
-215
-289
9
1195
2274
1194
389
160
577
1915
1955
2223
2499
1121
380
648
1237
1745
896
192
353
939
1096
597
640
227
-357
-45
330
1129
1196
94
-81
57
624
1378
1079
855
527
-92
539
1417
1805
1684
888
592
961
1735
2093
1856
1678
1074
863
1479
1665
1817
1515
935
1104
1003
1055
1155
756
634
372
255
578
473
31
-203
-268
-251
-246
-361
-581
-737
-773
-840
-644
-511
-833
-1232
-1605
-1629
-1121
-910
-1152
-1656
-2336
-2276
-1759
-1512
-1566
-2167
-2668
-2524
-2163
-1950
-1802
-2010
-2449
-2422
-2283
-2146
-1712
-1784
-2055
-2171
-1768
-485
-131
-1256
-2384
-2012
-400
879
902
427
-11
-268
103
1437
2726
2615
1741
1149
1744
3001
3461
3325
2974
2231
1811
2140
2932
3249
2398
1217
712
846
992
785
699
371
-465
-1400
-1602
-760
-406
-609
-1109
-1567
-1382
-1166
-708
-36
162
-110
-281
91
869
1422
1668
1682
1659
1705
1843
2257
2572
2656
2347
1987
2057
1937
1743
1574
1163
819
446
127
-23
-355
-599
-960
-1173
-1198
-1414
-1568
-1734
-1951
-1864
-1694
-1507
-1497
-1984
-1919
-1640
-1353
-964
-1172
-1341
-1301
-1521
-1103
-745
-871
-1092
-1594
-1485
-1350
-1076
-955
-1655
-2031
-2067
-1943
-1907
-2485
-2135
-1365
-1268
-1867
-3083
-2940
-1630
-637
-56
-159
-602
-906
-771
479
1950
2483
2027
1356
1672
2567
3357
3976
3794
3092
2477
2482
3325
3818
3459
2500
1368
851
987
1518
1655
437
-1051
-1784
-1378
-526
-605
-1236
-1988
-2460
-1986
-1386
-861
-623
-1053
-1045
-574
198
902
1060
1045
1172
1631
2126
2454
2692
2393
2123
2373
2624
2852
2569
1840
1377
1094
1070
1049
614
65
-557
-1082
-996
-882
-1142
-1486
-1808
-2071
-2049
-1918
-1994
-2053
-2085
-2144
-1775
-1367
-1328
-1399
-1424
-1339
-1136
-1029
-799
-699
-853
-1458
-2303
-1028
732
984
-101
-2145
-2679
-2269
-1245
424
-198
-1706
-2989
-3017
-1091
-533
-1555
-2496
-2675
-1794
-1113
-485
119
-401
-766
-1071
-159
1590
1719
1511
1312
1693
2725
2911
3401
3670
2875
3017
3275
3666
4049
3041
1992
1809
2348
2974
2180
755
-458
-964
-113
297
54
-910
-2273
-2623
-2037
-970
-211
-844
-1646
-1958
-1600
-271
531
558
503
232
472
1336
2054
2416
2060
1836
2031
2307
2727
2519
1940
1513
1261
1443
1385
834
217
-453
-617
-519
-691
-993
-1616
-2141
-2313
-2056
-1797
-2019
-2345
-2623
-2717
-2226
-1966
-1740
-1719
-2096
-2040
-1721
-1272
-832
-965
-1237
-1358
-1100
-400
-177
-320
-759
-1316
-1664
-1388
-422
-361
-1334
-2185
-2013
-946
-749
-1999
-2558
-2079
-1220
-749
-847
-633
-945
-1269
-609
587
1658
1627
975
1170
1862
2768
3411
3560
3289
2532
2500
3348
4127
4320
3405
2299
1951
1989
2102
2309
2001
1237
35
-727
-482
-246
-294
-629
-1579
-1876
-1838
-1609
-853
-808
-976
-1165
-1063
-408
102
619
953
949
1379
1647
2024
2265
2100
2316
2260
2431
2597
2019
1797
1392
956
1160
852
409
-216
-971
-1314
-1418
-1219
-1198
-1841
-2499
-2852
-2685
-2391
-2395
-2388
-2612
-2573
-2288
-2141
-1863
-1807
-1930
-1606
-1352
-1166
-868
-925
-1004
-969
-814
-536
-486
-417
-332
-646
-1361
-1778
-1286
-749
-906
-1724
-2285
-1643
-1016
-1625
-2572
-2599
-1793
-813
-830
-997
-899
-1133
-831
10
1248
1856
1197
738
1429
2539
3407
3650
3426
3056
2802
3229
3920
4443
3996
2887
2260
2320
2357
2379
2456
1741
464
-507
-491
212
284
-537
-1525
-2075
-1834
-1457
-1008
-667
-1033
-1536
-1363
-460
398
669
689
679
1106
1757
1930
2352
2427
2067
2171
2405
2807
2645
1920
1571
1228
1099
1122
574
107
-349
-973
-1172
-1224
-1425
-1782
-1980
-2133
-2488
-2465
-2538
-2668
-2443
-2262
-2230
-2373
-2629
-2313
-1818
-1410
-1207
-1602
-1743
-1545
-1331
-844
-613
-851
-1172
-1224
-958
-766
-1122
-1711
-1826
-1314
-1105
-1687
-1993
-1630
-1217
-1823
-2952
-2824
-1585
-639
-861
-1503
-1314
-998
-643
225
1172
1593
1176
865
1759
2898
3532
3545
3252
3309
3302
3465
3986
4262
4016
3143
2474
2371
2234
2426
2499
1797
510
-791
-709
96
132
-260
-1380
-1969
-1843
-1574
-705
-385
-793
-1274
-1305
-304
716
1094
1084
916
1212
1628
2098
2646
2627
2404
2142
2300
2808
2509
2013
1434
888
926
948
582
97
-662
-1300
-1462
-1333
-1123
-1685
-2266
-2582
-2758
-2421
-2257
-2234
-2336
-2560
-2512
-2414
-1975
-1771
-1955
-1645
-1667
-1758
-1448
-1229
-828
-1074
-1398
-1372
-1179
-698
-692
-1178
-1791
-2213
-1967
-1282
-1084
-1926
-2598
-1992
-1442
-1698
-2557
-2870
-1960
-948
-805
-967
-927
-837
-667
89
1404
2035
1631
1230
1802
2765
3614
3875
3548
3345
3210
3207
3754
4302
3955
3135
2475
2185
2058
2256
2263
1610
226
-796
-502
226
380
-385
-1670
-1894
-1606
-1085
-307
-306
-720
-1246
-953
147
1155
1453
1154
989
1506
2043
2601
2860
2715
2420
2027
2314
2614
2440
1975
1274
803
677
469
116
-302
-806
-1341
-1668
-1688
-1863
-2240
-2467
-2510
-2463
-2407
-2563
-2679
-2751
-2470
-2106
-1997
-1831
-1864
-1933
-1737
-1673
-1323
-934
-949
-1074
-1390
-1133
-819
-687
-660
-806
-1355
-2043
-2272
-1549
-901
-1401
-2321
-2581
-1653
-1322
-2226
-3018
-2773
-1675
-839
-1030
-1040
-1080
-1171
-667
319
1594
1864
1242
1186
1908
2951
3682
3759
3471
2947
2832
3441
4293
4513
3505
2507
2182
2389
2567
2230
1929
1149
220
-243
-432
-255
-449
-962
-1202
-1580
-1490
-1332
-891
-400
-559
-649
-411
24
793
1207
1484
1802
1857
2174
2353
2805
3045
2855
2880
2716
2636
2386
1955
1792
1351
913
628
93
-267
-707
-1214
-1388
-1723
-2005
-2303
-2491
-2485
-2588
-2675
-2674
-2953
-2721
-2463
-2496
-2256
-2424
-2165
-1704
-1729
-1675
-1666
-1659
-1189
-1189
-1173
-1099
-1383
-1278
-923
-846
-754
-1208
-1911
-2157
-1817
-1323
-1519
-2022
-2155
-1612
-1543
-2441
-3045
-2461
-1386
-524
-821
-1152
-961
-1010
-328
920
1643
1751
1223
1209
2335
3316
3889
3862
3505
3248
3162
3681
4385
4441
3673
2615
2064
2246
2756
2951
1956
393
-521
-447
392
780
-119
-1341
-2133
-2105
-1049
-251
-121
-829
-1688
-1375
-208
989
1549
1066
706
990
1817
2723
2989
2946
2350
2028
2451
2797
3045
2440
1483
1060
900
1143
936
49
-659
-1348
-1493
-1135
-1271
-1674
-2452
-3016
-2826
-2334
-2044
-2381
-2929
-3008
-2880
-2343
-1807
-1962
-2201
-2440
-2088
-1407
-1100
-1071
-1524
-1769
-1430
-1225
-978
-787
-980
-1294
-1360
-1388
-1613
-1748
-1557
-1648
-2024
-2221
-1712
-946
-1713
-3329
-3668
-2212
-530
-442
-1346
-1551
-1566
-1063
69
1258
1864
1266
466
1148
2814
3823
3906
3516
3366
3262
3474
4236
4944
4660
3468
2521
2424
2835
3128
2877
2182
1093
-278
-485
426
788
184
-1013
-1879
-1706
-1206
-650
-293
-621
-1141
-1339
-476
736
1175
1015
878
1247
1585
1892
2439
2631
2524
2170
1919
2382
2539
2070
1606
1169
887
715
400
48
-546
-1146
-1438
-1491
-1316
-1654
-2277
-2530
-2644
-2481
-2410
-2457
-2443
-2700
-2842
-2490
-2202
-1881
-1914
-2196
-2009
-1775
-1569
-1384
-1374
-1298
-1332
-1197
-1067
-1087
-1047
-1356
-1321
-1209
-1760
-2080
-1910
-1737
-1752
-2325
-1977
-1016
-1691
-3228
-3782
-2522
-526
-205
-1132
-1479
-1595
-1198
-33
1575
2263
1496
628
1068
2723
4023
4170
3957
3592
3023
3114
3920
5015
5083
3580
2511
2336
2510
2921
2897
2338
1131
-200
-448
388
757
106
-957
-1475
-1493
-1114
-724
-389
-358
-923
-1041
-287
514
982
1120
1152
1555
1793
1849
2264
2698
2622
2362
2198
2334
2290
1828
1480
1295
998
596
103
-321
-727
-1183
-1540
-1536
-1604
-2054
-2515
-2617
-2654
-2665
-2431
-2371
-2388
-2493
-2678
-2594
-2254
-2084
-1893
-1576
-1489
-1610
-1788
-1665
-1253
-1276
-1275
-1219
-1312
-1395
-1332
-1329
-1184
-1074
-1561
-2368
-2638
-2294
-1924
-1812
-2313
-2189
-1838
-2493
-3464
-3322
-1874
-449
-765
-1534
-1535
-1234
-277
766
1622
1857
1353
1140
2052
3549
4299
4168
3934
3607
3509
3988
4598
5133
4712
3366
2604
2403
2700
3226
2967
2254
1056
-398
-527
221
534
379
-538
-1447
-1753
-1538
-836
-112
-14
-620
-878
-439
401
1262
1493
1559
1742
1523
1749
2317
2675
2912
2431
1979
2030
2044
1916
1569
1023
541
216
-4
-176
-608
-1364
-1839
-1904
-1831
-1909
-2301
-2863
-2913
-2824
-2745
-2500
-2482
-2535
-2735
-2771
-2378
-2121
-1695
-1669
-1819
-1695
-1832
-1660
-1211
-1198
-1042
-1299
-1510
-1392
-1646
-1363
-1195
-1367
-1858
-2785
-2954
-2083
-1766
-2150
-2821
-2321
-1883
-2786
-3507
-3080
-1343
-376
-1163
-1487
-1130
-733
45
807
2086
2303
1519
1749
2732
3999
4507
4234
4340
4178
3782
3995
4734
5469
4656
3177
2754
2564
2726
2862
2619
2311
929
-665
-776
-243
361
198
-869
-1423
-1954
-1969
-984
-219
-20
-686
-1151
-493
406
1287
1452
1481
1656
1367
1647
2522
2774
2758
2156
1844
2244
2156
2054
1524
711
400
82
51
44
-782
-1548
-2045
-1929
-1673
-2047
-2373
-2834
-3169
-2858
-2782
-2506
-2404
-2864
-2955
-2854
-2313
-1653
-1793
-1761
-1831
-1909
-1572
-1431
-1109
-844
-996
-1383
-1767
-1559
-991
-996
-1112
-1655
-2375
-2600
-2356
-1764
-1800
-2512
-2735
-2045
-1592
-2484
-3643
-3126
-1538
-399
-611
-960
-915
-795
-73
1197
2334
2585
1947
1661
2628
3828
4523
4709
4536
3875
3464
3950
4911
5459
4643
3188
2332
2214
2531
2974
2850
1777
212
-932
-543
256
212
-249
-1157
-1767
-1752
-1315
-546
-55
-391
-1059
-869
-29
784
1334
1419
1438
1613
1592
2015
2623
2550
2269
1918
1900
2209
2041
1492
933
460
243
263
113
-524
-1282
-1939
-2104
-1715
-1763
-2112
-2507
-2993
-3094
-2915
-2721
-2367
-2479
-2677
-2845
-2866
-2335
-2159
-1646
-1384
-2021
-2063
-2177
-1572
-651
-955
-1040
-1530
-1879
-1402
-1258
-1035
-935
-1735
-2384
-2662
-2146
-1822
-2148
-2125
-1894
-1554
-2492
-3867
-3087
-1428
-265
-334
-1266
-1079
-775
-310
1231
2349
2545
2145
1595
2490
3803
4525
4800
4493
4191
3696
3881
4852
5370
5012
3729
2575
2562
2433
2340
2581
2047
1197
-262
-1197
-510
-109
-211
-711
-1632
-1748
-1630
-1233
-438
-172
-445
-794
-417
519
1102
1550
1579
1606
1863
1812
2322
2741
2469
2282
1879
1893
2212
1661
1118
604
246
220
-85
-553
-1129
-1801
-2169
-2112
-1995
-2171
-2651
-3024
-3345
-3151
-2793
-2693
-2514
-2770
-2978
-2931
-2856
-2236
-1752
-1802
-1891
-2218
-1806
-1171
-1117
-1117
-1442
-1654
-1342
-1121
-836
-963
-1337
-1719
-2192
-2037
-1673
-1577
-1994
-2484
-1893
-1165
-1782
-2956
-3196
-1819
-395
-456
-818
-754
-693
-249
494
1723
2572
2235
1761
2181
3309
4174
4465
4458
4197
3780
3838
4484
5289
4992
3715
2796
2642
2923
2626
2267
2257
1530
212
-751
-625
71
9
-670
-1455
-1694
-1454
-1336
-893
-432
-502
-745
-615
63
733
989
1318
1617
1844
1714
1608
2156
2622
2596
2104
1796
1926
1630
1194
999
718
517
70
-532
-873
-1180
-1614
-1718
-1695
-1980
-2648
-3033
-2969
-2752
-2534
-2740
-2815
-2867
-3172
-2948
-2649
-2390
-2036
-2351
-2292
-2039
-2134
-1993
-1884
-1663
-1284
-1390
-1480
-1585
-1609
-1485
-1438
-1437
-1990
-2208
-1915
-1853
-1923
-2310
-1979
-1017
-1636
-2991
-3130
-1822
-89
103
-704
-733
-560
-91
866
2017
2773
2401
1906
2326
3530
4401
4448
4524
4421
3802
3747
4317
5106
5107
3676
2749
2726
2898
2533
1713
1650
1604
810
-159
-834
-663
-495
-616
-667
-1075
-1413
-1594
-1429
-381
33
-337
-302
-123
410
946
1306
1827
1954
1714
1483
1744
2429
2526
2148
1793
1608
1626
1268
948
693
191
97
-177
-643
-1015
-1726
-2002
-1644
-1608
-1991
-2615
-2955
-2885
-2584
-2330
-2379
-2616
-3014
-3201
-2607
-2062
-1921
-2134
-2324
-2184
-2072
-2200
-1932
-1618
-1734
-1682
-1931
-1816
-1472
-1603
-1671
-1816
-2396
-2597
-2174
-1823
-2091
-2676
-2287
-1132
-1192
-2688
-3403
-2170
-446
213
-201
-389
-218
-141
486
1995
3037
2873
2214
2267
3365
4367
4617
4775
4728
4057
3497
3841
4899
5217
4195
2934
2495
2564
2457
1820
1400
1277
925
291
-711
-1135
-884
-776
-441
-747
-1430
-1417
-1423
-665
19
35
111
-91
123
716
1227
2029
2134
1798
1611
1549
2185
2513
2398
2034
1357
1256
1101
774
806
206
-265
-517
-1029
-1184
-1640
-1990
-1891
-2172
-2147
-2423
-2941
-2793
-2750
-2455
-2232
-2330
-2333
-2651
-2569
-2222
-1865
-1471
-1601
-1767
-1806
-1834
-1778
-1630
-1355
-1318
-1635
-1936
-1852
-1821
-1721
-1899
-2546
-2685
-2485
-2285
-2346
-2683
-2403
-1349
-1167
-2101
-3039
-2456
-643
443
486
199
-78
-31
653
2029
3189
3412
2803
2436
3095
4103
4640
4909
4840
4129
3445
3312
4175
4908
4322
3135
2142
1886
1950
1821
1350
554
-101
-314
-92
-69
-812
-1534
-1802
-1436
-696
-463
-566
-874
-982
-612
301
1144
1268
913
585
978
2006
2662
2750
2441
1724
1417
1654
2097
2411
1775
698
-3
-186
108
159
-273
-930
-1735
-2291
-2208
-1730
-1628
-2192
-2717
-2949
-2632
-2209
-2276
-2311
-2247
-2277
-2217
-2110
-1912
-1828
-1899
-1577
-1269
-1365
-1597
-2032
-1858
-1643
-1550
-1327
-1629
-1782
-2145
-2234
-1679
-1990
-2653
-2860
-2700
-2250
-2493
-2554
-1561
-1088
-1945
-3333
-2913
-812
554
642
112
-52
212
585
1769
3196
3494
2976
2401
3073
4347
4799
4893
4837
4401
3808
3514
4111
4935
4458
3155
2218
2127
2207
1778
1057
433
325
229
-29
-324
-1124
-1707
-1697
-1108
-381
-374
-857
-1176
-1102
-525
377
1050
1219
863
475
1001
2138
2727
2677
2185
1571
1448
1678
1998
2137
1713
761
23
-174
-105
-137
-502
-1007
-1617
-2227
-2359
-2049
-2119
-2346
-2672
-2978
-2695
-2402
-2514
-2525
-2479
-2369
-2178
-1857
-1599
-1761
-2076
-1976
-1494
-971
-877
-1284
-1741
-1970
-1703
-1272
-1051
-1262
-2013
-2239
-1952
-2102
-2295
-2275
-2164
-2368
-2950
-2819
-1617
-687
-1372
-2888
-3039
-1537
140
707
505
327
83
409
1629
2914
3608
3270
2662
2983
3870
4442
4682
4853
4401
3594
3358
4073
4956
4578
3129
2074
1978
2409
2272
1313
465
135
2
-65
-80
-690
-1324
-1560
-1433
-828
-441
-646
-863
-901
-696
-62
656
1075
950
589
796
1584
2140
2285
2082
1660
1520
1594
1520
1681
1603
972
376
-160
-320
-302
-438
-813
-1460
-1972
-2070
-1973
-2013
-2278
-2623
-2748
-2584
-2303
-2423
-2547
-2407
-2403
-2120
-1928
-2017
-1942
-2109
-1948
-1464
-1349
-1246
-1529
-1742
-1631
-1678
-1457
-1376
-1447
-1602
-1836
-1916
-2232
-2430
-2206
-1981
-1829
-2282
-2483
-1581
-1041
-1455
-2325
-2261
-901
369
542
381
400
514
942
1723
2820
3405
3199
2898
3287
4078
4526
4677
4608
4214
3715
3524
4121
4798
4167
2809
1940
1933
2379
2006
897
182
131
300
277
-334
-1086
-1680
-1696
-1038
-430
-312
-722
-1047
-1033
-409
418
911
959
665
424
861
1846
2377
2230
1624
1186
1284
1518
1607
1447
1078
507
-103
-359
-311
-392
-812
-1245
-1719
-1977
-1939
-1900
-2055
-2398
-2631
-2577
-2377
-2183
-2169
-2413
-2402
-2292
-2150
-1828
-1636
-1739
-1873
-1893
-1691
-1531
-1311
-1375
-1670
-1784
-1900
-1676
-1513
-1490
-1585
-1743
-1802
-2144
-2573
-2292
-1699
-1566
-1859
-2041
-1425
-738
-1129
-1978
-1928
-697
656
983
721
548
576
991
1842
2884
3364
3088
2777
3062
3861
4386
4390
4281
3986
3507
3350
3792
4364
4138
2994
1960
1814
2162
2029
1139
466
258
239
290
-33
-677
-1246
-1405
-889
-314
-88
-348
-858
-810
-319
312
991
1158
841
478
680
1482
2079
2164
1634
991
807
974
1316
1348
908
293
-416
-688
-593
-611
-773
-1098
-1666
-2140
-2241
-2123
-1962
-2025
-2346
-2577
-2445
-2219
-2236
-2174
-2175
-2173
-2104
-2023
-1778
-1543
-1538
-1699
-1834
-1703
-1451
-1421
-1592
-1823
-1980
-1945
-1661
-1449
-1682
-1861
-2039
-2477
-2379
-2052
-1776
-1735
-2086
-2000
-1261
-663
-961
-1841
-2011
-810
637
1268
1172
793
533
941
1908
2939
3644
3429
2838
2994
3696
4258
4579
4541
4030
3421
3164
3512
4275
4205
3172
2095
1626
1998
2050
1284
567
181
60
252
65
-549
-1021
-1360
-1056
-313
95
-126
-652
-754
-423
369
1014
1136
902
435
540
1438
2057
2204
1754
865
809
992
1176
1336
871
211
-417
-692
-587
-684
-896
-1250
-1818
-2093
-2241
-2109
-1965
-2144
-2449
-2770
-2602
-2079
-1884
-2010
-2251
-2506
-2357
-1961
-1579
-1375
-1624
-1995
-1938
-1616
-1211
-1349
-1750
-1910
-1969
-1803
-1547
-1400
-1519
-1652
-2075
-2519
-2528
-1993
-1595
-1725
-1980
-1860
-1119
-870
-1673
-2250
-1648
-146
985
984
702
379
380
1249
2538
3448
3521
2895
2672
3353
4232
4663
4594
4306
3749
3417
3569
4008
4311
3794
2754
2050
1847
1882
1537
996
716
328
-194
-430
-572
-777
-946
-1156
-998
-633
-542
-657
-646
-331
11
324
776
934
828
835
1253
1829
2010
1834
1436
1313
1491
1340
1147
1077
659
167
-178
-478
-620
-966
-1330
-1545
-1916
-2152
-2446
-2460
-2183
-2307
-2592
-2780
-2662
-2349
-2156
-1960
-1953
-2130
-2103
-1965
-1680
-1310
-1254
-1461
-1505
-1454
-1345
-1405
-1558
-1634
-1661
-1518
-1453
-1562
-1608
-1763
-2020
-2375
-2429
-2023
-1823
-1854
-1992
-1806
-1110
-973
-1807
-2135
-1402
45
1090
1081
771
408
602
1551
2798
3720
3589
2914
2790
3503
4406
4783
4625
4254
3638
3338
3626
3993
4163
3415
2461
1974
1854
1820
1512
947
98
-574
-523
-82
-19
-780
-1754
-1955
-1396
-525
-178
-348
-578
-740
-484
367
1253
1400
904
564
1008
1738
2174
2115
1795
1391
1018
1104
1364
1410
885
-43
-472
-635
-613
-757
-1283
-1587
-2046
-2496
-2468
-2221
-2114
-2420
-2990
-2890
-2689
-2300
-1952
-2176
-2278
-2378
-2205
-1722
-1493
-1533
-1820
-1861
-1465
-1293
-1067
-1236
-1479
-1569
-1795
-1527
-1075
-1114
-1239
-1695
-2085
-2108
-2256
-1751
-1371
-1612
-1925
-1847
-1142
-682
-1397
-2055
-1604
-127
1043
1111
912
460
435
1252
2513
3679
3761
2900
2701
3228
4162
4789
4675
4439
3742
3218
3456
4011
4358
3804
2726
2024
1739
1811
1555
1092
456
-460
-763
-505
-175
-335
-1220
-1726
-1596
-1016
-418
-331
-364
-480
-553
-63
849
1375
1211
776
866
1396
1930
2121
2013
1614
1045
780
1003
1316
1087
230
-560
-898
-869
-795
-988
-1414
-2074
-2699
-2768
-2377
-2058
-2295
-2855
-3119
-2975
-2620
-2222
-2138
-2140
-2323
-2394
-2139
-1823
-1627
-1586
-1359
-1255
-1422
-1418
-1300
-1262
-1201
-1391
-1487
-1350
-1347
-1293
-1258
-1325
-1684
-2323
-2254
-1650
-1343
-1541
-1668
-1326
-785
-1079
-1882
-1843
-648
732
1072
943
676
571
986
1882
2956
3530
3346
2975
3073
3736
4426
4576
4678
4437
3654
3318
3625
4203
4233
3295
2439
2005
1851
1672
1234
904
208
-384
-449
-437
-389
-975
-1463
-1181
-1007
-642
-536
-667
-435
-528
-251
674
1160
1123
639
571
1239
1678
1977
1828
1515
1139
719
1006
1308
1116
538
-381
-743
-694
-840
-1072
-1380
-1774
-2262
-2630
-2516
-2284
-2436
-2710
-2861
-2835
-2729
-2585
-2491
-2457
-2324
-2183
-2088
-1858
-1870
-1993
-1844
-1536
-1165
-974
-1108
-1282
-1637
-1600
-1351
-1100
-815
-1071
-1391
-1630
-1920
-2073
-1919
-1457
-1205
-1714
-2068
-1646
-806
-450
-1231
-1904
-1340
64
1064
1217
1086
811
723
1384
2527
3484
3631
3129
2961
3435
4160
4620
4702
4543
3850
3238
3448
4143
4436
3586
2487
1878
1745
1823
1583
1169
422
-512
-758
-536
-67
-318
-1292
-1490
-1390
-1004
-463
-392
-262
-541
-647
195
981
1339
968
528
854
1306
1727
1854
1750
1493
840
828
1113
1079
825
-57
-663
-732
-883
-903
-1113
-1573
-2146
-2708
-2634
-2214
-2233
-2652
-3105
-3040
-2791
-2516
-2407
-2682
-2581
-2439
-2404
-1942
-1756
-1969
-1956
-1815
-1489
-1106
-1218
-1316
-1460
-1759
-1527
-1165
-962
-831
-1183
-1501
-1384
-1532
-1746
-1564
-1223
-1295
-1496
-1308
-796
-245
-661
-1625
-1547
-511
771
1441
1245
1018
850
931
1963
3029
3500
3462
2986
3084
3772
4309
4511
4479
4039
3304
3192
3790
4287
4028
2975
2055
1856
1913
1918
1537
726
55
-423
-466
-7
-177
-945
-1434
-1301
-841
-371
-296
-536
-761
-709
-86
705
1091
812
314
355
993
1561
1683
1460
1011
554
652
993
1129
916
118
-752
-949
-845
-736
-886
-1353
-1964
-2581
-2675
-2303
-2117
-2279
-2681
-3025
-2969
-2719
-2578
-2448
-2159
-2148
-2346
-2351
-2137
-1889
-1780
-1659
-1511
-1456
-1338
-1358
-1474
-1457
-1391
-1389
-1349
-1026
-953
-1102
-1182
-1416
-1600
-1617
-1422
-1049
-911
-1066
-1119
-827
-244
-213
-703
-895
-390
638
1479
1814
1577
1186
1259
1735
2642
3482
3583
3223
3041
3296
3772
4216
4312
3788
3143
3069
3452
3785
3595
2864
2062
1614
1637
1764
1480
643
-196
-312
166
381
-120
-848
-1230
-1113
-575
-92
48
-232
-688
-696
-51
702
956
663
340
363
726
1194
1502
1444
820
293
290
628
868
423
-292
-776
-988
-980
-931
-1102
-1614
-2135
-2391
-2291
-2069
-2090
-2509
-2846
-2923
-2632
-2217
-2116
-2353
-2608
-2534
-2204
-1818
-1616
-1729
-1899
-1884
-1654
-1239
-1049
-1120
-1402
-1738
-1637
-1214
-868
-779
-1024
-1495
-1582
-1162
-974
-1129
-1291
-1360
-1168
-836
-482
-111
-90
-357
-500
-487
-113
688
1426
1895
1870
1403
1324
1862
2503
3070
3397
3286
3189
3237
3440
3740
3848
3647
3340
3175
3093
2989
2859
2692
2409
1929
1628
1630
1134
390
70
85
397
451
-290
-926
-1069
-827
-218
132
105
-413
-880
-579
90
761
872
549
202
93
514
1032
1289
1181
452
17
257
446
528
225
-367
-737
-956
-869
-869
-1211
-1729
-2126
-2003
-1808
-1987
-2352
-2655
-2666
-2470
-2348
-2127
-2341
-2700
-2571
-2348
-1958
-1652
-1874
-1927
-1910
-1847
-1475
-1233
-1073
-1363
-1678
-1520
-1261
-918
-761
-911
-1080
-1212
-1027
-777
-937
-1141
-1321
-1093
-596
-368
-140
-95
-298
-455
-478
-159
434
988
1489
1626
1460
1386
1550
2059
2612
2954
3169
3157
3166
3253
3498
3773
3645
3430
3311
3170
3193
3127
2964
2707
2203
1884
1672
1480
1154
424
-168
-183
103
303
-182
-777
-1129
-1105
-595
-197
-126
-381
-785
-725
-180
370
708
458
127
31
338
967
1169
1000
579
171
156
307
472
262
-358
-793
-972
-935
-967
-1393
-1809
-1924
-2014
-1971
-2101
-2399
-2617
-2843
-2679
-2270
-2088
-2271
-2569
-2764
-2635
-2103
-1693
-1567
-1645
-1992
-1990
-1558
-1022
-862
-1153
-1491
-1531
-1265
-868
-546
-617
-988
-1060
-854
-781
-751
-1022
-1016
-594
-234
36
155
-23
-283
-235
101
439
671
938
1254
1671
1826
1791
1905
2138
2458
2767
2997
3276
3404
3164
3067
3122
3358
3514
3340
2983
2678
2508
2438
2456
2309
1845
1245
726
608
508
226
155
69
-83
-351
-606
-611
-421
-250
-235
-269
-197
-183
-88
134
354
490
404
326
407
472
587
575
465
467
170
-106
-147
-151
-268
-582
-795
-937
-1305
-1569
-1709
-1718
-1710
-1941
-2270
-2460
-2528
-2594
-2453
-2175
-2125
-2255
-2503
-2533
-2368
-2062
-1668
-1595
-1599
-1843
-2015
-1755
-1210
-869
-1061
-1434
-1553
-1394
-1039
-723
-734
-813
-860
-852
-896
-924
-944
-935
-700
-329
-154
48
42
-133
-5
325
748
1132
1116
972
1207
1638
2195
2293
2111
1970
1955
2374
2957
3403
3287
2854
2595
2619
2886
3123
3060
2812
2512
2131
2072
2199
2108
1756
1162
725
695
934
1022
754
326
-25
-112
45
375
446
134
-195
-228
-11
214
287
107
-97
-145
-66
101
208
10
-232
-332
-305
-222
-402
-652
-883
-1082
-1018
-964
-1056
-1342
-1747
-1879
-1781
-1577
-1523
-1802
-2109
-2294
-2371
-2045
-1748
-1795
-2063
-2494
-2416
-2104
-1848
-1648
-1788
-1889
-1867
-1765
-1459
-1273
-1273
-1313
-1313
-1209
-1101
-909
-533
-508
-620
-751
-944
-776
-512
-149
260
275
99
-17
42
427
707
876
1009
997
945
948
1162
1451
1593
1695
1682
1758
1962
1958
2144
2318
2324
2392
2308
2326
2340
2240
2336
2388
2344
2252
2000
1764
1648
1733
1828
1724
1564
1239
929
891
873
932
925
637
422
285
242
275
154
20
-109
-284
-276
-218
-250
-257
-461
-702
-775
-776
-763
-770
-878
-1015
-1179
-1131
-1204
-1323
-1392
-1475
-1328
-1254
-1395
-1436
-1511
-1679
-1627
-1634
-1529
-1548
-1830
-1829
-1679
-1685
-1718
-1832
-1886
-1924
-1983
-1856
-1624
-1429
-1562
-1735
-1620
-1444
-1239
-1066
-1021
-954
-933
-930
-835
-774
-677
-365
-59
41
81
130
293
537
663
793
960
1039
1114
1177
1200
1252
1296
1371
1460
1598
1597
1672
1843
1920
1901
1795
1789
1917
1947
1904
1982
2027
1909
1654
1567
1785
2091
2137
1863
1594
1392
1366
1554
1723
1683
1403
1037
924
1025
1030
929
707
555
414
342
292
152
-67
-360
-454
-446
-439
-560
-822
-1090
-1254
-1193
-1083
-1020
-1278
-1591
-1653
-1549
-1332
-1329
-1442
-1538
-1603
-1447
-1386
-1551
-1532
-1503
-1395
-1322
-1570
-1623
-1661
-1709
-1607
-1582
-1450
-1541
-1779
-1863
-1896
-1710
-1531
-1497
-1410
-1521
-1542
-1322
-1155
-1017
-1173
-1285
-940
-568
-234
-136
-242
-273
-210
115
492
733
914
868
765
857
966
1246
1408
1348
1369
1333
1450
1644
1669
1665
1563
1531
1714
1857
1892
1782
1535
1453
1567
1830
1941
1844
1819
1674
1681
1860
1909
1935
1722
1499
1558
1642
1776
1705
1335
1073
996
1058
1111
993
710
406
258
278
275
176
-108
-466
-754
-970
-914
-864
-878
-1013
-1341
-1574
-1644
-1530
-1366
-1413
-1536
-1567
-1639
-1608
-1528
-1397
-1451
-1546
-1420
-1374
-1288
-1282
-1493
-1499
-1336
-1323
-1333
-1369
-1454
-1563
-1626
-1474
-1424
-1382
-1397
-1474
-1403
-1446
-1310
-1134
-1147
-1301
-1563
-1333
-686
-367
-389
-554
-754
-588
-233
269
610
584
396
279
540
912
1048
1110
1080
1106
1147
1269
1522
1605
1502
1361
1338
1497
1725
1549
1254
1200
1317
1540
1744
1767
1552
1362
1380
1619
1939
2024
1839
1590
1508
1638
1831
1957
1882
1536
1256
1276
1446
1517
1335
970
653
555
571
508
363
90
-259
-433
-469
-469
-560
-800
-989
-1229
-1331
-1286
-1324
-1350
-1515
-1661
-1614
-1454
-1368
-1491
-1617
-1690
-1602
-1357
-1169
-1107
-1258
-1455
-1394
-1233
-1098
-1011
-1228
-1310
-1342
-1387
-1193
-1096
-1148
-1285
-1448
-1418
-1255
-1105
-995
-1116
-1364
-1499
-1256
-811
-510
-565
-827
-927
-737
-413
8
250
75
-156
-139
164
602
825
671
518
501
662
953
1261
1369
1152
972
1014
1293
1512
1520
1329
1101
1122
1368
1583
1787
1746
1461
1412
1569
1870
2008
1846
1647
1542
1665
1827
1916
1892
1665
1398
1370
1445
1562
1436
1127
934
797
852
795
576
340
80
-115
-130
-102
-170
-390
-644
-891
-1025
-957
-926
-971
-1073
-1301
-1499
-1471
-1335
-1265
-1408
-1466
-1597
-1641
-1426
-1395
-1356
-1398
-1498
-1519
-1516
-1414
-1339
-1404
-1281
-1289
-1414
-1355
-1302
-1214
-1127
-1061
-1041
-1144
-1135
-1086
-1126
-1064
-1015
-869
-641
-639
-709
-748
-693
-466
-334
-144
-112
-205
-90
10
188
359
349
297
308
456
633
684
879
952
828
839
887
1090
1262
1171
1014
1011
1211
1399
1518
1603
1485
1272
1309
1490
1702
1809
1742
1693
1630
1669
1760
1727
1789
1708
1468
1473
1534
1520
1462
1283
1113
1016
945
809
677
588
405
215
149
72
-84
-237
-389
-532
-709
-825
-793
-785
-850
-974
-1215
-1246
-1210
-1186
-1137
-1232
-1361
-1477
-1491
-1374
-1252
-1255
-1401
-1573
-1565
-1526
-1425
-1313
-1360
-1434
-1507
-1463
-1300
-1194
-1134
-1208
-1232
-1126
-1042
-971
-1000
-1026
-1038
-996
-773
-585
-508
-595
-623
-715
-873
-702
-249
177
252
-51
-217
-156
99
404
583
688
658
579
656
847
1059
1066
984
1042
1079
1227
1293
1296
1324
1187
1139
1276
1343
1303
1103
1020
1119
1219
1287
1171
1091
1067
1104
1255
1349
1314
1232
1066
1119
1257
1254
1301
1204
1096
1054
935
942
954
785
593
443
370
296
238
167
-12
-213
-407
-592
-551
-627
-749
-840
-1108
-1176
-1182
-1241
-1184
-1304
-1473
-1462
-1399
-1297
-1328
-1456
-1488
-1414
-1284
-1268
-1200
-1164
-1246
-1190
-1065
-916
-786
-915
-985
-945
-879
-667
-602
-574
-634
-756
-757
-659
-534
-497
-545
-552
-627
-594
-462
-401
-332
-388
-428
-395
-243
-81
-49
-41
-13
7
84
227
347
506
568
613
608
706
892
968
1066
1098
1026
1046
1166
1179
1156
1234
1235
1201
1314
1320
1253
1264
1155
1069
1126
1149
1155
1179
1131
1063
1056
1058
1051
1041
969
930
915
913
970
942
816
594
419
349
478
593
423
163
-65
-192
-67
-34
-261
-547
-784
-857
-763
-750
-861
-1085
-1330
-1390
-1369
-1280
-1253
-1337
-1483
-1537
-1389
-1316
-1293
-1284
-1453
-1396
-1235
-1096
-878
-948
-1069
-1107
-1006
-658
-504
-488
-572
-643
-541
-415
-289
-263
-399
-424
-436
-364
-255
-340
-339
-434
-463
-361
-230
-206
-290
-412
-365
-227
-57
48
4
-15
-30
128
309
454
576
522
418
581
773
901
1077
1138
992
990
1124
1131
1163
1298
1114
1094
1288
1143
1149
1114
965
986
1090
1101
1106
1126
1002
951
1033
996
988
999
836
800
848
831
910
810
571
514
487
511
547
357
76
-43
-46
-56
-6
-142
-452
-631
-706
-724
-652
-809
-1048
-1143
-1203
-1166
-1071
-1134
-1304
-1421
-1466
-1288
-1035
-1017
-1211
-1293
-1285
-1098
-836
-778
-813
-866
-959
-814
-569
-450
-420
-503
-568
-506
-430
-368
-315
-422
-484
-482
-460
-430
-452
-536
-602
-517
-436
-422
-446
-456
-472
-355
-241
-159
-95
-108
-88
12
127
245
272
342
445
572
703
728
725
711
783
935
1017
1086
1091
955
943
953
1028
1119
1090
1036
938
914
941
935
971
940
915
940
929
1000
1027
990
1023
996
963
922
866
921
908
859
864
760
611
489
428
444
402
268
146
-58
-187
-256
-342
-404
-500
-688
-782
-837
-958
-1034
-1093
-1008
-1013
-1109
-1243
-1365
-1274
-1162
-1068
-1069
-1189
-1224
-1163
-1053
-851
-840
-871
-939
-977
-909
-764
-681
-662
-705
-725
-649
-591
-583
-649
-623
-613
-538
-450
-446
-497
-603
-620
-446
-267
-174
-247
-405
-404
-207
-42
99
105
-15
-56
52
198
319
406
377
386
421
533
679
733
751
774
821
926
1009
997
911
897
941
1003
1050
995
940
927
886
913
986
1027
1022
938
899
923
931
939
943
942
964
925
919
964
963
923
836
810
767
673
599
504
464
407
325
246
108
-51
-130
-214
-229
-331
-558
-683
-746
-786
-930
-1039
-1071
-1036
-966
-1036
-1161
-1262
-1303
-1209
-1021
-970
-1101
-1214
-1236
-1123
-952
-876
-908
-953
-952
-944
-845
-686
-645
-641
-761
-801
-733
-699
-604
-561
-596
-682
-697
-665
-546
-525
-569
-562
-516
-457
-378
-277
-224
-177
-95
-88
-24
146
140
185
238
297
432
553
591
619
616
639
717
793
870
875
857
821
840
873
929
969
972
914
877
907
925
994
974
945
939
940
1006
1052
1068
1024
944
968
1004
1022
1050
989
968
949
887
854
801
727
735
648
589
453
279
277
234
127
-22
-216
-342
-361
-417
-531
-678
-710
-753
-775
-821
-944
-987
-982
-1091
-1108
-1085
-1061
-1000
-1016
-1067
-1134
-1144
-1087
-917
-838
-887
-952
-1001
-950
-804
-719
-693
-744
-875
-963
-864
-726
-665
-663
-739
-772
-731
-658
-588
-501
-501
-566
-580
-496
-387
-277
-225
-238
-207
-147
-14
119
177
203
212
245
332
401
431
460
526
574
618
683
702
691
691
695
794
877
905
875
778
715
755
847
950
996
944
847
769
855
936
1021
1026
953
932
942
980
1030
1022
973
943
893
859
808
775
693
627
534
464
420
369
332
216
105
-54
-105
-135
-179
-228
-370
-496
-570
-573
-540
-530
-614
-725
-814
-855
-791
-729
-707
-729
-791
-802
-764
-720
-744
-796
-861
-812
-745
-780
-830
-952
-944
-887
-824
-825
-952
-1030
-954
-856
-786
-773
-906
-1018
-998
-860
-685
-594
-669
-729
-660
-484
-336
-244
-262
-301
-254
-109
62
185
174
150
193
348
513
533
477
409
454
560
737
818
677
585
562
717
894
924
787
648
656
749
949
1025
921
785
720
781
876
938
906
870
909
902
914
940
892
881
876
903
896
821
741
714
682
663
616
510
404
273
215
223
230
111
-138
-262
-230
-144
-127
-287
-574
-721
-715
-573
-434
-483
-666
-843
-822
-681
-613
-615
-723
-796
-773
-736
-690
-643
-707
-730
-688
-685
-721
-758
-781
-736
-673
-735
-810
-832
-882
-833
-708
-721
-734
-862
-955
-849
-753
-702
-662
-715
-743
-679
-526
-394
-330
-329
-342
-201
7
92
61
32
109
321
468
516
454
387
428
568
705
788
763
681
668
745
821
824
838
817
781
813
806
785
784
769
808
865
896
853
776
757
778
825
823
789
789
788
834
848
813
719
617
635
681
664
601
486
422
346
269
222
166
82
-8
-107
-151
-178
-317
-423
-448
-531
-676
-698
-649
-577
-610
-774
-876
-848
-739
-678
-657
-695
-796
-850
-737
-592
-513
-601
-746
-689
-544
-422
-377
-474
-607
-649
-662
-607
-517
-557
-660
-712
-707
-619
-566
-645
-737
-753
-741
-639
-471
-495
-594
-626
-586
-418
-250
-208
-188
-88
-19
55
173
208
250
341
386
504
608
557
466
466
543
663
742
738
749
724
653
691
733
723
715
711
754
816
810
736
685
697
767
832
844
805
743
679
697
820
885
779
626
579
603
706
734
645
497
337
223
244
260
178
93
-17
-46
-88
-216
-339
-368
-381
-420
-412
-467
-562
-652
-714
-638
-532
-531
-626
-674
-626
-570
-523
-521
-547
-584
-572
-506
-414
-440
-575
-652
-555
-362
-285
-388
-577
-689
-717
-568
-389
-377
-563
-813
-876
-728
-515
-518
-589
-594
-580
-560
-557
-569
-507
-373
-245
-88
2
-35
-254
-226
-39
199
403
383
290
238
270
368
568
679
588
489
479
568
697
617
511
528
570
619
610
564
496
501
518
658
811
768
619
467
468
593
763
825
809
701
517
455
526
589
646
612
504
434
387
347
316
288
282
209
67
-18
-111
-141
-179
-204
-198
-218
-232
-360
-509
-560
-493
-396
-313
-292
-413
-619
-691
-633
-501
-330
-325
-386
-399
-489
-497
-397
-342
-312
-336
-400
-415
-325
-307
-409
-448
-504
-559
-507
-461
-427
-478
-614
-643
-582
-486
-460
-521
-543
-543
-476
-401
-290
-213
-270
-267
-222
-123
-27
29
78
122
223
252
261
276
283
325
383
395
389
367
346
390
484
577
524
439
400
405
483
527
537
504
516
575
614
618
522
482
471
507
597
651
595
536
532
501
528
502
459
423
443
459
460
394
254
196
208
218
157
40
-60
-106
-108
-136
-211
-340
-402
-351
-311
-294
-437
-613
-663
-568
-445
-443
-490
-573
-584
-503
-369
-293
-320
-408
-463
-392
-224
-80
-90
-244
-420
-440
-357
-215
-154
-235
-372
-465
-434
-347
-319
-393
-469
-491
-458
-409
-391
-402
-353
-276
-290
-292
-309
-296
-157
-7
31
-3
-39
-90
-17
162
269
290
264
195
190
261
385
449
390
273
244
372
516
507
413
288
253
338
408
446
442
380
347
390
461
505
487
419
379
427
516
564
555
490
411
382
441
498
518
425
284
254
301
325
251
144
62
45
20
-52
-136
-166
-181
-202
-222
-293
-341
-356
-320
-316
-397
-523
-543
-462
-391
-388
-444
-462
-427
-358
-330
-319
-337
-383
-318
-182
-147
-182
-299
-402
-329
-213
-182
-209
-273
-332
-320
-235
-209
-234
-263
-302
-290
-198
-160
-215
-252
-252
-220
-143
-85
-136
-186
-165
-127
-26
19
23
1
18
125
265
307
251
177
178
243
326
357
314
301
254
290
385
399
348
284
281
347
429
389
300
260
255
290
335
324
272
261
316
390
416
348
246
219
257
333
392
384
284
168
129
107
163
203
174
115
36
-45
-71
-88
-156
-197
-176
-171
-199
-283
-425
-482
-442
-381
-343
-369
-422
-449
-380
-336
-331
-339
-374
-351
-301
-254
-232
-203
-210
-197
-144
-146
-100
-93
-113
-52
-30
-52
-63
-83
-100
-112
-153
-194
-182
-136
-102
-112
-140
-199
-238
-213
-187
-166
-106
-71
-88
-105
-76
-32
-12
54
62
46
116
176
223
279
254
190
241
322
334
352
320
281
300
319
331
354
387
357
339
364
368
297
228
198
231
297
285
222
195
176
199
251
239
224
194
181
236
284
274
190
91
58
72
73
85
62
1
-39
-106
-121
-136
-158
-189
-239
-225
-268
-289
-326
-410
-420
-426
-409
-415
-414
-436
-452
-438
-428
-431
-396
-341
-272
-238
-263
-303
-298
-230
-168
-101
-86
-97
-145
-147
-91
-48
-18
-44
-68
-28
34
58
39
-8
-72
-71
-36
1
-17
-98
-138
-90
-16
20
52
16
-3
21
63
105
148
177
166
198
218
199
189
204
220
256
269
224
209
218
229
283
364
378
314
278
224
235
296
315
258
223
183
148
204
230
184
180
200
198
202
174
138
124
210
264
224
186
119
47
67
130
137
111
63
-5
-4
34
-23
-121
-170
-205
-233
-215
-216
-292
-377
-394
-397
-370
-330
-378
-436
-425
-392
-379
-356
-328
-375
-384
-320
-314
-322
-276
-272
-266
-182
-155
-167
-191
-168
-129
-74
-33
-71
-115
-109
-64
-8
43
39
31
-16
-59
-65
-86
-61
-73
-92
-62
-20
-11
-27
-62
-34
40
111
158
160
141
156
185
230
240
205
218
217
262
294
317
317
278
294
341
372
367
338
264
264
279
290
307
286
262
247
251
267
251
248
253
252
281
273
248
206
138
132
153
174
198
143
109
84
32
-6
-17
-74
-123
-122
-108
-166
-199
-233
-309
-339
-312
-331
-373
-355
-371
-394
-372
-368
-448
-462
-437
-474
-452
-406
-409
-396
-339
-322
-286
-197
-192
-237
-191
-195
-188
-135
-107
-105
-101
-34
-67
-50
-4
-31
-44
-26
-34
-51
-10
17
-19
-8
-2
-33
-9
34
15
-2
55
53
58
79
67
65
84
100
93
145
190
195
213
259
240
229
296
291
337
359
357
337
361
393
336
347
388
409
436
425
349
332
333
313
336
366
337
313
285
237
202
188
177
172
182
158
105
74
8
-81
-110
-84
-57
-28
-62
-162
-222
-265
-293
-313
-298
-295
-327
-346
-408
-476
-460
-445
-431
-417
-415
-434
-455
-464
-428
-391
-337
-334
-350
-342
-346
-332
-297
-244
-215
-185
-176
-214
-217
-182
-183
-126
-46
-25
-46
-47
-38
-38
-16
24
-9
-34
-21
-44
-15
9
14
22
50
64
60
71
63
57
90
144
149
187
202
223
236
224
250
268
290
315
337
354
398
403
381
357
361
383
390
417
416
403
382
394
390
392
363
307
294
273
250
260
255
249
231
222
199
157
159
133
120
135
112
80
6
-83
-121
-120
-50
-20
-73
-140
-217
-264
-259
-302
-322
-293
-290
-317
-373
-407
-479
-517
-492
-481
-427
-401
-448
-488
-477
-479
-456
-404
-395
-406
-368
-346
-344
-293
-280
-307
-233
-200
-209
-209
-186
-167
-115
-23
0
-23
-29
-59
-88
-31
13
17
53
69
38
15
46
54
75
121
119
131
172
142
140
193
216
199
217
229
204
237
251
242
281
315
332
395
406
361
352
374
392
410
398
354
314
321
369
388
400
362
290
273
272
281
303
328
314
263
250
212
207
177
142
135
129
133
137
91
20
-23
-55
-68
-63
-78
-152
-200
-209
-233
-251
-294
-351
-353
-354
-387
-448
-489
-510
-512
-496
-509
-509
-491
-460
-451
-445
-428
-445
-440
-425
-419
-388
-331
-327
-322
-298
-274
-269
-207
-167
-178
-152
-158
-133
-100
-69
-60
-38
-14
-27
-16
0
17
28
62
76
69
69
81
116
148
160
142
142
169
233
266
263
272
293
313
334
354
356
351
352
355
357
377
391
398
411
385
358
348
362
383
377
378
366
346
337
337
318
314
298
279
235
195
195
208
222
234
193
145
119
74
77
46
3
4
-14
-58
-112
-143
-166
-179
-194
-229
-266
-270
-318
-355
-344
-388
-447
-458
-469
-498
-493
-483
-526
-495
-481
-523
-499
-460
-462
-460
-421
-428
-416
-344
-329
-348
-295
-285
-282
-222
-182
-193
-161
-112
-113
-87
-62
-86
-78
-31
11
24
70
67
58
95
131
130
138
141
103
124
162
161
175
187
185
170
227
265
239
277
261
249
295
299
269
298
328
335
376
404
403
400
393
364
338
359
359
377
410
387
357
349
344
314
306
320
304
280
259
203
163
147
132
121
106
84
68
59
21
-9
-28
-39
-79
-86
-106
-138
-157
-189
-217
-266
-286
-323
-332
-319
-331
-390
-412
-420
-454
-437
-426
-437
-433
-449
-457
-467
-450
-437
-433
-426
-406
-372
-357
-351
-335
-288
-276
-253
-239
-234
-214
-202
-180
-133
-108
-99
-112
-103
-74
-32
7
44
81
76
65
63
70
98
130
128
128
158
180
218
251
249
208
211
255
286
329
340
331
317
319
323
328
351
345
324
317
295
267
264
270
279
290
300
292
275
276
250
246
237
227
234
221
227
228
204
190
156
144
167
171
173
183
141
103
67
-1
-39
-57
-58
-52
-57
-109
-169
-204
-221
-218
-219
-235
-255
-277
-289
-305
-308
-310
-321
-330
-332
-335
-361
-373
-386
-393
-370
-344
-338
-306
-329
-358
-347
-350
-335
-308
-297
-274
-230
-201
-206
-196
-174
-140
-139
-122
-115
-99
-85
-64
-27
15
31
54
73
68
82
77
105
135
136
141
145
145
169
187
190
191
190
176
209
239
272
279
254
251
250
250
258
286
310
293
272
252
250
259
289
308
295
281
255
247
247
247
246
244
225
205
187
164
188
192
183
137
102
85
51
77
64
27
11
-27
-45
-58
-57
-55
-76
-95
-129
-156
-161
-172
-192
-227
-249
-250
-250
-234
-254
-284
-311
-332
-359
-346
-339
-346
-314
-306
-306
-325
-333
-324
-321
-307
-276
-258
-234
-228
-224
-181
-146
-133
-125
-113
-121
-138
-102
-71
-20
4
1
-22
-34
-38
-35
-5
24
31
29
24
50
71
81
104
96
99
130
146
175
179
157
175
182
176
184
210
224
235
261
257
241
257
258
254
293
293
267
265
270
262
236
232
213
208
217
194
174
169
188
171
171
172
152
159
140
103
101
97
79
68
74
73
55
81
41
5
8
-3
-45
-86
-102
-129
-129
-138
-172
-207
-222
-245
-239
-226
-242
-272
-299
-310
-319
-297
-292
-301
-290
-274
-272
-271
-274
-285
-282
-255
-241
-233
-211
-219
-225
-227
-202
-206
-195
-183
-191
-167
-134
-115
-104
-66
-75
-64
-37
-35
-15
4
42
38
57
67
53
53
62
100
117
121
128
138
158
167
168
187
202
193
179
173
190
215
195
197
216
216
237
209
214
202
192
199
208
243
233
232
210
191
181
192
212
230
223
189
178
174
196
203
201
185
161
134
106
109
111
99
88
97
85
65
38
5
-10
-46
-61
-85
-90
-109
-130
-147
-172
-179
-190
-203
-199
-212
-243
-290
-299
-280
-281
-281
-319
-331
-331
-324
-303
-288
-260
-252
-239
-255
-243
-219
-217
-177
-164
-173
-163
-158
-172
-153
-139
-131
-125
-95
-90
-71
-78
-67
-55
-48
-35
-22
-18
-26
-13
-6
26
16
21
36
47
56
97
116
132
146
142
166
201
203
212
218
214
207
198
194
207
204
215
224
201
212
221
220
233
247
245
253
221
229
219
232
232
193
176
161
141
133
165
162
180
162
141
146
138
121
100
105
70
60
54
25
8
-19
-29
-77
-71
-45
-68
-76
-122
-181
-208
-223
-235
-243
-249
-267
-305
-296
-319
-340
-306
-309
-292
-269
-268
-280
-245
-218
-218
-191
-168
-172
-177
-158
-162
-155
-133
-127
-121
-106
-99
-75
-57
-53
-71
-61
-53
-55
-22
-21
-21
-26
-3
-18
-23
-5
25
49
60
63
37
54
39
52
82
92
106
122
112
107
113
126
130
144
166
166
164
150
163
170
169
173
175
188
198
211
213
222
206
202
202
215
211
198
196
178
173
156
169
165
152
165
157
159
135
111
94
74
62
47
52
42
27
0
-15
-22
-27
-37
-68
-114
-113
-125
-123
-143
-156
-170
-189
-181
-228
-237
-251
-253
-269
-267
-265
-272
-263
-278
-274
-268
-245
-243
-216
-192
-174
-165
-170
-167
-175
-143
-130
-109
-90
-88
-84
-88
-73
-65
-68
-60
-54
-22
-1
-8
9
-9
-6
24
42
35
35
41
39
49
64
56
55
69
79
96
117
122
125
136
141
135
129
122
119
118
119
146
157
152
154
167
178
154
173
189
163
174
194
208
224
218
205
179
161
172
171
172
173
173
172
170
155
137
130
111
80
54
61
41
10
-8
-24
-41
-69
-77
-80
-101
-106
-136
-139
-149
-182
-182
-194
-198
-224
-237
-254
-258
-262
-236
-226
-238
-235
-221
-220
-200
-184
-183
-162
-147
-115
-111
-119
-104
-98
-106
-86
-82
-84
-63
-62
-56
-34
-32
-32
-25
-5
3
3
23
22
5
5
21
1
4
1
17
24
33
46
47
47
49
47
59
89
101
91
49
58
69
84
106
113
119
108
95
105
123
137
156
162
145
172
158
147
153
155
156
142
138
144
135
128
147
156
144
117
106
91
67
57
50
42
29
24
39
34
27
12
-2
2
-7
-37
-71
-79
-80
-104
-101
-95
-106
-102
-120
-119
-124
-134
-138
-157
-167
-149
-152
-160
-155
-177
-184
-169
-151
-150
-123
-117
-120
-128
-120
-118
-130
-114
-92
-69
-39
-32
-45
-19
-7
-20
-24
-24
1
17
18
15
39
45
51
48
52
59
54
51
38
50
60
56
50
66
64
45
67
72
53
68
63
58
67
57
72
71
68
75
71
64
64
77
84
82
70
69
87
78
72
85
85
78
92
83
72
76
67
83
71
72
73
58
66
60
67
38
9
17
5
-6
15
7
-32
-43
-75
-84
-99
-96
-113
-124
-113
-130
-161
-154
-158
-150
-133
-146
-143
-138
-135
-139
-121
-106
-103
-122
-114
-115
-125
-118
-121
-110
-99
-94
-61
-21
-6
-18
-15
-12
5
-2
-4
27
39
57
64
76
76
82
106
89
87
91
78
70
59
55
67
76
81
84
72
81
72
54
58
60
61
70
81
86
87
87
79
81
88
99
101
89
80
65
59
62
66
68
53
44
39
46
37
35
48
44
38
36
12
8
12
0
2
1
-10
-27
-29
-40
-35
-34
-33
-51
-58
-74
-76
-84
-84
-89
-91
-84
-85
-112
-100
-97
-114
-112
-117
-120
-138
-126
-126
-120
-115
-124
-112
-102
-108
-113
-110
-96
-107
-86
-74
-55
-60
-66
-40
-28
-13
-22
-5
7
11
35
40
58
63
59
61
63
