2
-6
-15
-10
2
-7
-16
-26
-15
-12
-10
-19
-13
3
1
3
10
9
11
7
4
-6
-10
7
-7
-7
-7
-3
1
12
23
21
16
12
9
4
4
6
2
-3
-2
-7
2
4
-8
-17
-22
-9
-8
-14
-2
-1
3
-4
-17
-20
-24
-6
5
1
12
-1
-4
-3
-10
-14
6
6
-1
-2
3
-3
8
15
0
17
-9
6
2
-14
12
-1
-12
0
-6
2
-6
9
-6
-3
-9
-18
-2
-9
-8
-3
8
0
8
1
2
13
13
-3
8
14
-5
1
-5
-3
-10
-10
-23
-20
1
2
17
2
-1
21
10
-12
-1
-14
-8
11
-8
-14
-5
-7
-12
-13
-33
-16
-12
-8
-15
7
-4
-26
-8
-23
-10
-1
17
14
18
-1
-17
14
-3
11
22
1
36
21
9
27
10
8
10
26
17
8
10
-5
32
23
15
27
4
26
25
32
28
31
30
4
16
16
22
40
27
53
60
43
42
28
19
32
35
17
7
-2
-19
-28
-24
-31
-44
-39
-35
-29
-44
-42
-48
-77
-79
-82
-94
-92
-91
-107
-101
-95
-120
-122
-102
-108
-71
-66
-68
-49
-42
-20
-5
-9
1
8
19
21
40
42
51
68
66
85
90
78
86
77
76
84
64
73
69
56
50
48
53
36
50
59
75
85
90
110
127
129
150
163
178
211
242
264
248
237
225
211
191
171
141
83
38
-4
-35
-102
-157
-231
-323
-393
-438
-483
-521
-559
-632
-646
-634
-640
-633
-645
-648
-614
-570
-486
-393
-300
-201
-105
10
125
243
336
429
522
590
642
694
717
727
743
728
680
626
571
539
500
422
383
326
253
193
132
57
-29
-102
-175
-238
-255
-286
-316
-320
-309
-271
-198
-155
-90
-20
53
126
213
296
383
463
515
586
610
601
588
537
469
389
279
179
40
-96
-215
-373
-558
-707
-878
-1055
-1213
-1362
-1503
-1605
-1687
-1755
-1784
-1814
-1791
-1752
-1684
-1534
-1346
-1147
-876
-609
-334
-29
248
505
782
1037
1251
1471
1619
1723
1785
1798
1787
1746
1693
1656
1604
1550
1494
1405
1316
1219
1122
965
830
684
496
335
179
5
-165
-297
-409
-467
-521
-509
-467
-418
-329
-228
-101
25
151
265
383
496
568
600
604
582
551
449
328
220
65
-92
-249
-430
-610
-817
-1009
-1191
-1378
-1581
-1818
-2046
-2233
-2348
-2478
-2569
-2618
-2685
-2685
-2614
-2508
-2342
-2090
-1815
-1455
-1066
-641
-221
161
525
948
1347
1648
1958
2200
2377
2542
2609
2609
2594
2530
2472
2433
2354
2238
2116
1953
1833
1702
1511
1340
1132
889
675
460
219
-18
-218
-409
-563
-657
-691
-671
-629
-595
-453
-314
-164
-6
128
301
428
521
580
605
544
509
440
322
180
23
-193
-384
-539
-732
-939
-1140
-1328
-1498
-1684
-1867
-2091
-2330
-2534
-2699
-2810
-2938
-3027
-3081
-3104
-2996
-2893
-2740
-2519
-2191
-1742
-1311
-818
-327
129
623
1083
1507
1920
2242
2518
2721
2943
3055
3080
3048
2966
2941
2881
2863
2784
2647
2533
2399
2250
2075
1853
1585
1313
1061
788
496
193
-129
-408
-652
-808
-900
-958
-940
-879
-785
-649
-470
-300
-145
76
224
344
434
441
439
419
344
196
41
-188
-399
-518
-713
-910
-1066
-1265
-1434
-1515
-1643
-1879
-2056
-2274
-2488
-2622
-2808
-2978
-3134
-3256
-3273
-3236
-3207
-3079
-2870
-2654
-2255
-1755
-1324
-754
-234
197
738
1296
1788
2201
2555
2826
3097
3270
3364
3395
3339
3284
3249
3161
3089
3038
2888
2763
2668
2509
2316
2125
1848
1552
1310
997
643
283
-67
-379
-655
-895
-1076
-1184
-1212
-1179
-1075
-943
-765
-560
-360
-102
101
221
312
357
335
329
260
76
-73
-249
-435
-569
-768
-1011
-1120
-1259
-1431
-1472
-1616
-1782
-1941
-2132
-2303
-2495
-2724
-2931
-3089
-3262
-3325
-3353
-3377
-3281
-3095
-2869
-2481
-1980
-1526
-972
-400
101
680
1237
1704
2168
2558
2880
3196
3345
3430
3503
3507
3487
3447
3345
3262
3231
3113
3001
2874
2707
2507
2334
2085
1823
1565
1201
842
399
-20
-401
-743
-1004
-1200
-1345
-1400
-1390
-1352
-1231
-1053
-886
-641
-408
-188
2
134
252
278
241
203
90
-63
-221
-393
-547
-717
-848
-1026
-1165
-1280
-1394
-1480
-1604
-1755
-1919
-2123
-2351
-2563
-2778
-2950
-3100
-3294
-3460
-3464
-3462
-3386
-3224
-2950
-2511
-2002
-1511
-958
-369
187
791
1332
1830
2326
2749
3053
3295
3462
3597
3698
3707
3687
3647
3594
3561
3514
3437
3352
3260
3113
2915
2659
2414
2118
1770
1351
894
468
-27
-439
-824
-1147
-1369
-1553
-1687
-1749
-1741
-1637
-1488
-1275
-1033
-826
-603
-404
-247
-224
-175
-113
-179
-234
-331
-452
-571
-684
-784
-891
-950
-1008
-1051
-1082
-1132
-1212
-1397
-1621
-1799
-2031
-2295
-2528
-2777
-3067
-3254
-3350
-3450
-3426
-3331
-3160
-2851
-2468
-2026
-1535
-1014
-423
174
661
1182
1711
2142
2537
2909
3138
3349
3523
3593
3658
3728
3741
3753
3785
3713
3694
3632
3504
3388
3191
2919
2693
2321
1903
1500
1038
551
66
-379
-829
-1154
-1442
-1634
-1741
-1807
-1777
-1700
-1566
-1357
-1124
-946
-770
-603
-556
-481
-415
-487
-495
-555
-700
-767
-839
-946
-989
-1059
-1081
-1030
-1079
-1130
-1160
-1254
-1375
-1519
-1760
-1996
-2274
-2555
-2830
-3053
-3242
-3364
-3411
-3435
-3292
-3035
-2731
-2348
-1858
-1389
-824
-207
299
829
1334
1796
2246
2535
2804
3047
3212
3348
3433
3528
3598
3673
3710
3719
3757
3748
3704
3568
3435
3268
3013
2713
2349
1956
1544
1114
667
209
-224
-567
-921
-1188
-1368
-1498
-1535
-1487
-1391
-1256
-1070
-940
-825
-684
-625
-577
-519
-535
-625
-669
-722
-841
-921
-1011
-1100
-1127
-1202
-1198
-1131
-1190
-1219
-1253
-1405
-1558
-1735
-2034
-2304
-2588
-2909
-3148
-3366
-3514
-3585
-3588
-3528
-3378
-3102
-2772
-2330
-1815
-1287
-724
-155
363
889
1373
1821
2219
2535
2781
2999
3165
3303
3423
3499
3624
3776
3892
3947
3975
3970
3909
3806
3673
3455
3192
2885
2535
2129
1724
1317
869
431
4
-312
-621
-896
-1066
-1149
-1207
-1189
-1131
-1062
-927
-807
-740
-699
-666
-666
-706
-783
-868
-975
-1082
-1147
-1303
-1423
-1426
-1495
-1585
-1561
-1602
-1626
-1595
-1649
-1706
-1904
-2097
-2262
-2507
-2801
-3029
-3260
-3494
-3572
-3607
-3638
-3532
-3331
-3093
-2722
-2248
-1758
-1192
-606
-103
435
927
1361
1823
2127
2401
2732
2932
3167
3407
3506
3626
3788
3867
3958
4046
4051
4090
4084
4011
3904
3751
3570
3315
2988
2596
2226
1819
1366
945
562
206
-118
-390
-617
-744
-855
-916
-949
-999
-995
-960
-961
-974
-1007
-1046
-1101
-1209
-1307
-1403
-1567
-1674
-1753
-1831
-1885
-1954
-1989
-1992
-2022
-2009
-1966
-1974
-1980
-2082
-2274
-2421
-2739
-3077
-3123
-3302
-3624
-3543
-3512
-3589
-3282
-3099
-2994
-2539
-2128
-1700
-1143
-714
-146
431
802
1302
1763
2053
2454
2770
2892
3101
3411
3536
3624
3737
3826
3971
4064
4040
4040
4061
3988
3981
3833
3628
3561
3276
2905
2620
2157
1736
1420
962
559
240
-45
-298
-566
-797
-811
-850
-948
-928
-961
-931
-874
-916
-1067
-1149
-1168
-1306
-1489
-1596
-1714
-1818
-1909
-2054
-2164
-2191
-2187
-2142
-2136
-2110
-2016
-2009
-1990
-1951
-2040
-2182
-2286
-2461
-2696
-2894
-3091
-3281
-3376
-3466
-3470
-3318
-3190
-2963
-2572
-2172
-1689
-1224
-822
-234
274
642
1074
1514
1863
2118
2407
2672
2903
3095
3258
3417
3597
3726
3958
4151
4180
4280
4379
4396
4419
4321
4172
4057
3837
3556
3223
2850
2464
2042
1548
1167
798
373
35
-289
-605
-726
-857
-1016
-1159
-1239
-1301
-1383
-1486
-1619
-1783
-1940
-2086
-2223
-2377
-2522
-2549
-2692
-2779
-2711
-2733
-2674
-2552
-2490
-2358
-2115
-1949
-1841
-1752
-1838
-1790
-1816
-2063
-2235
-2361
-2689
-2872
-2901
-3108
-3133
-3027
-2992
-2757
-2480
-2175
-1736
-1318
-837
-315
86
587
1109
1384
1686
2076
2340
2575
2805
2919
3043
3244
3383
3470
3648
3794
3932
4064
4148
4272
4347
4329
4351
4294
4149
4024
3727
3328
2984
2535
2062
1618
1085
612
240
-146
-433
-704
-936
-1067
-1170
-1296
-1376
-1404
-1529
-1633
-1798
-1963
-2116
-2264
-2487
-2699
-2832
-2983
-3035
-3084
-3163
-3063
-2955
-2876
-2611
-2425
-2209
-1912
-1782
-1599
-1444
-1555
-1558
-1591
-1883
-2051
-2225
-2560
-2727
-2837
-3029
-2973
-2899
-2793
-2500
-2187
-1760
-1223
-770
-316
278
726
1094
1562
1917
2162
2426
2587
2740
2888
2972
3044
3201
3326
3478
3655
3746
3947
4133
4267
4426
4536
4536
4541
4457
4203
3919
3570
3114
2656
2092
1558
1063
523
68
-315
-670
-953
-1110
-1236
-1341
-1348
-1462
-1512
-1494
-1587
-1698
-1815
-2051
-2264
-2420
-2643
-2789
-2926
-3094
-3093
-3056
-3084
-2961
-2771
-2570
-2367
-2122
-1840
-1640
-1467
-1278
-1225
-1335
-1414
-1515
-1785
-2150
-2346
-2614
-2919
-2960
-3114
-3176
-2877
-2735
-2602
-2102
-1746
-1228
-488
-150
293
869
1184
1648
1984
2031
2334
2537
2571
2812
2908
2961
3277
3405
3417
3712
4012
4263
4415
4444
4547
4764
4741
4535
4365
4078
3790
3484
2896
2307
1888
1308
757
259
-252
-538
-790
-1132
-1259
-1317
-1384
-1369
-1501
-1641
-1595
-1652
-1836
-2050
-2360
-2509
-2582
-2842
-3036
-3187
-3273
-3192
-3171
-3163
-2986
-2772
-2565
-2267
-2019
-1749
-1442
-1358
-1286
-1190
-1367
-1427
-1480
-1890
-2102
-2213
-2522
-2601
-2675
-2790
-2604
-2478
-2334
-1949
-1654
-1223
-709
-365
110
679
1048
1350
1703
1952
2188
2441
2529
2598
2768
2901
3069
3267
3405
3610
3851
3953
4153
4322
4351
4477
4538
4396
4326
4163
3858
3576
3126
2654
2257
1776
1287
827
319
-59
-366
-675
-903
-1095
-1233
-1354
-1472
-1559
-1646
-1757
-1885
-2047
-2278
-2491
-2660
-2870
-3059
-3192
-3288
-3332
-3296
-3285
-3192
-3017
-2858
-2645
-2387
-2148
-1953
-1776
-1537
-1413
-1383
-1283
-1427
-1588
-1630
-1875
-2080
-2211
-2414
-2438
-2394
-2431
-2243
-2055
-1880
-1469
-1134
-740
-274
95
499
911
1219
1539
1839
2071
2327
2531
2734
2946
3111
3241
3404
3572
3691
3824
3987
4087
4198
4358
4382
4383
4382
4238
4060
3862
3547
3233
2803
2328
1963
1438
970
589
88
-338
-625
-935
-1184
-1380
-1534
-1661
-1849
-1935
-2018
-2154
-2268
-2342
-2505
-2685
-2795
-2902
-3052
-3205
-3227
-3266
-3298
-3223
-3065
-2937
-2807
-2524
-2311
-2201
-1893
-1633
-1498
-1255
-1089
-1177
-1247
-1193
-1290
-1585
-1703
-1729
-1947
-1954
-1853
-1915
-1809
-1611
-1389
-1076
-842
-367
69
327
809
1198
1401
1779
2089
2220
2450
2667
2867
2989
3022
3177
3287
3339
3524
3588
3614
3800
3927
3926
3959
4090
4104
3952
3800
3626
3318
3011
2632
2129
1669
1220
726
206
-292
-624
-983
-1395
-1586
-1777
-1956
-1989
-2075
-2157
-2223
-2289
-2303
-2477
-2634
-2725
-2851
-2989
-3078
-3233
-3281
-3243
-3303
-3229
-3058
-2940
-2686
-2340
-2110
-1808
-1409
-1170
-1015
-810
-609
-506
-592
-673
-687
-909
-1045
-1063
-1287
-1466
-1429
-1428
-1442
-1326
-1122
-837
-541
-237
115
461
826
1212
1444
1614
1911
2179
2326
2375
2484
2599
2662
2834
2863
2917
3097
3180
3338
3462
3597
3773
3791
3783
3860
3773
3611
3458
3119
2746
2365
1958
1461
901
406
-2
-489
-845
-1132
-1451
-1613
-1751
-1870
-1974
-2028
-2108
-2193
-2298
-2398
-2483
-2631
-2745
-2838
-2976
-3076
-3137
-3179
-3144
-3103
-2949
-2731
-2523
-2312
-1934
-1578
-1374
-994
-713
-579
-336
-144
-117
-97
-187
-294
-441
-691
-811
-963
-1166
-1182
-1186
-1274
-1204
-994
-828
-643
-400
-106
227
477
744
996
1190
1422
1672
1814
1939
2119
2252
2367
2546
2674
2782
2942
3055
3183
3305
3370
3489
3508
3427
3426
3309
3126
2951
2710
2365
2062
1673
1195
799
340
-55
-423
-813
-1096
-1336
-1580
-1714
-1857
-2035
-2090
-2109
-2188
-2249
-2280
-2353
-2405
-2472
-2538
-2560
-2610
-2595
-2541
-2504
-2400
-2209
-2034
-1812
-1537
-1353
-1073
-796
-634
-413
-214
-169
-103
-12
-8
-4
-97
-182
-275
-498
-628
-688
-897
-1025
-1011
-1138
-1215
-1160
-1140
-1006
-876
-711
-388
-126
84
437
692
852
1240
1543
1699
1952
2213
2415
2655
2797
2858
2886
2953
3012
2961
2889
2910
2886
2768
2772
2708
2549
2424
2251
2010
1759
1543
1258
884
498
189
-126
-546
-847
-1139
-1489
-1661
-1782
-1939
-1972
-1942
-1934
-1896
-1870
-1785
-1708
-1669
-1634
-1610
-1591
-1532
-1476
-1524
-1528
-1435
-1324
-1286
-1155
-1034
-984
-840
-654
-547
-452
-289
-265
-221
-86
-34
-76
-213
-318
-419
-614
-820
-954
-1232
-1480
-1505
-1631
-1741
-1687
-1612
-1524
-1358
-1078
-729
-424
-73
341
602
874
1332
1656
1765
1980
2219
2332
2434
2451
2426
2448
2413
2369
2370
2282
2322
2419
2321
2285
2362
2300
2198
2094
1872
1692
1481
1145
829
411
43
-207
-613
-982
-1146
-1342
-1452
-1427
-1499
-1452
-1300
-1193
-1098
-940
-865
-723
-656
-693
-647
-696
-771
-841
-903
-1061
-1119
-1088
-1125
-1144
-1085
-989
-872
-767
-692
-583
-437
-370
-342
-274
-211
-182
-271
-508
-663
-800
-1061
-1272
-1484
-1812
-1928
-1905
-2020
-1981
-1811
-1615
-1335
-1121
-833
-423
-98
247
550
733
968
1269
1411
1432
1558
1661
1761
1805
1817
1797
1810
1853
1900
1844
1868
2021
2029
1980
2051
2112
2035
2014
1884
1700
1608
1432
1177
854
538
359
104
-216
-398
-485
-622
-630
-590
-578
-465
-311
-208
-154
-67
2
47
-56
-195
-290
-448
-575
-764
-1006
-1106
-1134
-1180
-1211
-1196
-1143
-1035
-898
-780
-691
-643
-499
-414
-476
-462
-402
-521
-646
-811
-1029
-1152
-1335
-1557
-1700
-1912
-2034
-1979
-2102
-2101
-1912
-1776
-1654
-1411
-1162
-913
-672
-473
-283
-103
113
337
451
516
651
748
841
907
931
1031
1229
1332
1465
1731
1863
2073
2389
2488
2566
2735
2799
2824
2725
2593
2570
2373
2054
1867
1554
1229
1107
789
485
380
274
235
148
58
147
194
172
193
115
81
50
-123
-376
-634
-798
-995
-1306
-1526
-1618
-1742
-1743
-1633
-1618
-1538
-1241
-982
-873
-705
-489
-379
-282
-268
-310
-304
-395
-504
-790
-1126
-1232
-1413
-1787
-1964
-2093
-2293
-2318
-2337
-2431
-2324
-2198
-2060
-1888
-1728
-1481
-1272
-1166
-945
-781
-725
-486
-269
-205
-92
137
342
552
780
1055
1343
1655
2025
2277
2480
2815
3164
3295
3388
3581
3670
3604
3517
3361
3142
2928
2663
2362
2028
1780
1608
1289
1011
927
750
596
536
439
363
353
286
137
-46
-182
-327
-582
-883
-1101
-1305
-1535
-1659
-1796
-1936
-1918
-1818
-1757
-1667
-1438
-1177
-1055
-882
-694
-642
-581
-554
-663
-802
-907
-973
-1135
-1383
-1582
-1734
-1947
-2147
-2269
-2464
-2643
-2648
-2656
-2754
-2730
-2589
-2520
-2478
-2329
-2096
-1937
-1754
-1543
-1320
-1131
-843
-521
-289
1
389
708
1043
1476
1853
2184
2548
2918
3197
3390
3594
3805
3880
3919
3985
3978
3950
3828
3639
3442
3233
3041
2766
2415
2197
1950
1618
1376
1141
904
727
600
483
344
177
135
-15
-217
-308
-443
-657
-837
-1013
-1240
-1376
-1490
-1598
-1722
-1772
-1799
-1800
-1701
-1703
-1626
-1483
-1426
-1339
-1292
-1314
-1256
-1328
-1526
-1601
-1765
-1962
-2013
-2209
-2434
-2471
-2595
-2733
-2791
-2812
-2843
-2862
-2793
-2690
-2583
-2423
-2211
-2007
-1872
-1624
-1305
-1091
-850
-508
-260
-22
363
624
835
1173
1462
1799
2149
2428
2752
2997
3229
3513
3688
3761
3904
3992
3934
3900
3868
3720
3537
3328
3101
2896
2664
2451
2169
1869
1693
1545
1273
1064
996
809
689
641
537
426
306
161
-15
-210
-411
-620
-947
-1245
-1443
-1650
-1866
-2025
-2153
-2268
-2228
-2227
-2229
-2140
-2106
-2055
-1941
-1983
-2014
-1931
-2074
-2177
-2183
-2353
-2472
-2490
-2566
-2570
-2627
-2675
-2513
-2439
-2467
-2283
-2185
-2177
-1971
-1813
-1790
-1596
-1420
-1288
-1119
-1005
-830
-647
-501
-260
-19
222
555
913
1170
1474
1870
2191
2500
2869
3152
3319
3549
3707
3720
3759
3798
3740
3647
3553
3455
3345
3156
3083
2975
2799
2741
2686
2481
2314
2240
2065
1844
1636
1415
1149
886
676
411
54
-231
-475
-757
-1018
-1203
-1463
-1740
-1931
-2104
-2267
-2383
-2444
-2558
-2603
-2568
-2559
-2557
-2592
-2551
-2511
-2568
-2554
-2424
-2509
-2533
-2330
-2327
-2399
-2199
-2043
-2053
-1858
-1612
-1565
-1470
-1268
-1182
-1163
-1140
-1077
-1028
-1154
-1198
-1126
-1286
-1335
-1194
-1228
-1167
-868
-675
-483
-148
154
513
858
1175
1588
1876
2129
2539
2807
2907
3117
3251
3251
3334
3353
3357
3349
3374
3371
3339
3342
3357
3338
3250
3195
3158
3059
2870
2744
2503
2196
1949
1609
1142
766
421
56
-262
-586
-838
-1100
-1363
-1522
-1743
-1954
-2059
-2153
-2259
-2339
-2393
-2442
-2546
-2618
-2624
-2662
-2658
-2590
-2589
-2495
-2347
-2360
-2286
-2104
-1987
-1885
-1737
-1549
-1507
-1414
-1217
-1129
-1080
-929
-824
-853
-815
-810
-819
-908
-1033
-1093
-1224
-1373
-1359
-1397
-1459
-1332
-1274
-1135
-871
-629
-343
-42
267
661
1053
1336
1703
1973
2203
2527
2757
2923
3031
3111
3198
3309
3314
3291
3390
3395
3350
3366
3368
3325
3274
3141
3057
3006
2783
2573
2361
1958
1608
1338
846
414
100
-320
-669
-926
-1178
-1331
-1495
-1653
-1700
-1778
-1835
-1793
-1884
-1945
-1913
-1958
-2015
-2058
-2147
-2198
-2251
-2342
-2314
-2291
-2302
-2166
-2021
-2002
-1814
-1586
-1509
-1392
-1189
-1046
-973
-823
-703
-653
-646
-699
-765
-884
-1006
-1152
-1336
-1600
-1728
-1831
-1972
-1995
-1926
-1873
-1717
-1412
-1155
-815
-445
-48
338
715
1098
1478
1779
2025
2285
2445
2586
2792
2917
2985
3112
3205
3242
3264
3333
3393
3394
3409
3404
3398
3367
3250
3046
2791
2551
2299
1972
1592
1218
805
434
56
-314
-619
-880
-1068
-1240
-1362
-1350
-1331
-1333
-1305
-1279
-1324
-1328
-1341
-1451
-1570
-1658
-1712
-1839
-2000
-2063
-2052
-2046
-2040
-1889
-1729
-1634
-1456
-1234
-1152
-1028
-829
-809
-795
-777
-816
-846
-885
-994
-1122
-1285
-1478
-1534
-1676
-1871
-1930
-2020
-2079
-2040
-1990
-1876
-1680
-1503
-1290
-980
-638
-304
-40
217
514
791
1058
1284
1473
1710
1873
2116
2291
2460
2715
2868
2991
3137
3252
3355
3379
3369
3413
3297
3196
3212
3009
2719
2519
2250
1988
1743
1453
1191
878
595
412
139
-161
-267
-418
-590
-672
-706
-743
-841
-915
-942
-989
-1082
-1148
-1275
-1393
-1479
-1539
-1646
-1754
-1795
-1855
-1859
-1772
-1681
-1635
-1557
-1378
-1240
-1216
-1105
-953
-982
-1047
-1037
-1145
-1266
-1285
-1367
-1531
-1629
-1620
-1681
-1777
-1722
-1706
-1769
-1757
-1670
-1604
-1592
-1476
-1288
-1236
-1155
-902
-710
-555
-269
5
202
376
629
901
1062
1339
1630
1830
2049
2340
2549
2662
2889
3022
3106
3201
3201
3216
3184
3112
3042
2964
2902
2778
2575
2370
2238
2108
1819
1577
1427
1169
952
812
581
365
214
54
-93
-210
-309
-410
-560
-672
-756
-902
-1021
-1128
-1299
-1465
-1577
-1674
-1792
-1888
-1953
-1997
-1935
-1869
-1881
-1799
-1696
-1710
-1688
-1620
-1597
-1633
-1674
-1632
-1675
-1769
-1723
-1677
-1782
-1784
-1679
-1703
-1679
-1633
-1582
-1574
-1582
-1522
-1453
-1509
-1442
-1265
-1290
-1198
-950
-776
-612
-408
-164
89
303
629
910
1101
1396
1673
1886
2127
2431
2677
2737
2899
3177
3194
3171
3291
3279
3238
3266
3241
3115
3035
2998
2911
2733
2589
2559
2315
2023
1930
1691
1363
1160
879
550
258
61
-129
-398
-572
-701
-895
-1053
-1156
-1310
-1492
-1549
-1613
-1800
-1911
-1955
-2074
-2182
-2203
-2278
-2312
-2284
-2274
-2224
-2167
-2125
-2013
-1986
-1952
-1796
-1786
-1779
-1654
-1664
-1611
-1458
-1412
-1305
-1235
-1276
-1191
-1215
-1319
-1302
-1449
-1552
-1497
-1611
-1630
-1462
-1414
-1323
-1146
-919
-657
-421
-151
164
430
802
1173
1444
1726
2033
2323
2526
2709
2974
3103
3163
3352
3449
3427
3436
3502
3564
3536
3468
3490
3432
3264
3172
3023
2779
2601
2326
2010
1701
1404
1125
743
403
93
-205
-515
-718
-900
-1066
-1162
-1250
-1289
-1366
-1475
-1548
-1660
-1778
-1921
-2032
-2116
-2279
-2398
-2488
-2581
-2565
-2562
-2553
-2397
-2291
-2213
-2072
-1948
-1856
-1739
-1623
-1520
-1503
-1438
-1314
-1380
-1349
-1293
-1452
-1483
-1444
-1614
-1689
-1703
-1768
-1716
-1748
-1719
-1489
-1419
-1287
-959
-745
-467
-101
138
450
790
1038
1379
1647
1844
2084
2294
2538
2823
3015
3184
3371
3567
3674
3707
3822
3880
3842
3899
3837
3686
3568
3372
3156
2864
2547
2287
1945
1527
1152
802
458
206
-80
-325
-566
-783
-923
-1077
-1178
-1255
-1319
-1410
-1478
-1590
-1727
-1837
-1942
-2057
-2205
-2289
-2395
-2526
-2569
-2578
-2501
-2354
-2247
-2102
-1905
-1749
-1611
-1487
-1370
-1298
-1281
-1283
-1262
-1311
-1368
-1375
-1416
-1438
-1535
-1557
-1518
-1600
-1635
-1574
-1570
-1517
-1385
-1366
-1244
-1058
-925
-738
-566
-382
-45
181
371
717
922
1143
1490
1727
1973
2269
2520
2808
3040
3247
3467
3596
3714
3823
3890
3878
3819
3710
3546
3356
3185
2955
2650
2410
2108
1802
1585
1312
984
746
547
333
102
-174
-374
-598
-863
-1005
-1145
-1322
-1438
-1542
-1674
-1760
-1855
-1932
-1993
-2067
-2112
-2150
-2207
-2249
-2222
-2215
-2185
-2126
-2061
-2004
-1926
-1837
-1776
-1664
-1605
-1629
-1629
-1576
-1635
-1646
-1575
-1612
-1531
-1448
-1456
-1400
-1308
-1283
-1270
-1248
-1208
-1132
-1084
-997
-939
-822
-713
-571
-435
-292
-67
205
418
678
994
1227
1550
1901
2144
2382
2611
2847
3075
3234
3384
3505
3567
3603
3628
3545
3543
3434
3282
3169
2931
2775
2612
2342
2047
1831
1563
1331
1087
809
518
266
62
-228
-509
-762
-973
-1159
-1352
-1526
-1578
-1615
-1715
-1730
-1733
-1745
-1736
-1834
-1919
-1976
-2013
-1994
-2081
-2191
-2161
-2128
-2110
-2042
-1992
-1889
-1765
-1675
-1617
-1571
-1474
-1375
-1330
-1322
-1303
-1229
-1178
-1163
-1149
-1176
-1134
-1038
-1056
-1076
-1095
-1147
-1102
-1033
-1062
-945
-746
-653
-459
-272
-60
239
449
682
970
1170
1475
1810
1982
2175
2415
2626
2808
2979
3142
3257
3323
3447
3501
3474
3422
3377
3294
3079
2874
2754
2502
2237
2012
1709
1478
1233
900
596
346
46
-184
-453
-706
-863
-1088
-1242
-1353
-1496
-1570
-1561
-1593
-1632
-1624
-1658
-1698
-1769
-1815
-1888
-1934
-1953
-1995
-2030
-2030
-1972
-1853
-1833
-1751
-1594
-1527
-1418
-1283
-1212
-1172
-1074
-1054
-1066
-1066
-1090
-1061
-1082
-1106
-1072
-1018
-1045
-1041
-1036
-1096
-1087
-1025
-963
-961
-895
-796
-666
-537
-462
-252
8
182
445
702
909
1219
1509
1714
1924
2157
2403
2613
2844
2999
3148
3260
3369
3443
3420
3387
3310
3197
2992
2834
2660
2430
2154
1879
1581
1356
1125
830
567
290
88
-84
-351
-533
-705
-912
-1012
-1177
-1322
-1363
-1485
-1578
-1611
-1662
-1630
-1645
-1741
-1734
-1750
-1781
-1773
-1796
-1819
-1764
-1717
-1653
-1546
-1519
-1445
-1336
-1335
-1256
-1210
-1236
-1139
-1103
-1147
-1125
-1121
-1104
-1058
-1089
-1105
-1033
-974
-1022
-958
-948
-1067
-1043
-977
-1041
-1000
-908
-861
-718
-583
-395
-141
22
279
600
768
1044
1426
1649
1905
2212
2392
2596
2782
2934
3083
3149
3207
3249
3169
3052
3076
2985
2733
2610
2522
2265
2118
1968
1669
1497
1329
1078
891
649
431
256
-68
-334
-481
-767
-930
-1023
-1236
-1298
-1324
-1409
-1416
-1429
-1448
-1403
-1450
-1528
-1530
-1580
-1609
-1640
-1729
-1783
-1783
-1772
-1760
-1703
-1657
-1603
-1524
-1425
-1381
-1401
-1344
-1265
-1267
-1227
-1175
-1092
-984
-996
-997
-935
-925
-922
-953
-1057
-1135
-1093
-1130
-1162
-1101
-1086
-993
-866
-727
-497
-255
-31
293
556
770
1092
1384
1591
1866
2091
2263
2503
2697
2835
2938
3010
3089
3122
3086
3086
3040
2948
2884
2796
2654
2553
2391
2150
1931
1780
1582
1311
1036
814
563
268
-5
-279
-533
-775
-913
-1038
-1177
-1241
-1277
-1329
-1359
-1364
-1362
-1396
-1442
-1483
-1559
-1618
-1647
-1739
-1867
-1910
-1931
-1920
-1896
-1884
-1774
-1703
-1606
-1499
-1401
-1311
-1215
-1112
-1090
-1064
-951
-863
-887
-903
-907
-873
-926
-989
-1044
-1145
-1216
-1169
-1178
-1243
-1135
-1053
-1035
-954
-762
-545
-347
-125
153
427
671
1063
1369
1571
1826
2087
2305
2482
2650
2792
2907
3022
3134
3154
3172
3196
3112
2991
2891
2738
2561
2376
2167
1936
1723
1575
1372
1076
854
707
491
241
37
-194
-421
-642
-785
-974
-1130
-1201
-1272
-1355
-1384
-1334
-1306
-1345
-1351
-1333
-1386
-1356
-1344
-1459
-1557
-1533
-1552
-1610
-1622
-1586
-1588
-1566
-1451
-1419
-1409
-1344
-1266
-1225
-1263
-1159
-1061
-1131
-1179
-1204
-1234
-1269
-1217
-1290
-1396
-1470
-1457
-1452
-1583
-1531
-1436
-1422
-1328
-1130
-915
-723
-450
-135
121
435
881
1234
1476
1787
2085
2322
2564
2803
3007
3142
3268
3427
3399
3344
3458
3410
3251
3261
3156
2937
2890
2782
2552
2326
2108
1915
1620
1241
1009
701
216
-90
-383
-739
-938
-1089
-1311
-1508
-1584
-1577
-1618
-1656
-1604
-1562
-1520
-1456
-1420
-1485
-1527
-1465
-1543
-1647
-1639
-1594
-1638
-1653
-1595
-1567
-1476
-1406
-1275
-1245
-1223
-1042
-952
-987
-967
-941
-982
-1011
-1056
-1165
-1285
-1327
-1411
-1571
-1704
-1751
-1758
-1767
-1792
-1690
-1572
-1537
-1360
-1100
-908
-613
-266
15
331
607
957
1319
1537
1790
2075
2310
2585
2796
2901
3027
3216
3374
3436
3447
3545
3567
3473
3434
3356
3247
3139
2958
2703
2424
2211
1989
1634
1278
951
610
277
-25
-337
-595
-826
-996
-1147
-1332
-1434
-1465
-1525
-1584
-1553
-1559
-1588
-1609
-1672
-1760
-1773
-1770
-1819
-1918
-1933
-1897
-1896
-1842
-1785
-1779
-1722
-1595
-1545
-1482
-1366
-1240
-1202
-1216
-1136
-1054
-1132
-1194
-1222
-1346
-1404
-1430
-1444
-1592
-1725
-1686
-1652
-1717
-1651
-1484
-1404
-1198
-971
-749
-445
-154
147
450
736
1141
1507
1730
2021
2284
2467
2682
2903
3049
3148
3306
3430
3480
3494
3533
3481
3394
3316
3226
3142
2985
2829
2632
2349
2163
1973
1623
1301
999
648
349
47
-296
-595
-829
-993
-1178
-1358
-1416
-1450
-1542
-1532
-1517
-1478
-1481
-1516
-1522
-1606
-1667
-1689
-1779
-1899
-1940
-2000
-2020
-2043
-2080
-2053
-2033
-1941
-1844
-1745
-1629
-1486
-1429
-1403
-1344
-1278
-1263
-1297
-1353
-1403
-1485
-1526
-1558
-1724
-1795
-1763
-1774
-1759
-1657
-1529
-1375
-1117
-827
-499
-185
180
513
776
1075
1462
1779
1966
2192
2398
2598
2808
2964
3117
3234
3365
3497
3542
3569
3633
3647
3549
3488
3375
3243
3109
2914
2630
2371
2146
1868
1535
1163
851
512
168
-145
-425
-713
-917
-1073
-1220
-1347
-1386
-1398
-1483
-1517
-1508
-1504
-1556
-1596
-1646
-1746
-1866
-1937
-2015
-2116
-2125
-2130
-2153
-2108
-2066
-2005
-1907
-1767
-1642
-1583
-1488
-1376
-1336
-1295
-1276
-1248
-1283
-1386
-1470
-1535
-1646
-1683
-1725
-1909
-1925
-1808
-1804
-1706
-1497
-1361
-1174
-922
-635
-357
-116
209
546
771
1062
1412
1597
1812
2074
2296
2497
2738
2981
3058
3194
3429
3491
3549
3704
3729
3691
3675
3608
3519
3371
3206
3018
2694
2424
2251
1878
1476
1197
869
525
210
-92
-435
-731
-900
-1040
-1280
-1389
-1394
-1487
-1589
-1626
-1659
-1761
-1843
-1861
-1968
-2092
-2085
-2177
-2266
-2259
-2221
-2171
-2186
-2130
-2011
-1959
-1874
-1716
-1639
-1541
-1429
-1343
-1299
-1312
-1248
-1244
-1298
-1333
-1321
-1446
-1526
-1557
-1649
-1764
-1759
-1665
-1629
-1546
-1356
-1219
-1038
-744
-488
-242
17
368
632
835
1177
1494
1718
1962
2238
2456
2666
2911
3098
3268
3402
3538
3648
3696
3745
3744
3679
3568
3410
3274
3108
2858
2631
2391
2088
1823
1516
1221
926
578
304
6
-285
-529
-778
-947
-1130
-1345
-1448
-1528
-1610
-1633
-1627
-1686
-1719
-1711
-1738
-1805
-1813
-1834
-1912
-1949
-2014
-2020
-1995
-1951
-1922
-1893
-1799
-1694
-1587
-1549
-1454
-1358
-1379
-1364
-1301
-1301
-1308
-1322
-1406
-1453
-1574
-1645
-1659
-1805
-1879
-1773
-1813
-1798
-1602
-1515
-1391
-1133
-897
-650
-342
-37
284
576
877
1233
1506
1722
2015
2277
2488
2768
3054
3173
3354
3563
3653
3729
3797
3840
3858
3731
3587
3550
3361
3111
2898
2628
2287
2011
1723
1413
1114
747
502
215
-133
-380
-632
-900
-1076
-1246
-1417
-1534
-1605
-1649
-1709
-1745
-1716
-1717
-1784
-1832
-1845
-1884
-1971
-1969
-1986
-2027
-1997
-1913
-1885
-1849
-1746
-1650
-1584
-1515
-1416
-1381
-1338
-1266
-1205
-1231
-1200
-1187
-1309
-1380
-1425
-1454
-1483
-1578
-1699
-1709
-1720
-1694
-1608
-1564
-1483
-1266
-1046
-807
-509
-247
-16
285
604
912
1229
1465
1725
1943
2157
2454
2741
2928
3128
3305
3425
3624
3700
3683
3733
3694
3530
3470
3440
3242
3058
2860
2675
2444
2114
1858
1593
1209
891
671
262
-104
-312
-615
-878
-1051
-1138
-1277
-1445
-1512
-1542
-1661
-1734
-1724
-1863
-1933
-1917
-2010
-2129
-2183
-2257
-2277
-2263
-2259
-2216
-2176
-2103
-1930
-1817
-1747
-1578
-1430
-1331
-1247
-1143
-1058
-1019
-1019
-1031
-1129
-1212
-1233
-1310
-1423
-1541
-1573
-1551
-1599
-1533
-1394
-1387
-1249
-997
-810
-556
-270
-47
193
446
721
1015
1233
1455
1708
1885
2103
2366
2594
2726
2890
3113
3237
3293
3378
3433
3450
3429
3393
3356
3218
3064
2970
2746
2508
2337
2054
1789
1526
1211
925
581
243
-19
-316
-543
-675
-863
-1044
-1137
-1237
-1319
-1393
-1475
-1565
-1698
-1786
-1917
-2020
-2091
-2203
-2275
-2309
-2348
-2297
-2276
-2271
-2115
-2004
-1891
-1628
-1483
-1413
-1274
-1190
-1098
-1061
-1065
-1004
-1093
-1219
-1196
-1285
-1385
-1396
-1497
-1607
-1561
-1498
-1417
-1329
-1251
-1115
-949
-758
-514
-320
-159
111
377
591
805
1057
1240
1404
1653
1858
2077
2344
2530
2712
2907
3138
3313
3405
3428
3467
3483
3435
3347
3209
3027
2829
2666
2459
2181
1918
1631
1343
1121
831
577
306
39
-157
-341
-540
-653
-761
-873
-956
-1046
-1092
-1137
-1283
-1441
-1525
-1632
-1741
-1899
-2063
-2154
-2211
-2263
-2239
-2184
-2162
-2046
-1843
-1763
-1634
-1471
-1352
-1271
-1227
-1187
-1157
-1193
-1188
-1245
-1367
-1422
-1436
-1475
-1577
-1624
-1697
-1714
-1646
-1564
-1487
-1375
-1242
-1093
-861
-662
-432
-213
-54
161
351
561
795
961
1149
1382
1601
1850
2094
2311
2541
2787
2993
3203
3405
3487
3534
3584
3614
3599
3426
3217
3024
2730
2413
2156
1835
1487
1201
950
763
505
282
155
-48
-208
-290
-400
-561
-671
-782
-925
-1010
-1065
-1164
-1320
-1479
-1563
-1625
-1716
-1766
-1843
-1890
-1846
-1762
-1708
-1661
-1551
-1449
-1350
-1237
-1152
-1142
-1082
-1050
-1105
-1153
-1205
-1267
-1349
-1463
-1547
-1626
-1621
-1625
-1740
-1764
-1796
-1793
-1733
-1669
-1600
-1469
-1375
-1228
-1011
-912
-751
-553
-381
-202
64
305
506
749
975
1209
1461
1752
2046
2319
2569
2855
3112
3270
3453
3592
3548
3572
3547
3416
3304
3131
2915
2740
2524
2287
2069
1769
1568
1378
1089
901
698
400
234
45
-159
-342
-538
-721
-868
-1034
-1137
-1211
-1378
-1481
-1578
-1687
-1817
-1880
-1948
-2033
-2032
-2002
-1955
-1909
-1791
-1734
-1685
-1525
-1421
-1367
-1259
-1142
-1124
-1098
-1079
-1097
-1154
-1177
-1085
-1098
-1226
-1194
-1166
-1284
-1310
-1267
-1324
-1393
-1309
-1233
-1236
-1222
-1095
-975
-904
-742
-563
-471
-366
-137
-21
117
397
633
804
1025
1306
1539
1813
2124
2386
2549
2787
3109
3235
3225
3295
3339
3209
3095
3018
2886
2631
2456
2416
2161
1904
1851
1642
1397
1224
1072
897
636
453
285
24
-143
-219
-474
-693
-779
-915
-1081
-1203
-1323
-1463
-1582
-1664
-1727
-1832
-1879
-1878
-1946
-1964
-1848
-1805
-1809
-1667
-1568
-1541
-1445
-1306
-1243
-1264
-1235
-1182
-1212
-1283
-1269
-1262
-1348
-1300
-1256
-1297
-1274
-1210
-1238
-1320
-1300
-1220
-1226
-1242
-1153
-1091
-1065
-946
-792
-716
-638
-462
-250
-80
185
435
610
859
1146
1423
1720
2017
2333
2601
2749
2994
3184
3183
3236
3272
3129
3088
3053
2881
2752
2599
2479
2353
2142
2002
1896
1664
1502
1361
1033
797
592
328
73
-116
-286
-493
-674
-836
-950
-1062
-1169
-1269
-1411
-1542
-1605
-1690
-1810
-1832
-1866
-1929
-1930
-1863
-1812
-1750
-1660
-1553
-1492
-1444
-1320
-1290
-1284
-1256
-1269
-1252
-1250
-1239
-1185
-1216
-1192
-1054
-1109
-1133
-1020
-1047
-1055
-1019
-1019
-1048
-1114
-1120
-1055
-1063
-1072
-908
-848
-815
-552
-349
-236
8
269
501
716
1009
1271
1454
1688
1976
2228
2415
2581
2722
2785
2972
3095
2992
3034
3067
2934
2878
2865
2747
2623
2408
2264
2140
1910
1728
1551
1233
974
823
534
270
133
-94
-316
-495
-654
-832
-1009
-1099
-1243
-1451
-1606
-1672
-1814
-1929
-1914
-1924
-2019
-2018
-1952
-1949
-1877
-1776
-1721
-1715
-1609
-1505
-1477
-1400
-1331
-1258
-1254
-1216
-1127
-1140
-1155
-1082
-1024
-1030
-960
-851
-861
-892
-841
-872
-853
-792
-801
-806
-801
-799
-765
-732
-646
-473
-396
-285
-65
82
252
469
682
891
1094
1293
1508
1691
1841
2025
2165
2262
2483
2629
2621
2746
2819
2764
2750
2751
2640
2523
2407
2281
2150
1959
1833
1704
1522
1352
1214
1019
837
690
445
217
41
-155
-385
-649
-826
-983
-1148
-1226
-1329
-1482
-1566
-1652
-1750
-1786
-1780
-1804
-1871
-1843
-1819
-1843
-1832
-1812
-1736
-1684
-1617
-1562
-1477
-1442
-1425
-1372
-1379
-1322
-1257
-1248
-1161
-1040
-968
-892
-761
-725
-698
-660
-702
-676
-666
-684
-668
-651
-633
-560
-494
-438
-348
-186
-76
83
300
465
669
870
1023
1205
1384
1542
1738
1818
1926
2031
2075
2153
2201
2191
2269
2303
2265
2256
2222
2216
2167
2135
2128
2061
1919
1815
1699
1551
1417
1275
1107
899
675
442
225
82
-93
-309
-479
-610
-771
-934
-1049
-1188
-1247
-1360
-1465
-1537
-1610
-1665
-1737
-1793
-1810
-1832
-1858
-1881
-1914
-1902
-1846
-1777
-1752
-1690
-1575
-1503
-1474
-1381
-1290
-1257
-1248
-1138
-984
-994
-945
-859
-813
-795
-750
-705
-714
-705
-673
-614
-596
-530
-466
-413
-251
-79
40
194
407
602
812
991
1217
1336
1451
1569
1615
1710
1782
1800
1815
1841
1888
1976
1942
1954
2039
2036
2049
2058
2022
2023
1954
1859
1809
1728
1629
1526
1336
1192
1057
889
719
541
333
162
46
-83
-234
-381
-462
-537
-617
-699
-789
-869
-981
-1089
-1236
-1325
-1435
-1575
-1628
-1660
-1688
-1717
-1703
-1723
-1705
-1687
-1679
-1617
-1583
-1567
-1500
-1457
-1459
-1365
-1357
-1344
-1285
-1289
-1236
-1128
-1041
-963
-890
-851
-808
-740
-688
-632
-545
-457
-386
-309
-186
-50
101
206
375
599
788
933
1098
1224
1332
1467
1586
1643
1699
1724
1723
1713
1717
1713
1666
1684
1649
1609
1577
1560
1544
1488
1449
1427
1305
1239
1213
1100
995
937
863
746
592
460
364
229
128
7
-97
-147
-199
-267
-341
-385
-384
-427
-446
-466
-560
-620
-656
-742
-832
-893
-951
-1051
-1166
-1223
-1249
-1316
-1388
-1375
-1382
-1444
-1426
-1436
-1479
-1446
-1415
-1385
-1367
-1385
-1365
-1281
-1283
-1241
-1132
-1099
-1045
-1009
-1004
-942
-863
-770
-635
-529
-353
-142
36
265
455
625
759
857
1003
1106
1173
1271
1300
1306
1365
1396
1434
1459
1442
1437
1479
1472
1475
1437
1390
1335
1245
1182
1164
1091
1023
980
897
818
710
610
520
425
361
307
213
179
152
75
39
17
-19
-51
-86
-57
-74
-68
-26
-29
-56
-92
-115
-163
-232
-263
-321
-420
-464
-502
-574
-620
-629
-673
-729
-759
-810
-886
-928
-940
-996
-1055
-1089
-1137
-1224
-1263
-1280
-1321
-1342
-1326
-1296
-1309
-1299
-1228
-1143
-1063
-938
-841
-749
-603
-444
-316
-181
1
96
216
357
484
576
646
753
851
876
892
1011
1067
1070
1088
1123
1136
1153
1162
1158
1112
1063
1079
1046
987
920
856
776
679
600
526
445
356
238
157
122
83
6
-22
8
-8
15
54
94
86
58
63
38
-8
-34
-85
-103
-143
-163
-184
-212
-182
-174
-171
-141
-105
-91
-62
-44
-31
-61
-106
-144
-219
-306
-367
-402
-506
-579
-579
-614
-661
-667
-731
-767
-759
-816
-835
-829
-772
-732
-686
-608
-508
-422
-362
-260
-172
-86
-3
67
134
209
238
282
326
281
318
381
341
359
398
379
461
506
486
514
500
476
476
452
405
394
325
268
258
170
156
130
126
67
8
12
-1
-17
-53
-42
-38
-43
-4
-2
-21
17
19
-11
19
21
-8
4
1
-15
-25
-36
-13
14
-3
12
48
35
29
33
3
-16
-17
-51
-64
-100
-147
-142
-135
-130
-182
-216
-179
-230
-240
-244
-262
-280
-276
-246
-234
-181
-103
-10
63
143
210
301
363
388
398
402
397
369
397
372
349
347
343
345
315
320
338
316
261
252
230
145
96
61
-36
-101
-148
-240
-258
-365
-453
-427
-512
-567
-527
-570
-614
-595
-599
-575
-534
-538
-483
-440
-423
-315
-244
-189
-113
-104
-85
-50
-17
-28
-2
15
-15
8
46
52
77
93
82
131
109
104
114
81
51
66
31
-28
-16
-51
-95
-96
-104
-127
-146
-151
-123
-137
-125
-80
-41
12
91
187
270
346
431
510
565
654
711
709
791
851
881
927
944
930
939
930
902
886
828
778
762
735
702
653
551
463
411
302
178
62
-33
-201
-326
-488
-683
-799
-853
-870
-951
-1009
-1014
-1064
-1056
-1007
-1025
-1037
-1002
-984
-965
-929
-886
-803
-783
-758
-727
-690
-597
-543
-537
-487
-365
-341
-261
-188
-157
-62
-16
19
90
117
115
169
168
127
86
55
35
38
-27
-115
-88
-66
-81
-57
-28
-44
-38
13
57
103
119
182
285
312
382
458
474
493
554
603
658
700
700
748
802
833
917
987
995
1005
1050
1055
1032
1023
982
966
936
856
830
748
644
585
507
376
272
178
44
-41
-132
-255
-301
-369
-422
-426
-493
-549
-595
-651
-694
-705
-748
-782
-805
-848
-905
-935
-889
-866
-834
-821
-811
-750
-765
-648
-557
-593
-579
-498
-473
-437
-359
-332
-345
-331
-306
-292
-288
-284
-272
-336
-360
-345
-325
-363
-289
-264
-337
-248
-153
-146
-98
-81
-46
50
86
180
249
265
389
483
463
500
537
557
666
676
621
668
656
700
803
787
754
782
868
913
940
879
809
790
746
708
645
504
344
269
173
147
53
-105
-178
-208
-243
-246
-293
-337
-319
-296
-291
-250
-254
-316
-274
-257
-225
-214
-256
-290
-317
-304
-279
-259
-281
-208
-142
-126
-37
-4
-17
-23
16
17
10
0
-74
-44
-81
-156
-190
-289
-317
-337
-437
-452
-449
-537
-556
-486
-516
-493
-419
-393
-332
-243
-175
-109
-89
-49
19
34
78
114
97
100
181
203
239
273
297
338
393
451
510
513
519
548
580
617
672
643
567
561
493
386
268
153
29
-43
-116
-209
-272
-335
-355
-366
-361
-338
-317
-310
-294
-245
-254
-241
-212
-233
-247
-221
-231
-248
-277
-290
-280
-248
-175
-137
-55
23
88
168
246
301
334
379
394
377
357
331
269
207
157
108
24
-42
-58
-131
-172
-183
-196
-187
-159
-143
-137
-122
-100
-52
-33
2
16
-18
-9
21
-10
-12
1
-11
34
35
84
129
131
150
193
228
295
359
368
400
428
427
424
412
371
305
199
136
92
1
-85
-176
-261
-338
-363
-399
-435
-427
-401
-388
-391
-409
-437
-410
-431
-454
-464
-461
-463
-439
-442
-451
-383
-386
-324
-241
-229
-183
-145
-125
-39
32
82
159
212
228
267
286
326
366
337
324
304
260
261
267
234
219
183
162
106
108
104
101
108
102
131
144
154
223
208
212
226
197
199
224
232
229
226
247
233
231
268
259
252
258
253
250
282
293
290
303
301
276
291
263
229
171
87
38
-29
-117
-175
-215
-252
-300
-343
-381
-423
-412
-412
-414
-432
-472
-476
-475
-473
-481
-510
-467
-468
-524
-494
-462
-461
-457
-453
-467
-424
-370
-357
-243
-216
-170
-55
-12
