-45
-68
-58
-35
-23
-1
10
21
62
19
41
1
-30
-35
-61
-23
-45
-54
-63
-26
-16
-13
-11
1
2
-18
-18
-26
-20
-33
-34
-10
-25
-33
-27
-31
7
36
29
68
89
39
19
7
5
26
37
13
45
68
39
31
63
16
-5
5
6
20
-21
-4
25
6
-21
-1
-25
6
-3
-31
-13
-16
3
5
-12
-11
22
63
76
29
26
19
-17
-13
-9
46
27
-3
30
59
58
20
27
-14
-1
14
-10
0
6
16
9
12
26
13
-4
6
-23
-39
-15
-32
-48
-45
-46
-50
-45
-5
5
2
-11
-20
8
27
21
17
28
17
19
25
32
19
-17
2
-3
-28
-3
-16
-38
-36
-41
-47
-60
-50
-32
-14
-15
-7
-39
-27
-31
-57
-54
-69
-58
-77
-49
-53
8
14
-22
-39
-51
-36
-63
-40
-4
-25
-18
33
30
28
37
53
57
57
110
70
53
67
49
57
78
91
66
78
67
67
58
7
22
30
4
-15
-13
-9
-57
-60
-37
-13
-5
6
-14
-30
-54
-9
6
-33
-26
-16
9
2
12
2
-3
1
-57
-42
-10
-22
-14
-18
12
-5
-4
-5
8
22
9
7
-14
-24
-18
-22
-10
8
17
22
8
27
19
29
73
67
62
36
44
61
45
71
49
39
56
88
73
65
58
34
13
-3
-21
-44
-52
-58
-48
-62
-25
-37
-46
-39
-50
-50
-83
-75
-65
-88
-112
-117
-94
-131
-121
-97
-108
-102
-105
-108
-100
-103
-127
-120
-117
-157
-426
-803
-983
-1059
-1098
-1180
-1307
-1151
-668
-56
453
749
1161
1747
2357
2735
2747
2694
2660
2617
2447
2002
1583
1278
1128
909
639
535
387
292
-16
-309
-542
-1012
-1466
-2032
-2621
-2953
-3250
-3560
-3855
-3936
-3725
-3409
-2924
-2489
-1979
-1338
-673
-87
275
591
765
861
955
894
859
822
733
749
817
1033
1295
1505
1652
1855
2112
2225
2135
1872
1583
1207
779
305
-271
-718
-1004
-1149
-1227
-1177
-1042
-908
-559
-78
257
511
739
895
1045
1028
920
793
528
479
450
495
517
520
766
973
1267
1524
1615
1773
1843
1790
1664
1323
1084
696
249
-66
-373
-684
-988
-1125
-1257
-1259
-1153
-1195
-1177
-1099
-1081
-1007
-1124
-1378
-1490
-1757
-1910
-1953
-2321
-2552
-2582
-2537
-2357
-2297
-2058
-1718
-1347
-831
-512
-195
30
198
551
584
639
688
523
578
600
635
618
609
727
830
1015
1154
1319
1377
1340
1413
1327
1249
1083
855
659
426
316
163
22
-53
-93
48
190
359
460
628
840
1009
1154
1190
1176
1166
1120
1023
884
689
576
497
468
424
482
520
595
721
810
907
944
913
808
666
541
279
-21
-310
-592
-754
-961
-1156
-1292
-1368
-1366
-1282
-1289
-1330
-1354
-1477
-1548
-1662
-1857
-2049
-2226
-2345
-2444
-2584
-2551
-2552
-2427
-2225
-2028
-1613
-1275
-864
-481
-222
49
370
660
769
816
836
939
1147
1220
1235
1194
1252
1497
1661
1703
1656
1706
1794
1769
1696
1471
1328
1208
1029
759
526
490
356
250
163
136
237
360
390
426
551
651
715
752
732
711
778
770
579
452
398
363
404
332
309
305
379
495
495
468
483
595
562
491
375
329
251
88
-22
-197
-348
-427
-546
-685
-768
-838
-990
-1099
-1174
-1337
-1430
-1532
-1677
-1832
-2020
-2056
-2174
-2328
-2354
-2469
-2477
-2431
-2438
-2333
-2148
-1850
-1613
-1437
-1161
-847
-530
-301
-126
112
378
638
839
994
1136
1438
1756
1888
1943
2030
2176
2248
2216
2084
1934
1837
1810
1632
1382
1216
1087
933
760
596
505
432
379
215
104
59
52
4
-81
-84
-81
35
129
153
218
401
502
567
576
597
673
716
693
586
586
518
467
454
411
435
446
439
419
437
488
492
496
449
290
138
31
-163
-370
-636
-850
-971
-1153
-1270
-1416
-1559
-1567
-1632
-1655
-1717
-1860
-1901
-2029
-2143
-2244
-2366
-2429
-2458
-2442
-2464
-2423
-2241
-2083
-1852
-1596
-1313
-940
-656
-369
-140
103
407
640
889
996
1149
1420
1645
1896
1990
2054
2182
2299
2414
2356
2254
2143
1985
1878
1607
1430
1233
966
847
619
519
454
293
215
156
186
163
168
159
105
123
208
229
269
299
339
486
554
590
643
684
701
782
761
703
675
661
618
568
479
414
381
371
386
403
374
311
272
133
23
-146
-366
-573
-779
-965
-1162
-1320
-1538
-1647
-1728
-1763
-1735
-1813
-1827
-1925
-1871
-1834
-1940
-2000
-2178
-2162
-2123
-2223
-2175
-2177
-2093
-1873
-1705
-1493
-1279
-1023
-726
-419
-182
-16
129
254
398
534
725
813
943
1119
1286
1595
1792
1869
1891
2021
2109
2136
2030
1771
1626
1455
1378
1206
978
814
689
669
629
598
563
569
619
635
658
576
589
500
466
471
456
460
420
489
484
579
657
655
677
703
810
850
739
649
552
523
444
350
217
164
253
308
246
273
242
200
202
14
-96
-222
-406
-568
-838
-1031
-1211
-1337
-1500
-1692
-1680
-1735
-1836
-1897
-1989
-2058
-2042
-2120
-2308
-2293
-2342
-2324
-2203
-2262
-2150
-1933
-1806
-1600
-1367
-1245
-1032
-674
-460
-252
85
272
476
614
695
821
974
1100
1182
1301
1378
1588
1746
1750
1667
1646
1595
1538
1467
1216
962
847
732
581
495
396
394
428
416
473
552
651
695
730
754
789
933
871
813
831
858
907
882
908
918
1102
1219
1226
1258
1195
1178
1227
1058
901
751
588
468
321
230
125
176
160
134
168
125
118
7
-121
-195
-356
-513
-730
-1080
-1229
-1319
-1464
-1538
-1745
-1857
-1775
-1825
-1850
-1944
-2189
-2137
-2159
-2292
-2297
-2511
-2501
-2379
-2327
-2219
-2190
-2027
-1768
-1529
-1322
-1132
-928
-721
-421
-161
13
200
326
496
551
766
969
988
1195
1228
1331
1566
1644
1758
1701
1594
1620
1658
1484
1321
1144
928
865
795
616
460
441
508
697
770
833
979
1035
1185
1317
1280
1239
1190
1183
1174
1149
1102
1080
1054
1073
1206
1254
1257
1256
1254
1276
1187
1067
908
724
616
528
375
183
60
19
-36
-60
-153
-265
-265
-307
-427
-587
-793
-958
-1043
-1203
-1330
-1564
-1776
-1802
-1971
-2065
-2210
-2425
-2389
-2468
-2510
-2556
-2672
-2461
-2465
-2312
-2076
-2167
-1885
-1722
-1508
-1259
-1285
-961
-903
-773
-477
-469
-122
22
299
650
776
1120
1157
1264
1380
1324
1481
1374
1326
1319
1196
1179
1043
986
702
525
547
425
380
213
149
171
173
254
188
194
360
515
673
728
852
1055
1096
1272
1338
1386
1568
1668
1805
1898
2012
2105
2097
2057
1977
1940
1783
1559
1372
1100
928
816
653
439
304
257
179
126
22
-128
-211
-290
-391
-480
-650
-874
-1032
-1186
-1323
-1423
-1543
-1635
-1650
-1651
-1652
-1596
-1639
-1717
-1712
-1785
-1834
-1890
-2050
-2139
-2182
-2148
-2142
-2142
-2073
-1948
-1695
-1465
-1252
-1024
-904
-658
-431
-414
-247
-160
-75
76
162
404
598
716
834
934
1118
1234
1358
1345
1188
1302
1215
1013
896
562
342
48
-188
-488
-748
-872
-1017
-987
-1088
-946
-770
-605
-394
-130
247
558
868
1122
1371
1625
1891
2064
2179
2324
2484
2679
2749
2801
2870
2926
2964
2899
2779
2546
2334
2076
1673
1328
941
541
126
-213
-521
-857
-1025
-1184
-1300
-1403
-1452
-1461
-1495
-1574
-1513
-1485
-1488
-1434
-1537
-1518
-1474
-1454
-1287
-1348
-1334
-1158
-1117
-942
-931
-956
-871
-943
-957
-1069
-1306
-1350
-1485
-1574
-1629
-1761
-1696
-1691
-1674
-1473
-1390
-1227
-1018
-873
-610
-464
-314
-115
71
336
585
707
817
892
968
1077
1062
1067
1019
936
918
828
710
559
408
149
-226
-385
-607
-805
-973
-1254
-1272
-1125
-1018
-896
-731
-425
39
497
849
1191
1595
1992
2393
2707
2840
3026
3197
3349
3354
3299
3297
3221
3188
3025
2800
2608
2346
2022
1651
1246
855
420
-37
-465
-805
-1144
-1413
-1639
-1884
-1971
-1968
-2002
-1909
-1945
-1949
-1692
-1548
-1412
-1356
-1224
-1016
-885
-743
-804
-811
-705
-705
-688
-785
-886
-993
-1322
-1595
-1567
-1837
-1917
-1758
-2147
-1985
-1697
-1761
-1355
-1661
-1557
-1148
-1318
-749
-1000
-1164
-764
-723
-293
-436
-180
283
399
946
969
1019
1266
1302
1436
1200
1034
758
709
600
124
61
-338
-572
-547
-860
-829
-854
-1001
-752
-715
-536
-268
-128
128
439
866
1071
1381
1756
1898
2287
2642
2871
3074
3215
3549
3616
3682
3743
3572
3494
3288
3025
2657
2244
1873
1392
955
553
147
-310
-688
-844
-1113
-1287
-1404
-1598
-1598
-1582
-1559
-1544
-1585
-1549
-1521
-1382
-1323
-1359
-1203
-1164
-1020
-901
-957
-855
-818
-818
-864
-958
-994
-1184
-1411
-1637
-1871
-1990
-2318
-2547
-2660
-2837
-2697
-2679
-2597
-2446
-2324
-1966
-1748
-1514
-1255
-1147
-718
-432
-293
-7
126
484
794
1050
1274
1396
1653
1877
2005
1939
1914
1784
1710
1638
1340
1060
641
356
31
-283
-574
-889
-1084
-1137
-1065
-981
-782
-559
-276
167
609
1032
1342
1638
1990
2319
2590
2756
2881
2990
3144
3217
3309
3297
3234
3188
3072
2979
2696
2352
2004
1600
1238
773
299
-182
-614
-1011
-1331
-1549
-1808
-1939
-1992
-1987
-1921
-1880
-1891
-1738
-1495
-1453
-1305
-1264
-1259
-1079
-1119
-1058
-978
-998
-769
-820
-880
-812
-974
-933
-1095
-1331
-1420
-1772
-1784
-1972
-2253
-2321
-2535
-2413
-2363
-2346
-2188
-2093
-1778
-1578
-1348
-1013
-960
-657
-446
-141
242
354
665
835
1043
1345
1401
1575
1657
1731
1888
1894
1973
1824
1651
1518
1316
1077
699
413
116
-193
-421
-679
-790
-849
-851
-728
-582
-309
-5
321
632
915
1236
1475
1694
1894
2054
2256
2370
2478
2562
2571
2664
2693
2694
2630
2558
2462
2251
2045
1723
1380
1013
664
309
-139
-466
-759
-1031
-1166
-1327
-1412
-1388
-1376
-1268
-1205
-1151
-1085
-1018
-993
-967
-928
-981
-943
-985
-988
-973
-1042
-1009
-1162
-1269
-1324
-1590
-1639
-1834
-2033
-2062
-2300
-2364
-2426
-2573
-2521
-2487
-2511
-2326
-2202
-2121
-1879
-1732
-1562
-1225
-998
-664
-309
-116
375
652
900
1229
1284
1612
1787
1852
2016
1908
1934
1955
1772
1633
1393
1187
1020
813
577
275
158
16
-73
-109
-209
-180
-117
36
140
249
394
566
757
897
1115
1310
1492
1696
1897
2064
2239
2348
2417
2458
2467
2448
2362
2220
2025
1867
1641
1418
1188
918
714
470
290
95
-93
-283
-478
-618
-734
-859
-1052
-1180
-1271
-1387
-1405
-1509
-1589
-1638
-1604
-1532
-1556
-1568
-1653
-1589
-1498
-1610
-1604
-1775
-1893
-1904
-2093
-2088
-2296
-2318
-2288
-2290
-2103
-2165
-1986
-1843
-1695
-1358
-1327
-1081
-994
-844
-482
-529
-173
0
207
586
630
946
1038
1056
1290
1213
1386
1414
1355
1466
1284
1325
1176
967
921
667
674
469
318
213
-43
93
51
81
103
91
404
521
711
912
978
1343
1463
1648
1779
1805
2017
2029
2100
2088
2115
2152
2090
2089
2021
1961
1873
1674
1545
1354
1217
1050
721
560
317
109
-38
-328
-571
-759
-820
-873
-1046
-1227
-1297
-1281
-1371
-1421
-1442
-1487
-1439
-1435
-1514
-1411
-1590
-1590
-1500
-1741
-1753
-1853
-1999
-2001
-2107
-2166
-2141
-2129
-2092
-1993
-1947
-1801
-1597
-1535
-1369
-1280
-1130
-930
-896
-721
-688
-587
-297
-200
-18
274
417
756
998
1062
1252
1240
1297
1406
1271
1255
1141
983
834
619
429
222
115
-15
-123
-158
-145
-103
-25
62
65
227
440
572
687
853
1029
1173
1394
1529
1686
1876
2063
2293
2420
2524
2653
2730
2736
2714
2609
2447
2282
2018
1709
1409
1104
751
404
132
-110
-282
-475
-681
-821
-919
-976
-1041
-1146
-1237
-1287
-1326
-1353
-1449
-1543
-1519
-1443
-1435
-1451
-1453
-1393
-1209
-1138
-1155
-1173
-1180
-1077
-1118
-1216
-1307
-1457
-1592
-1649
-1825
-1945
-1991
-2081
-1947
-1854
-1786
-1645
-1468
-1296
-1160
-1044
-939
-835
-703
-562
-407
-272
-212
-29
114
271
500
640
738
943
1091
1138
1192
1176
1095
1053
906
772
699
495
386
277
216
278
327
406
492
650
843
1043
1302
1436
1585
1810
1918
2041
2103
2133
2176
2243
2235
2225
2232
2254
2259
2228
2183
2029
1893
1660
1428
1156
790
523
225
-73
-358
-637
-833
-971
-1091
-1176
-1222
-1207
-1232
-1249
-1212
-1232
-1173
-1211
-1283
-1275
-1227
-1166
-1210
-1209
-1140
-1099
-1003
-1059
-1008
-920
-959
-928
-1125
-1360
-1406
-1560
-1678
-1848
-1975
-1993
-2044
-1911
-1900
-1891
-1727
-1684
-1481
-1382
-1357
-1046
-1002
-868
-671
-653
-393
-141
106
278
468
798
915
1094
1178
1139
1296
1204
1205
1119
863
852
734
642
504
412
391
269
373
345
449
672
697
832
942
1131
1357
1512
1613
1681
1884
2052
2090
2181
2190
2307
2432
2403
2397
2317
2283
2217
2083
1894
1652
1444
1152
869
611
255
6
-237
-549
-777
-916
-1043
-1173
-1297
-1376
-1344
-1367
-1345
-1406
-1445
-1373
-1328
-1364
-1317
-1368
-1342
-1263
-1263
-1129
-1208
-1166
-1030
-1021
-1051
-1080
-1183
-1280
-1345
-1434
-1553
-1687
-1835
-1887
-1920
-1902
-1878
-1870
-1824
-1712
-1505
-1417
-1300
-1149
-1113
-892
-701
-636
-458
-228
-63
76
265
352
577
837
903
995
1120
1244
1390
1388
1345
1287
1241
1226
1151
1000
896
855
879
822
861
922
931
1100
1179
1319
1441
1591
1693
1734
1914
1970
2049
2038
1925
1923
1914
1878
1753
1613
1570
1524
1455
1321
1161
1033
924
769
558
276
70
-113
-349
-581
-771
-966
-1059
-1124
-1228
-1224
-1232
-1271
-1215
-1170
-1149
-1060
-1086
-1115
-1021
-1068
-1045
-1060
-1179
-1058
-1105
-1214
-1269
-1343
-1308
-1393
-1554
-1683
-1885
-1859
-1954
-2131
-2150
-2178
-2010
-1924
-1945
-1808
-1593
-1415
-1247
-1138
-1094
-854
-561
-427
-288
-39
297
567
664
708
919
1187
1323
1297
1228
1283
1462
1558
1391
1152
1094
1154
1127
978
753
621
676
677
565
421
421
659
706
746
904
1032
1308
1431
1481
1571
1688
1867
1883
1799
1829
1905
1951
1918
1818
1737
1709
1719
1563
1289
1111
1008
875
585
325
87
-111
-216
-469
-735
-939
-997
-1003
-1011
-1081
-1122
-1066
-1099
-1122
-1088
-1135
-1194
-1190
-1211
-1215
-1215
-1235
-1249
-1302
-1236
-1176
-1279
-1283
-1343
-1387
-1369
-1562
-1673
-1804
-1956
-1762
-2004
-2156
-1930
-2006
-1771
-1705
-1664
-1343
-1318
-1107
-951
-922
-582
-429
-164
42
61
218
260
473
621
552
693
858
1005
1187
1230
1288
1316
1418
1456
1437
1529
1349
1249
1315
1249
1351
1237
1197
1310
1225
1306
1330
1341
1294
1257
1243
1320
1355
1156
996
1049
1187
1219
1140
1071
1105
1231
1305
1206
1057
997
1005
981
877
690
519
455
429
339
186
83
77
56
-8
-49
-181
-336
-508
-748
-930
-1102
-1239
-1537
-1729
-1757
-1774
-1724
-1780
-1840
-1666
-1560
-1558
-1516
-1575
-1592
-1602
-1703
-1799
-1966
-2006
-1906
-1920
-1866
-1741
-1591
-1334
-1180
-1000
-926
-814
-539
-567
-501
-496
-555
-446
-441
-317
-400
-362
-260
-363
-156
-64
87
231
92
394
585
740
928
774
925
1090
1287
1383
1259
1338
1359
1520
1692
1645
1728
1837
2023
2182
2140
2177
2133
2103
1980
1792
1667
1355
1173
978
839
725
585
539
488
586
647
660
647
608
704
696
618
567
362
247
193
90
75
-51
-10
5
22
93
-5
-57
-149
-282
-475
-681
-888
-1095
-1349
-1564
-1666
-1811
-1890
-1935
-1901
-1807
-1654
-1543
-1495
-1388
-1335
-1300
-1261
-1380
-1435
-1435
-1553
-1427
-1438
-1459
-1227
-1174
-990
-836
-725
-537
-452
-401
-428
-448
-515
-592
-651
-695
-737
-730
-812
-967
-823
-690
-604
-445
-506
-299
4
234
541
613
735
916
1224
1400
1440
1569
1631
1874
2055
2115
2239
2333
2470
2601
2677
2622
2554
2494
2288
2146
1941
1604
1256
910
555
441
261
13
-71
-203
-95
29
45
-3
-4
137
263
340
242
125
126
155
138
93
45
43
190
217
198
182
65
45
-58
-243
-396
-697
-944
-1139
-1343
-1551
-1723
-1778
-1813
-1822
-1758
-1773
-1637
-1538
-1433
-1331
-1500
-1394
-1336
-1362
-1325
-1466
-1525
-1360
-1196
-1079
-1014
-1051
-769
-545
-509
-337
-395
-346
-231
-413
-448
-554
-597
-568
-644
-677
-830
-838
-692
-590
-497
-436
-227
25
356
589
679
894
1036
1267
1438
1500
1703
1728
1774
1996
2019
2081
2205
2307
2409
2475
2468
2420
2404
2188
1969
1780
1471
1195
813
503
342
125
15
-33
-122
-145
-10
76
134
199
252
285
358
413
310
254
211
231
220
177
200
122
163
175
99
74
-80
-216
-355
-600
-796
-1080
-1352
-1534
-1708
-1836
-1958
-1969
-1964
-1888
-1811
-1734
-1650
-1547
-1517
-1530
-1481
-1422
-1325
-1317
-1365
-1262
-1228
-1042
-885
-901
-712
-597
-442
-307
-320
-308
-367
-330
-396
-518
-445
-544
-574
-495
-563
-602
-634
-583
-341
-229
-189
-58
111
400
662
682
702
830
1059
1172
1258
1366
1344
1524
1661
1770
1848
1882
2015
2146
2192
2156
2209
2155
1981
1873
1703
1539
1372
1003
709
624
554
461
338
238
381
544
631
644
673
694
696
781
624
474
359
229
224
89
-20
-141
-172
-108
-140
-184
-247
-367
-477
-664
-796
-891
-1175
-1393
-1593
-1687
-1645
-1765
-1855
-1821
-1713
-1566
-1453
-1290
-1177
-1200
-1104
-993
-1043
-1038
-1106
-1042
-1107
-1172
-1087
-1115
-979
-901
-1025
-936
-811
-684
-709
-900
-776
-788
-811
-748
-932
-922
-808
-792
-840
-955
-892
-695
-446
-289
-306
-118
293
658
753
728
910
1202
1484
1594
1589
1565
1750
1940
1946
1950
2023
2139
2250
2366
2309
2342
2393
2320
2141
1884
1712
1506
1178
840
591
436
376
307
139
131
320
464
486
486
496
548
614
683
525
377
305
242
151
-31
-90
-212
-201
-176
-330
-421
-435
-536
-668
-776
-894
-1031
-1183
-1346
-1473
-1506
-1545
-1508
-1586
-1551
-1418
-1335
-1185
-1175
-1140
-1128
-1134
-1071
-1161
-1268
-1302
-1321
-1239
-1210
-1114
-1029
-976
-889
-793
-664
-692
-697
-684
-775
-880
-790
-822
-888
-820
-817
-673
-645
-661
-604
-492
-293
-232
-126
-9
223
467
509
627
680
840
1063
1218
1296
1274
1426
1573
1747
1810
1818
2003
2126
2222
2253
2234
2262
2203
2025
1823
1630
1426
1185
911
711
568
443
348
272
309
361
498
524
524
590
625
667
611
523
367
270
245
125
-16
-83
-48
-43
-37
-77
-157
-115
-170
-259
-358
-490
-662
-782
-1042
-1196
-1227
-1379
-1355
-1395
-1399
-1281
-1222
-1146
-1091
-1094
-1074
-997
-1004
-1172
-1217
-1238
-1392
-1397
-1512
-1530
-1404
-1451
-1324
-1262
-1168
-912
-974
-941
-891
-939
-783
-865
-914
-859
-913
-677
-794
-989
-872
-798
-512
-411
-417
-279
86
526
619
648
716
893
1207
1266
1223
1195
1227
1486
1586
1616
1705
1828
2061
2205
2322
2388
2459
2475
2281
2058
1898
1705
1390
957
691
588
495
350
186
187
326
551
654
527
553
712
811
818
589
380
352
338
240
56
-111
-163
-18
51
-32
-56
16
66
36
-97
-170
-308
-523
-717
-876
-935
-1078
-1265
-1406
-1443
-1308
-1243
-1324
-1369
-1336
-1238
-1183
-1274
-1443
-1558
-1578
-1582
-1597
-1786
-1908
-1666
-1660
-1633
-1493
-1479
-1322
-1203
-1073
-969
-918
-822
-785
-793
-665
-455
-512
-579
-620
-608
-503
-325
-305
-330
-153
218
542
731
791
838
1115
1336
1440
1379
1246
1284
1413
1469
1528
1533
1630
1827
1982
2059
2109
2180
2107
2020
1910
1737
1546
1264
954
737
594
513
352
197
194
258
415
521
500
556
672
751
787
721
592
512
447
380
288
198
150
158
205
206
215
253
167
170
135
-6
-136
-411
-585
-718
-876
-1031
-1189
-1285
-1348
-1345
-1269
-1311
-1319
-1391
-1389
-1337
-1382
-1420
-1534
-1643
-1650
-1593
-1638
-1688
-1658
-1578
-1454
-1284
-1300
-1251
-1236
-1168
-1024
-1100
-1093
-1066
-1011
-965
-988
-899
-877
-786
-675
-760
-576
-358
-162
-75
-46
254
471
708
794
727
889
1035
1212
1262
1176
1259
1383
1582
1725
1662
1720
1891
2077
2074
2033
2082
1976
1929
1767
1563
1410
1209
1051
799
614
656
611
548
603
634
671
800
899
833
791
836
894
847
709
605
524
491
474
410
380
421
464
448
420
380
272
146
-12
-214
-380
-615
-816
-1049
-1264
-1300
-1409
-1474
-1478
-1543
-1510
-1446
-1388
-1406
-1448
-1456
-1549
-1581
-1752
-1828
-1779
-1905
-1788
-1749
-1680
-1492
-1449
-1322
-1230
-1102
-991
-1010
-980
-990
-997
-961
-1035
-1071
-1048
-1046
-932
-891
-854
-785
-665
-491
-358
-111
-52
182
487
571
832
875
968
1112
1148
1305
1267
1312
1383
1484
1598
1686
1859
1901
2032
2149
2144
2152
2118
1996
1806
1681
1570
1272
1001
788
545
452
431
405
379
425
586
738
856
932
1012
1072
1121
1157
996
908
884
755
685
640
578
536
522
525
478
450
372
243
117
-101
-302
-516
-795
-1042
-1320
-1460
-1548
-1615
-1701
-1761
-1726
-1639
-1501
-1448
-1480
-1401
-1415
-1408
-1406
-1532
-1607
-1655
-1638
-1669
-1702
-1634
-1600
-1550
-1453
-1299
-1186
-1238
-1075
-1041
-1160
-983
-1044
-1181
-1151
-1220
-1080
-1065
-1046
-1034
-1166
-847
-593
-349
-280
-215
220
531
856
895
902
1147
1282
1351
1336
1357
1400
1497
1663
1695
1735
1930
2093
2164
2175
2247
2315
2238
2104
1880
1657
1575
1338
972
618
503
522
418
358
293
453
703
863
905
928
1100
1199
1238
1125
931
879
829
723
603
531
454
479
502
410
362
331
266
145
-72
-264
-407
-618
-917
-1200
-1361
-1486
-1547
-1585
-1691
-1615
-1569
-1548
-1360
-1356
-1373
-1328
-1306
-1315
-1378
-1556
-1625
-1650
-1742
-1693
-1699
-1706
-1675
-1624
-1417
-1308
-1213
-1164
-1245
-1088
-1062
-1149
-1147
-1333
-1347
-1274
-1263
-1276
-1358
-1270
-1068
-695
-409
-370
-93
300
739
1063
1071
1204
1395
1603
1770
1704
1622
1626
1702
1768
1811
1919
1982
2137
2330
2293
2322
2340
2203
2041
1756
1532
1350
1004
585
253
107
70
76
-58
-50
194
464
661
779
899
971
1116
1245
1164
1027
869
815
763
588
436
355
315
355
408
389
434
444
375
150
-13
-237
-572
-853
-1170
-1405
-1643
-1808
-1882
-1883
-1873
-1833
-1646
-1444
-1349
-1285
-1230
-1167
-1163
-1219
-1237
-1416
-1480
-1470
-1586
-1462
-1491
-1522
-1373
-1414
-1174
-1163
-1151
-969
-1079
-943
-1082
-1185
-1128
-1387
-1342
-1430
-1470
-1379
-1440
-1152
-896
-604
-382
-118
401
800
1129
1195
1330
1659
1776
1920
1891
1770
1920
1947
2019
2043
2024
2218
2296
2457
2413
2336
2386
2193
2058
1704
1377
1194
789
393
18
-152
-205
-308
-369
-421
-178
114
328
503
555
793
1019
1078
1036
905
830
824
810
692
525
498
522
522
512
445
487
459
345
147
-64
-274
-577
-894
-1245
-1412
-1578
-1807
-1870
-1875
-1810
-1710
-1666
-1505
-1321
-1213
-1030
-998
-1065
-1040
-1117
-1191
-1278
-1439
-1450
-1411
-1345
-1212
-1216
-1127
-942
-913
-804
-815
-849
-833
-996
-1140
-1283
-1370
-1475
-1643
-1751
-1768
-1645
-1445
-1122
-829
-568
-217
214
687
976
1130
1231
1420
1598
1646
1671
1667
1696
1857
1921
2037
2146
2247
2382
2461
2582
2521
2428
2318
2038
1746
1402
1020
624
192
-193
-444
-490
-507
-597
-585
-330
54
230
367
561
772
1005
1057
991
971
955
895
866
823
750
762
847
866
946
971
910
889
759
535
282
-26
-392
-782
-1148
-1429
-1560
-1811
-1997
-1981
-1881
-1667
-1589
-1516
-1322
-1097
-1035
-1051
-1085
-1209
-1277
-1320
-1389
-1474
-1555
-1502
-1342
-1234
-1232
-1122
-924
-808
-618
-664
-739
-660
-756
-930
-1090
-1238
-1321
-1422
-1438
-1439
-1434
-1291
-1089
-826
-494
-203
167
463
675
994
1179
1295
1299
1262
1285
1243
1244
1163
1100
1168
1296
1470
1503
1631
1827
1941
2058
2011
1884
1704
1551
1355
974
647
412
164
-72
-180
-137
22
150
286
471
804
1121
1309
1374
1316
1374
1323
1186
974
749
653
566
508
391
317
363
462
572
524
474
443
326
142
-94
-391
-640
-899
-1210
-1455
-1547
-1550
-1539
-1474
-1445
-1267
-950
-848
-695
-655
-753
-664
-701
-874
-1075
-1274
-1319
-1423
-1542
-1602
-1634
-1420
-1364
-1284
-1232
-1262
-1017
-1100
-1157
-1133
-1258
-1178
-1336
-1362
-1403
-1466
-1235
-1267
-1185
-1016
-747
-330
-116
136
405
831
1222
1351
1356
1350
1546
1551
1362
1161
949
943
953
861
705
693
856
1057
1216
1251
1267
1333
1449
1376
1230
995
856
767
568
405
219
238
304
391
630
859
1118
1351
1547
1754
1852
1867
1804
1651
1407
1173
948
633
439
225
99
50
53
129
162
242
284
288
205
22
-129
-337
-577
-810
-1087
-1232
-1279
-1348
-1300
-1211
-1073
-882
-799
-617
-551
-434
-423
-530
-583
-829
-993
-1226
-1465
-1564
-1845
-1947
-1933
-1969
-1726
-1666
-1633
-1472
-1418
-1188
-1150
-1204
-1225
-1314
-1220
-1310
-1365
-1399
-1446
-1242
-1170
-947
-732
-512
-123
209
557
846
1170
1386
1436
1503
1441
1452
1372
1083
917
769
759
784
658
571
615
889
1112
1185
1266
1289
1387
1448
1313
1151
946
759
680
533
391
304
333
450
639
892
1052
1274
1431
1593
1731
1720
1572
1363
1181
1042
866
569
342
167
139
182
188
170
246
351
456
534
500
351
223
64
-108
-312
-607
-831
-990
-1060
-1059
-1073
-1048
-975
-844
-679
-553
-459
-506
-510
-547
-668
-828
-1142
-1394
-1607
-1819
-1944
-2082
-2135
-2127
-2006
-1819
-1697
-1540
-1468
-1312
-1165
-1146
-1106
-1215
-1276
-1304
-1286
-1197
-1232
-1137
-1060
-886
-590
-394
-105
127
420
816
1113
1334
1466
1492
1502
1524
1478
1198
944
731
602
644
539
427
455
482
709
922
991
1010
1052
1132
1125
1081
915
772
700
664
662
545
443
531
738
936
1105
1232
1374
1601
1817
1840
1762
1624
1501
1379
1185
966
680
535
407
335
260
282
308
339
410
427
458
448
309
118
-85
-320
-566
-826
-1123
-1270
-1314
-1342
-1294
-1287
-1183
-974
-791
-633
-564
-628
-608
-609
-817
-1019
-1301
-1631
-1757
-1903
-2077
-2092
-2074
-1946
-1706
-1631
-1425
-1249
-1186
-1023
-1031
-1086
-1054
-1182
-1170
-1240
-1337
-1174
-1238
-1060
-960
-786
-382
-164
168
379
636
1023
1231
1381
1447
1518
1493
1388
1262
978
774
644
460
370
271
275
320
290
390
459
586
703
681
745
764
803
840
663
619
608
645
762
815
962
1163
1442
1759
1942
2067
2185
2269
2333
2219
2004
1759
1480
1249
955
626
410
222
132
112
108
131
215
260
222
212
105
0
-265
-520
-710
-937
-1087
-1261
-1360
-1321
-1195
-1082
-882
-770
-610
-434
-345
-266
-355
-505
-735
-1017
-1238
-1494
-1802
-1911
-2018
-2126
-2109
-2049
-1916
-1792
-1692
-1530
-1390
-1313
-1269
-1273
-1322
-1432
-1472
-1536
-1565
-1502
-1497
-1438
-1197
-918
-666
-360
-109
300
632
849
1157
1287
1424
1536
1511
1392
1278
1098
841
763
620
463
329
282
321
346
403
472
623
733
879
925
957
1000
956
919
740
688
691
707
830
837
1015
1322
1629
1881
2017
2146
2321
2404
2332
2166
1958
1733
1458
1196
882
634
518
391
324
274
267
406
432
362
310
208
73
-97
-338
-653
-863
-1015
-1117
-1197
-1244
-1188
-1071
-932
-753
-623
-457
-351
-379
-429
-528
-646
-882
-1225
-1455
-1750
-1969
-2056
-2204
-2318
-2272
-2143
-2012
-1852
-1773
-1645
-1548
-1470
-1446
-1476
-1535
-1640
-1684
-1707
-1639
-1580
-1458
-1285
-1034
-673
-413
-67
151
414
777
995
1173
1235
1282
1321
1287
1177
1022
842
648
519
402
301
272
283
278
317
407
502
662
745
854
945
992
1032
975
892
812
823
846
905
997
1135
1335
1586
1829
2006
2170
2317
2392
2393
2275
2126
1946
1728
1460
1229
990
757
698
580
512
558
529
534
525
492
410
270
97
-63
-261
-450
-635
-836
-975
-1100
-1144
-1125
-1049
-974
-864
-745
-649
-603
-638
-766
-926
-1060
-1225
-1493
-1716
-1959
-2122
-2174
-2210
-2249
-2249
-2208
-2057
-1869
-1781
-1694
-1639
-1537
-1522
-1485
-1566
-1609
-1564
-1602
-1443
-1360
-1268
-1011
-798
-490
-182
10
226
403
586
777
834
867
927
960
997
926
886
777
732
677
584
535
489
457
423
384
367
376
466
501
544
642
639
733
790
798
837
902
988
1104
1215
1352
1521
1735
1899
2035
2158
2257
2411
2451
2392
2265
2168
2075
1884
1633
1406
1235
1065
893
705
571
462
390
284
181
93
-4
-155
-322
-485
-594
-731
-897
-997
-1091
-1117
-1056
-1040
-1039
-1032
-934
-881
-901
-885
-928
-940
-1013
-1135
-1303
-1439
-1597
-1734
-1849
-2012
-2040
-2052
-2136
-2132
-2012
-1902
-1802
-1857
-1821
-1775
-1658
-1575
-1685
-1654
-1679
-1488
-1297
-1270
-1051
-813
-515
-231
-46
144
253
440
615
659
697
709
784
808
789
829
819
730
681
615
570
550
484
348
278
315
331
374
336
359
498
634
788
853
960
1143
1386
1579
1698
1860
1972
2116
2244
2315
2376
2457
2517
2570
2536
2448
2351
2212
2022
1838
1661
1424
1173
871
629
447
239
47
-129
-248
-357
-431
-511
-580
-643
-668
-696
-774
-851
-914
-938
-966
-991
-953
-958
-960
-959
-975
-972
-967
-970
-1062
-1200
-1304
-1385
-1463
-1588
-1704
-1801
-1895
-1909
-1991
-2089
-2115
-2100
-2006
-1955
-1954
-1870
-1846
-1732
-1639
-1596
-1410
-1319
-1144
-992
-857
-608
-464
-270
-132
26
243
338
502
575
599
683
716
719
671
618
606
547
484
418
384
329
345
317
266
272
288
319
328
372
424
597
778
933
1139
1337
1557
1803
1990
2144
2345
2445
2527
2569
2563
2532
2473
2383
2299
2186
2095
1957
1800
1617
1414
1240
985
727
496
281
94
-51
-249
-385
-505
-618
-663
-746
-808
-829
-815
-792
-725
-761
-767
-747
-710
-678
-721
-740
-777
-781
-867
-925
-1003
-1175
-1208
-1261
-1334
-1427
-1568
-1696
-1764
-1812
-1843
-1907
-1935
-1887
-1807
-1721
-1717
-1650
-1597
-1526
-1431
-1386
-1296
-1224
-1168
-1026
-965
-852
-737
-604
-438
-281
-56
57
209
351
441
548
529
573
532
514
572
534
557
536
532
564
558
621
677
626
646
551
520
495
468
465
427
472
537
622
752
955
1186
1335
1586
1786
1952
2093
2166
2209
2174
2171
2117
2013
1882
1741
1607
1483
1395
1308
1232
1156
1077
972
823
686
527
334
137
-48
-252
-371
-493
-545
-588
-639
-644
-602
-616
-586
-540
-494
-471
-502
-536
-639
-669
-788
-913
-1044
-1150
-1275
-1413
-1490
-1577
-1603
-1592
-1577
-1622
-1667
-1608
-1573
-1560
-1550
-1611
-1642
-1611
-1601
-1605
-1574
-1522
-1479
-1353
-1235
-1124
-988
-872
-730
-569
-503
-339
-234
-196
-106
-75
36
73
65
101
126
236
354
403
411
510
661
718
759
764
765
797
833
841
820
832
848
860
944
964
991
1042
1073
1106
1161
1239
1283
1269
1271
1300
1373
1379
1332
1309
1285
1303
1300
1243
1202
1144
1138
1113
1068
1045
944
942
959
909
794
698
610
520
410
295
225
126
-11
-128
-189
-257
-308
-397
-494
-495
-503
-576
-629
-661
-697
-674
-738
-829
-867
-953
-999
-1024
-1114
-1200
-1286
-1310
-1281
-1310
-1306
-1300
-1273
-1204
-1194
-1205
-1186
-1195
-1226
-1219
-1203
-1232
-1311
-1316
-1270
-1231
-1162
-1136
-1083
-987
-881
-773
-676
-597
-544
-464
-335
-267
-234
-190
-157
-77
-16
78
171
201
306
443
558
702
803
823
918
985
1019
1071
1079
1078
1087
1125
1137
1101
1102
1125
1140
1163
1213
1187
1189
1224
1188
1127
1030
978
911
822
715
622
558
559
569
484
447
491
538
565
589
550
551
598
580
555
459
402
406
339
235
155
72
39
-7
-89
-164
-172
-147
-140
-205
-268
-288
-338
-416
-478
-579
-637
-675
-743
-833
-940
-935
-915
-955
-957
-942
-917
-841
-812
-787
-804
-816
-805
-836
-838
-875
-871
-906
-890
-858
-853
-827
-778
-781
-697
-622
-590
-529
-564
-535
-510
-496
-473
-483
-457
-473
-426
-337
-294
-225
-162
-43
79
196
308
404
437
497
542
568
560
573
608
656
733
746
798
776
825
886
902
991
977
960
983
982
992
929
905
843
823
794
766
727
648
626
594
628
597
547
518
486
465
419
332
246
170
93
39
-15
-71
-91
-114
-124
-138
-163
-185
-205
-208
-217
-244
-224
-228
-323
-270
-311
-392
-393
-391
-390
-439
-396
-412
-493
-512
-530
-524
-541
-511
-480
-534
-537
-491
-471
-474
-471
-446
-470
-524
-537
-567
-591
-582
-504
-503
-537
-484
-406
-399
-305
-305
-415
-344
-291
-321
-359
-446
-376
-213
-114
46
5
92
350
438
467
471
534
590
600
611
478
449
523
503
502
459
506
564
554
559
590
566
532
523
425
354
339
243
131
78
43
59
69
78
54
130
211
257
313
293
291
332
318
259
216
181
159
153
139
103
92
63
83
64
67
105
61
21
-12
-52
-122
-197
-263
-382
-409
-423
-503
-546
-559
-554
-558
-523
-497
-495
-422
-335
-323
-327
-319
-270
-284
-290
-274
-344
-328
-330
-326
-338
-310
-253
-270
-272
-240
-191
-172
-216
-235
-222
-164
-123
-99
-81
-53
-4
19
41
-12
-17
37
106
98
107
158
204
240
285
313
375
405
450
456
467
476
479
448
413
455
458
452
390
377
387
372
393
333
327
357
350
333
289
253
223
244
230
196
143
121
178
150
136
126
143
171
167
139
158
177
112
77
45
18
12
-23
-72
-96
-94
-103
-127
-140
-176
-165
-130
-162
-208
-245
-287
-331
-328
-378
-424
-474
-507
-520
-564
-583
-599
-603
-585
-547
-510
-490
-461
-443
-437
-430
-441
-468
-466
-453
-428
-408
-388
-362
-326
-268
-212
-173
-143
-104
-83
-26
35
68
91
79
104
134
109
148
156
176
217
252
301
303
336
348
370
365
381
392
394
387
366
376
369
351
368
382
382
416
449
474
507
520
537
489
436
427
386
357
335
331
313
302
325
293
289
281
270
242
205
196
148
113
106
78
52
31
-4
-50
-68
-82
-107
-148
-191
-200
-178
-177
-198
-195
-191
-169
-206
-256
-270
-293
-296
-309
-314
-338
-409
-441
-449
-439
-458
-424
-427
-429
-389
-405
-392
-418
-506
-519
-519
-530
-540
-563
-550
-539
-486
-475
-422
-368
-311
-256
-198
-168
-129
-79
-64
-10
-10
0
21
41
40
86
116
154
226
257
271
373
430
453
456
464
464
448
436
417
374
357
379
370
380
402
437
469
512
507
541
540
506
502
468
410
375
317
265
242
235
240
254
243
243
269
285
268
252
239
257
249
185
119
43
-22
-49
-119
-145
-198
-250
-242
-244
-245
-231
-233
-221
-218
-236
-230
-264
-286
-327
-350
-350
-380
-420
-455
-451
-408
-380
-389
-381
-383
-379
-380
-399
-398
-422
-457
-433
-431
-469
-462
-487
-467
-449
-440
-383
-353
-312
-296
-261
-218
-193
-192
-179
-141
-115
-92
-113
-84
6
67
118
155
203
266
337
365
359
372
406
439
461
427
420
395
378
392
346
347
328
320
369
412
414
424
444
478
464
455
472
448
413
394
412
437
437
419
426
411
377
370
368
312
264
220
207
167
147
124
61
71
27
6
-26
-75
-128
-164
-188
-216
-180
-205
-209
-198
-211
-212
-225
-264
-274
-286
-297
-353
-381
-426
-444
-455
-494
-511
-500
-501
-504
-483
-495
-467
-478
-481
-526
-556
-550
-568
-569
-564
-576
-529
-430
-376
-346
-330
-247
-155
-134
-133
-134
-121
-100
-95
-75
-60
-24
-14
-16
59
104
165
231
288
312
358
402
387
373
409
420
394
394
377
438
442
455
464
430
484
519
544
546
512
538
562
539
517
491
476
419
398
377
325
351
333
285
323
345
295
302
315
314
342
252
128
148
156
130
98
6
-31
-77
-98
-120
-208
-231
-222
-211
-242
-241
-260
-303
-369
-389
-434
-422
-436
-474
-485
-488
-464
-477
-453
-460
-429
-442
-495
-454
-408
-436
-434
-425
-460
-459
-450
-417
-423
-478
-496
-483
-456
-465
-456
-464
-397
-304
-279
-294
-227
-212
-170
-107
-121
-120
-97
-75
-70
-11
22
74
127
166
213
268
336
353
398
431
438
451
450
450
450
505
495
482
460
500
534
551
559
560
575
604
629
581
578
569
569
573
527
477
453
481
457
391
360
347
350
381
334
325
329
280
277
236
211
158
82
40
-3
-44
-121
-131
-180
-222
-256
-257
-266
-265
-291
-317
-293
-319
-349
-372
-383
-420
-450
-501
-509
-504
-519
-522
-559
-556
-525
-498
-503
-474
-493
-486
-508
-523
-545
-566
-561
-569
-607
-614
-597
-604
-566
-515
-510
-465
-391
-404
-369
-327
-293
-292
-263
-238
-209
-147
-131
-94
-71
0
72
128
149
210
293
377
431
444
509
549
564
534
550
529
550
536
509
545
606
603
629
665
652
651
666
639
618
619
622
633
607
594
565
553
535
495
513
461
448
440
414
446
442
428
386
383
349
265
231
181
91
39
14
-37
-94
-98
-110
-124
-143
-143
-198
-242
-296
-307
-309
-381
-385
-431
-445
-485
-517
-569
-589
-584
-580
-582
-588
-585
-563
-544
-559
-548
-572
-573
-559
-582
-592
-611
-624
-634
-625
-605
-633
-613
-586
-568
-518
-493
-468
-467
-445
-427
-384
-380
-363
-344
-308
-249
-217
-141
-62
3
67
134
195
196
268
331
343
355
363
374
386
433
413
414
468
462
488
513
520
547
541
548
579
552
558
532
516
512
516
575
571
585
617
655
693
678
664
653
654
640
602
599
549
516
491
437
370
333
290
260
249
232
212
173
157
116
86
22
-40
-95
-145
-208
-252
-244
-287
-334
-360
-381
-392
-418
-412
-428
-448
-439
-454
-481
-494
-499
-497
-516
-553
-535
-563
-555
-559
-566
-602
-623
-608
-632
-606
-604
-595
-581
-562
-556
-537
-527
-514
-503
-470
-425
-410
-402
-385
-331
-300
-277
-225
-180
-96
-52
-23
6
26
35
69
94
100
110
138
178
200
254
286
298
312
355
377
413
481
485
454
465
430
400
404
399
437
485
508
553
557
580
597
635
664
642
643
658
637
629
592
552
492
452
434
391
371
367
347
342
323
266
247
218
222
175
135
101
38
1
-36
-79
-118
-157
-206
-230
-238
-253
-273
-264
-300
-297
-276
-293
-325
-346
-358
-380
-392
-439
-455
-466
-509
-510
-532
-529
-545
-554
-561
-513
-507
-528
-508
-554
-525
-524
-513
-500
-529
-495
-436
-418
-418
-399
-358
-352
-334
-334
-303
-262
-223
-202
-170
-130
-90
-79
-49
-9
13
39
82
116
140
189
223
279
293
307
360
394
421
420
432
444
469
467
477
496
505
526
521
546
576
590
577
597
594
628
620
571
550
532
494
471
440
368
361
316
289
268
227
193
156
171
166
155
163
131
93
45
31
25
-6
-13
-69
-97
-105
-131
-183
-205
-185
-184
-194
-220
-246
-297
-315
-343
-382
-401
-423
-450
-475
-493
-501
-503
-517
-493
-497
-495
-496
-483
-491
-511
-486
-459
-451
-446
-422
-418
-380
-356
-362
-332
-303
-296
-279
-275
-249
-205
-208
-203
-189
-181
-149
-128
-112
-93
-79
-55
-44
-29
9
73
116
165
190
214
261
271
306
340
339
368
400
416
433
435
432
446
460
461
484
502
535
541
526
551
555
561
570
547
534
538
516
491
467
431
412
390
347
343
305
302
298
295
262
231
231
177
152
145
96
54
32
-15
-55
-90
-122
-175
-195
-187
-246
-262
-295
-344
-358
-391
-369
-373
-407
-389
-409
-457
-467
-486
-518
-524
-528
-542
-514
-505
-527
-533
-524
-569
-568
-563
-552
-512
-485
-477
-440
-428
-433
-392
-378
-351
-312
-312
-308
-252
-263
-236
-193
-140
-114
-65
-48
-19
15
23
58
43
91
123
132
154
198
228
245
272
298
315
351
361
379
421
462
474
480
509
514
533
561
554
566
553
576
569
558
567
532
536
513
524
496
468
460
430
444
395
384
381
355
353
289
273
245
214
190
167
128
109
99
70
69
60
31
-10
-39
-86
-131
-173
-194
-223
-270
-287
-290
-319
-351
-367
-397
-425
-415
-452
-499
-524
-547
-561
-577
-573
-621
-595
-615
-614
-577
-576
-561
-540
-512
-547
-509
-478
-467
-455
-463
-415
-378
-399
-356
-338
-312
-310
-285
-239
-244
-213
-197
-169
-150
-139
-101
-69
-70
-56
13
58
70
118
169
204
225
267
313
350
392
424
480
528
561
579
584
584
600
636
651
652
668
690
698
708
671
647
600
567
536
511
506
497
461
423
440
376
341
298
289
311
285
281
253
231
216
186
140
139
92
82
49
30
47
-16
-49
-81
-104
-141
-176
-201
-208
-244
-271
-307
-330
-351
-388
-438
-471
-471
-516
-542
-553
-572
-588
-604
-617
-631
-638
-628
-663
-645
-634
-644
-646
-634
-625
-591
-570
-532
-493
-452
-436
-420
-381
-364
-362
-329
-293
-283
-258
-254
-229
-197
-166
-143
-86
-52
-15
10
35
77
148
177
212
239
250
298
313
366
420
435
476
541
527
529
556
588
618
618
644
676
699
670
661
677
653
630
630
579
513
512
518
488
467
458
453
414
403
423
398
387
341
320
277
264
254
211
194
159
123
70
62
20
-17
5
-6
-21
-58
-90
-113
-179
-214
-242
-291
-351
-342
-372
-403
-434
-477
-485
-514
-513
-530
-527
-526
-580
-597
-613
-607
-600
-616
-592
-592
-592
-578
-582
-587
-562
-530
-537
-504
-490
-470
-452
-434
-410
-353
-336
-322
-306
-294
-264
-256
-234
-209
-165
-141
-92
-26
7
83
129
151
188
231
263
302
344
359
398
375
384
440
468
488
528
550
553
573
567
562
589
593
588
565
575
559
519
504
501
460
429
429
404
399
407
395
397
400
391
380
360
325
286
267
244
243
205
186
143
124
99
93
43
25
29
7
-13
-78
-111
-181
-209
-239
-269
-299
-331
-347
-377
-396
-442
-455
-456
-467
-461
-469
-491
-497
-518
-535
-530
-539
-523
-505
-490
-490
-502
-507
-511
