-73
-88
-87
-84
-49
-39
-29
-36
4
51
35
22
7
-1
1
-22
-13
-14
-3
26
26
17
46
71
78
48
41
40
9
8
4
3
28
22
-12
-22
-29
-14
-26
-27
-3
-5
29
21
15
38
23
41
22
-8
-32
-31
-42
-31
-23
0
23
-17
-1
10
-28
4
15
40
46
46
-3
-38
7
-20
-52
-39
-69
-57
-41
-55
12
55
29
30
83
42
20
-1
-10
-31
-56
-29
-15
-33
-35
-4
-26
-23
12
3
-27
-27
-35
3
16
29
53
59
84
68
36
48
-2
-21
-5
-8
54
63
84
97
75
47
106
93
35
41
-10
-1
-24
-8
-10
-14
-67
-45
-39
-47
-35
-53
-62
-99
-76
-71
-88
-115
-87
-42
-8
-68
-56
-23
-34
-14
-18
-6
-28
-35
-3
31
25
37
78
59
36
10
20
52
35
10
-3
4
28
-14
-17
7
13
9
-6
-2
-17
-14
5
11
23
43
10
-18
-20
-53
-54
-35
-28
13
-20
-8
22
29
46
65
52
67
81
37
34
33
54
13
15
17
33
50
21
16
16
27
-25
-33
-61
-88
-55
-31
-13
-25
-41
-50
-32
-15
-16
-65
-42
-35
-19
-36
-71
-56
-35
-25
-53
-15
-37
-40
-10
13
11
-1
60
65
69
70
31
19
49
64
76
44
37
40
48
69
64
56
30
25
20
19
-1
-27
-19
-18
-43
7
3
-4
-26
-29
-2
-6
8
-10
-59
-39
-18
-66
-77
-69
-61
-91
-39
-21
-31
-25
-79
-29
-20
-19
18
39
60
47
45
-1
8
-6
18
7
-9
22
15
-10
-31
12
-17
23
44
26
48
52
40
36
-15
-9
-11
-41
-16
2
12
16
2
2
9
13
46
56
63
99
99
104
69
31
28
32
38
20
30
16
30
-10
23
9
-15
-35
-31
-3
-23
-1
-17
-34
-23
-14
-24
-76
-97
-76
-58
-102
-102
-68
-42
-24
-25
-30
-36
-31
-24
-8
24
51
45
-7
23
26
12
-8
19
33
34
16
13
43
90
114
77
75
46
5
-51
-36
-58
-21
-29
-64
-147
-459
-240
97
-17
-149
-308
-740
-420
152
-98
-500
-314
-329
-507
-152
-56
-272
2
245
11
91
439
618
657
900
935
615
857
1264
1240
985
1065
961
833
1011
1014
691
619
794
436
119
260
208
50
-30
-197
-536
-601
-571
-663
-880
-961
-1040
-1286
-1252
-1177
-1225
-1356
-1299
-1311
-1480
-1444
-1320
-1364
-1274
-1231
-1316
-1387
-1217
-1001
-1018
-999
-898
-901
-854
-665
-428
-633
-855
72
413
-209
17
13
-159
1074
1123
84
458
1430
1520
1203
1126
1473
1692
2058
1982
1453
2050
2697
2320
1973
2244
2442
2284
2311
2442
2195
1806
2079
1881
1527
1793
1458
899
1078
1176
469
101
258
331
-204
-721
-673
-997
-1044
-1102
-1694
-1979
-1569
-1835
-2363
-2336
-2137
-2255
-2684
-2607
-2563
-2863
-2770
-2618
-2940
-2633
-2565
-3273
-2949
-2094
-1997
-2397
-2539
-2153
-1479
-1437
-1553
-1384
-876
-211
-330
-590
67
777
81
687
1719
1592
1483
1163
705
2646
3364
1775
1283
2334
3342
2945
1899
2142
2989
3589
2965
1650
2551
3822
3260
2457
2234
2711
2958
2354
2020
2187
1908
1778
1263
1189
1811
1130
246
368
629
306
-341
-742
-170
-254
-1292
-1784
-1667
-1189
-1503
-2328
-2588
-2054
-2117
-2662
-3106
-2798
-2444
-2903
-3670
-3529
-2834
-2893
-3488
-3802
-3492
-3194
-3425
-3721
-3423
-2930
-2973
-3390
-3245
-2485
-2121
-2305
-2217
-1539
-967
-930
-804
-155
574
892
716
798
1704
2435
2294
2195
2206
2948
3950
2990
2602
3864
3433
3493
4326
3063
2950
4385
4042
3256
3233
3384
3354
3240
3376
2586
2177
3210
2776
1723
1968
2012
1690
1464
1231
887
432
639
723
-239
-321
-2
-828
-947
-631
-1191
-1553
-1376
-1462
-1677
-1988
-2061
-1796
-2119
-2334
-2400
-2582
-2470
-2089
-2638
-3000
-2653
-2569
-3188
-3322
-2800
-2644
-3041
-3223
-3648
-3549
-2721
-2897
-3549
-3321
-2728
-2824
-3140
-3092
-2360
-1980
-2043
-1899
-1734
-1049
-207
-189
-117
601
1077
1046
1338
1954
2591
2421
2472
2950
3266
3281
2843
3527
4228
3964
3586
3228
3222
4626
4351
3060
3030
3625
3681
3075
2500
2703
2794
2777
2170
1331
1964
2461
1720
938
900
904
511
264
227
11
-523
-585
-972
-1088
-807
-1225
-1687
-1565
-1548
-1962
-2236
-2106
-1489
-1827
-2587
-2554
-2340
-2131
-1931
-2440
-2723
-2095
-2053
-2376
-2514
-2256
-1919
-2569
-3013
-2325
-2163
-2251
-2233
-3016
-2919
-2105
-2462
-2948
-2657
-2045
-1981
-2608
-2653
-1949
-1551
-1305
-1366
-1547
-706
-35
-222
5
793
1390
1236
1078
1766
2388
2385
2592
2732
2883
3228
2850
3259
3962
3686
3505
3152
3063
4263
3900
2533
3071
3644
3266
2589
2151
2692
2946
2442
1622
1012
1930
2432
1124
526
1006
1056
526
-87
-57
275
-107
-503
-899
-1023
-478
-868
-1607
-1233
-1079
-1649
-1786
-1664
-1262
-1283
-2143
-2079
-1526
-1700
-1888
-2077
-2179
-1586
-1741
-2406
-2325
-1749
-1569
-2024
-2659
-2389
-2239
-2124
-1949
-2196
-2414
-2636
-2800
-2448
-2354
-2599
-2545
-2676
-2365
-2235
-2845
-2664
-1649
-1380
-1778
-1996
-1405
-348
23
-164
110
547
1207
1348
1234
1790
2564
2536
2430
2627
3164
3117
2781
3811
3922
3184
3403
3306
3402
4464
3625
2594
3004
3707
3399
2415
2273
3100
2759
2188
1708
1360
2148
2329
1153
533
941
1162
581
-4
145
143
-466
-530
-738
-821
-727
-1085
-1508
-1347
-1299
-1614
-1823
-1809
-1340
-1857
-2475
-1983
-1694
-1960
-2155
-2275
-2220
-1883
-2057
-2380
-2517
-1867
-1726
-2423
-2483
-2562
-2576
-1864
-1934
-2353
-2492
-3107
-2691
-2080
-2629
-2929
-2676
-2512
-2202
-2605
-3079
-2363
-1385
-1344
-1984
-2071
-883
141
-65
-127
389
955
1488
1358
1490
2243
2777
2686
2506
2819
3591
3432
2817
4259
4328
2928
3591
4070
3718
4672
3747
2310
3414
4395
3507
2206
2357
3456
2765
1842
1722
1420
2258
2328
697
208
903
1187
410
-521
-109
148
-863
-918
-859
-1282
-1003
-1379
-2042
-1745
-1575
-1834
-2045
-2190
-1587
-1904
-2876
-2092
-1741
-2308
-2365
-2347
-2323
-2041
-2286
-2398
-2208
-1936
-1544
-2333
-2525
-1569
-2207
-2717
-1741
-1608
-1839
-2120
-3018
-2394
-1426
-2186
-2738
-2823
-2129
-1439
-2416
-3075
-1832
-913
-1036
-1836
-1737
-261
482
192
81
376
1423
1855
1207
1523
2566
2873
2690
2464
3043
3766
3448
3244
2876
3717
4775
3354
2926
3940
2969
3458
4039
2489
2595
3268
2712
2475
2154
1885
1878
1603
1885
1073
376
1112
1133
273
-41
-198
-204
-102
-433
-847
-1407
-1184
-739
-1538
-1813
-1284
-1415
-1698
-1677
-1846
-1641
-1639
-1644
-1572
-1966
-1819
-1413
-1884
-1923
-1534
-1920
-1998
-1571
-1711
-1765
-1638
-1529
-1463
-1598
-1730
-2162
-1940
-1206
-1181
-1842
-2256
-2571
-1855
-1427
-2402
-2682
-2246
-1970
-1971
-2544
-2891
-1885
-1070
-1537
-2096
-1842
-668
19
-334
-330
262
846
1093
980
1175
2045
2385
2245
2156
2747
3241
3292
2538
2598
4016
3913
2910
3350
3266
2913
3960
3461
2432
2885
3398
2806
2417
2437
2496
2022
2162
2134
1373
1391
1803
1466
777
706
744
365
270
324
-52
-759
-354
-361
-931
-962
-796
-1137
-1342
-1301
-1380
-1494
-1548
-1452
-1705
-2058
-1974
-1868
-2068
-2291
-1944
-2040
-2467
-2134
-2062
-2286
-2064
-1797
-2202
-2255
-1955
-2334
-2841
-2190
-1744
-2241
-2603
-3036
-2880
-2161
-2342
-2938
-3110
-2656
-2152
-2629
-3285
-2619
-1584
-1435
-1957
-2107
-1106
-67
102
-101
-1
835
1607
1368
1310
2132
2815
2790
2595
2933
3432
2948
3583
4637
3881
3450
3610
2968
4309
5335
3525
2390
3607
4551
3764
2444
2606
3512
3362
2577
1342
1490
3018
3014
1011
35
994
1745
796
-288
-49
117
-360
-756
-1272
-1187
-786
-1124
-2045
-2135
-1734
-1714
-2348
-2203
-1710
-2613
-3300
-2655
-2282
-2326
-2730
-3170
-2970
-2497
-2531
-2628
-3122
-2471
-1609
-2728
-3061
-1930
-1805
-2073
-2140
-2664
-1909
-1369
-1744
-2109
-2345
-2124
-1328
-2147
-2660
-1753
-1426
-1804
-1980
-1954
-1602
-1109
-753
-849
-1093
-268
482
157
418
1304
1523
1513
1780
2223
2404
2652
2979
3296
3104
3578
3367
2280
4028
5308
3596
2979
3214
2928
4475
4384
2650
2457
3188
3553
2677
1566
2368
2709
2011
1560
706
1008
1905
1399
330
-364
-304
201
-342
-760
-408
-1102
-1532
-1211
-1541
-1464
-1445
-1854
-1967
-2128
-2370
-1981
-2184
-2040
-1894
-2726
-2758
-2231
-2192
-2090
-2486
-2611
-1978
-2263
-2417
-1874
-2192
-1698
-1184
-2027
-2102
-1327
-1369
-1296
-1697
-1776
-969
-1100
-1521
-1477
-1986
-1509
-818
-1886
-2216
-1440
-1278
-1482
-1649
-1758
-1133
-921
-736
-669
-612
36
718
351
568
1303
1612
1672
1727
2184
2583
2554
2899
3189
2408
2620
4265
4015
3033
3347
2903
2764
4319
4132
2227
2049
3637
3631
2054
1548
2332
2365
2399
1500
318
967
2197
1747
-347
-773
728
796
-532
-757
-505
-735
-674
-1129
-1704
-1490
-962
-1283
-2197
-2145
-1459
-1725
-2248
-1698
-1577
-2294
-2438
-1968
-1796
-2064
-2100
-2157
-2247
-1743
-1593
-2244
-2151
-1003
-1179
-1977
-1755
-1063
-995
-1219
-1397
-1510
-1532
-939
-793
-1472
-1599
-950
-1672
-1978
-1345
-1220
-1575
-1719
-1620
-1427
-1624
-1717
-915
-950
-940
-542
-610
-504
706
1017
519
706
1622
1839
1613
1793
2679
2742
2698
1798
2251
4308
3926
2632
2583
1939
3220
4858
2571
1617
3008
3331
2843
1927
1573
2547
2536
2137
969
411
1725
2406
889
31
315
715
510
-33
27
-42
-553
-210
-750
-1302
-642
-516
-1278
-1309
-1452
-1522
-1408
-1427
-1127
-1725
-2467
-1589
-1489
-2003
-1796
-1959
-2108
-1445
-1869
-2179
-1751
-1712
-1156
-1339
-2219
-1673
-839
-1340
-1349
-1092
-1126
-1585
-1594
-1307
-1304
-1311
-913
-1862
-2547
-1351
-1159
-1866
-1629
-1562
-1617
-1614
-1836
-1413
-836
-1021
-660
-833
-943
75
710
532
653
1114
1354
1355
1684
2440
2461
1436
2059
3703
2937
2370
2946
1940
2352
4396
2815
1132
2390
3523
2676
1790
1675
2123
2328
2357
1427
691
1510
2374
1409
52
441
1503
888
-17
368
477
1
311
-46
-441
-97
89
-468
-893
-611
-165
-778
-1314
-530
-718
-1365
-1178
-1196
-1288
-1077
-1443
-1706
-1499
-1420
-1602
-1813
-1628
-917
-1361
-1720
-2300
-1801
-645
-1195
-2018
-1427
-1541
-1569
-830
-2109
-2493
-891
-806
-1910
-2022
-2108
-1597
-974
-1356
-2050
-2346
-1724
-913
-1277
-1784
-1384
-996
-688
-608
-757
-404
197
652
659
253
552
1505
1857
1650
1594
1563
1108
2238
3525
2325
1503
2220
1667
2389
3356
2145
1528
2328
2917
2325
1388
1592
2867
2561
1870
1167
1181
2240
2970
1892
501
1021
2146
1873
777
782
1380
1204
845
494
337
686
1107
352
-436
-326
100
-24
-553
-470
-489
-1240
-1318
-813
-1142
-1545
-1597
-1660
-1438
-1820
-2105
-2003
-2030
-1451
-1673
-2913
-2599
-1438
-1654
-2472
-2466
-1978
-1830
-2231
-2542
-2634
-1925
-1440
-2116
-3145
-2874
-1592
-1508
-2408
-2564
-2157
-2125
-1848
-1913
-2118
-1694
-1077
-1295
-1538
-1046
-358
-4
44
175
608
847
1122
1615
1996
1922
2207
2273
2108
1943
2923
3948
2949
2488
2878
2208
2898
4209
3078
2062
2713
3431
3000
2326
2457
2927
2558
2551
2077
1585
2329
3156
2361
941
1094
2064
1852
1102
1165
1162
640
696
500
45
93
237
-220
-1013
-1089
-591
-801
-1385
-1154
-1402
-2148
-1936
-1706
-2139
-2412
-2165
-2402
-2587
-2528
-2682
-2578
-2555
-2199
-2304
-2821
-2839
-2177
-2194
-2309
-2236
-2342
-2271
-2270
-2303
-2195
-2184
-1900
-1786
-2247
-2423
-1838
-1586
-1528
-1754
-2344
-1913
-1241
-1094
-1147
-1440
-1396
-140
-68
-794
-472
549
1269
1245
616
882
1856
2679
2392
1639
1821
3084
3357
2559
1934
2553
4252
3813
2247
2345
2670
2978
3758
2799
1941
2607
2978
2669
2115
1889
2502
2063
1652
1765
1439
1426
2033
1810
930
589
822
1311
975
513
369
-87
-34
224
-240
-917
-619
-442
-866
-1576
-1502
-947
-1272
-1522
-1520
-2101
-2198
-1408
-1705
-2246
-2194
-2057
-1963
-2249
-2281
-2044
-2101
-1881
-1958
-2370
-2113
-1712
-1654
-1951
-2107
-1501
-1708
-2197
-1782
-1680
-1514
-1319
-2247
-2268
-1526
-1474
-1664
-1847
-2183
-1402
-1305
-2043
-1594
-975
-1036
-861
-801
-971
7
382
261
476
861
1165
1290
1307
1849
2363
2233
2075
2288
2579
1816
2472
4049
2920
2276
2685
1478
2695
4461
2599
1334
2095
3035
2991
1629
1281
2586
2434
2119
1204
716
2084
3144
1772
52
436
1919
1990
632
414
1028
701
399
132
-15
257
379
-163
-967
-1004
-199
-324
-1418
-918
-825
-1877
-1825
-1504
-1520
-1491
-2145
-2448
-1831
-2086
-2151
-1907
-2647
-1885
-1597
-2612
-2690
-1897
-1476
-1807
-2407
-1925
-1926
-2584
-1896
-1599
-2095
-1806
-2176
-2983
-2016
-1423
-2172
-2598
-2197
-2034
-1862
-2510
-2407
-1349
-1053
-1529
-1887
-1493
-350
275
-202
-157
390
1156
1352
818
1343
2499
2561
2168
1882
2556
3260
3263
2399
2174
3754
4120
2664
2599
2933
2706
4018
3383
1782
2352
3261
2869
2436
1969
2167
2322
2169
2206
1753
1552
1978
2086
1264
932
1280
1470
1145
782
610
156
33
430
80
-460
-627
-646
-951
-1073
-1272
-1265
-1321
-1848
-2067
-2049
-2208
-2414
-2314
-2392
-2763
-2546
-2470
-3053
-2965
-2009
-2376
-3007
-2533
-2378
-2277
-2015
-2050
-2270
-1824
-2041
-2085
-1689
-1763
-1478
-1224
-2095
-2040
-1245
-1401
-1573
-1425
-1456
-1388
-1456
-1501
-1049
-1105
-823
-606
-872
-757
240
365
225
610
1055
1283
1131
1446
1979
2180
2232
2311
2205
2399
2172
2620
3424
2762
2466
2738
1632
2501
4063
2645
1497
2017
2604
2726
2118
1520
1999
2061
2078
1463
704
1678
2731
1748
333
453
1462
1729
890
456
683
533
620
266
-228
84
391
-289
-1034
-1143
-618
-557
-1232
-1223
-1242
-1818
-1863
-1620
-1698
-1928
-2112
-2225
-2133
-2163
-1925
-1981
-2361
-1652
-1692
-2554
-2147
-1214
-1715
-1347
-1302
-1973
-1519
-638
-1371
-1682
-965
-935
-1138
-1116
-1593
-1397
-608
-935
-1671
-1685
-1167
-976
-1205
-1682
-1402
-1080
-693
-1211
-1446
-766
95
-17
-484
-306
282
839
916
638
954
1450
1594
1512
1536
1986
2350
2470
1978
1974
1987
1775
2921
3201
2022
2013
1846
1212
3088
3185
1364
1411
2059
2302
2193
1435
1532
2257
2138
1715
931
1059
2385
2633
937
171
865
1695
1291
277
94
438
211
-127
-629
-794
-407
-453
-1159
-1716
-1577
-1058
-1373
-1989
-1742
-1842
-2151
-1894
-1957
-2015
-1900
-2268
-1835
-1611
-2134
-1915
-1375
-1453
-1324
-1434
-1727
-1426
-720
-851
-1639
-1421
-800
-863
-1188
-1555
-1399
-849
-1127
-1478
-1835
-1805
-1070
-889
-2010
-2156
-1497
-1344
-1337
-1436
-1520
-985
-480
-580
-666
-523
302
797
382
194
866
1295
1467
1210
1290
1861
1994
2180
1897
1486
2215
2782
2230
2193
2241
2516
2696
2527
2287
2432
2270
2556
2426
2116
2228
2284
2204
1935
1845
1794
1786
1642
1560
1294
1026
1067
1013
725
459
349
269
22
-192
-313
-357
-682
-535
-816
-1247
-977
-840
-1388
-1554
-1190
-1085
-1398
-1750
-1483
-1165
-1416
-1234
-1373
-1777
-1199
-664
-1364
-1587
-886
-724
-936
-1126
-1079
-989
-865
-962
-1086
-1244
-1233
-930
-1039
-1703
-1547
-1331
-1687
-1871
-1709
-1863
-2049
-2170
-2200
-2022
-2115
-2148
-1894
-1902
-1851
-1271
-1280
-1461
-777
-191
-376
-279
-3
423
697
886
962
1141
1342
1795
1816
1695
1975
2361
1656
1627
3219
3021
1955
2333
1992
1970
3512
2880
1697
2128
2931
2726
2244
1594
2375
2768
2408
1878
1600
1821
2583
2562
1160
903
1588
1790
1057
411
584
707
299
0
-106
-334
-366
-449
-923
-1077
-864
-744
-1399
-1573
-1057
-1196
-1984
-1784
-1170
-1439
-1842
-1655
-1419
-1599
-1745
-1307
-1388
-1568
-1156
-1450
-1725
-1420
-1261
-1788
-1748
-1420
-1498
-1828
-1999
-2005
-1814
-1711
-2346
-2411
-2105
-2242
-2317
-2232
-2618
-2414
-2072
-2032
-2168
-2160
-1757
-1264
-1101
-1079
-734
-493
-21
346
269
417
960
1317
1427
1287
1478
2324
2344
1819
2392
2368
2448
3136
2695
2258
3221
3327
2732
2734
2710
3029
3236
2677
2573
2691
2707
2865
2555
2123
2216
2409
2012
1663
1464
1576
1392
954
966
800
267
226
260
23
-201
-463
-571
-527
-780
-841
-1008
-1254
-1043
-1020
-1620
-1717
-1271
-1300
-1554
-1584
-1616
-1527
-1283
-1141
-1603
-1665
-1238
-1171
-1373
-1444
-1338
-1123
-1294
-1633
-1237
-1348
-1870
-1519
-1269
-1912
-1725
-1563
-2197
-1813
-1463
-2181
-2319
-2028
-2145
-1797
-2195
-2798
-1977
-1667
-2070
-1983
-1803
-1681
-873
-679
-1049
-679
-73
402
549
284
654
1329
1379
1367
1645
1719
2010
2300
2221
2232
2413
1932
2173
3655
3172
2180
2640
2064
2305
3736
2696
1662
2293
2723
2591
2116
1300
2280
2598
1977
1504
1291
1525
2368
2127
708
545
1137
1394
728
-7
347
488
-45
-247
-280
-349
-385
-363
-781
-1052
-865
-367
-1000
-1414
-853
-812
-1609
-1571
-1113
-1405
-1293
-1423
-1849
-1416
-1413
-1662
-1462
-1498
-1429
-1431
-1895
-1922
-1433
-1487
-1865
-2060
-1560
-1718
-2202
-2069
-2055
-2080
-1923
-2373
-2754
-2182
-1764
-2101
-2580
-2485
-2000
-1810
-1934
-1947
-1508
-1157
-949
-877
-769
-228
228
398
278
478
1022
1332
1201
1339
1773
1933
2250
1804
2093
2645
2108
2320
2743
2089
2625
3160
2364
2412
2855
2737
2737
2549
2410
2864
2595
2657
2596
2199
2190
2596
2204
1847
1821
1678
1599
1333
1127
1139
806
548
622
378
33
155
91
-267
-469
-445
-403
-826
-963
-715
-953
-1440
-1184
-1197
-1509
-1266
-1130
-1602
-1922
-1553
-1194
-1731
-1945
-1610
-1741
-1867
-1500
-1801
-2162
-1623
-1467
-1828
-2353
-2312
-1643
-1522
-2142
-2251
-2151
-2061
-1751
-1934
-2579
-2315
-1891
-1866
-2029
-2646
-2358
-1509
-1569
-1995
-1715
-1691
-1168
-376
-664
-947
-333
456
679
399
390
927
1480
1577
1284
1082
1550
2250
2413
2086
1612
2014
2831
2771
2500
2521
2615
2960
3046
2680
2545
2731
3123
3195
2577
2384
2812
3089
2817
2562
2273
2181
2293
2231
1853
1493
1544
1560
1154
750
608
596
436
125
-173
-381
-417
-532
-621
-902
-1139
-1173
-1268
-1623
-1506
-1375
-1746
-1758
-1619
-1907
-1902
-1811
-1884
-1880
-1846
-1793
-1634
-1998
-1639
-1420
-1951
-1669
-1643
-1865
-1668
-1508
-1864
-1853
-1665
-1587
-1720
-1886
-1939
-1541
-1488
-1988
-2126
-1892
-1805
-1593
-1924
-2407
-1972
-1500
-1541
-1725
-1739
-1345
-661
-721
-995
-633
21
335
391
272
501
1097
1399
1316
1321
1560
1888
2093
2009
2082
2429
2633
2288
1847
2967
3686
2812
2561
2652
2265
3239
3599
2547
2270
2869
3086
2766
2095
2208
2831
2562
2202
1827
1675
1870
2406
1680
729
708
1092
918
300
72
76
-182
-403
-413
-638
-939
-853
-983
-1313
-1523
-1329
-1401
-2015
-1592
-1362
-2125
-2348
-1890
-1960
-1831
-2211
-2570
-1790
-1958
-2412
-1927
-2192
-2298
-1584
-1816
-2699
-2066
-1594
-2152
-2210
-1900
-2106
-1989
-2064
-2225
-1840
-1963
-2226
-2163
-1902
-1912
-1897
-2070
-1834
-1554
-1263
-1394
-1597
-1143
-295
-212
-670
-334
578
912
794
806
1118
1640
1879
1702
1639
2311
2749
2825
2305
2027
2899
3536
2888
2694
3093
3274
3351
3177
2855
3150
3425
3319
2894
2645
2909
3159
2680
2348
2486
2206
1945
1829
1699
1434
1181
763
422
372
315
-16
-464
-714
-549
-771
-1190
-1381
-1321
-1288
-1457
-1682
-1863
-1770
-1489
-1580
-1938
-1950
-1823
-1617
-1763
-1959
-1569
-1487
-1832
-1547
-1389
-1777
-1592
-1083
-1496
-1663
-1233
-1486
-1727
-1186
-1069
-1719
-1950
-1528
-1291
-1357
-1562
-1956
-1808
-1235
-1588
-1926
-2051
-1778
-1160
-1452
-2347
-2202
-1336
-1076
-1372
-1658
-1573
-946
-427
-668
-708
-252
423
574
401
474
1076
1423
1540
1495
1482
1929
2498
2387
2165
2413
2390
2718
3149
2929
2726
2996
3165
3174
3196
2981
3031
3330
3304
2886
2642
2825
3077
2971
2317
1923
2001
2139
1946
1527
1137
990
1059
769
271
80
28
-71
-388
-688
-871
-802
-966
-1190
-1304
-1524
-1657
-1732
-1647
-1731
-1884
-2103
-2169
-2057
-1734
-2121
-2507
-2110
-1840
-2036
-1981
-2429
-2321
-1534
-1732
-2261
-2069
-2045
-1884
-1489
-1991
-2460
-1823
-1229
-1790
-2088
-1929
-1812
-1608
-1374
-1920
-2356
-1792
-1181
-1495
-1968
-1991
-1483
-969
-1085
-1349
-1284
-823
-202
58
-283
-200
567
1175
1076
880
1279
1830
2006
2053
2192
2106
2614
3274
2830
2496
2897
3051
3298
3459
3175
3100
3299
3418
3507
3176
2925
3179
3139
3017
2730
2551
2632
2737
2357
1913
1612
1536
1717
1357
651
460
531
280
-89
-476
-621
-573
-750
-1129
-1421
-1481
-1480
-1488
-1725
-2097
-2071
-1937
-2020
-2217
-2163
-2056
-2347
-2369
-2114
-2321
-2237
-1867
-2135
-2450
-2022
-1806
-2157
-2020
-1812
-1877
-1950
-1771
-1814
-1677
-1596
-1737
-1619
-1538
-1497
-1528
-1624
-1587
-1212
-1200
-1645
-1618
-1224
-1086
-1121
-1539
-1409
-883
-738
-909
-861
-702
-319
193
-79
-70
554
1073
1113
1119
1343
1674
2073
2132
2167
2357
2501
2797
2766
2769
2953
3250
2585
2354
3649
3772
2898
2753
2378
2463
3600
3124
2043
2106
2547
2688
2298
1236
1627
2173
1840
1176
822
764
1282
1428
347
-311
-303
101
-66
-760
-989
-755
-971
-1321
-1402
-1543
-1526
-1426
-1734
-1938
-2054
-1769
-1807
-1978
-1928
-2179
-2268
-2208
-2344
-2316
-1886
-2128
-2496
-2043
-2156
-2316
-1721
-1670
-2186
-1721
-1479
-1980
-1732
-1669
-1564
-1236
-1408
-1749
-1669
-1517
-1164
-1044
-1474
-1739
-1374
-1098
-1115
-1163
-1423
-1077
-588
-852
-907
-638
-416
259
354
-80
176
1014
1363
1464
1291
1508
2083
2347
2198
2132
2628
3022
3095
2726
2405
2776
3417
3344
3016
2785
2904
3194
3180
2897
2809
2813
2868
2727
2465
2278
2312
2433
2081
1739
1472
1388
1291
1074
714
336
116
67
-153
-518
-776
-877
-1175
-1447
-1609
-1707
-1835
-1859
-1912
-2150
-2372
-2282
-2032
-2254
-2415
-2276
-2240
-2324
-2167
-2090
-2281
-2291
-1813
-1853
-2089
-1946
-1805
-1486
-1145
-1726
-1919
-1306
-1218
-1072
-887
-1718
-1817
-481
-641
-1418
-1076
-1058
-1063
-447
-897
-1433
-951
-621
-547
-611
-1267
-1350
-467
-185
-556
-582
-527
-322
355
535
221
242
818
1381
1311
1050
1365
1890
2089
2162
1975
1936
2446
2745
2729
2421
2341
2831
3122
2802
2717
2708
2741
2908
2864
2628
2487
2521
2752
2496
1945
1791
2101
2041
1718
1500
939
807
1067
833
142
-192
-105
-202
-515
-956
-1169
-1208
-1264
-1333
-1664
-1883
-1974
-1721
-1825
-2313
-2263
-2134
-2269
-2264
-2318
-2489
-2086
-1986
-2300
-2218
-2190
-1901
-1820
-1906
-1866
-1765
-1528
-1428
-1483
-1311
-1129
-1291
-1031
-1136
-1424
-801
-751
-1005
-847
-1121
-1074
-556
-711
-1075
-826
-920
-747
-458
-1081
-1114
-474
-336
-546
-433
-505
33
578
273
426
725
873
1378
1433
1160
1646
2124
2016
2038
2210
2376
2681
2616
2619
2756
2800
2845
2841
2558
2148
2733
3304
2718
2141
2001
1698
2092
2643
1927
1219
1292
1621
1489
916
543
789
896
564
74
-177
-91
405
69
-944
-1260
-887
-681
-1075
-1464
-1496
-1462
-1605
-1598
-1679
-1725
-1634
-1640
-1849
-1979
-1977
-1616
-1565
-2051
-1809
-1602
-2337
-2063
-1267
-1927
-1963
-1359
-1751
-1757
-1213
-1492
-1440
-1063
-1214
-1298
-1353
-1484
-957
-535
-1223
-1543
-1149
-966
-1123
-1019
-1282
-1242
-875
-800
-1317
-1531
-734
-166
-391
-835
-688
-106
568
615
447
599
1084
1427
1464
1539
1861
2241
2256
1874
2381
2842
2695
2858
2712
2587
3054
3022
2596
2997
3104
2876
2813
2530
2564
2915
2609
2314
2215
2170
2133
2072
1635
1550
1528
1126
807
470
405
319
-68
-453
-671
-868
-1017
-1345
-1574
-1593
-1731
-2116
-2174
-2175
-2086
-2164
-2340
-2390
-2388
-2213
-2194
-2387
-2164
-1891
-2218
-2159
-1843
-1791
-1626
-1657
-1607
-1434
-1408
-1275
-1093
-942
-1031
-925
-978
-994
-453
-448
-1067
-1015
-466
-513
-585
-1016
-1071
-486
-447
-860
-1027
-837
-384
-210
-767
-1164
-752
-266
-143
-311
-309
21
410
427
380
733
1025
1207
1320
1381
1523
1716
1729
2090
2319
2308
2320
1989
2059
2795
2776
2271
2236
2403
2481
2633
2311
2123
2462
2505
2253
1950
1838
2047
2217
1663
1299
1302
1264
1152
849
585
502
240
-46
-283
-547
-525
-601
-1062
-1377
-1388
-1461
-1608
-1790
-1834
-1909
-2185
-2268
-2196
-2121
-2024
-2101
-2299
-2332
-2179
-2048
-2004
-2013
-1838
-1615
-1813
-1983
-1401
-1245
-1344
-1090
-1184
-1296
-929
-862
-935
-682
-854
-1038
-716
-680
-683
-368
-714
-758
-299
-686
-977
-468
-382
-346
-121
-751
-885
-201
112
95
64
-91
161
698
757
760
1033
1267
1499
1484
1323
1688
2139
2030
2114
2299
2013
2083
2380
2213
2358
2659
2155
1878
2344
2491
2444
2198
1761
1996
2166
1907
1630
1590
1601
1722
1287
761
917
1069
941
418
7
-21
-51
-316
-539
-670
-930
-1088
-1372
-1761
-1620
-1582
-1724
-1911
-2055
-2091
-1993
-2049
-2138
-1905
-1844
-2016
-2020
-1917
-1795
-1505
-1437
-1613
-1432
-1315
-1294
-1194
-1065
-913
-716
-766
-1038
-764
-404
-552
-536
-299
-739
-753
-331
-318
-439
-301
-609
-613
-336
-556
-779
-469
-373
-437
-175
-740
-1010
-284
131
-123
-137
-172
-140
304
523
537
541
769
1212
1218
933
1310
1768
1720
1738
1875
1746
1811
2069
2160
2053
2109
2042
1842
1891
2186
2190
1972
1681
1670
1913
1768
1437
1387
1514
1332
1170
832
721
940
934
490
71
-109
24
-8
-378
-554
-623
-890
-1066
-1176
-1259
-1179
-1355
-1545
-1635
-1627
-1687
-1634
-1585
-1564
-1559
-1720
-1981
-1678
-1121
-1350
-1673
-1308
-1307
-1408
-832
-897
-1206
-802
-509
-791
-836
-623
-418
-477
-374
-354
-746
-548
-259
-253
-402
-355
-551
-656
-421
-432
-609
-641
-526
-410
-297
-491
-969
-554
-118
-155
-294
-406
-266
220
546
253
272
571
977
1120
899
872
1375
1449
1384
1363
1398
1852
1899
1420
1600
1776
1731
1965
1672
1430
1785
1880
1457
1516
1519
1674
1592
1300
1221
1303
1161
1162
1048
701
658
735
458
257
223
48
-159
-382
-356
-548
-731
-939
-946
-1056
-1129
-1255
-1365
-1386
-1303
-1363
-1558
-1600
-1428
-1304
-1415
-1470
-1473
-1356
-1195
-1118
-1129
-1128
-1117
-777
-672
-875
-726
-514
-471
-547
-596
-510
-344
-256
-406
-460
-517
-481
-327
-345
-652
-530
-536
-547
-540
-728
-737
-512
-256
-339
-815
-1162
-545
-30
-52
-390
-568
-268
296
307
-8
71
598
1006
846
504
636
1274
1607
1338
965
1083
1476
1756
1614
1507
1552
1597
1521
1415
1515
1762
1815
1636
1291
1128
1293
1362
1309
1192
1025
783
752
817
841
786
601
424
272
297
291
259
200
92
-212
-492
-589
-550
-469
-582
-843
-1002
-984
-926
-863
-941
-942
-1065
-1147
-1191
-1085
-821
-657
-955
-1168
-1108
-992
-840
-986
-1022
-821
-683
-829
-1008
-974
-546
-367
-585
-861
-962
-665
-491
-744
-733
-764
-707
-688
-976
-1008
-790
-863
-1218
-952
-776
-695
-879
-1296
-1065
-416
-375
-750
-852
-625
86
262
-301
-208
433
866
746
456
533
1174
1443
1089
1101
1310
1723
1854
1376
1310
1885
2170
1858
1553
1646
2014
2100
1633
1596
1764
1952
1787
1461
1419
1680
1734
1359
1081
1044
1276
1016
479
445
474
302
69
-125
-222
-215
-401
-735
-820
-787
-745
-1029
-1269
-1143
-1019
-1174
-1298
-1215
-1090
-1059
-1241
-1326
-1077
-885
-893
-1028
-1162
-932
-574
-674
-745
-722
-682
-342
-448
-725
-507
-349
-526
-518
-504
-547
-616
-698
-705
-572
-577
-739
-730
-790
-785
-689
-902
-1257
-970
-520
-649
-1089
-1195
-1120
-840
-338
-487
-904
-706
-316
-110
-136
-183
172
515
560
424
406
503
1018
1329
1145
891
837
1013
1551
1718
1505
1408
1387
1611
1907
1804
1632
1761
1869
1904
1700
1562
1661
1994
1962
1615
1230
1234
1467
1503
1199
835
621
558
560
399
150
-59
-100
-236
-524
-654
-619
-672
-710
-874
-1170
-1195
-1069
-1030
-959
-994
-1265
-1277
-1014
-1107
-1107
-962
-1114
-1128
-920
-1015
-1053
-689
-687
-959
-872
-668
-787
-724
-693
-604
-494
-661
-661
-629
-667
-636
-658
-687
-678
-688
-772
-931
-822
-659
-813
-1014
-838
-794
-691
-814
-883
-810
-712
-639
-530
-495
-459
-145
-154
-213
22
173
185
369
417
592
765
741
722
1126
1307
1169
1137
1090
1405
1792
1706
1444
1564
1948
2085
1950
1815
1966
2154
2074
1873
1706
1876
1928
1823
1424
1255
1304
1254
1025
811
767
581
379
218
168
100
-163
-323
-451
-535
-542
-682
-838
-880
-845
-1024
-1070
-1285
-1225
-935
-1056
-1318
-1263
-1219
-1085
-904
-1199
-1272
-1000
-907
-1054
-1105
-1111
-879
-677
-767
-1084
-879
-750
-848
-644
-630
-891
-769
-602
-802
-787
-623
-643
-746
-825
-925
-815
-729
-762
-850
-900
-730
-683
-882
-813
-669
-481
-396
-637
-591
-50
111
4
6
72
295
510
543
514
700
859
914
848
880
1094
1324
1317
1360
1456
1532
1611
1733
1866
1808
1794
1780
1837
1912
1932
1813
1658
1589
1608
1495
1267
1168
1163
1035
886
696
536
550
476
257
49
-63
-228
-218
-308
-425
-470
-597
-657
-720
-757
-795
-739
-693
-837
-895
-866
-879
-803
-808
-955
-794
-799
-904
-852
-810
-812
-766
-831
-984
-846
-754
-757
-666
-721
-879
-854
-758
-641
-764
-801
-707
-736
-958
-825
-709
-778
-649
-780
-1128
-907
-617
-793
-860
-936
-857
-614
-673
-873
-690
-450
-348
-409
-432
-345
-45
124
41
52
164
336
487
633
742
726
726
936
1007
1051
1153
1206
1340
1516
1452
1386
1449
1636
1801
1751
1604
1583
1729
1814
1734
1622
1554
1481
1351
1226
1153
1103
1049
948
801
654
611
487
406
365
270
72
-93
-131
-109
-175
-360
-527
-502
-541
-710
-737
-834
-865
-871
-984
-1135
-1017
-822
-914
-1074
-1180
-1200
-987
-935
-1172
-1055
-959
-1079
-997
-989
-1111
-965
-904
-967
-982
-890
-863
-847
-804
-611
-616
-852
-747
-590
-606
-572
-508
-522
-555
-619
-601
-469
-298
-412
-555
-448
-296
-360
-293
-312
-320
-120
-95
-167
-41
229
316
311
368
441
521
559
659
878
920
895
897
1063
1271
1282
1207
1297
1366
1450
1470
1301
1363
1580
1570
1387
1261
1328
1431
1369
1240
1182
1085
1000
1093
1014
804
739
694
621
583
503
401
306
277
231
58
-78
-107
-79
-163
-362
-443
-540
-672
-613
-631
-902
-901
-835
-941
-973
-949
-1181
-1190
-1014
-1189
-1179
-949
-1147
-1295
-1020
-1012
-1278
-1188
-944
-1010
-917
-867
-907
-1078
-854
-691
-810
-838
-689
-797
-682
-569
-620
-630
-643
-528
-336
-396
-629
-505
-339
-207
-341
-325
-393
-337
-30
9
-237
-181
64
196
171
255
315
316
474
620
542
520
751
810
788
818
884
949
1032
1119
1075
993
1023
1109
1207
1131
1105
1134
1145
1189
1195
1142
1067
1123
1195
1096
967
938
959
952
885
768
743
717
698
723
617
487
487
549
447
337
185
135
123
-5
-196
-350
-307
-296
-416
-591
-711
-725
-604
-677
-1184
-1168
-725
-882
-1220
-1116
-1122
-1242
-1000
-1074
-1289
-1124
-943
-1151
-1165
-906
-1066
-1185
-906
-879
-1117
-921
-902
-962
-723
-737
-1021
-862
-505
-558
-677
-761
-592
-365
-385
-471
-422
-357
-228
-146
-246
-143
59
139
100
107
157
319
377
345
406
425
426
441
523
711
652
598
660
689
744
762
715
781
792
766
899
762
713
922
867
733
827
838
822
939
905
894
992
955
994
1095
1016
998
1127
1035
907
985
924
829
785
727
643
557
531
423
244
295
298
77
-7
-85
-282
-280
-271
-437
-535
-607
-686
-728
-715
-746
-946
-1107
-908
-866
-1160
-1105
-944
-1181
-1160
-969
-1182
-1283
-926
-990
-1348
-1062
-930
-1179
-1098
-824
-1018
-1001
-785
-873
-938
-638
-571
-562
-527
-638
-478
-171
-170
-204
-183
-137
-64
73
222
17
59
302
342
293
438
374
357
413
593
462
310
551
714
456
472
510
412
645
713
449
284
439
466
506
412
298
322
462
368
260
271
327
496
417
311
452
462
449
551
545
420
487
623
640
658
651
656
591
591
670
677
573
625
665
557
500
582
519
435
531
529
267
233
375
282
209
222
86
-116
-3
-53
-314
-266
-300
-512
-485
-431
-670
-772
-710
-798
-844
-790
-1009
-1094
-925
-966
-1051
-1050
-1136
-1083
-1017
-1002
-1025
-1099
-922
-847
-922
-800
-762
-790
-723
-692
-584
-499
-524
-515
-405
-255
-196
-239
-188
-78
-10
134
65
14
201
405
270
101
268
391
386
428
335
259
386
479
385
407
432
420
473
401
313
383
494
484
436
402
444
427
469
544
491
392
449
458
471
577
559
392
406
464
443
511
548
422
361
489
489
430
389
261
382
566
378
215
218
154
377
463
121
98
198
130
243
356
-6
-108
228
133
-37
136
4
-183
88
75
-277
-135
-55
-285
-284
-198
-347
-382
-194
-391
-500
-301
-555
-669
-404
-530
-628
-520
-705
-819
-505
-523
-761
-604
-552
-835
-637
-431
-707
-683
-626
-727
-636
-438
-504
-502
-524
-475
-297
-417
-504
-424
-366
-171
-38
-339
-425
-199
-63
64
-122
-340
-216
-301
-204
235
300
231
342
187
343
558
444
414
487
615
803
721
661
748
857
748
603
666
847
999
944
856
620
598
828
658
482
543
455
266
395
446
212
137
140
91
86
111
-120
-123
168
119
-43
-49
-44
-134
-26
53
-128
-60
77
-21
-69
78
14
18
87
-51
-112
-65
-40
-9
12
-63
-157
-147
-113
-175
-215
-270
-256
-381
-370
-285
-352
-413
-245
-380
-462
-274
-429
-524
-234
-307
-576
-453
-435
-552
-432
-368
-553
-463
-333
-411
-327
-209
-421
-380
-149
-173
-277
-233
-160
-176
-149
-36
-146
-188
-25
69
-26
-93
79
116
125
258
124
-33
215
382
280
283
234
274
423
368
260
361
363
194
373
519
286
261
413
422
422
317
251
287
314
431
403
125
186
383
248
138
233
128
57
162
96
-29
78
207
61
-92
16
45
-132
-60
54
-95
-129
-48
-151
-91
49
-107
-237
-66
-79
-144
-47
-42
-81
-50
-126
-155
-41
-15
-74
-101
-66
0
-40
14
51
-28
-34
-100
-142
-9
-55
-189
-171
-175
-84
-84
-205
-252
-169
-116
-156
-256
-289
-190
-166
-223
-230
-229
-188
-233
-188
-68
-161
-189
-71
-67
39
89
-113
-60
156
114
41
-8
-117
-4
163
1
-169
0
95
22
36
25
-39
-18
63
69
-12
-101
0
48
68
145
-41
-145
54
192
188
145
98
156
251
178
155
186
124
138
276
188
86
194
171
179
240
214
154
267
312
180
201
265
188
219
286
172
156
294
235
141
197
157
95
116
143
92
112
98
22
-20
40
43
-100
-147
-95
-96
-114
-158
-225
-204
-145
-168
-278
-278
-261
-255
-255
-301
-316
-280
-241
-258
-302
-357
-336
-304
-299
-285
-262
-266
-248
-300
-225
-129
-179
-194
-255
-244
-142
-105
-188
-187
-137
-166
-151
-101
-157
-237
-193
-153
-165
-160
-224
-154
12
-22
-156
-83
-37
1
91
92
3
70
223
183
181
195
191
273
320
252
262
291
350
396
360
315
386
374
364
461
470
433
500
435
419
540
476
366
408
465
397
348
340
276
309
327
225
178
185
184
147
85
11
50
28
-12
-23
-68
-113
-194
-169
-164
-178
-248
-313
-313
-277
-276
-307
-269
-281
-319
-335
-329
-248
-218
-308
-331
-266
-218
-229
-209
-251
-230
-191
-206
-225
-213
-299
-276
-265
-262
-232
-240
-263
-249
-282
-279
-223
-310
-291
-193
-282
-283
-198
-239
-226
-199
-210
-197
-118
-106
-76
-85
-153
-95
-49
-44
-2
12
33
102
159
175
201
204
209
296
329
291
313
398
434
456
461
414
431
468
440
386
436
473
474
476
422
408
411
434
422
396
338
269
334
369
357
295
227
212
263
210
103
138
134
64
5
-39
-58
-33
-40
-83
-154
-223
-197
-253
-270
-203
-306
-377
-328
-283
-285
-290
-363
-375
-312
-367
-383
-369
-411
-343
-301
-418
-430
-349
-314
-309
-300
-308
-356
-392
-288
-291
-348
-284
-278
-279
-208
-165
-189
-183
-139
-107
-110
-125
-156
-37
-22
0
-37
-36
25
44
92
139
97
59
113
111
109
158
165
142
115
134
231
266
266
301
303
269
277
325
318
384
371
287
324
366
395
394
367
363
367
368
394
371
374
381
290
272
374
293
254
268
193
189
202
115
128
161
94
63
34
8
-8
-32
-71
-66
-89
-131
-116
-155
-168
-191
-237
-235
-227
-220
-222
-253
-295
-313
-288
-319
-317
-292
-341
-362
-339
-354
-375
-358
-377
-354
-407
-399
-339
-372
-331
-299
-281
-337
-286
-245
-310
-252
-273
-307
-260
-257
-248
-236
-193
-175
-207
-257
-149
-132
-160
-126
-62
-24
-4
62
32
51
111
116
156
209
225
254
297
332
313
331
348
384
403
399
395
448
466
457
515
531
512
537
544
537
519
498
527
553
537
520
443
389
436
415
358
344
298
241
260
221
126
50
15
1
-44
-77
-102
-128
-139
-134
-191
-263
-277
-285
-298
-296
-333
-383
-377
-379
-374
-353
-439
-465
-457
-459
-452
-441
-463
-448
-434
-455
-400
-394
-366
-388
-325
-287
-270
-259
-273
-263
-194
-161
-234
-233
-198
-171
-179
-133
-142
-126
-95
-79
-75
-63
-38
-63
-15
50
55
45
52
90
98
142
175
184
211
241
237
202
309
329
325
333
309
344
303
294
330
361
373
353
329
352
409
448
415
387
359
400
407
356
329
361
357
313
330
292
253
223
190
125
131
139
142
112
81
49
16
8
-10
-27
-63
-126
-201
-228
-205
-242
-268
-292
-339
-364
-379
-439
-479
-450
-471
-508
-515
-563
-562
-508
-497
-488
-529
-520
-485
-484
-443
-448
-433
-374
-350
-331
-282
-311
-250
-231
-226
-142
-126
-141
-108
-57
-32
17
24
12
77
119
156
166
161
149
219
255
231
243
294
340
340
340
330
347
399
388
334
326
323
371
400
380
389
385
396
450
449
414
431
446
446
445
459
430
428
417
385
367
359
342
326
337
300
274
275
255
195
190
153
90
101
53
12
-15
-68
-135
-167
-169
-188
-229
-270
-317
-307
-346
-377
-420
-419
-431
-460
-436
-453
-496
-508
-489
-510
-535
-543
-591
-589
-552
-542
-567
-579
-582
-567
-509
-522
-526
-513
-508
-471
-509
-488
-436
-403
-362
-345
-294
-236
-209
-165
-160
-128
-39
-25
6
2
15
55
111
121
168
241
274
316
337
355
402
449
391
414
550
545
539
586
607
625
697
713
619
608
621
636
655
656
625
601
590
580
586
545
477
490
496
474
455
393
353
377
382
297
290
242
248
272
188
131
147
90
58
16
-37
-98
-152
-172
-233
-250
-230
-266
-289
-323
-339
-352
-422
-425
-441
-488
-554
-569
-611
-560
-577
-640
-684
-693
-655
-661
-702
-695
-680
-710
-671
-630
-663
-633
-573
-648
-591
-511
-522
-466
-403
-371
-339
-310
-282
-267
-180
-113
-83
-88
-44
-6
45
65
52
84
131
161
189
231
284
324
335
358
374
434
468
455
443
407
437
461
470
513
533
473
495
535
530
570
569
565
548
536
546
531
524
499
509
479
495
484
436
421
385
362
359
329
291
297
288
289
256
185
135
105
110
93
4
-59
-42
-36
-34
-117
-163
-184
-240
-224
-304
-353
-317
-357
-424
-453
-495
-513
-465
-528
-569
-506
-570
-595
-566
-571
-543
-549
-595
-583
-512
-520
-488
-483
-452
-438
-410
-422
-387
-379
-411
-332
-332
-323
-307
-291
-258
-198
-189
-151
-110
-75
-75
-38
-38
-1
54
53
98
131
141
183
197
209
250
279
293
311
340
371
359
364
394
403
432
474
414
426
471
473
480
477
476
500
506
503
483
470
498
477
448
412
407
385
365
361
340
347
285
266
284
272
278
184
129
142
159
142
78
97
72
22
-27
-86
-85
-117
-143
-179
-232
-313
-292
-292
-362
-357
-352
-375
-420
-409
-415
-454
-467
-467
-495
-511
-481
-475
-453
-398
-432
-451
-442
-452
-447
-429
-409
-401
-437
-419
-369
-388
-351
-355
-331
-303
-276
-275
-278
-233
-192
-132
-115
-130
-89
-40
-19
32
25
19
40
64
134
175
191
242
260
279
345
331
355
438
435
422
414
410
430
461
469
458
500
490
487
488
465
462
461
481
440
444
414
382
406
402
349
320
295
282
263
283
258
228
168
147
180
166
115
78
80
40
9
-12
-37
-60
-30
-77
-152
-135
-152
-167
-230
-264
-246
-289
-313
-327
-351
-332
-355
-373
-381
-389
-414
-439
-464
-480
-449
-442
-430
-420
-406
-460
-442
-443
-454
-443
-388
-390
-400
-345
-336
-344
-332
-294
-309
-280
-250
-242
-231
-177
-140
-130
-109
-89
-59
-48
4
35
28
29
94
124
137
154
169
197
231
260
271
280
312
342
337
332
340
400
403
367
419
462
413
408
457
442
413
430
400
393
409
400
356
389
390
380
395
382
374
338
353
316
325
292
269
207
198
207
156
121
98
94
81
91
67
47
37
-1
-35
-81
-109
-116
-122
-180
-232
-285
-278
-320
-351
-331
-353
-384
-432
-480
-498
-500
-501
-492
-491
-497
-518
-529
-487
-510
-520
-500
-465
-399
-368
-384
-367
-327
-296
-270
-255
-238
-227
-226
-242
-216
-140
-82
-66
-42
-22
2
34
47
1
22
64
40
84
116
133
185
250
252
231
263
293
294
302
327
337
338
368
362
339
358
380
354
319
315
319
316
302
277
253
242
226
245
259
248
248
276
240
197
199
193
196
212
199
174
155
145
173
155
149
162
147
143
99
83
59
34
13
32
11
-71
-58
-101
-154
-141
-149
-194
-193
-177
-224
-241
-219
-243
-256
-233
-249
-267
-305
-313
-280
-291
-333
-340
-360
-372
-348
-368
-385
-360
-336
-345
-370
-322
-285
-312
-304
-287
-282
-272
-240
-213
-214
-165
-152
-164
-142
-99
-109
-92
-19
-10
-29
17
15
-17
44
64
85
127
108
151
186
150
214
253
243
224
241
255
259
306
339
328
308
324
335
327
313
365
340
343
350
291
311
362
323
297
299
285
292
290
270
267
242
194
210
190
160
127
117
102
108
110
63
76
21
-9
-54
-61
-68
-59
-77
-93
-107
-178
-169
-186
-190
-193
-175
-206
-234
-267
-256
-247
-230
-220
-227
-210
-232
-206
-179
-160
-189
-200
-190
-211
-198
-207
-222
-210
-160
-192
-199
-188
-203
-215
-192
-193
-166
-152
-197
-160
