1
11
11
-3
-15
-15
-10
3
6
-8
-19
-6
-11
2
-7
-7
4
-8
-4
-2
-10
-16
-14
-11
-10
-3
2
20
15
15
0
1
2
-4
-2
-12
2
-12
-10
-14
-28
-29
-26
-8
-9
-11
-8
-12
-11
-15
-17
-12
-19
-12
-8
-9
-2
-1
-7
15
15
13
12
-7
-3
-8
-3
0
1
16
-9
9
19
10
16
10
15
12
11
-6
-10
-11
1
11
13
22
23
22
14
10
6
2
14
15
10
1
16
12
0
8
-1
-10
-13
0
-5
-6
-15
-25
-9
-1
13
-7
-2
-4
-15
-4
-14
-7
-8
-5
2
1
0
11
17
17
11
12
15
3
13
-13
-22
3
-4
2
1
5
-2
-4
2
2
-5
-1
5
10
10
8
16
21
9
13
22
8
13
19
4
15
21
27
19
8
14
2
-8
-29
-13
-19
-17
-12
-14
-7
-6
-3
-18
-11
-10
-7
-17
-21
-20
-9
-3
6
2
-11
-7
-15
-2
-11
-21
-14
-7
-11
-8
-15
-18
4
-3
19
5
-1
-11
-4
-5
-10
4
-4
3
-15
2
2
6
17
6
14
6
6
10
14
6
-3
-6
1
7
-3
-6
2
1
-15
-9
0
-13
-7
-2
-2
-3
7
12
14
4
-6
-6
-2
-9
-20
-9
-1
-26
-94
-140
-116
-138
-166
-158
-180
-167
-130
-130
-133
-105
-71
-37
-17
13
100
212
280
310
331
398
480
506
501
522
526
545
543
472
457
445
400
321
251
214
195
130
30
-55
-119
-188
-264
-383
-481
-547
-617
-696
-787
-831
-852
-831
-851
-872
-863
-819
-836
-830
-768
-765
-715
-655
-607
-510
-403
-305
-188
-73
54
213
351
468
593
716
826
909
956
1012
1055
1002
977
1008
962
914
853
750
685
651
583
479
410
337
257
179
83
-2
-106
-180
-265
-372
-410
-445
-478
-455
-448
-379
-270
-183
-101
-6
143
293
398
491
585
678
711
735
730
693
672
605
511
444
388
312
216
111
9
-84
-214
-347
-492
-672
-845
-1048
-1313
-1576
-1819
-2068
-2282
-2455
-2589
-2653
-2672
-2640
-2562
-2454
-2238
-2010
-1757
-1468
-1142
-787
-445
-143
135
450
731
1011
1296
1553
1839
2130
2392
2621
2870
3107
3258
3334
3288
3226
3182
2946
2663
2405
2035
1719
1413
992
566
219
-92
-376
-654
-880
-1074
-1240
-1351
-1520
-1642
-1665
-1666
-1723
-1753
-1643
-1551
-1432
-1278
-1155
-914
-634
-335
-78
161
548
839
1085
1305
1479
1628
1712
1741
1657
1658
1520
1293
1082
803
611
367
114
-171
-484
-680
-878
-1163
-1431
-1708
-2008
-2302
-2615
-2936
-3193
-3421
-3655
-3819
-3862
-3811
-3712
-3565
-3325
-2976
-2562
-2127
-1658
-1173
-630
-81
390
881
1416
1867
2261
2663
2989
3329
3650
3911
4103
4231
4403
4429
4250
4079
3912
3608
3289
2956
2528
2208
1918
1529
1062
697
398
23
-417
-758
-1025
-1307
-1611
-1899
-2132
-2190
-2222
-2326
-2313
-2186
-1943
-1705
-1504
-1246
-957
-633
-373
-154
100
389
619
689
748
855
923
954
849
728
659
556
424
300
147
18
-120
-385
-582
-811
-1055
-1334
-1795
-2218
-2509
-2842
-3193
-3512
-3777
-3924
-3950
-3915
-3805
-3591
-3284
-2894
-2520
-2090
-1559
-1047
-611
-163
265
718
1247
1622
2005
2400
2767
3140
3466
3789
4082
4324
4516
4697
4757
4744
4668
4461
4228
3954
3595
3198
2698
2204
1775
1252
722
221
-282
-721
-1120
-1477
-1790
-2048
-2255
-2404
-2487
-2568
-2530
-2502
-2475
-2398
-2318
-2121
-1940
-1824
-1590
-1294
-998
-658
-347
-92
179
405
602
809
899
973
994
908
849
782
650
456
236
36
-131
-337
-552
-815
-1034
-1207
-1447
-1722
-2003
-2243
-2495
-2766
-2945
-3175
-3302
-3353
-3392
-3352
-3244
-3000
-2734
-2424
-1992
-1582
-1125
-623
-209
252
702
1222
1658
2018
2442
2799
3144
3472
3757
4026
4224
4434
4557
4589
4699
4673
4558
4383
4100
3789
3372
2963
2530
2053
1601
1112
646
152
-307
-716
-1134
-1445
-1736
-1985
-2135
-2307
-2402
-2456
-2481
-2462
-2416
-2297
-2170
-2022
-1859
-1721
-1540
-1338
-1133
-966
-793
-597
-473
-284
-191
-198
-59
-13
-45
17
-7
-105
-157
-228
-342
-516
-650
-783
-1016
-1195
-1382
-1611
-1833
-2046
-2231
-2425
-2535
-2673
-2859
-2932
-2891
-2849
-2742
-2584
-2391
-2051
-1659
-1255
-878
-480
-39
393
795
1191
1614
1997
2356
2717
3049
3458
3828
4095
4337
4562
4793
4920
4926
4851
4721
4519
4273
3947
3546
3158
2688
2186
1725
1236
745
249
-249
-675
-1023
-1333
-1625
-1903
-2154
-2339
-2464
-2563
-2632
-2660
-2603
-2555
-2513
-2390
-2290
-2217
-2111
-2003
-1878
-1676
-1507
-1393
-1208
-992
-788
-591
-460
-304
-159
-136
-121
-150
-196
-276
-391
-505
-697
-815
-933
-1116
-1251
-1377
-1531
-1672
-1772
-1910
-2096
-2223
-2336
-2430
-2439
-2351
-2238
-2176
-1944
-1625
-1337
-1005
-659
-306
143
558
918
1299
1682
2083
2419
2758
3133
3456
3761
4054
4295
4460
4654
4746
4715
4657
4517
4354
4097
3739
3382
2967
2541
2125
1679
1224
800
349
-101
-479
-813
-1133
-1448
-1699
-1943
-2097
-2225
-2323
-2425
-2474
-2461
-2472
-2443
-2349
-2325
-2300
-2199
-2129
-2022
-1890
-1669
-1578
-1522
-1342
-1196
-1055
-942
-847
-780
-732
-657
-676
-822
-852
-946
-1116
-1155
-1315
-1439
-1514
-1631
-1628
-1686
-1754
-1743
-1793
-1899
-1977
-2113
-2069
-1754
-1774
-1688
-1274
-1051
-608
-152
53
425
806
1215
1639
1869
2210
2528
2739
3051
3253
3364
3709
3999
4057
4113
4287
4386
4384
4173
3931
3818
3499
3161
2727
2213
1952
1530
985
581
203
-130
-476
-883
-1146
-1324
-1555
-1741
-1925
-2023
-1999
-2016
-2132
-2147
-2138
-2099
-2037
-2144
-2159
-2036
-1977
-1880
-1783
-1640
-1445
-1251
-1094
-873
-675
-552
-449
-467
-462
-367
-428
-546
-613
-722
-742
-848
-1053
-1070
-1191
-1327
-1314
-1510
-1626
-1672
-1913
-2046
-2168
-2345
-2341
-2376
-2426
-2222
-1976
-1788
-1520
-1256
-890
-429
-64
308
708
1116
1518
1816
2114
2510
2884
3133
3372
3663
3904
4199
4276
4349
4448
4457
4435
4240
3993
3809
3522
3132
2730
2296
1909
1533
994
522
201
-192
-471
-819
-1155
-1295
-1476
-1674
-1802
-1924
-1968
-1962
-2084
-2095
-2073
-2047
-2013
-2048
-2042
-1926
-1817
-1782
-1622
-1511
-1306
-1053
-933
-779
-554
-424
-357
-310
-353
-375
-389
-485
-666
-751
-762
-823
-1000
-1152
-1216
-1316
-1381
-1559
-1794
-1901
-2058
-2315
-2611
-2899
-2958
-2989
-3025
-2940
-2887
-2606
-2286
-2009
-1662
-1276
-757
-296
136
557
1025
1568
2021
2407
2776
3237
3675
4037
4287
4553
4855
5057
5171
5197
5233
5144
4987
4748
4415
4106
3682
3227
2740
2228
1790
1309
812
324
-157
-537
-939
-1357
-1715
-1995
-2223
-2456
-2657
-2754
-2819
-2893
-2962
-3027
-2986
-2873
-2775
-2662
-2477
-2210
-1969
-1790
-1557
-1296
-1070
-826
-621
-504
-310
-113
-36
-86
-44
-21
-78
-131
-309
-395
-451
-522
-612
-858
-1047
-1209
-1444
-1773
-2143
-2383
-2633
-2970
-3144
-3289
-3319
-3260
-3222
-3043
-2786
-2418
-1940
-1575
-1132
-580
-54
400
821
1340
1792
2250
2722
3119
3575
4023
4428
4722
4934
5208
5415
5456
5504
5446
5312
5166
4883
4581
4174
3748
3293
2679
2072
1524
977
418
-129
-623
-1064
-1456
-1810
-2157
-2406
-2624
-2792
-2938
-3085
-3177
-3284
-3322
-3314
-3270
-3199
-3008
-2833
-2655
-2418
-2126
-1811
-1590
-1258
-955
-644
-390
-319
-289
-140
22
40
2
-147
-218
-177
-262
-341
-451
-638
-723
-847
-1162
-1347
-1545
-1944
-2454
-2820
-2886
-3035
-3135
-3191
-3285
-2997
-2531
-2255
-2042
-1648
-1104
-563
-215
190
689
1136
1602
1841
2124
2630
3135
3512
3640
4048
4538
4829
4987
4958
5120
5282
5319
5111
4768
4628
4394
3913
3382
2918
2503
2008
1365
827
362
-52
-466
-1052
-1417
-1591
-1777
-2054
-2388
-2539
-2576
-2635
-2764
-2996
-3086
-3019
-3055
-3086
-3004
-2774
-2579
-2494
-2274
-1975
-1625
-1237
-1075
-912
-579
-345
-172
-218
-235
-81
-113
-214
-333
-504
-539
-605
-822
-970
-993
-955
-1102
-1473
-1586
-1653
-1845
-2037
-2361
-2610
-2611
-2596
-2721
-2807
-2630
-2332
-2159
-1930
-1554
-1117
-658
-215
207
653
1220
1797
2110
2459
2953
3401
3762
3988
4269
4527
4711
4885
4888
4885
4906
4800
4599
4410
4239
4034
3653
3245
2901
2504
2147
1722
1120
635
278
-187
-693
-1137
-1463
-1760
-2051
-2331
-2522
-2654
-2727
-2814
-2928
-2900
-2779
-2743
-2700
-2589
-2406
-2204
-2085
-1954
-1808
-1664
-1422
-1297
-1199
-1005
-901
-790
-682
-672
-596
-520
-500
-581
-629
-598
-633
-742
-853
-957
-1012
-1189
-1472
-1674
-1910
-2154
-2367
-2706
-2926
-2968
-3001
-2975
-2959
-2818
-2498
-2173
-1829
-1399
-982
-477
20
430
833
1272
1768
2127
2449
2808
3185
3613
3868
4111
4397
4648
4846
4933
5000
5056
5025
4939
4734
4481
4274
3981
3604
3198
2800
2353
1846
1288
804
383
-44
-519
-922
-1274
-1561
-1794
-2071
-2257
-2390
-2494
-2496
-2548
-2594
-2549
-2573
-2586
-2547
-2513
-2433
-2308
-2232
-2174
-2034
-1804
-1619
-1532
-1350
-1138
-1048
-921
-789
-772
-823
-738
-729
-879
-965
-966
-1071
-1234
-1277
-1283
-1372
-1513
-1701
-1845
-1915
-2019
-2214
-2459
-2566
-2547
-2481
-2406
-2302
-2144
-1870
-1584
-1290
-934
-499
-101
272
652
1091
1538
1950
2326
2618
2969
3327
3678
3941
4126
4376
4578
4706
4754
4764
4751
4652
4461
4224
4003
3780
3486
3118
2730
2411
2034
1614
1210
760
395
-28
-445
-809
-1163
-1419
-1650
-1889
-2092
-2229
-2347
-2455
-2552
-2580
-2535
-2533
-2598
-2590
-2511
-2412
-2262
-2151
-2083
-1974
-1840
-1682
-1579
-1528
-1346
-1215
-1216
-1118
-988
-1062
-1036
-916
-964
-1059
-1047
-1109
-1319
-1318
-1276
-1387
-1508
-1648
-1726
-1813
-1991
-2038
-2198
-2320
-2149
-2103
-2045
-1818
-1591
-1289
-1059
-750
-310
20
413
816
1087
1454
1873
2193
2409
2695
3027
3272
3537
3784
3923
4079
4217
4329
4360
4382
4472
4359
4176
4077
3890
3683
3413
3058
2715
2336
1940
1512
1008
597
226
-231
-597
-914
-1215
-1444
-1596
-1812
-1990
-2063
-2121
-2226
-2338
-2361
-2385
-2468
-2561
-2559
-2591
-2590
-2558
-2573
-2536
-2402
-2253
-2123
-2011
-1819
-1663
-1591
-1443
-1355
-1316
-1254
-1251
-1269
-1332
-1321
-1312
-1455
-1419
-1376
-1486
-1523
-1596
-1618
-1660
-1745
-1752
-1773
-1710
-1475
-1338
-1217
-993
-692
-388
-110
190
488
772
1151
1437
1662
1948
2273
2547
2683
2897
3177
3372
3541
3702
3830
3990
4089
4147
4117
4056
4066
3912
3683
3497
3238
2978
2638
2276
1920
1570
1227
810
402
34
-269
-658
-1007
-1205
-1352
-1562
-1740
-1850
-1988
-2047
-2091
-2171
-2279
-2327
-2375
-2457
-2533
-2516
-2486
-2501
-2506
-2504
-2394
-2211
-2056
-1906
-1789
-1660
-1445
-1433
-1397
-1271
-1320
-1279
-1249
-1359
-1323
-1399
-1496
-1509
-1580
-1566
-1515
-1575
-1514
-1484
-1542
-1450
-1451
-1422
-1254
-1056
-850
-708
-455
-160
90
433
692
979
1294
1552
1846
1992
2244
2573
2697
2910
3138
3328
3598
3759
3826
3968
4009
4051
4002
3835
3818
3727
3439
3251
3038
2773
2502
2182
1861
1466
1092
705
362
-9
-334
-615
-972
-1235
-1429
-1599
-1693
-1818
-1962
-2000
-2019
-2068
-2086
-2172
-2223
-2227
-2267
-2298
-2327
-2377
-2332
-2329
-2313
-2147
-1977
-1884
-1773
-1570
-1511
-1428
-1289
-1286
-1317
-1317
-1334
-1406
-1523
-1588
-1619
-1752
-1704
-1682
-1840
-1861
-1810
-1835
-1907
-1889
-1813
-1797
-1637
-1328
-1175
-1036
-723
-365
-59
235
577
869
1132
1508
1730
1931
2257
2580
2820
2991
3312
3589
3731
3887
4040
4105
4199
4300
4305
4219
4125
4068
3834
3622
3428
3137
2771
2495
2182
1785
1419
1077
679
235
-57
-360
-764
-1075
-1291
-1528
-1698
-1857
-2002
-2150
-2205
-2217
-2340
-2408
-2423
-2481
-2527
-2605
-2601
-2622
-2625
-2539
-2518
-2424
-2273
-2126
-1968
-1869
-1740
-1542
-1541
-1420
-1334
-1433
-1321
-1313
-1471
-1460
-1510
-1598
-1563
-1642
-1709
-1778
-1804
-1707
-1731
-1771
-1687
-1665
-1575
-1366
-1175
-992
-785
-445
-169
81
425
730
1035
1330
1619
1930
2198
2542
2853
2972
3193
3508
3702
3885
4030
4158
4225
4294
4364
4269
4155
4115
3941
3640
3444
3209
2922
2579
2257
1921
1475
1122
744
283
-89
-412
-758
-1156
-1418
-1631
-1875
-2012
-2088
-2227
-2357
-2394
-2464
-2553
-2557
-2543
-2628
-2694
-2704
-2642
-2630
-2577
-2467
-2387
-2233
-1932
-1722
-1659
-1462
-1305
-1236
-1154
-1095
-1090
-1140
-1195
-1188
-1301
-1411
-1363
-1427
-1513
-1457
-1524
-1661
-1565
-1524
-1601
-1598
-1510
-1417
-1362
-1226
-1048
-888
-684
-390
-82
111
409
732
940
1207
1546
1780
2028
2356
2624
2815
3033
3349
3576
3713
3933
4070
4073
4140
4186
4068
3967
3883
3691
3436
3224
3050
2743
2415
2124
1790
1379
1010
694
275
-120
-407
-746
-1051
-1265
-1465
-1632
-1775
-1875
-1999
-2129
-2170
-2224
-2383
-2459
-2471
-2559
-2593
-2561
-2539
-2559
-2437
-2273
-2165
-2084
-1898
-1694
-1630
-1489
-1250
-1221
-1289
-1154
-1155
-1264
-1227
-1228
-1392
-1449
-1417
-1407
-1465
-1490
-1371
-1421
-1454
-1377
-1457
-1529
-1510
-1444
-1393
-1304
-1145
-986
-841
-596
-295
-13
316
636
925
1222
1538
1903
2184
2453
2753
2986
3242
3521
3729
3878
4027
4133
4155
4147
4161
4084
3964
3829
3633
3424
3224
3022
2735
2393
2098
1781
1385
1026
648
239
-123
-483
-825
-1167
-1424
-1625
-1882
-2083
-2182
-2294
-2419
-2507
-2523
-2608
-2660
-2677
-2745
-2784
-2763
-2754
-2757
-2705
-2591
-2469
-2334
-2164
-2019
-1872
-1693
-1475
-1288
-1256
-1179
-1016
-1006
-1029
-879
-899
-932
-809
-792
-777
-756
-805
-812
-840
-831
-836
-899
-935
-935
-861
-866
-763
-589
-528
-374
-108
56
314
568
748
1080
1302
1511
1764
1987
2234
2458
2636
2860
3108
3267
3397
3491
3602
3653
3705
3744
3684
3657
3590
3463
3312
3131
2935
2673
2372
2070
1768
1455
1128
762
403
58
-287
-626
-989
-1274
-1510
-1739
-1898
-2079
-2252
-2359
-2510
-2698
-2841
-2908
-2948
-3012
-3028
-3031
-3045
-2967
-2907
-2840
-2669
-2412
-2231
-2133
-1954
-1763
-1610
-1490
-1379
-1236
-1188
-1058
-851
-894
-853
-639
-634
-591
-455
-429
-479
-457
-377
-491
-661
-639
-649
-738
-698
-578
-523
-488
-310
-103
6
236
539
645
883
1170
1331
1540
1750
1983
2102
2211
2475
2706
2816
2977
3187
3272
3349
3484
3491
3459
3508
3516
3379
3248
3199
3068
2788
2567
2368
2061
1756
1476
1080
629
312
29
-364
-693
-906
-1153
-1410
-1575
-1727
-1915
-2062
-2181
-2383
-2555
-2663
-2809
-3038
-3114
-3132
-3179
-3166
-3091
-3038
-2931
-2700
-2513
-2414
-2227
-1913
-1844
-1720
-1385
-1281
-1221
-997
-894
-870
-759
-596
-497
-517
-429
-238
-221
-225
-136
-131
-187
-178
-143
-301
-316
-155
-136
-167
-113
13
104
184
335
479
588
817
1011
1079
1230
1539
1720
1785
1975
2143
2285
2467
2626
2669
2703
2846
2993
2955
2953
3128
3132
3015
3031
3011
2872
2753
2610
2355
2050
1872
1615
1209
864
591
214
-173
-439
-702
-1002
-1202
-1350
-1613
-1792
-1861
-2018
-2207
-2335
-2417
-2530
-2667
-2785
-2918
-3014
-3018
-3031
-3066
-2964
-2822
-2644
-2493
-2345
-2132
-1904
-1713
-1543
-1342
-1189
-1067
-966
-858
-776
-659
-547
-526
-414
-280
-174
-54
-81
-78
-5
20
15
-19
-96
-76
46
89
96
120
207
320
370
415
504
655
774
882
1002
1099
1275
1462
1527
1651
1854
2037
2206
2292
2391
2492
2542
2622
2674
2671
2704
2778
2746
2665
2672
2650
2523
2388
2226
2028
1848
1577
1285
991
717
482
197
-146
-397
-577
-843
-1092
-1290
-1503
-1653
-1813
-2014
-2212
-2355
-2481
-2662
-2824
-2943
-2968
-2982
-3040
-2982
-2890
-2793
-2611
-2432
-2300
-2135
-1878
-1679
-1566
-1384
-1178
-1016
-877
-733
-649
-537
-382
-276
-216
-86
50
148
118
113
251
269
194
157
73
34
154
158
49
39
114
204
203
231
267
381
513
571
712
817
988
1204
1245
1361
1613
1808
1925
2044
2131
2295
2488
2543
2548
2538
2632
2717
2666
2612
2614
2590
2485
2335
2157
2011
1874
1661
1363
1060
823
553
221
-90
-338
-600
-847
-1026
-1276
-1486
-1640
-1806
-1994
-2207
-2371
-2529
-2698
-2864
-2980
-3061
-3117
-3104
-3067
-3004
-2859
-2689
-2503
-2282
-2055
-1783
-1574
-1422
-1210
-995
-767
-666
-541
-398
-284
-171
11
51
109
341
453
492
485
600
675
582
486
396
299
303
322
146
25
35
39
-36
-71
-8
27
93
206
306
391
602
844
918
943
1164
1447
1618
1716
1830
1932
2059
2217
2256
2260
2358
2505
2523
2496
2596
2630
2580
2524
2466
2297
2173
2087
1778
1427
1202
903
522
145
-158
-468
-782
-1056
-1315
-1545
-1736
-1837
-2040
-2277
-2389
-2475
-2644
-2787
-2881
-2970
-2998
-3011
-3032
-2939
-2835
-2702
-2516
-2347
-2125
-1857
-1607
-1338
-1032
-862
-630
-363
-231
-61
96
193
320
441
486
621
711
771
822
726
743
744
593
460
333
262
139
13
-72
-214
-257
-256
-281
-305
-282
-198
-133
-85
10
128
225
378
465
538
722
956
1138
1264
1397
1540
1727
1902
2018
2117
2254
2373
2482
2545
2618
2707
2701
2641
2557
2408
2304
2141
1813
1504
1209
881
548
187
-140
-419
-690
-910
-1140
-1374
-1524
-1681
-1871
-2088
-2240
-2369
-2542
-2698
-2826
-2899
-2926
-2913
-2926
-2776
-2628
-2447
-2213
-1970
-1715
-1464
-1209
-969
-755
-523
-286
-198
-39
88
110
309
414
415
519
647
767
786
700
756
742
577
425
206
38
-41
-153
-326
-535
-550
-540
-587
-545
-553
-459
-344
-279
-165
-65
55
224
340
404
563
766
964
1074
1187
1412
1601
1816
1950
2090
2235
2368
2493
2549
2620
2743
2787
2746
2678
2527
2408
2242
1981
1642
1296
986
649
281
-59
-355
-624
-885
-1114
-1321
-1497
-1628
-1757
-1925
-2058
-2183
-2351
-2487
-2614
-2719
-2753
-2812
-2814
-2732
-2622
-2412
-2179
-1964
-1725
-1397
-1081
-817
-593
-382
-107
78
151
292
354
404
540
583
561
638
730
749
605
524
546
468
352
198
-33
-218
-287
-310
-492
-651
-624
-640
-714
-706
-689
-677
-617
-553
-486
-414
-225
12
106
203
431
644
892
1107
1272
1429
1646
1929
2084
2159
2326
2479
2575
2640
2717
2702
2627
2636
2524
2300
2155
1995
1691
1381
1107
853
557
263
10
-255
-475
-635
-883
-1134
-1281
-1447
-1673
-1924
-2073
-2214
-2375
-2436
-2499
-2557
-2528
-2442
-2350
-2283
-2084
-1795
-1625
-1455
-1223
-1029
-811
-580
-402
-292
-209
-41
73
103
178
273
381
415
444
514
518
575
619
517
431
450
358
116
-135
-294
-415
-513
-610
-774
-865
-886
-865
-865
-879
-788
-660
-594
-486
-378
-272
-65
94
201
342
542
819
975
1089
1301
1474
1654
1785
1877
2009
2149
2295
2350
2359
2439
2471
2439
2346
2218
2111
1968
1767
1522
1228
1000
764
484
218
-35
-251
-445
-653
-859
-1052
-1184
-1327
-1466
-1606
-1703
-1750
-1810
-1894
-1998
-2078
-2089
-2072
-2033
-1971
-1774
-1598
-1500
-1309
-1094
-890
-768
-642
-507
-373
-221
-59
-64
3
68
79
129
107
184
242
243
291
221
110
177
116
-45
-283
-478
-496
-630
-780
-870
-956
-922
-849
-827
-796
-697
-575
-487
-454
-313
-182
-20
122
229
425
609
860
1044
1117
1323
1524
1665
1863
1969
2050
2212
2335
2370
2357
2406
2438
2404
2313
2251
2151
2044
1829
1578
1349
1098
900
575
304
126
-58
-238
-446
-649
-822
-973
-1077
-1219
-1376
-1526
-1638
-1749
-1868
-1940
-1928
-1997
-2047
-1981
-1880
-1789
-1692
-1566
-1465
-1310
-1110
-952
-880
-763
-616
-486
-406
-325
-222
-181
-72
26
32
97
195
291
262
217
260
226
24
-151
-301
-477
-608
-700
-804
-917
-936
-899
-877
-834
-784
-759
-703
-597
-429
-339
-250
-43
123
200
317
498
699
851
999
1159
1323
1535
1717
1785
1929
2114
2257
2331
2424
2489
2484
2484
2432
2382
2273
2156
1997
1797
1559
1373
1151
873
658
400
144
-49
-222
-424
-608
-730
-845
-1001
-1164
-1251
-1354
-1480
-1562
-1688
-1778
-1840
-1896
-1917
-1922
-1883
-1792
-1670
-1575
-1427
-1223
-1096
-988
-801
-653
-570
-458
-315
-240
-183
-101
-22
9
61
92
67
67
14
-17
-30
-98
-184
-310
-514
-611
-746
-896
-938
-1034
-1104
-1150
-1153
-1093
-1067
-1025
-953
-841
-719
-574
-416
-269
-131
44
227
414
691
932
1072
1285
1534
1710
1863
2023
2175
2271
2422
2586
2641
2694
2754
2784
2736
2650
2604
2495
2272
2058
1849
1618
1387
1127
856
611
372
152
-62
-273
-448
-618
-788
-942
-1144
-1318
-1450
-1584
-1729
-1840
-1968
-2086
-2116
-2162
-2161
-2037
-1991
-1828
-1611
-1451
-1245
-1092
-956
-776
-659
-542
-429
-437
-360
-345
-352
-282
-247
-235
-186
-117
-88
-110
-79
-96
-189
-252
-417
-592
-698
-853
-931
-1019
-1177
-1213
-1207
-1210
-1158
-1159
-1106
-966
-850
-682
-539
-353
-199
-72
111
330
562
840
996
1172
1415
1559
1806
1975
2096
2281
2347
2494
2645
2728
2805
2841
2867
2837
2830
2780
2626
2454
2241
2001
1768
1485
1241
949
650
442
209
-56
-265
-460
-649
-809
-956
-1092
-1289
-1431
-1546
-1684
-1820
-1893
-1992
-2062
-2043
-2013
-1978
-1893
-1791
-1747
-1639
-1475
-1341
-1227
-1065
-848
-727
-649
-507
-421
-367
-278
-197
-214
-178
-94
-87
-192
-240
-209
-266
-369
-482
-633
-816
-917
-985
-1127
-1238
-1257
-1281
-1261
-1194
-1162
-1125
-979
-854
-750
-618
-464
-221
-87
30
214
449
709
895
1079
1273
1464
1738
1944
2076
2256
2409
2568
2728
2804
2937
3002
3012
3042
3000
2923
2818
2671
2468
2190
1977
1724
1358
1046
713
467
290
81
-145
-408
-570
-697
-879
-1070
-1271
-1430
-1559
-1726
-1846
-1954
-2127
-2219
-2261
-2299
-2246
-2137
-2008
-1899
-1763
-1566
-1388
-1215
-1031
-949
-854
-708
-584
-532
-432
-344
-325
-275
-257
-173
-83
-134
-145
-191
-310
-316
-407
-655
-828
-900
-1007
-1078
-1136
-1245
-1287
-1248
-1216
-1177
-1127
-1027
-854
-744
-630
-361
-174
48
311
482
712
1031
1309
1442
1615
1827
1992
2203
2334
2415
2556
2658
2770
2846
2885
2998
3012
2925
2920
2896
2745
2609
2399
2094
1813
1587
1257
856
574
293
64
-213
-454
-620
-826
-975
-1110
-1284
-1444
-1554
-1697
-1888
-2035
-2101
-2193
-2299
-2352
-2392
-2326
-2208
-2099
-1941
-1773
-1618
-1373
-1210
-1040
-844
-757
-607
-536
-525
-391
-304
-260
-230
-205
-113
-70
-113
-181
-223
-242
-331
-497
-667
-835
-875
-938
-1086
-1168
-1228
-1228
-1186
-1121
-1040
-936
-779
-650
-537
-366
-195
15
266
458
665
906
1194
1496
1608
1789
2055
2266
2401
2548
2632
2724
2842
2892
2929
2934
2948
2904
2821
2752
2709
2535
2269
2074
1847
1561
1299
1004
629
289
44
-183
-459
-693
-879
-1069
-1244
-1377
-1506
-1690
-1863
-1993
-2131
-2254
-2285
-2339
-2428
-2381
-2242
-2155
-1999
-1791
-1662
-1523
-1338
-1091
-902
-803
-649
-503
-480
-460
-362
-326
-363
-299
-267
-273
-203
-183
-265
-286
-314
-365
-502
-744
-850
-920
-1054
-1133
-1219
-1326
-1289
-1182
-1133
-1088
-926
-725
-580
-396
-193
18
281
491
675
896
1149
1479
1710
1827
2026
2261
2414
2542
2662
2754
2860
2924
2946
2988
3023
3023
2979
2820
2686
2613
2450
2205
1948
1670
1371
1067
730
381
76
-184
-423
-694
-911
-1111
-1289
-1449
-1635
-1772
-1906
-1991
-2106
-2190
-2253
-2227
-2181
-2250
-2240
-2112
-1982
-1909
-1749
-1560
-1428
-1252
-1067
-930
-879
-746
-581
-595
-580
-456
-424
-425
-360
-282
-285
-319
-266
-293
-459
-497
-490
-661
-881
-996
-1027
-1130
-1173
-1194
-1253
-1193
-1019
-914
-870
-663
-427
-260
-127
145
391
574
775
949
1114
1346
1685
1867
1937
2146
2377
2492
2596
2732
2801
2850
2966
3025
2982
2994
2982
2859
2649
2467
2345
2118
1853
1600
1245
929
676
352
-4
-289
-466
-703
-931
-1073
-1200
-1324
-1488
-1600
-1711
-1816
-1870
-1979
-2095
-2063
-2052
-2098
-2044
-1970
-1869
-1724
-1547
-1385
-1217
-1050
-867
-782
-746
-620
-516
-498
-495
-431
-469
-518
-462
-488
-529
-446
-455
-523
-614
-645
-642
-793
-978
-1040
-1107
-1165
-1177
-1238
-1308
-1265
-1095
-1033
-980
-795
-594
-393
-201
60
300
506
754
964
1145
1331
1615
1814
1928
2121
2318
2452
2618
2765
2774
2837
2944
2979
2956
2884
2823
2713
2559
2409
2233
2003
1777
1565
1239
938
676
394
54
-182
-434
-700
-876
-1045
-1189
-1320
-1426
-1509
-1615
-1712
-1761
-1831
-1855
-1874
-1831
-1806
-1824
-1717
-1555
-1503
-1357
-1203
-1135
-1019
-881
-739
-660
-627
-559
-534
-570
-531
-528
-500
-532
-525
-478
-579
-593
-601
-746
-795
-786
-928
-1034
-1139
-1237
-1263
-1263
-1259
-1240
-1197
-1070
-925
-819
-669
-430
-209
-67
204
422
611
833
986
1175
1383
1613
1833
1957
2147
2368
2515
2586
2660
2766
2779
2793
2864
2783
2677
2610
2451
2238
2055
1877
1644
1383
1128
886
657
450
202
-84
-282
-403
-553
-758
-899
-1016
-1184
-1265
-1364
-1497
-1585
-1667
-1669
-1715
-1729
-1652
-1625
-1579
-1463
-1353
-1269
-1128
-1011
-944
-766
-626
-593
-534
-461
-399
-397
-391
-400
-437
-473
-483
-486
-574
-640
-653
-743
-857
-893
-991
-1188
-1263
-1310
-1395
-1387
-1387
-1411
-1378
-1282
-1078
-968
-865
-662
-476
-242
-3
229
440
683
959
1146
1333
1627
1807
1942
2110
2228
2399
2543
2625
2680
2735
2814
2849
2772
2679
2592
2460
2238
2038
1840
1575
1362
1106
822
567
376
166
-70
-280
-405
-569
-735
-885
-988
-1060
-1150
-1198
-1305
-1408
-1477
-1527
-1589
-1592
-1553
-1548
-1496
-1397
-1342
-1229
-1070
-977
-832
-695
-599
-478
-448
-386
-330
-400
-374
-330
-357
-368
-397
-463
-491
-526
-574
-701
-791
-850
-919
-1021
-1179
-1237
-1276
-1355
-1352
-1361
-1398
-1301
-1190
-1077
-946
-734
-559
-363
-137
78
316
538
766
954
1117
1376
1620
1777
1958
2134
2256
2403
2547
2595
2679
2747
2767
2699
2591
2554
2506
2341
2154
1967
1760
1571
1337
1052
779
567
326
73
-126
-307
-487
-607
-744
-903
-1048
-1141
-1224
-1356
-1478
-1545
-1577
-1680
-1640
-1607
-1639
-1618
-1534
-1441
-1317
-1189
-1095
-1005
-888
-753
-684
-592
-472
-428
-357
-282
-325
-278
-301
-287
-262
-316
-345
-421
-480
-570
-681
-744
-832
-965
-1092
-1154
-1201
-1253
-1265
-1265
-1251
-1159
-1020
-920
-778
-605
-441
-282
-105
163
353
542
738
959
1184
1367
1585
1732
1866
2061
2214
2318
2395
2511
2563
2558
2594
2600
2541
2477
2371
2214
2060
1884
1695
1429
1169
954
706
438
237
22
-186
-360
-513
-658
-806
-869
-959
-1059
-1166
-1310
-1431
-1549
-1666
-1721
-1753
-1751
-1691
-1653
-1603
-1500
-1388
-1250
-1152
-1055
-853
-708
-663
-548
-411
-394
-362
-286
-256
-227
-203
-191
-222
-271
-261
-268
-379
-433
-457
-589
-684
-737
-816
-915
-991
-981
-1007
-999
-943
-891
-831
-749
-603
-452
-392
-219
-14
157
349
531
676
849
1058
1229
1353
1467
1657
1818
1921
2068
2211
2285
2341
2386
2361
2335
2353
2309
2143
2028
1909
1714
1532
1321
1106
893
683
460
216
29
-113
-314
-481
-631
-779
-904
-1010
-1088
-1223
-1369
-1462
-1548
-1631
-1688
-1708
-1719
-1719
-1700
-1607
-1525
-1428
-1273
-1179
-1087
-940
-828
-722
-588
-472
-341
-270
-233
-192
-199
-162
-129
-146
-127
-134
-130
-183
-203
-211
-303
-383
-441
-520
-591
-625
-681
-674
-668
-628
-586
-554
-491
-394
-293
-234
-129
30
139
303
413
502
676
817
947
1066
1248
1393
1493
1619
1705
1769
1857
1921
1919
1903
1907
1921
1877
1799
1746
1676
1535
1406
1314
1124
965
823
604
385
205
47
-142
-292
-415
-569
-702
-839
-941
-1066
-1164
-1290
-1432
-1514
-1576
-1624
-1643
-1619
-1640
-1563
-1450
-1469
-1387
-1312
-1251
-1143
-1023
-917
-806
-677
-563
-443
-346
-236
-152
-102
-56
16
35
82
122
110
131
136
114
69
-12
-100
-170
-237
-297
-295
-262
-331
-358
-300
-262
-209
-166
-143
-62
17
97
161
228
294
377
442
512
603
657
726
884
1012
1061
1193
1300
1351
1401
1488
1565
1601
1606
1607
1619
1575
1495
1387
1261
1150
1061
925
795
686
549
414
267
103
-60
-201
-348
-525
-687
-842
-974
-1086
-1229
-1372
-1476
-1552
-1623
-1656
-1662
-1645
-1624
-1564
-1499
-1434
-1359
-1297
-1217
-1089
-960
-863
-751
-638
-534
-420
-311
-253
-176
-60
76
136
158
226
308
374
375
373
363
373
342
262
175
121
62
8
-68
-125
-115
-111
-98
-111
-89
-28
24
80
94
83
125
134
175
195
212
287
347
409
495
586
696
817
915
1029
1103
1198
1286
1311
1387
1410
1451
1438
1405
1370
1322
1251
1144
1020
914
769
639
540
391
279
132
-43
-207
-317
-484
-640
-780
-914
-1029
-1130
-1208
-1335
-1410
-1451
-1502
-1543
-1550
-1564
-1551
-1487
-1418
-1388
-1309
-1173
-1094
-975
-839
-717
-593
-491
-351
-223
-137
26
122
123
216
334
396
434
504
524
532
576
528
461
410
365
309
180
119
75
-1
-41
-61
-90
-127
-111
-100
-147
-160
-153
-166
-210
-210
-184
-187
-157
-86
-51
-1
113
233
339
456
620
720
828
952
1045
1109
1172
1260
1317
1336
1381
1374
1284
1239
1158
1096
1016
912
758
589
481
355
231
65
-50
-175
-328
-441
-536
-653
-753
-838
-961
-1051
-1104
-1176
-1291
-1337
-1350
-1352
-1334
-1311
-1248
-1179
-1058
-942
-833
-713
-588
-448
-311
-206
-97
-33
54
137
173
200
238
296
303
289
348
411
396
412
360
317
302
262
205
145
119
73
-9
-66
-129
-174
-233
-255
-278
-318
-315
-328
-336
-353
-345
-333
-326
-309
-271
-212
-129
-50
26
128
240
335
451
562
622
684
764
846
868
922
956
963
985
965
951
909
839
764
698
629
567
504
459
412
326
243
172
89
-25
-84
-169
-273
-350
-447
-555
-665
-736
-794
-817
-830
-844
-820
-766
-713
-635
-567
-502
-425
-316
-260
-194
-127
-81
-44
-12
42
58
68
126
139
145
173
154
147
112
84
91
31
-7
-43
-104
-139
-196
-219
-268
-320
-376
-431
-469
-489
-537
-580
-622
-630
-642
-646
-564
-516
-453
-339
-249
-167
-102
-44
22
73
113
191
233
299
367
422
510
598
675
705
770
798
810
837
819
758
731
677
629
576
472
427
388
350
306
248
213
188
155
132
90
39
20
-17
-34
-88
-84
-96
-128
-129
-126
-123
-135
-95
-63
-46
-20
-34
0
125
243
311
356
370
429
455
423
411
334
214
156
82
-10
-101
-183
-252
-366
-441
-460
-470
-520
-554
-575
-609
-637
-657
-750
-847
-907
-964
-1004
-1052
-1077
-1067
-1077
-1029
-968
-856
-748
-648
-507
-417
-290
-172
-65
100
155
277
367
403
481
488
516
535
550
562
547
591
587
582
587
558
551
527
526
522
465
409
364
303
262
198
140
92
44
-4
-48
-66
-65
-97
-90
-28
15
72
123
205
252
304
383
443
513
538
550
581
590
610
591
601
610
607
612
603
602
555
491
517
476
415
364
246
180
104
13
-88
-184
-297
-412
-507
-606
-759
-834
-893
-1005
-1072
-1125
-1204
-1169
-1136
-1173
-1095
-1038
-980
-941
-895
-794
-725
-680
-645
-585
-532
-482
-367
-308
-261
-131
-78
32
141
217
323
365
404
460
505
543
544
547
517
519
524
420
381
307
252
223
150
100
27
4
3
-25
-48
-65
-37
-2
-16
-20
-14
-36
-17
-14
17
56
103
121
178
264
324
397
432
490
556
623
686
740
768
763
764
784
787
787
758
687
623
576
524
471
395
312
272
182
113
100
28
-70
-159
-243
-337
-442
-521
-594
-708
-726
-768
-826
-865
-886
-902
-906
-872
-850
-799
-746
-692
-646
-639
-619
-565
-535
-492
-409
-394
-375
-264
-215
-134
-84
-56
13
65
113
173
207
202
237
248
259
302
259
178
179
190
171
153
100
51
52
15
41
41
-5
42
37
51
63
60
73
89
89
106
131
177
143
159
154
180
215
197
220
245
298
292
341
371
382
436
447
494
514
491
508
449
425
417
353
299
262
227
174
154
154
82
40
8
-48
-71
-117
-159
-185
-204
-245
-264
-257
-271
-253
-309
-329
-347
-392
-404
-415
-435
-423
-436
-434
-420
-363
-327
-310
-270
-221
-189
-174
-145
-107
-75
-77
-17
-8
5
24
19
17
30
33
35
52
46
60
32
36
75
59
67
57
52
31
4
-8
-18
3
-10
-44
-33
-32
-43
-36
-12
22
35
49
51
58
68
72
105
104
131
153
137
138
126
150
157
155
158
135
125
149
116
99
111
81
60
44
24
-2
-6
-28
-54
-63
-86
-50
-53
-69
-73
-87
-103
-118
-108
-117
-77
-86
-118
-112
-99
-100
-59
-35
-73
-23
-8
-24
12
5
52
73
63
89
108
99
120
133
121
125
141
136
153
160
167
161
130
135
150
147
114
119
94
97
92
47
26
4
-21
-31
-30
-38
-40
-70
-104
-106
-122
-131
-139
-95
-92
-100
-74
-96
-90
-100
-112
-119
-111
-65
-84
-113
-103
-97
-123
-137
-101
-117
-137
-107
-115
-108
-109
-104
-112
-141
-152
-146
-120
-84
-73
-110
-53
-51
-32
-12
4
11
2
29
20
33
34
18
6
8
15
36
11
7
13
23
48
54
87
86
115
144
147
172
185
205
185
190
189
191
243
237
225
266
228
220
230
182
204
177
156
145
147
131
117
96
69
55
18
4
0
-14
-75
-65
-94
-142
-164
-176
-147
-135
-141
-144
-136
-141
-179
-168
-174
-194
-156
-186
