2
-2
-7
-1
2
-3
-13
-16
-6
-6
-3
-7
-7
-3
-2
-8
-2
-3
-10
-8
-11
-7
-3
-11
-3
9
10
-2
-4
-7
-13
-13
-11
-11
-6
0
-15
-22
-19
-9
-9
-5
10
0
-1
1
8
6
3
17
10
4
8
1
2
7
4
6
8
1
12
3
-4
-6
-1
-9
3
8
9
5
-14
-9
-10
-16
-4
9
0
4
7
12
1
9
5
-3
-5
-10
7
-7
-5
-1
1
7
-3
-5
-7
3
2
4
0
-6
-11
-15
-5
-6
-5
-2
-9
-8
5
12
10
11
12
12
4
4
4
3
10
2
-3
3
5
8
-2
1
0
-6
6
0
-3
-6
-8
-3
-9
-2
-4
3
3
7
6
-2
1
-3
-1
4
6
19
16
11
7
15
18
9
20
17
6
-1
0
-2
3
6
-7
-8
-3
-15
-16
-15
-18
-24
-22
-20
-24
-23
-19
-15
-18
-6
13
11
8
9
20
29
26
26
30
26
29
35
34
39
28
31
45
34
34
40
32
34
29
28
30
19
20
17
12
5
-8
-10
-17
-33
-43
-52
-61
-63
-77
-84
-92
-93
-91
-98
-95
-98
-90
-86
-81
-87
-77
-62
-60
-43
-38
-24
-18
-5
6
16
27
29
53
65
83
92
96
107
126
128
133
141
132
145
138
125
109
104
94
69
58
48
23
0
-11
-41
-67
-76
-89
-102
-111
-116
-123
-124
-126
-128
-139
-149
-161
-167
-158
-146
-128
-136
-130
-113
-99
-80
-51
-31
-17
3
5
29
47
57
76
98
113
135
170
191
209
229
222
225
229
238
243
225
230
233
224
211
196
165
142
115
89
61
18
-19
-66
-101
-138
-173
-199
-226
-251
-272
-279
-290
-304
-304
-293
-292
-293
-285
-266
-261
-238
-205
-200
-164
-141
-116
-77
-50
-20
3
15
25
62
74
114
136
160
199
223
254
278
295
320
335
342
358
370
395
395
389
374
355
329
321
287
246
208
173
118
67
4
-70
-125
-189
-237
-284
-331
-366
-409
-437
-456
-487
-491
-473
-476
-496
-486
-450
-412
-392
-388
-356
-315
-258
-220
-200
-162
-105
-56
-22
18
55
104
154
169
191
230
268
304
322
349
367
398
431
446
430
438
451
458
465
452
444
457
459
424
399
386
349
316
263
201
156
90
26
-41
-115
-180
-254
-315
-361
-410
-466
-500
-546
-596
-596
-609
-626
-619
-594
-591
-560
-529
-511
-470
-412
-346
-311
-275
-240
-172
-98
-62
-36
3
59
108
154
196
237
275
311
338
357
380
386
394
407
425
453
466
491
496
502
523
541
544
530
523
516
506
474
437
407
368
339
310
251
196
133
62
-21
-100
-179
-264
-341
-403
-483
-558
-601
-641
-671
-703
-734
-757
-754
-751
-739
-717
-678
-639
-594
-538
-492
-441
-386
-303
-241
-188
-137
-90
-15
64
120
165
221
267
316
341
369
396
423
442
439
453
461
460
447
451
472
473
487
494
496
506
504
507
499
491
478
460
429
404
369
312
283
235
174
110
53
-3
-58
-136
-203
-270
-337
-404
-481
-542
-610
-660
-699
-722
-741
-747
-742
-750
-725
-716
-699
-656
-631
-580
-533
-460
-392
-323
-255
-185
-115
-41
33
88
128
172
240
271
296
336
361
395
421
426
430
441
444
431
415
397
381
381
366
362
367
381
394
415
408
415
431
425
413
403
398
374
353
355
326
299
303
267
231
188
128
71
14
-45
-108
-195
-252
-304
-372
-432
-488
-546
-598
-624
-665
-707
-714
-737
-734
-736
-736
-700
-677
-638
-598
-554
-495
-420
-362
-287
-204
-136
-60
1
60
124
183
232
277
300
325
363
368
373
372
379
375
370
352
332
315
305
305
274
253
238
211
205
227
228
254
283
298
312
341
348
356
365
375
390
390
387
401
385
380
386
342
320
300
267
219
178
82
26
-20
-88
-172
-241
-299
-368
-425
-510
-565
-611
-675
-721
-758
-772
-798
-819
-836
-815
-793
-789
-752
-717
-658
-600
-546
-493
-425
-354
-283
-210
-149
-90
-19
58
105
152
210
240
295
334
348
354
382
402
398
379
384
412
384
386
397
395
412
424
417
432
455
482
505
528
571
583
605
642
671
683
692
708
690
696
706
673
649
623
587
555
516
418
329
237
137
47
-68
-175
-266
-380
-516
-601
-717
-821
-899
-996
-1072
-1127
-1189
-1231
-1270
-1281
-1292
-1311
-1310
-1276
-1254
-1208
-1159
-1123
-1043
-969
-888
-792
-684
-570
-434
-310
-187
-72
33
151
267
363
450
534
617
691
709
747
806
825
838
862
870
889
911
913
918
938
941
943
945
964
984
963
980
1004
1010
1000
1012
996
990
972
955
927
893
869
824
755
720
649
558
521
422
320
219
107
-32
-132
-271
-404
-514
-630
-732
-860
-972
-1079
-1185
-1307
-1394
-1495
-1592
-1639
-1708
-1754
-1769
-1791
-1813
-1821
-1807
-1758
-1711
-1686
-1629
-1589
-1471
-1327
-1265
-1169
-1054
-874
-676
-552
-446
-270
-96
80
246
339
485
681
830
954
1064
1149
1273
1370
1413
1457
1485
1552
1595
1598
1617
1621
1603
1588
1568
1549
1538
1455
1407
1370
1319
1287
1228
1165
1106
1033
956
919
854
792
729
654
613
560
488
416
348
274
203
115
22
-34
-109
-183
-267
-376
-459
-547
-658
-771
-860
-961
-1040
-1138
-1244
-1343
-1442
-1509
-1594
-1687
-1733
-1842
-1944
-1917
-1968
-2039
-2083
-2144
-2141
-2095
-2094
-2079
-1982
-1893
-1819
-1820
-1732
-1491
-1298
-1187
-1061
-864
-617
-326
-137
63
330
604
839
1052
1301
1529
1716
1874
2029
2178
2306
2409
2464
2504
2503
2466
2461
2505
2472
2366
2263
2160
2088
1994
1831
1674
1568
1456
1284
1082
946
843
686
538
411
285
208
117
-11
-127
-198
-276
-363
-448
-484
-566
-628
-657
-725
-795
-817
-843
-865
-866
-895
-975
-973
-975
-1065
-1076
-1108
-1211
-1213
-1211
-1300
-1324
-1350
-1418
-1464
-1531
-1588
-1600
-1636
-1656
-1699
-1799
-1807
-1773
-1826
-1796
-1731
-1719
-1702
-1700
-1660
-1456
-1257
-1131
-1062
-934
-682
-393
-195
-25
253
535
778
932
1126
1417
1650
1794
1897
1977
2128
2309
2368
2376
2365
2370
2398
2394
2392
2345
2255
2165
2087
1961
1894
1818
1688
1552
1396
1234
1118
1027
921
804
661
558
487
369
281
184
84
-7
-119
-232
-291
-335
-409
-470
-592
-632
-667
-731
-773
-810
-885
-918
-890
-945
-987
-1027
-1083
-1107
-1111
-1187
-1320
-1346
-1357
-1414
-1495
-1579
-1620
-1639
-1728
-1819
-1808
-1806
-1837
-1935
-2094
-2095
-2022
-2038
-2051
-2014
-1957
-1916
-1935
-1847
-1550
-1334
-1256
-1190
-1016
-622
-246
-87
103
473
823
1032
1191
1493
1870
2050
2117
2177
2353
2629
2773
2695
2658
2720
2749
2741
2745
2745
2632
2480
2392
2311
2197
2080
1951
1828
1719
1531
1333
1248
1191
1049
798
612
539
456
279
103
-6
-86
-187
-350
-469
-507
-550
-638
-755
-838
-881
-886
-986
-1108
-1122
-1167
-1246
-1278
-1333
-1449
-1415
-1455
-1551
-1572
-1616
-1689
-1633
-1660
-1707
-1648
-1691
-1680
-1608
-1679
-1636
-1628
-1694
-1632
-1621
-1642
-1632
-1740
-1767
-1647
-1652
-1602
-1515
-1498
-1541
-1453
-1215
-964
-858
-783
-660
-361
41
193
240
564
1013
1239
1300
1462
1794
2138
2234
2195
2344
2577
2672
2539
2418
2625
2777
2578
2438
2395
2374
2338
2122
1949
1936
1782
1570
1433
1312
1212
985
778
755
639
456
344
259
262
179
-69
-117
-45
-77
-256
-454
-487
-415
-469
-564
-533
-556
-553
-608
-652
-577
-558
-640
-641
-632
-680
-695
-786
-873
-886
-964
-1028
-1089
-1136
-1154
-1255
-1336
-1300
-1384
-1482
-1525
-1594
-1595
-1594
-1727
-1848
-1810
-1756
-1771
-1955
-2079
-2028
-1904
-1846
-1840
-1940
-2039
-1822
-1543
-1489
-1391
-1252
-1138
-823
-474
-364
-178
169
582
842
883
1108
1476
1818
1962
1951
2042
2417
2611
2605
2627
2735
2466
2315
3006
3048
2482
2427
2042
1927
2685
2274
1274
1420
1920
1799
1014
756
1247
1132
834
611
295
626
1142
483
1
293
535
375
24
108
169
-54
-68
-1
-252
-198
-119
-348
-323
-419
-736
-613
-419
-652
-902
-1089
-1136
-1018
-1304
-1670
-1693
-1551
-1551
-1852
-2109
-1871
-1777
-1991
-2024
-2058
-2086
-1986
-2008
-2136
-2205
-1993
-1659
-1878
-2112
-2073
-2162
-1977
-1664
-1797
-2173
-2120
-1636
-1467
-1616
-1544
-1342
-1108
-653
-502
-593
-183
457
756
667
789
1279
1653
1792
1777
2016
2337
2579
2608
2540
2592
3053
3181
2650
2602
2932
3052
2855
2643
2582
2553
2522
2401
2158
2051
2104
1839
1471
1481
1453
1201
966
927
856
600
406
428
393
214
18
-199
-226
-193
-352
-523
-554
-527
-606
-771
-858
-734
-770
-1008
-1095
-1128
-1226
-1295
-1389
-1437
-1493
-1667
-1814
-1848
-1872
-1828
-1845
-2093
-1992
-1783
-2002
-2003
-1793
-1893
-1898
-1859
-1914
-1756
-1859
-1973
-1623
-1546
-1559
-1638
-1898
-1709
-1185
-1130
-1591
-1776
-1311
-825
-1087
-1139
-928
-700
-164
-74
-300
46
764
1080
978
966
1423
1906
1903
1998
2231
2264
2391
2517
2573
2659
2739
2628
2434
2517
2747
2553
2172
2358
2476
2128
1871
1860
1901
1856
1593
1297
1242
1255
1194
840
624
814
795
425
295
408
341
222
39
-30
-86
-205
-267
-324
-369
-368
-493
-613
-577
-608
-767
-965
-1001
-946
-1116
-1468
-1477
-1306
-1534
-1791
-1879
-1944
-1798
-1721
-1976
-2060
-1970
-1823
-1807
-1949
-1811
-1935
-2278
-1279
-755
-1971
-2139
-1900
-1814
-515
-559
-2095
-1625
-586
-592
-1027
-1486
-986
-129
-300
-763
-748
-337
326
232
-376
20
452
453
704
943
1082
1136
968
1376
1986
1673
1414
1693
1979
2092
1672
1427
2156
2425
1871
1325
1358
1974
2086
1405
1277
1601
1675
1510
1026
1043
1566
1351
924
932
937
995
1021
916
999
895
645
720
723
691
657
355
409
695
412
66
125
335
279
-177
-483
-376
-369
-451
-688
-1050
-1066
-904
-1209
-1573
-1504
-1426
-1601
-1879
-1960
-1696
-1751
-1856
-1669
-1935
-2059
-1638
-1667
-1905
-1569
-1486
-1547
-1624
-1673
-1224
-1252
-1347
-1036
-1345
-1574
-1008
-957
-1213
-1130
-1296
-1182
-1068
-1053
-866
-1024
-1009
-367
-345
-672
-145
227
411
592
555
710
1036
1292
1416
1315
1371
1721
1673
1642
1814
1840
1941
1826
1598
1862
1851
1547
1748
1819
1655
1640
1575
1594
1716
1672
1662
1483
1458
1724
1518
1247
1530
1595
1291
1193
1177
1213
1207
1016
904
799
705
743
493
340
449
327
-43
-198
-231
-311
-543
-818
-949
-1060
-1280
-1410
-1536
-1636
-1619
-1737
-2007
-1929
-1757
-1966
-1899
-1914
-1810
-1565
-1805
-1815
-1593
-1603
-1394
-1302
-1591
-1593
-1362
-1205
-1101
-1177
-1453
-1668
-1301
-1092
-1282
-1313
-1445
-1528
-1441
-1549
-1584
-1250
-1202
-1371
-1217
-942
-802
-636
-398
-55
80
164
314
534
918
1187
1111
1151
1577
1782
1693
1529
1832
2284
2012
1892
2105
2140
2265
2308
2188
2228
2344
2335
2174
2084
2382
2352
1979
2030
2145
1969
1946
1984
1910
1744
1652
1559
1550
1530
1426
1188
982
982
839
548
350
326
161
-180
-428
-505
-561
-797
-1094
-1322
-1504
-1593
-1741
-1962
-2126
-2039
-2026
-2289
-2467
-2353
-2217
-2248
-2292
-2294
-2240
-2080
-1982
-2119
-2003
-1717
-1629
-1830
-1930
-1702
-1274
-1157
-1432
-1723
-1656
-1236
-1226
-1502
-1467
-1322
-1409
-1636
-1634
-1496
-1161
-1168
-1500
-1262
-698
-444
-660
-431
163
549
381
364
791
1317
1561
1335
1437
1878
2099
2092
1917
2123
2763
2424
1915
2462
2759
2531
2447
2410
2631
2692
2360
2260
2408
2660
2600
2039
1982
2460
2264
1879
1895
1961
1899
1515
1324
1472
1470
1215
906
666
640
653
283
7
54
-106
-485
-786
-782
-861
-1287
-1494
-1563
-1753
-1897
-2061
-2153
-2089
-2155
-2443
-2566
-2515
-2187
-2218
-2607
-2425
-1966
-1970
-2146
-2163
-2059
-1685
-1483
-1726
-2033
-1724
-1314
-1329
-1504
-1787
-1744
-1488
-1521
-1551
-1678
-1684
-1391
-1689
-2071
-1751
-1517
-1354
-1237
-1465
-1235
-556
-347
-373
-157
355
868
871
887
1262
1679
1941
2034
2013
2271
2609
2584
2620
2830
2740
2234
2677
3470
3124
2588
2342
2153
2899
3208
2036
1613
2317
2651
2054
1246
1502
2048
1925
1555
1123
1136
1831
1707
849
811
1033
934
560
322
257
106
-159
-256
-363
-649
-814
-961
-1055
-1136
-1586
-1794
-1558
-1604
-1859
-2121
-2249
-1974
-1938
-2416
-2591
-2332
-2013
-2013
-2240
-2485
-2083
-1452
-1628
-1987
-1608
-1453
-1371
-1112
-1326
-1348
-1006
-809
-899
-1248
-1456
-1064
-922
-1173
-1253
-1289
-1472
-1414
-1281
-1507
-1497
-1103
-1221
-1409
-1021
-583
-610
-436
23
282
312
439
752
1051
1364
1275
1267
1736
2161
2026
1819
1844
2438
2700
2107
1950
2412
2758
2601
2109
2061
2539
2557
2191
1997
2097
2316
2157
1681
1787
2013
1931
1646
1483
1600
1542
1184
1020
1223
1187
915
569
493
664
389
-51
-130
-74
-242
-649
-949
-861
-870
-1144
-1368
-1493
-1552
-1631
-1745
-1878
-1854
-1995
-2200
-1976
-1830
-1970
-2019
-2009
-1998
-1691
-1414
-1687
-1704
-1324
-1343
-1947
-1514
-359
-875
-1834
-1702
-1346
-878
-351
-1569
-2602
-1393
-360
-978
-2466
-2676
-1114
-494
-1552
-2306
-1975
-1095
0
-740
-1764
-807
378
385
-10
105
700
1259
1114
1182
1528
1562
1914
2191
1985
2074
2139
2216
2673
2752
2307
2149
2300
2896
2784
1881
2057
2690
2741
2384
1711
1725
2487
2377
1698
1378
1482
1924
1755
1120
1117
1274
1199
1056
583
492
801
483
148
91
-163
-364
-418
-516
-650
-1074
-1309
-1278
-1355
-1457
-1641
-1908
-1829
-1594
-1843
-2216
-1979
-1691
-1721
-2002
-2073
-1788
-1583
-1629
-1617
-1583
-1486
-1356
-1381
-1258
-1312
-1319
-1161
-1288
-1200
-886
-1395
-1795
-1309
-1187
-1540
-1800
-1683
-1420
-1746
-2008
-1838
-1625
-1352
-1326
-1783
-1453
-531
-425
-732
-559
238
738
640
521
914
1393
1737
1773
1590
2013
2322
2122
2267
2470
2570
2537
2317
2443
2711
2486
2323
2401
2503
2493
2175
2016
2330
2325
1878
1733
1696
1832
1801
1449
1297
1422
1383
1172
927
880
972
769
545
478
320
200
20
-174
-230
-421
-722
-857
-888
-987
-1116
-1372
-1543
-1499
-1472
-1798
-2061
-1815
-1702
-1912
-1867
-1870
-2052
-1671
-1653
-2018
-1522
-1328
-1826
-1587
-1315
-1298
-1138
-1387
-1520
-1252
-1064
-1127
-1618
-1841
-1439
-1334
-1701
-2065
-1802
-1465
-1812
-2138
-2055
-1975
-1584
-1396
-1754
-1473
-637
-506
-633
-407
229
735
699
748
1092
1460
1678
1867
1887
2054
2318
2455
2434
2423
2683
2599
2384
2781
2852
2305
2185
2540
2590
2225
1970
1972
2160
2198
1841
1360
1547
1992
1701
1018
1020
1433
1310
893
764
760
857
758
439
298
431
399
8
-173
-35
-214
-511
-564
-623
-816
-1077
-1220
-1104
-1104
-1511
-1680
-1629
-1509
-1602
-1737
-1820
-1733
-1466
-1665
-1903
-1788
-1614
-1397
-1538
-1752
-1408
-1197
-1454
-1725
-1731
-1491
-1251
-1277
-1697
-2106
-1645
-1483
-1936
-2165
-1990
-1718
-1912
-2118
-2098
-1936
-1494
-1364
-1756
-1528
-768
-501
-584
-350
215
667
722
866
1120
1445
1747
1768
1659
1971
2568
2514
2120
2219
2590
2579
2542
2474
2359
2368
2534
2473
2210
2118
2177
2110
2022
2111
1889
1666
1743
1941
1736
1432
1513
1619
1459
1282
1140
965
1096
1149
796
545
640
657
307
110
126
12
-280
-500
-640
-853
-955
-1056
-1251
-1466
-1398
-1588
-1794
-1760
-1843
-1875
-1837
-1984
-2097
-1810
-1896
-1993
-1480
-1722
-2113
-1477
-1569
-1675
-1341
-1919
-1936
-1264
-1358
-1591
-1917
-2129
-1620
-1545
-2064
-2260
-2011
-1768
-1837
-2319
-2469
-1936
-1430
-1553
-1889
-1558
-776
-490
-727
-470
237
641
746
725
974
1657
1791
1695
1849
2214
2537
2398
2291
2645
2939
2380
1827
2863
3507
2640
2194
2050
1917
2756
2681
1359
1473
2269
2256
1398
1055
1623
1816
1577
1365
1154
1148
1791
1650
923
1045
1298
1144
761
769
811
563
334
466
285
-183
-261
-327
-425
-503
-830
-1237
-1020
-897
-1282
-1695
-1782
-1773
-1759
-2006
-2342
-2111
-1880
-1984
-2139
-2282
-2198
-1964
-2131
-2246
-1951
-1979
-2271
-2242
-1944
-1790
-1945
-2249
-2512
-2164
-2000
-2226
-2529
-2404
-2046
-2194
-2491
-2661
-2067
-1404
-1694
-1925
-1311
-746
-562
-355
-262
210
863
939
925
1266
1880
1941
1868
2390
2695
2576
2467
2473
2953
3444
3011
2526
2764
3238
3166
2609
2507
2805
2894
2476
2042
2200
2548
2451
1801
1607
1930
2078
1766
1479
1514
1572
1437
1040
960
1172
1194
826
539
566
538
304
128
48
-83
-311
-586
-790
-889
-897
-1220
-1589
-1501
-1516
-1871
-2126
-2123
-2022
-1994
-2263
-2495
-2463
-2177
-2050
-2357
-2439
-2237
-2068
-2029
-1936
-2038
-2296
-2199
-1849
-1723
-1870
-1966
-2263
-2147
-1630
-1910
-2581
-2467
-1732
-1738
-2255
-2449
-2162
-1563
-1237
-1696
-2047
-996
-171
-368
-486
-9
803
1119
971
1031
1569
1946
2160
2278
2294
2716
2844
2512
2717
3360
3013
2622
2917
3226
3188
2716
2449
2814
3057
2592
1983
1927
2498
2718
1814
1300
1709
2047
1786
1209
1088
1427
1532
1078
727
690
1019
1007
500
366
512
301
48
73
-62
-345
-598
-702
-737
-900
-1109
-1531
-1582
-1281
-1593
-2208
-2082
-1792
-1979
-2123
-2542
-2448
-2010
-2161
-2438
-2286
-1980
-1872
-1906
-2216
-2060
-1868
-1998
-1978
-1891
-1577
-1364
-1934
-2390
-1822
-1505
-1910
-2131
-1937
-1579
-1748
-2089
-2093
-1736
-1185
-1222
-1713
-1411
-322
-72
-514
-329
512
1087
924
755
1198
1950
2151
1839
1784
2361
2859
2543
2222
2643
3137
2915
2528
2242
2215
3160
3254
2159
2240
2255
1601
2248
2423
1598
1452
1510
1610
1529
1051
1124
1233
1232
1441
932
559
1333
1632
969
607
572
830
806
438
276
357
289
149
-172
-477
-266
-335
-737
-889
-1013
-1186
-1149
-1415
-1605
-1501
-1643
-1880
-1995
-2023
-2160
-2176
-2027
-1855
-2196
-2499
-2300
-1979
-1693
-2148
-2666
-2307
-1790
-1731
-2002
-2718
-2621
-1605
-1784
-2776
-2997
-2232
-1776
-2305
-2640
-2539
-2017
-1503
-1704
-2059
-1525
-512
-297
-662
-473
490
916
728
893
1401
1708
1686
1862
2508
2687
2541
2537
2466
2895
3399
2943
2564
3123
3453
3018
2352
2664
3320
2949
2348
2191
2401
2740
2546
1820
1643
2036
2113
1686
1322
1547
1680
1291
999
1030
1013
914
812
612
535
430
154
4
27
-59
-374
-674
-674
-752
-999
-1243
-1330
-1421
-1569
-1744
-2012
-2052
-1897
-1932
-2181
-2297
-2109
-1961
-2202
-2322
-2124
-2119
-2218
-1980
-1878
-1942
-2047
-2180
-2026
-1635
-1523
-2017
-2394
-2032
-1577
-1905
-2429
-2367
-1871
-1829
-2377
-2468
-2078
-1663
-1341
-1758
-2018
-1093
-298
-582
-720
-95
545
674
609
805
1299
1526
1761
2010
2015
2329
2512
2141
2322
3167
2903
2513
2577
2940
3104
2619
2393
2707
2914
2775
2337
2025
2367
2596
2180
1779
1698
1969
2009
1570
1478
1531
1464
1245
1151
1050
1149
1108
846
811
717
459
286
311
206
13
-286
-497
-585
-676
-764
-1088
-1240
-1143
-1333
-1699
-1934
-1861
-1587
-1740
-2279
-2359
-2127
-1975
-2067
-2172
-2279
-2352
-1780
-1652
-2427
-2426
-1988
-2174
-2051
-1709
-2054
-2607
-2342
-1788
-1993
-2449
-2543
-2227
-2030
-2211
-2454
-2668
-2161
-1333
-1586
-2252
-1678
-647
-413
-619
-519
249
777
817
896
1138
1526
1910
2119
2108
2402
2697
2422
2414
3161
3287
2822
2713
3078
3373
3081
2681
2768
3040
3082
2637
2072
2300
2845
2456
1753
1667
1976
2102
1696
1394
1356
1418
1303
1029
716
863
1039
688
435
437
375
143
31
30
-52
-485
-535
-510
-842
-923
-1003
-1280
-1324
-1267
-1655
-2009
-1869
-1687
-1887
-2219
-2230
-2107
-1993
-2171
-2188
-2048
-2098
-2003
-2049
-2084
-1997
-2230
-2342
-2026
-1806
-1833
-2339
-2700
-2123
-1772
-2238
-2626
-2532
-2098
-2076
-2488
-2686
-2214
-1606
-1499
-1950
-1945
-863
-371
-640
-522
265
801
894
903
1128
1757
2032
1969
2136
2594
2869
2618
2357
2714
3337
3296
2721
2624
3177
3295
2733
2446
2769
2963
2694
2273
1968
2224
2574
2145
1556
1673
1939
1760
1393
1272
1406
1292
1102
1013
906
915
910
657
502
589
431
146
64
80
-145
-377
-493
-635
-680
-811
-1214
-1430
-1260
-1340
-1800
-1924
-1794
-1849
-1944
-2084
-2287
-2219
-1903
-1980
-2336
-2279
-2042
-1953
-1960
-2110
-2476
-2238
-1900
-1890
-1858
-2149
-2527
-2271
-1897
-2083
-2359
-2290
-2053
-2078
-2219
-2292
-2251
-1826
-1357
-1656
-1896
-1268
-522
-458
-459
-181
383
777
801
893
1210
1588
1809
2131
2191
2344
2481
2342
2392
2935
3065
2694
2586
2823
3032
2720
2394
2662
2847
2660
2393
2015
2217
2576
2252
1716
1660
1887
1954
1621
1375
1527
1554
1357
1135
1016
1164
1139
867
702
670
537
343
339
166
-23
-157
-239
-471
-691
-666
-873
-1198
-1212
-1180
-1551
-1835
-1809
-1750
-1804
-2030
-2096
-2197
-2272
-2116
-2027
-2017
-2314
-2397
-1944
-1940
-2418
-2295
-1986
-2152
-1803
-1748
-2602
-2633
-1850
-1876
-2373
-2449
-2141
-2010
-2299
-2366
-2307
-2213
-1586
-1441
-2032
-1693
-859
-600
-649
-398
142
567
570
733
1130
1453
1691
1861
1964
2376
2612
2314
2290
2665
3145
3118
2648
2555
3150
3068
2574
2527
2668
2834
2748
2249
1955
2318
2492
2123
1668
1719
2058
1928
1560
1499
1483
1427
1323
1075
1007
1186
1047
749
663
655
514
330
289
169
-21
-157
-351
-640
-595
-657
-1020
-1232
-1202
-1319
-1618
-1776
-1756
-1830
-1983
-1950
-2030
-2133
-2092
-2102
-2139
-2206
-2255
-2157
-2121
-2130
-2075
-2438
-2375
-1955
-2053
-2260
-2474
-2501
-2117
-2001
-2386
-2463
-2229
-2020
-2224
-2525
-2376
-1918
-1475
-1571
-1980
-1577
-701
-479
-654
-459
197
689
757
801
986
1384
1845
2083
1931
2086
2434
2310
2392
2895
3012
2792
2657
2872
3042
2836
2732
2768
2875
2867
2557
2168
2396
2805
2492
1922
1795
2088
2117
1883
1655
1710
1759
1593
1347
1130
1244
1361
1073
756
725
622
521
400
240
70
-189
-365
-486
-816
-906
-871
-1157
-1409
-1493
-1744
-1967
-1806
-1830
-2078
-2234
-2238
-2249
-2178
-2216
-2355
-2103
-2092
-2457
-2201
-1932
-2177
-2257
-2336
-2250
-1916
-1772
-2226
-2705
-2287
-1656
-2078
-2656
-2547
-1919
-1742
-2259
-2507
-2381
-1742
-1182
-1616
-2056
-1246
-359
-328
-605
-271
499
862
859
1001
1224
1576
1909
2065
2133
2331
2470
2206
2357
3042
3110
2578
2503
2920
3114
2775
2502
2614
2869
2798
2369
2054
2318
2751
2472
1792
1743
2236
2171
1682
1469
1576
1592
1483
1219
1016
1195
1331
968
614
625
633
422
142
65
66
-161
-468
-649
-765
-840
-947
-1191
-1455
-1572
-1656
-1839
-1994
-1875
-2000
-2234
-2277
-2110
-2177
-2360
-2187
-2143
-2233
-2082
-2086
-2348
-2036
-1888
-2527
-2411
-1876
-1879
-2082
-2252
-2401
-1953
-1752
-2226
-2384
-2177
-1735
-1893
-2347
-2321
-1725
-1243
-1454
-1722
-1230
-411
-191
-355
-219
400
963
921
794
1113
1611
1850
1912
2076
2311
2502
2239
2233
2802
3185
2790
2283
2533
3000
2967
2596
2525
2714
2866
2517
2075
2165
2602
2538
1912
1628
2005
2192
1847
1556
1620
1645
1548
1229
986
1200
1315
998
633
623
626
462
164
71
34
-93
-405
-762
-857
-766
-916
-1348
-1478
-1469
-1652
-1845
-2002
-1947
-1917
-2189
-2226
-2165
-2321
-2129
-2075
-2522
-2173
-1872
-2302
-2299
-1819
-2000
-2495
-2184
-1835
-1847
-1899
-2235
-2481
-2013
-1727
-2120
-2560
-2296
-1645
-1819
-2338
-2345
-1903
-1378
-1395
-1823
-1384
-514
-319
-520
-425
200
898
959
796
1117
1576
1880
2070
1976
2237
2524
2103
2284
2892
3007
2707
2458
2560
3051
3055
2598
2494
2791
2952
2570
2044
2145
2712
2503
1901
1698
2010
2213
1922
1491
1517
1715
1571
1231
1008
1175
1378
1054
678
741
783
493
142
95
141
-18
-457
-760
-785
-716
-887
-1303
-1437
-1312
-1578
-2006
-1989
-1858
-1855
-2156
-2403
-2236
-2084
-2207
-2270
-2231
-2262
-2092
-2209
-2480
-2093
-1871
-2203
-2397
-2232
-1883
-1694
-2194
-2626
-2097
-1885
-2112
-2344
-2267
-1912
-2020
-2319
-2236
-1891
-1504
-1330
-1735
-1521
-579
-373
-699
-449
321
895
947
765
1060
1607
1852
1980
2062
2302
2627
2384
2138
2742
3245
2860
2429
2542
3020
3173
2727
2358
2595
2829
2681
2228
2071
2529
2704
2181
1757
1984
2195
2043
1638
1549
1733
1644
1322
1168
1172
1182
1089
789
629
667
500
161
124
146
-74
-495
-754
-844
-865
-1064
-1341
-1533
-1463
-1533
-1945
-2121
-1981
-1884
-2069
-2237
-2551
-2212
-1846
-2346
-2494
-2108
-2156
-1994
-1914
-2370
-2220
-1877
-2150
-2195
-2008
-2071
-2160
-2200
-2063
-2049
-2227
-2337
-2082
-2025
-2255
-2342
-2224
-1918
-1370
-1441
-2034
-1493
-499
-377
-588
-458
209
850
875
759
949
1461
1893
1897
1928
2318
2602
2460
2243
2569
3262
3123
2470
2513
2956
3087
2853
2633
2671
2819
2834
2399
2161
2507
2781
2325
1821
2063
2224
1988
1761
1698
1688
1695
1509
1189
1104
1279
1236
773
539
684
558
171
128
120
-109
-407
-654
-834
-926
-937
-1269
-1553
-1529
-1569
-1903
-2105
-2123
-2063
-2041
-2407
-2448
-2212
-2354
-2373
-2191
-2385
-2235
-2036
-2355
-2350
-2393
-2558
-2317
-2028
-2099
-2368
-2564
-2497
-2148
-2230
-2649
-2538
-2089
-2064
-2495
-2620
-2293
-1795
-1499
-1735
-1796
-1045
-382
-455
-512
40
746
998
920
991
1471
1829
2068
2226
2244
2558
2694
2401
2679
3329
3175
2787
2808
3032
3238
3062
2777
2847
3023
2972
2599
2306
2589
2913
2504
2042
2007
2102
2073
1879
1612
1556
1587
1396
1135
1021
1030
966
704
554
472
236
17
-86
-41
-152
-538
-824
-823
-926
-1064
-1209
-1486
-1631
-1491
-1751
-2272
-2001
-1794
-2209
-2290
-2089
-2251
-2134
-2124
-2406
-2218
-2071
-2211
-2204
-2247
-2408
-2263
-2256
-2306
-2079
-2217
-2595
-2434
-2085
-2262
-2440
-2410
-2119
-1810
-2224
-2499
-2172
-1687
-1283
-1465
-1867
-1294
-230
-181
-457
-150
493
1038
1095
971
1314
1851
2038
2111
2256
2479
2691
2511
2384
2880
3359
3025
2603
2804
3093
3109
2904
2648
2684
2802
2563
2237
2173
2398
2418
2051
1761
1893
1958
1706
1543
1565
1448
1279
1149
985
958
1016
819
558
500
460
200
-25
42
63
-288
-656
-734
-774
-895
-1097
-1367
-1505
-1396
-1509
-1910
-2030
-1841
-1910
-2052
-2178
-2319
-2132
-2122
-2188
-2214
-2348
-2140
-2062
-2387
-2440
-2410
-2451
-2134
-1994
-2332
-2600
-2536
-2206
-2183
-2353
-2557
-2329
-1878
-2152
-2479
-2372
-1918
-1379
-1358
-1881
-1537
-559
-297
-376
-228
294
906
1118
1006
1135
1728
2226
2267
2166
2328
2585
2774
2766
2940
3334
3037
2743
3107
3061
2853
3071
2826
2717
2917
2501
2016
2261
2527
2278
1831
1664
1947
1900
1578
1607
1481
1405
1431
1089
702
907
1092
691
439
409
456
222
-22
38
12
-264
-416
-515
-809
-827
-828
-1110
-1287
-1313
-1468
-1858
-1944
-1716
-1855
-2121
-2048
-2035
-2093
-2119
-2176
-2205
-2025
-1958
-2187
-2175
-2141
-2354
-2284
-2106
-2185
-2174
-2304
-2544
-2279
-2085
-2274
-2419
-2388
-2067
-2041
-2390
-2325
-1876
-1563
-1457
-1650
-1576
-808
-378
-454
-237
198
653
1020
953
1097
1654
1852
1891
2204
2326
2546
2601
2314
2673
3197
3053
2728
2722
2922
3146
2902
2615
2696
2697
2615
2347
2047
2260
2384
1956
1667
1750
1777
1659
1442
1308
1365
1264
1015
886
891
969
802
466
479
536
266
74
5
-93
-117
-392
-720
-709
-685
-940
-1126
-1273
-1297
-1268
-1598
-1813
-1617
-1654
-1861
-1914
-2090
-1997
-1872
-2018
-2014
-2015
-2010
-1873
-1965
-2028
-1996
-2335
-2193
-1801
-1846
-2147
-2458
-2384
-2087
-2027
-2337
-2486
-2121
-1969
-2187
-2284
-2222
-1784
-1298
-1445
-1602
-1138
-577
-345
-301
-76
463
829
853
982
1337
1660
1804
1888
2189
2565
2493
2365
2436
2716
3211
3069
2451
2575
3042
2971
2718
2548
2567
2680
2509
2209
2108
2239
2310
2007
1627
1674
1774
1538
1359
1371
1325
1141
887
804
934
851
633
504
361
372
333
32
-31
108
-90
-374
-571
-675
-694
-850
-1062
-1147
-1244
-1466
-1602
-1659
-1701
-1739
-1844
-1973
-1942
-1929
-2052
-2085
-2069
-2051
-2081
-2175
-2140
-2197
-2430
-2342
-2133
-2098
-2126
-2329
-2536
-2386
-2179
-2212
-2327
-2293
-2054
-2190
-2386
-2106
-1886
-1629
-1481
-1524
-1306
-758
-476
-423
-124
312
725
813
822
1192
1604
1745
1798
2022
2393
2533
2405
2339
2551
3009
3132
2615
2400
2811
3002
2828
2614
2486
2589
2681
2444
2166
2186
2298
2195
1831
1620
1707
1683
1553
1443
1345
1134
1018
971
921
906
801
582
443
477
390
186
80
118
62
-137
-411
-569
-620
-647
-760
-1032
-1170
-1286
-1342
-1481
-1733
-1711
-1651
-1786
-2018
-2099
-2051
-1902
-1970
-2071
-2124
-2216
-1963
-1926
-2545
-2576
-2058
-2120
-2273
-2357
-2563
-2440
-2146
-2193
-2441
-2400
-2039
-2176
-2488
-2242
-1883
-1809
-1606
-1524
-1448
-990
-650
-551
-282
192
543
638
755
1126
1467
1542
1572
1939
2285
2459
2380
2314
2438
2803
3018
2826
2517
2685
3005
2896
2720
2650
2554
2465
2538
2397
2156
2136
2206
2005
1787
1727
1650
1545
1563
1507
1194
993
1051
1085
932
836
710
554
529
449
358
265
169
110
-71
-345
-475
-525
-659
-744
-789
-1130
-1393
-1312
-1414
-1719
-1757
-1814
-1897
-1875
-1934
-2125
-2162
-1943
-1889
-2158
-2441
-2279
-1890
-2084
-2577
-2407
-2281
-2216
-1997
-2325
-2681
-2274
-2025
-2262
-2375
-2217
-1988
-2176
-2239
-1952
-1789
-1627
-1413
-1493
-1231
-669
-481
-528
-184
350
631
734
830
1233
1596
1675
1767
2023
2185
2362
2566
2398
2389
2848
2826
2464
2572
2798
2678
2620
2632
2548
2426
2365
2263
2101
2106
2155
2023
1785
1835
1858
1685
1590
1649
1508
1254
1236
1192
1062
990
988
840
658
632
592
366
235
226
76
-164
-239
-280
-476
-619
-673
-853
-1181
-1287
-1256
-1435
-1717
-1691
-1684
-1912
-1888
-1918
-2124
-2075
-2091
-2268
-2195
-2249
-2270
-2177
-2349
-2546
-2365
-2342
-2310
-2161
-2421
-2521
-2241
-2353
-2492
-2265
-2112
-2157
-2205
-2126
-2112
-1816
-1491
-1463
-1612
-1242
-646
-518
-599
-244
321
597
752
857
1054
1346
1607
1824
2003
2073
2395
2304
2038
2589
3083
2717
2478
2620
2892
2898
2661
2582
2555
2636
2643
2287
1953
2358
2593
2078
1790
1940
1963
1764
1644
1645
1562
1444
1341
1220
1071
1163
1139
821
719
782
605
305
263
304
137
-96
-294
-392
-518
-640
-720
-1061
-1274
-1295
-1495
-1736
-1783
-1798
-1971
-2049
-2145
-2074
-2160
-2418
-2188
-2082
-2504
-2372
-2036
-2495
-2378
-2064
-2545
-2546
-2070
-2118
-2261
-2306
-2367
-2082
-2072
-2170
-1951
-2040
-2170
-1904
-1782
-1886
-1500
-1241
-1440
-1239
-820
-597
-481
-282
121
518
632
730
965
1119
1390
1956
1872
1746
2191
2212
2055
2449
2783
2522
2379
2541
2713
2719
2674
2555
2388
2593
2697
2295
2109
2432
2592
2255
1959
1973
2033
1998
1942
1780
1532
1577
1613
1351
1218
1322
1222
955
858
819
683
488
440
426
195
-46
-235
-406
-473
-445
-734
-1121
-1221
-1245
-1363
-1721
-1859
-1711
-1784
-1932
-2114
-2422
-2408
-1986
-1998
-2486
-2607
-2401
-2193
-2077
-2191
-2496
-2446
-2211
-2213
-2327
-2293
-2166
-2227
-2269
-2141
-2070
-2072
-1932
-1953
-2073
-1732
-1616
-1659
-1334
-1208
-1303
-958
-730
-642
-290
-135
151
572
698
749
1016
1283
1476
1632
1721
1883
2038
2242
2286
2208
2396
2454
2288
2426
2656
2487
2395
2499
2527
2486
2362
2236
2289
2389
2402
2172
1953
2153
2288
1997
1809
1920
1932
1776
1620
1510
1496
1443
1308
1131
1003
992
853
577
448
500
255
-128
-262
-352
-461
-671
-1012
-1208
-1197
-1308
-1604
-1933
-1953
-1829
-2009
-2321
-2282
-2248
-2247
-2217
-2532
-2762
-2392
-2060
-2346
-2513
-2458
-2483
-2612
-2394
-2307
-2533
-2334
-2167
-2459
-2433
-2123
-2136
-1983
-1754
-1979
-2113
-1749
-1489
-1318
-1183
-1213
-1059
-592
-496
-388
-233
61
509
698
652
837
1157
1434
1734
1775
1786
1921
2042
2135
2400
2441
2402
2387
2422
2568
2594
2453
2475
2636
2585
2452
2252
2305
2522
2433
2189
2050
2067
2240
2187
1932
1903
1965
1854
1655
1479
1401
1456
1383
1199
1031
833
710
613
477
404
222
-102
-285
-321
-455
-640
-865
-1061
-1109
-1262
-1554
-1698
-1755
-1764
-1886
-2168
-2189
-2097
-2174
-2371
-2480
-2366
-2001
-2127
-2538
-2424
-2213
-2090
-2137
-2588
-2645
-2057
-1908
-2092
-2236
-2504
-2279
-1807
-1919
-1985
-1844
-1986
-2031
-1615
-1543
-1592
-1388
-1300
-1010
-693
-723
-627
-306
130
509
525
430
856
1301
1282
1310
1533
1928
2109
2020
1871
2038
2518
2764
2442
2163
2516
2864
2690
2442
2447
2555
2671
2570
2387
2394
2482
2484
2280
2093
2163
2147
1939
1879
1946
1762
1522
1466
1482
1469
1292
1071
898
853
768
534
371
303
210
-34
-324
-449
-529
-653
-888
-1110
-1179
-1328
-1590
-1742
-1796
-1938
-2000
-2152
-2329
-2400
-2316
-2300
-2435
-2541
-2407
-2379
-2580
-2519
-2435
-2418
-2432
-2468
-2490
-2421
-2197
-2016
-2138
-2359
-2325
-2000
-1817
-1684
-1703
-1771
-1830
-1575
-1232
-1135
-1025
-941
-730
-533
-277
-191
-101
152
636
944
866
751
1079
1603
1996
1875
1697
1880
2127
2350
2355
2218
2351
2666
2579
2481
2403
2441
2643
2663
2481
2408
2351
2405
2519
2438
2267
2165
2099
2068
2043
1918
1856
1766
1623
1496
1360
1201
1252
1249
1016
788
592
468
414
330
103
-148
-347
-424
-580
-869
-932
-1006
-1234
-1319
-1518
-1782
-1752
-1758
-1967
-2081
-2068
-2146
-2188
-2215
-2248
-2299
-2272
-2252
-2169
-2275
-2496
-2242
-2041
-2149
-2193
-2235
-2287
-2018
-1806
-1975
-2210
-2173
-1843
-1702
-1702
-1672
-1609
-1566
-1569
-1348
-1089
-893
-836
-833
-695
-306
-5
-109
42
483
934
1001
881
996
1435
1768
1685
1780
1976
2114
2116
1929
2066
2586
2638
2297
2087
2211
2552
2498
2075
2007
2321
2414
2139
1886
1999
2240
2207
1858
1766
1915
2018
1887
1656
1665
1732
1582
1388
1328
1343
1271
980
781
800
748
475
296
183
95
-109
-372
-552
-744
-761
-905
-1269
-1490
-1591
-1705
-1823
-1915
-2094
-2193
-2266
-2325
-2334
-2502
-2555
-2440
-2442
-2467
-2376
-2492
-2642
-2381
-2185
-2347
-2515
-2420
-2177
-1958
-2077
-2327
-2269
-2031
-1755
-1704
-1807
-1702
-1397
-1377
-1533
-1280
-795
-599
-584
-584
-435
-34
225
273
474
895
1157
1101
1167
1509
1832
2000
1977
1916
2170
2452
2341
2279
2449
2653
2578
2342
2288
2488
2598
2466
2372
2359
2456
2418
2244
2202
2293
2234
2092
1987
1931
1957
1888
1669
1611
1592
1381
1232
1166
1096
1059
849
551
437
428
291
19
-174
-241
-410
-745
-937
-1040
-1075
-1186
-1509
-1689
-1744
-1857
-1945
-2155
-2251
-2040
-2188
-2509
-2463
-2382
-2413
-2370
-2421
-2478
-2429
-2383
-2461
-2435
-2267
-2177
-2246
-2321
-2256
-2030
-1881
-1928
-1879
-1862
-1690
-1493
-1455
-1402
-1204
-1049
-1012
-1030
-931
-594
-265
-179
-141
-41
87
426
669
694
883
1141
1301
1528
1586
1668
1824
1824
2013
2179
1998
2060
2258
2276
2373
2336
2120
2191
2384
2389
2325
2176
2170
2364
2297
2080
2038
2113
2159
2100
1877
1743
1825
1836
1761
1596
1398
1399
1350
1139
1048
934
758
663
517
288
130
50
-67
-269
-474
-677
-826
-994
-1106
-1222
-1523
-1699
-1681
-1869
-2058
-2018
-2171
-2303
-2298
-2417
-2509
-2524
-2543
-2351
-2413
-2712
-2597
-2437
-2569
-2514
-2243
-2364
-2388
-2117
-2152
-2232
-1910
-1769
-1696
-1662
-1658
-1385
-1221
-1180
-952
-819
-807
-550
-431
-483
-327
39
273
326
361
538
696
938
1185
1234
1271
1487
1690
1745
1834
1897
1984
2024
2034
2051
2115
2177
2305
2363
2224
2183
2253
2219
2314
2298
2209
2217
2204
2213
2176
2109
2067
2097
1968
1861
1767
1653
1615
1554
1369
1219
1101
1017
876
704
511
339
174
22
-143
-408
-536
-665
-875
-1073
-1222
-1448
-1590
-1596
-1813
-1957
-1943
-2124
-2312
-2251
-2301
-2539
-2380
-2401
-2598
-2516
-2440
-2438
-2406
-2431
-2364
-2211
-2256
-2148
-1997
-2108
-2047
-1716
-1721
-1798
-1456
-1364
-1489
-1165
-984
-1124
-1055
-778
-603
-467
-407
-287
-167
31
265
203
179
504
837
837
843
1004
1207
1316
1449
1496
1623
1766
1776
1841
1838
1861
1957
1929
1895
1996
2027
1918
1939
2008
2003
2013
1988
2008
2035
2031
2023
1973
1944
1965
1883
1771
1742
1716
1613
1549
1498
1392
1289
1184
1077
944
808
678
497
292
173
9
-269
-450
-596
-777
-925
-1070
-1241
-1460
-1638
-1740
-1816
-1921
-2026
-2161
-2265
-2295
-2314
-2401
-2506
-2461
-2407
-2385
-2439
-2389
-2277
-2224
-2220
-2205
-2148
-2100
-1900
-1825
-1888
-1679
-1509
-1500
-1304
-1245
-1341
-1049
-799
-910
-926
-776
-488
-256
-137
-194
-226
-11
357
501
419
559
873
1009
1037
1166
1214
1387
1683
1729
1607
1747
1959
1968
1921
1940
1971
1944
1961
1960
1823
1771
1874
1851
1752
1783
1796
1670
1640
1700
1659
1558
1546
1577
1536
1403
1313
1276
1230
1141
1079
919
820
834
758
557
452
427
332
128
-32
-122
-292
-377
-488
-670
-859
-886
-960
-1218
-1385
-1417
-1528
-1687
-1726
-1838
-1919
-1916
-1974
-2068
-2139
-2153
-2003
-2029
-2107
-1939
-2010
-2004
-1860
-1990
-1992
-1823
-1770
-1569
-1601
-1721
-1451
-1197
-1130
-1079
-1156
-1091
-709
-551
-668
-674
-364
-135
-45
-68
-63
138
405
530
474
509
738
935
913
986
1151
1204
1293
1373
1347
1359
1425
1490
1515
1532
1561
1557
1548
1564
1580
1545
1558
1565
1581
1621
1609
1589
1569
1604
1587
1551
1479
1468
1514
1435
1323
1262
1231
1192
1095
1005
923
857
806
705
568
383
228
129
71
-79
-267
-392
-535
-636
-736
-898
-1053
-1112
-1138
-1253
-1495
-1618
-1651
-1677
-1667
-1835
-1981
-1909
-1877
-1982
-1968
-1999
-2018
-1865
-1920
-1979
-1875
-1847
-1742
-1666
-1662
-1618
-1583
-1574
-1337
-1225
-1231
-1090
-1020
-849
-710
-593
-557
-432
-279
-108
-16
6
195
370
528
612
683
755
868
1076
1164
1117
1168
1326
1299
1341
1472
1429
1408
1457
1487
1451
1462
1512
1505
1432
1451
1442
1378
1358
1412
1394
1267
1276
1291
1224
1211
1198
1168
1095
1068
1026
937
879
913
896
732
682
677
572
442
381
306
201
159
46
-61
-162
-232
-283
-405
-514
-538
-657
-835
-884
-950
-1062
-1122
-1221
-1328
-1366
-1434
-1458
-1560
-1622
-1627
-1648
-1653
-1629
-1683
-1779
-1724
-1652
-1611
-1605
-1610
-1647
-1584
-1419
-1348
-1379
-1307
-1185
-1069
-1004
-907
-813
-701
-526
-375
-344
-324
-106
0
108
297
357
364
482
677
803
838
902
997
1115
1129
1160
1222
1303
1381
1406
1348
1317
1453
1450
1371
1333
1394
1401
1295
1277
1265
1262
1234
1165
1078
1006
1018
983
880
831
837
770
626
609
621
571
526
493
450
344
309
243
178
129
119
9
-124
-108
-157
-273
-325
-330
-373
-470
-544
-590
-633
-614
-640
-751
-794
-791
-830
-842
-917
-884
-900
-973
-1038
-1066
-1077
-1082
-1085
-1144
-1155
-1138
-1098
-1142
-1129
-1103
-1065
-1036
-992
-1018
-984
-992
-1005
-851
-798
-776
-801
-719
-585
-428
-428
-438
-281
-140
-12
16
-15
179
411
403
406
534
619
752
836
822
870
929
1024
1044
1086
1126
1218
1179
1265
1328
1273
1245
1287
1387
1315
1230
1155
1167
1132
1064
966
858
880
875
739
644
593
538
468
354
268
242
126
21
-3
-89
-176
-200
-277
-370
-389
-498
-548
-544
-575
-612
-662
-760
-725
-712
-753
-782
-797
-791
-742
-743
-783
-740
-719
-707
-721
-700
-659
-625
-605
-565
-528
-524
-526
-541
-503
-445
-456
-421
-390
-380
-393
-356
-311
-282
-240
-324
-320
-255
-187
-142
-102
-103
-73
-39
-77
-27
13
46
113
75
119
224
271
243
323
373
435
503
513
549
623
682
691
716
766
765
741
789
827
812
811
856
864
841
819
799
779
823
771
700
657
682
616
532
445
384
370
299
187
78
6
-61
-95
-178
-240
-304
-376
-457
-497
-552
-580
-634
-712
-727
-761
-829
-866
-868
-898
-881
-861
-882
-842
-780
-775
-775
-752
-687
-642
-606
-578
-543
-505
-477
-430
-396
-362
-273
-246
-213
-163
-113
-76
-56
-4
66
123
127
157
215
219
279
303
266
391
411
336
390
419
397
412
413
325
372
413
403
423
403
400
429
414
387
391
359
418
446
429
427
413
416
480
537
472
432
430
476
534
484
439
384
398
449
441
337
328
329
300
286
196
157
140
78
24
-33
-100
-130
-171
-275
-350
-347
-429
-469
-530
-638
-688
-732
-785
-828
-865
-906
-925
-966
-962
-957
-972
-942
-931
-905
-885
-835
-800
-758
-708
-680
-641
-569
-521
-461
-416
-342
-249
-159
-89
-73
-6
48
165
214
236
306
380
446
508
542
562
641
682
676
731
761
771
833
840
817
856
832
826
830
804
772
775
729
685
671
639
632
646
584
547
552
472
419
409
377
364
309
298
264
194
194
164
148
128
112
83
48
36
0
-79
-110
-125
-167
-223
-276
-291
-348
-428
-455
-490
-535
-559
-622
-653
-675
-708
-749
-819
-819
-845
-913
-942
-953
-971
-970
-990
-971
-906
-865
-880
-876
-850
-787
-724
-726
-673
-615
-531
-455
-403
-343
-255
-190
-160
-96
-11
30
64
149
186
244
312
361
398
442
508
549
557
587
663
665
671
745
769
776
809
833
801
829
854
844
855
871
878
793
785
812
727
719
701
633
662
677
626
566
536
482
478
454
383
327
304
255
222
195
99
55
50
38
-6
-24
-60
-143
-76
-65
-201
-233
-245
-278
-313
-355
-432
-461
-505
-530
-551
-638
-675
-706
-753
-774
-785
-837
-884
-866
-893
-916
-924
-941
-930
-925
-923
-921
-898
-889
-807
-778
-760
-712
-666
-622
-560
-448
-423
-390
-305
-236
-198
-174
-99
-50
2
55
69
143
200
269
335
365
426
538
576
619
697
698
718
764
793
793
834
867
859
880
924
924
907
899
890
877
859
856
865
811
796
777
742
705
670
623
562
545
522
450
419
400
316
352
278
199
177
151
53
36
31
-57
-87
-136
-224
-269
-300
-379
-399
-467
-540
-542
-607
-666
-690
-767
-829
-873
-924
-927
-900
-905
-931
-932
-940
-977
-951
-939
-965
-937
-919
-890
-827
-818
-811
-798
-755
-660
-606
-607
-535
-459
-446
-348
-318
-301
-234
-152
-128
-56
24
59
124
198
246
277
347
441
461
515
591
610
664
709
745
753
822
831
821
870
870
882
937
903
886
923
891
901
872
827
837
811
822
815
742
725
733
692
670
661
612
586
573
508
444
434
363
322
272
187
171
127
42
24
-48
-135
-175
-257
-317
-351
-424
-482
-535
-553
-591
-677
-733
-770
-772
-820
-883
-913
-959
-958
-964
-1020
-1025
-1009
-1028
-1014
-1022
-1002
-939
-919
-888
-891
-851
-815
-794
-743
-721
-683
-617
-565
-504
-463
-435
-387
-284
-241
-194
-158
-79
-14
53
138
171
210
246
334
396
430
472
535
577
618
671
673
727
739
757
787
788
833
822
842
863
866
856
869
822
828
855
847
837
854
859
845
848
787
736
748
723
691
651
580
573
567
485
448
415
329
291
244
195
140
47
-69
-101
-143
-214
-296
-361
-398
-428
-504
-566
-595
-635
-689
-753
-818
-862
-853
-922
-945
-936
-994
-1021
-1009
-1003
-992
-997
-1021
-990
-922
-895
-889
-825
-799
-755
-700
-689
-613
-544
-515
-498
-470
-404
-330
-308
-262
-219
-172
-84
-18
-6
54
131
167
213
276
314
353
399
439
503
545
567
577
617
668
706
738
757
796
813
826
824
813
813
828
820
833
833
814
812
795
796
787
748
735
707
674
648
617
558
552
532
470
431
376
342
309
248
178
118
47
-5
-66
-138
-203
-249
-307
-360
-420
-477
-516
-532
-583
-643
-665
-689
-701
-733
-763
-800
-826
-828
-846
-858
-861
-812
-819
-792
-825
-840
-832
-805
-763
-751
-719
-696
-681
-636
-587
-555
-527
-500
-482
-425
-361
-311
-237
-229
-223
-136
-90
-67
10
65
100
153
231
244
295
347
416
469
499
546
593
637
668
704
714
782
812
827
835
823
823
827
835
830
834
828
805
842
853
821
786
784
728
696
673
627
593
568
534
479
428
367
335
271
229
193
143
78
11
-74
-124
-142
-214
-265
-332
-378
-403
-473
-534
-557
-589
-670
-680
-746
-746
-749
-807
-837
-829
-880
-928
-891
-889
-863
-841
-841
-830
-789
-777
-737
-689
-667
-658
-654
-634
-573
-525
-526
-494
-472
-412
-357
-309
-277
-216
-125
-79
-18
2
42
106
135
165
234
292
288
361
391
439
527
545
568
615
639
643
678
709
731
759
746
773
816
807
815
803
769
765
785
781
779
764
730
723
714
666
624
606
554
512
459
419
395
348
287
252
212
157
112
34
-1
-47
-114
-160
-195
-243
-271
-316
-381
-426
-459
-503
-533
-556
-591
-602
-646
-678
-708
-746
-754
-769
-786
-799
-785
-792
-793
-787
-784
-758
-768
-720
-693
-685
-629
-599
-542
-494
-463
-433
-401
-376
-300
-268
-267
-218
-189
-157
-126
-97
-44
-26
10
49
74
135
180
202
233
256
306
330
356
414
440
474
517
517
570
612
633
655
663
669
693
695
687
691
707
708
681
699
678
664
640
616
605
587
545
543
515
501
512
430
390
377
319
297
272
229
204
175
145
89
58
-3
-44
-88
-142
-178
-219
-303
-330
-369
-465
-483
-528
-562
-601
-682
-701
-685
-731
-770
-803
-839
-793
-780
-798
-781
-755
-737
-707
-686
-673
-625
-602
-590
-556
-522
-485
-434
-425
-371
-274
-257
-253
-209
-169
-140
-91
-93
-54
19
22
54
77
108
190
221
240
288
322
341
399
441
487
537
527
528
577
618
618
632
624
620
612
599
593
610
573
580
548
530
562
538
530
525
534
516
483
447
420
457
410
333
309
280
254
227
195
176
155
105
39
-1
-32
-69
-115
-155
-181
-231
-245
-304
-336
-326
-368
-404
-445
-460
-466
-479
-531
-574
-579
-611
-635
-640
-658
-623
-628
-651
-639
-648
-642
-619
-593
-561
-527
-523
-489
-450
-409
-389
-357
-327
-327
-257
-232
-183
-142
-130
-70
-41
2
27
55
122
153
199
205
237
308
330
339
378
404
437
453
489
474
483
540
553
537
548
563
536
549
539
513
463
455
451
412
442
409
372
385
359
342
327
289
285
282
267
274
257
217
194
194
152
94
70
64
43
12
-15
-60
-65
-74
-121
-169
-178
-201
-219
-239
-277
-303
-312
-350
-391
-402
-414
-401
-450
-467
-480
-492
-515
-526
-529
-543
-523
-533
-541
-527
-503
-500
-459
-450
-455
-431
-414
-402
-363
-353
-311
-294
-252
-200
-163
-130
-92
-61
-24
24
51
101
139
161
197
226
285
317
332
383
387
421
462
469
466
510
525
528
562
560
544
540
538
532
527
503
498
501
479
451
439
418
414
398
342
333
330
298
282
246
206
190
189
133
107
87
34
16
-14
-76
-91
-116
-166
-183
-231
-262
-295
-310
-342
-352
-386
-418
-433
-449
-456
-498
-512
-519
-540
-529
-544
-559
-538
-526
-556
-546
-524
-516
-487
-508
-497
-453
-427
-414
-396
-346
-320
-311
-296
-253
-181
-161
-163
-153
-99
-30
9
2
37
89
133
178
186
189
218
263
278
315
340
358
371
410
442
458
492
495
510
519
528
518
542
571
542
542
529
541
546
526
490
493
506
482
467
419
416
371
342
356
316
288
258
207
189
167
108
60
17
5
-20
-77
-91
-120
-136
-167
-243
-284
-306
-319
-319
-367
-407
-430
-465
-456
-467
-469
-505
-535
-539
-525
-510
-521
-535
-540
-545
-533
-507
-533
-535
-515
-504
-481
-460
-453
-426
-407
-380
-336
-310
-306
-293
-250
-201
-131
-116
-104
-64
-27
16
52
98
127
175
203
227
249
264
298
328
364
384
378
409
434
451
477
490
466
492
533
551
544
558
559
540
540
534
539
521
524
505
510
503
472
445
405
394
379
334
312
296
289
253
218
186
156
137
97
47
15
-50
-94
-118
-152
-179
-231
-258
-288
-309
-347
-411
-427
-451
-501
-540
-550
-578
-594
-606
-642
-635
-647
-675
-682
-677
-692
-668
-631
-617
-614
-589
-577
-557
-518
-477
-433
-389
-354
-341
-282
-232
-224
-172
-108
-87
-62
-11
12
35
103
125
140
184
213
231
268
314
326
352
364
400
436
450
498
502
537
565
534
538
552
555
560
597
585
582
614
587
566
586
583
560
524
508
506
491
465
414
401
373
354
336
321
299
266
218
182
148
127
80
26
-26
-41
-69
-132
-157
-182
-218
-248
-276
-298
-326
-407
-440
-443
-453
-482
-522
-548
-553
-557
-593
-617
-661
-649
-640
-676
-686
-674
-664
-669
-651
-625
-598
-582
-564
-551
-525
-483
-456
-405
-380
-347
-315
-314
-258
-218
-185
-145
-119
-78
-15
14
34
57
109
167
203
212
236
284
310
340
372
405
437
452
474
505
537
554
568
565
579
593
583
596
604
611
610
611
603
578
565
553
552
536
539
535
523
505
483
448
403
387
371
339
284
250
218
189
153
118
85
46
16
-31
-80
-123
-172
-188
-243
-278
-275
-304
-315
-347
-371
-423
-451
-484
-524
-521
-543
-585
-605
-631
-661
-649
-686
-693
-687
-699
-702
-688
-686
-653
-648
-629
-606
-599
-567
-549
-499
-439
-399
-364
-317
-282
-236
-194
-167
-117
-64
-1
37
66
125
161
196
234
248
292
350
376
405
419
459
475
471
510
521
522
547
553
565
563
566
559
587
600
589
582
566
564
566
554
512
475
438
403
385
401
384
342
318
306
288
262
228
201
203
190
144
131
103
58
14
-8
-43
-66
-91
-118
-127
-171
-220
-249
-276
-281
-280
-323
-368
-400
-425
-440
-480
-496
-498
-512
-516
-551
-560
-563
-558
-553
-578
-576
-574
-580
-562
-540
-530
-521
-518
-514
-478
-446
-411
-371
-340
-299
-267
-239
-198
-187
-164
-140
-108
-68
-21
-20
21
68
95
146
157
182
209
263
293
327
358
376
394
414
447
447
464
463
477
509
507
523
508
513
537
537
548
518
503
483
482
475
485
481
446
434
408
410
403
394
378
366
354
316
292
267
233
204
187
146
130
71
22
-3
-33
-61
-83
-138
-187
-207
-263
-303
-332
-354
-398
-420
-446
-476
-493
-499
-515
-535
-525
-525
-539
-552
-560
-572
-588
-588
-590
-572
-536
-513
-506
-466
-445
-457
-439
-394
-370
-341
-311
-290
-268
-238
-216
-203
-166
-127
-67
-30
-16
-6
47
86
104
128
131
145
184
224
257
309
338
366
387
405
423
431
451
439
444
485
475
478
486
472
497
490
493
519
489
488
481
482
437
392
378
342
318
335
310
277
274
242
236
226
181
150
131
104
76
48
2
-18
-39
-70
-99
-160
-187
-218
-220
-239
-286
-318
-342
-346
-362
-381
-411
-419
-428
-434
-450
-459
-453
-479
-454
-461
-456
-442
-429
-429
-419
-370
-353
-356
-332
-330
-308
-279
-281
-275
-261
-227
-193
-167
-138
-125
-98
-74
-42
-24
-4
-2
24
58
81
107
128
181
188
196
227
247
251
277
293
299
313
317
333
354
353
358
354
344
364
357
371
371
362
359
338
351
345
314
308
292
270
244
231
234
239
236
224
201
174
149
130
133
115
95
68
57
58
40
6
-38
-36
-49
-86
-115
-135
-154
-171
-209
-239
-279
-299
-311
-327
-318
-349
-365
-384
-405
-409
-387
-407
-417
-403
-388
-374
-389
-372
-353
-348
-324
-310
-309
-299
-269
-238
-236
-206
-183
-157
-132
-122
-120
-99
-67
-32
-18
11
63
79
107
120
138
148
181
190
203
230
254
258
277
295
286
296
316
333
328
316
341
367
368
365
328
328
334
331
339
309
283
272
245
231
229
218
207
192
201
192
170
150
112
93
73
64
40
8
0
-3
-36
-48
-53
-96
-110
-134
-162
-161
-173
-169
-180
-178
-193
-207
-222
-257
-259
-284
-285
-276
-283
-279
-274
-280
-277
-268
-283
-290
-267
-259
-263
-284
-275
-236
-227
-238
-225
-212
-206
-182
-170
-166
-160
-152
-128
-108
-83
-81
-71
-53
-37
-20
-15
11
43
74
104
140
160
200
229
228
226
239
241
251
265
266
294
281
299
292
280
299
316
317
288
282
292
297
279
286
282
276
261
241
214
203
199
177
157
146
128
113
91
68
36
16
-1
-32
-34
-47
-62
-86
-127
-153
-151
-149
-148
-141
-141
-152
-197
-229
-229
-243
-237
-230
-236
-247
-261
-263
-258
-262
-269
-280
-280
-284
-265
-258
-261
-278
-265
-235
-232
-246
-229
-229
-190
-159
-148
-128
-122
-94
-78
-60
-48
-32
1
11
17
45
53
58
91
97
135
160
181
209
199
226
234
232
246
263
274
280
274
295
297
298
298
283
283
279
274
290
284
276
269
236
218
229
226
205
189
179
179
168
155
132
99
94
67
24
-3
-11
-34
-70
-84
-115
-138
-138
-147
-172
-191
-182
-221
-237
-230
-223
-229
-238
-239
-238
-219
-237
-234
-257
-269
-273
-284
-280
-257
-258
-264
-254
-259
-271
-269
-241
-247
-236
-251
-248
-239
-225
-189
-167
-146
-109
-119
-115
-78
-39
-11
-4
26
35
36
69
76
101
130
144
159
170
176
207
224
238
256
259
268
287
280
295
303
321
322
303
324
316
325
315
316
318
310
293
279
269
250
245
230
205
196
196
180
157
136
125
97
102
91
75
65
43
24
22
17
12
-15
-56
-61
-88
-117
-138
-160
-160
-145
-193
-205
-221
-243
-254
-279
-288
-282
-290
-306
-328
-322
-321
-334
-323
-322
-326
-352
-355
-352
-352
-348
-332
-298
-307
-284
-271
-255
-236
-223
-198
-188
-170
-153
-132
-128
-104
-71
-58
-34
-1
7
30
72
97
109
123
136
151
181
196
202
209
217
236
258
278
305
323
341
346
368
379
367
380
375
357
347
359
360
365
355
325
288
279
270
261
255
227
209
183
180
174
129
91
73
56
53
50
18
8
-4
-27
-24
-45
-68
-89
-97
-110
-122
-117
-134
-156
-176
-201
-236
-253
-256
-262
-278
-308
-303
-286
-298
-292
-320
-324
-323
-331
-338
-339
-321
-331
-335
-330
-306
-287
-270
-261
-246
-217
-208
-183
-160
-155
-129
-113
-118
-97
-71
-60
-46
-20
10
