-24
-16
-26
-16
-1
-7
-3
2
2
1
9
10
9
19
12
19
16
19
26
13
18
30
29
12
13
12
16
16
18
13
18
15
14
-2
-7
-4
9
2
-9
-7
-10
-4
-11
-2
2
6
1
-6
5
8
12
16
4
3
5
4
8
8
8
13
8
9
11
6
1
8
10
6
-4
-11
-11
-4
-3
-19
-3
-7
-8
-5
-5
-13
-1
7
-6
0
1
-5
-2
2
4
-2
0
23
9
5
10
2
2
2
11
13
13
8
1
-4
5
9
12
15
3
6
-1
-4
6
0
0
3
0
-2
0
-1
-9
-5
0
-9
-10
-13
-21
-15
-9
-15
-19
-17
-18
-10
-18
-4
-9
-20
-14
-8
1
4
-1
-15
-8
-5
-6
-3
5
4
3
1
-12
-9
-5
-3
3
-1
1
-7
0
10
3
4
0
14
4
-6
-1
-5
-3
-4
-4
-6
10
9
9
10
-2
2
7
6
7
10
9
7
-2
7
-1
1
1
-5
7
4
1
3
-5
-1
7
3
-2
-5
7
-3
-7
-5
0
12
4
7
6
10
15
3
5
8
-3
-7
-14
-10
-6
-18
-14
-8
2
20
8
11
1
5
-2
2
-3
-4
9
-1
-51
-211
-19
182
51
-86
-188
-256
138
206
-156
-183
-114
-3
59
-80
-66
-57
-76
-4
24
41
83
-93
-20
276
205
111
32
88
355
342
146
159
246
320
347
218
279
265
153
225
247
216
196
13
-28
148
55
-133
-172
-148
-112
-200
-350
-357
-377
-321
-316
-459
-431
-401
-545
-490
-390
-397
-459
-468
-432
-315
-316
-311
-292
-248
-126
-116
-175
-75
2
33
98
114
134
195
196
225
279
263
289
272
301
388
347
307
317
348
379
402
365
420
430
397
421
419
422
477
473
453
454
415
402
370
344
352
279
202
193
146
101
78
-23
-54
-123
-182
-196
-266
-311
-332
-452
-479
-447
-563
-591
-587
-644
-648
-680
-735
-737
-740
-709
-712
-746
-672
-634
-656
-554
-534
-508
-418
-343
-307
-210
-145
-80
-25
33
130
169
227
316
340
378
411
415
446
479
471
470
442
425
443
418
389
380
366
337
334
326
325
311
283
308
292
311
347
329
369
404
409
429
455
486
520
511
539
559
531
557
561
570
620
552
505
490
414
396
340
230
214
126
-24
-98
-185
-271
-352
-500
-590
-670
-761
-847
-937
-1010
-1010
-1149
-1204
-1177
-1242
-1274
-1318
-1358
-1307
-1243
-1259
-1230
-1155
-1071
-1016
-988
-829
-691
-596
-485
-401
-293
-169
-88
-21
148
319
365
371
410
509
568
563
600
634
707
746
740
747
827
801
793
812
832
874
843
828
906
959
920
915
962
1015
1045
1017
1024
1049
1109
1115
1088
1091
1123
1101
1047
1041
1004
952
906
820
776
691
576
497
413
313
178
47
-145
-239
-321
-519
-663
-740
-964
-1123
-1268
-1413
-1468
-1593
-1738
-1796
-1889
-1908
-1917
-2062
-2072
-2046
-2090
-2065
-2077
-2081
-1978
-1954
-1855
-1801
-1849
-1667
-1421
-1322
-1185
-1155
-1109
-879
-657
-448
-294
-182
22
196
338
627
839
966
1179
1342
1487
1693
1792
1910
2045
2093
2183
2198
2252
2354
2365
2320
2313
2281
2265
2241
2111
2060
1979
1849
1737
1590
1490
1414
1227
1044
934
795
699
574
448
390
246
79
-30
-114
-189
-234
-340
-465
-535
-622
-704
-731
-751
-801
-928
-1052
-1049
-1073
-1146
-1208
-1314
-1409
-1405
-1469
-1545
-1602
-1671
-1705
-1739
-1820
-1853
-1904
-1932
-1909
-1972
-2069
-2047
-1993
-1961
-1984
-2111
-2135
-2070
-1968
-1846
-1784
-1761
-1651
-1583
-1477
-1236
-1001
-805
-630
-438
-176
60
326
625
868
1121
1386
1587
1843
2106
2286
2413
2555
2711
2833
2933
3026
3091
3105
3117
3120
3072
3053
2982
2875
2792
2664
2500
2342
2190
2041
1864
1617
1377
1177
996
848
651
460
291
91
-108
-249
-387
-562
-696
-840
-937
-1031
-1124
-1250
-1371
-1430
-1474
-1526
-1616
-1661
-1739
-1784
-1780
-1784
-1898
-1952
-1943
-1927
-1882
-1942
-1992
-1956
-1975
-1950
-1933
-2010
-1982
-1977
-2148
-2075
-1947
-1938
-1901
-2064
-2147
-2008
-1853
-1732
-1685
-1721
-1645
-1571
-1511
-1179
-863
-721
-628
-504
-161
322
579
749
1060
1402
1743
1908
2085
2472
2739
2816
2843
2946
3193
3360
3311
3336
3437
3409
3318
3255
3279
3271
3071
2816
2677
2561
2433
2207
1910
1785
1568
1205
962
834
704
486
174
-37
-170
-395
-627
-796
-898
-984
-1166
-1374
-1412
-1432
-1518
-1602
-1707
-1727
-1743
-1894
-1900
-1817
-1917
-1995
-2042
-2040
-2015
-1963
-2036
-2085
-1970
-1947
-2073
-1949
-1856
-1964
-1886
-1833
-1859
-1752
-1671
-1889
-1943
-1660
-1537
-1658
-1686
-1803
-1762
-1419
-1150
-1217
-1478
-1458
-1186
-889
-598
-523
-624
-438
-25
258
416
665
1030
1368
1622
1860
2041
2270
2581
2801
2841
2884
2978
3180
3395
3474
3458
3365
3322
3397
3469
3346
3190
3090
2929
2759
2594
2465
2299
2040
1800
1537
1261
1065
896
632
374
137
-177
-396
-523
-647
-843
-1102
-1269
-1392
-1536
-1620
-1685
-1765
-1844
-2006
-2138
-2058
-2116
-2306
-2226
-2260
-2362
-2222
-2260
-2373
-2187
-2089
-2135
-2198
-2058
-1827
-1866
-1871
-1660
-1771
-1794
-1538
-1569
-1758
-1447
-1422
-1605
-1980
-1808
-570
-553
-1336
-1549
-2157
-1382
648
-563
-2125
-1328
-466
240
-17
-983
-330
595
1032
890
209
944
2309
1758
1512
2241
2246
2282
2377
2630
3173
2797
2205
2609
3231
3703
3079
2017
2587
3389
2961
2485
2184
2523
2962
2036
1435
1893
1956
1703
1223
869
1259
982
223
385
507
367
-17
-766
-637
-7
-576
-1215
-1136
-935
-821
-1360
-1874
-1415
-1286
-1683
-1881
-1991
-1923
-1649
-1821
-2052
-1865
-1644
-2059
-2285
-1712
-1587
-1980
-2034
-1866
-1795
-1556
-1714
-2012
-1740
-1307
-1302
-1782
-1942
-1724
-2234
-1365
-35
-978
-2405
-2637
-2090
-133
471
-1583
-2823
-1826
408
229
-1766
-1808
-150
715
451
-450
-539
1023
1955
1033
678
1384
2108
1825
1834
2669
2797
1858
1627
2505
3321
3395
2235
1851
2938
3498
2854
2148
2537
3451
3096
1947
1907
2646
2861
2309
1581
1712
2051
1495
970
1220
1488
1197
257
-208
415
632
-96
-665
-695
-358
-524
-1368
-1539
-1047
-1053
-1605
-2118
-1925
-1556
-1841
-2219
-2150
-2025
-1972
-2296
-2496
-2044
-1763
-2127
-2404
-2148
-1709
-1745
-2060
-1954
-1600
-1414
-1722
-1968
-1502
-1027
-1214
-1506
-1525
-1162
-830
-1372
-1692
-1074
-693
-890
-1407
-1881
-1574
-1526
-938
-217
-1118
-1628
-1695
-2144
-575
759
-688
-1482
-769
339
999
561
278
1076
1935
2379
1942
1461
2645
3626
2875
2578
2875
3277
3427
3467
3582
3543
3098
3008
3289
3484
3850
3228
2380
2706
3152
2742
2254
2095
2303
2131
1175
886
1016
1007
965
222
-367
-218
-418
-935
-890
-943
-1052
-1399
-1906
-1762
-1612
-1838
-2068
-2242
-2223
-2191
-2520
-2552
-2097
-2280
-2430
-2372
-2477
-2224
-2050
-2243
-2102
-1970
-1870
-1773
-2259
-1837
-1086
-1819
-1841
-1231
-1738
-1552
-943
-1431
-1552
-1060
-1217
-1422
-1600
-1192
-689
-960
-1006
-942
-1559
-1120
-119
-464
-948
-843
-738
-540
-264
-68
-51
-151
222
544
423
664
1240
1301
1476
1867
1911
1831
2063
2497
2743
2461
2366
2627
2785
2969
3007
2764
2828
2975
2916
2873
2811
2940
2907
2529
2395
2530
2363
2198
2066
1872
1747
1464
1080
1002
1039
932
575
54
-83
-35
-318
-555
-758
-927
-1052
-1325
-1629
-1602
-1497
-1689
-2012
-2191
-2087
-2121
-2291
-2115
-2169
-2300
-2160
-2328
-2400
-2236
-2108
-2042
-2030
-1960
-1777
-2110
-1765
-1203
-1806
-2104
-1398
-1352
-1413
-1128
-1522
-1615
-980
-820
-1329
-1602
-1160
-473
-687
-1001
-993
-1228
-997
-218
-377
-955
-849
-656
-581
-239
-23
-132
-146
107
485
456
448
931
1162
1206
1553
1534
1478
1835
2124
2186
2182
2103
2220
2454
2580
2634
2529
2458
2416
2467
2608
2618
2491
2438
2407
2297
2319
2135
1927
2060
2061
1762
1391
1236
1316
1362
1111
821
593
358
314
87
-98
-152
-296
-504
-744
-956
-1016
-1032
-1254
-1339
-1471
-1742
-1853
-1772
-1740
-1938
-1932
-1928
-2177
-2183
-1972
-2093
-2150
-1875
-1976
-2350
-1863
-1615
-1976
-1762
-1784
-1950
-1386
-1476
-1622
-1269
-1582
-1283
-876
-1405
-1238
-1027
-1366
-755
-471
-986
-1019
-1071
-978
-386
-506
-882
-807
-821
-597
-266
-533
-531
-146
-52
-50
121
172
504
771
868
1017
1088
1293
1525
1555
1564
1777
1675
1657
1949
2120
2141
2108
2181
2297
2317
2412
2392
2383
2575
2596
2275
2272
2549
2522
2364
2228
2194
2161
2062
1962
1800
1713
1723
1517
1145
1017
989
732
557
482
257
-40
-292
-502
-533
-686
-982
-1239
-1405
-1507
-1637
-1898
-1898
-1932
-2252
-2363
-2174
-2320
-2391
-2306
-2567
-2375
-2144
-2290
-2533
-2150
-2078
-2298
-2275
-1996
-1787
-1813
-1971
-1918
-1779
-1544
-1226
-1464
-1734
-1462
-1128
-1181
-1140
-1001
-1043
-1388
-1009
-555
-576
-952
-922
-905
-761
-347
-365
-639
-328
243
159
-121
79
689
848
927
1011
1046
1069
1500
1694
1661
1710
1827
1824
1998
2374
2466
2210
2243
2595
2692
2680
2693
2786
2864
2977
2939
2832
2819
2917
2866
2680
2636
2681
2420
2219
2247
2207
1906
1629
1360
1193
1148
957
592
323
240
-35
-482
-742
-821
-1042
-1372
-1595
-1911
-2101
-2082
-2336
-2599
-2508
-2533
-2745
-2748
-2959
-2992
-2677
-2605
-2885
-2827
-2637
-2650
-2453
-2264
-2407
-2614
-2113
-2025
-2437
-2056
-1416
-1587
-1716
-1774
-1817
-1432
-1015
-989
-1317
-1213
-556
-553
-1221
-984
-275
-192
-451
-488
-637
-346
234
167
-78
201
541
454
267
722
1237
1026
890
1276
1563
1546
1598
1564
1775
2003
2045
1728
1806
2453
2689
2241
2002
2447
2657
2549
2569
2680
2790
2837
2674
2525
2638
2950
2806
2342
2352
2653
2390
2029
2048
2045
1900
1626
1277
1023
1009
942
541
110
18
-194
-685
-959
-871
-1036
-1573
-1887
-1893
-2057
-2232
-2560
-2799
-2608
-2496
-2894
-3219
-3013
-2800
-2851
-3110
-2916
-2800
-2888
-2455
-2591
-2722
-1995
-2025
-2619
-2206
-1740
-1615
-1560
-1623
-1279
-1199
-1242
-920
-885
-1179
-774
-435
-640
-445
-215
-692
-737
-78
206
-119
-346
-219
36
70
144
181
102
449
606
418
472
904
955
1009
1143
1447
1493
1336
1453
1774
1865
1897
1888
1770
2153
2428
2346
2136
2368
2612
2602
2422
2554
2745
2687
2696
2657
2557
2696
2722
2406
2303
2346
2186
1935
1779
1802
1698
1357
1118
857
612
507
297
-145
-287
-417
-768
-1046
-1229
-1406
-1474
-1699
-1972
-2135
-2431
-2538
-2413
-2502
-2664
-2635
-2875
-2778
-2564
-2454
-2551
-2399
-2500
-2386
-2245
-2059
-1912
-1851
-1905
-1831
-1760
-1629
-1268
-1424
-1207
-939
-946
-1010
-858
-924
-838
-684
-492
-558
-388
-530
-718
-725
-235
-130
-463
-422
-377
-465
-289
-41
-313
-132
80
-46
-153
325
516
575
525
810
1055
990
959
1198
1430
1540
1683
1454
1539
2018
2316
2215
2051
2205
2499
2499
2560
2710
2727
2667
2802
2783
2663
2720
2760
2655
2591
2580
2370
2071
2035
2181
1984
1564
1236
1018
801
746
557
83
-246
-345
-580
-880
-1054
-1287
-1565
-1685
-1758
-2128
-2417
-2301
-2265
-2472
-2463
-2597
-2911
-2683
-2316
-2522
-2444
-2424
-2725
-2361
-1885
-2049
-2208
-2125
-1857
-1549
-1545
-1693
-1634
-1352
-941
-1188
-1336
-1022
-817
-596
-744
-940
-579
-348
-559
-650
-782
-603
-228
-229
-456
-509
-476
-433
-344
-234
-234
-144
-110
-62
91
203
341
504
690
826
958
924
1093
1341
1543
1520
1533
1623
1804
1985
2207
2172
2132
2401
2486
2402
2477
2729
2689
2686
2725
2711
2566
2644
2698
2500
2305
2260
2078
1882
1771
1714
1516
1288
1033
732
528
428
294
22
-207
-424
-558
-772
-910
-1038
-1205
-1275
-1372
-1728
-1878
-1879
-2018
-1997
-1993
-2302
-2294
-2195
-2176
-2068
-2031
-2171
-2239
-2118
-2000
-1880
-1904
-1943
-1971
-1622
-1683
-1894
-1594
-1373
-1616
-1467
-1189
-1462
-1364
-1039
-1340
-1423
-873
-761
-1075
-1157
-1142
-804
-518
-682
-786
-860
-753
-538
-437
-528
-366
-106
-44
-57
57
330
489
544
800
1063
994
1111
1392
1551
1592
1706
1688
1754
1977
2170
2231
2108
2351
2463
2335
2401
2597
2606
2502
2497
2574
2588
2587
2544
2492
2464
2434
2309
2069
1995
2049
1930
1645
1467
1341
1168
1011
781
625
495
203
-46
-279
-462
-611
-820
-1114
-1188
-1357
-1746
-1860
-1873
-1933
-1983
-2123
-2341
-2499
-2497
-2367
-2365
-2602
-2503
-2158
-2430
-2429
-2152
-2365
-2270
-1749
-1986
-2131
-1668
-1629
-1792
-1621
-1424
-1420
-1211
-1249
-1451
-1204
-857
-832
-1016
-1211
-1012
-825
-632
-561
-770
-816
-499
-495
-612
-411
-300
-151
-24
-71
-69
113
301
562
641
736
917
1015
1072
1278
1441
1475
1637
1687
1787
1949
1996
2153
2271
2274
2321
2450
2439
2510
2695
2628
2702
2782
2750
2664
2672
2722
2686
2535
2332
2276
2199
2107
1951
1711
1422
1357
1239
942
692
556
447
239
-78
-365
-502
-721
-942
-1124
-1329
-1688
-1880
-1954
-2142
-2136
-2190
-2511
-2716
-2519
-2384
-2708
-2784
-2487
-2539
-2577
-2584
-2578
-2396
-2347
-2268
-2178
-2285
-1964
-1824
-2055
-1735
-1442
-1433
-1467
-1526
-1464
-1107
-899
-916
-933
-950
-1004
-739
-518
-545
-655
-567
-436
-465
-360
-306
-243
-51
233
81
-62
243
620
689
757
862
893
1126
1442
1430
1418
1704
1780
1781
1910
2026
2071
2246
2372
2471
2458
2366
2596
2738
2805
2850
2775
2711
2802
2891
2756
2660
2657
2591
2428
2316
2111
2036
1967
1740
1490
1281
1102
825
620
466
258
-52
-297
-548
-814
-970
-1219
-1464
-1636
-1829
-2062
-2298
-2345
-2360
-2425
-2681
-2930
-2801
-2633
-2853
-2826
-2774
-2778
-2476
-2515
-2754
-2637
-2343
-2323
-2005
-2092
-2203
-1868
-1656
-1583
-1443
-1483
-1438
-1263
-1096
-885
-847
-892
-771
-841
-905
-564
-426
-539
-469
-383
-511
-324
-248
-266
-60
180
142
116
278
527
744
801
988
1144
1304
1397
1546
1656
1883
2095
2036
2000
2266
2388
2355
2512
2608
2630
2674
2594
2649
2767
2783
2721
2568
2630
2704
2640
2439
2388
2343
2205
1993
1819
1698
1645
1482
1223
955
735
647
361
72
-101
-287
-573
-791
-1023
-1175
-1430
-1609
-1636
-1873
-2101
-2269
-2429
-2446
-2422
-2551
-2742
-2776
-2549
-2669
-2904
-2633
-2282
-2455
-2567
-2347
-2261
-2174
-1834
-1713
-2101
-1758
-1277
-1512
-1664
-1077
-1058
-1198
-804
-987
-987
-618
-463
-493
-707
-757
-280
-133
-249
-253
-297
-291
-55
-52
-142
2
221
305
318
301
519
728
737
1033
1275
1235
1180
1444
1468
1723
1878
1835
1834
1996
2196
2127
2109
2358
2518
2367
2376
2527
2526
2567
2570
2427
2459
2447
2396
2130
2141
2224
1987
1666
1666
1591
1308
1207
981
709
555
429
28
-177
-145
-390
-810
-952
-1082
-1247
-1413
-1626
-1851
-1925
-1928
-2093
-2343
-2460
-2319
-2312
-2377
-2464
-2655
-2571
-2237
-2237
-2263
-2272
-2249
-2095
-1846
-1864
-1936
-1774
-1439
-1239
-1292
-1339
-1302
-1094
-906
-751
-764
-981
-884
-493
-451
-475
-456
-688
-671
-200
-32
-255
-499
-343
-158
-227
-177
-7
16
214
529
373
291
659
916
920
1133
1276
1316
1354
1491
1740
1800
1840
2040
2105
2055
2192
2192
2165
2483
2600
2339
2196
2367
2531
2465
2334
2233
2236
2150
2105
1909
1735
1853
1792
1475
1256
1227
1118
891
742
547
316
83
-100
-271
-458
-582
-888
-1200
-1208
-1251
-1555
-1818
-1922
-1911
-1975
-2199
-2316
-2300
-2301
-2244
-2189
-2395
-2556
-2125
-2020
-2270
-2050
-1892
-2179
-1982
-1730
-1728
-1630
-1752
-1551
-1195
-1318
-1247
-1079
-1145
-807
-554
-972
-1098
-717
-477
-514
-561
-780
-632
-199
-230
-248
-385
-458
-282
-234
-208
28
-30
-52
296
401
396
598
679
808
1215
1381
1312
1310
1521
1787
1868
1793
1931
2160
2234
2259
2212
2202
2456
2616
2433
2322
2357
2469
2508
2360
2277
2299
2140
2069
2006
1827
1726
1677
1425
1300
1288
1077
910
800
606
411
137
-101
-182
-343
-551
-833
-1065
-1148
-1233
-1491
-1710
-1802
-1856
-1967
-2131
-2255
-2265
-2323
-2327
-2317
-2499
-2567
-2521
-2262
-2206
-2353
-2215
-2110
-2249
-1832
-1687
-1985
-1743
-1683
-1587
-1137
-1240
-1414
-1109
-910
-869
-935
-1077
-778
-281
-309
-625
-770
-551
-185
63
-234
-364
-70
-41
-63
68
188
335
436
423
574
735
797
916
1125
1376
1700
1609
1415
1717
2028
2015
1946
2011
2184
2264
2178
2088
2132
2294
2440
2397
2178
2288
2392
2172
2144
2259
2157
1913
1804
1837
1790
1609
1408
1135
1055
1189
965
568
469
508
318
-8
-245
-410
-541
-663
-900
-1252
-1374
-1389
-1566
-1841
-1925
-1951
-2154
-2360
-2253
-2239
-2376
-2300
-2461
-2595
-2285
-2340
-2511
-2162
-2135
-2255
-2099
-2116
-1935
-1612
-1719
-1834
-1585
-1341
-1339
-1296
-1044
-905
-855
-771
-857
-830
-417
-296
-452
-430
-262
-54
-104
-128
38
101
10
59
153
247
490
575
446
508
771
941
989
1104
1309
1487
1598
1666
1753
1807
1931
2022
2009
2056
2164
2188
2114
2143
2260
2284
2254
2254
2204
2188
2190
2105
2045
2030
1978
1794
1698
1670
1581
1428
1276
1217
1040
947
826
578
385
316
112
-163
-318
-496
-769
-1015
-1097
-1241
-1469
-1667
-1739
-1953
-2091
-2068
-2244
-2388
-2420
-2406
-2304
-2431
-2691
-2542
-2360
-2298
-2203
-2275
-2384
-2211
-1906
-1796
-1908
-1830
-1587
-1365
-1231
-1436
-1528
-1103
-689
-819
-828
-908
-855
-402
-173
-469
-568
-474
-195
99
30
-13
-15
-72
28
256
290
356
510
619
596
692
882
974
983
1309
1597
1591
1490
1654
1849
1908
2086
2057
1970
2121
2402
2279
2109
2214
2347
2306
2275
2278
2214
2154
2208
2188
2092
2029
1971
1779
1653
1712
1587
1341
1168
1091
1021
890
665
402
130
59
-101
-322
-513
-693
-941
-1130
-1264
-1468
-1632
-1844
-1937
-2013
-2199
-2302
-2414
-2684
-2457
-2157
-2548
-2673
-2485
-2697
-2476
-2079
-2331
-2450
-2257
-1994
-1917
-2050
-1750
-1498
-1759
-1429
-1077
-1476
-1217
-734
-981
-1160
-672
-471
-608
-502
-392
-495
-551
-225
120
-82
-189
167
27
-189
294
603
295
458
745
664
749
1028
1132
1134
1414
1831
1752
1506
1820
2217
2162
2151
2317
2301
2396
2552
2385
2163
2391
2615
2538
2245
2282
2410
2291
2194
2226
2050
1874
1995
1847
1623
1555
1439
1116
1006
1053
862
559
388
307
96
-150
-341
-577
-694
-781
-1068
-1383
-1528
-1608
-1768
-2000
-2113
-2244
-2412
-2543
-2643
-2642
-2634
-2568
-2617
-2819
-2746
-2526
-2685
-2611
-2276
-2450
-2455
-2021
-1977
-2084
-1709
-1528
-1722
-1562
-1082
-1105
-1198
-976
-919
-929
-674
-339
-488
-668
-414
-249
-377
-81
126
-147
-332
-105
192
374
446
493
544
717
1052
1130
1067
1272
1702
1852
1833
1916
2133
2216
2310
2510
2499
2389
2484
2651
2510
2446
2547
2438
2346
2486
2481
2271
2196
2259
2204
2064
1948
1840
1695
1649
1585
1315
1178
1142
975
785
677
555
383
101
-91
-166
-324
-489
-620
-883
-1135
-1214
-1348
-1589
-1762
-1795
-2032
-2272
-2289
-2322
-2528
-2561
-2603
-2689
-2789
-2658
-2512
-2652
-2511
-2315
-2684
-2684
-2045
-2065
-2273
-1967
-1846
-1853
-1561
-1379
-1593
-1391
-937
-1141
-1233
-998
-723
-573
-794
-990
-692
-443
-297
-237
-415
-377
-192
20
235
420
381
378
524
852
1166
1214
1156
1487
2013
2141
1945
1871
2189
2647
2676
2386
2397
2582
2779
2738
2555
2511
2611
2549
2458
2448
2443
2376
2212
2082
2226
2161
1870
1677
1719
1728
1484
1214
990
961
949
819
481
320
318
119
-137
-272
-371
-532
-800
-990
-1079
-1194
-1432
-1597
-1735
-1925
-2050
-2191
-2364
-2398
-2369
-2577
-2689
-2610
-2649
-2771
-2676
-2632
-2428
-2476
-2546
-2421
-2389
-2171
-2048
-2172
-1885
-1489
-1739
-1738
-1409
-1250
-1219
-1278
-1290
-1036
-742
-692
-1022
-1041
-666
-250
-328
-610
-506
-287
-68
81
223
249
287
490
898
1021
1115
1283
1544
1947
2282
2195
1987
2235
2747
2926
2644
2539
2760
2991
2944
2871
2715
2671
2850
2801
2523
2541
2575
2382
2192
2230
2090
1828
1617
1572
1552
1374
1190
945
740
778
757
378
178
194
51
-231
-370
-488
-614
-789
-912
-1087
-1279
-1311
-1521
-1763
-1800
-1872
-2087
-2243
-2286
-2326
-2306
-2431
-2573
-2527
-2527
-2562
-2353
-2440
-2506
-2211
-2249
-2332
-2071
-2083
-2133
-1735
-1654
-1741
-1826
-1655
-1434
-1485
-1425
-1277
-1188
-1106
-1123
-1385
-1211
-825
-688
-679
-820
-849
-615
-381
-272
-62
155
95
310
661
868
1058
1196
1410
1933
2192
2099
2130
2313
2697
2962
2724
2522
2873
2980
2913
2902
2811
2756
2832
2741
2631
2699
2594
2444
2317
2251
2241
2024
1632
1630
1689
1454
1163
972
893
884
706
500
326
153
45
-83
-264
-378
-464
-719
-927
-969
-1007
-1171
-1344
-1425
-1480
-1635
-1780
-1848
-1957
-2054
-1959
-2127
-2389
-2272
-2300
-2437
-2191
-2107
-2318
-2210
-2326
-2318
-1850
-1905
-1997
-1835
-2049
-1763
-1464
-1762
-1789
-1698
-1634
-1246
-1176
-1579
-1554
-1475
-1359
-1026
-940
-1118
-1143
-1113
-903
-521
-504
-488
-295
-225
163
560
510
646
1207
1602
1744
1835
1755
1903
2494
2955
2723
2529
2593
2696
2958
3219
2936
2717
2802
2861
2890
2700
2560
2447
2391
2451
2368
2002
1850
1929
1859
1661
1469
1089
885
975
929
703
493
309
177
102
-28
-162
-365
-484
-537
-717
-923
-998
-1038
-1125
-1252
-1391
-1586
-1788
-1786
-1673
-1814
-1990
-2011
-2127
-2173
-2084
-2068
-2211
-2323
-2219
-2089
-2103
-2154
-2002
-1934
-1973
-1807
-1764
-1917
-1820
-1520
-1617
-1852
-1644
-1414
-1443
-1352
-1415
-1630
-1418
-1155
-1110
-1120
-1063
-1014
-1053
-924
-646
-403
-281
-276
-120
273
598
747
823
1109
1668
1984
1893
1788
2056
2743
3071
2771
2655
2781
2796
3108
3198
2756
2756
3021
2848
2654
2651
2387
2255
2423
2449
2139
1784
1673
1701
1670
1512
1249
856
796
964
760
435
286
209
117
-13
-155
-296
-381
-463
-552
-702
-859
-894
-1019
-1199
-1209
-1301
-1606
-1656
-1689
-1793
-1901
-1908
-1989
-2135
-2107
-2120
-2211
-1961
-1931
-2333
-2227
-1957
-2009
-1899
-1891
-2123
-1870
-1579
-1698
-1858
-1758
-1729
-1721
-1647
-1460
-1353
-1443
-1606
-1516
-1242
-1138
-1095
-1177
-1167
-963
-808
-774
-583
-257
-8
-78
-12
415
828
894
1071
1439
1745
1943
1994
2089
2316
2654
2630
2493
2710
2975
2869
2738
2754
2911
2881
2688
2485
2534
2748
2640
2236
2089
2230
2109
1734
1491
1539
1482
1231
962
797
748
729
515
309
225
125
-65
-308
-328
-256
-366
-678
-814
-786
-764
-917
-1151
-1239
-1294
-1380
-1485
-1562
-1614
-1621
-1676
-1850
-1881
-1893
-2005
-1951
-1872
-1908
-1934
-1862
-1920
-1866
-1631
-1592
-1833
-1731
-1556
-1610
-1588
-1440
-1610
-1626
-1394
-1416
-1372
-1273
-1370
-1459
-1293
-1158
-925
-948
-1117
-1152
-930
-772
-621
-404
-357
-253
-49
271
485
619
833
1188
1432
1667
1757
1734
1746
2250
2663
2511
2403
2453
2421
2589
2903
2721
2417
2455
2595
2477
2369
2265
2071
2021
2210
2017
1636
1437
1554
1537
1285
1073
837
653
670
761
571
288
217
177
-10
2
-71
-349
-524
-504
-640
-812
-867
-909
-970
-1114
-1194
-1356
-1503
-1482
-1503
-1586
-1642
-1733
-1800
-1875
-1765
-1822
-1878
-1820
-1931
-1879
-1614
-1911
-1850
-1416
-1788
-1733
-1416
-1691
-1564
-1340
-1715
-1607
-1299
-1278
-1199
-1383
-1521
-1128
-985
-1042
-870
-1016
-1174
-754
-598
-727
-354
-249
-374
-19
312
403
575
696
1036
1467
1630
1645
1737
1851
2164
2300
2207
2436
2538
2427
2331
2283
2618
2895
2430
2103
2290
2331
2291
2150
1706
1686
1918
1717
1356
1284
1306
1272
977
758
777
593
437
549
479
220
165
-15
-141
-23
0
-256
-478
-477
-376
-513
-787
-787
-802
-955
-974
-1114
-1357
-1397
-1351
-1421
-1559
-1639
-1740
-1774
-1779
-1738
-1727
-1838
-1895
-1894
-1834
-1692
-1736
-1702
-1596
-1613
-1589
-1433
-1477
-1601
-1558
-1464
-1419
-1289
-1303
-1534
-1427
-1145
-1082
-1020
-994
-1159
-1120
-941
-698
-487
-425
-469
-396
-64
295
487
473
687
1156
1465
1551
1533
1618
1979
2136
2104
2290
2411
2335
2364
2262
2353
2714
2479
2061
2143
2358
2333
2157
1852
1789
1924
1855
1581
1390
1365
1497
1287
906
890
932
767
661
680
533
419
269
180
176
111
-87
-293
-381
-318
-324
-590
-782
-753
-715
-829
-1066
-1251
-1312
-1333
-1349
-1440
-1708
-1776
-1659
-1760
-1785
-1655
-1811
-1848
-1696
-1827
-1787
-1619
-1625
-1588
-1603
-1674
-1456
-1270
-1524
-1700
-1438
-1404
-1283
-1168
-1487
-1545
-1282
-1234
-1150
-1007
-1043
-1222
-1225
-931
-550
-452
-548
-557
-337
116
360
263
344
926
1331
1344
1326
1453
1728
2010
2051
2180
2342
2317
2283
2154
2193
2591
2633
2084
1981
2284
2367
2194
1931
1712
1837
1949
1709
1387
1342
1534
1474
1039
869
999
891
777
790
667
461
349
174
198
271
179
-105
-293
-250
-190
-398
-677
-671
-644
-779
-951
-1152
-1273
-1182
-1178
-1396
-1621
-1682
-1668
-1725
-1805
-1739
-1903
-2011
-1910
-1809
-1952
-2006
-1733
-1772
-1836
-1670
-1712
-1850
-1457
-1468
-1873
-1700
-1246
-1206
-1345
-1499
-1549
-1225
-1031
-977
-1090
-1238
-1074
-732
-765
-675
-260
-290
-479
-66
345
480
592
699
1070
1489
1599
1566
1630
1915
2310
2289
2141
2309
2520
2382
2214
2311
2614
2514
2149
2114
2232
2224
2114
1806
1624
1940
1914
1489
1241
1453
1603
1353
946
844
959
989
870
647
486
495
423
170
81
205
108
-198
-257
-214
-245
-439
-603
-724
-762
-765
-1043
-1290
-1215
-1138
-1316
-1600
-1772
-1645
-1587
-1778
-1975
-1861
-1851
-1911
-1900
-2046
-1874
-1531
-1773
-2041
-1812
-1652
-1567
-1620
-1873
-1896
-1591
-1473
-1511
-1554
-1615
-1631
-1412
-1372
-1163
-1027
-1334
-1405
-1075
-759
-647
-515
-621
-476
-29
163
209
383
690
1127
1345
1374
1488
1689
1938
2187
2239
2141
2421
2518
2386
2427
2469
2430
2564
2433
2143
2244
2270
2144
2154
1944
1779
1842
1690
1585
1546
1396
1300
1185
923
874
917
789
740
617
397
390
335
224
175
119
-39
-165
-297
-328
-247
-409
-610
-699
-817
-899
-953
-1167
-1309
-1271
-1361
-1534
-1609
-1814
-1855
-1756
-1855
-1816
-1761
-2068
-2045
-1770
-1744
-1705
-1774
-1959
-1851
-1544
-1473
-1769
-2007
-1746
-1422
-1432
-1508
-1608
-1743
-1411
-1116
-1240
-1273
-1206
-1269
-1216
-929
-652
-499
-479
-497
-133
211
227
338
544
930
1367
1472
1312
1497
1868
1990
2107
2328
2426
2421
2339
2197
2387
2729
2639
2191
2156
2418
2455
2179
1957
1820
1897
2025
1741
1450
1467
1571
1364
1051
989
944
752
671
655
528
352
257
105
140
232
86
-171
-311
-316
-314
-358
-504
-616
-659
-821
-934
-970
-1015
-1103
-1235
-1340
-1407
-1446
-1617
-1853
-1800
-1577
-1703
-1776
-1987
-2121
-1657
-1498
-1897
-1960
-1928
-1831
-1528
-1611
-1701
-1725
-1682
-1436
-1309
-1412
-1397
-1500
-1564
-1166
-920
-1099
-1255
-1274
-1234
-820
-625
-740
-655
-455
-286
-9
55
154
488
674
894
1186
1268
1309
1572
1836
1953
1970
2101
2263
2377
2389
2312
2165
2372
2670
2493
2230
2181
2132
2109
2150
2040
1868
1751
1697
1615
1512
1429
1307
1027
925
978
925
687
580
546
441
355
214
133
95
41
-85
-229
-354
-268
-230
-420
-662
-712
-688
-887
-1003
-1088
-1244
-1316
-1212
-1468
-1726
-1663
-1622
-1616
-1686
-1886
-1871
-1810
-1864
-1656
-1829
-2056
-1701
-1511
-1774
-1634
-1509
-1603
-1481
-1432
-1552
-1418
-1200
-1276
-1498
-1563
-1201
-858
-964
-1220
-1215
-1193
-961
-714
-651
-534
-419
-440
-216
90
292
475
536
792
1213
1294
1146
1365
1734
1956
2004
2129
2132
2277
2347
2187
2171
2529
2561
2250
2112
2148
2277
2140
1969
1860
1849
1798
1662
1446
1465
1542
1335
954
875
1027
1038
839
649
576
530
405
270
218
191
100
-93
-236
-233
-179
-355
-492
-573
-599
-730
-962
-1090
-1106
-1054
-1109
-1380
-1577
-1548
-1649
-1743
-1691
-1774
-1763
-1676
-1920
-2017
-1753
-1684
-1716
-1692
-1769
-1764
-1631
-1515
-1547
-1567
-1535
-1530
-1439
-1317
-1155
-1256
-1598
-1420
-1007
-880
-869
-1096
-1292
-1044
-716
-632
-641
-546
-369
-249
-135
98
322
487
654
939
1076
1187
1287
1485
1835
1980
1934
1880
1961
2252
2459
2191
2085
2309
2452
2370
2185
2034
2034
2104
2068
1894
1782
1788
1743
1618
1526
1473
1272
1032
1099
1180
1095
890
661
613
659
622
466
326
249
214
72
-106
-169
-178
-249
-367
-560
-728
-799
-919
-1026
-940
-1058
-1383
-1453
-1505
-1595
-1607
-1757
-1872
-1676
-1641
-1799
-1939
-2082
-1802
-1572
-1781
-1871
-1930
-1855
-1575
-1610
-1738
-1581
-1466
-1564
-1520
-1386
-1271
-1153
-1274
-1504
-1370
-1035
-900
-866
-900
-955
-909
-770
-558
-292
-260
-218
-208
-50
255
384
430
607
946
1129
1218
1300
1381
1601
1826
1844
1879
1962
1937
1928
2052
2167
2265
2170
2026
2054
2104
2100
2043
1964
1891
1910
1852
1662
1553
1525
1457
1355
1246
1174
1140
1057
989
948
811
667
550
436
411
400
244
86
-27
-96
-132
-180
-401
-595
-725
-821
-870
-929
-1010
-1085
-1156
-1340
-1520
-1601
-1627
-1651
-1568
-1682
-1718
-1807
-1880
-1893
-1816
-1862
-1919
-1829
-1717
-1738
-1698
-1629
-1797
-1573
-1381
-1483
-1617
-1493
-1318
-1188
-1130
-1158
-1268
-1195
-899
-678
-728
-648
-638
-765
-669
-377
-209
-175
-11
50
162
285
442
533
675
896
1099
1111
1142
1339
1513
1588
1669
1688
1686
1787
1844
1875
1891
1988
2014
1972
1859
1921
1980
1942
1937
1925
1820
1718
1729
1661
1613
1573
1476
1320
1222
1207
1176
1050
958
871
741
632
571
474
387
266
97
-49
-142
-228
-350
-497
-701
-817
-932
-994
-1054
-1159
-1303
-1465
-1543
-1534
-1564
-1677
-1809
-1846
-1848
-1830
-1886
-1931
-1947
-1844
-1839
-1844
-1723
-1856
-1851
-1564
-1586
-1559
-1390
-1440
-1382
-1227
-1209
-1177
-1090
-925
-779
-896
-939
-824
-632
-542
-448
-426
-508
-345
-198
-202
-43
128
188
261
356
428
575
662
747
971
1051
1158
1250
1281
1331
1490
1477
1446
1562
1688
1703
1718
1774
1813
1873
1802
1845
1884
1898
1867
1822
1791
1813
1784
1663
1585
1588
1613
1487
1318
1228
1239
1220
1165
1061
880
766
665
531
402
332
160
-42
-157
-312
-502
-645
-718
-847
-995
-1127
-1272
-1428
-1431
-1342
-1552
-1849
-1849
-1808
-1840
-1787
-1901
-2111
-2088
-1850
-1783
-1978
-2035
-1888
-1899
-1792
-1517
-1594
-1708
-1544
-1421
-1307
-1216
-1126
-1096
-1103
-924
-748
-814
-887
-648
-453
-505
-451
-307
-281
-175
7
36
-36
94
332
395
369
490
634
634
754
958
911
898
995
1078
1179
1294
1300
1214
1247
1361
1429
1366
1353
1409
1436
1443
1473
1437
1445
1469
1465
1453
1511
1556
1560
1543
1534
1579
1526
1428
1421
1435
1390
1272
1182
1109
1081
1006
859
775
699
587
379
222
86
7
-108
-231
-437
-572
-618
-744
-876
-987
-1167
-1299
-1267
-1393
-1579
-1605
-1682
-1888
-1876
-1838
-1954
-1933
-1783
-1967
-2060
-1851
-1883
-1887
-1765
-1824
-1819
-1730
-1603
-1504
-1529
-1469
-1342
-1242
-1160
-1026
-961
-915
-825
-721
-656
-589
-493
-339
-215
-205
-92
57
100
215
354
384
466
665
735
710
926
980
965
1077
1095
1186
1313
1314
1284
1358
1420
1442
1353
1285
1347
1374
1402
1380
1310
1360
1424
1392
1317
1368
1362
1299
1299
1305
1336
1258
1207
1189
1206
1177
1122
1016
974
974
890
756
652
652
613
536
377
257
172
77
13
-88
-220
-339
-485
-571
-673
-807
-922
-1044
-1139
-1161
-1251
-1477
-1546
-1521
-1588
-1647
-1770
-1837
-1838
-1815
-1775
-1904
-1909
-1761
-1772
-1813
-1736
-1737
-1651
-1621
-1510
-1302
-1280
-1362
-1175
-1033
-906
-694
-774
-856
-513
-276
-335
-232
-127
-76
175
297
225
374
455
546
635
717
793
789
785
921
977
968
1046
1043
1039
1138
1097
1037
1111
1122
1136
1150
1058
1016
1082
1088
1108
1106
1023
980
1022
1086
1137
1017
1003
1065
1094
1100
1127
1052
1015
1098
1103
1012
939
925
890
862
834
764
625
548
537
455
304
242
148
9
-113
-183
-298
-424
-474
-550
-709
-813
-885
-1047
-1060
-1092
-1228
-1347
-1426
-1431
-1395
-1587
-1649
-1602
-1717
-1687
-1525
-1678
-1710
-1528
-1566
-1614
-1494
-1399
-1471
-1334
-1220
-1192
-1150
-1013
-899
-832
-785
-611
-555
-495
-366
-224
-220
-98
77
202
250
293
289
399
514
394
370
415
620
796
853
532
483
757
985
995
983
935
935
998
1124
1066
1005
1088
1114
1084
1199
1263
1151
1141
1212
1277
1144
1050
984
986
981
973
828
691
740
776
638
539
503
441
325
284
297
211
92
38
28
34
19
-92
-160
-155
-97
-103
-245
-350
-298
-245
-243
-316
-395
-392
-389
-373
-391
-509
-585
-651
-724
-724
-790
-937
-1008
-1003
-1050
-1122
-1143
-1176
-1252
-1210
-1164
-1236
-1136
-1110
-1187
-1095
-1010
-967
-922
-890
-853
-716
-701
-675
-534
-475
-407
-248
-167
-110
56
161
185
338
387
463
496
524
657
705
703
774
826
778
849
902
836
828
880
826
810
766
751
737
714
702
628
531
563
582
475
408
339
311
306
261
198
152
128
173
149
83
81
63
63
131
107
23
19
43
39
114
124
83
139
172
184
160
189
232
263
257
209
191
189
243
271
183
107
90
99
70
44
-47
-123
-145
-267
-308
-245
-381
-437
-442
-584
-566
-539
-671
-687
-691
-729
-697
-750
-816
-741
-708
-719
-704
-760
-709
-627
-635
-592
-519
-495
-463
-436
-415
-338
-226
-193
-162
-143
-70
-60
-2
82
130
159
140
194
329
349
317
355
399
476
524
508
478
529
544
542
512
498
518
556
506
508
477
415
396
381
358
328
277
202
139
143
119
52
6
-37
-38
-73
-127
-133
-133
-192
-188
-154
-168
-148
-136
-155
-110
-74
-106
-100
-64
-3
38
44
28
75
121
130
161
176
190
232
254
248
256
282
276
284
282
265
203
178
190
185
207
179
106
59
106
73
65
68
-1
-106
-150
-115
-131
-187
-185
-242
-320
-244
-250
-357
-390
-376
-386
-371
-366
-390
-431
-404
-342
-327
-343
-300
-291
-273
-199
-185
-222
-245
-162
-49
15
-60
-88
-35
24
133
116
27
39
87
101
125
100
44
51
42
39
30
-25
-83
-94
-84
-72
-92
-171
-213
-183
-211
-281
-299
-304
-297
-257
-289
-352
-301
-258
-225
-211
-205
-166
-139
-164
-93
-81
-95
-30
26
54
120
194
201
253
310
359
405
426
452
507
549
569
609
626
629
691
724
721
729
787
791
740
784
779
743
762
774
697
635
584
562
496
485
411
257
194
165
114
55
-4
-101
-164
-237
-232
-242
-292
-334
-364
-467
-485
-458
-550
-566
-526
-576
-574
-580
-620
-576
-552
-586
-555
-631
-597
-513
-547
-553
-549
-606
-557
-474
-524
-511
-484
-518
-467
-430
-495
-499
-463
-468
-465
-413
-423
-456
-478
-433
-415
-399
-400
-407
-396
-300
-241
-286
-297
-223
-134
-80
-34
-33
8
79
150
169
211
276
288
331
388
452
518
554
616
690
754
773
782
814
860
928
947
931
917
962
1002
1044
1024
993
1005
975
972
965
925
863
817
776
727
734
654
576
530
496
425
323
253
213
173
71
-22
-131
-160
-202
-312
-409
-418
-452
-534
-589
-637
-667
-644
-637
-743
-807
-819
-831
-805
-778
-806
-841
-853
-852
-816
-817
-834
-822
-831
-787
-771
-778
-771
-761
-734
-708
-697
-713
-694
-695
-674
-647
-654
-618
-528
-504
-488
-412
-392
-383
-304
-262
-224
-186
-169
-83
4
43
75
81
153
269
326
346
408
458
563
603
626
700
730
778
839
833
871
935
897
937
1006
1004
1023
1046
1017
1064
1101
1071
1030
1043
1018
1006
952
898
868
824
783
724
635
572
551
497
455
409
336
261
208
161
86
2
-57
-111
-182
-238
-303
-392
-424
-486
-586
-583
-611
-680
-678
-702
-752
-742
-748
-801
-845
-847
-869
-886
-908
-917
-935
-947
-949
-931
-911
-910
-873
-916
-911
-867
-841
-817
-761
-789
-798
-730
-711
-701
-645
-637
-599
-507
-485
-491
-423
-345
-305
-228
-179
-133
-57
31
91
155
237
343
407
456
529
592
631
703
766
796
826
898
930
978
1019
1025
1040
1036
1076
1104
1067
1052
1064
1051
993
1011
998
952
953
944
904
879
826
766
717
687
661
571
514
480
420
363
297
208
141
96
17
-20
-65
-143
-197
-241
-299
-355
-382
-435
-487
-500
-518
-588
-634
-645
-707
-750
-762
-814
-837
-836
-867
-898
-915
-927
-920
-929
-958
-944
-970
-1001
-965
-972
-948
-909
-881
-890
-847
-810
-793
-747
-720
-678
-647
-602
-539
-506
-433
-367
-314
-225
-157
-95
-24
33
70
158
219
262
366
405
462
545
564
637
727
720
783
849
824
847
894
866
897
913
910
924
937
948
950
939
897
932
879
858
878
800
748
764
734
666
690
655
590
580
549
483
433
422
399
338
291
275
220
171
161
84
24
-11
-81
-156
-192
-249
-283
-321
-357
-377
-439
-511
-570
-572
-625
-675
-706
-802
-832
-834
-875
-920
-930
-967
-1007
-1004
-1006
-994
-998
-1003
-1008
-1005
-985
-922
-901
-920
-890
-852
-830
-756
-709
-643
-557
-502
-435
-359
-301
-207
-129
-88
-47
50
111
176
239
277
322
378
454
475
529
555
605
647
707
745
771
771
775
824
837
850
843
834
829
840
847
828
839
842
837
845
801
749
742
724
677
649
647
597
557
542
504
466
440
407
349
311
279
214
155
122
108
66
29
-1
-71
-101
-139
-179
-242
-315
-366
-380
-447
-472
-532
-586
-606
-634
-677
-686
-720
-773
-774
-804
-852
-833
-816
-819
-802
-824
-809
-801
-805
-779
-771
-772
-737
-735
-733
-675
-631
-626
-546
-516
-506
-454
-416
-404
-312
-272
-257
-163
-163
-114
-11
43
62
130
203
232
280
327
377
433
474
506
551
601
675
717
724
781
831
813
847
859
847
830
873
861
847
839
797
787
782
744
700
700
624
596
564
491
481
478
424
400
378
336
317
276
213
200
159
115
70
-1
-31
-34
-68
-130
-150
-207
-270
-286
-357
-366
-401
-426
-469
-490
-540
-553
-579
-642
-649
-675
-708
-714
-748
-753
-714
-724
-736
-724
-732
-714
-661
-673
-664
-657
-645
-609
-588
-557
-521
-516
-512
-437
-408
-402
-348
-317
-286
-222
-200
-191
-117
-44
-29
-4
52
86
128
185
245
279
325
349
379
423
448
498
524
539
595
625
616
624
642
679
674
702
710
698
721
702
722
702
707
699
670
633
615
573
525
527
483
450
429
380
325
299
281
229
188
128
109
106
47
-10
-68
-79
-112
-160
-207
-242
-269
-300
-326
-334
-377
-363
-400
-441
-465
-489
-520
-528
-520
-562
-587
-593
-586
-566
-559
-581
-581
-585
-572
-533
-520
-539
-506
-488
-449
-428
-394
-407
-397
-364
-320
-287
-248
-197
-180
-155
-128
-96
-76
-56
-27
24
59
73
81
142
132
154
198
223
258
258
293
322
343
356
389
370
379
421
417
405
427
448
455
476
511
512
489
507
498
497
522
514
518
519
509
473
473
429
408
384
328
293
267
236
201
191
158
125
60
20
19
-26
-88
-126
-181
-236
-245
-283
-349
-387
-390
-408
-425
-458
-494
-520
-516
-457
-467
-490
-492
-506
-494
-476
-470
-459
-432
-392
-386
-364
-363
-360
-331
-315
-318
-284
-252
-237
-186
-156
-121
-87
-58
-47
-46
-52
-60
-39
-13
24
53
53
82
111
107
116
140
124
124
151
132
151
163
145
172
209
223
245
264
240
248
275
256
265
295
319
339
338
333
343
330
347
363
356
383
370
358
354
357
317
299
306
292
298
251
225
205
166
131
94
57
23
0
-30
-73
-88
-120
-153
-193
-225
-255
-242
-250
-283
-293
-321
-330
-325
-296
-309
-301
-314
-323
-326
-299
-298
-312
-288
-279
-254
-236
-228
-219
-216
-175
-143
-125
-102
-81
-75
-76
-55
-37
-32
