7
6
8
-4
-6
-13
-8
-9
-4
3
1
5
5
-1
-2
3
9
-5
-11
4
1
-10
-10
-11
-15
-11
-9
-16
-11
-19
-20
-24
-16
-14
-22
-8
-18
-7
-10
-10
-6
-24
-19
-19
-24
-19
-16
-14
-11
-15
-14
-15
-17
-16
-16
-10
-11
-9
-9
-3
-2
-4
0
4
7
2
1
5
-3
4
-4
-9
-3
4
10
9
8
6
5
15
10
14
26
19
20
23
13
17
20
14
11
24
14
12
18
19
13
12
4
4
-3
-6
-1
-9
-15
-16
-17
-10
-9
-19
-5
-8
-5
-13
-2
-2
1
5
-5
-4
-10
-2
5
7
1
10
4
9
2
2
-2
-8
-1
-8
-10
-9
-4
-4
-2
9
12
11
11
10
14
12
8
6
13
3
15
15
11
-1
2
5
-5
10
9
14
8
10
3
11
5
5
17
-4
-4
13
10
0
11
6
3
-2
-2
1
-2
-6
1
1
-1
-6
-3
-1
2
9
5
8
3
-2
-14
-14
-7
-13
-7
-16
-30
-30
-34
-28
-20
-10
-6
-12
-11
-19
-16
-6
-9
3
-3
-18
-20
-15
-16
-11
3
13
14
1
2
2
10
11
6
12
7
0
4
4
8
13
12
3
8
8
-5
-2
-2
0
-18
-15
-8
-6
-1
-8
9
-3
-4
2
-6
7
6
-1
-1
3
0
9
20
15
4
10
6
10
4
2
-11
3
1
5
-76
-80
136
61
-118
-74
-71
11
225
-74
-222
-12
18
130
16
-199
-63
21
-13
121
-32
-149
71
62
101
24
-103
59
149
126
40
-81
5
277
99
-26
22
38
170
90
-31
-5
17
21
110
-23
-16
37
-64
26
51
-34
-43
4
12
60
-80
-71
102
18
13
-4
-55
36
88
-15
-11
-3
31
78
-31
-9
36
-46
-5
49
-46
-28
-30
-77
-51
-93
-107
-96
-130
-88
-104
-191
-135
-89
-175
-170
-169
-173
-146
-163
-164
-177
-170
-118
-133
-184
-112
-116
-132
-59
-84
-97
-87
-51
-4
-8
-47
-8
31
46
102
72
81
157
191
182
194
231
283
300
297
349
336
369
430
387
397
420
406
393
389
396
402
337
311
309
233
197
206
117
47
45
-45
-79
-119
-192
-230
-286
-286
-338
-421
-412
-431
-470
-484
-500
-531
-538
-539
-528
-554
-558
-483
-471
-454
-417
-402
-366
-303
-259
-252
-207
-133
-84
-60
-36
29
51
104
152
179
182
210
235
247
268
263
290
279
299
313
307
296
340
373
350
361
396
410
402
446
466
474
480
518
532
539
585
581
584
613
562
536
565
555
475
412
366
355
343
241
140
86
62
-5
-96
-222
-270
-372
-457
-508
-603
-657
-707
-752
-818
-848
-926
-987
-989
-971
-994
-1095
-1064
-1069
-1073
-1038
-1089
-1099
-1010
-915
-885
-791
-735
-677
-608
-513
-344
-248
-162
-104
-64
42
152
154
202
333
405
401
393
441
516
578
570
506
504
634
653
620
727
770
748
836
905
962
1011
1048
1102
1128
1213
1285
1251
1294
1396
1341
1298
1346
1360
1307
1265
1206
1159
1113
1040
952
824
773
660
509
382
296
179
-5
-187
-337
-465
-651
-817
-967
-1107
-1229
-1313
-1489
-1620
-1623
-1707
-1841
-1872
-1996
-2128
-2107
-2121
-2191
-2232
-2346
-2378
-2302
-2279
-2307
-2293
-2211
-2073
-2035
-2036
-1842
-1530
-1293
-1216
-1165
-913
-486
-177
-34
165
511
887
1114
1264
1534
1862
2093
2203
2298
2490
2691
2730
2733
2752
2781
2838
2799
2744
2700
2554
2438
2406
2307
2156
1976
1831
1769
1588
1353
1173
1028
964
812
517
347
329
217
53
-101
-198
-236
-368
-503
-576
-654
-727
-758
-858
-955
-961
-1055
-1140
-1133
-1227
-1317
-1329
-1346
-1388
-1458
-1579
-1611
-1523
-1627
-1794
-1830
-1833
-1840
-1898
-2056
-2121
-2015
-1987
-2171
-2380
-2342
-2157
-2224
-2276
-2269
-2190
-2021
-1983
-2070
-1944
-1545
-1228
-1099
-1068
-758
-349
-39
234
473
727
1131
1432
1614
1891
2143
2370
2517
2631
2776
2878
2929
3027
3103
3102
3064
3007
3066
3103
3017
2884
2731
2662
2631
2463
2218
2036
1893
1664
1434
1229
1114
935
723
541
353
191
56
-148
-335
-450
-593
-760
-863
-954
-1050
-1188
-1288
-1287
-1375
-1457
-1537
-1590
-1606
-1630
-1754
-1810
-1786
-1794
-1813
-1910
-1938
-1907
-1887
-1903
-1967
-1971
-1901
-1897
-2015
-2064
-2052
-2017
-1979
-2099
-2211
-2178
-2018
-1950
-1954
-1871
-1766
-1759
-1713
-1490
-1222
-958
-845
-796
-540
-86
235
338
576
1015
1372
1507
1606
1915
2329
2551
2470
2467
2726
3010
3074
2991
3009
3110
3127
3046
3081
3070
2951
2797
2687
2658
2557
2356
2166
2096
1956
1705
1420
1280
1233
1019
669
400
347
263
26
-258
-414
-502
-651
-835
-999
-1105
-1144
-1234
-1429
-1488
-1536
-1621
-1734
-1847
-1912
-1937
-2011
-2015
-1986
-2003
-2034
-2039
-1945
-1939
-1984
-1900
-1939
-1969
-1802
-1835
-1950
-1818
-1836
-2021
-1912
-1715
-1753
-1879
-1966
-1900
-1714
-1587
-1535
-1624
-1684
-1454
-1186
-1054
-849
-761
-720
-451
-33
196
310
515
987
1324
1389
1521
1760
2168
2462
2359
2237
2502
2869
2949
2851
2784
2898
2986
2926
2876
2943
2967
2847
2698
2631
2649
2549
2428
2256
2096
1979
1790
1603
1566
1497
1150
895
840
788
535
245
135
-24
-233
-450
-627
-748
-753
-1012
-1340
-1408
-1388
-1490
-1795
-1942
-1964
-2074
-2182
-2271
-2371
-2320
-2296
-2501
-2490
-2386
-2337
-2336
-2439
-2410
-2198
-2110
-2189
-2153
-2051
-1915
-1900
-2110
-1927
-1682
-1648
-1690
-1812
-1828
-1492
-1196
-1420
-1725
-1891
-1073
-373
-961
-1345
-1106
-670
260
484
-481
-117
1285
1723
1294
946
1693
2568
2727
2410
2139
2539
3522
3491
2534
2760
3377
3314
2927
2904
3104
3029
2847
2852
2779
2668
2768
2409
2219
2405
2081
1523
1548
1787
1526
846
465
839
826
278
-141
-235
-55
-164
-714
-1017
-787
-735
-992
-1462
-1637
-1344
-1468
-1857
-1952
-1864
-1920
-2124
-2255
-2074
-2018
-2313
-2332
-2187
-2162
-2065
-2068
-2248
-2091
-1706
-1820
-2104
-1947
-1553
-1503
-1705
-1552
-1498
-1651
-1274
-1067
-1380
-1434
-1398
-1416
-1266
-1146
-1094
-1197
-1497
-1212
-809
-959
-888
-692
-755
-555
-129
-55
-36
292
871
1033
887
1126
1475
1733
2027
2046
1916
2199
2603
2595
2478
2670
2895
2793
2547
2673
2969
3040
2851
2681
2647
2736
2824
2670
2450
2371
2361
2141
1883
1891
1873
1550
1310
1253
1071
809
612
526
305
53
-180
-337
-484
-681
-944
-1225
-1369
-1450
-1628
-1915
-2076
-1985
-2082
-2404
-2561
-2481
-2467
-2613
-2572
-2576
-2685
-2534
-2227
-2440
-2560
-2057
-1927
-2172
-1984
-1640
-1739
-1797
-1447
-1430
-1693
-1360
-1024
-1533
-1437
-971
-1270
-1363
-1195
-1207
-1231
-1409
-1453
-1190
-1099
-749
-776
-1450
-1060
75
221
0
-72
237
1087
1338
1200
1364
1720
2338
2394
1779
2072
2935
3006
2735
2497
2689
3144
2999
2877
2848
2836
2986
2963
2777
2962
2967
2627
2613
2512
2540
2350
2062
2223
2243
1748
1373
1353
1363
1256
721
373
380
284
87
-223
-574
-502
-546
-1112
-1396
-1373
-1424
-1656
-1971
-2048
-2074
-2330
-2468
-2590
-2728
-2577
-2639
-2852
-2761
-2662
-2756
-2470
-2420
-2658
-2375
-2122
-2067
-1992
-1819
-1912
-1779
-1324
-1454
-2048
-1526
-935
-1278
-1259
-1503
-1662
-1029
-1028
-1366
-1287
-1217
-1193
-1237
-1503
-967
-437
-855
-966
-603
-87
228
218
276
883
1363
1344
1129
1391
2278
2700
2152
1940
2316
2834
3191
2967
2752
2932
2911
2995
3185
2960
3052
3062
2834
2989
2987
2764
2787
2767
2637
2348
1903
2008
2213
1869
1492
1133
982
1046
730
352
270
106
-30
-322
-766
-681
-606
-1002
-1256
-1410
-1633
-1697
-1881
-2068
-2065
-2385
-2561
-2558
-2610
-2726
-2751
-2700
-2684
-2542
-2354
-2617
-2683
-2185
-1925
-1873
-1944
-1954
-1622
-1216
-1305
-1448
-1305
-1074
-1028
-899
-864
-965
-645
-738
-1115
-939
-742
-851
-879
-817
-887
-1164
-1333
-1058
-699
-680
-901
-1329
-964
404
657
-228
-164
557
1161
1662
1250
984
1817
2494
2428
1963
1971
2651
2850
2664
2595
2492
2723
3182
2911
2531
2368
2352
2669
2702
2283
2042
2046
2221
2277
1708
1402
1587
1637
1472
1037
714
957
1000
528
254
143
190
177
-259
-492
-488
-597
-649
-810
-1119
-1134
-1233
-1531
-1497
-1528
-1843
-2000
-1852
-1883
-2067
-2156
-2068
-2151
-2231
-1926
-2132
-2207
-1701
-1781
-1844
-1314
-1393
-1505
-1209
-1304
-1027
-765
-990
-1064
-1048
-820
-616
-729
-894
-1126
-1277
-952
-733
-1121
-1227
-1114
-1327
-1337
-1257
-1353
-1090
-841
-1090
-1108
-733
-363
-125
-215
123
721
798
712
889
1393
1881
1895
1437
1529
1950
2317
2393
1941
1927
2176
1962
2083
2280
2036
2022
2030
1969
2036
1846
1729
2015
2055
1912
1595
1376
1860
2086
1622
1356
1332
1537
1573
1192
988
1151
1171
983
550
300
625
610
30
-246
-295
-378
-388
-782
-1113
-1083
-1234
-1464
-1395
-1704
-2019
-1939
-1952
-1917
-2060
-2164
-2198
-2102
-1729
-1571
-1984
-1858
-1594
-1826
-1496
-1266
-1376
-1154
-1075
-1277
-1175
-1210
-1365
-1152
-905
-913
-1105
-1475
-1448
-1202
-1258
-1353
-1364
-1609
-1630
-1398
-1384
-1346
-1122
-1246
-1424
-980
-491
-363
-474
-162
380
495
199
471
1228
1486
1374
1170
981
1769
2521
1760
1138
1880
2459
2221
1739
1577
2028
2395
2222
1851
1871
2359
2647
2224
2036
2338
2348
2208
2201
2257
2242
2077
2010
2129
2011
1745
1521
1454
1620
1429
899
764
904
813
536
-6
-249
-22
-170
-741
-1017
-945
-1020
-1282
-1556
-1702
-1828
-1883
-2049
-2271
-2208
-2342
-2258
-2303
-2284
-1874
-2080
-2386
-2072
-1969
-2205
-1879
-1736
-1913
-1733
-1367
-1476
-1715
-1551
-1647
-1547
-1162
-1326
-1572
-1634
-1442
-1372
-1520
-1629
-1516
-1686
-1691
-1483
-1646
-1337
-1130
-1348
-1177
-615
-567
-586
-359
114
565
604
560
803
1196
1548
1506
1268
1719
2247
2145
1783
1705
2175
2595
2315
2016
2150
2376
2617
2554
2276
2438
2589
2539
2567
2641
2710
2750
2655
2756
2824
2547
2470
2569
2593
2400
2001
1832
1953
1875
1535
1088
876
979
789
199
-11
-74
-302
-593
-967
-1214
-1337
-1526
-1741
-2059
-2339
-2237
-2554
-2965
-2581
-2551
-2986
-2793
-2667
-2909
-2655
-2395
-2777
-2568
-2197
-2606
-2488
-1956
-2145
-2173
-1877
-1928
-1895
-1918
-1896
-1621
-1514
-1443
-1581
-1920
-1617
-1165
-1312
-1477
-1441
-1427
-1182
-1261
-1311
-860
-766
-921
-508
-241
-235
148
414
639
998
1152
1087
1307
1762
2188
1999
1823
2167
1716
2073
3281
2706
2022
2298
1683
2230
3403
2318
1478
2034
2821
2895
1841
1727
2630
2669
2440
2172
1536
2407
3424
2345
1626
1975
2526
2277
1530
1426
1769
1446
1110
1028
414
495
574
-76
-322
-333
-573
-872
-1136
-1075
-1121
-1909
-2163
-1688
-2230
-2825
-2574
-2516
-2663
-2546
-3007
-3218
-2438
-2091
-2825
-3230
-2413
-1873
-2313
-2558
-2156
-1972
-1547
-1334
-2114
-2230
-1256
-1306
-1730
-1318
-1040
-1276
-1468
-1401
-1008
-920
-1186
-1103
-1090
-1143
-722
-883
-1190
-408
-292
-798
-624
-32
321
308
212
736
1193
870
1011
1524
1635
1954
1817
1222
1889
2592
2152
1610
1727
2408
2675
1870
1596
2200
2557
2502
1998
1720
2314
2717
2275
1998
2093
2419
2376
1917
1976
2274
2133
1945
1842
1813
1833
1532
1273
1433
1291
835
576
403
446
311
-266
-628
-563
-577
-949
-1435
-1541
-1309
-1579
-2146
-2105
-1942
-2233
-2463
-2387
-2303
-2399
-2326
-2286
-2424
-2052
-1673
-2314
-2352
-1701
-1809
-1942
-1629
-1549
-1413
-1222
-1479
-1387
-1270
-1468
-1168
-926
-1026
-953
-1307
-1526
-1013
-865
-1178
-1144
-1251
-1112
-904
-1204
-1174
-682
-826
-983
-608
-463
-255
-79
-4
512
812
402
547
1067
1385
1632
1226
903
1668
2133
1796
1433
1687
2389
2364
1780
1758
2187
2538
2584
2191
1992
2419
2672
2549
2379
2325
2572
2484
2252
2277
2285
2118
2228
2137
1793
1589
1460
1426
1314
1057
696
455
355
329
-154
-552
-428
-651
-1010
-1238
-1483
-1562
-1470
-1691
-2021
-2051
-2051
-2076
-2144
-2203
-2260
-2232
-2121
-1735
-1971
-2414
-1862
-1622
-1793
-1631
-1876
-1649
-1094
-1296
-1375
-1332
-1313
-1009
-1455
-1546
-840
-811
-993
-1311
-1561
-1166
-874
-1304
-1393
-1096
-1297
-1426
-1360
-1263
-919
-863
-1269
-1120
-483
-449
-424
-328
132
722
591
209
481
1349
1765
1410
1019
1450
1916
2004
1816
1626
2024
2491
2263
1825
1960
2433
2577
2367
2251
2321
2371
2369
2397
2328
2299
2242
2061
2077
2186
2038
1692
1695
1808
1591
1170
980
1142
1173
829
305
57
176
193
-151
-559
-659
-531
-751
-1146
-1263
-1202
-1216
-1312
-1640
-1832
-1639
-1611
-1698
-1866
-1902
-1798
-1525
-1452
-1703
-1873
-1773
-1515
-1453
-1446
-1779
-1524
-1155
-1362
-1356
-1187
-1345
-1564
-1358
-1290
-1270
-1154
-1108
-1528
-1650
-1027
-1238
-1733
-1260
-1002
-1627
-1733
-1357
-1372
-1077
-1021
-1307
-1089
-617
-415
-444
-403
175
820
378
208
844
1258
1386
1327
1243
1617
1974
1610
816
1854
3123
2315
1571
1441
1350
2568
2956
1470
1374
2246
2485
2005
1314
1768
2442
2183
1849
1700
1585
2310
2536
1605
1558
1768
1664
1312
1159
1280
1219
633
644
677
141
201
267
-133
-89
-160
-872
-806
-407
-586
-1120
-1339
-1278
-1083
-1510
-2040
-1784
-1479
-1570
-1792
-2048
-1980
-1471
-1544
-2049
-1867
-1609
-1730
-1736
-1481
-1557
-1604
-1385
-1457
-2025
-1994
-1346
-1650
-1669
-1231
-1862
-2412
-1641
-1484
-1890
-1773
-1795
-1720
-1686
-1883
-1613
-1272
-1516
-1281
-963
-1084
-627
-225
-306
86
624
578
398
494
1368
1944
1355
1351
1848
1782
2088
2332
1941
2184
2543
2467
2283
2215
2408
2508
2384
2575
2632
2113
2359
2722
2455
2386
2282
2123
2219
2243
2049
1940
1878
1987
1818
1264
1289
1471
1159
985
723
369
406
470
159
-204
-294
-156
-355
-868
-983
-908
-1048
-1176
-1340
-1753
-1793
-1585
-1639
-1841
-1793
-1814
-1991
-1962
-1896
-2058
-2142
-1925
-1869
-1798
-1926
-2178
-1905
-1630
-1755
-1745
-1794
-2288
-2042
-1283
-1569
-1914
-1630
-1817
-2098
-1577
-1524
-1953
-1690
-1372
-1551
-1814
-1766
-1436
-1120
-1144
-1203
-969
-710
-332
-124
-129
209
702
800
541
714
1445
1774
1484
1464
1749
1866
2084
2117
2009
2253
2460
2499
2247
2227
2546
2646
2574
2608
2599
2404
2577
2780
2704
2562
2427
2456
2418
2378
2306
2186
2145
2196
1998
1561
1452
1573
1438
1034
716
597
463
209
38
-222
-449
-509
-595
-1034
-1339
-1268
-1359
-1559
-1688
-1880
-1946
-1970
-2218
-2249
-2308
-2308
-2291
-2337
-2464
-2259
-1989
-2400
-2774
-2224
-1837
-2140
-2005
-1674
-2031
-1974
-1697
-2242
-2179
-1355
-1439
-1755
-1604
-1815
-1743
-1633
-1798
-1485
-1070
-1502
-1747
-1321
-1244
-1073
-798
-1040
-816
-192
-119
-262
-56
585
1167
1006
782
1139
1422
1601
2009
1979
1924
2336
2352
2111
2297
2716
2633
2383
2441
2695
2616
2477
2639
2592
2575
2698
2496
2238
2574
2646
2228
2099
2234
2238
1899
1715
1940
1860
1499
1353
1182
1081
1147
962
503
389
375
181
-207
-482
-379
-508
-893
-1140
-1325
-1578
-1545
-1583
-1924
-2003
-1942
-2164
-2407
-2196
-2028
-2275
-2506
-2548
-2345
-2166
-2221
-2437
-2607
-2196
-1856
-2106
-2260
-2117
-1845
-1520
-1647
-2138
-2071
-1758
-1305
-1183
-1465
-1637
-1533
-1314
-1261
-1230
-1192
-1122
-1154
-948
-841
-1083
-710
-391
-672
-379
-19
-50
136
526
703
972
1071
1158
1292
1297
1827
2238
1778
1895
2294
2040
2259
2672
2422
2307
2607
2600
2652
2563
2522
2622
2628
2716
2653
2260
2384
2788
2476
2185
2176
2128
2046
1957
1822
1766
1580
1397
1222
924
858
870
534
199
97
-61
-355
-663
-791
-814
-1001
-1327
-1514
-1722
-1825
-1697
-1898
-2136
-1952
-2098
-2607
-2431
-2087
-2538
-2350
-1906
-2537
-2523
-2055
-2270
-2158
-1791
-1887
-1968
-2006
-1568
-1568
-1759
-1353
-1764
-1804
-1051
-1279
-1553
-1288
-1566
-1458
-941
-1288
-1538
-1056
-931
-1119
-1200
-1076
-828
-588
-672
-726
-396
-47
196
66
209
922
1241
926
985
1365
1742
1897
1721
1745
2281
2380
2147
1520
1781
3292
3036
2045
2156
2057
2165
3155
2422
1782
2435
2563
2364
1986
1805
2220
2191
1942
2080
1662
1410
2167
1977
1327
1397
1128
885
1043
859
334
223
118
243
-287
-895
-586
-481
-915
-1028
-1302
-1603
-1281
-1209
-1628
-2128
-2107
-1756
-1966
-2630
-2410
-2316
-2461
-1895
-2043
-2934
-2473
-1766
-2111
-2060
-2054
-2335
-1766
-1504
-1635
-1806
-2089
-1955
-1350
-1380
-1724
-1706
-1716
-1331
-1015
-1402
-1900
-1576
-991
-908
-1144
-1533
-1177
-395
-514
-931
-722
-68
378
488
215
502
1268
1510
1361
1343
1647
2122
2395
2156
2250
2531
2426
2507
2736
2676
2583
2541
2712
2926
2796
2534
2441
2504
2850
2771
2051
2018
2519
2459
1943
1668
1776
1889
1771
1456
1113
1021
1246
1112
481
342
505
251
-115
-268
-450
-631
-778
-866
-1015
-1300
-1452
-1453
-1532
-1752
-1850
-2091
-2195
-1915
-2068
-2340
-2392
-2305
-2069
-2264
-2472
-2145
-2073
-2191
-1850
-2057
-2277
-1685
-1619
-1980
-1712
-1506
-1599
-1451
-1564
-1567
-1256
-1269
-1190
-1251
-1580
-1253
-933
-1315
-1327
-978
-930
-1030
-1069
-1034
-747
-415
-417
-553
-315
224
460
307
515
1187
1509
1381
1392
1512
1942
2440
2228
2106
2327
2438
2406
2401
2371
2640
2683
2414
2518
2574
2566
2568
2391
2410
2548
2253
1965
2135
2211
2213
1907
1583
1707
1736
1564
1412
1286
1225
1273
897
561
654
564
268
-50
-385
-425
-504
-805
-1024
-1117
-1279
-1510
-1683
-1777
-1828
-2021
-2127
-2109
-2262
-2309
-2307
-2480
-2645
-2676
-2489
-2342
-2266
-2412
-2322
-2209
-2248
-2187
-2061
-1913
-1776
-1535
-1473
-1514
-1710
-1705
-1388
-1299
-1191
-1161
-1257
-1201
-829
-964
-1384
-1141
-575
-578
-1073
-1009
-660
-263
-49
-428
-512
204
793
673
431
816
1605
1894
1471
1513
1929
2149
2257
2264
2360
2547
2497
2246
2328
2799
2870
2379
2174
2554
2810
2361
2049
2211
2490
2503
2137
1750
1981
2309
2021
1511
1397
1688
1651
1202
1037
1235
1151
887
692
497
476
389
51
-221
-275
-464
-833
-1027
-1017
-999
-1428
-1703
-1637
-1784
-1926
-2111
-2351
-2272
-2083
-2345
-2755
-2613
-2350
-2353
-2298
-2642
-2601
-2007
-2060
-2309
-1855
-1899
-2148
-1529
-1452
-1721
-1437
-1587
-1893
-1263
-1018
-1225
-1236
-1434
-1245
-924
-1208
-1408
-1163
-741
-730
-1141
-1170
-688
-353
-244
-433
-561
86
776
643
373
797
1465
1680
1551
1487
1866
2402
2418
2319
2351
2598
2866
2659
2426
2459
2153
2606
3246
2669
2506
2342
1547
2335
3169
1959
1437
1848
2171
2188
1434
930
1443
1859
1608
1012
493
1197
1836
884
308
614
734
556
196
-273
-190
-24
-418
-688
-1051
-1175
-1109
-1432
-1629
-1511
-1945
-2085
-1745
-2021
-2246
-2212
-2475
-2436
-2265
-2528
-2632
-2639
-2117
-2143
-2761
-2334
-1769
-2143
-2035
-1811
-2064
-1580
-1186
-1823
-2125
-1379
-981
-1336
-1758
-1858
-1624
-1176
-1270
-1673
-1611
-1064
-1037
-1521
-1585
-1095
-591
-297
-471
-695
-20
529
498
608
1018
1477
1807
1765
1785
2176
2361
2377
2752
2821
2825
2891
2591
2760
3338
3134
2621
2578
2798
3172
2801
2245
2446
2646
2504
2273
1876
1957
2469
2170
1518
1448
1583
1618
1405
1063
1077
1044
729
520
320
180
201
-134
-520
-428
-578
-1033
-1167
-1114
-1197
-1493
-1883
-1929
-1862
-2089
-2240
-2320
-2279
-2157
-2452
-2746
-2516
-2314
-2325
-2269
-2478
-2504
-1945
-2060
-2373
-1882
-1779
-1996
-1730
-1681
-1747
-1358
-1693
-1911
-1439
-1242
-1352
-1423
-1455
-1483
-1174
-1229
-1603
-1436
-913
-830
-1283
-1239
-911
-640
-354
-299
-388
41
798
805
639
914
1537
1971
1937
1832
1953
2240
2667
2822
2475
2595
2939
2697
2628
2863
2807
2639
2655
2722
2615
2462
2395
2376
2408
2514
2136
1653
1888
2174
1931
1501
1410
1558
1535
1334
1102
1048
1150
1032
589
251
373
386
86
-247
-334
-487
-822
-1105
-1170
-1171
-1503
-1694
-1791
-1977
-2097
-2136
-2319
-2507
-2257
-2337
-2745
-2655
-2348
-2344
-2581
-2504
-2308
-2360
-2072
-1960
-2318
-1974
-1606
-1938
-1888
-1545
-1464
-1813
-1779
-1083
-1112
-1425
-1340
-1463
-1228
-836
-1220
-1570
-1321
-653
-697
-1378
-1258
-598
-207
-217
-402
-331
351
879
764
721
1111
1735
1999
1797
1818
2250
2403
2480
2711
2772
2932
2894
2631
2713
2976
2891
2776
2527
2585
2838
2462
2103
2237
2375
2216
2003
1626
1567
1877
1699
1324
1219
1204
1262
1088
793
804
833
563
363
304
79
-21
-145
-385
-514
-668
-914
-1012
-1061
-1205
-1428
-1703
-1837
-1784
-1922
-2106
-2143
-2165
-2068
-2169
-2519
-2462
-2206
-2238
-2113
-2178
-2433
-2186
-1668
-1777
-1992
-2015
-1833
-1371
-1294
-1542
-1779
-2023
-1443
-789
-1373
-1671
-1455
-1512
-1130
-1001
-1626
-1709
-1124
-846
-1106
-1507
-1387
-748
-277
-313
-623
-368
425
825
660
662
1227
1744
1776
1687
1829
2277
2653
2596
2565
2750
2960
2938
2850
2921
3151
2774
1982
2831
3516
2792
2351
1851
1576
2701
2690
1159
1125
1857
1996
1312
402
605
1262
1275
769
339
268
1004
1064
118
39
410
235
-291
-416
-500
-416
-667
-818
-850
-1179
-1386
-1394
-1466
-1456
-1421
-1861
-2237
-1855
-1565
-2111
-2342
-2055
-1811
-2002
-2335
-2365
-2147
-1702
-1503
-2042
-2311
-1920
-1472
-1470
-1766
-1720
-1712
-1808
-1410
-1274
-1683
-1607
-1577
-1491
-1501
-1733
-1845
-1712
-1152
-1073
-1559
-1806
-1269
-599
-453
-822
-782
143
656
583
493
888
1649
1986
1794
1585
2027
2478
2596
2637
2681
2981
3031
2635
2663
3210
3125
2676
2604
2824
2949
2622
2144
2148
2404
2381
1972
1383
1495
2021
1650
1007
1036
1241
1111
827
625
632
697
549
252
86
103
92
-164
-489
-408
-459
-815
-950
-823
-946
-1208
-1384
-1580
-1646
-1639
-1638
-1791
-2089
-1975
-1834
-2220
-2145
-1838
-2045
-2079
-1839
-1988
-1892
-1850
-1927
-1680
-1643
-1613
-1428
-1519
-1517
-1446
-1763
-1644
-1210
-1137
-1503
-1758
-1637
-1367
-1315
-1596
-1639
-1340
-1155
-1338
-1502
-1378
-853
-272
-590
-898
-285
481
506
463
789
1296
1723
1651
1608
1762
2186
2596
2678
2440
2703
2955
2547
2596
3118
3020
2592
2446
2584
2792
2578
2243
2107
2152
2298
2083
1430
1514
2003
1671
1119
967
1057
1165
1066
784
722
795
695
345
126
291
393
33
-355
-321
-315
-559
-827
-826
-815
-1052
-1330
-1510
-1539
-1450
-1465
-1810
-2043
-1852
-1862
-2214
-2210
-1961
-2100
-2218
-2005
-1951
-2060
-2071
-1903
-1781
-1711
-1638
-1697
-1637
-1541
-1719
-1761
-1432
-1214
-1162
-1530
-1964
-1570
-1190
-1462
-1713
-1608
-1165
-1138
-1609
-1724
-1211
-585
-451
-864
-756
106
542
430
432
934
1621
1821
1522
1558
2226
2687
2451
2352
2373
2881
3319
2646
2548
3061
2841
2768
2951
2377
2493
2787
2320
2132
2077
1810
1721
1700
1636
1495
1114
1003
1296
1030
747
735
640
630
608
288
-53
160
166
11
-271
-450
-384
-382
-610
-766
-873
-960
-993
-1237
-1386
-1338
-1318
-1509
-1623
-1720
-1820
-1842
-1922
-1951
-1900
-1935
-1979
-1913
-1915
-1867
-1783
-1720
-1610
-1671
-1782
-1451
-1301
-1726
-1775
-1597
-1402
-1078
-1272
-1876
-1849
-1231
-1200
-1603
-1822
-1451
-973
-1346
-1730
-1536
-1090
-624
-453
-966
-667
368
415
255
568
1152
1598
1632
1563
1803
2247
2357
2437
2597
2758
2972
2688
2389
2803
3340
2917
2508
2558
2755
2867
2417
2074
2139
2227
2194
1721
1253
1486
1734
1230
836
919
886
726
527
424
369
330
137
-90
-184
-42
-92
-456
-539
-345
-504
-883
-887
-750
-831
-1133
-1318
-1358
-1348
-1274
-1409
-1763
-1755
-1460
-1652
-2001
-1876
-1660
-1825
-1818
-1820
-1939
-1764
-1551
-1639
-1826
-1486
-1320
-1500
-1669
-1758
-1574
-1333
-1153
-1284
-1629
-1688
-1386
-1298
-1539
-1534
-1455
-1123
-1073
-1524
-1584
-1222
-647
-404
-669
-852
-100
544
478
516
762
1279
1680
1687
1500
1764
2240
2449
2527
2570
2729
2727
2461
2527
3011
2980
2515
2298
2435
2773
2620
1989
1797
2027
2114
1857
1248
1127
1631
1619
900
494
620
839
725
336
91
237
359
177
-131
-222
-9
-20
-394
-588
-485
-592
-631
-612
-729
-925
-1091
-1191
-1195
-1186
-1194
-1342
-1549
-1391
-1407
-1770
-1706
-1444
-1658
-1681
-1692
-1906
-1560
-1447
-1687
-1653
-1499
-1391
-1265
-1754
-1924
-1409
-1286
-1184
-1159
-1621
-1882
-1362
-1204
-1481
-1540
-1592
-1266
-1072
-1465
-1566
-1305
-968
-490
-666
-1047
-271
332
241
382
679
1066
1533
1514
1424
1796
2214
2464
2379
2286
2653
2905
2500
2594
2942
2949
2871
2697
1905
1901
2905
2738
1999
1721
1242
1073
1720
1436
635
509
801
883
338
-96
13
215
458
303
-359
-411
345
407
17
-84
-49
-61
-202
-365
-413
-253
-378
-428
-680
-894
-685
-717
-873
-716
-773
-1125
-1108
-1169
-1192
-1130
-1316
-1464
-1355
-1532
-1795
-1641
-1595
-1598
-1432
-1594
-1796
-1568
-1724
-1944
-1552
-1265
-1395
-1696
-1997
-1828
-1416
-1413
-1806
-1902
-1650
-1295
-1513
-2004
-1759
-1010
-607
-855
-1156
-763
53
355
309
422
847
1321
1493
1358
1570
2085
2258
2060
2307
2677
2757
2635
2498
2640
3020
3002
2517
2415
2621
2783
2528
2047
1940
2033
1841
1596
1429
1329
1295
1019
653
656
708
492
297
291
297
133
-145
-263
-102
-70
-267
-526
-570
-451
-384
-684
-901
-772
-614
-841
-1153
-1071
-1001
-966
-1027
-1167
-1308
-1214
-1095
-1271
-1311
-1276
-1231
-1311
-1335
-1344
-1397
-1404
-1469
-1215
-1159
-1373
-1389
-1570
-1640
-1240
-1226
-1430
-1381
-1647
-1699
-1484
-1538
-1658
-1699
-1548
-1402
-1591
-1844
-1592
-1213
-940
-810
-1036
-815
-108
193
160
357
749
1196
1350
1251
1422
1908
2048
2144
2336
2464
2627
2611
2302
2462
2986
2779
2427
2281
2369
2632
2362
1869
1906
1996
1927
1638
1224
1245
1520
1228
845
721
693
723
547
450
477
395
214
105
-12
39
85
-174
-310
-202
-187
-336
-504
-555
-498
-554
-817
-836
-836
-1019
-1014
-1127
-1329
-1205
-1286
-1586
-1554
-1420
-1376
-1525
-1713
-1552
-1441
-1618
-1611
-1580
-1562
-1328
-1525
-1984
-1879
-1446
-1215
-1353
-1803
-1895
-1602
-1608
-1683
-1753
-1812
-1474
-1318
-1841
-1895
-1404
-1181
-876
-713
-959
-590
-108
-40
235
556
832
1116
1267
1287
1707
1928
1965
2267
2359
2397
2517
2390
2314
2679
2887
2622
2432
2298
2329
2495
2338
2146
1990
1869
1830
1629
1358
1330
1344
1146
934
813
662
593
609
561
429
205
132
126
76
92
11
-205
-226
-243
-391
-376
-333
-368
-405
-544
-695
-747
-744
-778
-808
-907
-1074
-1084
-1197
-1320
-1226
-1291
-1318
-1189
-1468
-1721
-1621
-1496
-1423
-1467
-1570
-1582
-1764
-1861
-1790
-1772
-1534
-1405
-1835
-2152
-1878
-1768
-1894
-1904
-1746
-1527
-1593
-1891
-1895
-1511
-1095
-830
-995
-1047
-373
53
-8
168
667
1085
1282
1184
1203
1712
2018
2084
2201
2290
2407
2652
2571
2374
2743
2800
2341
2452
2691
2505
2357
2174
2098
2101
1893
1604
1499
1580
1659
1388
902
892
1077
821
575
528
509
453
209
69
69
146
174
16
-271
-259
-148
-396
-501
-373
-386
-509
-732
-876
-808
-787
-843
-911
-1147
-1143
-1087
-1384
-1376
-1253
-1339
-1435
-1528
-1675
-1630
-1633
-1665
-1537
-1673
-1613
-1631
-2021
-1922
-1570
-1540
-1555
-1685
-2072
-1905
-1652
-1880
-1905
-1822
-1598
-1445
-1769
-1885
-1382
-1052
-928
-824
-919
-534
29
14
20
509
979
1173
1190
1272
1665
2026
2056
2128
2191
2189
2377
2683
2538
2498
2710
2401
2280
2736
2597
2154
2205
2232
2155
1845
1540
1504
1531
1478
1309
907
742
1071
893
452
548
654
514
305
206
174
306
267
89
-25
-89
12
-121
-364
-239
-65
-342
-569
-575
-501
-542
-691
-848
-890
-890
-999
-1198
-1370
-1342
-1148
-1357
-1692
-1583
-1544
-1702
-1728
-1733
-1784
-1699
-1694
-2020
-2187
-1874
-1776
-1839
-1839
-2032
-2116
-1911
-1899
-1969
-1909
-1727
-1548
-1680
-1814
-1583
-1266
-1039
-781
-911
-885
-252
124
94
258
609
955
1240
1267
1312
1618
1856
2141
2280
2224
2343
2439
2345
2491
2813
2607
2373
2476
2649
2545
2253
2043
1978
2116
2147
1708
1283
1489
1704
1371
966
867
958
911
783
583
469
497
492
324
59
140
235
35
-130
-78
-118
-348
-336
-307
-341
-369
-547
-679
-679
-656
-785
-995
-1046
-952
-1079
-1406
-1568
-1397
-1263
-1356
-1720
-1911
-1689
-1508
-1579
-1793
-1854
-1603
-1552
-1940
-2011
-1901
-1808
-1501
-1604
-2143
-2004
-1702
-1865
-1798
-1709
-1712
-1691
-1695
-1606
-1389
-1145
-897
-813
-860
-431
-64
-116
105
621
892
1010
1121
1181
1514
1775
1836
2021
2169
2319
2379
2173
2228
2726
2672
2247
2238
2469
2622
2466
2051
1908
2118
2161
1841
1446
1396
1713
1604
1079
949
1002
980
916
765
552
569
507
326
277
234
162
5
-109
-48
13
-177
-292
-203
-273
-438
-547
-655
-627
-535
-685
-883
-858
-870
-957
-1147
-1391
-1267
-1198
-1527
-1561
-1550
-1680
-1550
-1678
-1891
-1744
-1641
-1703
-1769
-2023
-1980
-1634
-1739
-1855
-1700
-1926
-2016
-1669
-1720
-1756
-1446
-1487
-1724
-1574
-1303
-1206
-1018
-802
-680
-649
-421
-88
105
247
583
890
928
1170
1310
1271
1609
2027
2053
1910
1904
1991
2224
2271
2249
2311
2207
2259
2298
2056
1957
2096
2033
1930
1856
1689
1611
1549
1501
1447
1186
1096
1154
1024
934
938
780
584
610
480
331
303
299
206
76
-28
-35
-48
-184
-257
-392
-455
-415
-501
-701
-743
-706
-819
-1013
-1062
-1180
-1344
-1380
-1356
-1438
-1487
-1487
-1634
-1654
-1646
-1705
-1831
-1702
-1576
-1639
-1789
-1974
-1910
-1657
-1588
-1637
-1664
-1758
-1786
-1681
-1600
-1513
-1287
-1171
-1530
-1616
-1150
-1014
-864
-606
-652
-593
-165
-12
-11
280
657
994
1082
1061
1193
1403
1625
1931
2032
1954
2011
1973
1905
2131
2325
2253
2084
2013
2090
2071
1884
1796
1789
1747
1679
1446
1221
1294
1453
1309
1063
917
930
954
895
872
744
603
550
481
352
350
404
250
152
86
-56
-53
-66
-110
-114
-282
-508
-533
-487
-623
-803
-835
-862
-1049
-1137
-1308
-1471
-1168
-1142
-1579
-1642
-1553
-1523
-1499
-1682
-1762
-1613
-1549
-1642
-1771
-1789
-1583
-1580
-1741
-1703
-1528
-1547
-1700
-1685
-1563
-1399
-1166
-1138
-1149
-1163
-1292
-1124
-855
-593
-427
-658
-712
-96
281
149
135
462
915
1218
1036
824
1193
1759
2004
1707
1529
1746
1952
1872
1907
2128
2089
1959
1889
1894
1922
1847
1696
1620
1732
1713
1351
1123
1307
1555
1342
999
911
1018
1116
1089
904
819
863
730
553
405
494
555
350
169
185
202
25
-106
-104
-120
-267
-456
-602
-637
-613
-620
-853
-1091
-1130
-1157
-1368
-1464
-1250
-1416
-1669
-1795
-1790
-1740
-1584
-1573
-1867
-1775
-1598
-1714
-1845
-1792
-1692
-1695
-1676
-1660
-1478
-1433
-1497
-1557
-1538
-1256
-1099
-1046
-1010
-955
-1049
-997
-791
-575
-312
-403
-519
-155
326
357
228
410
817
1210
1174
909
1177
1662
1756
1728
1664
1650
1914
1866
1596
1949
2276
1890
1635
1674
1794
1942
1645
1286
1504
1757
1531
1179
1087
1399
1606
1196
712
890
1186
1098
931
780
776
824
637
478
523
543
489
342
164
224
186
-70
-156
-66
-94
-291
-534
-606
-550
-627
-828
-1148
-1239
-1181
-1289
-1433
-1478
-1553
-1738
-1810
-1862
-1725
-1614
-1819
-1932
-1813
-1695
-1676
-1814
-1934
-1652
-1536
-1824
-1829
-1723
-1507
-1293
-1505
-1760
-1441
-1123
-1133
-1031
-933
-821
-834
-933
-720
-234
-36
-183
-199
66
549
653
467
646
1120
1389
1430
1250
1355
1865
1904
1645
1824
1977
1934
1940
1823
1993
2171
1968
1737
1748
1832
1865
1640
1423
1642
1660
1299
1137
1157
1178
1127
810
591
806
855
692
565
485
550
518
272
235
408
350
218
101
16
20
-27
-223
-236
-161
-329
-515
-611
-575
-637
-844
-1059
-1062
-1045
-1162
-1356
-1618
-1507
-1361
-1523
-1744
-1764
-1721
-1718
-1724
-1831
-1834
-1762
-1621
-1677
-1760
-1653
-1746
-1691
-1448
-1396
-1503
-1517
-1632
-1327
-864
-1086
-1177
-1016
-860
-466
-239
-546
-444
58
264
365
326
401
691
940
1052
1179
1243
1371
1630
1634
1623
1766
1721
1653
1748
1822
1749
1633
1649
1790
1833
1634
1543
1510
1587
1672
1490
1213
1236
1393
1277
1102
986
928
865
761
742
710
645
646
516
354
363
386
272
213
229
183
34
-95
-72
-8
-161
-313
-431
-531
-562
-551
-733
-929
-879
-1003
-1115
-1180
-1230
-1278
-1424
-1550
-1493
-1536
-1658
-1660
-1815
-1783
-1618
-1727
-1846
-1808
-1683
-1611
-1614
-1686
-1627
-1463
-1478
-1331
-1282
-1245
-1127
-1105
-1025
-787
-616
-602
-485
-296
-86
87
85
193
461
652
722
747
846
970
1156
1144
1173
1246
1316
1447
1401
1443
1445
1425
1376
1416
1428
1370
1309
1308
1326
1304
1270
1233
1224
1206
1217
1154
1093
1105
1145
1067
976
933
869
836
796
784
808
776
782
785
689
629
617
595
524
453
343
239
196
116
32
-125
-228
-335
-511
-680
-728
-761
-1099
-1253
-1230
-1444
-1535
-1537
-1737
-1856
-1685
-1872
-1994
-1933
-1945
-1904
-2026
-2064
-1844
-1865
-2025
-1772
-1724
-1729
-1430
-1518
-1616
-1296
-1053
-1146
-1029
-927
-806
-463
-446
-314
-97
-18
161
324
297
439
671
712
829
1030
1042
1111
1158
1260
1429
1380
1373
1411
1408
1389
1453
1364
1273
1358
1352
1263
1249
1276
1224
1208
1214
1198
1148
1112
1109
1032
969
1034
1021
942
967
993
921
924
927
885
819
772
762
742
671
627
639
498
399
369
222
102
127
28
-120
-202
-330
-493
-610
-715
-867
-1023
-1035
-1149
-1398
-1518
-1545
-1622
-1614
-1650
-1948
-1968
-1813
-1873
-1952
-1930
-2055
-1947
-1752
-1856
-1900
-1771
-1637
-1507
-1417
-1449
-1369
-1167
-1029
-902
-867
-814
-619
-466
-373
-192
-107
-40
198
297
331
407
512
686
860
882
882
1005
1071
1164
1243
1223
1182
1158
1219
1276
1290
1231
1165
1125
1199
1248
1136
1062
1117
1117
1101
1099
1046
1060
1125
1145
1103
1099
1049
1023
1039
1055
1095
1030
963
952
984
1011
966
928
916
873
773
667
596
576
516
341
184
105
24
-101
-352
-482
-521
-660
-872
-1040
-1148
-1315
-1391
-1548
-1671
-1636
-1625
-1833
-1991
-1899
-1854
-1914
-1979
-1995
-1919
-1777
-1780
-1850
-1802
-1612
-1451
-1495
-1492
-1339
-1177
-1035
-909
-844
-768
-583
-479
-397
-283
-220
-140
-4
63
146
282
305
423
541
609
622
661
730
801
898
914
920
974
991
1003
1091
1100
1076
1086
1085
1078
1105
1101
1101
1112
1112
1124
1122
1153
1163
1197
1155
1120
1142
1105
1101
1081
1096
1073
1001
946
935
976
963
940
866
796
764
703
616
542
457
319
269
185
41
-55
-183
-289
-310
-430
-672
-750
-831
-952
-1050
-1136
-1322
-1335
-1349
-1498
-1589
-1595
-1612
-1592
-1692
-1797
-1732
-1713
-1673
-1614
-1639
-1670
-1465
-1443
-1421
-1316
-1285
-1238
-1114
-976
-852
-822
-789
-619
-531
-438
-277
-230
-149
40
122
104
242
381
392
459
489
580
622
649
687
726
738
772
809
738
789
868
820
833
905
892
890
894
891
944
983
982
1013
1044
1055
1149
1139
1071
1126
1143
1138
1143
1146
1122
1132
1130
1100
1033
989
1008
994
951
870
818
796
775
781
672
489
402
352
314
246
77
-85
-122
-220
-307
-490
-660
-613
-716
-941
-1041
-1133
-1266
-1269
-1337
-1532
-1561
-1590
-1667
-1662
-1598
-1705
-1795
-1768
-1717
-1617
-1618
-1681
-1676
-1517
-1446
-1384
-1364
-1304
-1139
-1028
-1047
-941
-788
-715
-630
-584
-510
-308
-251
-170
-30
20
114
188
223
352
460
434
507
584
664
682
695
731
809
872
885
853
895
905
947
936
947
1030
1051
1060
1059
1119
1111
1116
1082
1113
1175
1152
1138
1134
1149
1168
1155
1082
1067
1113
1064
1030
967
975
977
967
962
933
913
814
770
709
675
648
572
474
352
268
160
92
5
-147
-248
-373
-469
-503
-604
-784
-891
-953
-1039
-1132
-1287
-1348
-1382
-1417
-1507
-1612
-1732
-1715
-1611
-1710
-1742
-1738
-1770
-1733
-1696
-1709
-1724
-1713
-1575
-1527
-1507
-1404
-1260
-1225
-1101
-1004
-1001
-879
-684
-604
-536
-433
-315
-194
-80
6
158
246
370
536
563
639
763
861
903
989
989
1050
1078
1186
1252
1241
1233
1294
1260
1234
1266
1252
1256
1239
1229
1169
1164
1144
1178
1172
1126
1095
1031
978
969
929
908
905
871
805
814
809
771
758
722
688
662
637
587
559
500
472
430
364
320
263
188
150
105
-20
-102
-168
-222
-337
-465
-524
-603
-685
-738
-847
-998
-1066
-1152
-1300
-1373
-1440
-1590
-1606
-1578
-1619
-1755
-1753
-1677
-1722
-1747
-1723
-1828
-1781
-1571
-1586
-1689
-1600
-1490
-1412
-1241
-1201
-1199
-1107
-869
-674
-582
-564
-441
-297
-119
82
120
148
345
540
646
744
790
861
980
1120
1192
1233
1244
1308
1385
1392
1368
1375
1340
1324
1380
1370
1287
1253
1214
1181
1180
1101
1032
1040
995
1005
996
880
860
851
774
728
728
636
599
640
610
587
566
531
507
489
501
452
373
346
349
288
227
182
105
120
106
8
-92
-165
-216
-275
-338
-481
-557
-585
-668
-729
-824
-996
-1002
-1025
-1132
-1206
-1258
-1385
-1438
-1400
-1482
-1536
-1571
-1553
-1572
-1553
-1609
-1660
-1574
-1480
-1473
-1492
-1472
-1363
-1201
-1116
-1092
-1020
-858
-690
-630
-570
-481
-335
-175
-32
109
153
288
445
522
635
757
800
894
984
1058
1160
1183
1239
1283
1351
1381
1391
1335
1321
1354
1354
1303
1224
1185
1165
1185
1101
1027
986
917
913
875
805
797
703
644
673
627
526
478
426
399
433
368
283
267
282
284
230
129
95
52
22
5
-56
-101
-112
-172
-213
-234
-274
-338
-386
-401
-451
-512
-582
-631
-649
-634
-692
-766
-790
-809
-833
-915
-958
-988
-1005
-1030
-1061
-1123
-1100
-1104
-1131
-1149
-1145
-1133
-1127
-1108
-1136
-1018
-1010
-1023
-943
-875
-809
-710
-680
-588
-395
-311
-270
-193
-120
35
168
119
220
406
406
482
612
634
756
868
864
879
980
981
1013
1022
1045
1077
1056
1077
1088
1101
1091
1070
1024
999
989
946
912
906
869
791
767
735
724
672
588
594
571
519
402
303
254
254
210
115
29
23
-30
-112
-127
-189
-233
-265
-323
-348
-358
-417
-463
-498
-495
-523
-586
-630
-597
-585
-618
-672
-704
-669
-690
-685
-738
-727
-721
-739
-725
-738
-682
-666
-657
-616
-581
-590
-592
-586
-569
-525
-487
-484
-467
-387
-331
-346
-306
-238
-219
-211
-165
-129
-85
-15
-18
9
61
88
96
75
117
257
332
330
336
331
409
521
538
504
538
586
610
649
610
651
689
650
654
718
705
721
779
719
727
735
691
672
701
709
653
587
514
563
516
402
333
229
244
252
170
69
94
9
-64
-61
-129
-225
-265
-352
-383
-375
-435
-509
-526
-511
-529
-559
-654
-668
-618
-664
-694
-700
-691
-672
-688
-695
-687
-629
-622
-633
-613
-570
-551
-521
-456
-394
-377
-334
-303
-244
-200
-201
-179
-132
-73
-13
44
60
98
134
149
171
224
251
283
299
310
332
358
338
321
355
375
348
348
335
350
378
354
327
379
387
376
400
400
398
403
406
347
375
376
353
373
354
345
361
308
263
303
261
210
238
190
210
239
198
165
190
176
147
131
75
24
-8
-44
-86
-130
-175
-213
-254
-295
-342
-411
-465
-440
-497
-556
-583
-600
-627
-647
-663
-671
-648
-659
-669
-639
-654
-636
-606
-564
-551
-524
-483
-410
-344
-291
-230
-236
-172
-103
-67
-26
7
50
74
129
160
206
262
294
305
313
334
342
364
362
417
441
439
442
466
490
503
521
442
432
510
483
479
470
444
453
458
447
421
446
428
403
399
379
354
327
323
325
332
320
269
250
244
271
217
166
138
95
68
45
-25
-60
-43
-101
-166
-185
-230
-295
-317
-378
-424
-422
-476
-539
-559
-596
-591
-595
-637
-660
-693
-701
-674
-681
-716
-714
-710
-736
-714
-689
-724
-662
-565
-585
-542
-497
-486
-405
-358
-326
-296
-235
-174
-92
-65
-19
50
105
175
200
267
255
296
363
380
439
430
463
522
492
543
594
573
593
610
600
624
633
614
663
632
615
601
589
610
578
555
529
491
490
462
458
434
418
449
401
375
354
280
282
313
274
257
205
164
151
125
83
69
30
-11
-34
-102
-131
-148
-217
-259
-287
-316
-332
-384
-405
-443
-466
-520
-545
-598
-631
-617
-612
-656
-679
-722
-739
-726
-714
-708
-732
-757
-761
-720
-740
-730
-705
-691
-620
-555
-554
-545
-486
-420
-383
-349
-319
-257
-197
-135
-99
-45
59
115
167
203
265
322
327
375
399
430
484
497
548
552
597
625
582
584
631
633
642
659
655
650
631
655
649
646
647
610
591
582
580
575
567
581
554
531
575
533
505
484
473
438
383
347
299
285
234
186
144
84
30
-20
-75
-133
-144
-197
-254
-287
-371
-432
-452
-485
-539
-590
-652
-664
-686
-718
-742
-766
-793
-785
-776
-808
-821
-810
-819
-787
-764
-778
-732
-744
-722
-649
-661
-631
-571
-550
-517
-437
-400
-363
-301
-277
-221
-193
-122
-54
-17
40
94
126
174
196
240
255
314
364
388
438
461
518
513
530
584
600
597
611
593
614
689
670
678
687
665
719
715
705
703
684
656
673
690
647
636
631
595
595
582
527
517
479
436
439
406
346
298
247
228
194
147
76
10
-38
-111
-154
-248
-313
-325
-402
-460
-489
-571
-633
-661
-682
-726
-757
-804
-856
-847
-849
-824
-859
-857
-832
-838
-853
-851
-844
-803
-796
-764
-749
-705
-673
-639
-566
-549
-500
-451
-438
-374
-269
-234
-166
-138
-131
-53
20
61
118
139
193
235
254
330
385
410
433
433
481
493
502
514
514
572
609
597
600
614
654
692
688
685
689
710
708
688
668
705
713
687
658
617
650
650
641
618
557
523
521
497
436
410
366
312
285
233
178
145
107
70
27
-57
-121
-181
-233
-249
-302
-356
-409
-451
-495
-524
-575
-617
-635
-681
-705
-720
-739
-756
-780
-790
-811
-784
-773
-826
-802
-760
-731
-741
-737
-718
-687
-652
-594
-597
-571
-516
-478
-468
-440
-384
-354
-295
-239
-174
-153
-98
-24
17
63
111
132
175
250
290
333
351
370
418
428
438
466
515
544
584
601
592
618
654
661
677
712
740
740
747
748
722
687
699
695
690
694
665
631
605
613
586
544
506
434
407
394
366
343
288
236
186
161
86
45
-25
-70
-71
-95
-178
-245
-284
-325
-358
-405
-462
-503
-540
-547
-571
-616
-629
-665
-701
-728
-729
-771
-823
-826
-815
-788
-802
-817
-778
-771
-725
-725
-731
-692
-628
-583
-538
-536
-493
-426
-407
-337
-281
-263
-221
-182
-135
-51
-38
-33
37
72
127
148
164
205
260
316
323
340
422
442
467
513
540
570
597
601
644
692
681
678
682
729
736
708
683
690
713
742
719
657
678
698
655
662
628
578
548
527
463
428
436
373
328
315
274
252
205
118
104
58
-2
-70
-121
-186
-232
-283
-354
-381
-418
-459
-491
-499
-533
-555
-596
-637
-681
-694
-736
-740
-714
-726
-741
-757
-757
-744
-722
-741
-758
-702
-667
-678
-612
-586
-563
-498
-474
-483
-443
-406
-397
-372
-319
-291
-264
-204
-185
-123
-91
-72
-23
15
43
90
136
149
209
231
254
292
315
359
379
401
410
430
461
507
542
588
613
646
666
683
688
709
732
730
745
735
703
685
723
690
683
680
632
635
630
601
563
546
507
450
421
364
320
287
262
207
132
79
51
-1
-41
-92
-153
-181
-231
-270
-328
-369
-401
-459
-532
-544
-591
-615
-649
-675
-694
-701
-708
-711
-703
-739
-734
-746
-731
-741
-734
-718
-721
-679
-648
-639
-618
-590
-550
-546
-537
-468
-422
-395
-325
-301
-260
-183
-140
-80
-56
-38
-2
42
65
85
137
141
169
221
249
310
383
408
407
455
476
477
538
534
540
592
622
626
607
607
627
650
625
620
634
621
621
609
579
563
550
543
514
494
466
427
409
384
358
322
264
253
279
222
196
141
102
96
72
11
-48
-71
-99
-127
-182
-239
-268
-314
-340
-364
-411
-452
-478
-475
-498
-539
-602
-615
-646
-676
-682
-697
-725
-700
-676
-684
-687
-673
-668
-664
-631
-612
-586
-568
-536
-489
-461
-381
-333
-315
-281
-242
-199
-149
-83
-31
12
42
88
141
182
203
247
277
316
327
375
388
421
451
443
457
484
509
537
501
489
493
499
503
493
476
456
458
468
497
471
450
456
462
467
451
451
412
404
408
363
346
334
304
268
255
243
236
207
209
161
116
100
59
49
40
-25
-82
-130
-173
-185
-209
-253
-318
-354
-353
-381
-422
-456
-486
-508
-528
-547
-546
-583
-573
-570
-588
-583
-596
-606
-576
-585
-574
-546
-550
-558
-517
-453
-447
-432
-403
-363
-318
-264
-245
-194
-191
-152
-92
-34
25
37
64
93
133
166
184
199
245
323
336
335
350
375
401
428
436
431
432
454
452
460
459
459
472
479
483
468
459
451
463
419
420
402
379
373
359
370
324
295
278
228
206
170
152
125
115
104
68
27
13
3
-31
-58
-88
-106
-129
-146
-161
-174
-195
-236
-276
-269
-280
-311
-318
-362
-342
-344
-382
-395
-421
-439
-431
-443
-424
-431
-477
-462
-452
-444
-422
-414
-384
-362
-337
-301
-300
-270
-241
-226
-191
-189
-150
-103
-62
-40
-46
-20
8
38
49
58
76
115
139
156
192
208
200
229
285
314
352
363
354
375
412
440
473
467
460
486
491
458
463
476
456
448
461
417
392
388
351
340
296
240
212
217
203
161
116
75
84
60
10
-49
-63
-85
-95
-146
-179
-191
-224
-208
-228
-263
-287
-302
-321
-321
-324
-331
-375
-363
-366
-369
-362
-362
-376
-381
-382
-378
-348
-357
-355
-354
-362
-330
-301
-324
-307
-288
-287
-258
-258
-239
-218
-213
-195
-178
-147
-140
-132
-123
-120
-93
-85
-53
-12
27
29
58
127
145
171
199
218
250
299
339
343
330
358
364
369
385
386
408
425
433
441
432
429
432
440
442
448
432
430
440
407
410
384
381
391
378
354
316
297
262
226
189
143
116
65
32
10
-15
-28
-76
-119
-162
-180
-217
-258
-280
-292
-321
-347
-343
-368
-400
-413
-425
-445
-453
-427
-463
-480
-467
-443
-466
-487
-478
-460
-431
-430
-426
-425
-419
-374
-361
-346
-340
-345
-304
-295
-274
-231
-210
-200
-162
-129
-106
-95
-67
-24
27
66
68
81
128
164
180
214
232
232
259
277
304
320
339
384
407
399
415
407
431
471
488
505
502
535
525
506
489
469
467
462
452
443
457
446
429
369
336
347
307
283
281
237
215
182
142
103
70
43
-8
-20
-49
-54
-82
-124
-171
-215
-248
-279
-320
-347
-359
-413
-423
-408
-418
-418
-433
-459
-471
-457
-482
-532
-519
-526
-536
-525
-512
-506
-513
-491
-479
-470
-458
-448
-429
-394
-380
-367
-353
-314
-287
-267
-242
-218
-192
-140
-111
-72
-34
-12
34
63
101
130
151
172
218
257
288
296
314
326
346
362
383
430
433
431
443
454
488
513
524
537
496
474
511
505
502
508
530
513
524
531
486
469
434
418
401
391
379
321
292
269
235
210
158
147
105
65
46
16
-7
-47
-72
-106
-132
-174
-192
-206
-242
-251
-305
-328
-300
-343
-372
-410
-470
-488
-470
-505
-535
-535
-567
-532
-557
-560
-544
-571
-560
-571
-542
-548
-558
-539
-520
-492
-464
-443
-436
-385
-357
-342
-300
-285
-242
-226
-184
-117
-98
-74
-50
-23
1
48
81
101
143
178
212
230
256
297
321
338
374
405
419
460
467
484
509
524
539
529
523
529
549
571
581
572
556
550
542
521
497
505
490
469
445
414
383
368
351
325
311
290
259
236
186
159
122
90
56
23
3
-33
-69
-85
-109
-143
-155
-206
-228
-243
-268
-306
-350
-373
-422
-440
-443
-452
-470
-490
-502
-515
-502
-525
-534
-554
-552
-555
-567
-552
-572
-563
-571
-544
-512
-503
-480
-457
-453
-437
-424
-386
-352
-342
-321
-302
-256
-188
-136
-131
-87
-56
-22
5
47
77
113
161
202
232
264
299
314
361
399
439
453
461
480
496
519
528
525
534
541
544
556
558
571
580
551
562
542
514
500
485
474
470
461
425
400
391
379
348
313
269
230
223
195
163
142
101
76
56
21
-21
-55
-80
-91
-114
-133
-199
-233
-251
-282
-316
-367
-373
-394
-405
-420
-425
-448
-465
-467
-490
-488
-500
-494
-502
-538
-527
-510
-525
-533
-508
-502
-490
-488
-467
-457
-432
-411
-393
-374
-346
-307
-294
-278
-228
-199
-184
-154
-127
-89
-70
-39
-29
14
42
53
97
122
177
189
210
253
274
287
302
338
351
371
399
405
420
443
460
475
488
478
502
504
515
521
507
508
520
512
484
453
442
428
411
408
374
351
363
347
310
297
273
237
213
201
185
149
126
72
73
54
24
-14
-59
-93
-115
-148
-205
-245
-266
-270
-303
-341
-369
-394
-414
-415
-423
-444
-443
-461
-487
-482
-506
-517
-518
-517
-512
-509
-514
-488
-486
-475
-444
-437
-418
-398
-366
-337
-314
-290
-260
-240
-225
-187
-180
-161
-116
-75
-66
-32
-14
-1
33
63
84
91
111
130
155
169
186
222
238
270
293
309
323
361
379
388
403
412
427
434
428
440
445
429
424
411
410
405
420
409
399
408
378
345
325
304
290
287
268
263
223
191
180
167
161
153
117
99
105
68
42
7
-18
-55
-98
-112
-139
-160
-193
-231
-264
-282
-303
-315
-333
-352
-361
-382
-393
-398
-395
-404
-418
-421
-419
-429
-415
-412
-413
-393
-383
-380
-352
-322
-297
-301
-300
-266
-255
-234
-226
-190
-157
-136
-105
-93
