2
-4
-18
-17
-12
-23
-24
-24
-20
-17
-15
-19
-18
-9
-11
-4
4
12
7
7
11
6
9
5
9
12
2
0
3
-3
4
1
0
0
-7
-6
-7
-2
-8
-3
-3
-8
-8
-9
-4
1
0
3
8
15
10
2
2
10
14
15
16
8
-1
-5
-4
-13
-5
-9
-18
-13
-18
-12
-9
-3
0
-2
5
1
-2
1
-3
-11
-17
-20
-21
-19
-15
-3
-2
3
0
1
5
-4
1
-1
-1
7
1
1
1
14
-3
-7
-7
2
2
4
9
3
11
11
10
8
18
18
17
23
22
12
14
12
13
7
3
12
10
13
11
11
9
8
7
15
19
22
20
12
11
3
0
4
2
3
2
0
5
9
10
-5
-2
-7
-9
-9
-7
-11
-17
-12
-22
-15
-11
-7
-16
-13
-8
-12
-4
-6
0
4
7
10
6
-5
-10
-1
-3
2
0
-12
-13
-11
-23
-21
-9
-12
-10
-2
-4
-9
-8
-16
-11
-15
-13
-7
-4
0
7
9
2
8
3
-4
-6
-4
9
2
0
0
2
8
7
9
14
1
2
9
4
-4
-2
-4
-12
-3
6
0
3
12
6
-3
1
5
-8
-9
-4
-9
-11
-15
-10
-8
-8
0
1
6
7
11
8
8
15
11
9
11
-5
0
5
8
-1
3
9
0
7
5
0
5
3
-3
-1
-2
-2
-4
-2
-11
-1
-9
-8
-3
3
15
5
7
16
10
14
11
13
16
16
16
7
8
4
-3
-2
6
3
-2
0
0
-8
-6
-5
0
0
0
9
4
7
-1
8
0
6
9
-11
-4
-5
-6
0
-1
2
1
-1
1
-4
-8
-6
-18
-16
-20
-29
-16
-22
-20
-9
-5
-8
-7
-5
-4
-1
3
5
-4
1
3
4
10
7
7
-3
-9
-5
2
6
2
-2
1
7
6
5
-7
-9
-10
-6
-7
-16
-14
-14
-15
-20
-10
-1
-9
-11
-3
-1
6
13
15
15
13
18
4
7
13
0
1
0
-9
-5
-2
10
12
18
11
17
8
4
9
4
6
14
13
4
7
-1
6
4
3
13
14
7
11
8
4
-7
1
-5
-4
-9
-5
6
0
8
-3
-13
-13
0
-15
-18
-3
-11
-10
-5
-5
-10
-10
-16
-6
-10
-14
-25
-41
-45
-50
-87
-162
-212
-262
-299
-306
-322
-311
-212
-112
13
127
245
391
511
619
657
689
718
688
613
494
366
273
196
124
16
-36
-68
-95
-106
-162
-177
-225
-271
-333
-397
-452
-516
-563
-613
-635
-643
-645
-572
-481
-363
-179
-75
63
230
367
449
493
489
441
437
373
253
149
65
-41
-127
-211
-254
-251
-200
-174
-168
-119
-70
-23
-40
-62
-79
-129
-161
-227
-309
-356
-376
-380
-398
-346
-250
-157
-38
82
206
315
419
432
436
455
401
325
206
75
-2
-60
-133
-197
-182
-98
0
114
239
367
514
655
729
757
799
797
755
680
583
507
431
376
328
312
313
337
343
350
386
387
366
309
221
148
43
-78
-240
-398
-508
-625
-716
-808
-885
-924
-938
-956
-975
-963
-934
-922
-911
-953
-1019
-1050
-1097
-1158
-1217
-1242
-1202
-1100
-958
-802
-609
-348
-97
176
425
642
866
1055
1182
1244
1263
1235
1188
1112
1001
893
790
722
641
549
461
394
331
252
159
62
-16
-143
-264
-390
-501
-529
-593
-663
-700
-662
-540
-443
-334
-202
20
268
448
596
751
913
1078
1158
1182
1199
1259
1293
1257
1185
1092
1046
980
894
796
698
605
522
429
322
198
60
-80
-221
-357
-500
-674
-848
-994
-1121
-1220
-1347
-1479
-1546
-1575
-1601
-1637
-1692
-1732
-1741
-1754
-1792
-1819
-1811
-1796
-1785
-1765
-1688
-1530
-1289
-1061
-826
-538
-190
179
473
707
971
1250
1477
1638
1707
1798
1868
1909
1887
1793
1728
1699
1632
1487
1309
1156
974
779
562
307
27
-186
-357
-580
-758
-926
-1004
-968
-929
-870
-791
-633
-418
-225
-33
155
393
627
798
964
1112
1260
1380
1473
1552
1561
1566
1542
1490
1422
1335
1263
1128
980
835
657
489
291
86
-99
-291
-464
-633
-833
-979
-1121
-1269
-1355
-1476
-1548
-1566
-1623
-1653
-1686
-1738
-1776
-1822
-1855
-1949
-2015
-2076
-2137
-2148
-2156
-2182
-2151
-2033
-1839
-1602
-1291
-985
-630
-205
214
619
933
1223
1542
1815
2018
2133
2190
2257
2312
2328
2270
2184
2126
2102
2014
1840
1614
1349
1103
772
411
74
-268
-570
-823
-1070
-1220
-1321
-1386
-1396
-1343
-1166
-951
-753
-567
-318
-31
258
483
645
862
1080
1269
1398
1429
1492
1591
1647
1657
1605
1546
1494
1406
1295
1115
929
735
523
291
54
-160
-366
-556
-771
-929
-1067
-1222
-1347
-1439
-1492
-1529
-1577
-1610
-1614
-1599
-1613
-1649
-1694
-1737
-1755
-1775
-1846
-1967
-1998
-1986
-2003
-2019
-2056
-1991
-1825
-1621
-1383
-1128
-816
-465
-72
319
676
1016
1307
1600
1906
2144
2321
2434
2504
2577
2622
2611
2554
2481
2384
2274
2081
1840
1540
1164
780
413
67
-278
-637
-946
-1153
-1274
-1377
-1501
-1553
-1474
-1287
-1088
-959
-803
-563
-259
5
192
376
599
903
1146
1315
1452
1580
1737
1830
1865
1861
1834
1785
1685
1568
1377
1147
912
626
365
128
-145
-414
-664
-879
-1037
-1190
-1389
-1570
-1691
-1732
-1765
-1848
-1915
-1973
-1953
-1947
-1999
-2059
-2118
-2109
-2079
-2111
-2162
-2196
-2164
-2131
-2084
-2030
-1959
-1802
-1609
-1344
-1045
-748
-427
-68
332
748
1123
1449
1714
1994
2298
2523
2649
2720
2805
2869
2894
2829
2679
2553
2422
2192
1917
1634
1318
1014
681
305
20
-316
-616
-922
-1206
-1316
-1446
-1538
-1610
-1605
-1422
-1257
-1115
-950
-732
-382
-61
188
420
694
979
1237
1426
1530
1675
1786
1864
1917
1850
1802
1724
1632
1504
1323
1164
930
646
365
100
-152
-448
-759
-1047
-1264
-1473
-1707
-1907
-2076
-2125
-2155
-2183
-2210
-2199
-2126
-2054
-2047
-2061
-2021
-1961
-1919
-1945
-2016
-2001
-1902
-1867
-1845
-1800
-1673
-1482
-1271
-1011
-717
-369
29
394
751
1114
1466
1755
1957
2148
2343
2516
2571
2577
2582
2580
2585
2487
2351
2259
2162
2054
1860
1615
1391
1174
891
541
171
-189
-488
-775
-1081
-1305
-1459
-1544
-1581
-1554
-1444
-1286
-1068
-847
-589
-295
-25
172
356
559
727
894
993
1081
1198
1329
1434
1506
1531
1584
1657
1673
1589
1464
1313
1149
915
571
231
-119
-457
-797
-1119
-1368
-1593
-1779
-1901
-2002
-2030
-2039
-2064
-2062
-2060
-2031
-2017
-2074
-2139
-2193
-2205
-2263
-2317
-2375
-2358
-2219
-2099
-1989
-1845
-1642
-1370
-1069
-755
-428
-85
291
619
987
1326
1630
1878
2066
2248
2410
2551
2599
2596
2595
2618
2588
2480
2358
2236
2168
2044
1838
1598
1357
1101
816
491
143
-173
-493
-771
-1030
-1244
-1373
-1444
-1458
-1399
-1271
-1085
-851
-613
-342
-95
137
359
521
716
906
1041
1147
1228
1303
1451
1548
1608
1666
1713
1754
1758
1679
1524
1333
1062
782
427
16
-376
-778
-1125
-1428
-1747
-1986
-2144
-2269
-2340
-2378
-2432
-2444
-2418
-2365
-2311
-2326
-2307
-2305
-2301
-2265
-2272
-2242
-2161
-2086
-1924
-1760
-1582
-1365
-1174
-951
-700
-408
-74
238
519
858
1203
1494
1749
1895
2052
2237
2351
2438
2401
2366
2376
2335
2246
2159
2051
2013
1946
1819
1679
1482
1286
1083
803
513
213
-103
-379
-671
-901
-1085
-1228
-1288
-1282
-1195
-1065
-941
-778
-552
-313
-99
100
244
378
538
660
750
823
923
1041
1172
1302
1425
1538
1649
1709
1671
1595
1451
1230
993
662
324
-22
-423
-797
-1133
-1450
-1676
-1869
-2023
-2117
-2205
-2237
-2263
-2288
-2288
-2298
-2289
-2297
-2361
-2394
-2386
-2337
-2282
-2206
-2112
-1934
-1749
-1580
-1357
-1142
-880
-569
-304
51
383
685
1006
1294
1595
1823
2010
2171
2311
2443
2531
2508
2471
2472
2424
2382
2271
2142
2067
1950
1817
1647
1409
1169
921
628
332
9
-321
-616
-895
-1117
-1279
-1423
-1486
-1463
-1378
-1225
-1073
-892
-656
-425
-172
45
227
371
510
662
794
867
951
1092
1240
1365
1455
1510
1585
1608
1580
1507
1335
1123
870
597
296
-51
-391
-732
-1066
-1350
-1615
-1819
-1974
-2116
-2170
-2179
-2222
-2239
-2249
-2247
-2224
-2243
-2293
-2289
-2290
-2259
-2214
-2137
-2055
-1971
-1830
-1689
-1504
-1274
-1057
-811
-500
-201
130
434
727
1068
1399
1657
1875
2102
2277
2463
2576
2606
2614
2618
2645
2586
2507
2416
2297
2182
2038
1849
1617
1360
1067
773
435
95
-242
-566
-848
-1071
-1260
-1413
-1520
-1553
-1491
-1346
-1174
-995
-800
-529
-257
-36
164
333
524
728
851
963
1100
1223
1409
1524
1576
1689
1720
1703
1639
1511
1337
1110
816
471
134
-212
-549
-912
-1203
-1447
-1659
-1808
-2001
-2148
-2149
-2184
-2219
-2269
-2297
-2202
-2185
-2172
-2222
-2229
-2139
-2087
-2026
-1969
-1849
-1707
-1586
-1476
-1397
-1256
-1087
-887
-650
-424
-106
170
495
855
1155
1478
1682
1905
2165
2367
2532
2562
2578
2598
2622
2618
2526
2425
2340
2258
2116
1891
1656
1374
1124
823
462
127
-239
-567
-879
-1135
-1361
-1535
-1641
-1667
-1613
-1488
-1319
-1174
-960
-685
-403
-132
62
267
512
706
874
990
1113
1296
1465
1606
1694
1779
1874
1909
1860
1748
1577
1341
1088
779
411
59
-309
-685
-1045
-1349
-1602
-1846
-2055
-2211
-2324
-2373
-2408
-2451
-2492
-2472
-2390
-2347
-2290
-2258
-2198
-2044
-1973
-1841
-1696
-1630
-1455
-1358
-1217
-1078
-986
-794
-635
-351
-55
147
427
718
1031
1319
1482
1648
1859
2053
2200
2283
2271
2332
2369
2347
2331
2232
2168
2136
2036
1942
1776
1573
1377
1127
847
535
172
-141
-454
-748
-935
-1145
-1318
-1376
-1388
-1314
-1171
-1097
-902
-660
-431
-169
-17
167
365
534
725
844
944
1124
1269
1438
1582
1636
1712
1753
1747
1692
1554
1359
1131
818
509
211
-184
-521
-862
-1146
-1380
-1656
-1855
-2023
-2191
-2260
-2313
-2454
-2433
-2437
-2399
-2319
-2302
-2256
-2186
-2127
-2003
-1874
-1766
-1606
-1580
-1439
-1321
-1275
-1156
-1136
-989
-711
-539
-267
-58
195
580
828
1091
1307
1577
1851
2064
2179
2215
2339
2404
2481
2453
2443
2499
2424
2414
2311
2144
2023
1779
1519
1252
903
596
230
-140
-451
-731
-980
-1210
-1398
-1449
-1387
-1341
-1235
-1138
-924
-643
-422
-220
-61
146
383
563
692
881
1079
1272
1460
1579
1675
1764
1790
1778
1696
1581
1430
1181
891
600
271
-71
-459
-842
-1141
-1408
-1666
-1916
-2158
-2268
-2280
-2367
-2438
-2483
-2503
-2385
-2335
-2334
-2253
-2229
-2055
-1935
-1881
-1686
-1591
-1426
-1293
-1292
-1111
-1041
-991
-820
-722
-459
-209
-64
188
459
749
1043
1244
1420
1709
1940
2082
2160
2127
2307
2396
2404
2433
2353
2385
2385
2279
2209
2059
1887
1752
1475
1221
916
539
196
-164
-493
-754
-1034
-1254
-1361
-1415
-1337
-1256
-1208
-1007
-796
-541
-293
-185
3
201
343
521
624
733
916
1069
1223
1385
1489
1624
1710
1706
1696
1575
1372
1141
805
511
178
-206
-565
-926
-1218
-1453
-1710
-1976
-2116
-2192
-2263
-2319
-2427
-2491
-2449
-2430
-2380
-2427
-2380
-2264
-2181
-2038
-2000
-1824
-1577
-1536
-1416
-1334
-1257
-1087
-1075
-957
-803
-597
-343
-149
146
437
767
1066
1321
1598
1893
2146
2270
2386
2456
2568
2674
2637
2644
2653
2649
2656
2535
2404
2275
2080
1852
1539
1195
845
446
31
-364
-724
-1001
-1260
-1495
-1631
-1657
-1619
-1519
-1424
-1235
-968
-717
-443
-244
-11
248
428
617
758
942
1160
1339
1507
1641
1782
1913
1961
1934
1863
1720
1536
1282
987
645
290
-109
-542
-952
-1301
-1651
-1956
-2175
-2360
-2471
-2558
-2671
-2745
-2699
-2735
-2721
-2663
-2637
-2489
-2413
-2318
-2145
-2025
-1757
-1518
-1381
-1192
-1088
-900
-757
-679
-515
-407
-252
16
204
413
695
852
1116
1407
1587
1838
2034
2128
2286
2330
2413
2475
2385
2442
2438
2427
2387
2286
2227
2124
1925
1740
1459
1162
888
487
141
-200
-600
-890
-1142
-1390
-1483
-1556
-1539
-1420
-1342
-1128
-919
-708
-464
-307
-78
142
262
462
622
794
1035
1177
1359
1532
1690
1838
1890
1912
1884
1789
1647
1387
1038
694
330
-54
-463
-860
-1196
-1554
-1851
-2102
-2313
-2475
-2597
-2730
-2798
-2800
-2817
-2845
-2791
-2739
-2673
-2540
-2439
-2245
-2061
-1774
-1480
-1220
-1034
-886
-717
-578
-427
-317
-246
-77
42
272
493
656
873
1035
1335
1543
1770
2011
2099
2255
2369
2415
2440
2366
2354
2378
2390
2344
2252
2218
2083
1954
1749
1538
1239
902
594
201
-82
-454
-824
-1086
-1318
-1427
-1465
-1512
-1422
-1313
-1105
-887
-720
-534
-333
-66
172
342
498
693
892
1081
1277
1445
1602
1765
1876
1945
1932
1860
1755
1552
1306
986
597
234
-178
-576
-940
-1346
-1673
-1983
-2258
-2403
-2579
-2722
-2789
-2899
-2892
-2874
-2884
-2842
-2875
-2737
-2543
-2430
-2215
-2100
-1789
-1369
-1126
-773
-638
-534
-259
-218
-128
11
2
150
285
484
686
752
939
1099
1329
1638
1796
1908
2013
2138
2212
2307
2241
2180
2190
2175
2247
2129
2034
2007
1859
1804
1621
1361
1101
769
527
219
-137
-448
-740
-929
-1026
-1161
-1228
-1230
-1200
-1043
-875
-756
-593
-450
-220
49
213
363
533
743
986
1140
1328
1491
1615
1741
1807
1813
1751
1573
1380
1176
893
569
185
-206
-571
-888
-1227
-1533
-1883
-2171
-2338
-2540
-2728
-2890
-3075
-3129
-3340
-3505
-3400
-3273
-3086
-2906
-2776
-2186
-1609
-1198
-752
-468
176
871
1056
1148
1168
1318
1633
1348
1199
1073
1087
1324
1132
1002
1063
1003
1065
970
762
834
669
370
220
29
36
89
-137
-2
212
528
912
930
1217
1615
1868
2080
1934
1790
1936
1828
1576
1251
840
777
602
307
182
-5
-18
46
-104
-73
-71
-143
-122
-273
-291
-219
-329
-399
-430
-302
-47
-27
-42
130
359
691
830
739
804
892
915
833
422
139
-49
-322
-593
-1067
-1463
-1665
-1885
-2072
-2255
-2448
-2478
-2512
-2504
-2414
-2420
-2388
-2275
-2254
-2090
-1992
-1927
-1679
-1613
-1433
-1272
-1178
-980
-870
-630
-431
-135
188
402
693
952
1283
1532
1739
1859
1921
2222
2252
2233
2196
2068
2202
2161
2098
2053
1984
2039
2025
1962
1837
1670
1472
1230
969
634
280
-90
-413
-700
-952
-1108
-1226
-1229
-1152
-1021
-813
-619
-453
-272
-3
184
309
399
448
583
654
697
773
807
930
1080
1159
1253
1311
1377
1365
1277
1192
964
737
441
85
-192
-522
-920
-1282
-1551
-1780
-1948
-2182
-2363
-2426
-2439
-2377
-2370
-2416
-2325
-2278
-2137
-2044
-2109
-1937
-1896
-1692
-1502
-1453
-1146
-1113
-1026
-753
-728
-586
-568
-528
-271
-121
97
169
217
544
854
1048
1199
1283
1555
1879
2010
2077
2071
2116
2292
2274
2213
2237
2199
2246
2204
2055
1993
1793
1564
1338
1007
737
353
-32
-316
-640
-824
-1007
-1226
-1266
-1222
-1106
-975
-879
-721
-462
-233
-43
93
182
375
543
656
776
837
974
1142
1284
1423
1476
1525
1541
1499
1455
1298
1047
799
498
135
-193
-577
-960
-1296
-1539
-1741
-2019
-2209
-2291
-2380
-2347
-2386
-2472
-2451
-2458
-2258
-2240
-2162
-1989
-1934
-1670
-1572
-1444
-1235
-1240
-1002
-931
-869
-685
-768
-728
-746
-686
-551
-434
-321
-251
-1
353
635
847
966
1277
1576
1889
2043
2060
2255
2350
2545
2565
2508
2592
2567
2557
2544
2404
2256
2086
1873
1605
1245
883
461
74
-281
-579
-934
-1224
-1445
-1594
-1514
-1483
-1381
-1216
-1004
-680
-451
-275
-42
145
373
600
700
803
932
1082
1282
1384
1459
1553
1605
1655
1648
1565
1455
1220
918
643
239
-178
-583
-1014
-1324
-1656
-1960
-2189
-2403
-2481
-2564
-2609
-2600
-2598
-2474
-2426
-2354
-2148
-2080
-1900
-1755
-1661
-1467
-1355
-1189
-1035
-957
-781
-658
-580
-482
-614
-605
-572
-541
-378
-438
-376
-128
91
433
582
708
971
1271
1621
1777
1842
1917
2092
2210
2295
2300
2291
2418
2457
2484
2465
2292
2200
2026
1792
1596
1171
772
387
-46
-369
-729
-1044
-1246
-1366
-1338
-1287
-1236
-1123
-914
-691
-406
-236
-86
176
346
541
697
794
959
1123
1271
1431
1502
1606
1718
1736
1731
1651
1493
1255
941
620
268
-185
-635
-1080
-1458
-1743
-2048
-2316
-2511
-2641
-2715
-2726
-2778
-2723
-2599
-2544
-2316
-2221
-2009
-1754
-1612
-1275
-1107
-835
-596
-577
-311
-291
-183
-80
-235
-193
-435
-478
-491
-554
-416
-568
-430
-203
40
295
253
479
719
1011
1255
1220
1347
1436
1639
1796
1817
1910
1998
2240
2332
2385
2417
2331
2300
2133
1940
1677
1274
922
531
204
-130
-510
-784
-992
-1033
-1016
-1001
-998
-946
-701
-464
-267
-177
-102
77
241
384
426
466
599
769
966
1067
1170
1270
1344
1434
1374
1278
1131
913
657
345
40
-395
-837
-1206
-1555
-1791
-2105
-2371
-2535
-2616
-2553
-2510
-2438
-2338
-2203
-2022
-1855
-1633
-1466
-1307
-1115
-926
-762
-684
-529
-402
-351
-201
-180
-230
-262
-465
-505
-577
-573
-521
-666
-582
-457
-240
17
78
161
351
655
921
1062
1141
1318
1591
1799
1995
2051
2149
2389
2489
2602
2615
2518
2467
2306
2095
1789
1422
1063
657
292
0
-353
-681
-935
-1073
-1091
-1085
-1143
-1080
-961
-799
-535
-441
-348
-192
-14
215
351
436
570
767
1034
1233
1329
1478
1515
1586
1622
1535
1372
1089
825
516
184
-244
-663
-1105
-1451
-1715
-2043
-2293
-2490
-2586
-2532
-2567
-2535
-2431
-2377
-2189
-2006
-1877
-1668
-1480
-1262
-1046
-866
-583
-412
-280
-96
-24
125
182
109
26
-167
-325
-409
-536
-634
-675
-737
-678
-486
-341
-168
-52
121
395
576
808
906
1034
1249
1436
1611
1717
1816
2002
2193
2309
2412
2429
2388
2411
2278
2045
1785
1401
1091
811
464
99
-249
-518
-694
-803
-874
-952
-957
-865
-746
-619
-496
-435
-292
-110
33
164
256
337
538
717
866
971
1060
1207
1289
1324
1302
1190
1040
886
668
377
2
-401
-750
-1058
-1394
-1696
-1941
-2101
-2148
-2221
-2249
-2268
-2245
-2073
-1996
-1940
-1826
-1737
-1496
-1366
-1264
-1052
-934
-703
-531
-411
-223
-140
14
64
-51
-99
-240
-320
-381
-496
-522
-554
-520
-383
-251
-83
53
175
366
640
840
966
1107
1155
1333
1516
1606
1701
1785
1976
2140
2196
2268
2211
2155
2093
1909
1648
1328
1026
756
433
70
-230
-516
-691
-791
-890
-927
-941
-880
-749
-608
-461
-367
-260
-76
48
157
256
323
478
648
787
941
1030
1131
1245
1265
1264
1197
1016
858
639
354
-2
-392
-750
-1095
-1413
-1729
-1970
-2135
-2223
-2232
-2256
-2212
-2156
-2078
-1931
-1851
-1703
-1562
-1421
-1171
-991
-816
-600
-477
-211
-78
-55
74
38
68
8
-212
-354
-557
-653
-670
-810
-804
-783
-612
-393
-342
-239
-81
130
397
619
706
920
1165
1381
1640
1721
1900
2152
2312
2554
2620
2630
2647
2521
2399
2190
1878
1581
1181
812
476
102
-243
-542
-775
-906
-1025
-1142
-1119
-1089
-978
-833
-795
-632
-522
-373
-178
-73
91
232
415
663
834
1031
1233
1332
1435
1508
1523
1413
1209
983
734
428
38
-330
-714
-1078
-1336
-1628
-1852
-2089
-2235
-2254
-2290
-2292
-2263
-2213
-2088
-2014
-1922
-1791
-1597
-1397
-1215
-960
-782
-574
-385
-163
64
165
252
328
278
328
182
-65
-214
-411
-442
-544
-663
-648
-614
-442
-292
-248
-120
23
237
400
484
664
770
900
1051
1219
1354
1558
1790
1967
2242
2387
2496
2549
2476
2428
2268
2016
1738
1340
974
621
276
-45
-352
-532
-617
-717
-787
-780
-817
-756
-660
-657
-577
-571
-500
-392
-323
-208
-129
-19
177
345
528
658
747
874
951
986
973
824
605
442
164
-124
-481
-842
-1089
-1318
-1546
-1717
-1908
-1932
-1990
-1989
-1923
-1858
-1722
-1654
-1565
-1418
-1212
-1095
-971
-858
-640
-437
-234
-62
19
120
256
347
315
184
42
-55
-103
-167
-241
-310
-339
-231
-186
-131
-121
-138
-10
45
132
180
240
328
432
620
827
1011
1161
1413
1694
1954
2118
2203
2236
2269
2244
2115
1872
1577
1300
1024
753
444
162
-53
-189
-268
-326
-370
-428
-428
-446
-428
-441
-513
-562
-599
-602
-542
-487
-459
-330
-116
111
329
503
641
789
914
949
870
724
543
357
141
-180
-489
-807
-1035
-1227
-1403
-1503
-1577
-1646
-1591
-1521
-1511
-1473
-1428
-1339
-1266
-1185
-1124
-1076
-1021
-897
-848
-777
-626
-463
-330
-258
-178
-105
-67
-124
-256
-355
-341
-293
-338
-405
-397
-275
-141
-110
-107
-6
127
359
460
530
661
751
888
1056
1246
1357
1556
1735
1901
2065
2188
2224
2152
2073
2009
1810
1567
1297
986
766
544
315
85
-111
-211
-276
-342
-423
-477
-503
-511
-511
-573
-633
-672
-646
-565
-542
-410
-290
-140
84
300
535
666
746
882
917
922
860
648
479
253
50
-170
-498
-793
-995
-1200
-1302
-1414
-1529
-1586
-1582
-1495
-1473
-1467
-1431
-1380
-1365
-1257
-1160
-1171
-1073
-1008
-882
-744
-659
-485
-421
-301
-122
-133
-116
-153
-297
-295
-354
-358
-407
-457
-345
-260
-160
-6
66
165
392
523
620
763
832
963
1051
1178
1341
1347
1467
1617
1702
1861
1929
1916
1911
1870
1799
1624
1353
1130
900
638
453
157
-82
-247
-406
-483
-547
-621
-608
-596
-581
-516
-501
-460
-410
-383
-252
-180
-99
26
128
334
517
635
740
799
865
897
838
759
619
451
260
42
-187
-461
-688
-915
-1150
-1251
-1351
-1454
-1580
-1659
-1614
-1563
-1532
-1532
-1520
-1460
-1331
-1228
-1156
-1049
-958
-786
-664
-583
-355
-352
-251
-114
-187
-80
-182
-278
-316
-447
-345
-385
-443
-306
-248
-54
123
216
306
457
634
751
804
854
987
963
1002
1070
1018
1144
1285
1373
1538
1604
1700
1712
1660
1676
1510
1287
1114
833
589
387
89
-119
-322
-445
-397
-439
-428
-356
-328
-202
-115
-109
-35
-16
30
97
104
185
242
282
406
492
579
697
733
776
804
763
734
640
429
288
45
-242
-468
-801
-1022
-1238
-1445
-1472
-1578
-1653
-1608
-1582
-1442
-1363
-1361
-1285
-1230
-1091
-1012
-1050
-1021
-997
-860
-735
-803
-694
-556
-348
-191
-207
-153
-70
-34
-88
-272
-393
-438
-459
-491
-586
-566
-461
-326
-208
-98
98
338
504
612
735
849
979
1009
1018
1094
1164
1278
1335
1352
1457
1606
1623
1629
1563
1516
1438
1270
1050
803
567
362
122
-98
-248
-372
-405
-477
-457
-391
-280
-202
-121
9
137
235
261
326
403
486
528
553
549
577
642
689
665
659
666
638
564
449
289
99
-77
-289
-498
-767
-977
-1153
-1289
-1290
-1424
-1526
-1511
-1467
-1362
-1360
-1339
-1245
-1122
-961
-907
-934
-874
-784
-625
-599
-626
-489
-395
-304
-263
-323
-302
-272
-316
-465
-615
-578
-643
-620
-695
-672
-512
-404
-239
-202
-23
233
356
506
527
638
809
805
852
822
929
1106
1161
1207
1281
1455
1534
1549
1517
1435
1390
1276
1093
842
631
457
240
37
-95
-166
-171
-195
-199
-126
10
97
175
209
320
431
453
412
356
408
443
455
400
392
481
578
601
610
641
654
616
501
320
131
-63
-307
-530
-798
-1000
-1185
-1374
-1402
-1433
-1455
-1439
-1412
-1265
-1120
-1084
-1042
-981
-809
-706
-758
-834
-765
-620
-562
-590
-698
-517
-335
-241
-207
-378
-234
-132
-242
-344
-606
-626
-627
-768
-797
-893
-749
-565
-510
-380
-228
66
243
379
457
602
818
785
805
795
913
1063
973
1013
1070
1216
1423
1382
1337
1342
1361
1335
1134
930
752
637
462
259
69
-21
-48
-98
-80
-22
132
265
319
416
523
613
620
553
533
560
542
453
396
394
445
463
427
396
454
473
460
392
302
228
65
-134
-353
-549
-706
-892
-1121
-1218
-1218
-1223
-1266
-1296
-1200
-1046
-972
-936
-864
-772
-613
-633
-664
-700
-714
-581
-617
-718
-679
-700
-601
-623
-727
-681
-717
-673
-741
-898
-906
-938
-901
-856
-881
-773
-621
-482
-360
-225
-85
100
246
364
484
594
719
776
792
863
984
1036
1100
1132
1235
1332
1326
1346
1269
1185
1129
972
795
618
451
349
247
127
94
115
185
275
321
421
521
583
646
705
708
685
659
649
642
597
599
548
506
560
599
630
658
632
641
603
479
335
135
-25
-210
-410
-628
-791
-959
-1020
-1045
-1079
-1050
-1025
-965
-879
-821
-738
-735
-760
-668
-711
-697
-715
-815
-808
-845
-827
-824
-852
-774
-727
-676
-702
-690
-738
-774
-801
-1023
-1076
-1184
-1199
-1130
-1234
-1102
-994
-844
-592
-517
-256
-55
141
380
426
559
685
735
770
842
901
970
1081
1082
1230
1334
1414
1493
1391
1351
1325
1193
1078
868
708
594
412
286
205
152
174
238
292
403
487
586
695
708
721
744
696
649
574
491
494
462
455
466
469
527
536
555
565
545
471
404
261
150
2
-240
-394
-565
-731
-796
-889
-916
-896
-895
-801
-758
-714
-594
-544
-540
-554
-610
-623
-680
-898
-1005
-1058
-1153
-1159
-1309
-1350
-1188
-1164
-1061
-1081
-1136
-971
-1020
-1079
-1177
-1289
-1202
-1155
-1134
-1082
-1001
-760
-562
-428
-244
-21
195
458
617
721
952
1032
1119
1160
1142
1291
1306
1282
1321
1337
1414
1420
1307
1245
1193
1121
1035
841
687
612
491
389
292
195
251
213
210
312
309
419
508
511
605
671
690
696
636
678
741
701
663
614
612
681
665
601
570
502
522
456
266
166
62
-80
-203
-393
-529
-584
-693
-784
-862
-855
-821
-819
-816
-777
-772
-784
-793
-856
-903
-912
-919
-1019
-1111
-1145
-1125
-1173
-1222
-1192
-1188
-1173
-1167
-1254
-1277
-1325
-1424
-1444
-1536
-1492
-1418
-1413
-1270
-1138
-927
-648
-459
-220
12
257
517
644
759
925
1058
1138
1215
1235
1283
1400
1405
1511
1548
1554
1612
1512
1481
1411
1240
1132
953
724
599
447
302
160
71
76
93
109
185
232
292
438
448
512
586
595
673
688
705
726
708
768
831
848
912
932
910
921
868
802
731
572
391
241
26
-162
-392
-588
-672
-809
-849
-935
-1030
-1003
-1005
-987
-978
-1034
-1054
-1041
-1044
-1115
-1153
-1242
-1282
-1266
-1322
-1308
-1353
-1310
-1215
-1133
-1018
-974
-966
-875
-867
-856
-886
-1035
-1062
-1063
-1026
-956
-977
-895
-715
-508
-282
-89
119
363
615
748
851
884
950
1025
970
982
937
889
919
916
988
1030
1051
1102
1106
1101
1126
1065
966
833
704
614
504
358
239
199
222
264
280
373
496
612
768
860
934
1042
1069
1075
1050
994
958
910
844
788
743
711
648
590
559
517
490
409
291
179
83
-59
-285
-500
-688
-775
-874
-999
-1100
-1162
-1161
-1163
-1182
-1166
-1150
-1132
-1095
-1133
-1112
-1135
-1175
-1142
-1217
-1239
-1204
-1261
-1218
-1217
-1190
-1100
-1115
-1102
-1085
-1055
-984
-1055
-1152
-1142
-1067
-960
-954
-963
-820
-577
-380
-189
-44
114
346
537
668
756
841
954
1004
991
1031
1038
1093
1128
1108
1198
1253
1271
1242
1182
1214
1204
1093
983
846
731
693
595
484
443
461
538
594
625
713
861
979
1054
1068
1068
1112
1115
1071
994
943
922
850
798
780
716
680
612
510
502
410
273
122
-52
-173
-367
-568
-751
-919
-1023
-1100
-1154
-1244
-1275
-1218
-1235
-1227
-1200
-1199
-1158
-1165
-1228
-1246
-1263
-1291
-1329
-1359
-1290
-1254
-1194
-1178
-1177
-1065
-971
-948
-883
-904
-869
-799
-857
-935
-1019
-1048
-998
-941
-931
-860
-723
-537
-313
-156
48
249
414
611
696
790
874
879
929
920
915
977
987
997
1073
1134
1212
1274
1257
1256
1283
1262
1195
1095
987
921
830
760
685
626
655
694
744
828
918
990
1095
1105
1163
1193
1169
1156
1051
964
888
768
656
597
513
494
437
357
309
228
178
86
-89
-190
-321
-493
-670
-858
-977
-1068
-1163
-1229
-1272
-1297
-1250
-1232
-1229
-1216
-1196
-1169
-1172
-1211
-1223
-1243
-1257
-1287
-1308
-1324
-1287
-1255
-1260
-1201
-1138
-1056
-980
-915
-850
-755
-712
-648
-605
-644
-604
-609
-623
-608
-588
-481
-405
-297
-113
8
210
380
533
663
753
861
902
890
863
851
809
760
720
678
699
730
757
846
873
960
1017
1067
1165
1196
1232
1268
1233
1203
1200
1165
1145
1085
1107
1200
1199
1238
1248
1238
1294
1254
1234
1166
1061
985
816
653
487
333
205
35
-122
-221
-322
-397
-487
-620
-659
-715
-803
-870
-942
-967
-1018
-1042
-1084
-1120
-1121
-1123
-1113
-1113
-1091
-1047
-1043
-1024
-994
-993
-1004
-1043
-1062
-1059
-1076
-1118
-1187
-1231
-1179
-1187
-1222
-1195
-1177
-1089
-998
-973
-889
-849
-782
-654
-645
-590
-522
-449
-377
-293
-192
-79
40
179
333
479
655
783
854
926
987
1013
1028
973
933
949
929
919
882
865
913
916
976
1035
1083
1162
1200
1200
1221
1222
1196
1193
1195
1184
1186
1176
1153
1115
1080
1097
1088
1056
1064
1041
968
915
769
641
524
402
274
75
-73
-212
-355
-438
-561
-648
-698
-762
-790
-816
-821
-825
-841
-867
-877
-855
-857
-869
-887
-882
-841
-868
-898
-952
-960
-898
-918
-953
-1003
-1019
-942
-990
-1054
-1087
-1132
-1089
-1133
-1210
-1221
-1184
-1108
-1109
-1077
-1008
-888
-748
-715
-590
-471
-377
-281
-272
-196
-127
-34
33
47
186
270
374
476
548
690
813
897
947
1001
1053
1080
1106
1064
1047
1037
1008
996
970
996
1039
1079
1106
1131
1204
1236
1236
1246
1215
1231
1225
1131
1053
994
942
858
730
629
601
537
488
403
325
329
258
194
85
-17
-58
-150
-253
-348
-424
-464
-503
-519
-574
-589
-552
-556
-525
-507
-488
-494
-498
-520
-555
-579
-660
-750
-775
-838
-889
-955
-1048
-1066
-1033
-1062
-1105
-1171
-1154
-1072
-1054
-1040
-1101
-1085
-998
-984
-959
-976
-960
-838
-782
-733
-675
-596
-451
-362
-287
-213
-124
-31
27
79
131
226
282
330
356
405
525
589
669
735
809
944
1019
1045
1067
1118
1162
1162
1153
1128
1135
1127
1083
1037
1030
1052
1035
1003
1015
1006
971
918
855
806
759
704
588
460
413
351
278
182
119
100
79
27
-17
-32
-46
-23
-62
-119
-144
-154
-146
-190
-244
-226
-238
-249
-261
-331
-352
-362
-406
-455
-506
-530
-566
-653
-698
-714
-765
-812
-870
-930
-944
-984
-1032
-1100
-1136
-1100
-1092
-1060
-1045
-1014
-954
-921
-879
-811
-747
-717
-670
-603
-532
-462
-410
-352
-289
-219
-121
-59
-22
58
122
197
265
279
317
381
425
464
466
498
601
685
746
795
864
931
977
982
980
1008
1024
992
915
878
845
809
780
758
711
685
671
658
654
597
564
568
502
459
415
349
290
191
137
100
51
6
-57
-104
-102
-63
-64
-51
-39
11
28
12
28
23
22
1
-46
-83
-123
-149
-196
-225
-246
-270
-299
-366
-394
-454
-517
-569
-633
-668
-735
-805
-878
-936
-959
-1007
-1035
-1047
-1009
-965
-898
-837
-801
-737
-671
-611
-561
-519
-435
-359
-341
-284
-248
-177
-146
-97
-30
48
119
209
291
337
386
381
384
404
405
408
376
353
384
389
400
414
425
454
490
522
537
565
623
676
664
607
614
584
548
525
497
513
499
485
474
430
453
458
435
415
417
416
375
324
241
212
177
99
60
-11
-32
-33
-60
-69
-61
-46
-27
-30
-38
-39
-41
-64
-98
-123
-168
-197
-265
-305
-377
-420
-437
-520
-548
-592
-618
-623
-654
-649
-634
-633
-648
-653
-679
-684
-674
-657
-660
-626
-592
-567
-505
-454
-401
-322
-207
-114
-31
23
77
131
175
181
212
243
253
275
278
282
285
289
293
302
305
335
351
372
377
371
359
307
308
278
228
229
212
191
190
187
189
189
209
238
238
252
260
286
328
305
293
286
265
247
226
196
182
208
196
155
138
151
169
127
129
131
92
74
25
-4
-30
-32
-31
-54
-57
-48
-51
-38
-32
-22
-27
-43
-83
-116
-146
-178
-199
-283
-335
-370
-415
-454
-478
-478
-486
-498
-507
-477
-486
-476
-431
-418
-392
-362
-359
-328
-326
-290
-238
-229
-189
-152
-77
-12
40
109
172
233
275
299
309
348
355
338
344
330
297
264
260
255
213
167
170
140
140
128
85
79
65
65
30
14
-30
-47
-10
-56
-81
-66
-38
-16
-31
-15
-6
-7
29
21
16
6
27
46
38
40
57
87
82
93
93
87
95
120
124
132
129
126
125
112
101
68
54
50
49
37
24
17
6
-1
-23
-10
0
-31
-47
-71
-82
-82
-110
-118
-100
-88
-62
-62
-60
-43
-43
-62
-61
-62
-60
-53
-47
-41
-34
-17
12
31
33
82
71
57
68
69
66
33
5
11
26
30
16
-20
-20
-14
-4
-21
-50
-21
-12
13
14
11
35
54
53
23
3
-14
-13
-19
-57
-79
-76
-69
-61
-77
-57
-64
-75
-105
-88
-85
-110
-140
-170
-201
-216
-199
-240
-235
-229
-216
-187
-207
-195
-168
-156
-126
-142
-152
-120
-117
-97
-91
-91
-65
-68
-59
-37
-15
16
45
91
108
119
145
144
161
191
203
203
220
228
227
230
235
245
256
259
266
254
262
295
295
326
298
296
308
291
275
240
245
227
192
179
187
163
152
133
112
109
108
73
65
45
29
51
29
-1
-5
-11
-34
-44
-76
-78
-91
-90
-77
-76
-83
-100
-110
-128
-157
-151
-145
-172
-184
-223
-244
-255
-276
-272
-279
-289
-276
-271
-276
-258
-269
-273
-274
-283
-283
-311
-323
-325
-361
-355
-372
-379
-357
-377
-338
-355
-319
-314
-306
-242
-227
-179
-103
-63
-31
-26
4
44
65
58
90
112
140
192
213
272
312
353
374
391
407
403
403
394
396
393
372
349
367
387
373
359
337
367
376
387
380
368
378
375
377
370
340
320
327
273
250
239
195
186
146
133
147
116
102
64
65
72
67
31
-4
0
10
5
-56
-96
-106
-116
-127
-185
-219
-230
-226
-261
-306
-343
-370
-381
-428
-439
-453
-453
-458
-457
-478
-477
-472
-484
-475
-495
-501
-505
-480
-457
-466
-448
-443
-442
-408
-362
-312
-277
-263
-229
-161
-111
-91
-51
-32
-24
3
33
29
-6
-18
-11
-15
-19
-21
0
58
112
166
205
278
373
439
501
535
569
609
590
572
550
536
531
524
534
485
476
469
456
460
480
476
429
412
383
337
311
257
202
168
135
111
81
54
32
53
80
106
120
159
184
205
207
189
152
117
99
43
30
-30
-117
-148
-162
-177
-236
-264
-294
-313
-351
-385
-429
-474
-477
-520
-554
-579
-594
-634
-647
-652
-637
-598
-586
-541
-523
-482
-440
-389
-360
-358
-313
-275
-273
-275
-253
-229
-201
-184
-175
-164
-100
-72
-56
-35
-7
24
56
69
97
127
116
109
107
149
158
196
200
222
250
271
278
273
305
301
320
335
350
370
360
369
374
381
397
360
358
388
393
365
364
358
373
382
354
345
342
334
325
293
262
283
282
260
246
232
218
219
211
184
148
129
125
120
91
58
60
26
-6
-38
-63
-113
-170
-210
-244
-274
-318
-351
-380
-385
-380
-362
-354
-360
-355
-336
-337
-338
-357
-381
-399
-403
-404
-410
-422
-420
-419
-417
-409
-382
-346
-317
-303
-283
-257
-224
-204
-195
-167
-158
-170
-160
-128
-87
-84
-81
-58
-23
24
49
75
63
74
102
104
116
110
115
137
137
158
155
143
159
163
187
224
260
283
288
307
333
342
351
356
392
391
390
371
355
362
365
359
345
375
398
416
410
403
385
333
277
216
154
110
66
24
-22
