-13
3
4
11
28
35
19
13
5
7
7
17
16
39
38
22
6
12
19
8
12
16
25
21
6
-7
-12
-8
11
7
-13
-10
6
-4
-2
-17
-17
-8
-12
-14
-14
-19
-13
8
9
-1
-23
-12
-11
-14
-13
-4
9
-2
4
5
1
-3
-7
0
1
7
-7
-13
0
4
0
13
17
13
28
13
0
0
-3
14
23
9
5
14
11
18
2
-10
-7
10
15
13
0
-12
19
2
-1
19
7
-12
-7
1
24
-2
-3
0
8
34
26
34
27
19
13
11
12
-6
1
-11
-2
1
-14
-7
-11
-17
-19
-33
-32
-31
-27
-40
-26
-8
4
7
-6
-10
-6
8
-5
0
-2
-4
-26
-19
-16
-29
-13
-15
-5
-5
-5
-12
-36
-33
-25
-34
-6
-1
-10
-23
-7
4
-6
-1
13
23
28
15
-3
-6
13
7
19
21
13
27
22
22
24
38
21
23
20
24
20
33
15
16
20
-7
-1
0
1
-10
-6
0
6
0
-6
2
-3
7
11
5
17
6
-3
-2
-14
-14
0
-6
-10
-11
1
-3
-14
-11
-11
-11
2
-15
-23
-16
-17
-38
-89
-161
-166
-182
-190
-141
-128
-110
-27
32
71
101
162
227
266
303
321
375
385
360
351
270
223
211
196
164
93
11
-47
-55
-79
-121
-205
-259
-317
-355
-400
-397
-394
-406
-411
-423
-441
-440
-394
-397
-390
-379
-348
-264
-173
-127
-71
-37
12
91
169
199
265
301
301
356
351
382
407
413
394
379
412
431
455
451
442
419
406
410
412
398
361
367
343
286
226
153
92
27
-42
-116
-179
-219
-264
-322
-393
-465
-517
-557
-578
-606
-640
-668
-681
-663
-671
-670
-639
-619
-593
-574
-532
-455
-388
-309
-250
-182
-94
-14
73
141
212
265
348
417
462
491
506
525
543
559
580
601
613
630
637
628
619
604
599
570
559
543
540
563
566
546
520
500
463
448
422
348
292
194
98
16
-70
-177
-303
-421
-520
-616
-725
-809
-890
-959
-1050
-1122
-1192
-1220
-1239
-1263
-1280
-1282
-1260
-1208
-1158
-1112
-1018
-938
-825
-692
-586
-455
-298
-131
37
197
360
507
650
775
875
953
1056
1161
1239
1300
1331
1374
1377
1383
1404
1387
1380
1372
1319
1280
1228
1173
1136
1108
1080
1014
958
889
765
635
531
391
244
70
-92
-271
-458
-656
-846
-1024
-1165
-1311
-1477
-1615
-1768
-1881
-1966
-2048
-2134
-2193
-2247
-2264
-2229
-2208
-2154
-2074
-1973
-1850
-1703
-1506
-1291
-1024
-742
-466
-188
114
438
746
1030
1288
1518
1740
1940
2103
2236
2319
2353
2403
2446
2447
2443
2398
2333
2260
2150
2025
1884
1728
1526
1326
1148
980
831
672
528
359
200
72
-54
-176
-310
-454
-600
-749
-848
-956
-1095
-1237
-1407
-1538
-1609
-1728
-1850
-1964
-2110
-2217
-2307
-2400
-2483
-2534
-2552
-2573
-2544
-2486
-2404
-2261
-2137
-1968
-1732
-1479
-1184
-862
-556
-248
109
431
739
1072
1363
1617
1840
2052
2279
2444
2561
2680
2761
2805
2838
2870
2859
2818
2755
2587
2448
2306
2118
1928
1693
1435
1182
935
694
483
264
67
-68
-211
-342
-420
-465
-528
-575
-593
-625
-647
-703
-778
-862
-1000
-1135
-1271
-1388
-1524
-1700
-1867
-2039
-2181
-2320
-2443
-2571
-2681
-2717
-2724
-2743
-2741
-2670
-2588
-2475
-2318
-2112
-1845
-1548
-1242
-963
-652
-320
43
374
672
991
1270
1573
1877
2165
2400
2587
2736
2868
2976
3059
3109
3112
3094
3047
2984
2871
2782
2650
2455
2250
2041
1804
1540
1266
988
677
402
163
-26
-204
-380
-508
-581
-621
-648
-675
-703
-718
-722
-733
-793
-892
-970
-1069
-1202
-1330
-1464
-1594
-1685
-1844
-2029
-2201
-2354
-2473
-2615
-2757
-2866
-2907
-2915
-2924
-2894
-2848
-2770
-2617
-2439
-2207
-1881
-1562
-1266
-971
-622
-231
152
489
795
1110
1443
1742
2032
2310
2522
2742
2920
3089
3267
3377
3444
3476
3452
3368
3308
3217
3105
2934
2694
2460
2244
1973
1694
1409
1067
759
485
265
43
-144
-303
-445
-500
-551
-558
-535
-536
-544
-582
-636
-637
-654
-792
-960
-1181
-1412
-1585
-1713
-1848
-2008
-2161
-2345
-2512
-2659
-2856
-3021
-3172
-3318
-3428
-3501
-3528
-3503
-3451
-3388
-3279
-3058
-2765
-2439
-2091
-1766
-1385
-951
-524
-17
429
850
1272
1695
2104
2498
2843
3128
3425
3651
3809
3959
4130
4225
4256
4221
4171
4147
4095
3961
3740
3448
3130
2836
2519
2165
1799
1408
1040
690
378
117
-86
-255
-450
-619
-737
-847
-881
-923
-966
-1034
-1126
-1131
-1116
-1151
-1279
-1471
-1695
-1874
-2043
-2194
-2368
-2569
-2716
-2890
-3032
-3208
-3426
-3622
-3816
-3953
-4050
-4110
-4132
-4086
-3994
-3870
-3728
-3487
-3065
-2601
-2146
-1695
-1261
-757
-182
385
872
1316
1775
2224
2685
3129
3480
3743
4020
4298
4507
4651
4806
4938
4964
4912
4820
4726
4607
4439
4178
3849
3494
3133
2789
2418
1975
1500
1095
713
367
37
-257
-494
-705
-888
-1090
-1237
-1299
-1389
-1489
-1550
-1671
-1750
-1749
-1780
-1878
-1972
-2069
-2212
-2344
-2501
-2654
-2791
-2930
-3054
-3164
-3309
-3425
-3572
-3739
-3865
-3965
-4037
-4087
-4097
-4073
-3966
-3822
-3622
-3370
-3053
-2641
-2142
-1606
-1078
-532
48
613
1154
1653
2070
2538
2984
3384
3735
4037
4302
4533
4753
4913
5016
5076
5131
5112
5040
4922
4780
4608
4388
4093
3743
3381
3006
2640
2211
1739
1272
848
482
112
-246
-558
-852
-1104
-1310
-1484
-1635
-1706
-1785
-1887
-1941
-1937
-1946
-1928
-1959
-2056
-2139
-2195
-2255
-2372
-2520
-2702
-2832
-2922
-3020
-3116
-3192
-3296
-3377
-3457
-3596
-3692
-3779
-3831
-3866
-3876
-3857
-3772
-3582
-3394
-3163
-2881
-2503
-2022
-1495
-1009
-533
-22
550
1143
1644
2089
2498
2986
3392
3723
4037
4368
4662
4920
5105
5230
5366
5443
5478
5374
5212
5051
4856
4620
4301
3950
3519
3087
2705
2274
1802
1334
912
536
182
-183
-497
-796
-1046
-1279
-1555
-1771
-1906
-2033
-2190
-2333
-2424
-2507
-2519
-2561
-2628
-2693
-2765
-2836
-2940
-3086
-3220
-3297
-3361
-3465
-3543
-3643
-3730
-3729
-3785
-3847
-3883
-3923
-3903
-3840
-3793
-3718
-3623
-3435
-3180
-2925
-2551
-2142
-1659
-1117
-589
-56
479
1037
1630
2130
2624
3070
3490
3924
4284
4561
4807
5058
5272
5427
5507
5550
5544
5498
5404
5224
5040
4833
4572
4291
3920
3508
3113
2683
2230
1778
1300
844
444
83
-299
-644
-962
-1255
-1498
-1765
-1956
-2130
-2283
-2433
-2573
-2684
-2798
-2867
-2942
-3065
-3128
-3165
-3325
-3504
-3705
-3881
-3863
-3860
-3883
-3872
-3910
-3802
-3570
-3470
-3480
-3567
-3452
-3264
-3087
-2929
-2912
-2734
-2428
-2203
-1980
-1754
-1351
-796
-368
-27
385
891
1460
1972
2335
2607
2951
3396
3739
3968
4115
4245
4415
4557
4653
4693
4648
4645
4688
4539
4333
4181
4046
3864
3571
3262
2901
2637
2441
2114
1675
1252
924
681
348
-22
-341
-717
-972
-1214
-1482
-1735
-1946
-2081
-2203
-2365
-2475
-2470
-2460
-2507
-2628
-2682
-2704
-2621
-2506
-2557
-2641
-2628
-2567
-2463
-2422
-2388
-2434
-2562
-2581
-2583
-2567
-2487
-2509
-2672
-2810
-2845
-2721
-2678
-2664
-2655
-2619
-2436
-2178
-1885
-1576
-1336
-1034
-659
-332
116
642
1068
1424
1679
1960
2365
2797
3154
3330
3446
3634
3892
4164
4359
4490
4563
4552
4583
4614
4550
4474
4346
4069
3814
3550
3298
3033
2687
2254
1804
1438
1113
792
399
-78
-505
-865
-1169
-1411
-1637
-1900
-2127
-2328
-2494
-2601
-2644
-2696
-2774
-2844
-2882
-2802
-2682
-2568
-2476
-2458
-2487
-2407
-2293
-2232
-2141
-2132
-2233
-2269
-2206
-2216
-2371
-2605
-2868
-3066
-3071
-2960
-3047
-3112
-3088
-3058
-2834
-2545
-2286
-1970
-1636
-1198
-730
-362
104
617
1071
1379
1623
2014
2419
2829
3132
3219
3343
3626
3938
4140
4242
4320
4472
4553
4670
4716
4665
4574
4453
4293
3966
3663
3446
3135
2715
2279
1799
1411
1082
732
297
-141
-441
-619
-857
-1123
-1380
-1638
-1819
-2014
-2222
-2407
-2520
-2566
-2595
-2654
-2681
-2609
-2449
-2358
-2325
-2378
-2453
-2375
-2220
-2246
-2315
-2388
-2501
-2526
-2544
-2661
-2949
-3206
-3403
-3503
-3531
-3581
-3728
-3714
-3659
-3538
-3290
-3039
-2657
-2256
-1848
-1383
-899
-349
224
748
1164
1475
1847
2327
2759
3104
3332
3544
3851
4155
4429
4629
4768
4913
5041
5069
5157
5186
5123
4991
4788
4549
4273
3987
3688
3279
2782
2315
1877
1464
1041
636
201
-184
-462
-752
-1022
-1271
-1529
-1741
-1919
-2095
-2249
-2345
-2389
-2404
-2408
-2464
-2438
-2338
-2319
-2295
-2346
-2472
-2493
-2504
-2569
-2630
-2743
-2873
-3025
-3145
-3220
-3376
-3580
-3773
-3937
-3979
-4019
-3992
-4003
-4057
-3937
-3744
-3508
-3187
-2809
-2430
-1973
-1509
-1009
-500
76
626
1085
1515
1947
2457
2916
3282
3566
3853
4127
4425
4691
4859
4993
5105
5228
5323
5325
5354
5325
5208
5038
4839
4599
4347
4056
3686
3306
2893
2480
2075
1665
1230
768
353
-20
-370
-687
-1018
-1332
-1585
-1815
-2021
-2237
-2402
-2490
-2549
-2611
-2671
-2665
-2679
-2664
-2679
-2799
-2933
-3099
-3237
-3384
-3518
-3624
-3760
-3927
-4003
-4034
-4063
-4163
-4285
-4307
-4329
-4252
-4126
-4102
-4052
-3841
-3605
-3332
-2985
-2626
-2187
-1713
-1209
-783
-262
329
903
1398
1814
2241
2764
3227
3611
3927
4210
4480
4779
5034
5205
5385
5521
5623
5675
5737
5751
5683
5557
5372
5134
4893
4634
4383
4037
3619
3183
2767
2361
1916
1435
933
458
34
-399
-835
-1250
-1644
-1989
-2324
-2583
-2830
-2942
-3007
-3068
-3148
-3211
-3211
-3290
-3368
-3388
-3439
-3594
-3732
-3877
-4054
-4125
-4191
-4290
-4389
-4423
-4405
-4307
-4274
-4360
-4363
-4312
-4231
-4082
-3958
-3902
-3725
-3431
-3167
-2878
-2459
-1967
-1437
-906
-417
131
741
1296
1868
2356
2754
3279
3785
4170
4522
4791
5026
5254
5451
5586
5640
5724
5816
5839
5825
5797
5751
5659
5497
5275
4986
4697
4462
4169
3734
3275
2816
2349
1860
1352
814
249
-265
-748
-1250
-1646
-2065
-2423
-2698
-2978
-3190
-3313
-3408
-3519
-3581
-3623
-3711
-3789
-3833
-3871
-3989
-4126
-4205
-4327
-4451
-4467
-4468
-4530
-4508
-4479
-4406
-4260
-4140
-4132
-4136
-4021
-3881
-3691
-3553
-3402
-3167
-2889
-2574
-2239
-1831
-1371
-876
-324
189
678
1306
1893
2362
2773
3146
3575
4027
4392
4602
4797
4984
5178
5343
5476
5572
5601
5625
5641
5669
5645
5582
5490
5348
5174
4951
4718
4455
4118
3689
3206
2718
2191
1675
1142
571
13
-522
-1018
-1467
-1885
-2299
-2700
-3026
-3285
-3501
-3614
-3697
-3812
-3915
-3945
-3988
-4081
-4110
-4098
-4198
-4246
-4261
-4346
-4366
-4329
-4269
-4231
-4213
-4080
-3954
-3790
-3591
-3483
-3493
-3453
-3326
-3150
-3030
-2924
-2726
-2563
-2318
-1975
-1651
-1228
-776
-271
226
606
1120
1672
2125
2523
2892
3221
3563
3916
4207
4353
4464
4670
4797
4886
5015
5126
5207
5263
5335
5378
5385
5360
5345
5193
4959
4757
4553
4259
3838
3400
2889
2375
1878
1354
775
237
-273
-824
-1336
-1788
-2217
-2615
-2902
-3097
-3313
-3417
-3439
-3467
-3520
-3637
-3639
-3655
-3738
-3748
-3823
-3926
-3945
-3979
-4054
-4102
-4113
-3989
-3827
-3795
-3684
-3494
-3360
-3264
-3248
-3256
-3234
-3118
-3005
-2958
-2934
-2761
-2580
-2319
-1999
-1667
-1317
-964
-526
-65
354
788
1293
1701
2077
2418
2805
3163
3442
3703
3932
4112
4321
4553
4735
4933
5061
5201
5331
5495
5589
5617
5591
5509
5420
5307
5070
4783
4430
3991
3541
3042
2479
1932
1369
822
278
-259
-756
-1200
-1662
-2075
-2416
-2760
-2953
-3055
-3184
-3326
-3458
-3545
-3655
-3760
-3887
-4029
-4159
-4228
-4177
-4202
-4337
-4372
-4348
-4332
-4189
-4046
-4020
-3944
-3723
-3532
-3460
-3522
-3464
-3345
-3269
-3190
-3108
-2967
-2789
-2482
-2181
-1994
-1638
-1144
-676
-173
295
717
1185
1625
2081
2498
2778
3146
3542
3791
4008
4273
4520
4660
4821
5029
5155
5283
5482
5626
5631
5666
5714
5667
5546
5395
5189
4873
4557
4197
3710
3151
2619
2061
1486
922
428
-120
-674
-1138
-1568
-2043
-2443
-2692
-2893
-3069
-3275
-3408
-3534
-3650
-3696
-3810
-3955
-4104
-4172
-4189
-4292
-4275
-4225
-4333
-4319
-4141
-4065
-3887
-3686
-3604
-3501
-3368
-3205
-3144
-3190
-3153
-3133
-3126
-3025
-2934
-2814
-2669
-2454
-2082
-1750
-1462
-997
-535
-111
321
750
1226
1651
2092
2474
2740
3097
3486
3748
3977
4221
4411
4588
4749
4961
5182
5286
5365
5482
5508
5527
5554
5542
5401
5249
5089
4787
4447
4071
3613
3073
2565
1998
1465
916
377
-162
-702
-1180
-1607
-1955
-2327
-2617
-2785
-2954
-3091
-3153
-3213
-3332
-3463
-3536
-3673
-3866
-3949
-3998
-4053
-4034
-4092
-4095
-4053
-4023
-3887
-3780
-3748
-3679
-3521
-3430
-3410
-3454
-3527
-3548
-3493
-3491
-3530
-3519
-3393
-3206
-2977
-2697
-2387
-2009
-1593
-1096
-585
-129
348
899
1389
1828
2243
2635
3049
3417
3703
3964
4227
4496
4754
4960
5174
5373
5577
5761
5849
5907
5950
5978
5952
5866
5728
5492
5220
4894
4480
3993
3492
2942
2355
1792
1213
631
96
-411
-913
-1414
-1789
-2122
-2392
-2601
-2772
-2911
-3045
-3146
-3239
-3471
-3677
-3780
-3996
-4161
-4230
-4335
-4446
-4515
-4603
-4650
-4594
-4496
-4459
-4433
-4383
-4329
-4199
-4007
-4036
-4127
-4095
-4051
-3965
-3812
-3694
-3568
-3327
-3022
-2684
-2351
-1928
-1449
-934
-386
90
572
1156
1681
2180
2627
3010
3490
3950
4320
4653
4980
5213
5415
5592
5825
5989
6116
6189
6251
6291
6302
6322
6317
6191
5938
5716
5397
5090
4714
4192
3588
2976
2362
1746
1088
474
-170
-762
-1272
-1761
-2215
-2589
-2884
-3107
-3338
-3553
-3686
-3832
-3997
-4267
-4481
-4680
-4932
-5094
-5162
-5274
-5289
-5228
-5219
-5189
-5102
-4919
-4790
-4732
-4587
-4417
-4257
-4051
-3920
-3859
-3847
-3668
-3382
-3248
-3016
-2705
-2467
-2122
-1698
-1302
-976
-588
-24
496
928
1414
1926
2437
2919
3346
3786
4183
4536
4909
5168
5314
5527
5707
5845
5985
6094
6128
6113
6180
6188
6124
6049
5953
5754
5517
5217
4948
4600
4173
3734
3161
2514
1887
1304
676
59
-549
-1141
-1672
-2067
-2424
-2830
-3197
-3490
-3707
-3923
-4129
-4288
-4480
-4665
-4823
-4968
-5085
-5200
-5280
-5229
-5231
-5239
-5033
-4890
-4826
-4634
-4378
-4244
-4153
-3857
-3617
-3522
-3330
-3161
-3150
-3026
-2790
-2628
-2467
-2296
-2088
-1815
-1421
-1023
-661
-274
175
668
1147
1562
1958
2434
2831
3179
3563
3905
4161
4510
4825
5002
5136
5323
5465
5559
5675
5718
5740
5792
5846
5840
5783
5651
5542
5410
5140
4879
4581
4147
3670
3134
2514
1874
1264
629
-12
-619
-1153
-1670
-2106
-2517
-2963
-3339
-3678
-3870
-4037
-4181
-4359
-4479
-4641
-4828
-4943
-5036
-5112
-5179
-5136
-5061
-4902
-4648
-4494
-4400
-4147
-3985
-3816
-3544
-3295
-3166
-3020
-2781
-2685
-2613
-2472
-2356
-2319
-2110
-1924
-1792
-1567
-1272
-934
-676
-436
-87
370
768
1188
1587
1969
2310
2739
3177
3430
3721
4114
4352
4533
4780
4969
5086
5219
5365
5434
5508
5562
5613
5621
5587
5505
5432
5288
5082
4941
4677
4282
3899
3430
2850
2233
1671
1029
362
-146
-695
-1264
-1771
-2229
-2678
-3032
-3325
-3550
-3789
-4005
-4164
-4347
-4538
-4670
-4737
-4885
-4984
-5012
-5023
-5027
-4914
-4710
-4595
-4424
-4161
-4001
-3817
-3459
-3191
-2989
-2870
-2728
-2527
-2381
-2226
-2153
-2167
-2092
-1981
-1821
-1646
-1504
-1273
-984
-713
-435
-83
266
612
1066
1441
1779
2165
2569
2928
3232
3535
3801
4070
4325
4601
4787
4889
5009
5160
5295
5360
5412
5453
5505
5539
5438
5362
5256
5127
4924
4640
4278
3887
3472
2964
2361
1707
1049
416
-133
-680
-1224
-1755
-2161
-2535
-2903
-3186
-3517
-3837
-4052
-4197
-4378
-4567
-4720
-4819
-4960
-5134
-5200
-5225
-5193
-5065
-4852
-4664
-4444
-4119
-3857
-3574
-3317
-3088
-2838
-2630
-2399
-2177
-1993
-1864
-1731
-1633
-1552
-1429
-1235
-1069
-964
-719
-512
-266
4
228
464
743
1101
1459
1807
2097
2437
2749
3075
3385
3644
3898
4136
4320
4512
4625
4704
4777
4829
4873
4913
4921
4912
4932
4892
4807
4719
4630
4484
4302
4059
3753
3442
3043
2556
2025
1389
718
139
-425
-990
-1553
-2050
-2457
-2807
-3155
-3472
-3698
-3884
-3976
-4056
-4165
-4240
-4337
-4455
-4605
-4768
-4887
-4896
-4852
-4794
-4675
-4450
-4096
-3781
-3508
-3223
-2935
-2613
-2244
-1989
-1808
-1635
-1445
-1242
-1108
-1023
-1008
-935
-813
-691
-551
-409
-303
-150
67
260
426
663
916
1136
1430
1725
1994
2320
2686
2969
3210
3416
3650
3810
3993
4110
4135
4199
4231
4295
4328
4373
4362
4413
4412
4358
4394
4382
4296
4188
4019
3790
3528
3185
2738
2158
1541
880
247
-315
-819
-1324
-1842
-2308
-2664
-2959
-3225
-3475
-3654
-3782
-3905
-4011
-4137
-4288
-4441
-4553
-4700
-4806
-4764
-4670
-4558
-4376
-4145
-3898
-3521
-3093
-2822
-2540
-2167
-1909
-1704
-1410
-1176
-1095
-872
-645
-561
-482
-397
-373
-331
-185
-124
-92
-42
70
212
325
427
584
817
1016
1333
1629
1878
2103
2432
2736
2859
3035
3253
3360
3480
3653
3694
3685
3736
3836
3872
3905
3955
4014
4034
4046
4048
4013
3953
3876
3743
3460
3164
2869
2438
1837
1237
607
-34
-585
-1097
-1641
-2116
-2509
-2860
-3168
-3354
-3500
-3647
-3754
-3811
-3905
-4004
-4059
-4148
-4265
-4342
-4429
-4417
-4252
-4108
-3960
-3632
-3291
-2961
-2558
-2195
-1914
-1647
-1339
-1067
-842
-658
-476
-427
-256
-104
-55
-85
-87
-33
-8
-10
8
27
5
97
208
316
440
656
873
1089
1315
1555
1765
1981
2249
2435
2576
2724
2892
3035
3172
3211
3208
3223
3309
3412
3413
3390
3436
3529
3472
3465
3458
3390
3274
3186
3049
2753
2405
2022
1548
953
386
-214
-776
-1292
-1752
-2185
-2580
-2844
-2982
-3072
-3168
-3192
-3168
-3195
-3219
-3244
-3320
-3423
-3512
-3576
-3702
-3684
-3660
-3638
-3404
-3161
-2882
-2441
-2013
-1579
-1144
-857
-603
-371
-136
41
144
209
194
214
293
271
150
124
67
-18
22
75
46
-30
66
151
184
284
427
553
797
996
1139
1362
1548
1759
1849
1894
1924
2017
2131
2224
2215
2199
2233
2295
2429
2469
2472
2493
2530
2617
2656
2620
2592
2527
2456
2305
2076
1840
1491
1067
591
70
-413
-769
-1120
-1380
-1664
-1921
-1999
-2004
-2033
-2027
-2019
-1951
-1942
-1969
-2002
-2133
-2245
-2403
-2566
-2694
-2773
-2764
-2581
-2401
-2174
-1920
-1625
-1255
-919
-672
-450
-294
-206
-47
-22
-34
-37
-68
-116
-107
-73
-103
-162
-183
-180
-195
-151
-166
-216
-244
-191
-169
-174
-115
-30
43
143
255
331
432
577
771
815
846
956
1115
1241
1341
1347
1321
1373
1459
1564
1635
1705
1800
1942
2029
2112
2219
2333
2368
2361
2349
2238
2113
1998
1692
1246
940
631
317
85
-103
-349
-519
-578
-611
-662
-764
-822
-883
-987
-1149
-1307
-1495
-1703
-1932
-2160
-2265
-2302
-2277
-2156
-1993
-1846
-1696
-1492
-1294
-1149
-970
-846
-888
-823
-695
-696
-710
-649
-580
-628
-461
-241
-212
-255
-225
-286
-337
-377
-415
-530
-705
-689
-700
-680
-702
-656
-625
-684
-628
-437
-316
-263
-76
55
158
278
530
666
686
867
977
948
1033
1263
1323
1420
1543
1688
1832
2057
2309
2518
2660
2829
2969
3051
3129
3086
2933
2597
2290
1970
1570
1201
948
651
322
93
-26
-166
-365
-424
-521
-675
-724
-815
-1043
-1255
-1489
-1743
-1951
-2106
-2175
-2240
-2221
-2148
-2032
-1847
-1741
-1615
-1373
-1275
-1221
-1022
-911
-880
-762
-701
-733
-731
-670
-560
-507
-437
-486
-602
-699
-772
-862
-977
-1147
-1279
-1309
-1377
-1354
-1337
-1290
-1278
-1132
-951
-813
-697
-508
-329
-286
-75
28
165
312
509
613
687
800
1003
1193
1365
1574
1736
2035
2239
2537
2820
3073
3337
3588
3727
3771
3793
3650
3464
3162
2786
2377
2019
1738
1386
1031
715
490
329
240
169
85
-36
-144
-262
-513
-771
-1041
-1372
-1683
-1964
-2201
-2336
-2416
-2383
-2303
-2238
-2094
-1876
-1716
-1480
-1228
-1163
-1069
-864
-869
-954
-842
-897
-1038
-1018
-1020
-1079
-1082
-1059
-1191
-1330
-1374
-1465
-1645
-1697
-1805
-1964
-1943
-1930
-1866
-1800
-1690
-1627
-1470
-1292
-1200
-1058
-854
-727
-634
-394
-315
-100
184
431
546
773
1059
1315
1657
1981
2262
2522
2922
3229
3592
3917
4166
4414
4592
4662
4655
4617
4395
4099
3762
3375
2899
2554
2199
1813
1470
1146
901
714
556
321
154
-70
-336
-625
-868
-1199
-1591
-1929
-2261
-2546
-2727
-2766
-2807
-2768
-2724
-2595
-2410
-2269
-2071
-1827
-1693
-1626
-1404
-1320
-1320
-1317
-1373
-1434
-1500
-1504
-1539
-1640
-1696
-1789
-1968
-2102
-2223
-2332
-2381
-2455
-2438
-2430
-2403
-2232
-2118
-2038
-1905
-1755
-1541
-1376
-1213
-942
-744
-520
-222
29
324
673
1039
1325
1549
1936
2246
2525
2936
3213
3487
3805
4129
4371
4611
4823
4948
5049
5118
5061
4919
4762
4500
4134
3727
3244
2802
2427
2038
1654
1218
839
530
327
166
-38
-255
-461
-749
-1042
-1319
-1706
-2098
-2451
-2778
-2999
-3138
-3219
-3215
-3205
-3139
-2991
-2796
-2585
-2398
-2212
-2109
-2080
-2027
-2027
-2114
-2187
-2255
-2447
-2578
-2599
-2584
-2568
-2572
-2510
-2536
-2552
-2452
-2389
-2314
-2239
-2232
-2160
-2044
-1883
-1686
-1527
-1352
-1168
-943
-654
-363
-68
307
603
928
1274
1639
2031
2379
2658
2892
3136
3400
3655
3821
3996
4124
4283
4455
4578
4693
4764
4776
4800
4732
4595
4456
4243
3937
3564
3170
2782
2454
2117
1730
1335
942
628
337
88
-214
-543
-839
-1153
-1450
-1753
-2100
-2452
-2712
-3001
-3210
-3352
-3447
-3467
-3476
-3432
-3371
-3274
-3133
-2975
-2812
-2797
-2718
-2602
-2576
-2534
-2483
-2498
-2575
-2545
-2481
-2500
-2479
-2317
-2212
-2170
-1987
-1847
-1762
-1662
-1528
-1367
-1328
-1256
-1090
-969
-881
-740
-598
-414
-216
99
446
636
950
1330
1635
1854
2174
2470
2667
2884
3098
3216
3292
3446
3542
3628
3673
3799
3922
3975
4050
4107
4105
4096
4101
4058
3897
3721
3580
3285
2928
2575
2211
1837
1511
1230
802
404
82
-171
-448
-729
-1018
-1325
-1620
-1883
-2173
-2529
-2816
-3028
-3274
-3511
-3626
-3657
-3601
-3586
-3519
-3413
-3364
-3214
-3056
-2961
-2922
-2848
-2794
-2708
-2632
-2539
-2498
-2509
-2393
-2251
-2128
-1934
-1646
-1430
-1205
-1009
-808
-639
-488
-343
-310
-292
-273
-196
-68
-7
7
121
198
360
588
775
933
1151
1422
1626
1799
2014
2246
2383
2565
2633
2759
2860
2883
2920
2944
2933
2918
3063
3099
3213
3300
3377
3421
3469
3560
3493
3438
3386
3236
2952
2716
2425
2115
1742
1308
874
411
-10
-404
-762
-1121
-1467
-1779
-2056
-2330
-2522
-2735
-2941
-3097
-3210
-3314
-3433
-3455
-3466
-3534
-3541
-3481
-3416
-3336
-3282
-3172
-3032
-2947
-2788
-2653
-2547
-2329
-2075
-1825
-1603
-1279
-968
-717
-383
-42
75
149
225
247
213
125
5
-148
-295
-391
-428
-464
-416
-348
-262
-114
72
353
602
882
1165
1406
1586
1762
1926
2084
2163
2205
2280
2234
2245
2290
2314
2334
2427
2576
2727
2949
3235
3428
3605
3801
3877
3958
3916
3791
3577
3235
2784
2323
1891
1410
893
354
-132
-569
-948
-1253
-1538
-1777
-1981
-2140
-2288
-2425
-2547
-2703
-2872
-3048
-3210
-3389
-3447
-3453
-3504
-3530
-3512
-3386
-3264
-3155
-2962
-2754
-2556
-2288
-1927
-1668
-1440
-1077
-753
-561
-310
-46
67
192
384
387
237
169
78
-128
-343
-554
-694
-848
-944
-914
-858
-799
-679
-468
-229
-14
284
549
697
908
1135
1229
1286
1395
1500
1550
1542
1589
1599
1677
1846
2004
2191
2445
2718
2993
3259
3518
3802
3942
4031
4064
3998
3838
3583
3293
2919
2413
1922
1448
944
462
19
-393
-711
-937
-1079
-1235
-1354
-1456
-1578
-1699
-1815
-1960
-2126
-2298
-2483
-2691
-2924
-3118
-3243
-3278
-3267
-3195
-3026
-2815
-2570
-2297
-2011
-1695
-1414
-1045
-692
-437
-265
-150
-94
-78
-75
-133
-221
-325
-440
-541
-640
-724
-848
-988
-1087
-1173
-1116
-1068
-1039
-943
-830
-703
-590
-439
-306
-250
-93
14
16
95
169
250
332
462
643
852
1119
1420
1678
1970
2273
2540
2816
3024
3198
3377
3455
3474
3522
3495
3389
3255
3106
2911
2657
2497
2282
2022
1823
1569
1286
1012
807
538
329
88
-145
-329
-554
-788
-1031
-1284
-1540
-1746
-1927
-2072
-2273
-2387
-2498
-2554
-2544
-2510
-2392
-2254
-2071
-1892
-1687
-1518
-1389
-1233
-1180
-1163
-1094
-1136
-1210
-1140
-1229
-1395
-1333
-1338
-1374
-1317
-1202
-1181
-1167
-973
-858
-824
-711
-721
-768
-720
-699
-757
-800
-867
-892
-888
-893
-859
-785
-635
-531
-350
-47
171
416
799
1085
1295
1618
1905
2101
2333
2500
2522
2551
2676
2706
2653
2703
2657
2615
2645
2662
2714
2791
2830
2821
2876
2888
2819
2745
2631
2349
2109
1835
1491
1190
880
477
85
-236
-543
-836
-1072
-1238
-1396
-1542
-1640
-1722
-1781
-1807
-1873
-1947
-1998
-2047
-2128
-2173
-2238
-2283
-2329
-2368
-2397
-2405
-2386
-2377
-2324
-2200
-2167
-2115
-1885
-1771
-1700
-1529
-1407
-1301
-1114
-974
-886
-845
-709
-605
-571
-473
-515
-559
-515
-604
-630
-570
-640
-585
-505
-442
-360
-229
12
130
285
590
826
1066
1379
1576
1709
1874
1980
2093
2137
2198
2217
2235
2256
2245
2308
2352
2398
2477
2600
2592
2682
2814
2898
2931
2961
2969
2830
2762
2626
2351
2072
1789
1398
1015
602
199
-151
-453
-767
-1011
-1229
-1422
-1521
-1611
-1691
-1820
-1838
-1876
-2027
-2138
-2297
-2501
-2641
-2728
-2882
-2976
-3013
-3011
-2971
-2892
-2794
-2625
-2359
-2219
-2037
-1714
-1526
-1343
-1034
-894
-786
-623
-466
-353
-292
-180
-200
-229
-91
-88
-123
-56
-49
-49
-46
-25
10
106
185
249
381
506
579
736
929
922
984
1075
1098
1135
1189
1243
1210
1287
1372
1373
1472
1578
1597
1688
1819
1901
2013
2056
2086
2155
2198
2159
2171
2198
2173
2104
2039
1952
1767
1681
1542
1251
1051
839
577
318
33
-271
-510
-670
-878
-1084
-1211
-1301
-1425
-1546
-1699
-1831
-1878
-1962
-2102
-2207
-2309
-2393
-2424
-2449
-2491
-2485
-2388
-2286
-2197
-2016
-1878
-1748
-1488
-1357
-1235
-1109
-993
-841
-708
-563
-434
-378
-304
-145
-55
15
162
276
344
398
505
624
631
666
656
607
619
607
575
521
486
493
502
479
501
533
553
571
636
723
744
803
891
940
993
1074
1113
1154
1147
1149
1145
1174
1222
1284
1277
1279
1307
1315
1337
1359
1386
1372
1359
1353
1319
1206
1099
972
789
584
366
174
-4
-231
-405
-566
-753
-858
-932
-1062
-1165
-1243
-1318
-1416
-1506
-1597
-1705
-1768
-1826
-1869
-1969
-2030
-1997
-1941
-1907
-1869
-1774
-1646
-1519
-1362
-1197
-1089
-921
-710
-568
-396
-239
-83
59
190
366
485
590
720
823
867
939
1022
1080
1125
1125
1126
1111
1158
1187
1102
990
911
830
725
571
458
367
212
124
3
-125
-221
-234
-248
-320
-325
-266
-190
-165
-104
-88
-70
-28
25
44
40
113
185
181
178
193
221
310
337
395
455
524
627
716
799
841
888
887
834
754
660
485
302
165
-12
-191
-386
-529
-621
-710
-798
-849
-911
-938
-930
-974
-990
-970
-913
-912
-884
-842
-763
-715
-660
-574
-525
-441
-327
-206
-77
53
209
353
465
640
800
927
1089
1225
1309
1328
1346
1346
1308
1210
1149
1034
892
744
553
371
138
-54
-192
-375
-549
-690
-870
-998
-1115
-1240
-1357
-1435
-1494
-1571
-1644
-1633
-1613
-1623
-1592
-1563
-1503
-1458
-1373
-1222
-1108
-978
-835
-677
-504
-332
-101
96
237
490
685
868
1037
1204
1375
1473
1573
1678
1734
1756
1765
1740
1658
1611
1537
1421
1272
1116
999
842
713
609
532
479
420
367
309
249
165
67
-32
-120
-184
-263
-278
-284
-274
-236
-208
-131
-64
2
70
158
217
296
358
412
445
458
494
422
378
354
284
204
128
-8
-112
-239
-360
-487
-645
-740
-902
-1068
-1224
-1387
-1557
-1694
-1846
-1959
-2054
-2128
-2183
-2192
-2187
-2173
-2125
-2026
-1928
-1798
-1647
-1574
-1416
-1249
-1089
-952
-790
-612
-428
-245
-56
183
433
687
936
1140
1330
1511
1687
1815
1938
2023
2070
2135
2189
2174
2168
2160
2106
2067
1989
1933
1875
1773
1689
1592
1468
1317
1191
1068
939
821
708
613
585
538
456
365
273
223
143
51
-29
-74
-145
-200
-235
-250
-223
-193
-177
-180
-200
-158
-133
-136
-162
-258
-383
-467
-570
-750
-862
-1007
-1148
-1241
-1347
-1430
-1536
-1583
-1646
-1712
-1713
-1742
-1745
-1738
-1681
-1692
-1703
-1661
-1653
-1652
-1638
-1661
-1706
-1654
-1618
-1580
-1529
-1482
-1362
-1209
-1006
-834
-629
-340
-105
162
422
627
830
1011
1137
1191
1238
1312
1379
1402
1449
1422
1442
1528
1597
1703
1791
1865
1950
2059
2163
2208
2232
2229
2185
2154
2084
1942
1836
1716
1545
1376
1237
1084
958
856
715
601
518
464
419
361
333
291
210
113
32
-75
-202
-365
-527
-715
-887
-1037
-1157
-1257
-1348
-1359
-1410
-1442
-1416
-1394
-1420
-1422
-1422
-1437
-1433
-1409
-1407
-1459
-1441
-1467
-1502
-1500
-1505
-1509
-1462
-1455
-1427
-1356
-1326
-1223
-1123
-1054
-947
-849
-709
-612
-546
-463
-421
-386
-312
-281
-217
-150
-105
-36
6
104
202
315
493
667
770
910
1059
1214
1322
1385
1420
1419
1421
1451
1428
1423
1397
1335
1364
1343
1301
1306
1307
1316
1346
1368
1387
1450
1506
1485
1482
1459
1416
1357
1235
1084
938
804
652
511
343
162
-3
-136
-254
-372
-423
-462
-494
-512
-538
-620
-675
-687
-746
-815
-925
-1026
-1089
-1164
-1241
-1332
-1376
-1396
-1407
-1387
-1368
-1344
-1308
-1266
-1210
-1123
-1058
-1017
-955
-875
-831
-802
-761
-671
-614
-578
-575
-569
-526
-494
-469
-458
-422
-388
-300
-212
-192
-126
-31
31
113
156
183
204
245
311
259
270
289
302
334
315
368
408
443
519
569
628
698
736
752
786
800
823
840
868
885
902
943
968
975
964
912
874
843
779
752
726
706
691
686
687
673
658
686
681
623
585
526
472
408
337
245
134
67
29
-53
-147
-191
-271
-321
-388
-474
-528
-546
-564
-589
-626
-638
-621
-595
-597
-645
-666
-688
-694
-698
-726
-730
-744
-790
-789
-787
-772
-735
-700
-677
-681
-654
-584
-516
-461
-429
-407
-371
-334
-328
-385
-429
-457
-489
-497
-527
-527
-480
-444
-401
-345
-260
-206
-153
-82
-20
33
113
187
256
315
329
379
404
425
468
480
478
460
456
444
464
493
491
484
507
532
558
580
581
604
592
555
543
507
445
428
405
417
415
421
422
438
471
496
548
587
622
635
640
619
619
630
599
580
586
582
568
519
478
408
344
300
211
116
21
-70
-152
-233
-351
-429
-494
-536
-602
-670
-753
-816
-852
-898
-930
-950
-938
-962
-994
-1000
-1022
-1020
-984
-969
-933
-882
-836
-765
-687
-610
-566
-483
-383
-307
-218
-132
-15
41
106
167
206
249
263
258
237
229
223
193
185
150
119
124
71
75
52
-9
6
-17
-87
-115
-106
-121
-146
-130
-128
-149
-151
-110
-103
-110
-70
-66
3
60
77
98
128
193
282
362
470
577
649
725
783
858
949
990
1018
1052
1039
1029
1057
1020
956
928
880
858
804
722
606
509
404
295
207
149
68
-17
-107
-207
-264
-313
-385
-456
-510
-563
-594
-620
-594
-621
-604
-588
-584
-552
-515
-463
-419
-361
-287
-229
-190
-132
-123
-64
-12
2
12
51
48
36
31
-10
-27
-46
-94
-129
-135
-211
-305
-373
-423
-507
-562
-643
-742
-779
-811
-856
-944
-955
-966
-969
-960
-943
-907
-865
-818
-756
-707
-649
-569
-492
-431
-365
-291
-197
-136
-55
29
73
133
194
282
322
398
446
479
563
663
731
773
817
860
873
894
938
962
980
949
910
924
906
915
916
933
914
940
951
953
963
966
963
927
913
898
885
865
834
791
750
712
682
630
591
537
520
470
404
359
287
238
178
123
55
-17
-119
-180
-232
-342
-416
-482
-568
-665
-759
-823
-900
-980
-1110
-1196
-1231
-1283
-1327
-1357
-1379
-1419
-1433
-1423
-1466
-1449
-1427
-1427
-1379
-1385
-1368
-1330
-1301
-1260
-1204
-1182
-1130
-1038
-950
-882
-817
-710
-609
-516
-382
-301
-216
-96
-2
63
132
176
250
293
354
444
459
526
592
662
700
730
803
884
917
950
1009
1074
1135
1151
1195
1221
1220
1254
1224
1197
1188
1149
1168
1166
1143
1117
1117
1110
1110
1107
1165
1210
1207
1261
1265
1252
1229
1166
1079
996
909
819
717
619
524
385
255
110
45
-43
-141
-179
-238
-300
-409
-549
-627
-737
-847
-891
-985
-1059
-1109
-1215
-1286
-1368
-1465
-1530
-1602
-1657
-1710
-1708
-1646
-1668
-1710
-1672
-1671
-1617
-1542
-1485
-1442
-1405
-1316
-1211
-1177
-1106
-1034
-981
-866
-807
-674
-553
-500
-356
-276
-165
-68
-17
124
208
305
430
463
622
695
711
809
834
942
993
981
1088
1103
1110
1171
1149
1166
1148
1125
1135
1061
1079
1084
1029
1066
1008
981
972
879
852
752
705
696
598
555
471
408
383
281
265
238
170
170
149
154
153
118
133
128
129
152
132
150
173
155
141
112
103
101
56
47
12
-65
-119
-208
-220
-272
-358
-403
-461
-516
-572
-609
-633
-672
-681
-713
-706
-706
-738
-760
-773
-756
-766
-760
-756
-717
-697
-695
-665
-618
-542
-508
-486
-445
-396
-341
-299
-262
-228
-199
-152
-122
-96
-53
-69
-26
15
-56
-28
-59
-55
-17
-96
-68
-70
-77
-11
-55
-41
-33
-97
-16
-17
-4
39
-6
84
101
153
236
194
247
287
259
350
344
354
345
337
439
487
492
563
592
607
627
626
668
611
587
539
467
415
319
243
196
154
135
91
33
29
-13
-25
-22
-24
26
6
36
86
92
112
170
196
252
259
264
272
284
281
266
283
323
359
381
451
468
496
503
488
475
468
440
399
339
294
251
199
156
71
6
-71
-184
-284
-387
-474
-570
-679
-735
-821
-863
-899
-953
-970
-996
-1036
-1067
-1106
-1137
-1117
-1128
-1108
-1137
-1147
-1077
-1040
-1004
-947
-947
-925
-866
-754
-618
-544
-468
-424
-337
-234
-145
-40
13
69
134
219
285
342
439
485
438
529
541
568
640
591
639
637
637
681
653
646
625
575
629
619
648
698
637
643
611
568
573
549
542
508
515
543
547
559
580
546
545
555
552
574
527
506
487
450
476
467
444
405
358
350
329
273
254
191
83
51
-13
-19
-60
-110
-142
-231
-273
-285
-349
-387
-457
-530
-513
-571
-569
-558
-577
-537
-529
-498
-443
-462
-442
-445
-456
-408
-406
-385
-362
-402
-379
-416
-423
-376
-372
-352
-337
-344
-326
-332
-348
-304
-360
-364
-378
-415
-402
-445
-475
-508
-530
-531
-485
-495
-486
-480
-486
-417
-395
-351
-276
-247
-153
-80
-29
87
111
212
290
335
431
461
524
592
623
718
748
801
894
878
942
952
933
954
868
839
810
756
741
654
615
560
457
419
342
235
169
41
-50
-114
-224
-230
-299
-340
-364
-420
-410
-470
-508
-527
-644
-654
-605
-557
-455
-463
-454
-392
-341
-188
-86
-105
-34
49
194
347
348
381
388
412
553
629
690
679
615
636
607
573
554
459
414
364
308
305
236
167
109
21
31
-5
-86
-133
-220
-222
-278
-335
-338
-417
-419
-433
-465
-451
-525
-531
-479
-504
-463
-450
-490
-431
-433
-378
-324
-343
-328
-369
-349
-269
-282
-322
-355
-426
-399
-445
-433
-431
-474
-462
-477
-439
-414
-413
-382
-329
-310
-227
-141
-129
-74
-63
-30
14
39
78
113
121
158
204
217
285
310
340
412
450
534
555
570
692
684
721
797
744
781
775
756
783
693
655
624
514
507
433
390
382
309
320
281
230
244
162
147
123
55
69
-11
-31
-47
-120
-102
-137
-197
-178
-209
-214
-195
-235
-211
-220
-182
-149
-153
-145
-135
-102
-96
-80
-71
-97
-120
-108
-121
-130
-150
-205
-226
-260
-248
-280
-316
-303
-313
-313
-309
-312
-314
-301
-333
-355
-376
-371
-344
-390
-414
-416
-432
-430
-435
-426
-394
-409
-395
-373
-328
-302
-248
-165
-125
-69
-36
-1
59
134
163
203
251
309
350
396
449
491
510
540
579
593
609
635
648
688
658
607
593
582
590
554
518
505
432
386
377
313
291
215
174
150
83
29
-5
-55
-128
-142
-180
-231
-235
-286
-306
-329
-358
-355
-396
-384
-378
-415
-434
-424
-434
-420
-409
-417
-405
-441
-403
-356
-382
-360
-340
-296
-312
-322
-277
-271
-261
-234
-226
-222
-228
-233
-186
-168
-137
-86
-70
-1
9
3
39
70
89
110
130
160
201
193
239
287
305
348
378
439
468
453
476
516
529
560
562
552
569
557
557
551
534
488
455
443
397
331
279
269
213
189
158
113
100
60
-1
-7
-41
-84
-99
-110
-124
-189
-203
-213
-241
-245
-281
-323
-320
-306
-296
-295
-342
-354
-386
-396
-420
-452
-460
-483
-467
-462
-456
-436
-426
-422
-434
-400
-406
-394
-377
-378
-376
-386
-360
-345
-310
-256
-234
-213
-162
-134
-128
-87
-61
-26
-15
13
85
110
152
178
189
243
314
328
374
393
365
411
448
506
526
516
515
502
547
555
537
544
528
501
510
508
497
440
391
355
347
375
347
295
227
194
175
157
105
85
67
26
4
1
-13
-62
-114
-141
-189
-224
-233
-262
-279
-284
-315
-353
-358
-398
-432
-443
-438
-445
-504
-492
-487
-487
-448
-448
-428
-415
-389
-387
-393
-387
-375
-388
-395
-380
-358
-357
-347
-317
-277
-212
-173
-99
-53
-21
37
77
101
136
153
185
195
231
238
221
238
276
285
289
344
367
395
435
454
465
484
491
506
506
489
450
439
423
397
393
343
309
334
344
317
277
244
205
207
182
173
158
136
133
110
122
105
53
19
-1
-39
-67
-90
-112
-157
-162
-154
-169
-198
-219
-218
-241
-240
-240
-294
-292
-326
-368
-376
-424
-427
-443
-465
-480
-492
-491
-514
-509
-480
-460
-450
-458
-424
-403
-370
-344
-341
-302
-271
-256
-245
-249
-244
-210
-180
-134
-121
-100
-69
-59
-24
14
31
89
148
212
249
269
318
339
368
401
445
426
428
442
461
467
455
480
513
513
532
546
544
571
551
554
561
527
475
464
429
408
403
386
332
281
250
224
195
185
151
89
65
41
12
-38
-51
-51
-100
-96
-120
-163
-176
-218
-245
-272
-322
-328
-327
-340
-384
-386
-375
-379
-397
-409
-391
-420
-428
-433
-435
-410
-386
-411
-414
-383
-376
-318
-293
-290
-283
-253
-195
-199
-132
-97
-87
-39
-25
-20
7
13
1
-4
-7
-7
-40
-8
10
-3
3
39
35
21
38
31
15
-10
-28
-40
-30
-60
-70
-32
-54
-51
-45
-33
-28
-39
-16
-25
0
32
31
46
112
131
160
192
187
221
246
283
290
277
281
314
339
340
319
307
325
362
364
332
321
302
273
284
295
300
289
255
288
273
293
266
229
226
167
175
160
139
129
98
98
100
94
68
53
36
42
37
34
43
13
27
20
17
-3
-16
-16
-30
-57
-100
-112
-150
-177
-178
-218
-243
-262
-291
-286
-338
-387
-380
-379
-400
-373
-420
-440
-459
-509
-502
-523
-535
-555
-581
-562
-547
-559
-533
-535
-517
-484
-492
-450
-421
-414
-372
-337
-263
-235
-222
-166
-135
-127
-80
-44
-6
18
43
73
104
123
148
166
195
222
244
269
273
324
352
372
396
401
442
452
473
501
489
490
508
488
503
538
522
532
546
558
536
538
558
588
607
583
582
579
566
573
596
589
581
568
515
485
445
377
348
300
260
237
169
121
88
27
-25
-60
-98
-148
-201
-258
-306
-357
-423
-458
-496
-562
-596
-626
-637
-656
-661
-684
-684
-685
-673
-686
-708
-675
-670
-646
-637
-628
-611
-595
-572
-564
-539
-532
-534
-485
-485
-485
-482
-461
-410
-368
-357
-322
-277
-234
-182
-149
-98
-64
-43
3
44
77
100
126
216
241
273
319
362
404
400
442
459
493
530
535
564
554
552
569
568
567
560
548
554
537
507
500
477
475
448
414
404
379
336
298
284
265
228
193
163
125
89
62
-3
-18
-51
-86
-97
-135
-145
-181
-209
-222
-244
-224
-229
-219
-197
-206
-190
-175
-157
-151
-135
-114
-70
-93
-120
-117
-135
-116
-108
-97
-82
-62
-81
-79
-83
-97
-98
-107
-82
-82
-71
-48
-59
-60
-55
-73
-61
-68
-69
-76
-73
-39
-44
-56
-34
-31
-15
13
36
55
44
54
58
53
64
59
42
55
58
64
41
41
32
14
-2
-38
-40
-67
-75
-81
-79
-106
-106
-120
-123
-120
-134
-168
-210
-212
-216
-241
-261
-253
-245
-244
-237
-216
-224
-209
-160
-166
-143
-114
-85
-55
-39
0
26
49
45
40
54
84
87
102
99
103
127
115
131
143
154
188
196
217
206
222
247
243
257
258
275
272
267
273
266
270
255
254
265
271
267
280
282
261
250
253
259
251
253
245
223
212
191
156
117
99
113
96
85
69
39
44
39
13
-4
-35
-45
-35
