-19
-28
-11
-10
-19
-22
-15
-17
-9
1
-7
-8
-6
-7
2
23
12
24
11
-1
11
7
1
11
11
17
7
8
5
9
9
3
12
2
6
0
15
11
2
5
2
7
-4
6
-14
-4
17
15
3
3
-9
-19
-10
1
6
9
1
0
9
14
16
3
14
15
11
26
29
10
18
9
-7
-8
-5
-7
7
1
19
22
15
12
-3
-8
-16
-25
-22
-12
-26
-12
-7
4
-6
-10
4
1
2
2
-15
-8
-17
-13
10
19
30
22
11
18
-1
-2
4
0
-13
-4
1
-13
-7
-25
-22
-26
-11
-2
-4
-13
-8
7
-10
-17
-18
-14
-16
-20
-9
-3
-12
3
1
-12
-6
-11
-15
-16
-4
-14
-6
-27
-28
-11
-2
-5
1
21
9
14
22
16
22
-1
-1
13
1
5
-8
2
24
20
26
3
23
13
11
10
20
18
16
32
11
15
4
0
-28
-31
-33
-40
-31
-16
-5
-17
-7
-6
3
-7
-16
-21
-14
-14
-8
3
-5
28
9
23
24
21
27
9
-6
2
5
-2
18
19
19
15
16
9
22
31
29
33
27
29
41
27
14
5
-4
5
10
10
20
18
14
-4
-13
-21
-19
-5
-23
-20
-20
-32
-48
-43
-59
-42
-26
-38
-2
-2
14
26
24
26
19
13
5
10
12
7
2
1
-10
-16
-18
-16
-5
-25
-17
-48
-32
-34
-35
-277
-358
122
127
-198
-187
-438
-383
168
15
-401
-314
46
62
-300
-162
174
27
223
204
-64
400
777
589
353
463
755
572
540
954
704
364
655
584
457
573
509
283
146
264
115
-276
-24
248
-286
-554
-299
-360
-509
-512
-622
-859
-797
-779
-1055
-1105
-749
-661
-1161
-1328
-1066
-958
-979
-838
-904
-1094
-873
-703
-901
-765
-442
-606
-695
-481
-199
-36
-43
52
74
-8
342
448
388
666
750
672
693
845
1116
1093
1044
1216
1121
1181
1423
1396
1476
1472
1365
1415
1425
1559
1657
1365
1383
1461
1293
1373
1347
1273
1295
1097
952
894
763
820
670
331
277
211
-19
-96
-262
-400
-574
-770
-883
-1052
-1228
-1286
-1469
-1712
-1921
-2093
-2021
-2034
-2240
-2407
-2709
-2640
-2461
-2705
-2785
-2804
-2884
-2713
-2660
-2676
-2425
-2326
-2249
-2046
-1850
-1535
-1303
-1040
-657
-379
-189
178
509
967
1253
1302
1585
1915
2256
2431
2453
2263
2692
3279
3273
3088
2827
2569
3038
3533
3126
2411
2342
2897
2736
2137
1986
1773
1853
2007
1273
775
1146
1429
971
203
196
472
210
52
-47
-538
-539
-358
-582
-803
-813
-859
-1133
-1208
-920
-964
-1242
-1077
-953
-1300
-1511
-1266
-1096
-1382
-1567
-1406
-1734
-1984
-1849
-2092
-2213
-1843
-2055
-2901
-2996
-2438
-2345
-2895
-3008
-2875
-2902
-2777
-2686
-2892
-2683
-2159
-2124
-2321
-1886
-1082
-839
-870
-379
9
205
676
1158
1360
1591
1920
2109
2309
2776
3132
2987
2885
3215
3502
3469
3559
3609
3492
3516
3541
3396
3139
2979
3239
3025
2413
2258
2200
2081
2020
1567
1068
935
1016
887
242
16
170
-182
-491
-647
-865
-899
-1005
-1306
-1467
-1529
-1379
-1396
-1590
-1510
-1442
-1609
-1740
-1421
-1121
-1249
-1355
-1215
-1324
-1215
-762
-1071
-1371
-962
-980
-1212
-1014
-1204
-1765
-1557
-1172
-1371
-1851
-2187
-2296
-2070
-1875
-2213
-2780
-2643
-2060
-2131
-2659
-2701
-2186
-1835
-1816
-1980
-1807
-1212
-565
-468
-656
-248
465
773
811
1202
1577
1706
1909
2306
2554
2596
2785
2604
2908
3478
3303
3020
3242
3359
3442
3304
2925
2748
2939
3203
2670
1983
2190
2343
1933
1688
1383
1135
1124
1105
645
-20
91
337
-290
-709
-487
-683
-986
-893
-998
-1396
-1351
-1015
-1273
-1693
-1507
-1177
-1572
-1363
-817
-1399
-1741
-856
-910
-1383
-958
-888
-1196
-1043
-841
-1061
-1182
-966
-1000
-1879
-1829
-961
-1108
-1700
-2030
-2351
-2052
-1791
-2118
-2643
-2733
-2231
-2095
-2954
-2885
-2171
-2117
-2033
-2132
-2134
-1519
-846
-499
-644
-567
282
655
572
1267
1576
1465
1851
2225
2409
2568
2922
3118
3073
3167
3482
3302
3464
3901
3534
2689
2577
3871
3859
2683
2714
2195
1617
2882
2582
829
792
1761
1451
153
69
723
-39
-148
100
-1096
-966
288
-56
-1462
-1671
-538
-686
-1619
-950
-911
-1869
-1060
-584
-1142
-1261
-867
-682
-1316
-1284
-449
-994
-1231
-244
-638
-1436
-1281
-715
-650
-1607
-1593
-1522
-2474
-1795
-945
-2039
-2719
-2486
-2337
-2568
-2798
-2586
-2883
-3199
-2460
-2619
-3627
-2995
-2010
-2281
-2711
-2482
-1712
-1165
-818
-342
-571
-353
851
1040
780
1464
2133
2168
2145
2580
3001
2874
3356
4109
3374
3084
3798
3849
4058
4273
3701
3310
3545
4132
3896
2815
2975
3349
2616
2308
2150
1975
2019
1689
1066
418
403
891
303
-601
-400
-523
-1024
-1044
-1130
-1298
-1665
-1819
-1740
-2047
-2027
-1649
-1942
-2093
-1660
-1868
-2055
-1630
-1369
-1386
-1839
-1833
-1207
-1247
-1478
-1135
-1477
-1540
-1071
-1361
-1540
-1356
-1758
-1741
-1498
-1589
-1534
-1989
-2588
-2047
-1852
-2367
-2690
-2725
-2251
-2215
-2622
-2711
-2538
-2055
-1591
-2093
-2124
-1139
-511
-382
-504
-190
748
1040
1116
1477
1732
2134
2580
2496
2833
3075
3065
3455
3578
3749
3776
3365
3654
4228
3812
3562
3313
3409
3758
3215
2697
2619
2538
2606
2025
1396
1636
1589
1154
614
146
278
234
-208
-562
-981
-1015
-916
-1400
-1609
-1573
-1851
-1850
-1973
-2170
-1990
-2051
-2008
-1686
-1838
-1906
-1592
-1601
-1391
-1169
-1442
-1427
-963
-828
-901
-1051
-911
-868
-913
-890
-948
-914
-794
-1592
-1799
-856
-919
-1324
-1648
-2338
-1971
-1325
-1978
-2603
-2617
-2049
-1877
-2638
-2785
-2186
-1986
-1730
-1936
-2156
-1365
-527
-386
-566
-491
375
837
694
1133
1615
1673
2002
2241
2508
2703
2959
3235
3121
3055
3565
3555
3443
3373
3135
3832
3852
3154
3125
2451
2297
3481
2827
1293
1288
1999
2067
1201
588
771
470
640
557
-637
-495
558
164
-1053
-1319
-419
-237
-1150
-1278
-1184
-1567
-1031
-641
-1163
-1437
-1025
-733
-1195
-1323
-517
-758
-1373
-780
-752
-1256
-1176
-884
-1079
-1528
-1652
-1156
-1239
-1657
-1426
-1943
-2679
-1763
-1208
-2233
-2852
-2674
-2455
-2498
-2883
-2996
-3215
-3141
-2581
-2964
-3692
-2955
-2216
-2277
-2590
-2455
-1665
-1128
-719
-323
-461
-130
964
1130
1087
1690
2131
2444
2485
2603
3002
3455
3900
3931
3496
3487
4005
4547
4574
3925
3653
4098
4336
4043
3556
3268
3414
3400
2811
2225
2171
2454
2375
1390
666
890
1128
612
-142
-457
-544
-614
-822
-1150
-1472
-1538
-1499
-1927
-2284
-2043
-1775
-1947
-2200
-2033
-2031
-2306
-1885
-1562
-2129
-2121
-1707
-1717
-1733
-1699
-1745
-1785
-1511
-1408
-1771
-1841
-1378
-1204
-1390
-1721
-1836
-1909
-1798
-1203
-1486
-2109
-2283
-2458
-2122
-1857
-2310
-2618
-2555
-2216
-2061
-2533
-2551
-1900
-1583
-1518
-1741
-1608
-633
203
214
-51
230
1198
1747
1649
1926
2437
2684
2952
3078
3277
3685
3960
3979
3743
3580
3336
4218
4998
3995
3295
3389
2914
3589
4229
2818
1661
2180
2904
2049
936
1466
1530
535
407
197
-260
155
471
-548
-1932
-1506
-218
-1014
-2138
-1583
-1605
-2297
-1915
-1349
-1654
-2161
-1841
-1572
-2259
-2168
-956
-1283
-2247
-1424
-1019
-1841
-1785
-671
-1017
-2073
-1611
-831
-1378
-1711
-933
-1154
-1806
-1262
-1102
-1984
-2284
-1070
-578
-2020
-2610
-1853
-2032
-2221
-1671
-2264
-3065
-2539
-1714
-2271
-2936
-2098
-1224
-1841
-1972
-1214
-860
-434
340
403
-61
486
1798
2090
1673
2262
2914
2511
2358
3434
4232
3543
3529
4000
3378
3647
4698
4171
3273
3587
4022
3423
2716
3302
3437
2338
2161
2227
1558
1451
1863
1412
196
-103
533
67
-702
-441
-632
-1488
-1395
-1051
-1404
-1876
-1702
-1438
-2070
-2274
-1440
-1443
-1947
-1586
-1525
-1841
-1582
-1059
-1035
-1515
-1465
-857
-935
-1345
-1030
-634
-1027
-1255
-886
-902
-1262
-905
-580
-1233
-1410
-742
-1059
-1666
-1330
-1381
-1464
-1485
-1731
-1950
-2190
-2251
-1659
-2104
-2754
-2360
-2164
-2307
-2163
-2151
-1993
-1849
-1574
-1123
-1193
-894
-24
205
147
621
1127
1572
1820
2011
2318
2463
2771
3235
3185
3245
3576
3513
3257
2774
3701
4578
3088
2836
3331
2216
2845
3755
2047
1117
1748
2301
1548
376
1085
1136
-154
501
499
-597
13
693
-86
-1401
-1086
405
-434
-1705
-497
-682
-1569
-536
-388
-1023
-1188
-697
-118
-1167
-1732
219
-290
-1682
-765
-772
-1144
-1163
-776
-522
-2441
-2275
142
-1479
-2708
-678
-1133
-2389
-1387
-1089
-1803
-2617
-1602
-954
-2454
-2381
-996
-1985
-2838
-1828
-1601
-2636
-2877
-1837
-1573
-2828
-2316
-1184
-2061
-2163
-739
-837
-1332
-497
402
402
-49
1159
2128
1068
1456
2796
2352
1968
2630
3577
3263
2620
3453
3538
2389
3767
4129
2354
2334
3460
3504
2404
1983
2725
2219
1405
2128
1610
580
1252
1545
438
-387
454
1008
-345
-792
105
-355
-840
-185
-283
-945
-977
-337
-430
-1211
-753
80
-671
-1100
-160
-207
-780
-351
-42
-448
-871
-434
-21
-632
-937
-334
-645
-1111
-780
-713
-1162
-1380
-878
-997
-1790
-1609
-937
-1427
-2038
-1775
-1756
-2202
-2104
-1743
-1793
-2532
-2468
-2223
-2724
-2576
-1958
-2450
-2923
-2324
-2065
-2206
-2380
-1951
-1262
-1553
-1609
-853
-534
-263
358
498
321
826
1604
2005
1629
1813
2180
2382
2935
2841
2733
2776
2605
3200
3451
2421
2684
3432
3035
2734
2323
2176
2579
2685
2417
1611
1425
2214
2090
1284
1166
1172
1317
1251
565
535
761
751
575
64
68
523
438
202
55
-178
113
258
-107
-205
-270
-419
-358
-618
-681
-466
-873
-928
-778
-1389
-1440
-1133
-1413
-1736
-1822
-1707
-1687
-2028
-1989
-2041
-2507
-2193
-2089
-2501
-2567
-2527
-2680
-2406
-2487
-2738
-2757
-2938
-2838
-2373
-2592
-2739
-2559
-2208
-2145
-2450
-2213
-1679
-1522
-1364
-1156
-1121
-483
108
384
283
378
1102
1697
1559
1721
2149
2162
2399
2814
2865
2926
2938
3030
3044
3047
3352
3284
2766
3081
3425
2842
2627
2732
2592
2617
2335
2029
1876
1912
2144
1683
1052
1170
1355
1054
879
616
512
582
475
360
61
-78
95
-26
-325
-268
-170
-367
-458
-463
-569
-616
-567
-697
-961
-1049
-1056
-951
-1124
-1380
-1419
-1475
-1490
-1579
-1797
-1909
-1744
-1784
-1864
-2090
-2070
-1713
-1810
-2217
-2156
-2502
-2389
-1598
-1949
-2203
-2377
-3325
-1597
-1016
-3113
-2885
-2487
-2544
-1108
-1905
-3283
-2217
-1266
-890
-1672
-2403
-614
510
-4
-97
-329
723
2155
1847
1053
1308
2150
3338
2737
1963
2995
3440
3099
3100
2797
3186
3547
3081
2648
2709
3281
3480
2602
2280
2077
1953
2577
1974
1029
1261
1513
1217
1068
740
457
551
780
644
46
-20
869
774
-123
-244
202
318
171
-11
-228
-479
-62
314
-324
-799
-305
-105
-602
-922
-457
-363
-996
-997
-857
-1358
-1439
-1222
-1412
-1947
-2077
-1479
-1523
-2275
-2147
-1698
-2174
-2261
-1819
-1912
-2911
-2732
-1576
-2061
-2869
-2339
-2293
-2777
-2373
-2142
-2666
-2886
-2167
-1717
-2489
-2716
-1754
-1334
-1565
-1461
-1150
-813
-142
466
423
95
713
1714
1709
1287
1890
2541
2512
2093
2226
3351
3146
2692
3152
2569
2348
3685
3317
2226
2509
3073
2974
2227
2058
2694
2112
1813
2103
1482
1313
1856
1765
1097
620
1017
1480
736
403
867
612
331
529
492
189
104
399
317
-309
-315
379
-105
-521
-262
-324
-683
-680
-545
-800
-1372
-1157
-785
-1525
-1711
-1180
-1611
-1850
-1695
-1958
-1823
-1858
-2013
-1856
-1997
-2184
-2026
-1912
-1852
-2094
-1945
-2036
-2714
-2094
-1298
-2021
-2391
-1915
-2157
-2157
-1788
-1900
-2260
-2072
-1451
-1528
-2180
-1761
-1033
-1093
-1053
-902
-891
-309
393
590
424
478
1235
1700
1355
1475
2098
2232
1939
1852
2703
2812
2368
2717
2474
1847
3019
3256
2112
2039
2651
2874
2205
1717
2368
2281
1870
2211
1744
1204
1856
2185
1582
1005
1177
1829
1385
848
1272
1195
766
1026
1082
621
383
591
723
55
-320
292
41
-526
-447
-618
-962
-1115
-1157
-1241
-1781
-1861
-1550
-2084
-2400
-2249
-2217
-2012
-2334
-2920
-2406
-2150
-2496
-2324
-2339
-2564
-2174
-1791
-2070
-2087
-1549
-1535
-1883
-1989
-1421
-1010
-1102
-1260
-1363
-1312
-1086
-923
-847
-1117
-1194
-555
-689
-1241
-647
-338
-414
-203
-348
-477
74
671
850
523
374
1198
1462
1195
1454
1491
1468
1661
1834
2108
1894
1777
2276
1958
1591
2316
2180
1762
2017
2269
2042
1644
1805
2302
1921
1585
1835
1800
1714
1842
1808
1537
1383
1613
1708
1144
1035
1493
1250
759
779
886
680
363
290
277
-159
-262
-4
-482
-875
-677
-791
-1162
-1336
-1316
-1333
-1758
-1724
-1596
-2016
-2021
-1658
-1799
-1870
-1888
-2025
-1552
-1615
-1965
-1588
-1338
-1577
-1432
-1132
-1319
-1363
-827
-767
-1598
-1562
-642
-865
-1227
-797
-1273
-1649
-970
-1051
-1488
-1560
-1417
-1079
-1408
-1909
-1380
-1238
-1373
-1131
-1268
-1243
-798
-395
-73
-244
-293
418
601
448
832
1130
1170
1311
1587
1667
1747
1909
2290
2135
1894
1828
2181
3253
2836
1996
2425
2018
2037
3460
2692
1368
1913
2642
2507
1813
1591
2301
1859
1545
1820
1289
1204
2105
1861
578
116
920
1506
410
-260
190
-125
-411
-12
-326
-1040
-1020
-615
-924
-1829
-1643
-873
-1257
-1780
-1752
-1714
-1784
-1591
-1399
-1772
-2336
-1911
-1157
-1499
-2075
-1686
-1155
-1292
-1604
-1388
-1268
-1221
-802
-746
-1650
-1943
-845
-358
-1344
-1740
-1458
-1332
-1391
-1435
-1550
-1887
-1676
-1164
-1603
-2431
-1844
-1139
-1152
-1548
-1703
-1231
-667
-403
-231
-435
-404
320
877
541
429
1108
1714
1322
963
2072
2331
1876
2350
2170
1664
2674
2967
2420
2209
2448
2947
2664
2148
2680
2673
2280
2375
2233
2142
2164
2225
2150
1562
1318
1782
1544
947
1087
986
688
569
576
462
30
-80
187
-226
-789
-424
-343
-574
-727
-861
-850
-860
-963
-859
-1041
-1388
-1031
-706
-1291
-1440
-801
-711
-1277
-1218
-952
-1098
-1033
-826
-976
-1213
-1215
-927
-988
-1291
-1304
-1086
-1199
-1758
-1756
-1424
-1480
-1803
-1783
-2073
-2468
-2151
-1710
-2271
-2743
-2328
-2117
-2498
-2544
-2191
-2101
-1949
-1776
-1822
-1787
-1229
-516
-396
-673
-361
389
741
739
950
1209
1250
1699
2303
1899
1981
2622
2557
2490
2744
2667
2783
3028
3168
2972
2617
2780
3245
3023
2690
2560
2652
2764
2518
2358
2110
1995
2151
2053
1438
1275
1528
1461
999
613
680
754
377
202
82
-177
-192
15
-388
-594
-567
-532
-643
-996
-918
-772
-1119
-1222
-902
-1155
-1360
-1223
-1266
-1290
-1420
-1450
-1134
-1572
-1729
-1225
-1482
-1876
-1338
-1477
-2037
-1804
-1529
-1534
-1835
-2050
-2062
-2159
-2061
-1658
-2166
-2697
-2291
-1955
-2399
-2595
-2299
-2214
-2217
-2210
-2321
-2278
-1847
-1488
-1439
-1566
-1472
-780
-172
-197
-61
297
614
969
1250
1228
1465
1757
2073
2027
1945
2629
2776
2505
2604
2505
2653
3196
2825
2568
2760
2817
2887
2573
2386
2639
2515
2541
2369
2078
2160
2251
1916
1739
1589
1618
1681
1212
1029
1189
988
787
674
539
565
387
230
224
21
-98
15
-359
-436
-259
-549
-750
-742
-968
-821
-644
-1112
-1348
-1134
-1283
-1426
-1413
-1576
-1841
-1644
-1656
-1993
-2094
-1846
-1882
-2312
-2161
-2130
-2323
-2101
-1924
-2280
-2490
-2414
-2159
-1991
-2135
-2281
-2360
-2338
-2125
-2053
-2078
-2202
-1920
-1554
-1904
-2069
-1473
-1112
-1146
-941
-943
-874
-172
309
248
270
638
1167
1329
1297
1560
1964
1998
1938
1869
2005
2671
2826
2235
2147
2423
2530
2971
2629
2077
2390
2680
2490
2264
2132
2333
2396
2206
2036
1876
1986
2172
2069
1713
1480
1588
1821
1570
1155
1124
1112
1011
1024
758
475
519
564
414
102
-127
49
87
-212
-618
-708
-604
-725
-967
-1161
-1345
-1329
-1256
-1589
-1889
-1747
-1548
-1784
-2106
-2380
-1930
-1832
-2354
-2386
-2088
-2232
-2289
-2243
-2373
-2166
-1875
-1985
-2568
-2356
-1761
-1752
-1858
-1925
-2141
-1827
-1798
-1803
-1657
-1754
-1629
-1317
-1562
-1568
-1190
-940
-677
-772
-844
-529
-198
149
403
164
292
917
1068
1083
1251
1241
1512
1897
2014
1824
1930
2214
2409
2297
2303
2326
2331
2676
2776
2593
2599
2579
2705
2905
2664
2545
2709
2682
2574
2463
2216
2333
2366
2182
1902
1634
1728
1836
1466
1166
1060
905
740
555
343
154
-30
-45
-398
-886
-758
-702
-1160
-1387
-1363
-1450
-1727
-1902
-1661
-1813
-2288
-2156
-1906
-2285
-2141
-2084
-2556
-2347
-1939
-2235
-2421
-2211
-1985
-2074
-2260
-1971
-1975
-1967
-1701
-2133
-2090
-1615
-1733
-1638
-1513
-1871
-1790
-1543
-1568
-1575
-1572
-1361
-1343
-1573
-1360
-1118
-1149
-897
-754
-873
-500
-45
-7
155
241
602
962
930
1059
1434
1576
1789
1917
1779
1955
2624
2726
2305
2341
2500
2559
2921
3037
2726
2597
2897
3134
2870
2648
2824
2806
2672
2641
2440
2237
2236
2374
2122
1558
1460
1750
1505
1051
921
812
546
345
208
47
-223
-221
-225
-734
-1095
-750
-785
-1269
-1461
-1446
-1342
-1601
-1758
-1561
-1840
-2003
-1728
-1994
-2079
-1805
-1898
-1860
-1912
-2159
-1726
-1619
-2058
-1853
-1503
-1816
-1829
-1521
-1638
-1555
-1582
-1914
-1888
-1670
-1504
-1519
-1979
-2081
-1614
-1606
-1911
-2042
-1848
-1465
-1533
-1862
-1846
-1433
-1136
-1003
-1063
-1181
-650
17
102
18
318
806
1095
1165
1284
1494
1745
2065
2269
2101
2219
3004
2889
2507
2851
2826
2860
3332
3088
2814
2925
3148
3230
2795
2516
2895
2796
2571
2434
2171
2109
2105
1996
1738
1287
1242
1437
1002
604
611
501
344
83
-142
-257
-482
-535
-503
-837
-1226
-1046
-945
-1239
-1559
-1372
-1480
-1821
-1533
-1722
-2060
-1626
-1744
-2148
-1831
-1731
-2168
-1896
-1764
-2323
-1998
-1719
-2277
-1943
-1493
-2065
-2061
-1715
-1655
-1635
-1888
-1960
-1686
-1615
-1580
-1582
-1645
-1730
-1552
-1399
-1676
-1721
-1284
-1161
-1350
-1501
-1307
-946
-832
-615
-465
-704
-322
455
499
413
720
1130
1398
1415
1489
1856
2003
2244
2502
2126
2088
2993
3100
2426
2641
2711
2665
3123
2947
2570
2626
2810
2917
2589
2152
2396
2463
2246
2065
1817
1747
1782
1755
1499
1062
921
1129
937
471
311
319
246
81
-343
-444
-482
-501
-518
-829
-1163
-969
-821
-1164
-1415
-1384
-1329
-1595
-1721
-1661
-1664
-1841
-1865
-1974
-1896
-1795
-1979
-2091
-1916
-1870
-1946
-1929
-1949
-1914
-1806
-1750
-1839
-1870
-1612
-1511
-1702
-1881
-1703
-1389
-1512
-1431
-1279
-1746
-1730
-1257
-1372
-1437
-1385
-1237
-1011
-1243
-1300
-819
-790
-576
-188
-414
-487
130
624
679
634
898
1373
1437
1579
1894
1861
2046
2459
2372
2047
2621
3059
2667
2613
2713
2650
2978
3039
2635
2428
2607
2906
2582
2201
2258
2377
2304
2172
1753
1627
1654
1719
1552
1008
753
985
952
515
243
191
128
45
-162
-401
-625
-668
-525
-818
-1153
-1114
-1136
-1062
-1248
-1685
-1602
-1602
-1590
-1474
-1822
-2341
-1861
-1462
-2058
-2225
-1895
-2061
-1847
-1748
-2216
-2202
-1848
-1671
-1807
-1957
-2024
-1828
-1439
-1455
-1827
-1744
-1645
-1527
-1286
-1396
-1482
-1460
-1386
-1094
-1285
-1486
-1070
-877
-952
-982
-1163
-969
-420
-282
-233
-261
-198
323
809
727
749
1102
1459
1660
1651
1772
2080
2263
2473
2511
2262
2332
3074
3115
2516
2541
2708
2775
3024
2819
2379
2425
2669
2742
2391
2048
1982
2191
2124
1675
1411
1382
1415
1432
1059
601
531
680
568
202
-189
-233
-66
-248
-571
-815
-913
-856
-917
-1150
-1395
-1459
-1284
-1335
-1733
-1751
-1638
-1855
-1697
-1727
-2218
-2095
-1796
-2197
-2055
-1858
-2289
-2128
-1767
-2042
-2127
-1783
-1861
-1881
-1460
-1711
-2067
-1348
-1202
-1456
-1166
-1441
-1582
-881
-852
-1186
-1025
-929
-956
-753
-617
-860
-843
-441
-335
-659
-735
-373
-30
0
115
-49
-36
599
943
858
873
1102
1564
1724
1614
1744
2063
2227
2422
2381
2064
2277
2917
2893
2424
2328
2305
2594
2830
2498
2125
2105
2365
2502
2123
1603
1735
1964
1815
1413
1001
1026
1236
1202
754
345
271
465
375
-42
-361
-367
-277
-383
-716
-935
-1010
-896
-928
-1175
-1409
-1419
-1291
-1334
-1611
-1788
-1667
-1800
-1805
-1713
-1910
-1799
-1716
-2042
-1750
-1536
-1960
-1812
-1616
-1876
-1596
-1569
-1681
-1490
-1483
-1204
-1194
-1542
-1154
-840
-1139
-1312
-1115
-818
-918
-959
-754
-975
-1003
-621
-780
-866
-727
-552
-474
-795
-812
-269
-314
-311
28
-45
5
434
681
734
891
1195
1471
1566
1574
1851
2089
2029
2240
2519
2381
2339
2469
2487
2577
2662
2746
2508
2283
2509
2670
2290
1957
2178
2257
1946
1794
1723
1449
1490
1506
1001
601
727
871
568
-7
-136
-48
-190
-430
-518
-714
-930
-891
-1001
-1236
-1341
-1307
-1257
-1539
-1777
-1610
-1657
-1796
-1735
-1655
-1836
-1830
-1722
-1511
-1789
-1985
-1335
-1371
-1874
-1451
-1321
-1561
-1183
-1066
-1359
-1380
-1054
-833
-1029
-990
-806
-915
-620
-833
-1107
-768
-808
-704
-374
-842
-1172
-613
-456
-669
-756
-911
-585
-227
-749
-872
-419
-274
-68
65
-304
-59
632
832
813
688
1028
1645
1577
1463
1814
1856
1982
2482
2304
1796
2237
2861
2623
2230
2203
2155
2461
2685
2198
1848
1930
2156
2191
1658
1245
1488
1698
1410
865
564
663
944
754
153
-271
-134
129
-53
-574
-700
-502
-611
-891
-1055
-1122
-1062
-933
-1072
-1441
-1522
-1248
-1186
-1274
-1453
-1487
-1402
-1359
-1312
-1249
-1381
-1567
-1156
-1019
-1356
-1380
-1365
-1215
-1033
-1107
-1371
-1331
-956
-842
-987
-988
-1217
-1005
-265
-1028
-1617
-713
-607
-942
-712
-930
-1245
-868
-618
-996
-1040
-911
-686
-675
-1013
-862
-498
-485
-244
-107
-338
-79
474
772
841
732
983
1519
1624
1635
1739
1795
2067
2427
2116
1823
2404
2734
2349
2253
2181
2116
2561
2675
2091
1857
2038
2212
1955
1591
1415
1296
1390
1291
940
671
566
772
726
96
-187
-69
9
-122
-421
-709
-685
-643
-658
-858
-1196
-1107
-856
-942
-1297
-1317
-1223
-1226
-1101
-1243
-1589
-1504
-1103
-1148
-1507
-1591
-1323
-1142
-1201
-1345
-1447
-1241
-1134
-1183
-1074
-1252
-1192
-964
-1005
-1003
-918
-1026
-840
-762
-1015
-1019
-971
-900
-511
-621
-1211
-1044
-581
-585
-782
-888
-770
-367
-495
-803
-588
-254
71
275
-135
-230
480
912
832
729
924
1341
1571
1566
1665
1780
1895
2191
2248
1929
1893
2349
2525
2143
1991
2001
1767
1910
2274
1998
1367
1305
1792
1713
1217
966
957
805
865
753
239
112
506
576
4
-494
-301
18
-261
-577
-581
-632
-730
-636
-733
-959
-1006
-826
-815
-1080
-1160
-1014
-992
-1175
-1137
-1025
-1171
-1190
-1018
-1043
-1129
-1228
-1227
-861
-943
-1303
-1088
-943
-1033
-878
-895
-1167
-877
-579
-830
-1018
-869
-664
-580
-935
-1167
-675
-552
-752
-700
-904
-956
-565
-554
-802
-870
-575
-416
-774
-773
-428
-317
-175
-93
-285
-101
351
605
695
717
823
1234
1452
1360
1527
1665
1690
1902
1962
1577
1867
2379
2041
1931
1940
1674
1976
2175
1772
1604
1443
1548
1764
1334
1124
1170
931
1025
927
511
421
493
501
312
-152
-252
-7
-114
-322
-494
-656
-613
-533
-618
-796
-940
-811
-681
-903
-1045
-888
-937
-1017
-1101
-1072
-1143
-1197
-882
-1018
-1287
-1038
-983
-1140
-1011
-904
-1040
-1019
-941
-992
-902
-701
-759
-932
-732
-635
-821
-750
-443
-655
-1082
-676
-430
-823
-505
-561
-1188
-768
-268
-791
-1013
-664
-467
-590
-861
-863
-491
-81
-127
-386
-330
133
497
585
453
536
1026
1305
1061
1082
1474
1595
1521
1674
1560
1495
1980
1997
1612
1681
1714
1590
1743
1818
1611
1389
1232
1485
1523
1134
1069
1007
830
965
849
475
467
567
555
226
-172
-46
137
-65
-258
-406
-428
-321
-278
-413
-589
-680
-483
-471
-774
-708
-583
-632
-697
-800
-723
-764
-892
-776
-698
-959
-976
-785
-824
-907
-1018
-840
-885
-1065
-759
-820
-972
-818
-585
-709
-1036
-839
-439
-616
-904
-1041
-900
-503
-683
-817
-820
-1054
-798
-665
-1061
-1006
-723
-655
-930
-1120
-856
-614
-508
-349
-481
-581
-223
118
231
298
306
369
750
880
784
892
979
1322
1671
1389
1267
1458
1526
1758
1813
1582
1596
1676
1686
1819
1649
1505
1625
1542
1495
1488
1270
1278
1439
1254
940
713
780
1037
855
456
408
409
407
357
91
-25
-47
-116
-231
-405
-479
-326
-342
-544
-665
-765
-714
-696
-916
-908
-905
-1103
-1020
-896
-1043
-1085
-1022
-870
-945
-1240
-1007
-748
-979
-998
-850
-1135
-1034
-659
-714
-1002
-830
-663
-748
-996
-1099
-764
-681
-762
-777
-1118
-1306
-849
-797
-1060
-1116
-1135
-943
-981
-1251
-1020
-822
-653
-576
-834
-900
-374
36
50
57
107
382
689
727
831
956
1040
1386
1430
1208
1436
2004
1872
1692
1762
1651
1617
2081
2237
1863
1605
1679
2018
2035
1693
1614
1563
1385
1612
1515
1088
961
1245
1204
706
359
519
603
357
224
46
-168
-166
11
-70
-471
-596
-399
-450
-710
-721
-630
-716
-840
-818
-760
-1031
-1022
-712
-828
-1075
-949
-807
-904
-1009
-1025
-905
-803
-1058
-1053
-824
-1058
-915
-576
-1038
-1237
-756
-830
-1004
-1041
-1252
-1150
-858
-1024
-1197
-1291
-1457
-1289
-1138
-1284
-1381
-1239
-1220
-1345
-1467
-1179
-994
-951
-793
-830
-943
-617
-155
18
73
177
426
675
809
952
1057
1206
1514
1502
1248
1762
2213
1848
1875
1854
1713
2223
2397
1993
1908
1988
2173
2198
1829
1690
1857
1783
1814
1608
1301
1303
1333
1274
1077
712
673
824
629
455
375
196
179
127
-33
-169
-320
-265
-199
-416
-637
-512
-593
-584
-542
-802
-869
-817
-890
-779
-786
-1064
-926
-896
-1107
-943
-1011
-1170
-1106
-1083
-1023
-1163
-1313
-1054
-1139
-1413
-1024
-1109
-1427
-1211
-1359
-1573
-1264
-1320
-1417
-1333
-1573
-1646
-1495
-1527
-1344
-1305
-1556
-1419
-1417
-1412
-1180
-1077
-990
-764
-909
-755
-307
-83
59
190
325
618
876
915
1144
1326
1487
1744
1551
1627
2219
2099
1989
2197
2034
2186
2439
2091
2018
2167
2170
2234
1975
1726
1931
1945
1746
1629
1434
1352
1354
1235
1122
946
705
761
651
346
359
295
102
110
-7
-186
-317
-357
-215
-352
-622
-604
-530
-586
-542
-628
-804
-776
-745
-808
-873
-867
-837
-885
-990
-996
-1103
-1157
-947
-1030
-1265
-1053
-965
-1294
-1212
-947
-1167
-1413
-1199
-1345
-1474
-1342
-1434
-1612
-1482
-1225
-1273
-1782
-1870
-1417
-1311
-1311
-1305
-1503
-1531
-1296
-1216
-1115
-1037
-877
-723
-716
-594
-263
-28
180
337
511
664
809
988
1277
1283
1406
1704
1734
1770
1916
1831
1987
2257
2208
2182
2075
2065
2259
2348
2092
1995
1969
2001
1945
1754
1626
1662
1609
1516
1331
1174
1190
1232
950
657
548
530
475
323
223
151
-60
-135
-58
-166
-294
-350
-357
-541
-579
-558
-550
-660
-697
-781
-973
-1064
-944
-949
-1013
-1139
-1185
-1275
-1171
-1134
-1324
-1284
-1227
-1449
-1414
-1200
-1545
-1532
-1225
-1351
-1601
-1554
-1437
-1532
-1700
-1403
-1499
-1570
-1190
-1292
-1815
-1713
-1254
-1158
-1180
-1297
-1338
-1274
-1131
-856
-709
-736
-524
-323
-368
-244
182
368
472
587
883
1027
1016
1201
1508
1767
1722
1520
1671
1987
2050
2106
1978
1770
2038
2328
1958
1866
1994
2152
2106
1738
1561
1865
1896
1781
1619
1257
1256
1446
1334
1042
787
872
945
613
385
519
532
320
264
141
-1
-120
-99
-124
-268
-427
-442
-535
-601
-509
-545
-721
-891
-885
-726
-885
-1100
-995
-1070
-1334
-1362
-1259
-1418
-1396
-1271
-1468
-1534
-1340
-1622
-1622
-1322
-1421
-1469
-1452
-1891
-1702
-1100
-1380
-1825
-1628
-1318
-1195
-1115
-1390
-1549
-1328
-1009
-821
-911
-971
-667
-526
-609
-589
-369
-150
-53
-18
35
158
293
541
730
767
854
986
944
1066
1432
1613
1512
1419
1385
1516
1735
1734
1555
1560
1559
1583
1700
1644
1699
1784
1684
1601
1555
1509
1650
1621
1414
1286
1182
1111
1123
1107
960
826
741
671
628
563
544
466
291
156
111
60
-4
-29
-139
-283
-397
-515
-497
-568
-639
-688
-779
-880
-948
-911
-984
-1100
-1128
-1127
-1382
-1423
-1244
-1432
-1565
-1373
-1348
-1530
-1563
-1464
-1356
-1313
-1436
-1519
-1515
-1405
-1224
-1278
-1293
-1209
-1263
-1303
-1024
-886
-910
-942
-1071
-885
-615
-664
-823
-582
-407
-425
-384
-371
-199
108
114
-28
32
240
456
490
508
639
823
909
939
1011
1178
1339
1292
1295
1373
1449
1533
1574
1692
1727
1704
1824
1826
1842
2003
1930
1776
1805
1837
1843
1768
1639
1575
1445
1347
1296
1160
1058
1022
852
719
552
415
396
294
96
-55
-143
-251
-420
-504
-586
-761
-845
-853
-899
-1046
-1098
-1148
-1210
-1196
-1114
-1262
-1397
-1338
-1242
-1360
-1643
-1424
-1212
-1538
-1512
-1380
-1492
-1246
-1142
-1396
-1320
-1214
-1137
-1067
-1259
-1275
-996
-974
-1006
-876
-829
-919
-831
-567
-541
-685
-537
-438
-515
-294
-293
-451
-271
-109
-75
-105
-168
49
326
294
211
324
440
577
617
595
670
852
998
1073
1037
1015
1185
1259
1298
1333
1319
1373
1430
1480
1606
1547
1419
1504
1559
1541
1507
1453
1475
1455
1408
1329
1252
1156
1148
1112
849
717
727
683
641
493
346
319
300
269
120
-71
-165
-167
-265
-390
-504
-591
-594
-656
-814
-865
-955
-945
-860
-983
-1137
-1117
-1095
-1135
-1167
-1219
-1303
-1397
-1300
-1308
-1482
-1331
-1286
-1303
-1235
-1412
-1299
-1127
-1249
-1182
-1129
-1195
-1075
-1033
-953
-925
-961
-755
-704
-748
-498
-414
-541
-357
-214
-330
-285
-128
-112
-72
51
142
138
225
345
451
457
514
579
662
810
779
800
861
855
947
1043
1018
1064
1129
1106
1127
1124
1169
1256
1199
1206
1224
1063
984
1075
1197
1201
1057
986
1060
1110
1123
1067
850
821
921
837
626
616
595
591
524
407
418
416
430
361
283
178
144
166
96
-89
-229
-307
-352
-306
-333
-626
-709
-678
-719
-841
-973
-985
-971
-1037
-1179
-1306
-1387
-1279
-1197
-1440
-1656
-1412
-1371
-1435
-1371
-1477
-1524
-1316
-1207
-1202
-1300
-1354
-1144
-944
-1006
-1064
-1009
-751
-565
-592
-561
-493
-364
-58
-18
-284
-155
113
97
123
213
278
279
383
615
597
533
628
804
775
774
753
743
826
984
926
770
793
1005
1106
893
872
1021
1060
932
927
980
985
988
966
852
837
967
952
792
826
907
812
735
826
797
700
604
626
616
512
516
541
415
490
610
394
315
309
184
73
77
-31
-35
-66
-253
-397
-437
-407
-417
-614
-686
-682
-721
-869
-941
-1040
-1206
-1114
-1065
-1286
-1282
-1154
-1387
-1294
-1050
-1285
-1450
-1187
-1087
-1213
-1197
-1174
-1076
-907
-1034
-1031
-742
-768
-744
-489
-590
-581
-219
-250
-413
-200
15
-141
-151
146
97
26
242
312
308
448
492
518
621
623
555
638
794
687
585
725
787
737
764
739
652
709
881
722
592
735
753
639
533
497
523
485
413
429
378
369
482
434
350
364
380
380
340
356
405
288
281
449
396
340
359
409
475
480
427
458
583
538
485
414
258
274
346
345
111
-82
43
38
-111
-121
-184
-271
-232
-308
-407
-582
-619
-596
-730
-841
-804
-896
-965
-807
-841
-931
-950
-951
-960
-771
-815
-1238
-1173
-664
-755
-1074
-781
-624
-846
-687
-477
-690
-647
-302
-401
-636
-396
-205
-237
-234
-161
-60
32
-1
7
81
166
207
179
291
350
218
290
447
425
432
480
429
476
645
565
391
544
674
538
502
480
406
498
639
488
368
535
593
426
448
435
357
407
419
325
308
366
365
276
281
364
348
209
160
289
362
373
275
149
202
279
178
67
90
111
-14
-70
1
3
-14
2
-125
-118
78
33
-136
-66
-38
-89
-63
-147
-299
-78
-6
-250
-72
-52
-358
-131
42
-282
-312
-184
-274
-319
-171
-280
-606
-356
-111
-472
-622
-474
-503
-492
-436
-543
-646
-527
-230
-490
-716
-464
-383
-565
-486
-309
-424
-529
-203
-134
-367
-117
-76
-328
-103
203
-76
-170
116
200
118
201
117
72
305
327
206
240
202
276
452
367
262
363
330
314
540
510
208
251
408
347
418
393
198
286
496
467
311
193
270
354
410
344
43
6
257
201
16
-90
-72
22
82
-7
-113
-97
-3
-31
0
-22
-177
43
88
-157
-94
2
-154
-6
253
92
-152
47
172
27
57
-14
-76
224
300
-33
-206
-60
193
197
-215
-396
23
200
-64
-210
-145
-95
28
53
-237
-300
5
-2
-248
-243
-63
-164
-387
-195
71
-175
-377
-116
-72
-141
-122
-323
-361
-30
-2
-290
-357
-235
-134
-113
-237
-131
-73
-224
-167
-101
-128
-95
-105
-225
-66
35
2
-20
-140
3
217
12
-239
48
184
19
131
155
-121
141
451
118
-142
90
111
23
142
137
9
66
191
179
35
-89
90
213
122
20
-19
-6
175
222
78
16
149
253
184
161
201
116
157
216
114
46
68
45
116
256
87
-47
183
287
145
207
107
-42
141
154
-227
-78
393
279
79
170
154
180
381
291
150
168
249
379
285
52
14
74
49
84
168
75
-78
25
146
-95
-259
-141
-268
-400
-267
-416
-628
-415
-290
-582
-692
-510
-474
-582
-493
-560
-605
-370
-395
-518
-454
-486
-506
-329
-309
-190
-221
-361
-141
15
-106
-143
-109
-113
23
108
-56
-132
8
145
191
174
95
-21
67
200
176
39
20
-9
114
325
141
5
174
240
207
228
263
103
113
376
354
232
351
332
227
475
562
331
273
451
478
449
401
306
420
526
464
386
405
416
420
437
330
235
312
232
125
265
197
27
116
158
65
64
30
-49
-15
28
-148
-226
-69
-75
-189
-217
-238
-229
-193
-230
-369
-371
-299
-294
-404
-451
-419
-391
-371
-439
-480
-463
-412
-407
-383
-419
-476
-464
-383
-299
-435
-529
-325
-270
-325
-345
-418
-365
-165
-161
-395
-478
-278
-89
-202
-293
-325
-303
-195
-18
-49
-173
-144
60
157
39
-4
45
112
250
361
202
75
295
507
397
275
332
427
503
504
419
364
434
629
671
494
468
518
610
587
530
490
438
521
562
547
473
469
454
467
455
311
267
285
272
234
227
119
120
195
123
92
20
-66
15
13
-151
-121
-104
-246
-260
-199
-335
-350
-362
-442
-416
-371
-441
-506
-527
-510
-401
-464
-576
-564
-507
-492
-478
-470
-505
-488
-410
-423
-461
-456
-403
-353
-299
-337
-332
-249
-180
-188
-235
-311
-280
-171
-169
-248
-231
-207
-180
-99
-104
-90
-71
6
27
-46
-55
49
22
-10
30
31
108
182
165
216
292
361
388
326
293
445
409
343
468
465
426
521
520
490
559
507
469
641
633
537
493
515
539
584
543
426
444
488
451
384
377
360
331
273
241
239
254
166
178
185
157
102
46
-19
-49
-97
-182
-222
-260
-257
-220
-312
-394
-370
-383
-423
-425
-436
-447
-503
-569
-553
-517
-510
-527
-507
-533
-550
-492
-490
-521
-503
-504
-513
-518
-506
-448
-410
-434
-391
-417
-425
-334
-335
-333
-303
-269
-247
-188
-173
-175
-124
-129
-82
-50
-18
8
36
37
41
80
124
155
142
168
221
249
269
297
305
429
439
398
439
496
483
466
491
457
468
507
546
497
454
543
556
510
537
510
464
495
504
477
473
438
424
372
351
328
282
260
251
222
177
201
211
147
131
75
45
58
45
-10
-82
-132
-156
-137
-209
-291
-306
-275
-277
-314
-397
-381
-358
-376
-462
-523
-513
-490
-478
-533
-609
-566
-553
-504
-438
-515
-541
-509
-452
-482
-481
-499
-504
-400
-332
-389
-420
-361
-303
-290
-280
-228
-170
-192
-118
-85
-103
-67
-52
-53
13
49
30
85
158
137
187
255
289
288
273
319
364
357
377
397
411
449
431
432
448
477
488
500
465
481
505
455
438
479
390
366
472
392
307
401
387
350
388
326
237
264
278
183
138
136
136
154
135
68
60
61
23
33
-37
-110
-120
-134
-168
-177
-242
-263
-249
-266
-251
-276
-334
-380
-374
-377
-435
-484
-476
-442
-452
-502
-527
-487
-454
-475
-502
-525
-453
-344
-393
-465
-411
-382
-350
-307
-308
-301
-258
-227
-209
-170
-121
-113
-112
-54
-28
-9
19
87
84
54
100
99
122
183
192
213
257
325
351
375
360
337
332
338
341
310
334
319
349
346
348
408
430
416
389
383
383
398
379
340
343
364
357
345
346
304
334
328
252
267
275
232
219
181
130
105
137
103
-33
-22
-36
-58
-53
-73
-131
-151
-177
-236
-230
-268
-302
-318
-317
-323
-346
-371
-399
-377
-400
-429
-444
-462
-475
-477
-474
-462
-483
-448
-440
-488
-456
-443
-432
-396
-407
-405
-354
-331
-311
-292
-281
-235
-216
-188
-143
-96
-74
-62
-43
2
38
103
134
133
130
142
227
241
226
260
252
292
375
366
352
409
416
376
369
397
378
350
378
360
327
366
375
352
353
313
328
328
346
330
291
322
304
293
271
275
264
268
296
254
196
218
269
242
197
181
142
129
99
58
31
18
-10
-25
-43
-25
-55
-82
-90
-142
-138
-175
-230
-293
-285
-291
-321
-375
-374
-345
-330
-372
-390
-415
-459
-411
-393
-446
-448
-476
-433
-433
-410
-400
-428
-421
-398
-389
-395
-396
-423
-377
-362
-329
-362
-367
-307
-285
-274
-200
-178
-154
-87
-6
-21
-38
15
46
95
144
137
169
198
216
244
225
248
296
344
374
371
370
398
410
418
432
438
420
432
474
475
498
527
510
523
510
503
493
449
420
402
383
349
311
278
194
179
239
178
147
136
85
67
69
31
50
44
6
-10
-43
-56
-95
-86
-99
-153
-144
-142
-187
-206
-206
-206
-230
-244
-273
-295
-272
-270
-304
-318
-313
-308
-329
-309
-331
-343
-321
-315
-366
-358
-360
-393
-333
-359
-343
-353
-346
-343
-317
-299
-287
-255
-235
-185
-192
-168
-173
-187
-158
-125
-96
-27
-14
-23
-23
8
31
38
81
64
67
70
68
140
171
162
164
174
238
215
215
265
258
274
301
277
292
323
301
293
287
296
300
296
296
289
314
319
298
263
243
268
285
254
240
218
210
194
189
204
191
197
178
179
184
147
146
88
58
96
92
48
35
26
3
22
-1
-39
-51
-91
-89
-143
-183
-156
-180
-188
-174
-184
-237
-221
-261
-264
-244
-281
-305
-279
-273
-283
-264
-300
-303
-265
-247
-296
-329
-296
-287
-290
-269
-264
-273
-249
-245
-243
-194
-192
-179
-170
-194
-214
-190
-212
-210
-136
-111
-93
-62
-59
-33
-46
-29
2
5
24
29
49
66
97
138
151
157
175
182
193
218
234
221
234
235
200
236
263
277
298
306
295
320
307
308
298
284
342
300
260
255
261
255
257
270
194
173
209
215
221
147
121
160
153
112
126
119
78
88
68
44
1
-23
-7
16
-12
-39
-26
-33
-9
-5
-94
-81
-62
-103
-79
-124
-182
-168
-168
-191
-189
-206
-200
-219
-301
-280
-286
-326
-304
-310
-332
-303
-317
-324
-312
-328
-322
-303
-312
-314
-308
-294
-274
-271
-245
-240
-205
-178
-158
-146
-131
-140
-114
-96
-96
-91
-92
-38
6
14
-5
68
103
86
60
91
97
125
158
137
177
193
198
204
233
226
250
265
264
285
314
322
343
346
310
331
323
292
299
275
283
255
280
283
224
220
254
254
231
257
250
224
186
183
174
164
157
127
96
87
68
66
24
-11
-19
-32
-55
-69
-97
-110
-96
-93
-100
-151
-158
-167
-189
-164
-195
-255
-257
-252
-268
-284
-314
-343
-315
-335
-332
-325
-366
-335
-324
-330
-317
-308
-322
-280
-269
-296
-214
-220
-228
-215
-196
-192
-130
-117
-145
-118
-69
-61
-75
-83
-71
-60
-25
-4
1
-10
8
46
55
60
79
69
123
139
115
130
133
151
177
189
199
237
256
281
270
268
286
293
290
300
313
325
354
316
298
327
341
313
298
297
336
383
350
344
296
300
289
270
251
219
195
194
176
128
128
99
83
58
30
-2
-60
-86
-76
-100
-139
-158
-178
-200
-202
-238
-253
-279
-311
-312
-319
-335
-323
-339
-364
-352
-359
-364
-325
-328
-337
-319
-345
-336
-327
-338
-285
-271
-285
-297
-273
-275
-256
-225
-245
-228
-187
-172
-156
-179
-169
-156
-135
-114
-90
-96
-89
-46
-27
-19
8
31
61
70
75
100
118
129
160
154
130
151
167
195
219
195
223
239
281
281
278
268
286
298
279
302
280
302
347
346
360
343
326
356
346
363
364
318
318
339
312
279
239
225
225
220
218
202
189
156
162
146
96
91
101
51
49
37
16
-1
-67
-80
-108
-132
-114
-112
-144
-183
-222
-244
-263
-277
-310
-347
-345
-348
-378
-370
-375
-330
-383
-403
-399
-395
-384
-384
-389
-398
-370
-361
-341
-342
-333
-273
-277
-278
-275
-257
-234
-235
-209
-187
-178
-126
-100
-96
-81
-68
-73
-52
-36
-27
-9
1
35
17
50
96
74
116
168
176
168
201
217
193
241
256
238
265
281
287
332
338
329
355
354
349
351
361
348
354
339
328
332
368
355
322
344
314
285
283
263
241
228
201
178
195
201
170
140
138
110
90
57
36
1
-13
-27
-18
-33
-49
-64
-102
-132
-147
-159
-173
-175
-222
-229
-235
-260
-251
-292
-286
-257
-302
-297
-297
-314
-296
-305
-312
-270
-283
-280
-278
-280
-242
-245
-285
-276
-277
-284
-287
-281
-208
-199
-219
-234
-231
-219
-236
-192
-171
-185
-171
-135
-111
-118
-97
-73
-38
-12
-11
22
35
65
107
130
137
173
183
190
256
258
244
263
295
290
287
291
305
322
332
348
317
318
307
296
319
312
296
315
311
304
312
284
275
274
257
224
219
244
184
172
170
97
112
105
88
69
28
20
-4
-42
-38
-81
-69
-53
-101
-88
-101
-126
-80
-129
-184
-192
-189
-187
-175
-192
-194
-194
-223
-245
-255
-240
-271
-262
-265
-262
-235
-247
-255
-206
-235
-252
-236
-242
-229
-234
-237
-231
-244
-242
-222
-194
-188
-178
-160
-182
-165
-129
-103
-82
-62
-83
-70
-32
-18
9
41
36
55
93
106
124
143
164
140
148
140
