6
10
0
7
4
13
2
-3
-7
-11
0
-3
6
4
10
10
9
15
13
23
24
8
12
10
-5
5
11
7
8
15
-2
-17
-23
-38
-34
-18
-18
-26
-13
-6
-23
-11
-8
-6
5
0
6
-11
-11
-17
-12
-13
-15
-1
-12
9
-1
-5
9
14
-8
-10
4
2
5
3
4
-5
-7
-6
-7
2
7
-9
-4
3
-3
2
-5
-12
-11
3
-15
-5
8
3
9
1
1
-2
1
12
8
9
2
15
9
-6
-9
-4
-16
-12
3
-5
-2
-5
-6
-11
-9
-6
1
0
4
9
17
10
5
7
-2
-5
-7
-8
-6
9
14
5
-1
-6
-8
-3
7
0
4
10
14
14
12
1
12
17
13
14
6
0
-1
10
17
17
10
12
9
7
10
5
6
7
5
8
7
-8
0
1
-8
-11
-2
3
-2
-2
11
1
1
2
2
-5
-3
-4
-4
-3
-6
-2
-11
-1
-5
-3
7
1
5
3
-5
-14
-19
-16
-9
0
5
-5
-2
-4
-9
-17
-27
-22
-23
-11
-2
-11
-17
-13
-5
-15
-19
-18
-9
-1
-2
1
2
9
15
11
13
16
10
7
7
12
13
22
13
9
-6
-6
7
-1
-4
-12
-3
-5
-7
1
0
-13
-16
-15
-8
-21
-15
3
-3
-1
13
12
0
1
0
3
4
15
17
15
10
11
9
-1
-21
-44
-69
-73
-97
-109
-81
-163
-140
-103
-151
-79
-28
-70
-27
-22
-5
68
111
106
100
128
191
283
287
278
328
313
358
430
354
378
383
289
324
332
257
228
148
44
24
-24
-93
-157
-267
-313
-334
-394
-443
-516
-560
-538
-550
-598
-594
-587
-612
-589
-545
-525
-449
-404
-351
-253
-165
-90
-38
15
100
176
216
289
349
360
413
448
444
449
448
438
424
394
356
329
295
231
183
139
121
107
37
6
-34
-44
-43
-70
-68
-62
-43
-22
33
90
135
172
205
253
314
350
381
373
418
445
446
441
428
386
363
366
323
274
237
163
79
19
-80
-160
-280
-411
-536
-651
-714
-840
-973
-1078
-1190
-1241
-1290
-1319
-1362
-1344
-1307
-1286
-1212
-1113
-993
-871
-762
-599
-406
-218
-13
165
324
510
707
851
990
1144
1230
1346
1418
1438
1476
1479
1470
1429
1387
1349
1296
1191
1083
977
832
710
574
431
321
191
62
-28
-152
-267
-326
-394
-449
-476
-480
-461
-429
-407
-355
-272
-194
-110
-35
44
118
122
130
135
109
111
29
-31
-85
-174
-240
-356
-501
-630
-792
-932
-1094
-1295
-1460
-1633
-1760
-1871
-1979
-2053
-2094
-2107
-2073
-1995
-1884
-1724
-1531
-1290
-1026
-735
-428
-154
128
411
705
1009
1296
1541
1764
1946
2095
2198
2268
2337
2391
2435
2437
2398
2345
2261
2163
2035
1878
1726
1565
1364
1176
959
747
536
295
93
-126
-320
-481
-602
-684
-733
-767
-755
-695
-616
-494
-383
-282
-178
-117
-88
-83
-73
-123
-209
-231
-316
-448
-495
-601
-763
-872
-955
-1074
-1179
-1313
-1459
-1638
-1819
-1939
-2122
-2272
-2370
-2480
-2564
-2593
-2605
-2578
-2477
-2330
-2145
-1850
-1514
-1171
-803
-414
-15
378
781
1138
1454
1764
2086
2352
2535
2687
2791
2877
2930
2937
2945
2951
2932
2868
2797
2740
2640
2488
2315
2120
1894
1655
1408
1102
789
492
183
-104
-341
-563
-735
-864
-970
-1014
-984
-914
-828
-752
-642
-518
-422
-319
-298
-326
-297
-365
-452
-538
-687
-800
-891
-1021
-1131
-1218
-1331
-1368
-1461
-1548
-1587
-1707
-1814
-1934
-2136
-2299
-2412
-2590
-2723
-2822
-2964
-2974
-2925
-2854
-2691
-2478
-2231
-1851
-1444
-1052
-562
-127
290
766
1173
1565
1974
2269
2526
2771
2933
3085
3198
3253
3363
3443
3478
3513
3526
3492
3464
3406
3297
3176
2981
2770
2520
2200
1844
1460
1066
685
327
-26
-356
-631
-842
-1016
-1159
-1230
-1264
-1259
-1196
-1119
-1064
-983
-907
-915
-873
-860
-924
-983
-1050
-1171
-1282
-1391
-1513
-1607
-1665
-1685
-1719
-1719
-1676
-1681
-1709
-1673
-1726
-1780
-1808
-1975
-2118
-2253
-2408
-2547
-2654
-2744
-2781
-2740
-2669
-2488
-2263
-1981
-1580
-1169
-716
-220
219
650
1065
1430
1757
2097
2382
2600
2796
2966
3110
3219
3309
3386
3479
3543
3591
3655
3676
3677
3667
3598
3465
3283
3068
2807
2487
2110
1721
1329
901
467
49
-326
-669
-983
-1217
-1419
-1508
-1471
-1478
-1478
-1430
-1367
-1324
-1300
-1304
-1356
-1384
-1460
-1572
-1652
-1707
-1791
-1850
-1916
-1960
-1926
-1854
-1795
-1737
-1668
-1547
-1457
-1460
-1432
-1464
-1551
-1557
-1693
-1941
-2046
-2185
-2388
-2519
-2644
-2716
-2642
-2564
-2426
-2139
-1826
-1427
-1000
-609
-107
375
816
1251
1620
1897
2209
2527
2722
2910
3080
3177
3310
3408
3422
3531
3640
3707
3746
3754
3786
3794
3687
3556
3422
3170
2905
2553
2116
1713
1269
819
363
-109
-501
-832
-1116
-1340
-1525
-1621
-1618
-1613
-1558
-1532
-1513
-1475
-1453
-1435
-1463
-1485
-1580
-1696
-1773
-1836
-1870
-1934
-1955
-1934
-1915
-1840
-1782
-1685
-1510
-1385
-1326
-1210
-1152
-1133
-1139
-1217
-1283
-1412
-1567
-1725
-1946
-2117
-2211
-2344
-2421
-2449
-2458
-2316
-2146
-1917
-1597
-1241
-836
-419
-37
403
808
1148
1495
1717
1996
2275
2477
2659
2798
2937
3106
3214
3311
3442
3557
3708
3789
3828
3888
3883
3784
3618
3425
3217
2927
2579
2225
1802
1371
964
502
96
-289
-608
-876
-1122
-1276
-1384
-1401
-1399
-1403
-1422
-1408
-1426
-1450
-1485
-1585
-1657
-1756
-1887
-1978
-2072
-2116
-2183
-2217
-2161
-2091
-2017
-1897
-1801
-1776
-1612
-1487
-1436
-1329
-1308
-1330
-1291
-1372
-1473
-1500
-1656
-1748
-1832
-1966
-1969
-2026
-2141
-2089
-1995
-1911
-1677
-1473
-1225
-870
-608
-283
73
381
693
962
1205
1479
1735
1958
2176
2328
2468
2645
2836
2979
3105
3291
3441
3605
3759
3846
3954
3986
3955
3900
3710
3503
3250
2865
2505
2124
1662
1227
815
406
85
-232
-495
-716
-936
-1052
-1139
-1250
-1302
-1363
-1476
-1566
-1667
-1780
-1939
-2092
-2210
-2387
-2523
-2601
-2696
-2701
-2715
-2745
-2765
-2747
-2579
-2454
-2362
-2192
-2114
-1940
-1630
-1462
-1344
-1236
-1163
-1020
-944
-906
-814
-884
-907
-781
-862
-848
-737
-772
-700
-667
-614
-354
-179
-146
-70
94
354
548
680
919
1095
1311
1649
1773
1864
2082
2195
2361
2471
2529
2696
2743
2856
2977
3018
3137
3269
3229
3192
3175
3116
3030
2800
2562
2281
2047
1762
1367
953
641
312
-7
-287
-611
-798
-1020
-1249
-1397
-1519
-1590
-1657
-1831
-1918
-1913
-2001
-2053
-2171
-2287
-2310
-2369
-2401
-2410
-2450
-2397
-2322
-2307
-2148
-2006
-1870
-1736
-1582
-1409
-1251
-1030
-902
-920
-826
-713
-696
-708
-797
-974
-1028
-1145
-1285
-1339
-1517
-1582
-1540
-1594
-1472
-1268
-1177
-925
-646
-369
-2
328
605
903
1144
1372
1613
1828
1995
2132
2291
2485
2687
2841
2948
3082
3232
3372
3524
3621
3689
3751
3734
3687
3599
3441
3193
2927
2598
2256
1857
1397
1000
520
95
-271
-629
-913
-1176
-1423
-1538
-1593
-1687
-1745
-1804
-1849
-1926
-2009
-2070
-2143
-2244
-2346
-2404
-2478
-2484
-2485
-2503
-2447
-2304
-2143
-2007
-1843
-1655
-1447
-1279
-1059
-791
-700
-584
-406
-463
-457
-346
-473
-669
-775
-987
-1150
-1271
-1485
-1655
-1765
-1795
-1766
-1696
-1605
-1427
-1233
-1008
-647
-340
-67
329
631
796
1041
1337
1493
1679
1832
1996
2220
2385
2469
2616
2739
2908
3087
3135
3270
3383
3393
3436
3410
3305
3261
3047
2784
2536
2252
1901
1518
1089
691
370
-27
-331
-619
-873
-1037
-1190
-1334
-1388
-1422
-1510
-1544
-1575
-1605
-1607
-1676
-1755
-1878
-1990
-2021
-2085
-2114
-2129
-2122
-2068
-1970
-1833
-1669
-1491
-1358
-1129
-899
-731
-522
-408
-390
-326
-245
-208
-189
-348
-517
-591
-791
-989
-1084
-1351
-1552
-1612
-1733
-1793
-1750
-1718
-1595
-1399
-1237
-949
-629
-411
-119
98
267
587
821
953
1126
1282
1445
1656
1778
1938
2135
2287
2490
2676
2836
3055
3224
3332
3441
3501
3497
3422
3259
3016
2797
2509
2163
1819
1412
992
650
300
-48
-328
-586
-802
-951
-1099
-1103
-1140
-1214
-1239
-1267
-1305
-1331
-1434
-1621
-1690
-1794
-1902
-2011
-2139
-2166
-2164
-2179
-2061
-1921
-1827
-1547
-1318
-1213
-942
-688
-578
-394
-276
-202
-154
-210
-209
-303
-523
-687
-834
-1137
-1335
-1468
-1744
-1883
-1962
-2044
-1997
-1936
-1823
-1642
-1448
-1198
-912
-689
-411
-109
75
252
437
625
797
936
1120
1305
1535
1769
1966
2186
2461
2689
2930
3119
3286
3458
3567
3631
3647
3585
3485
3319
3040
2738
2373
1961
1580
1197
846
550
312
46
-182
-355
-462
-568
-682
-712
-782
-876
-939
-1048
-1182
-1342
-1508
-1702
-1888
-2032
-2179
-2266
-2278
-2262
-2212
-2061
-1911
-1768
-1513
-1242
-1052
-828
-604
-418
-299
-247
-251
-343
-390
-403
-558
-739
-931
-1084
-1236
-1412
-1496
-1598
-1748
-1801
-1796
-1830
-1795
-1717
-1674
-1615
-1527
-1362
-1171
-1025
-875
-713
-534
-343
-92
80
337
624
822
1075
1397
1710
2029
2321
2578
2872
3156
3387
3546
3612
3675
3685
3647
3589
3396
3192
2990
2767
2533
2220
1962
1700
1378
1144
919
678
483
284
94
-28
-177
-323
-516
-721
-873
-1111
-1318
-1513
-1715
-1888
-2028
-2165
-2238
-2294
-2352
-2319
-2261
-2157
-2006
-1833
-1664
-1470
-1334
-1217
-1067
-930
-848
-841
-773
-693
-740
-818
-799
-819
-886
-946
-1040
-1169
-1295
-1361
-1463
-1615
-1661
-1679
-1792
-1825
-1823
-1799
-1761
-1679
-1548
-1440
-1269
-1051
-866
-665
-419
-123
182
480
774
1071
1415
1749
2044
2321
2582
2836
3048
3272
3447
3594
3740
3811
3834
3773
3737
3678
3502
3299
3118
2913
2641
2393
2089
1737
1470
1148
837
588
304
44
-182
-419
-604
-784
-994
-1154
-1320
-1513
-1659
-1808
-1975
-2165
-2280
-2362
-2406
-2422
-2353
-2225
-2143
-1989
-1841
-1735
-1574
-1368
-1239
-1118
-988
-896
-838
-789
-819
-865
-848
-873
-898
-992
-1146
-1217
-1322
-1477
-1586
-1752
-1948
-1997
-2111
-2239
-2272
-2271
-2300
-2233
-2134
-1997
-1775
-1560
-1272
-1045
-757
-402
-5
308
599
983
1370
1769
2135
2434
2725
3068
3334
3569
3785
3962
4094
4200
4242
4260
4257
4199
4057
3863
3675
3516
3268
2942
2659
2289
1992
1695
1327
988
674
345
61
-226
-505
-744
-1033
-1298
-1457
-1665
-1840
-1952
-2197
-2318
-2405
-2548
-2583
-2629
-2665
-2641
-2559
-2501
-2436
-2307
-2142
-2037
-1910
-1741
-1674
-1588
-1458
-1433
-1398
-1335
-1315
-1279
-1274
-1221
-1229
-1314
-1316
-1356
-1507
-1559
-1642
-1871
-1944
-2011
-2075
-2119
-2141
-2069
-1944
-1810
-1586
-1290
-1050
-689
-339
-74
343
733
1066
1390
1699
2035
2355
2605
2850
3055
3219
3451
3597
3715
3857
3965
4055
4098
4112
4113
4037
3988
3901
3658
3465
3306
2989
2623
2306
1924
1555
1168
738
366
7
-270
-504
-770
-1007
-1165
-1378
-1535
-1675
-1829
-1952
-2102
-2294
-2424
-2493
-2623
-2745
-2837
-2880
-2871
-2817
-2742
-2660
-2558
-2386
-2199
-2009
-1860
-1751
-1611
-1476
-1427
-1327
-1226
-1183
-1102
-1051
-1119
-1210
-1216
-1285
-1412
-1499
-1618
-1764
-1856
-1887
-1935
-1960
-1909
-1817
-1661
-1486
-1217
-881
-613
-290
36
355
737
1085
1371
1636
1879
2113
2349
2544
2727
2917
3103
3340
3527
3618
3831
4028
4148
4204
4246
4269
4260
4181
4061
3887
3619
3371
3032
2617
2241
1831
1413
1000
565
172
-157
-499
-765
-1042
-1293
-1455
-1649
-1860
-2013
-2172
-2326
-2495
-2723
-2871
-3023
-3173
-3274
-3360
-3375
-3392
-3327
-3163
-3132
-2999
-2673
-2472
-2309
-2023
-1800
-1602
-1397
-1240
-1125
-1051
-960
-820
-856
-1021
-953
-1034
-1190
-1172
-1290
-1497
-1534
-1498
-1553
-1525
-1433
-1320
-1126
-973
-704
-356
-135
183
488
741
1043
1389
1637
1869
2094
2231
2440
2683
2863
2980
3175
3372
3592
3772
3901
4072
4182
4251
4320
4325
4239
4156
3962
3709
3463
3135
2709
2276
1827
1322
902
524
91
-307
-692
-938
-1137
-1426
-1620
-1789
-2026
-2137
-2287
-2520
-2644
-2812
-2997
-3128
-3271
-3364
-3414
-3508
-3463
-3363
-3295
-3051
-2839
-2651
-2383
-2081
-1808
-1561
-1333
-1084
-908
-808
-632
-593
-556
-519
-531
-600
-738
-816
-891
-1015
-1115
-1193
-1396
-1409
-1329
-1399
-1327
-1162
-1057
-882
-675
-476
-240
19
264
526
748
995
1352
1538
1721
1965
2142
2397
2688
2856
3014
3247
3452
3636
3793
3918
4034
4080
4060
4001
3903
3785
3617
3389
3063
2722
2415
2010
1564
1176
790
442
101
-251
-568
-805
-1042
-1225
-1373
-1553
-1662
-1786
-1942
-2073
-2184
-2324
-2431
-2610
-2727
-2797
-2923
-2914
-2944
-2951
-2813
-2613
-2459
-2257
-2006
-1777
-1495
-1364
-1207
-988
-932
-868
-790
-843
-902
-861
-947
-941
-989
-1173
-1212
-1246
-1391
-1400
-1403
-1561
-1530
-1481
-1536
-1427
-1295
-1199
-1002
-746
-492
-210
40
250
599
861
1058
1391
1656
1857
2106
2368
2563
2828
3050
3189
3353
3520
3679
3808
3823
3831
3909
3819
3720
3590
3388
3214
3023
2741
2442
2182
1791
1413
1084
692
373
54
-258
-544
-795
-1017
-1149
-1285
-1465
-1560
-1680
-1751
-1820
-1981
-2142
-2245
-2413
-2543
-2653
-2765
-2809
-2833
-2816
-2699
-2509
-2365
-2173
-1909
-1710
-1545
-1300
-1212
-1218
-1021
-975
-1095
-1066
-1097
-1180
-1156
-1167
-1232
-1259
-1304
-1246
-1266
-1398
-1363
-1389
-1430
-1372
-1347
-1282
-1137
-964
-798
-576
-305
-52
208
491
750
938
1227
1512
1717
1935
2141
2343
2591
2784
2934
3105
3226
3393
3523
3527
3593
3713
3687
3662
3601
3500
3368
3173
2968
2695
2392
2151
1831
1427
1096
782
441
144
-132
-413
-616
-830
-981
-1132
-1333
-1461
-1543
-1676
-1841
-1957
-2096
-2284
-2475
-2662
-2738
-2833
-2916
-2877
-2847
-2773
-2599
-2451
-2304
-2122
-1914
-1763
-1608
-1453
-1374
-1265
-1167
-1163
-1149
-1088
-1062
-1004
-992
-1076
-1056
-1014
-1096
-1122
-1143
-1200
-1211
-1190
-1252
-1187
-1061
-979
-796
-621
-436
-214
18
262
502
675
904
1167
1395
1584
1811
2006
2188
2423
2629
2796
2970
3142
3337
3475
3530
3622
3703
3731
3713
3642
3546
3482
3321
3106
2925
2673
2359
2010
1633
1254
957
574
214
-128
-474
-665
-845
-1085
-1245
-1351
-1496
-1594
-1730
-1880
-2021
-2194
-2380
-2587
-2778
-2898
-2972
-3081
-3137
-3072
-2976
-2825
-2629
-2448
-2246
-2017
-1791
-1594
-1445
-1274
-1170
-1068
-1013
-1013
-982
-964
-994
-976
-941
-1035
-1047
-1019
-1123
-1194
-1201
-1303
-1270
-1221
-1258
-1107
-982
-907
-645
-497
-351
-43
129
327
628
845
1088
1380
1601
1784
2004
2207
2423
2675
2877
3116
3352
3561
3729
3826
3910
4005
4031
3974
3898
3770
3630
3457
3200
2924
2571
2266
1912
1479
1139
775
391
52
-271
-546
-756
-959
-1119
-1246
-1468
-1644
-1751
-1945
-2077
-2255
-2461
-2598
-2792
-2975
-3050
-3125
-3144
-3086
-3016
-2811
-2552
-2380
-2130
-1846
-1650
-1426
-1251
-1183
-1139
-1030
-1030
-1116
-1130
-1141
-1182
-1147
-1118
-1196
-1224
-1216
-1237
-1260
-1294
-1365
-1372
-1382
-1352
-1310
-1261
-1111
-941
-830
-666
-431
-226
30
300
575
859
1148
1456
1754
2011
2288
2588
2829
3113
3375
3537
3700
3860
3971
4021
4077
4109
4041
3929
3808
3643
3431
3195
2949
2642
2302
1996
1654
1231
894
552
193
-97
-369
-645
-842
-1009
-1191
-1338
-1506
-1660
-1797
-1952
-2088
-2239
-2400
-2526
-2703
-2855
-2946
-3008
-3079
-3078
-2983
-2846
-2661
-2446
-2229
-2051
-1793
-1575
-1508
-1386
-1288
-1313
-1260
-1245
-1393
-1418
-1383
-1404
-1392
-1380
-1351
-1276
-1231
-1199
-1116
-1132
-1135
-1028
-1013
-1012
-869
-740
-633
-427
-210
4
276
520
731
976
1221
1475
1773
2029
2259
2561
2781
3009
3224
3392
3513
3705
3801
3809
3908
3866
3801
3767
3626
3453
3322
3064
2874
2684
2393
2084
1804
1492
1192
905
566
277
-57
-379
-603
-832
-1070
-1184
-1339
-1537
-1666
-1803
-1985
-2118
-2303
-2493
-2605
-2735
-2855
-2956
-3014
-3037
-2974
-2889
-2848
-2635
-2453
-2368
-2155
-1964
-1951
-1813
-1639
-1658
-1614
-1531
-1460
-1476
-1416
-1312
-1217
-1216
-1140
-1017
-1004
-917
-802
-785
-829
-801
-695
-714
-755
-613
-562
-454
-206
-7
180
496
699
956
1216
1469
1770
2016
2213
2412
2614
2769
3014
3163
3230
3323
3400
3473
3494
3468
3451
3434
3387
3326
3185
3032
2907
2711
2475
2208
1949
1665
1332
1019
709
357
29
-275
-607
-808
-1018
-1228
-1344
-1453
-1572
-1674
-1792
-1887
-1976
-2158
-2323
-2472
-2654
-2782
-2853
-2945
-2951
-2902
-2885
-2804
-2594
-2462
-2326
-2126
-1960
-1744
-1618
-1548
-1378
-1331
-1387
-1236
-1227
-1278
-1083
-977
-1019
-945
-830
-829
-738
-640
-615
-629
-642
-572
-466
-470
-360
-174
-116
10
268
433
581
867
1053
1243
1503
1742
1929
2104
2284
2428
2604
2750
2883
3004
3085
3214
3388
3357
3345
3419
3343
3233
3193
3067
2908
2805
2582
2355
2115
1848
1563
1261
902
567
246
-98
-342
-613
-877
-1003
-1161
-1368
-1502
-1633
-1771
-1889
-2014
-2137
-2294
-2468
-2624
-2799
-2924
-2983
-3020
-3083
-3008
-2919
-2822
-2656
-2494
-2320
-2108
-1917
-1763
-1562
-1482
-1422
-1203
-1127
-1175
-1018
-891
-911
-788
-644
-682
-608
-457
-445
-437
-404
-403
-384
-401
-418
-323
-288
-300
-125
-7
83
338
552
721
998
1208
1344
1648
1856
1997
2215
2359
2472
2677
2784
2855
3005
3047
3116
3223
3197
3193
3250
3191
3119
3023
2878
2773
2663
2410
2136
1923
1588
1255
932
598
250
-88
-395
-681
-903
-1146
-1336
-1518
-1698
-1762
-1862
-1961
-2008
-2092
-2242
-2341
-2449
-2611
-2737
-2837
-2860
-2877
-2905
-2783
-2615
-2490
-2264
-2110
-1933
-1694
-1584
-1399
-1199
-1164
-1025
-886
-914
-809
-674
-654
-514
-445
-455
-358
-340
-372
-336
-451
-558
-537
-587
-611
-553
-461
-415
-310
-154
3
238
457
652
875
1112
1305
1537
1752
1884
2048
2243
2339
2481
2600
2625
2758
2815
2849
2983
3022
3002
3023
2980
2910
2841
2715
2613
2467
2229
2017
1740
1396
1091
763
382
57
-234
-536
-768
-965
-1105
-1209
-1302
-1378
-1453
-1544
-1644
-1703
-1761
-1858
-1975
-2081
-2244
-2372
-2477
-2618
-2621
-2629
-2593
-2427
-2315
-2159
-1919
-1814
-1676
-1435
-1336
-1256
-1129
-1013
-926
-902
-894
-818
-801
-735
-617
-654
-707
-626
-637
-703
-720
-734
-722
-697
-678
-575
-449
-323
-134
3
167
451
669
826
1039
1250
1417
1602
1769
1915
2039
2170
2309
2388
2533
2639
2713
2837
2903
2956
2979
3002
3020
2966
2861
2763
2660
2505
2328
2077
1790
1533
1228
909
626
311
43
-205
-456
-652
-816
-980
-1055
-1175
-1297
-1340
-1383
-1464
-1579
-1724
-1816
-1937
-2129
-2285
-2405
-2443
-2487
-2532
-2514
-2412
-2292
-2134
-1922
-1826
-1646
-1395
-1318
-1223
-1082
-1092
-1044
-947
-987
-952
-881
-846
-772
-784
-793
-729
-697
-720
-683
-741
-807
-732
-751
-795
-720
-570
-450
-339
-158
-28
172
425
565
769
970
1175
1407
1594
1726
1916
2049
2169
2364
2492
2546
2683
2798
2830
2970
3029
3036
3082
3047
2985
2903
2780
2637
2498
2273
2014
1775
1443
1122
833
510
222
-36
-310
-538
-684
-834
-961
-1067
-1188
-1259
-1307
-1427
-1529
-1668
-1894
-2055
-2215
-2433
-2512
-2617
-2767
-2741
-2732
-2664
-2484
-2345
-2171
-1930
-1764
-1570
-1414
-1332
-1227
-1136
-1086
-1043
-1032
-967
-903
-906
-856
-813
-854
-771
-725
-759
-663
-652
-705
-614
-583
-566
-402
-318
-191
-40
100
310
517
686
879
1074
1209
1410
1635
1785
1940
2070
2179
2316
2472
2599
2706
2837
2955
3020
3093
3141
3142
3146
3040
2944
2864
2690
2498
2306
2012
1742
1475
1105
797
501
172
-102
-328
-540
-734
-904
-1024
-1101
-1197
-1302
-1357
-1490
-1649
-1800
-1968
-2127
-2273
-2445
-2600
-2704
-2780
-2771
-2758
-2758
-2629
-2466
-2322
-2108
-1875
-1707
-1538
-1347
-1215
-1110
-1021
-1009
-1000
-994
-1007
-952
-917
-866
-853
-799
-770
-721
-653
-638
-622
-566
-512
-529
-448
-368
-282
-174
-58
95
304
488
708
912
1022
1227
1476
1645
1796
1974
2087
2276
2463
2593
2734
2853
2996
3128
3190
3228
3282
3260
3213
3113
2951
2833
2714
2507
2243
1965
1677
1382
1104
764
402
141
-136
-372
-579
-743
-893
-1042
-1163
-1308
-1428
-1513
-1635
-1803
-1974
-2119
-2232
-2417
-2579
-2673
-2733
-2804
-2811
-2734
-2681
-2517
-2293
-2124
-1976
-1781
-1583
-1422
-1328
-1282
-1161
-1106
-1088
-994
-971
-1004
-851
-766
-767
-712
-650
-596
-580
-549
-533
-499
-470
-409
-439
-416
-266
-206
-127
27
181
383
547
719
924
1053
1238
1505
1649
1827
2038
2170
2331
2478
2622
2775
2863
2905
2998
3034
3034
3085
3074
3057
2966
2817
2682
2555
2301
2025
1812
1517
1220
909
573
271
-5
-263
-498
-669
-852
-1033
-1165
-1267
-1345
-1427
-1556
-1698
-1834
-2012
-2143
-2250
-2382
-2528
-2580
-2644
-2690
-2689
-2631
-2556
-2399
-2228
-2082
-1890
-1630
-1435
-1341
-1230
-1154
-1067
-1024
-1014
-1000
-924
-878
-746
-619
-646
-543
-451
-469
-378
-337
-439
-437
-416
-462
-390
-328
-320
-207
-90
52
221
367
566
773
905
1068
1281
1470
1624
1803
1966
2094
2281
2434
2540
2649
2786
2885
2971
3035
3009
3070
3017
2945
2915
2758
2629
2478
2202
1934
1729
1444
1148
854
501
226
-13
-297
-524
-735
-918
-1047
-1163
-1289
-1344
-1461
-1589
-1715
-1903
-2057
-2165
-2321
-2520
-2646
-2699
-2750
-2774
-2702
-2614
-2481
-2292
-2103
-1965
-1764
-1579
-1430
-1289
-1161
-1062
-1006
-932
-859
-820
-775
-668
-565
-509
-455
-345
-326
-310
-225
-305
-389
-341
-375
-465
-475
-437
-357
-251
-155
-15
173
356
562
744
860
1049
1260
1413
1584
1799
1957
2112
2302
2422
2528
2687
2772
2843
2945
2963
2980
3012
2993
2936
2884
2762
2627
2463
2194
1943
1684
1355
1083
801
473
224
-70
-359
-599
-819
-1026
-1183
-1330
-1441
-1567
-1707
-1802
-1876
-1993
-2157
-2266
-2440
-2607
-2691
-2732
-2832
-2766
-2682
-2625
-2453
-2281
-2109
-1928
-1679
-1474
-1291
-1142
-1048
-931
-820
-761
-717
-692
-583
-472
-374
-335
-294
-203
-219
-218
-156
-265
-342
-297
-338
-426
-354
-300
-291
-202
-112
35
179
329
511
704
802
1048
1323
1417
1574
1752
1863
2020
2171
2286
2408
2554
2688
2752
2844
2916
2972
3000
2934
2893
2817
2737
2624
2433
2128
1882
1658
1308
996
656
316
38
-197
-482
-697
-890
-1018
-1124
-1239
-1338
-1426
-1547
-1719
-1846
-2008
-2184
-2269
-2425
-2532
-2549
-2625
-2642
-2574
-2493
-2423
-2275
-2071
-1858
-1690
-1493
-1292
-1108
-999
-894
-714
-681
-676
-547
-521
-581
-442
-430
-526
-445
-445
-514
-465
-497
-591
-578
-627
-665
-618
-642
-579
-408
-359
-242
-14
147
333
604
717
869
1156
1329
1460
1684
1798
1889
2128
2236
2338
2527
2617
2714
2878
2870
2939
3069
3013
2996
2949
2763
2655
2526
2243
2002
1769
1436
1146
857
511
221
-16
-290
-568
-761
-967
-1103
-1195
-1359
-1457
-1511
-1662
-1783
-1900
-2091
-2204
-2289
-2471
-2524
-2509
-2567
-2544
-2538
-2482
-2299
-2097
-1895
-1696
-1520
-1288
-1098
-998
-879
-778
-710
-661
-589
-504
-497
-488
-464
-478
-491
-477
-502
-528
-562
-686
-669
-642
-685
-610
-579
-553
-375
-260
-141
89
242
405
650
801
1006
1251
1436
1585
1730
1858
1979
2141
2257
2397
2514
2627
2746
2891
2951
2954
3055
3062
2986
2970
2887
2718
2564
2298
2008
1726
1393
1038
677
306
3
-222
-522
-731
-875
-1053
-1177
-1251
-1368
-1441
-1517
-1645
-1766
-1884
-2007
-2136
-2283
-2400
-2505
-2593
-2638
-2655
-2591
-2478
-2339
-2172
-1985
-1812
-1548
-1365
-1176
-995
-892
-803
-733
-714
-687
-669
-657
-634
-690
-685
-629
-678
-684
-645
-707
-686
-627
-648
-591
-512
-449
-336
-201
-45
137
327
536
720
835
962
1138
1309
1376
1532
1704
1852
2005
2183
2294
2415
2595
2699
2795
2937
2975
3057
3118
3092
3087
2971
2825
2664
2408
2062
1822
1504
1130
825
520
208
-68
-278
-529
-747
-882
-1023
-1139
-1219
-1316
-1423
-1487
-1599
-1722
-1833
-1988
-2121
-2266
-2389
-2470
-2563
-2633
-2585
-2540
-2493
-2333
-2117
-1903
-1660
-1405
-1187
-1033
-869
-686
-634
-608
-575
-551
-581
-577
-619
-705
-719
-767
-839
-835
-871
-918
-843
-843
-822
-711
-618
-534
-347
-220
-82
138
310
467
651
816
1002
1231
1342
1457
1630
1767
1912
2082
2193
2325
2503
2640
2755
2903
3005
3117
3202
3190
3139
3095
2973
2817
2622
2336
2055
1760
1414
1048
707
323
28
-240
-551
-789
-903
-1089
-1205
-1253
-1368
-1431
-1527
-1653
-1709
-1810
-1975
-2044
-2183
-2337
-2364
-2411
-2516
-2468
-2382
-2327
-2182
-2039
-1879
-1657
-1410
-1194
-1003
-878
-730
-573
-539
-503
-417
-432
-545
-645
-721
-816
-879
-936
-1002
-1073
-1151
-1131
-1100
-1126
-1019
-870
-812
-621
-441
-309
-86
153
320
514
731
901
1146
1333
1473
1669
1819
1946
2123
2236
2334
2570
2728
2822
2999
3167
3229
3337
3355
3316
3334
3234
3044
2856
2632
2350
2051
1694
1310
953
567
201
-133
-444
-660
-827
-1006
-1158
-1235
-1295
-1374
-1400
-1462
-1575
-1685
-1791
-1942
-2138
-2327
-2423
-2519
-2634
-2624
-2607
-2571
-2459
-2291
-2123
-1917
-1656
-1487
-1281
-1107
-911
-745
-732
-686
-668
-718
-782
-851
-954
-984
-1106
-1256
-1256
-1318
-1389
-1273
-1244
-1229
-1062
-946
-804
-634
-444
-219
4
232
429
599
799
1002
1258
1420
1544
1759
1938
2043
2238
2400
2500
2721
2848
2938
3165
3287
3378
3494
3464
3457
3425
3298
3135
2956
2679
2419
2115
1705
1352
992
583
207
-117
-443
-700
-902
-1080
-1218
-1245
-1293
-1369
-1396
-1497
-1602
-1664
-1800
-1916
-2086
-2278
-2352
-2423
-2580
-2616
-2575
-2553
-2466
-2356
-2138
-1869
-1670
-1431
-1197
-1099
-959
-753
-715
-749
-649
-630
-781
-906
-919
-1004
-1185
-1256
-1258
-1366
-1471
-1321
-1233
-1260
-1175
-978
-854
-724
-469
-311
-112
145
324
493
705
905
1068
1242
1371
1595
1761
1884
2095
2258
2414
2617
2868
2969
3139
3278
3357
3468
3504
3497
3463
3408
3253
3078
2826
2553
2263
1898
1532
1204
831
449
182
-130
-404
-576
-768
-960
-1069
-1170
-1296
-1373
-1486
-1575
-1692
-1900
-2036
-2162
-2365
-2497
-2596
-2737
-2746
-2734
-2679
-2567
-2512
-2333
-2090
-1942
-1692
-1418
-1337
-1143
-892
-818
-769
-653
-641
-672
-714
-817
-880
-909
-1031
-1131
-1144
-1193
-1190
-1104
-1086
-1040
-852
-764
-639
-427
-307
-145
128
265
386
580
685
848
1053
1133
1343
1617
1741
1932
2126
2237
2436
2622
2732
2932
3078
3149
3283
3357
3325
3355
3344
3181
3052
2867
2595
2354
2054
1687
1429
1100
746
488
166
-129
-301
-521
-755
-832
-965
-1096
-1202
-1313
-1462
-1544
-1700
-1908
-2037
-2220
-2362
-2482
-2651
-2705
-2633
-2655
-2620
-2443
-2314
-2154
-1930
-1782
-1583
-1378
-1223
-1083
-982
-902
-836
-801
-793
-795
-860
-936
-945
-994
-1049
-1054
-1076
-1119
-1080
-1029
-1043
-957
-825
-747
-618
-401
-210
-9
190
331
505
643
801
1016
1148
1248
1455
1617
1718
1962
2187
2333
2551
2722
2858
3038
3137
3194
3240
3261
3276
3261
3181
3055
2958
2789
2506
2257
1936
1576
1314
981
658
389
136
-122
-330
-517
-705
-812
-960
-1108
-1261
-1429
-1529
-1658
-1876
-2022
-2132
-2310
-2421
-2503
-2590
-2629
-2616
-2587
-2529
-2397
-2242
-2098
-1959
-1798
-1592
-1421
-1317
-1153
-1073
-1065
-974
-943
-983
-992
-1018
-1067
-1075
-1125
-1144
-1126
-1158
-1128
-1064
-1040
-964
-812
-716
-613
-425
-252
-77
120
276
424
627
775
907
1130
1272
1421
1658
1809
1946
2130
2266
2419
2570
2707
2871
3038
3088
3174
3255
3214
3253
3221
3106
2996
2850
2601
2368
2114
1825
1520
1215
897
590
357
77
-98
-302
-497
-615
-760
-936
-1066
-1193
-1354
-1444
-1621
-1821
-1954
-2089
-2252
-2349
-2469
-2539
-2499
-2497
-2505
-2405
-2279
-2159
-1964
-1803
-1638
-1506
-1350
-1221
-1167
-1138
-1062
-1016
-1051
-989
-1015
-1117
-1086
-1091
-1214
-1198
-1168
-1190
-1112
-1067
-1007
-880
-795
-647
-519
-441
-230
-57
58
248
417
535
666
891
1092
1245
1431
1602
1742
1921
2124
2249
2419
2575
2717
2883
2937
3039
3095
3078
3130
3127
2969
2878
2733
2519
2335
2111
1873
1610
1386
1156
925
691
449
239
31
-162
-326
-504
-661
-795
-951
-1141
-1273
-1435
-1687
-1887
-2014
-2152
-2234
-2328
-2445
-2450
-2418
-2421
-2360
-2259
-2171
-2054
-1920
-1787
-1688
-1568
-1459
-1342
-1329
-1263
-1136
-1138
-1111
-973
-986
-1016
-948
-942
-986
-966
-897
-894
-915
-917
-850
-769
-724
-646
-560
-484
-310
-136
-50
135
360
513
667
879
1061
1224
1416
1602
1752
1914
2129
2275
2446
2557
2691
2821
2883
2967
3018
3003
2978
3009
2902
2842
2781
2612
2436
2275
2025
1800
1583
1320
1085
822
555
350
113
-173
-361
-536
-740
-924
-1120
-1324
-1438
-1578
-1756
-1897
-2026
-2145
-2232
-2280
-2366
-2387
-2357
-2341
-2290
-2269
-2180
-2030
-1938
-1857
-1776
-1696
-1592
-1468
-1401
-1347
-1235
-1141
-1104
-1029
-974
-1002
-949
-927
-952
-931
-920
-921
-886
-881
-880
-836
-810
-734
-637
-532
-381
-205
-72
68
288
493
722
929
1145
1305
1504
1707
1838
1970
2126
2278
2412
2493
2614
2755
2788
2887
2984
2954
2975
2987
2910
2877
2818
2668
2490
2310
2086
1859
1581
1319
1069
776
531
325
70
-174
-393
-591
-774
-930
-1085
-1261
-1402
-1541
-1694
-1794
-1904
-2039
-2125
-2209
-2313
-2309
-2287
-2299
-2265
-2214
-2097
-2003
-1913
-1810
-1763
-1664
-1509
-1412
-1346
-1249
-1167
-1106
-1070
-986
-933
-965
-952
-912
-913
-935
-908
-886
-906
-884
-857
-842
-793
-686
-602
-497
-314
-163
32
211
367
567
729
936
1165
1328
1453
1608
1737
1789
1955
2044
2149
2269
2366
2472
2567
2656
2746
2816
2832
2855
2819
2766
2695
2571
2417
2249
2073
1824
1596
1337
1069
800
568
359
99
-108
-319
-530
-705
-853
-982
-1117
-1245
-1355
-1471
-1578
-1669
-1780
-1914
-1980
-2056
-2122
-2125
-2135
-2151
-2111
-2042
-1997
-1956
-1882
-1766
-1682
-1638
-1510
-1391
-1363
-1282
-1218
-1166
-1097
-1055
-993
-961
-951
-894
-887
-929
-871
-814
-832
-801
-721
-696
-615
-530
-458
-317
-159
-3
166
349
501
673
863
1026
1194
1366
1503
1646
1769
1870
1955
2037
2106
2198
2248
2277
2353
2427
2513
2582
2635
2633
2632
2564
2444
2352
2175
2015
1830
1592
1369
1130
870
648
451
219
8
-170
-342
-476
-646
-788
-884
-956
-1053
-1127
-1237
-1377
-1459
-1598
-1741
-1820
-1877
-1977
-2000
-2016
-2075
-2073
-2020
-1995
-1941
-1821
-1758
-1684
-1590
-1493
-1382
-1319
-1249
-1152
-1108
-1070
-1000
-1021
-1003
-984
-997
-987
-930
-896
-867
-819
-789
-714
-621
-556
-461
-327
-217
-19
154
305
461
619
803
963
1092
1206
1335
1456
1583
1727
1811
1876
1985
2060
2115
2223
2290
2303
2389
2408
2391
2463
2467
2401
2356
2259
2120
1977
1799
1594
1418
1189
930
748
541
332
175
-19
-180
-324
-475
-568
-671
-801
-896
-971
-1067
-1143
-1230
-1332
-1404
-1468
-1572
-1645
-1691
-1788
-1823
-1808
-1850
-1835
-1780
-1793
-1761
-1637
-1573
-1510
-1396
-1321
-1278
-1251
-1215
-1170
-1172
-1144
-1103
-1094
-1094
-1031
-1012
-1041
-980
-882
-843
-799
-709
-618
-493
-380
-270
-156
-36
115
258
404
547
699
826
992
1181
1315
1432
1576
1703
1781
1879
1972
2025
2096
2160
2179
2232
2257
2265
2265
2220
2193
2098
2023
1928
1832
1684
1504
1352
1174
972
770
585
382
233
106
-40
-195
-305
-442
-566
-624
-722
-796
-836
-845
-915
-999
-1076
-1136
-1162
-1250
-1271
-1314
-1395
-1445
-1435
-1452
-1456
-1417
-1398
-1381
-1345
-1312
-1295
-1242
-1234
-1224
-1196
-1190
-1183
-1229
-1238
-1216
-1202
-1194
-1134
-1077
-987
-925
-867
-764
-666
-577
-473
-374
-291
-186
-78
58
140
247
349
470
580
704
839
942
1043
1172
1325
1387
1497
1616
1697
1800
1849
1859
1896
1917
1896
1887
1866
1825
1771
1685
1599
1475
1361
1270
1155
1034
927
820
686
556
466
349
224
135
30
-73
-164
-271
-382
-469
-562
-622
-660
-723
-755
-801
-853
-888
-920
-959
-992
-1019
-1091
-1138
-1127
-1154
-1160
-1171
-1177
-1154
-1110
-1121
-1163
-1111
-1114
-1166
-1175
-1188
-1219
-1239
-1253
-1213
-1173
-1179
-1106
-1039
-1031
-909
-793
-737
-618
-471
-381
-267
-137
-26
41
136
266
335
414
493
558
656
732
846
967
1054
1196
1321
1437
1576
1668
1713
1790
1842
1835
1846
1831
1808
1746
1630
1550
1428
1257
1133
1034
893
777
691
606
512
419
336
250
172
102
4
-60
-137
-222
-246
-336
-404
-482
-584
-615
-635
-708
-735
-733
-741
-716
-748
-756
-725
-743
-731
-748
-748
-747
-776
-781
-825
-835
-900
-938
-959
-1015
-1053
-1074
-1094
-1142
-1182
-1167
-1183
-1172
-1135
-1116
-1066
-954
-878
-810
-698
-640
-509
-420
-379
-235
-147
-92
22
106
155
289
350
401
544
632
724
804
919
1046
1190
1303
1392
1480
1544
1588
1647
1668
1645
1644
1569
1491
1437
1306
1176
1112
964
860
792
676
562
496
429
357
317
231
178
108
6
-34
-129
-254
-332
-407
-470
-524
-603
-648
-668
-675
-683
-628
-601
-593
-527
-463
-407
-355
-349
-361
-349
-347
-395
-429
-479
-548
-579
-674
-765
-760
-816
-894
-885
-897
-971
-980
-951
-990
-953
-903
-880
-771
-697
-715
-642
-558
-532
-419
-399
-394
-240
-204
-195
-14
22
66
222
274
394
573
662
759
879
931
1029
1122
1180
1225
1226
1216
1212
1206
1146
1086
1045
938
841
798
724
675
642
568
551
543
459
446
432
332
293
266
186
140
61
-18
-55
-129
-220
-275
-363
-444
-476
-505
-548
-536
-553
-577
-502
-448
-397
-346
-305
-283
-209
-240
-233
-214
-297
-300
-306
-390
-402
-404
-501
-496
-495
-563
-563
-535
-573
-520
-489
-488
-433
-417
-407
-371
-358
-351
-291
-290
-289
-259
-256
-236
-187
-166
-156
-107
-32
23
118
153
199
301
340
417
515
528
563
644
655
667
687
629
598
617
548
516
450
388
404
344
302
282
275
278
279
322
333
316
354
341
308
290
249
209
115
63
50
-32
-97
-134
-203
-281
-240
-242
-308
-260
-277
-283
-246
-248
-231
-224
-252
-274
-263
-291
-309
-355
-388
-401
-375
-402
-400
-368
-375
-357
-268
-215
-173
-79
-29
49
148
196
220
266
253
271
291
228
224
222
119
119
147
78
106
138
86
99
113
99
128
98
71
102
76
50
89
37
-14
13
-36
-110
-142
-196
-278
-262
-280
-330
-279
-268
-250
-173
-125
-67
25
30
82
198
152
195
226
174
190
193
147
126
123
100
101
115
84
58
39
12
41
30
-8
-3
-16
-45
-38
-78
-154
-148
-203
-293
-321
-413
-506
-531
-567
-551
-540
-558
-531
-464
-415
-313
-206
-131
-46
88
168
269
387
409
496
537
570
631
687
706
709
712
729
742
748
713
708
705
654
678
662
597
584
556
465
401
330
173
70
-20
-165
-236
-348
-479
-532
-585
-676
-714
-802
-892
-850
-877
-907
-808
-814
-731
-606
-598
-533
-460
-465
-454
-355
-332
-257
-216
-214
-165
-74
-45
52
109
112
202
227
256
302
321
304
358
387
357
361
282
161
167
92
4
-67
-198
-272
-319
-378
-444
-444
-489
-492
-389
-335
-272
-177
-190
-128
-1
41
128
207
193
262
386
406
467
514
508
593
676
737
831
864
876
944
995
999
1017
985
944
918
866
756
686
602
517
425
276
194
55
-78
-174
-293
-357
-401
-541
-617
-652
-713
-766
-809
-806
-848
-883
-913
-870
-889
-895
-825
-878
-864
-784
-802
-729
-647
-593
-499
-430
-341
-280
-190
-119
-41
19
56
112
136
140
202
138
128
124
83
79
29
11
-67
-117
-144
-178
-210
-199
-187
-145
-125
-57
10
21
16
49
83
110
154
154
186
248
273
320
390
417
485
536
577
612
680
708
726
785
820
858
905
872
872
826
781
742
668
631
555
484
412
334
240
188
126
65
3
-66
-140
-200
-294
-338
-381
-426
-443
-507
-516
-525
-590
-605
-631
-676
-663
-697
-702
-670
-660
-615
-551
-551
-489
-466
-468
-400
-333
-313
-263
-214
-237
-190
-213
-248
-219
-241
-248
-247
-263
-243
-251
-238
-212
-187
-183
-175
-163
-132
-97
-78
-58
12
42
75
169
147
171
229
237
314
349
354
412
430
493
535
553
588
628
643
645
693
676
669
664
611
580
556
499
452
377
326
289
233
209
159
143
79
0
-29
-85
-103
-132
-187
-215
-257
-285
-296
-334
-381
-381
-384
-431
-402
-396
-414
-379
-394
-374
-320
-312
-266
-258
-255
-206
-197
-170
-159
-144
-104
-78
-61
-66
-43
-33
-19
-34
-48
-69
-88
-80
-94
-66
-92
-155
-137
-133
-125
-97
-104
-123
-100
-84
-91
-61
-42
-33
-32
-5
24
110
154
152
179
217
256
305
362
385
416
444
461
477
484
448
464
434
416
413
347
330
300
253
223
200
134
111
63
30
-25
-73
-94
-112
-169
-198
-191
-245
-298
-295
-308
-347
-375
-413
-416
-409
-418
-411
-373
-348
-328
-292
-254
-203
-145
-141
-110
-75
-45
-11
7
24
74
79
69
112
105
72
69
53
47
55
20
3
-27
-13
-30
-32
-28
-60
-42
-60
-60
-52
-73
-51
-39
-62
-9
-24
-30
40
51
43
89
98
111
150
163
191
235
241
239
281
283
312
342
317
325
330
299
319
311
256
250
209
195
134
67
72
58
48
39
12
-16
-43
-57
-111
-141
-161
-228
-246
-263
-289
-282
-278
-270
-287
-292
-289
-308
-312
-332
-286
-237
-227
-224
-188
-177
-186
-140
-138
-103
-119
-160
-164
-143
-148
-69
-64
-101
-26
-68
-74
7
-39
-71
-24
-19
62
55
66
49
56
71
157
181
148
148
157
179
266
274
219
287
268
283
335
371
350
342
300
300
355
317
256
251
222
243
216
138
127
76
21
51
1
-28
-32
-18
-10
-14
-7
-74
-37
-49
-69
-72
-118
-140
-164
-192
-197
-221
-270
-297
-298
-299
-283
-241
-264
-238
-182
-181
-190
-149
-135
-157
-111
-120
-131
-103
-114
-130
-124
-142
-148
-115
-153
-144
-101
-118
-76
-80
-70
-13
-9
-26
21
-23
-72
-10
-51
-58
-32
-35
-30
-15
-16
-20
10
61
59
99
117
130
196
221
259
300
313
358
375
356
394
420
406
412
385
339
352
304
244
233
202
169
135
91
54
22
7
-30
-44
-48
-49
-63
-77
-87
-89
-97
-119
-134
-161
-160
-164
-214
-216
-220
-272
-246
-231
-232
-204
-181
-133
-89
-77
-50
-30
-22
-6
-19
-31
-36
-35
-39
-17
-31
-56
-63
-64
-85
-108
-131
-128
-135
-127
-81
-77
-90
-107
-100
-121
-131
-125
-158
-176
-177
-184
-193
-190
-180
-166
-140
-131
-64
-21
-15
45
105
160
216
235
250
302
337
392
429
405
415
421
410
409
393
313
282
279
245
239
213
166
162
145
103
85
43
17
-16
-46
-97
-122
-159
-172
-181
-201
-218
-215
-244
-265
-255
-264
-253
-250
-238
-191
-132
-122
-68
-55
-42
-1
28
50
42
41
34
25
21
12
3
11
-8
-19
-32
-31
-27
-52
-86
-84
-109
-106
-85
-101
-114
-119
-140
-159
-171
-203
-175
-207
-208
-211
-219
-217
-208
-177
-137
-84
-61
-14
50
93
124
182
212
269
283
302
319
351
356
323
330
306
294
281
260
249
252
253
268
230
211
214
191
194
162
120
128
81
62
45
-3
-13
-77
-128
-145
-167
-170
-186
-197
-213
-194
-154
-187
-185
-146
-153
-124
-117
-102
-89
-95
-70
-68
-39
-49
-62
-61
-84
-107
-102
-98
-99
-127
-112
-103
-120
-103
-69
-73
-76
-47
-57
-80
-57
-61
-52
-60
-70
-71
-86
-86
-76
-69
-64
-67
-45
-59
-38
-16
-2
37
47
101
126
136
147
173
195
211
212
212
200
210
194
169
145
140
129
126
135
129
140
108
112
118
105
99
69
61
46
11
17
-9
-39
-46
-62
-70
-95
-108
-149
-156
-136
-116
-111
-90
-57
-54
-58
-42
-19
5
-3
-16
14
25
19
32
-26
-46
-46
-64
-74
-88
-111
-125
-103
-108
-105
-103
-122
-89
-59
-61
-68
-69
-41
-23
-19
-11
-16
-31
-32
-17
-36
-49
-28
-58
-26
16
5
6
36
44
86
105
120
135
126
140
153
176
172
153
138
129
116
108
79
58
41
34
26
30
-11
11
14
16
32
-12
0
-2
1
-10
-4
1
12
35
3
-11
-42
-84
-79
-74
-76
-46
-57
-62
-29
-16
4
4
23
36
39
36
35
16
-23
-19
-12
-27
-39
-55
-82
-92
-97
-108
-106
-105
-93
-97
-94
-72
-52
-62
-64
