-3
4
6
11
9
9
18
12
10
1
3
7
12
12
9
15
17
21
20
16
17
11
9
7
20
19
10
3
-4
-5
3
-3
-9
-2
-7
0
-9
-5
-7
-5
3
-2
-11
-4
4
-8
-9
-7
-9
-2
-4
-6
-6
-8
1
-2
-4
1
-4
-10
-4
-8
0
-9
-13
8
10
-9
-11
-11
-12
-15
-14
-11
-14
-20
-16
-14
-15
-9
-17
-4
-2
-3
6
-1
-10
-21
-28
-26
-27
-27
-18
-17
-2
-4
-15
-9
-11
-11
-12
4
-1
3
8
-5
6
9
10
13
11
7
17
11
-3
-1
3
11
13
11
11
18
13
15
7
4
5
8
-1
-5
-3
7
-1
11
16
11
21
10
12
0
0
7
8
14
19
16
26
20
20
18
7
13
11
1
-4
10
13
4
1
7
11
21
19
3
14
7
10
6
9
11
-2
4
0
-1
-7
-18
-22
-14
-23
-27
-15
-30
-22
-19
-9
-6
-6
4
-5
3
3
-3
-6
6
2
-2
10
8
-1
4
5
-11
-22
-24
-26
-23
-32
-21
-25
-23
-16
-22
-13
-12
-5
-4
-4
0
-1
-9
-4
-9
-3
-4
-5
2
-6
-9
-12
-8
-14
-17
-25
-88
-220
-304
-314
-342
-346
-346
-306
-137
20
139
225
324
507
675
695
651
672
720
686
543
380
260
267
260
170
74
37
83
107
70
-19
-79
-189
-324
-422
-546
-674
-792
-900
-947
-964
-914
-859
-818
-661
-455
-254
-135
-9
141
283
377
383
320
242
201
162
47
-60
-70
-46
28
92
158
223
311
410
423
395
340
232
72
-132
-262
-411
-565
-660
-714
-656
-531
-366
-196
8
275
542
719
826
922
1004
995
895
750
594
465
356
274
181
161
217
291
393
497
593
672
721
759
732
666
543
380
226
44
-110
-275
-423
-466
-488
-500
-497
-465
-398
-345
-307
-322
-394
-466
-572
-717
-877
-1036
-1135
-1261
-1360
-1381
-1355
-1288
-1197
-1068
-909
-706
-476
-283
-98
59
191
293
305
313
291
261
267
229
197
225
278
374
460
562
681
788
890
904
906
858
754
559
301
42
-236
-473
-707
-887
-966
-982
-916
-771
-593
-327
-60
202
451
634
804
892
936
927
898
856
792
748
712
728
755
813
912
1006
1100
1170
1190
1175
1093
978
788
567
331
41
-207
-446
-623
-728
-820
-855
-841
-759
-651
-598
-544
-516
-479
-464
-538
-640
-799
-972
-1098
-1256
-1389
-1468
-1494
-1443
-1405
-1301
-1109
-947
-739
-540
-375
-180
-83
-10
24
16
29
16
1
-21
33
104
199
294
424
621
810
973
1067
1147
1216
1240
1183
1037
827
604
311
29
-235
-510
-708
-836
-884
-862
-744
-573
-370
-122
145
382
565
698
784
837
841
819
761
738
775
794
840
899
982
1110
1224
1314
1377
1381
1344
1254
1092
890
647
367
99
-143
-337
-504
-647
-742
-797
-777
-729
-680
-638
-599
-546
-515
-548
-652
-772
-918
-1080
-1224
-1424
-1593
-1687
-1749
-1752
-1710
-1670
-1525
-1348
-1141
-951
-778
-651
-531
-417
-378
-372
-418
-457
-462
-458
-418
-345
-236
-46
162
398
641
908
1164
1369
1555
1668
1704
1676
1564
1393
1157
916
642
382
126
-46
-140
-197
-166
-81
44
195
364
471
553
591
587
535
432
297
195
112
84
101
150
262
421
624
838
1026
1173
1313
1365
1388
1334
1196
1008
825
632
426
237
78
-40
-155
-242
-318
-375
-391
-423
-496
-546
-628
-705
-845
-1100
-1308
-1510
-1678
-1838
-2020
-2112
-2126
-2101
-2051
-1987
-1894
-1680
-1506
-1370
-1219
-1090
-909
-766
-660
-554
-477
-363
-268
-180
-88
26
180
343
538
772
1019
1287
1539
1716
1844
1936
1960
1900
1793
1614
1405
1189
894
626
408
203
71
-25
-95
-68
-12
31
108
160
215
243
233
196
144
107
60
-14
-29
15
86
219
348
525
741
942
1092
1229
1319
1367
1388
1320
1201
1029
851
677
469
266
85
-99
-245
-359
-486
-553
-626
-703
-789
-917
-1012
-1144
-1302
-1470
-1622
-1752
-1862
-1987
-2087
-2128
-2112
-2061
-1989
-1859
-1689
-1479
-1287
-1149
-982
-792
-613
-477
-382
-308
-249
-184
-127
-84
-28
53
163
290
448
637
812
1046
1256
1442
1642
1763
1812
1809
1764
1680
1541
1354
1121
891
687
491
322
191
129
150
203
241
284
369
440
461
456
409
343
271
191
101
52
31
25
75
156
254
402
530
665
802
933
1025
1054
1055
1033
988
904
742
560
376
184
24
-161
-337
-435
-524
-592
-628
-700
-758
-848
-966
-1097
-1268
-1436
-1543
-1717
-1899
-2020
-2140
-2173
-2178
-2156
-2054
-1925
-1715
-1510
-1340
-1107
-884
-693
-493
-372
-257
-148
-101
-45
-28
46
108
154
223
334
461
612
823
988
1215
1437
1580
1701
1726
1727
1710
1564
1373
1132
891
691
413
193
73
44
71
125
199
329
476
610
706
733
723
693
592
481
342
171
90
27
32
94
163
334
504
671
874
1009
1098
1156
1176
1149
1079
942
760
568
367
161
-43
-206
-351
-440
-526
-578
-565
-595
-619
-684
-795
-876
-1042
-1237
-1423
-1622
-1773
-1986
-2155
-2204
-2212
-2139
-2050
-1939
-1727
-1524
-1264
-1043
-868
-690
-557
-426
-348
-308
-293
-262
-235
-241
-233
-227
-193
-80
51
182
342
498
702
895
1096
1219
1271
1339
1341
1305
1193
1059
929
812
723
646
590
611
685
824
968
1097
1237
1323
1385
1347
1265
1173
1011
849
667
490
330
202
100
63
104
210
324
454
608
767
888
920
922
855
798
670
442
234
27
-172
-308
-460
-584
-618
-627
-606
-578
-582
-544
-579
-650
-751
-983
-1133
-1349
-1592
-1788
-2010
-2097
-2173
-2251
-2180
-2118
-1992
-1773
-1599
-1333
-1096
-892
-739
-664
-518
-407
-338
-298
-316
-268
-215
-157
-129
-123
-28
134
325
467
595
768
935
1131
1252
1288
1348
1344
1276
1220
1078
944
858
775
706
679
687
729
818
918
1047
1183
1302
1337
1353
1304
1207
1065
851
639
448
315
199
127
102
138
257
372
459
618
745
826
848
832
748
629
449
244
59
-162
-350
-524
-648
-686
-699
-731
-723
-688
-632
-627
-679
-754
-845
-905
-1055
-1272
-1426
-1573
-1668
-1759
-1899
-1923
-1880
-1769
-1679
-1575
-1430
-1262
-1054
-918
-821
-675
-585
-470
-426
-567
-722
-663
-419
-288
-182
-135
99
608
955
1154
1176
1209
1610
1883
1852
1696
1465
1464
1419
1208
894
593
531
478
399
315
207
202
203
190
288
333
293
270
284
328
378
290
113
123
185
311
391
276
352
609
860
965
970
1064
1264
1354
1338
1185
1040
939
811
642
419
175
3
-94
-294
-341
-408
-544
-556
-568
-544
-503
-653
-788
-872
-959
-975
-1172
-1391
-1486
-1513
-1487
-1568
-1622
-1576
-1507
-1310
-1195
-1188
-1087
-994
-929
-895
-947
-976
-969
-966
-955
-943
-985
-913
-777
-633
-424
-298
-189
52
227
350
450
459
533
574
657
786
796
837
866
915
1080
1131
1171
1164
1129
1230
1235
1146
1073
984
931
928
894
798
763
741
776
798
719
668
655
631
634
605
540
504
484
534
549
527
550
569
629
708
704
714
685
658
695
641
524
376
267
145
35
-79
-266
-347
-402
-508
-557
-700
-801
-881
-996
-997
-1137
-1301
-1342
-1435
-1476
-1573
-1715
-1677
-1792
-1782
-1699
-1797
-1628
-1565
-1596
-1405
-1328
-1157
-959
-960
-774
-580
-468
-282
-275
-251
64
159
254
295
252
491
533
565
592
511
750
869
792
881
826
865
947
819
786
705
600
573
460
329
325
215
148
289
283
409
524
515
704
864
981
1082
971
1020
1069
990
1023
878
797
851
765
733
730
733
859
924
899
973
934
892
851
641
506
405
141
-54
-282
-478
-544
-687
-747
-815
-791
-739
-692
-722
-758
-749
-828
-855
-990
-1150
-1181
-1338
-1398
-1487
-1669
-1550
-1632
-1579
-1356
-1411
-1201
-1098
-1053
-787
-845
-710
-634
-743
-558
-618
-508
-466
-527
-295
-268
-65
127
145
414
578
805
998
993
1173
1213
1296
1312
1227
1217
1078
1042
898
726
599
352
245
145
36
-23
-90
-94
-102
-13
43
40
114
162
279
351
397
473
495
600
696
742
818
882
1007
1120
1214
1305
1340
1433
1447
1424
1410
1277
1097
875
664
494
250
-12
-248
-466
-623
-769
-906
-1022
-1068
-1063
-1040
-1041
-1077
-1060
-1086
-1072
-1109
-1295
-1318
-1379
-1468
-1480
-1609
-1559
-1487
-1437
-1320
-1270
-1045
-885
-783
-648
-571
-384
-363
-395
-399
-485
-409
-369
-456
-421
-341
-159
-92
-84
51
212
401
430
486
584
708
790
705
616
662
685
627
526
386
383
426
413
371
368
520
689
783
856
948
1100
1242
1229
1229
1196
1223
1209
1036
948
887
813
735
673
656
709
820
833
789
860
947
946
842
714
624
557
416
208
-18
-148
-221
-324
-409
-501
-482
-455
-499
-485
-560
-643
-686
-810
-930
-1082
-1238
-1348
-1555
-1722
-1747
-1855
-1883
-1909
-1927
-1737
-1666
-1555
-1405
-1275
-1056
-929
-895
-847
-828
-712
-667
-740
-650
-602
-431
-267
-217
-76
83
294
502
577
645
774
916
1021
1106
1123
1097
1118
1111
1121
1105
955
831
729
683
727
594
448
407
439
527
538
492
470
537
606
651
618
549
530
575
667
630
525
551
601
689
761
767
876
959
1063
1120
1115
1138
1104
1034
941
790
644
457
258
124
-12
-166
-290
-431
-520
-529
-610
-650
-755
-875
-864
-984
-1151
-1269
-1442
-1534
-1653
-1772
-1780
-1917
-1852
-1785
-1725
-1544
-1521
-1367
-1208
-1088
-829
-828
-786
-667
-679
-635
-682
-735
-725
-636
-589
-578
-431
-370
-228
-84
38
298
372
547
727
775
1011
1060
1063
1070
1028
1152
1067
952
930
813
875
887
726
704
763
871
962
929
918
1011
1019
1017
975
854
805
761
669
627
567
539
546
560
613
692
779
846
923
967
1065
1053
940
850
758
672
483
242
114
33
-28
-65
-234
-289
-244
-317
-355
-453
-572
-558
-685
-875
-1007
-1193
-1332
-1454
-1674
-1826
-1818
-1903
-1902
-1848
-1866
-1647
-1526
-1487
-1274
-1237
-1001
-837
-936
-791
-837
-833
-714
-866
-837
-835
-837
-675
-710
-634
-467
-452
-338
-190
-29
174
267
342
588
695
797
935
820
1009
1217
1127
1217
1102
1120
1371
1197
1240
1256
1145
1385
1326
1263
1347
1240
1272
1256
1059
1036
880
698
695
466
422
445
285
337
376
414
533
488
561
725
692
770
757
668
730
683
608
515
369
350
283
195
139
27
-18
-55
-143
-209
-277
-338
-457
-634
-770
-941
-1095
-1336
-1555
-1686
-1838
-1897
-1984
-2039
-1979
-1961
-1842
-1758
-1764
-1544
-1412
-1294
-1133
-1074
-914
-818
-768
-690
-722
-586
-618
-974
-975
-609
-442
-497
-667
-567
78
319
488
423
195
1001
1444
1316
1119
789
1245
1334
1016
822
369
663
821
552
555
545
775
881
867
1059
1164
1229
1239
1182
1157
1288
1218
822
732
728
810
866
526
487
731
1005
1177
894
886
1220
1312
1264
1026
790
761
726
603
342
48
-5
31
-120
-150
-132
-214
-135
-171
-175
-92
-244
-393
-612
-764
-756
-1022
-1371
-1543
-1588
-1622
-1753
-1888
-1986
-1889
-1758
-1706
-1746
-1799
-1568
-1395
-1365
-1356
-1341
-1163
-1038
-1033
-1055
-1036
-897
-785
-885
-821
-587
-504
-354
-248
-195
51
188
261
313
275
475
569
581
639
677
838
916
937
933
999
1090
1107
1074
1029
1080
1064
936
870
834
851
884
848
832
770
852
940
799
776
770
762
763
608
570
609
672
750
711
757
875
939
975
998
1025
1060
1071
1052
1006
942
818
709
578
437
391
305
193
80
-10
-62
-174
-303
-424
-606
-718
-848
-1124
-1322
-1446
-1599
-1673
-1757
-1940
-1989
-1987
-1925
-1826
-1937
-1833
-1659
-1667
-1386
-1357
-1343
-1057
-1102
-907
-743
-937
-761
-829
-834
-544
-738
-578
-446
-531
-219
-201
-108
-17
-182
73
182
107
249
141
226
486
506
628
643
637
876
990
932
1007
877
881
1031
918
889
906
847
958
1013
952
1050
1055
1037
1139
1110
1124
1132
938
1037
1058
945
1042
930
953
1065
1013
1102
1048
985
1188
1147
1142
1138
942
956
881
731
591
321
191
81
-96
-185
-323
-485
-564
-591
-712
-775
-895
-1117
-1182
-1338
-1435
-1532
-1768
-1756
-1798
-1865
-1805
-1918
-1884
-1797
-1741
-1603
-1564
-1440
-1314
-1190
-1018
-925
-881
-827
-699
-616
-593
-589
-547
-466
-364
-267
-226
-261
-209
-7
26
9
23
34
184
274
224
256
305
475
684
632
720
817
873
970
876
837
800
796
794
661
635
711
732
705
717
795
919
1014
1000
946
1054
1110
1105
1006
890
930
937
902
850
778
861
1028
1018
1001
1027
1105
1193
1163
1055
944
851
757
558
322
182
-13
-158
-340
-494
-535
-648
-698
-755
-851
-849
-895
-1008
-1138
-1179
-1233
-1318
-1433
-1533
-1595
-1646
-1691
-1661
-1732
-1699
-1508
-1492
-1360
-1273
-1154
-977
-955
-706
-606
-597
-435
-535
-495
-496
-519
-369
-520
-490
-387
-469
-362
-339
-350
-293
-249
-16
89
129
255
323
464
594
670
630
719
791
790
771
699
701
667
682
728
707
830
988
1054
1154
1223
1342
1377
1332
1333
1310
1253
1156
1045
900
883
881
765
744
745
870
987
1040
1125
1124
1172
1226
1106
930
765
655
470
171
-27
-250
-418
-469
-582
-645
-673
-633
-600
-672
-630
-628
-711
-778
-940
-1045
-1165
-1336
-1493
-1705
-1752
-1764
-1794
-1742
-1712
-1551
-1379
-1190
-1035
-916
-713
-579
-465
-500
-508
-479
-669
-769
-887
-1026
-912
-919
-872
-840
-793
-474
-339
-298
-233
-139
47
107
118
144
254
384
438
485
508
633
757
852
881
838
1015
1108
1054
1069
1059
1145
1176
1120
1152
1187
1204
1251
1144
1077
1099
1089
1019
918
849
823
859
736
727
747
759
851
755
745
773
748
778
659
595
592
485
467
328
189
173
21
-64
-129
-244
-289
-289
-399
-447
-483
-566
-665
-848
-913
-966
-1136
-1242
-1293
-1371
-1376
-1477
-1538
-1478
-1454
-1329
-1277
-1297
-1188
-1102
-942
-814
-857
-807
-758
-711
-643
-784
-810
-749
-800
-688
-615
-660
-614
-552
-449
-392
-378
-392
-373
-273
-164
-56
-34
78
245
357
542
624
675
766
818
931
901
918
967
899
900
874
893
965
1009
1102
1166
1261
1364
1394
1398
1424
1411
1291
1170
1057
899
787
737
632
574
532
571
596
561
567
589
625
665
620
544
474
376
278
124
19
-73
-220
-294
-356
-432
-429
-432
-508
-506
-478
-462
-503
-611
-604
-662
-792
-931
-1099
-1216
-1198
-1286
-1438
-1491
-1482
-1286
-1211
-1214
-1134
-1013
-767
-658
-756
-730
-778
-680
-656
-920
-947
-935
-870
-836
-971
-935
-823
-779
-643
-704
-656
-406
-322
-211
-124
-31
230
352
384
549
621
791
876
804
841
862
1015
1047
918
995
1158
1290
1382
1401
1473
1616
1687
1638
1557
1458
1382
1291
1028
823
726
519
490
319
170
279
268
336
404
365
533
590
557
562
464
486
403
208
87
-7
-58
-89
-229
-260
-180
-134
-68
-40
-90
0
-9
-81
-183
-353
-382
-529
-805
-1011
-1093
-1216
-1355
-1542
-1656
-1612
-1535
-1482
-1481
-1456
-1228
-1021
-1062
-981
-999
-975
-857
-963
-981
-1079
-1064
-910
-963
-841
-698
-618
-494
-402
-299
-251
-180
-99
-77
-12
85
196
205
283
422
479
591
689
701
805
854
945
1008
965
1001
987
1060
1150
1125
1168
1224
1275
1389
1372
1317
1285
1227
1187
1097
930
837
708
633
622
489
451
370
391
485
464
473
437
441
481
435
445
356
265
233
118
104
43
-47
-55
-72
-24
-18
-92
-86
-131
-150
-173
-315
-437
-527
-603
-768
-975
-1092
-1227
-1331
-1388
-1505
-1556
-1530
-1486
-1398
-1473
-1402
-1228
-1232
-1096
-1117
-1198
-1103
-1048
-989
-1104
-1095
-892
-844
-744
-696
-620
-477
-348
-209
-228
-173
12
65
118
164
305
435
524
663
642
751
913
903
898
835
876
913
810
784
690
667
759
799
733
782
941
1030
1064
1071
1105
1148
1129
1052
916
777
766
712
564
497
510
530
527
523
620
666
761
867
809
781
805
745
628
520
367
308
202
145
67
-86
-68
-48
-89
-73
-91
-185
-195
-247
-358
-480
-651
-844
-999
-1132
-1248
-1411
-1596
-1628
-1610
-1605
-1591
-1610
-1524
-1381
-1247
-1248
-1296
-1158
-1051
-993
-956
-1043
-1001
-930
-904
-824
-825
-702
-549
-552
-404
-264
-192
-128
-177
-56
64
113
205
155
264
431
474
510
487
520
641
642
568
452
466
607
574
530
516
668
765
828
909
956
1138
1272
1282
1288
1295
1314
1253
1117
1060
1063
979
952
895
826
914
954
924
871
887
1019
1045
919
837
735
685
585
352
159
53
-8
-94
-181
-251
-218
-209
-190
-213
-284
-237
-210
-364
-500
-575
-707
-891
-1100
-1221
-1268
-1404
-1537
-1601
-1594
-1444
-1341
-1452
-1505
-1274
-1145
-1130
-1150
-1227
-1149
-988
-957
-1026
-1138
-960
-744
-776
-774
-698
-536
-416
-341
-262
-242
-157
-13
-97
-137
-18
-17
21
27
82
203
256
356
412
390
520
583
480
496
614
585
577
625
663
775
892
981
1012
1115
1286
1378
1296
1328
1411
1343
1271
1219
1110
1040
1026
1004
903
859
960
969
953
947
966
976
923
887
812
713
612
499
292
154
131
17
-93
-156
-212
-189
-208
-210
-237
-308
-275
-338
-536
-691
-762
-822
-975
-1231
-1376
-1449
-1486
-1542
-1682
-1724
-1614
-1434
-1425
-1392
-1352
-1278
-1052
-1036
-1032
-1013
-1034
-873
-907
-1016
-969
-947
-812
-729
-727
-565
-474
-328
-184
-202
-138
-145
-143
-93
-132
-90
-36
-69
12
59
91
234
323
329
393
481
520
604
665
691
735
780
886
978
980
1086
1178
1178
1262
1346
1339
1345
1373
1351
1285
1260
1218
1141
1078
1061
1096
1050
1062
1138
1086
1088
1127
1051
981
910
891
764
637
583
408
300
250
123
41
-45
-73
-81
-161
-165
-226
-360
-414
-483
-686
-828
-898
-989
-1122
-1286
-1361
-1379
-1455
-1417
-1454
-1539
-1469
-1368
-1348
-1365
-1376
-1355
-1297
-1223
-1222
-1288
-1302
-1219
-1087
-1150
-1187
-1117
-1055
-883
-766
-746
-714
-628
-479
-434
-473
-471
-469
-442
-381
-322
-333
-224
-104
-26
87
195
319
423
526
664
746
782
874
882
931
1070
1135
1211
1242
1314
1510
1574
1636
1708
1694
1742
1756
1600
1521
1464
1360
1299
1198
1124
1096
1031
1014
1010
919
934
938
852
787
735
687
564
432
385
304
208
188
86
-22
26
15
-48
-110
-150
-144
-230
-323
-408
-563
-682
-736
-921
-1062
-1130
-1250
-1340
-1458
-1469
-1494
-1629
-1557
-1590
-1603
-1480
-1555
-1545
-1554
-1535
-1364
-1470
-1454
-1335
-1393
-1256
-1185
-1071
-974
-935
-721
-645
-590
-452
-467
-451
-396
-422
-431
-484
-420
-356
-351
-263
-152
-89
22
170
301
407
532
626
665
811
891
934
940
1017
1180
1238
1317
1441
1493
1606
1743
1790
1775
1773
1790
1748
1610
1583
1508
1316
1270
1200
1093
1041
997
936
870
832
856
759
670
624
586
562
476
377
229
173
189
93
16
-16
-36
-20
-36
-37
-114
-204
-186
-251
-334
-474
-583
-667
-854
-959
-1108
-1263
-1292
-1350
-1442
-1511
-1542
-1481
-1537
-1577
-1562
-1618
-1568
-1600
-1640
-1593
-1569
-1509
-1523
-1596
-1536
-1389
-1328
-1217
-1144
-1081
-930
-813
-743
-691
-708
-597
-478
-443
-338
-280
-166
-11
99
233
355
489
641
695
775
878
931
968
979
970
1062
1165
1184
1245
1344
1479
1605
1595
1642
1721
1711
1778
1730
1587
1519
1408
1381
1283
1115
1054
1061
1021
1026
996
910
935
949
899
865
789
716
655
550
474
330
196
168
95
55
71
45
20
-26
-40
-15
-91
-199
-273
-438
-578
-696
-919
-1112
-1258
-1372
-1356
-1421
-1506
-1474
-1587
-1520
-1387
-1470
-1476
-1517
-1535
-1468
-1524
-1508
-1568
-1638
-1452
-1476
-1522
-1518
-1502
-1310
-1215
-1047
-1052
-1044
-846
-760
-724
-785
-789
-700
-676
-555
-525
-482
-283
-124
56
160
375
611
728
890
1039
1132
1249
1316
1326
1295
1404
1572
1574
1586
1661
1824
1927
1948
1941
1886
1929
1905
1748
1523
1384
1302
1150
985
817
713
659
622
533
473
485
562
541
487
501
534
493
416
355
280
268
249
168
108
127
208
215
151
173
171
169
136
-15
-148
-293
-388
-510
-734
-869
-1032
-1196
-1245
-1380
-1513
-1582
-1582
-1531
-1559
-1636
-1698
-1709
-1666
-1690
-1691
-1787
-1828
-1687
-1733
-1688
-1589
-1617
-1460
-1312
-1201
-958
-836
-694
-635
-550
-369
-318
-370
-443
-405
-284
-264
-204
-188
-108
177
355
451
570
672
790
908
924
973
1022
1050
1036
1000
992
1041
1125
1150
1254
1427
1497
1579
1627
1592
1708
1742
1671
1611
1531
1535
1521
1391
1290
1274
1287
1300
1262
1204
1148
1201
1187
1044
973
867
754
628
450
325
212
115
39
-86
-158
-201
-243
-333
-414
-434
-496
-579
-690
-885
-1000
-1023
-1117
-1245
-1356
-1391
-1359
-1349
-1436
-1507
-1554
-1519
-1443
-1609
-1700
-1712
-1688
-1660
-1811
-1759
-1713
-1753
-1591
-1687
-1636
-1425
-1407
-1221
-1214
-1071
-763
-772
-669
-570
-522
-354
-324
-336
-345
-217
3
53
139
232
399
578
702
809
860
992
1081
1064
1085
1052
1072
1052
989
1083
1097
1161
1278
1261
1378
1532
1629
1638
1609
1611
1646
1630
1517
1431
1318
1310
1365
1255
1217
1234
1279
1330
1252
1248
1202
1160
1128
973
897
772
649
492
328
292
148
50
-42
-177
-200
-272
-359
-463
-646
-658
-719
-882
-1025
-1120
-1163
-1261
-1345
-1382
-1427
-1489
-1546
-1559
-1582
-1556
-1558
-1633
-1622
-1602
-1589
-1604
-1775
-1768
-1678
-1642
-1592
-1644
-1571
-1476
-1353
-1256
-1287
-1131
-918
-781
-672
-674
-516
-404
-352
-335
-359
-255
-204
-125
-62
14
218
326
433
561
680
883
950
952
973
1048
1139
1139
1068
1046
1165
1252
1292
1340
1359
1487
1663
1693
1679
1678
1746
1754
1701
1658
1561
1518
1471
1429
1400
1347
1359
1336
1256
1287
1275
1263
1151
998
963
826
696
525
293
190
80
-52
-180
-376
-423
-463
-552
-601
-724
-818
-919
-983
-1058
-1132
-1188
-1292
-1392
-1450
-1448
-1455
-1508
-1610
-1589
-1548
-1556
-1512
-1662
-1717
-1605
-1593
-1613
-1718
-1690
-1580
-1539
-1448
-1494
-1471
-1297
-1181
-1061
-1095
-968
-682
-606
-437
-376
-275
-172
-122
-25
-94
-42
70
59
73
154
305
429
499
650
757
877
1055
1081
1042
1089
1180
1152
1081
1047
1061
1104
1152
1199
1224
1275
1439
1519
1531
1611
1674
1681
1681
1691
1646
1596
1553
1479
1409
1417
1403
1337
1228
1186
1185
1145
1108
950
809
720
597
433
155
14
-69
-238
-378
-494
-587
-666
-732
-837
-959
-1002
-1042
-1117
-1239
-1329
-1318
-1390
-1428
-1458
-1556
-1501
-1412
-1463
-1519
-1581
-1555
-1452
-1485
-1550
-1591
-1601
-1445
-1396
-1511
-1487
-1399
-1274
-1209
-1234
-1169
-1072
-982
-856
-847
-756
-593
-476
-446
-447
-300
-249
-276
-288
-296
-164
-46
-5
79
142
385
615
694
768
851
1054
1193
1185
1160
1142
1230
1270
1230
1234
1279
1439
1534
1592
1711
1803
1923
1960
1933
1941
1909
1794
1629
1492
1423
1344
1192
1025
950
971
1016
966
859
814
854
853
748
563
456
363
226
54
-165
-303
-408
-479
-564
-668
-680
-689
-774
-786
-860
-873
-889
-1034
-1114
-1133
-1178
-1238
-1399
-1477
-1430
-1402
-1433
-1509
-1523
-1454
-1405
-1441
-1531
-1591
-1492
-1444
-1502
-1520
-1542
-1407
-1324
-1310
-1307
-1289
-1091
-970
-937
-867
-762
-544
-463
-387
-297
-265
-94
-52
-66
-46
82
189
215
276
370
577
748
792
872
987
1153
1319
1212
1192
1268
1273
1273
1169
1121
1192
1308
1402
1419
1472
1584
1732
1757
1710
1708
1657
1573
1468
1303
1208
1168
1046
901
746
745
826
784
691
654
648
682
648
452
289
188
149
-9
-250
-374
-443
-538
-589
-672
-730
-718
-687
-682
-761
-734
-741
-838
-980
-1071
-1065
-1103
-1159
-1293
-1371
-1269
-1282
-1368
-1446
-1499
-1283
-1279
-1386
-1342
-1439
-1307
-1161
-1299
-1305
-1242
-1171
-1039
-1088
-1038
-945
-962
-833
-777
-755
-639
-445
-321
-308
-129
18
80
151
148
222
309
376
442
418
514
675
794
815
891
1070
1177
1312
1314
1233
1263
1358
1335
1250
1151
1132
1183
1207
1203
1197
1222
1241
1254
1210
1208
1219
1150
1059
999
991
901
831
723
611
669
679
593
503
433
543
557
446
367
240
230
182
70
-89
-233
-224
-330
-420
-485
-569
-585
-643
-710
-728
-779
-810
-910
-1013
-1030
-1057
-1082
-1211
-1268
-1267
-1301
-1259
-1341
-1417
-1377
-1363
-1366
-1398
-1417
-1319
-1311
-1257
-1225
-1187
-1050
-1031
-928
-908
-855
-680
-693
-674
-570
-480
-289
-222
-140
-28
86
284
333
331
389
417
480
489
452
505
569
637
730
747
845
928
952
1013
1006
1013
1012
1001
1003
933
922
938
930
957
981
1019
1054
1083
1123
1107
1106
1155
1085
1013
930
886
855
731
689
617
565
656
598
541
482
441
482
412
334
263
170
131
48
-77
-190
-280
-324
-386
-458
-479
-527
-553
-545
-619
-675
-734
-795
-888
-959
-997
-1056
-1099
-1214
-1267
-1278
-1259
-1252
-1324
-1352
-1214
-1147
-1184
-1170
-1154
-1056
-987
-952
-958
-943
-835
-732
-707
-709
-640
-531
-445
-352
-309
-260
-113
45
134
190
356
470
482
547
573
554
560
530
485
463
471
500
454
446
490
552
611
615
641
614
640
659
579
547
482
453
443
401
435
464
504
628
667
724
810
844
849
858
922
1002
980
965
942
914
952
943
822
785
781
742
745
600
517
451
368
337
191
43
-87
-147
-214
-349
-432
-528
-613
-643
-709
-786
-836
-900
-953
-941
-929
-948
-942
-967
-949
-917
-952
-922
-932
-949
-862
-864
-854
-870
-877
-836
-854
-807
-824
-873
-743
-701
-657
-578
-595
-465
-399
-332
-243
-241
-151
-97
-51
38
79
197
215
241
290
280
366
343
291
238
194
278
268
273
294
300
397
386
407
399
385
519
440
341
293
225
209
194
149
162
222
322
362
395
479
618
709
723
782
831
887
946
957
959
1022
1056
1041
928
886
894
863
852
775
687
662
645
509
376
279
195
92
-17
-140
-257
-356
-422
-497
-586
-585
-617
-660
-721
-715
-735
-749
-764
-845
-853
-796
-789
-783
-844
-831
-746
-813
-788
-766
-776
-708
-703
-684
-626
-563
-517
-567
-577
-504
-422
-379
-421
-422
-405
-307
-234
-351
-333
-269
-211
-159
-162
-103
-68
26
107
48
103
152
140
167
149
170
182
217
219
235
292
336
397
332
285
358
330
255
151
46
66
48
-5
-95
-161
-70
30
79
136
235
381
570
707
773
882
990
1101
1134
1143
1158
1114
1102
1093
1034
1026
980
924
872
806
791
716
599
441
340
255
112
-60
-268
-357
-404
-479
-570
-650
-663
-585
-545
-520
-529
-506
-427
-349
-330
-375
-364
-361
-337
-309
-394
-458
-433
-467
-464
-500
-534
-521
-571
-539
-525
-607
-630
-659
-609
-632
-652
-677
-762
-687
-686
-734
-691
-699
-597
-514
-503
-376
-326
-230
-144
-91
23
92
173
236
214
253
314
326
307
255
223
230
263
204
123
80
100
135
100
-6
-104
-74
-119
-180
-204
-321
-297
-284
-285
-239
-189
-38
70
206
370
559
801
891
1026
1106
1170
1333
1310
1310
1328
1295
1316
1226
1151
1085
1042
1038
932
879
771
675
624
493
394
234
106
57
-94
-208
-255
-339
-388
-405
-430
-417
-409
-382
-334
-310
-277
-260
-314
-305
-296
-342
-386
-487
-496
-522
-589
-586
-634
-649
-648
-693
-689
-732
-750
-741
-786
-785
-811
-808
-764
-808
-811
-821
-783
-720
-698
-653
-613
-504
-442
-336
-249
-223
-91
1
17
158
165
169
276
169
201
185
63
65
-88
-93
-134
-240
-178
-299
-291
-292
-329
-260
-362
-388
-347
-404
-376
-413
-413
-336
-239
-116
-1
185
412
704
946
1062
1325
1506
1675
1849
1809
1821
1833
1800
1707
1548
1481
1380
1324
1235
1060
998
904
825
693
540
398
213
106
-9
-118
-150
-252
-198
-109
-34
109
120
255
339
319
320
228
126
11
-110
-257
-400
-468
-563
-602
-605
-679
-662
-747
-847
-900
-1050
-1150
-1270
-1474
-1722
-1931
-1956
-1981
-2025
-1967
-1934
-1631
-1214
-909
-641
-500
-212
180
373
372
307
210
238
283
149
-29
-90
-41
11
36
38
85
141
196
254
202
78
-84
-227
-411
-591
-771
-902
-1015
-1091
-1034
-914
-773
-637
-462
-176
163
383
556
690
836
948
972
998
931
927
995
1043
1077
1128
1230
1335
1480
1587
1655
1752
1814
1803
1745
1660
1490
1271
1036
804
614
463
298
202
135
132
211
244
305
417
524
598
619
575
503
475
384
214
87
-46
-141
-209
-280
-334
-378
-394
-392
-433
-440
-427
-488
-576
-770
-902
-930
-1021
-1131
-1297
-1408
-1378
-1358
-1385
-1449
-1492
-1374
-1222
-1152
-1138
-1078
-1014
-919
-842
-891
-903
-864
-791
-747
-794
-812
-731
-651
-608
-578
-518
-453
-357
-318
-305
-237
-173
-130
-97
-64
36
61
72
115
120
227
308
349
370
397
486
568
574
615
678
751
789
821
791
803
863
881
890
856
838
802
778
773
746
691
665
632
660
695
733
745
727
769
759
788
777
727
754
728
767
785
713
693
657
657
651
603
553
515
494
437
375
328
236
179
148
69
19
-94
-154
-188
-240
-257
-334
-376
-375
-425
-424
-424
-471
-521
-566
-587
-605
-677
-785
-852
-859
-875
-941
-999
-1061
-1097
-1062
-1088
-1144
-1153
-1163
-1151
-1148
-1206
-1225
-1211
-1168
-1130
-1114
-1050
-983
-874
-790
-732
-686
-580
-445
-405
-311
-183
-93
10
45
89
159
222
275
301
364
421
463
520
546
534
573
627
679
702
723
779
782
796
781
772
762
736
731
741
759
755
725
694
700
750
730
662
681
664
689
692
631
637
624
650
659
582
535
470
450
393
364
324
250
255
227
177
149
125
144
104
66
89
39
-27
-27
-18
-24
-71
-99
-152
-208
-201
-250
-304
-354
-387
-412
-458
-480
-487
-500
-516
-515
-500
-512
-456
-454
-449
-464
-483
-512
-533
-542
-563
-579
-580
-586
-613
-592
-600
-587
-609
-603
-559
-563
-528
-521
-533
-522
-505
-478
-477
-478
-444
-428
-360
-313
-286
-214
-181
-110
-43
13
103
146
198
251
301
358
352
391
419
463
513
512
525
535
562
598
620
635
647
628
627
645
647
618
635
586
547
567
505
470
448
438
416
371
345
304
269
238
243
239
197
163
120
81
36
-3
-87
-123
-107
-109
-146
-178
-184
-188
-158
-132
-161
-197
-191
-195
-201
-202
-222
-222
-218
-214
-172
-201
-160
-131
-129
-83
-76
-56
-93
-84
-78
-97
-135
-207
-241
-268
-294
-300
-346
-375
-372
-383
-351
-341
-361
-343
-282
-236
-217
-217
-202
-181
-154
-144
-170
-147
-127
-124
-100
-71
-63
-56
-40
-18
-1
24
53
79
109
143
188
196
199
192
209
254
242
183
101
119
146
145
147
134
152
205
240
238
275
285
311
349
361
369
376
374
349
321
285
262
221
190
148
150
132
135
99
107
129
108
104
35
7
-11
-25
-41
-106
-194
-185
-180
-191
-180
-194
-173
-88
-40
-47
-41
-33
-47
-64
-105
-135
-170
-226
-238
-244
-220
-253
-284
-253
-229
-201
-180
-172
-187
-169
-130
-134
-149
-159
-144
-113
-107
-111
-109
-97
-76
-54
-32
4
3
-16
-27
1
32
20
-4
12
46
55
51
37
12
10
34
-19
-45
-73
-58
-56
-60
-38
-63
-35
-41
-48
-20
8
-9
-31
-18
1
15
-17
-25
-19
7
49
84
114
112
158
194
222
221
237
273
297
297
282
300
282
302
320
289
278
287
281
231
225
216
167
138
87
52
40
-1
-46
-91
-77
-37
-45
-61
-80
-78
-37
-52
-126
-149
-128
-110
-114
-156
-141
-77
-64
-75
-64
-64
-8
24
10
-15
-58
-48
-36
-48
-101
-109
-112
-143
-145
-173
-167
-132
-111
-115
-89
-77
-52
-64
-80
-64
-30
5
-14
-18
-36
-61
-68
-111
-146
-152
-188
-194
-174
-155
-111
-104
-94
-71
-75
-78
-42
-60
-93
-73
-56
-75
-91
-101
-79
-15
4
16
11
20
41
67
54
-6
27
48
56
65
64
65
103
131
87
93
107
122
91
93
142
172
162
136
141
154
190
222
196
183
215
257
266
248
196
