18
33
9
6
7
8
17
-1
9
10
-4
-13
-14
-8
13
0
-18
-6
-2
-4
-4
-5
-7
-6
-4
10
14
18
12
4
8
-2
-1
4
-5
-4
7
6
11
8
6
4
-1
-1
-3
-9
-14
-15
-13
-5
13
0
4
2
1
13
8
4
2
13
13
10
7
-1
2
-2
-3
-3
-8
-9
-10
0
-2
9
16
-3
14
6
6
15
3
6
-1
5
14
8
-8
-11
-7
-3
-5
5
2
-7
-1
-9
-6
-17
-7
9
-10
-1
8
16
7
0
4
3
1
-8
-12
-8
-11
-19
-14
-5
-6
-15
-13
-13
-12
-15
-8
-10
-1
-7
0
-9
-13
-8
-20
-2
-13
-15
-10
-13
-14
-10
-6
-10
-8
6
-4
11
6
11
12
1
19
5
1
3
5
1
-5
3
10
14
12
17
7
7
10
2
-3
-14
-17
-10
1
9
7
-3
-5
-4
0
1
0
21
14
23
17
8
7
17
30
13
1
-11
-9
-12
-3
-3
5
4
1
21
6
-2
4
4
-2
3
6
-6
10
5
6
10
7
22
-1
8
13
7
6
15
16
9
2
-7
0
10
12
-3
-1
1
-10
-2
-5
-9
-6
-2
-9
-14
2
-15
-16
-5
-12
0
-7
-18
-7
-6
-8
-16
-17
-13
-13
-1
-10
2
5
-3
-11
-13
-11
-9
-8
-10
-6
2
1
4
4
6
5
4
9
14
11
4
6
8
9
-5
0
-6
-10
1
-5
4
3
-5
9
10
3
-1
11
-3
1
19
15
9
15
16
-1
-11
-11
-8
0
7
-6
-10
-23
-21
-19
-22
-20
-12
0
-1
-6
1
0
7
5
11
6
-1
11
17
10
12
4
-4
6
0
-3
2
17
12
8
12
9
13
12
4
3
11
-4
1
-14
-19
-6
-11
-38
-93
-147
-154
-167
-212
-181
-207
-235
-156
-117
-110
-63
-30
45
116
146
213
276
294
347
344
329
395
370
361
406
370
380
461
452
432
437
412
416
384
320
279
189
99
14
-118
-218
-300
-456
-602
-689
-799
-923
-990
-1027
-1107
-1152
-1148
-1149
-1120
-1050
-985
-867
-789
-700
-570
-445
-317
-189
-106
57
236
328
494
620
718
860
928
1000
1142
1223
1285
1334
1294
1297
1326
1269
1164
1048
895
816
697
516
405
269
138
45
-80
-208
-263
-320
-415
-473
-512
-514
-472
-497
-524
-479
-470
-442
-398
-398
-328
-222
-167
-117
-68
-22
78
142
156
190
242
233
213
167
65
-13
-97
-250
-412
-574
-748
-855
-1041
-1267
-1384
-1489
-1582
-1649
-1720
-1729
-1668
-1607
-1508
-1351
-1195
-1011
-819
-632
-415
-183
26
225
388
545
758
956
1114
1239
1361
1521
1678
1781
1888
1995
2069
2118
2165
2156
2109
2049
1973
1842
1669
1510
1329
1150
956
741
517
351
192
-6
-145
-228
-304
-372
-464
-560
-613
-650
-690
-716
-726
-782
-787
-783
-810
-839
-798
-757
-797
-794
-744
-779
-806
-842
-911
-964
-1060
-1102
-1183
-1326
-1436
-1543
-1669
-1759
-1856
-1961
-1979
-1948
-1918
-1843
-1716
-1565
-1360
-1133
-867
-602
-327
-46
191
444
697
968
1200
1418
1599
1754
1919
2073
2207
2283
2374
2441
2493
2542
2533
2508
2489
2405
2299
2175
2016
1850
1632
1400
1188
979
769
567
309
112
-73
-254
-387
-541
-655
-697
-723
-763
-755
-804
-810
-787
-790
-786
-796
-771
-764
-805
-773
-796
-848
-846
-885
-983
-1021
-1097
-1197
-1295
-1463
-1593
-1759
-1981
-2141
-2307
-2500
-2627
-2732
-2804
-2788
-2736
-2664
-2466
-2267
-2023
-1687
-1354
-985
-590
-195
192
550
886
1258
1569
1879
2186
2429
2657
2864
3050
3225
3367
3483
3579
3617
3624
3570
3512
3387
3217
3008
2760
2504
2228
1878
1499
1165
801
460
115
-216
-506
-744
-985
-1169
-1323
-1442
-1508
-1566
-1574
-1520
-1449
-1368
-1277
-1231
-1195
-1186
-1136
-1099
-1156
-1155
-1151
-1189
-1201
-1215
-1230
-1258
-1233
-1240
-1252
-1277
-1334
-1398
-1546
-1698
-1836
-2043
-2241
-2373
-2560
-2698
-2738
-2769
-2730
-2653
-2491
-2188
-1824
-1451
-1035
-615
-170
307
690
1055
1425
1769
2108
2386
2639
2860
3061
3263
3400
3506
3629
3736
3770
3801
3797
3779
3777
3672
3504
3270
3011
2731
2393
2027
1630
1201
788
389
-32
-449
-809
-1114
-1367
-1592
-1742
-1831
-1888
-1902
-1865
-1813
-1734
-1650
-1609
-1548
-1513
-1506
-1492
-1529
-1551
-1566
-1603
-1610
-1626
-1607
-1562
-1507
-1422
-1363
-1269
-1183
-1163
-1115
-1106
-1207
-1344
-1471
-1642
-1809
-1980
-2170
-2314
-2401
-2416
-2333
-2251
-2089
-1816
-1492
-1105
-662
-253
150
581
957
1297
1620
1967
2249
2424
2603
2766
2933
3105
3224
3296
3361
3439
3525
3550
3551
3581
3543
3485
3365
3158
2955
2722
2419
2068
1626
1202
812
375
-68
-475
-860
-1133
-1359
-1585
-1727
-1812
-1838
-1857
-1834
-1778
-1691
-1594
-1551
-1495
-1454
-1490
-1532
-1578
-1633
-1687
-1743
-1759
-1726
-1740
-1710
-1619
-1571
-1530
-1376
-1311
-1277
-1175
-1243
-1281
-1277
-1419
-1553
-1706
-1912
-2041
-2194
-2354
-2382
-2356
-2334
-2189
-1969
-1714
-1336
-944
-520
-62
339
760
1213
1573
1882
2187
2446
2701
2850
2961
3098
3240
3318
3357
3434
3514
3609
3657
3668
3675
3652
3570
3458
3258
2991
2714
2367
1951
1529
1070
630
216
-251
-657
-995
-1286
-1513
-1724
-1870
-1954
-1970
-1916
-1854
-1848
-1799
-1747
-1723
-1651
-1668
-1684
-1698
-1731
-1758
-1770
-1773
-1767
-1734
-1705
-1610
-1512
-1404
-1282
-1223
-1145
-1054
-1049
-1045
-1052
-1150
-1207
-1265
-1427
-1550
-1683
-1842
-1939
-2015
-2105
-2031
-1918
-1784
-1504
-1235
-945
-589
-233
151
524
853
1213
1530
1774
2026
2239
2399
2555
2692
2800
2868
2999
3111
3186
3296
3408
3462
3490
3515
3500
3446
3316
3146
2902
2624
2277
1926
1509
1053
617
200
-185
-572
-887
-1151
-1369
-1505
-1617
-1706
-1761
-1783
-1811
-1816
-1841
-1858
-1909
-2067
-2125
-2189
-2334
-2244
-2147
-2211
-2128
-1931
-1774
-1615
-1486
-1268
-1048
-955
-693
-458
-480
-351
-253
-470
-483
-494
-718
-810
-989
-1197
-1308
-1519
-1544
-1544
-1771
-1827
-1729
-1776
-1649
-1464
-1370
-1061
-781
-611
-339
-99
114
379
523
718
896
1028
1306
1483
1584
1888
2177
2379
2701
2997
3280
3567
3792
4015
4151
4192
4218
4104
3901
3717
3443
3060
2734
2361
1919
1547
1171
816
481
185
-42
-313
-555
-728
-914
-1090
-1291
-1481
-1739
-1997
-2169
-2415
-2664
-2814
-2972
-3110
-3117
-3148
-3128
-3042
-2902
-2737
-2576
-2355
-2108
-1906
-1696
-1465
-1305
-1149
-936
-820
-743
-668
-639
-648
-710
-800
-879
-969
-1089
-1207
-1354
-1456
-1452
-1500
-1537
-1435
-1270
-1084
-878
-639
-374
-187
76
340
506
744
974
1184
1385
1573
1765
2019
2310
2559
2811
3056
3365
3684
3892
4084
4261
4352
4415
4396
4251
4075
3863
3595
3185
2734
2309
1877
1390
909
471
45
-308
-627
-948
-1210
-1421
-1610
-1818
-2005
-2180
-2393
-2585
-2776
-2966
-3166
-3287
-3380
-3451
-3465
-3398
-3287
-3175
-2974
-2756
-2530
-2264
-1967
-1728
-1437
-1142
-908
-667
-484
-289
-173
-94
-24
-19
-133
-222
-293
-557
-834
-961
-1165
-1313
-1375
-1465
-1523
-1389
-1143
-962
-714
-485
-193
116
378
660
848
1006
1249
1475
1530
1698
1959
2095
2274
2479
2686
2982
3256
3480
3682
3895
4108
4265
4295
4253
4176
3981
3764
3412
2915
2448
1985
1461
911
394
-132
-554
-920
-1257
-1518
-1732
-1876
-1970
-2113
-2216
-2247
-2346
-2469
-2605
-2789
-2924
-3029
-3185
-3298
-3322
-3262
-3156
-2987
-2812
-2586
-2252
-1947
-1641
-1259
-940
-652
-333
-83
56
200
291
319
303
227
168
61
-102
-249
-384
-524
-613
-745
-934
-1018
-1019
-1045
-975
-927
-838
-688
-539
-389
-222
-66
133
323
401
557
746
912
1084
1216
1410
1660
1914
2185
2444
2685
2982
3283
3476
3659
3815
3881
3922
3878
3704
3491
3253
2915
2485
2057
1608
1198
780
355
-35
-423
-690
-893
-1140
-1297
-1409
-1479
-1586
-1714
-1850
-2092
-2260
-2439
-2664
-2901
-3076
-3180
-3238
-3229
-3163
-3000
-2800
-2512
-2188
-1869
-1511
-1156
-917
-787
-540
-259
-114
-3
93
23
-1
172
230
123
41
41
29
3
-49
-146
-297
-471
-502
-594
-667
-603
-561
-617
-539
-419
-321
-191
-138
-103
-38
49
267
398
426
574
715
896
1192
1425
1566
1836
2128
2368
2626
2805
2962
3102
3182
3228
3208
3098
2961
2746
2430
2167
1886
1550
1192
839
472
186
-31
-259
-498
-717
-803
-873
-960
-1088
-1187
-1322
-1460
-1575
-1798
-2013
-2211
-2408
-2548
-2606
-2608
-2532
-2434
-2260
-2040
-1800
-1481
-1183
-954
-742
-517
-358
-216
-110
-28
-62
-99
-47
-56
-57
-47
-34
-126
-207
-213
-305
-407
-462
-593
-768
-841
-874
-941
-974
-948
-951
-943
-835
-712
-632
-547
-416
-310
-214
-80
59
184
341
566
762
989
1267
1495
1694
1983
2280
2536
2782
2965
3145
3293
3341
3345
3272
3082
2947
2751
2436
2162
1866
1506
1220
935
652
429
247
30
-149
-315
-417
-499
-717
-929
-1141
-1385
-1612
-1841
-2151
-2395
-2605
-2749
-2779
-2803
-2738
-2583
-2430
-2186
-1908
-1631
-1280
-1007
-844
-645
-455
-344
-259
-241
-326
-332
-300
-340
-355
-368
-373
-350
-409
-449
-409
-452
-499
-521
-629
-702
-672
-726
-788
-820
-879
-846
-778
-791
-807
-759
-712
-620
-527
-440
-211
-20
119
361
620
913
1252
1531
1814
2142
2459
2747
2956
3107
3247
3350
3387
3327
3218
3055
2930
2730
2433
2151
1885
1656
1400
1211
978
826
710
527
342
150
-41
-227
-464
-771
-1087
-1417
-1673
-1893
-2163
-2436
-2582
-2657
-2665
-2642
-2539
-2345
-2096
-1857
-1658
-1402
-1171
-1013
-834
-696
-662
-581
-525
-552
-536
-548
-639
-691
-692
-655
-616
-586
-561
-493
-465
-459
-412
-494
-649
-725
-765
-923
-1004
-1114
-1271
-1292
-1277
-1336
-1304
-1216
-1128
-973
-875
-678
-357
-144
92
400
656
986
1391
1600
1835
2174
2439
2644
2832
2939
3049
3180
3261
3334
3319
3231
3182
3068
2901
2790
2590
2384
2175
1936
1694
1474
1280
1002
726
489
260
-13
-361
-681
-990
-1282
-1549
-1809
-2117
-2316
-2459
-2584
-2624
-2578
-2474
-2312
-2135
-1952
-1779
-1614
-1432
-1302
-1266
-1187
-1149
-1123
-1027
-1038
-1084
-990
-912
-855
-747
-704
-640
-462
-417
-396
-330
-355
-387
-424
-632
-787
-889
-1097
-1239
-1396
-1617
-1626
-1600
-1628
-1528
-1441
-1332
-1100
-930
-787
-492
-199
70
355
551
782
1092
1374
1635
1845
2069
2391
2679
2843
2979
3185
3353
3458
3549
3562
3538
3554
3526
3360
3202
3049
2855
2628
2345
2036
1749
1445
1113
818
454
137
-104
-469
-857
-1134
-1390
-1637
-1883
-2171
-2357
-2452
-2481
-2488
-2525
-2456
-2348
-2266
-2129
-1951
-1863
-1805
-1664
-1596
-1585
-1543
-1448
-1418
-1428
-1365
-1285
-1230
-1070
-903
-877
-749
-595
-512
-519
-568
-545
-645
-887
-997
-1183
-1446
-1532
-1657
-1817
-1862
-1856
-1809
-1702
-1542
-1345
-1117
-902
-594
-295
-70
318
668
835
1070
1302
1524
1781
1972
2134
2305
2541
2777
3011
3155
3396
3617
3705
3850
3942
3921
3932
3875
3690
3495
3275
3027
2742
2381
2035
1714
1323
964
655
286
-1
-172
-464
-731
-917
-1130
-1393
-1627
-1847
-2060
-2206
-2355
-2434
-2557
-2618
-2603
-2608
-2583
-2527
-2461
-2420
-2356
-2244
-2151
-2117
-2022
-1952
-1918
-1800
-1656
-1601
-1520
-1402
-1292
-1157
-1119
-1088
-1075
-1139
-1101
-1120
-1300
-1433
-1508
-1647
-1741
-1728
-1746
-1674
-1495
-1352
-1172
-920
-655
-332
-58
223
529
774
1036
1317
1471
1622
1842
2010
2168
2370
2528
2684
2879
3089
3338
3519
3764
3979
4074
4190
4268
4195
4095
3986
3728
3419
3126
2796
2414
1978
1590
1201
800
473
186
-126
-374
-572
-836
-1072
-1311
-1548
-1787
-2053
-2251
-2447
-2710
-2904
-3014
-3175
-3293
-3274
-3269
-3267
-3147
-2984
-2846
-2712
-2534
-2308
-2225
-2091
-1855
-1750
-1680
-1457
-1321
-1258
-1099
-1008
-951
-863
-799
-827
-824
-793
-761
-810
-916
-975
-1012
-1064
-999
-918
-919
-760
-532
-354
-175
66
283
490
721
931
1081
1234
1429
1567
1685
1822
2017
2198
2376
2557
2775
2997
3283
3553
3672
3854
4032
4121
4148
4172
4065
3918
3720
3430
3068
2632
2213
1805
1332
892
569
170
-141
-423
-733
-957
-1068
-1232
-1459
-1640
-1872
-2094
-2371
-2669
-2922
-3174
-3400
-3530
-3662
-3695
-3624
-3524
-3376
-3196
-2932
-2647
-2402
-2130
-1838
-1633
-1395
-1138
-1008
-964
-829
-645
-590
-575
-505
-480
-448
-414
-465
-541
-535
-508
-562
-676
-761
-731
-722
-705
-641
-580
-524
-319
-146
-75
43
214
337
520
655
718
947
1155
1302
1492
1681
1937
2207
2412
2611
2869
3099
3353
3563
3629
3779
3935
3943
3911
3812
3601
3449
3200
2837
2472
2045
1689
1341
906
520
248
-67
-309
-528
-795
-975
-1104
-1316
-1558
-1760
-1992
-2185
-2440
-2700
-2946
-3138
-3284
-3350
-3391
-3392
-3207
-2947
-2733
-2529
-2164
-1829
-1643
-1370
-1109
-1073
-971
-687
-702
-796
-696
-677
-730
-729
-696
-679
-631
-621
-556
-620
-735
-673
-692
-857
-921
-864
-936
-905
-777
-813
-759
-613
-503
-368
-220
-58
167
418
575
868
1102
1308
1652
1851
2048
2395
2632
2744
3010
3223
3374
3518
3631
3680
3708
3748
3747
3652
3431
3251
3012
2713
2423
2163
1768
1380
1125
779
429
216
-40
-294
-543
-801
-986
-1195
-1471
-1702
-1927
-2172
-2324
-2567
-2839
-2977
-3095
-3146
-3090
-3003
-2941
-2732
-2509
-2327
-2068
-1842
-1620
-1482
-1322
-1190
-1132
-1054
-993
-1015
-997
-1013
-1024
-1002
-1042
-1029
-920
-894
-880
-807
-785
-803
-800
-874
-988
-995
-978
-965
-912
-916
-834
-654
-507
-303
-105
38
289
595
803
1079
1418
1649
1905
2153
2315
2541
2779
2952
3088
3175
3337
3486
3494
3476
3506
3483
3450
3411
3233
3048
2917
2726
2420
2109
1799
1447
1132
798
458
179
-92
-306
-509
-755
-929
-1033
-1216
-1428
-1622
-1834
-2046
-2263
-2527
-2724
-2893
-2956
-2956
-2951
-2797
-2614
-2441
-2309
-2063
-1869
-1713
-1518
-1432
-1372
-1291
-1259
-1229
-1198
-1260
-1250
-1193
-1186
-1150
-1047
-966
-888
-794
-758
-736
-706
-757
-796
-868
-904
-888
-882
-900
-859
-735
-629
-424
-253
-99
145
409
638
875
1126
1355
1584
1774
1967
2155
2376
2542
2653
2753
2904
3093
3201
3309
3400
3424
3459
3485
3476
3355
3226
3066
2872
2596
2292
2012
1646
1296
891
544
267
4
-257
-510
-766
-965
-1082
-1299
-1485
-1652
-1887
-2065
-2247
-2480
-2686
-2832
-2917
-2992
-3033
-2944
-2818
-2698
-2494
-2254
-2069
-1890
-1718
-1615
-1497
-1356
-1316
-1195
-1153
-1120
-996
-1005
-953
-797
-764
-682
-554
-592
-580
-533
-564
-670
-767
-985
-1030
-1017
-1135
-1119
-1065
-992
-791
-584
-480
-214
-10
159
450
670
878
1180
1405
1528
1731
1890
2121
2344
2444
2583
2823
3102
3314
3498
3626
3765
3889
3907
3889
3784
3627
3497
3279
2994
2691
2349
1949
1523
1110
708
340
67
-181
-439
-661
-862
-1054
-1251
-1476
-1727
-1923
-2192
-2462
-2724
-2957
-3123
-3204
-3269
-3359
-3310
-3108
-2895
-2739
-2541
-2275
-2026
-1790
-1544
-1368
-1250
-1155
-1022
-948
-965
-884
-828
-848
-777
-692
-746
-765
-700
-701
-729
-812
-925
-983
-1090
-1164
-1112
-1115
-1116
-1034
-968
-898
-705
-547
-367
-178
87
368
606
849
1090
1315
1479
1747
1997
2252
2548
2766
2945
3180
3441
3629
3792
3912
4045
4112
4134
4140
3985
3778
3552
3239
2917
2567
2140
1718
1278
892
564
227
-69
-308
-591
-771
-956
-1232
-1434
-1645
-1854
-2126
-2365
-2609
-2857
-3075
-3224
-3295
-3351
-3362
-3243
-3085
-2949
-2686
-2402
-2149
-1938
-1741
-1510
-1345
-1170
-1057
-1014
-996
-977
-921
-954
-935
-896
-929
-894
-887
-932
-905
-907
-913
-933
-1052
-1141
-1140
-1168
-1185
-1141
-1109
-1019
-847
-694
-526
-291
-66
228
584
838
1080
1378
1644
1863
2064
2263
2540
2792
2995
3193
3424
3626
3808
3934
4016
4112
4185
4152
4039
3897
3697
3522
3218
2854
2468
2067
1688
1321
897
507
218
-76
-376
-625
-857
-1085
-1265
-1501
-1730
-1934
-2178
-2412
-2661
-2936
-3143
-3274
-3415
-3451
-3386
-3300
-3149
-2923
-2693
-2483
-2143
-1888
-1713
-1499
-1322
-1255
-1179
-1090
-1094
-1153
-1189
-1179
-1200
-1230
-1223
-1190
-1184
-1203
-1095
-1065
-1119
-1057
-1076
-1162
-1096
-1017
-1023
-966
-908
-820
-660
-537
-371
-159
8
298
657
908
1193
1630
1898
2121
2441
2674
2948
3205
3339
3462
3634
3777
3899
3974
4019
4094
4110
4081
4066
3889
3647
3471
3214
2802
2415
2054
1630
1202
821
432
70
-205
-483
-734
-986
-1186
-1380
-1661
-1961
-2213
-2479
-2756
-2947
-3164
-3404
-3526
-3581
-3589
-3557
-3443
-3229
-2970
-2728
-2460
-2138
-1914
-1714
-1505
-1427
-1434
-1270
-1208
-1279
-1236
-1198
-1187
-1083
-962
-927
-885
-825
-736
-679
-698
-693
-741
-874
-875
-855
-929
-967
-903
-822
-762
-537
-281
-84
158
411
661
955
1275
1616
1866
2113
2400
2653
2912
3130
3302
3370
3493
3675
3798
3806
3852
3861
3849
3837
3774
3662
3504
3352
3127
2816
2490
2192
1728
1221
782
380
-38
-424
-737
-1059
-1271
-1404
-1552
-1702
-1866
-2037
-2225
-2506
-2724
-2949
-3207
-3440
-3559
-3582
-3577
-3445
-3278
-3021
-2712
-2399
-2128
-1857
-1642
-1483
-1282
-1202
-1129
-1070
-1064
-1113
-1081
-1037
-994
-898
-771
-706
-733
-660
-570
-576
-601
-685
-818
-889
-933
-891
-903
-917
-833
-692
-523
-326
-97
105
336
616
878
1153
1493
1796
1985
2159
2419
2701
2911
3054
3180
3292
3435
3654
3774
3810
3882
3934
3945
3914
3819
3638
3386
3115
2841
2528
2151
1785
1409
958
556
183
-166
-514
-828
-1056
-1309
-1490
-1649
-1875
-2045
-2203
-2453
-2678
-2851
-3085
-3226
-3327
-3438
-3450
-3369
-3249
-3084
-2906
-2701
-2387
-2160
-1976
-1679
-1522
-1443
-1219
-1096
-1125
-1055
-1045
-1098
-1015
-934
-884
-815
-816
-821
-717
-773
-798
-804
-970
-1073
-1021
-1073
-1049
-895
-921
-870
-675
-475
-234
52
295
575
819
1040
1423
1733
1938
2222
2471
2672
2925
3154
3309
3509
3705
3821
3915
4058
4105
4080
4032
3949
3865
3729
3521
3271
2960
2606
2311
1926
1482
1075
655
260
-65
-395
-752
-1047
-1295
-1499
-1690
-1928
-2121
-2308
-2534
-2734
-2909
-3099
-3266
-3419
-3550
-3592
-3512
-3407
-3267
-3019
-2783
-2503
-2221
-2004
-1731
-1458
-1336
-1231
-1047
-1016
-983
-851
-843
-883
-780
-699
-716
-658
-664
-700
-668
-685
-693
-778
-934
-908
-880
-1002
-1016
-973
-979
-856
-660
-526
-298
-4
247
545
850
1219
1599
1837
2068
2329
2538
2761
2991
3198
3353
3529
3690
3815
3959
4071
4079
4100
4070
3987
3898
3721
3516
3218
2880
2515
2149
1748
1296
915
480
69
-274
-634
-969
-1215
-1476
-1697
-1866
-2105
-2313
-2534
-2781
-3019
-3238
-3433
-3514
-3562
-3610
-3601
-3485
-3312
-3103
-2817
-2597
-2278
-1969
-1752
-1489
-1309
-1197
-1064
-898
-826
-781
-706
-694
-587
-524
-530
-583
-566
-578
-694
-714
-826
-967
-948
-967
-1039
-1040
-1078
-1020
-912
-827
-669
-453
-322
-78
209
379
667
1065
1340
1577
1857
2102
2420
2703
2875
3066
3346
3536
3700
3824
3919
4078
4133
4131
4117
4065
3917
3758
3549
3223
2914
2547
2112
1693
1204
773
412
58
-267
-613
-884
-1075
-1240
-1492
-1706
-1880
-2103
-2398
-2668
-2941
-3219
-3408
-3549
-3661
-3680
-3553
-3417
-3207
-3036
-2790
-2467
-2187
-1929
-1680
-1466
-1341
-1165
-1082
-1089
-1039
-939
-840
-779
-735
-735
-739
-716
-692
-750
-787
-858
-987
-1052
-1126
-1135
-1122
-1134
-1127
-1059
-940
-776
-559
-406
-194
98
329
564
857
1130
1384
1656
1924
2231
2511
2750
2983
3239
3449
3654
3816
3907
4049
4138
4140
4160
4167
4068
3927
3727
3496
3180
2860
2471
2073
1699
1336
1008
641
292
-18
-289
-576
-798
-1056
-1362
-1575
-1842
-2131
-2425
-2705
-3001
-3244
-3436
-3637
-3716
-3664
-3579
-3437
-3240
-3029
-2809
-2538
-2282
-2090
-1908
-1711
-1579
-1488
-1352
-1257
-1257
-1202
-1085
-1053
-1014
-1031
-989
-956
-998
-996
-1041
-1160
-1186
-1155
-1232
-1237
-1154
-1140
-1096
-981
-865
-676
-518
-336
-88
122
361
741
1046
1264
1570
1857
2128
2445
2718
2907
3148
3387
3583
3769
3922
4094
4262
4357
4372
4383
4288
4195
4084
3783
3438
3171
2836
2381
1994
1591
1182
873
537
208
-82
-341
-559
-776
-1084
-1345
-1611
-1927
-2276
-2614
-3007
-3332
-3507
-3746
-3864
-3836
-3768
-3653
-3429
-3243
-2981
-2630
-2399
-2224
-2022
-1864
-1701
-1501
-1478
-1420
-1319
-1257
-1191
-1080
-1084
-1124
-1001
-984
-1026
-1048
-1097
-1166
-1168
-1241
-1295
-1219
-1217
-1192
-1059
-955
-808
-532
-379
-244
11
224
439
757
1015
1230
1543
1796
2086
2397
2625
2855
3132
3384
3600
3811
3892
4067
4262
4290
4333
4408
4338
4248
4166
3890
3575
3288
2947
2566
2140
1690
1359
995
587
300
-63
-365
-512
-750
-1092
-1297
-1511
-1839
-2138
-2469
-2870
-3172
-3435
-3693
-3841
-3897
-3890
-3778
-3623
-3490
-3176
-2898
-2680
-2369
-2101
-1976
-1756
-1584
-1601
-1497
-1408
-1379
-1274
-1187
-1269
-1269
-1228
-1277
-1289
-1332
-1381
-1415
-1450
-1451
-1418
-1360
-1321
-1172
-1094
-1032
-786
-540
-390
-172
78
246
499
818
1038
1221
1484
1770
2104
2414
2672
2936
3233
3525
3794
3989
4085
4301
4455
4497
4527
4547
4480
4372
4231
3988
3694
3380
3023
2614
2186
1782
1433
1036
636
304
4
-263
-417
-625
-941
-1149
-1355
-1688
-2041
-2366
-2750
-3055
-3311
-3603
-3804
-3907
-3875
-3812
-3677
-3469
-3201
-2957
-2631
-2346
-2162
-1925
-1712
-1632
-1588
-1521
-1541
-1510
-1435
-1421
-1507
-1527
-1452
-1475
-1552
-1556
-1549
-1598
-1548
-1484
-1483
-1393
-1197
-1129
-1036
-847
-648
-456
-277
-54
127
271
564
909
1112
1313
1550
1811
2115
2422
2658
2906
3228
3572
3821
3948
4180
4381
4481
4493
4480
4470
4370
4205
3977
3672
3341
3061
2681
2252
1862
1560
1250
966
651
292
78
-49
-217
-477
-784
-1035
-1320
-1676
-2029
-2356
-2678
-3000
-3242
-3532
-3732
-3834
-3826
-3734
-3639
-3455
-3112
-2806
-2526
-2234
-2029
-1856
-1668
-1551
-1510
-1495
-1506
-1448
-1446
-1572
-1677
-1649
-1655
-1712
-1678
-1676
-1717
-1629
-1537
-1509
-1419
-1254
-1122
-1018
-864
-676
-458
-270
-35
127
237
488
779
948
1118
1336
1536
1813
2135
2370
2643
2976
3287
3591
3789
3977
4191
4344
4396
4415
4420
4388
4302
4044
3727
3505
3261
2907
2543
2162
1790
1477
1197
976
688
435
234
73
-160
-407
-631
-862
-1143
-1487
-1834
-2210
-2565
-2909
-3262
-3528
-3623
-3699
-3797
-3742
-3594
-3398
-3095
-2807
-2620
-2395
-2150
-2007
-1851
-1710
-1692
-1660
-1596
-1612
-1668
-1757
-1789
-1783
-1874
-1911
-1850
-1919
-1897
-1733
-1719
-1640
-1425
-1206
-1037
-856
-602
-342
-172
-23
237
366
468
757
990
1138
1327
1496
1624
1963
2315
2443
2651
2975
3166
3359
3636
3848
3957
4041
4139
4186
4179
4143
4079
3834
3506
3343
3061
2643
2352
2025
1602
1362
1175
918
678
503
326
224
88
-128
-297
-599
-868
-1098
-1461
-1853
-2156
-2578
-2984
-3204
-3373
-3582
-3642
-3553
-3485
-3363
-3090
-2833
-2630
-2394
-2162
-2003
-1929
-1766
-1670
-1731
-1752
-1707
-1815
-1963
-1874
-1911
-2108
-2088
-2010
-2076
-2042
-1895
-1835
-1760
-1542
-1299
-1143
-932
-595
-326
-218
37
309
361
537
871
1020
1118
1338
1553
1725
1920
2222
2483
2727
2990
3328
3465
3609
3900
4069
4040
4103
4161
4106
4049
3934
3712
3413
3163
2880
2499
2143
1860
1536
1258
1029
839
623
460
370
222
37
-34
-156
-456
-716
-963
-1322
-1699
-2031
-2458
-2868
-3073
-3268
-3482
-3611
-3522
-3429
-3307
-3012
-2712
-2515
-2295
-2016
-1840
-1776
-1628
-1548
-1633
-1638
-1593
-1683
-1877
-1858
-1830
-1949
-2022
-1932
-1918
-1946
-1823
-1696
-1684
-1553
-1277
-1119
-988
-699
-433
-303
-136
164
296
337
572
804
896
1047
1318
1497
1615
1898
2218
2390
2652
3013
3205
3344
3682
3888
3950
4036
4032
4006
3987
3908
3711
3423
3171
2966
2666
2235
2000
1767
1420
1234
1028
779
673
579
399
257
145
44
-149
-454
-726
-1048
-1447
-1743
-2114
-2547
-2867
-3017
-3242
-3420
-3419
-3355
-3247
-3091
-2844
-2645
-2445
-2237
-2024
-1951
-1878
-1761
-1779
-1812
-1769
-1809
-1944
-1991
-1964
-2049
-2127
-2098
-2101
-2152
-2044
-1865
-1794
-1643
-1395
-1143
-966
-741
-421
-217
-77
166
329
340
577
842
920
1085
1323
1532
1806
2059
2256
2491
2697
2960
3254
3353
3478
3791
3923
3944
4015
3956
3866
3874
3706
3448
3264
2934
2636
2359
1992
1761
1520
1202
1059
860
650
663
606
366
224
98
-103
-285
-560
-904
-1308
-1610
-1924
-2293
-2621
-2847
-3043
-3210
-3289
-3283
-3146
-3000
-2865
-2712
-2494
-2345
-2189
-2025
-1942
-1917
-1901
-1842
-1846
-1883
-1957
-2071
-2112
-2137
-2227
-2266
-2270
-2237
-2170
-2048
-1951
-1711
-1460
-1281
-1014
-776
-515
-241
-20
181
396
522
695
948
1082
1194
1399
1577
1858
2178
2275
2457
2741
2978
3190
3381
3436
3556
3788
3806
3809
3794
3695
3622
3550
3282
3098
2896
2519
2282
1972
1578
1386
1240
937
693
590
480
421
383
198
81
-22
-208
-402
-676
-1005
-1259
-1587
-1977
-2265
-2491
-2750
-2891
-2972
-3070
-2980
-2826
-2693
-2524
-2382
-2231
-2011
-1868
-1816
-1750
-1805
-1792
-1714
-1757
-1912
-2013
-2042
-2159
-2241
-2277
-2276
-2306
-2237
-2081
-1944
-1797
-1548
-1321
-1173
-958
-677
-407
-242
-37
192
346
517
760
899
1073
1314
1486
1738
2039
2293
2486
2633
2843
3140
3263
3304
3517
3635
3546
3621
3657
3535
3454
3324
3098
2932
2727
2474
2254
1953
1720
1492
1236
1072
953
719
590
565
463
397
324
160
-3
-130
-364
-665
-968
-1275
-1615
-1972
-2258
-2464
-2666
-2814
-2816
-2819
-2805
-2619
-2481
-2388
-2257
-2093
-2018
-1974
-1886
-1892
-1947
-1955
-1925
-2014
-2202
-2264
-2301
-2379
-2405
-2377
-2412
-2324
-2189
-2091
-1960
-1755
-1488
-1273
-1034
-768
-511
-280
-28
247
377
516
759
959
1122
1302
1520
1728
2009
2259
2523
2708
2879
3120
3309
3403
3492
3623
3619
3556
3570
3499
3331
3215
3020
2820
2666
2455
2198
1941
1690
1482
1289
1046
883
804
626
502
493
393
343
291
149
-32
-196
-398
-645
-949
-1334
-1652
-1939
-2212
-2465
-2614
-2697
-2729
-2660
-2604
-2490
-2330
-2201
-2051
-1914
-1886
-1838
-1769
-1852
-1885
-1895
-2052
-2208
-2271
-2441
-2551
-2530
-2600
-2644
-2531
-2449
-2294
-2122
-1955
-1670
-1415
-1192
-875
-539
-386
-102
210
316
507
759
903
1073
1275
1419
1632
1866
2086
2329
2587
2789
3056
3259
3389
3607
3715
3699
3718
3715
3545
3449
3310
3030
2820
2639
2383
2129
1894
1654
1424
1196
993
867
732
621
604
519
425
381
286
110
-2
-146
-409
-639
-893
-1218
-1552
-1857
-2141
-2368
-2517
-2605
-2587
-2591
-2556
-2423
-2304
-2190
-2077
-1986
-1936
-1908
-1880
-1842
-1894
-1955
-2030
-2220
-2350
-2443
-2563
-2628
-2656
-2680
-2613
-2485
-2358
-2143
-1935
-1723
-1442
-1159
-864
-499
-239
-2
273
448
650
888
1048
1202
1416
1601
1788
2001
2185
2381
2608
2829
2988
3109
3295
3488
3557
3611
3599
3532
3482
3399
3231
2966
2709
2493
2277
2000
1758
1557
1328
1182
1048
817
696
639
540
451
390
348
317
259
118
-47
-267
-531
-760
-1114
-1491
-1721
-1956
-2201
-2359
-2476
-2504
-2486
-2444
-2364
-2296
-2239
-2083
-1943
-1975
-1909
-1831
-1906
-1907
-1863
-2057
-2228
-2255
-2464
-2637
-2678
-2764
-2763
-2710
-2645
-2487
-2283
-2118
-1824
-1530
-1343
-944
-511
-334
-45
243
371
602
879
1049
1207
1408
1540
1773
2002
2198
2444
2625
2797
3039
3136
3197
3431
3487
3420
3506
3488
3376
3384
3267
3023
2826
2570
2318
2088
1737
1539
1321
1024
876
783
611
557
603
527
456
451
427
329
244
90
-138
-370
-612
-906
-1218
-1480
-1766
-1997
-2220
-2370
-2413
-2450
-2464
-2335
-2264
-2197
-1990
-1893
-1904
-1871
-1879
-1916
-1862
-1938
-2106
-2203
-2285
-2385
-2469
-2582
-2648
-2682
-2714
-2634
-2478
-2390
-2209
-1907
-1678
-1402
-1064
-718
-427
-131
151
364
586
885
1105
1248
1415
1577
1753
1949
2116
2321
2536
2727
2860
3000
3164
3305
3396
3501
3503
3402
3451
3393
3178
2999
2769
2516
2312
2028
1732
1495
1222
1010
827
582
530
557
449
433
464
415
418
389
254
135
-19
-235
-431
-743
-1066
-1327
-1638
-1945
-2130
-2312
-2428
-2404
-2387
-2407
-2354
-2278
-2171
-2027
-1982
-1988
-1933
-1889
-1877
-1881
-2016
-2122
-2162
-2311
-2492
-2519
-2564
-2723
-2688
-2615
-2550
-2373
-2153
-1900
-1624
-1355
-1035
-647
-362
-102
239
422
627
938
1089
1252
1454
1584
1739
2007
2169
2290
2514
2671
2872
3054
3065
3179
3395
3357
3314
3458
3343
3191
3138
2915
2679
2489
2182
1914
1665
1324
1116
961
669
579
546
375
409
449
347
375
447
318
310
280
63
-111
-325
-649
-861
-1144
-1535
-1753
-1990
-2221
-2295
-2299
-2352
-2287
-2197
-2189
-2032
-1896
-1874
-1770
-1678
-1770
-1760
-1696
-1849
-1974
-2098
-2288
-2384
-2488
-2601
-2649
-2692
-2695
-2549
-2414
-2287
-1997
-1763
-1573
-1243
-947
-709
-386
-42
136
353
612
865
1062
1198
1373
1597
1778
1964
2184
2332
2549
2836
3039
3011
3211
3449
3426
3466
3547
3405
3275
3334
3154
2891
2649
2385
2215
1928
1597
1443
1186
892
805
622
390
437
462
274
264
307
262
302
243
101
-39
-276
-528
-810
-1157
-1459
-1659
-1923
-2152
-2232
-2319
-2396
-2325
-2259
-2259
-2155
-1992
-1897
-1876
-1818
-1777
-1792
-1769
-1786
-1942
-2089
-2200
-2291
-2455
-2588
-2586
-2651
-2647
-2510
-2391
-2313
-2058
-1819
-1638
-1414
-1166
-833
-533
-267
35
261
472
796
1036
1184
1373
1588
1754
1943
2169
2348
2455
2613
2866
3000
3080
3257
3407
3418
3487
3572
3494
3414
3294
3131
2895
2633
2365
2046
1680
1440
1235
883
652
497
324
205
218
166
109
113
97
57
-4
-30
-126
-366
-603
-838
-1117
-1378
-1611
-1853
-2083
-2199
-2287
-2294
-2207
-2180
-2132
-1950
-1808
-1747
-1618
-1518
-1491
-1503
-1523
-1522
-1597
-1725
-1841
-1964
-2161
-2260
-2285
-2387
-2476
-2434
-2336
-2292
-2140
-1947
-1799
-1539
-1219
-979
-724
-444
-174
92
261
441
705
875
1006
1231
1379
1528
1807
2030
2199
2435
2669
2852
2992
3021
3201
3385
3372
3427
3466
3245
3143
3189
2934
2643
2443
2162
1923
1723
1418
1174
922
711
639
449
304
351
331
141
144
219
161
128
56
-168
-357
-506
-714
-971
-1314
-1640
-1867
-2043
-2202
-2294
-2352
-2361
-2262
-2184
-2141
-1985
-1811
-1815
-1747
-1653
-1686
-1673
-1661
-1771
-1927
-1990
-2061
-2157
-2274
-2367
-2429
-2502
-2496
-2335
-2264
-2175
-1878
-1678
-1489
-1228
-968
-697
-406
-126
96
290
539
812
985
1164
1398
1619
1781
1974
2207
2313
2448
2718
2902
3000
3184
3409
3467
3521
3591
3514
3428
3357
3199
2965
2720
2491
2228
1913
1635
1401
1089
841
722
525
314
224
210
195
132
132
115
114
27
-99
-227
-479
-718
-975
-1285
-1541
-1796
-2041
-2181
-2237
-2306
-2368
-2264
-2146
-2106
-1972
-1793
-1688
-1603
-1504
-1443
-1465
-1492
-1496
-1544
-1675
-1752
-1860
-2004
-2085
-2088
-2125
-2222
-2245
-2181
-2099
-2005
-1826
-1647
-1516
-1295
-1050
-878
-659
-424
-281
-110
81
262
504
726
922
1143
1345
1581
1831
2041
2278
2551
2783
2870
3054
3247
3330
3364
3414
3371
3213
3208
3107
2937
2741
2522
2288
2131
1942
1747
1535
1283
1205
1087
842
737
726
570
477
415
285
187
138
-9
-191
-380
-584
-782
-1078
-1359
-1621
-1877
-2055
-2152
-2266
-2349
-2288
-2215
-2167
-2137
-2053
-1974
-1932
-1833
-1805
-1834
-1822
-1826
-1889
-1937
-2021
-2045
-2072
-2188
-2215
-2181
-2232
-2225
-2129
-2061
-1950
-1787
-1634
-1484
-1326
-1165
-958
-737
-529
-270
-32
133
402
669
872
1089
1329
1526
1748
2038
2267
2476
2681
2874
3074
3255
3394
3453
3538
3566
3490
3448
3347
3182
3009
2791
2570
2358
2124
1899
1641
1392
1207
1054
834
659
565
440
378
322
207
102
46
-98
-262
-372
-584
-818
-1049
-1316
-1499
-1683
-1881
-2022
-2120
-2217
-2252
-2200
-2171
-2127
-2057
-1969
-1861
-1783
-1736
-1663
-1660
-1718
-1732
-1759
-1835
-1841
-1853
-2000
-2022
-1998
-2026
-1974
-1957
-1969
-1918
-1818
-1725
-1630
-1512
-1380
-1230
-1095
-955
-761
-589
-410
-183
17
178
466
788
1002
1242
1487
1759
2024
2350
2581
2807
3015
3173
3340
3378
3401
3434
3350
3214
3190
3056
2889
2797
2638
2411
2298
2177
2005
1882
1710
1584
1439
1261
1138
1001
759
643
502
261
87
-48
-203
-391
-522
-709
-913
-1082
-1268
-1465
-1654
-1833
-1949
-2029
-2127
-2133
-2093
-2157
-2141
-2078
-2105
-2082
-1967
-2003
-2018
-1947
-1992
-1990
-1986
-2003
-2003
-1963
-1970
-1954
-1914
-1914
-1805
-1742
-1791
-1797
-1729
-1680
-1616
-1509
-1439
-1384
-1199
-1030
-879
-642
-395
-168
88
346
609
952
1199
1442
1702
1905
2194
2541
2729
2918
3096
3198
3268
3374
3417
3378
3356
3266
3188
3062
2952
2853
2690
2526
2405
2272
2115
1927
1742
1496
1284
1138
935
727
545
361
173
30
-114
-296
-448
-609
-794
-959
-1163
-1344
-1500
-1691
-1829
-1941
-2049
-2096
-2108
-2166
-2155
-2107
-2132
-2081
-2062
-2077
-2025
-1968
-1922
-1861
-1820
-1846
-1825
-1814
-1791
-1728
-1657
-1648
-1649
-1597
-1559
-1494
-1433
-1395
-1425
-1377
-1295
-1285
-1213
-1128
-1091
-1001
-828
-688
-464
-270
-64
194
417
652
979
1232
1441
1742
2003
2207
2504
2726
2875
3044
3129
3227
3230
3149
3116
3066
2935
2816
2718
2579
2487
2505
2404
2269
2244
2143
2008
1933
1781
1546
1339
1063
823
549
294
131
-75
-355
-561
-717
-864
-993
-1101
-1248
-1408
-1444
-1547
-1649
-1722
-1822
-1929
-1955
-2034
-2126
-2154
-2240
-2271
-2286
-2315
-2318
-2246
-2250
-2290
-2153
-2083
-2023
-1848
-1774
-1726
-1556
-1479
-1435
-1340
-1335
-1282
-1231
-1254
-1289
-1297
-1327
-1294
-1190
-1149
-1075
-950
-804
-576
-334
-114
136
386
688
969
1278
1585
1791
2001
2200
2384
2557
2693
2797
2878
2904
2916
3019
3029
2967
2992
2981
2957
2968
2934
2863
2850
2760
2592
2453
2281
2097
1883
1584
1307
1068
751
439
182
-111
-357
-484
-683
-882
-1030
-1177
-1281
-1364
-1464
-1610
-1711
-1792
-1904
-2006
-2111
-2207
-2265
-2337
-2399
-2399
-2384
-2404
-2384
-2303
-2237
-2114
-1992
-1886
-1792
-1689
-1590
-1494
-1438
-1382
-1286
-1230
-1163
-1080
-1033
-982
-923
-872
-795
-796
-832
-799
-749
-717
-656
-551
-455
-333
-141
32
200
440
656
854
1067
1273
1470
1680
1816
1948
2034
2063
2194
2304
2352
2443
2562
2643
2715
2823
2867
2882
2931
2937
2931
2894
2803
2711
2558
2383
2205
1978
1707
1450
1169
848
593
314
27
-226
-459
-684
-868
-1038
-1216
-1346
-1481
-1590
-1691
-1805
-1946
-2063
-2203
-2373
-2464
-2547
-2648
-2654
-2658
-2697
-2623
-2537
-2443
-2333
-2193
-2053
-1853
-1701
-1610
-1453
-1366
-1242
-1101
-1037
-909
-807
-761
-675
-627
-587
-532
-470
-418
-362
-296
-231
-169
-98
-15
67
181
280
456
636
783
954
1116
1269
1372
1473
1544
1581
1626
1668
1709
1744
1818
1905
1963
2020
2097
2188
2311
2381
2429
2439
2409
2419
2361
2304
2190
2025
1883
1724
1573
1357
1142
914
679
454
220
23
-183
-348
-502
-658
-777
-858
-963
-1058
-1199
-1331
-1455
-1620
-1760
-1949
-2093
-2222
-2374
-2469
-2525
-2538
-2558
-2490
-2452
-2348
-2200
-2112
-1998
-1882
-1747
-1643
-1486
-1357
-1263
-1108
-966
-877
-805
-731
-640
-571
-476
-394
-338
-250
-141
-68
-4
68
156
264
365
459
598
708
825
946
1034
1114
1218
1286
1307
1331
1363
1430
1458
1470
1462
1511
1583
1651
1707
1760
1829
1867
1940
1978
2057
2081
2020
1991
1950
1844
1704
1585
1420
1239
1072
906
772
598
434
267
117
-5
-134
-252
-348
-429
-519
-608
-702
-799
-934
-1062
-1163
-1310
-1460
-1596
-1777
-1939
-2052
-2159
-2242
-2273
-2294
-2266
-2211
-2147
-2018
-1878
-1752
-1665
-1563
-1480
-1369
-1279
-1214
-1107
-1036
-971
-900
-803
-729
-638
-544
-474
-355
-247
-127
5
175
332
427
534
639
723
815
827
850
882
872
888
914
945
977
1004
1023
1081
1195
1282
1382
1486
1571
1647
1719
1762
1795
1792
1760
1736
1666
1558
1444
1330
1245
1145
1022
914
834
756
646
577
525
428
364
319
225
144
71
-29
-114
-197
-330
-445
-539
-648
-762
-892
-1023
-1109
-1216
-1342
-1427
-1503
-1553
-1574
-1605
-1618
-1607
-1575
-1554
-1541
-1484
-1462
-1409
-1362
-1326
-1302
-1235
-1186
-1146
-1050
-980
-913
-819
-736
-686
-580
-501
-395
-272
-162
13
144
251
421
523
586
723
776
734
765
755
749
738
736
753
757
778
798
858
922
1006
1113
1188
1225
1284
1336
1342
1348
1352
1271
1187
1106
989
875
768
655
548
459
383
341
273
224
225
215
209
240
268
260
291
240
176
155
78
-45
-157
-235
-335
-414
-543
-609
-679
-752
-772
-803
-852
-832
-834
-859
-879
-900
-895
-947
-956
-979
-993
-979
-978
-1025
-1071
-1083
-1104
-1113
-1079
-1044
-1020
-932
-872
-802
-679
-594
-496
-312
-207
-123
31
153
247
374
449
518
591
621
670
678
641
648
697
666
677
729
721
726
798
844
880
929
980
993
992
996
979
919
830
756
681
567
466
429
313
219
131
44
-3
-21
-48
-80
-59
-19
4
14
67
102
102
103
107
103
28
-38
-72
-163
-273
-327
-405
-445
-438
-470
-487
-470
-416
-373
-315
-281
-222
-207
-235
-282
-318
-362
-446
-444
-528
-609
-654
-702
-764
-792
-806
-804
-723
-703
-669
-603
-490
-403
-287
-158
-50
6
68
160
197
228
244
290
305
300
336
344
348
428
462
479
540
572
630
703
754
785
804
793
754
699
624
597
484
309
153
26
-55
-96
-154
-212
-190
-209
-219
-206
-163
-108
-60
-32
-19
2
-3
2
-26
-66
-76
-83
-83
-115
-133
-144
-176
-182
-168
-199
-187
-166
-199
-187
-180
-170
-147
-100
-118
-96
-104
-159
-153
-186
-256
-291
-317
-364
-337
-351
-378
-325
-297
-265
-190
-143
-95
7
51
106
171
229
249
284
327
333
350
376
387
415
423
385
363
365
367
363
392
387
404
442
423
415
405
379
367
348
298
246
163
70
5
-100
-238
-298
-376
-424
-431
-451
-460
-469
-482
-452
-408
-388
-329
-291
-283
-270
-256
-272
-310
-328
-338
-369
-365
-372
-396
-377
-339
-299
-255
-217
-199
-156
-134
-76
4
42
75
120
162
170
155
153
129
103
82
27
-20
-38
-45
-21
-26
21
76
113
189
272
353
414
479
517
555
558
578
562
557
580
571
538
527
500
490
462
462
492
475
477
451
469
440
471
453
380
354
323
244
138
67
-26
-171
-322
-402
-518
-583
-652
-724
-777
-775
-771
-743
-729
-715
-691
-699
-676
-648
-633
-651
-655
-679
-682
-657
-660
-640
-598
-575
-523
-481
-450
-385
-310
-269
-186
-123
-102
-47
-28
-12
33
66
74
99
108
114
115
105
99
83
69
103
142
173
185
229
314
357
410
460
498
530
591
632
686
722
725
801
820
861
862
833
850
842
830
850
871
863
863
856
838
834
818
769
727
662
587
500
412
302
215
112
7
-61
-188
-328
-414
-502
-595
-654
-741
-810
-859
-920
-937
-966
-1001
-1024
-1042
-1063
-1080
-1107
-1139
-1157
-1156
-1122
-1095
-1065
-1047
-987
-957
-897
-850
-783
-718
-648
-542
-469
-355
-260
-213
-158
-56
-7
44
125
172
219
255
276
290
283
296
341
350
372
439
464
454
509
515
523
573
592
613
654
687
716
734
766
783
796
820
831
839
843
852
839
841
858
893
924
925
925
893
864
823
783
748
663
564
505
414
311
240
124
22
-77
-171
-255
-324
-388
-454
-498
-580
-625
-689
-720
-774
-857
-936
-979
-1057
-1102
-1138
-1207
-1216
-1250
-1264
-1243
-1229
-1183
-1110
-1081
-997
-925
-902
-841
-727
-674
-608
-542
-460
-395
-316
-165
-108
-130
-57
18
78
135
159
194
221
282
367
422
479
523
553
601
647
703
695
685
672
712
688
700
714
669
653
703
697
696
728
684
707
708
718
726
708
681
690
721
694
689
633
567
541
468
404
370
299
246
217
148
111
76
37
25
1
-46
-68
-93
-178
-220
-275
-352
-419
-466
-536
-615
-671
-733
-780
-823
-876
-912
-894
-919
-905
-868
-891
-838
-793
-805
-733
-738
-739
-678
-660
-632
-581
-552
-534
-435
-454
-446
-342
-338
-308
-250
-237
-150
-94
-35
49
106
146
230
315
346
432
499
493
557
600
593
663
703
709
729
761
798
818
802
813
811
793
785
772
699
662
633
585
561
530
459
369
331
300
234
167
61
-9
-37
-79
-133
-176
-197
-209
-228
-263
-274
-251
-269
-312
-310
-336
-331
-358
-378
-405
-434
-443
-464
-476
-467
-466
-464
-394
-372
-323
-323
-298
-263
-251
-240
-202
-186
-173
-134
-141
-139
-162
-200
-182
-164
-193
-184
-178
-184
-167
-131
-130
-167
-131
-79
-66
-45
-19
13
37
118
181
224
212
229
282
338
381
405
418
464
519
546
569
583
598
605
642
669
655
616
583
520
482
459
435
336
271
247
185
112
58
8
-37
-72
-107
-149
-170
-225
-296
-337
-385
-393
-431
-480
-512
-537
-582
-592
-629
-684
-679
-683
-681
-658
-665
-667
-594
-541
-520
-493
-436
-380
-302
-250
-211
-147
-94
-35
2
44
55
33
91
152
170
213
194
214
227
228
249
220
230
229
232
280
295
285
266
273
290
297
345
337
361
409
444
469
451
442
424
459
473
491
483
479
499
510
491
485
448
373
340
284
267
203
121
73
64
42
1
-50
-102
-116
-87
-137
-155
-201
-257
-251
-267
-309
-373
-417
-419
-477
-506
-501
-573
-604
-608
-577
-606
-629
-624
-648
-622
-608
-576
-528
-537
-461
-388
-387
-341
-330
-299
-239
-173
-144
-113
-61
-71
-46
-23
-11
-8
13
41
84
131
101
106
100
104
105
220
191
161
286
297
370
495
461
446
511
573
682
693
645
621
614
597
689
701
604
625
660
597
625
569
475
423
333
278
260
201
108
70
35
-33
-67
-135
-213
-176
-209
-235
-252
-292
-300
-327
-348
-354
-373
-389
-395
-386
-407
-420
-458
-523
-542
-538
-546
-572
-563
-524
-509
-483
-449
-454
-414
-383
-335
-305
-263
-293
-277
-219
-192
-151
-154
-121
-108
-96
-80
-36
-47
-45
9
52
63
79
81
111
161
194
236
229
237
253
277
284
304
304
314
331
354
378
421
461
473
508
513
525
508
490
489
491
465
445
439
405
386
321
303
243
180
127
100
75
22
0
20
-4
-55
-55
-48
-78
-86
-50
-78
-95
-116
-159
-163
-163
-203
-230
-291
-319
-335
-383
-410
-416
-437
-404
-385
-374
-341
-382
-358
-357
-365
-340
-355
-348
-319
-323
-308
-315
-309
-294
-263
-234
-235
-196
-176
-147
-102
-74
-73
-29
-8
32
73
98
128
163
195
194
263
265
273
283
299
319
298
311
309
302
284
295
309
334
336
335
351
362
356
357
378
345
325
262
195
156
109
89
11
-11
-1
-17
-28
-30
-30
-40
-38
-28
-16
-24
-45
-40
-44
-42
-59
-77
-116
-156
-160
-194
-187
-215
-230
-214
-227
-222
-225
-219
-194
-188
-162
-162
-194
-167
-172
-187
-192
-197
-191
-199
-193
-188
-204
-194
-196
-186
-175
-149
-111
-103
-72
-41
-24
20
26
32
60
80
104
102
127
133
136
162
194
170
197
229
255
297
314
318
306
326
321
312
292
301
315
286
302
289
265
217
164
136
79
46
11
-12
-24
-39
-71
-78
-101
-120
-137
-142
-134
-143
-128
-141
-149
-130
-140
-144
-140
-147
-150
-179
-204
-206
-217
-206
-181
-149
-164
-106
-87
-92
-63
-99
-135
-108
-80
-56
-41
-53
-37
-30
-43
-69
-68
-99
-123
-96
-117
-132
-130
-134
-89
-88
-87
-81
-77
-53
-36
-25
-23
-22
-1
44
82
