1
12
14
8
16
16
20
25
27
12
22
16
11
5
-6
10
13
9
15
19
16
21
25
13
12
8
3
6
5
3
1
-4
-9
-6
-10
-13
-23
-22
-17
-22
-13
-5
-6
0
-2
-5
-3
-4
-12
-16
-14
-10
-9
-8
-2
-12
-7
3
-4
-1
-7
-1
-11
-18
-28
-15
-9
-17
-6
-3
-4
-2
-10
-17
-9
-14
-13
-15
-14
-13
-7
0
-12
-10
-8
-1
-6
-3
13
-3
-7
-15
-24
-21
-15
-3
-17
-17
-7
-3
-5
5
1
-2
-6
-13
1
2
6
15
14
14
13
12
12
5
10
10
15
23
18
15
11
11
1
-9
2
2
7
20
27
15
12
16
0
5
8
6
2
6
6
18
18
23
13
12
9
5
-2
-1
0
2
8
13
13
4
10
9
3
8
-5
-10
8
-3
-3
12
17
14
10
14
26
14
14
17
8
10
2
-5
-11
0
-7
-5
-1
-7
-6
-18
-27
-15
-17
-27
-18
-21
-17
-8
-16
-18
-17
-24
-21
-18
-18
-7
-6
1
0
10
5
-2
-6
-4
-6
-16
-8
-7
0
-6
7
4
6
8
-2
-8
-18
-11
-9
-15
-8
-21
-17
-8
-1
9
10
1
5
2
-5
7
-3
13
7
9
6
-6
-7
-9
-13
-12
-6
-8
-5
3
6
12
23
22
12
19
20
5
13
17
15
17
20
7
4
11
14
14
9
18
13
13
19
11
8
6
15
19
11
4
2
2
-12
-12
-11
-9
-13
1
-8
-8
-14
-9
-9
-4
-21
-15
-132
-463
-471
-129
119
160
-124
-395
-345
-215
64
274
174
-102
-258
-102
267
533
450
218
89
55
205
538
795
816
487
162
245
477
650
731
538
221
58
90
320
545
374
31
-272
-323
-117
-61
-113
-300
-573
-644
-595
-544
-867
-1304
-1313
-1054
-829
-1029
-1492
-1495
-1495
-1213
-810
-981
-1046
-1006
-825
-424
-205
125
442
347
419
584
978
1355
1492
1661
1558
1378
1401
1578
1802
1636
1322
1085
756
736
733
491
277
-119
-416
-462
-630
-686
-816
-1023
-983
-970
-915
-934
-907
-648
-550
-469
-292
-137
27
142
355
545
549
635
725
734
455
162
500
893
816
440
-96
-77
97
112
181
120
-14
-296
-458
-167
242
293
84
-78
49
179
386
621
785
718
420
501
782
951
982
822
607
472
329
344
305
77
-256
-581
-648
-615
-792
-1089
-1349
-1448
-1523
-1695
-1645
-1649
-1840
-2319
-2853
-2650
-2075
-1985
-2180
-2544
-2395
-1747
-1317
-1325
-1545
-1250
-574
-20
257
559
932
1069
985
1441
2146
2493
2441
2344
2535
2544
2515
2737
2768
2479
1974
1526
1455
1466
1232
798
306
-86
-286
-400
-494
-629
-980
-1353
-1253
-887
-842
-1090
-1203
-853
-536
-416
-248
-65
31
12
-73
277
897
1102
914
622
594
887
1143
1317
1319
1023
628
537
777
1065
986
550
160
-12
77
277
439
359
31
-367
-387
152
556
552
181
-177
-102
102
383
518
274
-112
-493
-457
-67
-103
-395
-678
-1040
-1162
-1174
-1178
-1127
-1452
-1915
-2071
-2012
-1910
-2079
-2662
-3067
-2910
-2459
-2208
-2454
-2705
-2274
-1648
-1675
-2120
-1877
-935
-126
-45
-148
487
934
838
1107
1829
2496
2489
2161
2495
2826
2822
2910
2961
2997
2565
1920
1859
2058
2027
1416
726
445
211
11
-189
-336
-440
-1221
-1483
-725
-432
-834
-1421
-1303
-404
-318
-348
-247
-566
-334
257
705
1134
762
335
622
1113
1662
1552
1344
1275
1071
1024
1129
1540
1611
851
395
234
390
708
442
407
80
-427
-231
-72
168
162
-523
-609
-302
-209
3
-86
-325
-423
-670
-565
-303
-672
-956
-1047
-1106
-900
-1101
-1493
-1592
-1840
-1844
-1828
-1893
-1885
-2059
-2051
-2494
-3098
-2880
-2325
-1788
-2261
-3004
-2241
-1212
-1218
-2206
-2497
-877
156
-127
-192
246
894
712
631
2023
2884
2564
1994
2163
3143
3309
3105
3287
3160
2689
2067
1976
2653
2495
1606
852
426
655
340
-102
-245
-1020
-1171
-877
-893
-943
-1545
-1548
-992
-864
-734
-1378
-1123
38
275
413
165
70
747
918
1506
1965
1867
1784
1323
1582
2026
1988
2141
1678
1371
1186
801
1259
1311
1086
557
-299
53
216
27
182
-559
-758
-716
-802
-382
-404
-767
-1003
-1171
-918
-815
-1048
-1203
-1391
-1275
-1209
-1153
-1370
-1831
-1916
-1864
-1682
-1363
-1743
-2071
-2039
-2155
-1865
-2159
-2983
-2715
-2216
-2215
-2510
-2777
-1723
-999
-2060
-3148
-2578
-625
477
-129
-552
-26
196
312
1257
2693
2865
2075
1745
2536
3747
3865
3475
3503
3218
2750
2660
2879
3329
2830
1662
1052
1007
893
227
24
404
-237
-1504
-2037
-1296
-677
-1207
-1747
-1845
-1857
-1922
-1593
-669
-28
-522
-972
-384
590
1172
1179
1295
1870
1938
1548
1740
2503
2911
2361
1817
1945
2200
1980
1772
1798
1648
1086
639
589
773
411
-574
-873
-706
-508
-930
-1570
-1864
-1952
-1397
-1023
-1198
-1420
-2329
-2308
-1781
-1734
-1314
-1514
-1604
-1608
-1975
-1641
-1575
-1442
-1146
-1503
-1388
-1373
-1259
-826
-1489
-2237
-2542
-2289
-1559
-1975
-1965
-1210
-1894
-3091
-3423
-1861
141
-372
-1575
-1442
-739
19
205
953
2036
1601
1167
1588
2783
4003
3673
3396
3448
3311
3440
3277
3861
4121
2863
2062
1827
2005
1952
806
589
639
-42
-688
-1369
-1024
-868
-1716
-1833
-1644
-1564
-1792
-2699
-2386
-1137
-403
-212
-590
-666
-350
157
1226
2198
2181
1560
1137
1798
2733
3234
3156
2565
2058
1641
1751
2505
2618
2081
1163
328
391
510
428
188
-306
-855
-1263
-1111
-794
-973
-1546
-1927
-1900
-1581
-1598
-1924
-2089
-2226
-2096
-1961
-1910
-1926
-2156
-2755
-2693
-2051
-1559
-1681
-2395
-2578
-1922
-1647
-1650
-1835
-2620
-3094
-3003
-2176
-913
-290
-915
-2557
-3796
-2768
-514
994
505
-851
-1318
-1031
233
1602
2293
2224
1182
767
1823
3224
4295
3984
3078
2734
2616
3126
3813
4056
3463
2321
1683
1937
1863
1716
958
-451
-689
409
1359
838
-1409
-2615
-1965
-987
-71
-584
-1294
-1624
-1870
-893
310
719
395
-918
-669
644
1971
2842
2267
1760
1040
893
2176
3070
3250
2342
964
965
1450
2204
2478
1496
601
-292
-503
452
590
82
-725
-1510
-1032
-751
-1075
-1150
-1829
-2246
-2691
-2184
-487
-703
-1867
-3060
-3531
-2184
-1496
-1340
-1343
-2240
-2722
-2928
-2523
-1590
-1772
-2125
-2265
-1893
-1111
-1675
-2720
-3278
-2959
-1621
-852
-23
-628
-3030
-3923
-2500
78
1759
335
-1204
-1497
-1136
663
1983
2770
2131
235
41
1692
3804
4772
3591
2387
1858
2261
3305
4137
4401
3165
1452
1305
1853
2685
2456
-93
-677
892
1593
1038
-1188
-2070
-1156
-885
-66
-59
-701
-1427
-2453
-1456
257
1126
789
-781
-899
-244
1073
2922
2606
2093
579
-238
1879
3169
3484
2641
749
564
812
1662
2632
1714
726
-410
-615
358
529
336
-532
-1146
-1051
-1095
-566
-708
-1413
-1349
-1638
-1200
-764
-1493
-1659
-1722
-1866
-1145
-1114
-1333
-1539
-2295
-2012
-1459
-1293
-1089
-1668
-2077
-1850
-2197
-1989
-1644
-1681
-2406
-3567
-3360
-2559
-2198
-2454
-2971
-2113
-2007
-3491
-3561
-2458
-704
-179
-1330
-1071
-704
-476
476
1267
2539
2592
1558
1818
2942
4183
4608
4150
4116
3670
3285
3591
4079
4733
3682
2183
1959
1914
2073
1666
807
542
-199
-836
-764
-901
-830
-1519
-2292
-1910
-1652
-1672
-2002
-2050
-1428
-967
-381
-87
27
222
-2
738
1944
2492
2680
2070
1853
2400
2725
3265
3277
2610
1984
1379
1605
2190
1993
1284
379
-123
-283
-242
-219
-525
-833
-1549
-2040
-1830
-1622
-1266
-1368
-1820
-1985
-2252
-1949
-1269
-1074
-1231
-1508
-1728
-1544
-1022
-1133
-1155
-824
-1216
-1444
-1582
-1507
-919
-1090
-1588
-1694
-1852
-1892
-2606
-3247
-2697
-2237
-2612
-3320
-3135
-2076
-2014
-3397
-4072
-2826
-1206
-1016
-1465
-1218
-758
-286
158
1000
2193
2225
1912
2421
3488
4509
4404
4121
4520
4386
4271
4383
4636
4741
3727
2819
2567
2630
2731
2036
1099
276
-628
-688
-748
-897
-982
-1887
-2486
-2602
-2604
-2116
-1979
-1948
-1836
-1945
-1300
-664
-224
328
524
777
1085
1577
2222
2647
2949
2812
2663
2845
2899
3079
3016
2494
2097
1811
1705
1602
1123
533
-81
-475
-727
-968
-1131
-1431
-1931
-2255
-2292
-2163
-2210
-2471
-2508
-2327
-2120
-1884
-1807
-1860
-1855
-1787
-1442
-967
-876
-1093
-993
-1057
-1123
-827
-831
-554
-716
-1547
-1755
-1557
-1006
-873
-2237
-3224
-2934
-2264
-2059
-2751
-2936
-2194
-2565
-3771
-3875
-2294
-836
-1074
-1755
-1677
-876
-184
192
1229
2174
2087
2002
2299
3476
4649
4610
4586
4541
4401
4559
4470
4975
5185
4181
3347
2775
2526
2620
2224
1675
834
-176
-643
-961
-944
-988
-1599
-1942
-2436
-2697
-2459
-2426
-2005
-2015
-2099
-1385
-847
-268
-125
-348
295
999
1576
2151
2132
2240
2274
2512
3038
3230
3047
2270
1693
1720
1854
1854
1508
943
260
-649
-843
-694
-726
-1100
-1934
-2424
-2246
-2250
-2334
-2311
-2255
-2214
-2314
-2296
-1973
-1567
-1686
-1676
-1426
-1093
-680
-938
-997
-687
-752
-510
-754
-881
-570
-957
-993
-1081
-1268
-1186
-1672
-2318
-3014
-2976
-2017
-2201
-2957
-3500
-3033
-2248
-3295
-3847
-2949
-1802
-1047
-1833
-1667
-632
-474
28
687
1940
2990
2503
2488
3397
4428
5057
4789
4994
5191
4679
4588
4792
5227
4925
3515
3013
2799
2382
2075
1396
1060
260
-1062
-1339
-1270
-1309
-1693
-2451
-2310
-2347
-2673
-2641
-2379
-1737
-1722
-1939
-1311
-529
179
547
642
1269
1428
1627
2396
3014
3309
2956
2661
2942
3015
2752
2446
2175
1953
1387
793
668
460
1
-677
-1312
-1502
-1825
-2119
-2209
-2405
-2561
-2985
-3227
-2649
-2302
-2311
-2384
-2444
-1928
-1559
-1361
-1052
-1058
-1103
-1002
-500
0
-238
-562
-941
-947
-554
-452
-257
-468
-1456
-1838
-1651
-1293
-1514
-2846
-3349
-2907
-2775
-2930
-3095
-2342
-2347
-3994
-4450
-2965
-932
-548
-1728
-1653
-917
-152
665
1334
2513
2585
2005
2697
4177
5425
5358
4676
5030
5174
5124
5225
5365
5478
4317
3120
3077
3073
2841
1938
960
556
-283
-865
-974
-1242
-1582
-2482
-2947
-2462
-2361
-2567
-2810
-2587
-2048
-2044
-1724
-1095
-347
328
453
957
1524
1634
2073
2502
3081
3362
3073
3087
3004
2824
2491
2207
2242
1927
1104
383
81
25
-458
-1097
-1629
-1982
-2284
-2632
-2858
-3015
-3141
-3277
-3136
-2712
-2525
-2504
-2529
-2386
-1772
-1476
-1163
-908
-994
-840
-694
-334
6
-124
-271
-357
-479
-552
-447
-261
-223
-594
-1197
-1539
-1456
-1447
-2113
-2845
-2988
-2587
-2654
-3142
-2971
-2267
-2664
-3951
-3906
-2390
-789
-896
-1643
-1135
-421
190
864
1863
2853
2839
2590
3172
4444
5380
5289
4999
5128
5075
5108
5129
5316
5062
3849
3114
3046
2878
2387
1516
767
152
-638
-1132
-1199
-1406
-1938
-2716
-3105
-2647
-2199
-2321
-2669
-2607
-2155
-1548
-1070
-701
-338
66
507
1281
1901
1946
2149
2283
2652
3100
3085
3264
3199
2558
2108
1802
1743
1716
912
268
-118
-601
-998
-1465
-1760
-1987
-2410
-2811
-2940
-2964
-3109
-3204
-2931
-2582
-2398
-2467
-2483
-2031
-1558
-1253
-882
-796
-766
-553
-411
9
288
21
63
-121
-425
-357
-425
-129
-342
-1156
-1339
-1328
-1382
-1816
-2834
-3125
-2758
-2626
-2898
-3466
-3000
-2345
-3080
-3794
-3244
-1764
-825
-1408
-1486
-621
86
816
1238
2152
2810
2594
3025
3920
4993
5418
4809
4870
5122
5056
5118
4965
5109
4518
3307
2929
2672
2530
1857
858
457
-236
-951
-1365
-1686
-1618
-2119
-2909
-2929
-2561
-2051
-2266
-2672
-2158
-1628
-1153
-773
-559
31
519
999
1759
1985
1982
2121
2407
3011
3166
2909
2675
2497
2369
2091
1733
1275
755
178
-352
-541
-917
-1463
-1861
-2272
-2626
-2977
-3222
-2948
-2836
-3107
-3224
-3006
-2552
-2217
-2045
-1830
-1486
-1172
-901
-386
26
-19
-108
-61
517
1056
727
184
-43
-83
117
75
-76
-279
-950
-1346
-1368
-1461
-2135
-2905
-2818
-2606
-2805
-3255
-2847
-2144
-3053
-4190
-3571
-1781
-488
-1035
-1664
-971
-228
454
1213
2169
2739
2353
2307
3381
4818
5304
4739
4490
4610
4672
4678
4697
4891
4190
2867
2394
2439
2335
1582
611
180
-308
-979
-1284
-1373
-1494
-2155
-2836
-2773
-2445
-1938
-1780
-1937
-1824
-1854
-1381
-568
-27
568
717
1042
1673
1915
2149
2493
2804
2994
2602
2444
2562
2594
2347
1667
1235
671
202
26
-308
-541
-1322
-2138
-2332
-2534
-2506
-2796
-3105
-3050
-3246
-3284
-3025
-2678
-2161
-2107
-1938
-1430
-1136
-759
-537
-96
338
251
273
581
1079
1295
985
623
598
561
444
301
302
56
-657
-1214
-1122
-1208
-1995
-2963
-2980
-2391
-2597
-3228
-3310
-2402
-2635
-3950
-4005
-2555
-1091
-1137
-1980
-1411
-554
-84
630
1522
2485
2342
1940
2736
4166
5081
4801
4358
4394
4332
4348
4540
4894
4577
3161
2307
2311
2327
1958
1032
388
-67
-925
-1318
-1326
-1426
-1729
-2459
-2826
-2637
-1991
-1525
-1714
-1875
-1976
-1367
-472
-84
308
470
859
1537
1836
2172
2209
2220
2458
2580
2773
2683
2442
1949
1421
1269
989
737
216
-591
-931
-1374
-1662
-1696
-2113
-2398
-2876
-3244
-2904
-2708
-2524
-2561
-2717
-2343
-1989
-1401
-922
-712
-442
-331
9
452
636
920
1097
1189
1182
950
862
856
776
626
290
0
-310
-766
-1005
-1351
-1514
-1934
-2824
-3289
-3083
-2899
-3147
-3682
-3310
-2601
-3298
-4099
-3739
-2177
-856
-1236
-1630
-1058
-374
301
932
2042
2825
2530
2353
2997
4358
5081
4615
4354
4298
4240
4374
4394
4557
4058
2817
2217
2007
2043
1693
707
178
-459
-1143
-1441
-1664
-1539
-1823
-2700
-2889
-2287
-1564
-1537
-2057
-2106
-1595
-824
-242
80
359
398
815
1516
2135
2486
2093
1892
2197
2479
2701
2726
2295
1646
968
635
999
952
151
-630
-1254
-1571
-1598
-1720
-1627
-1962
-2732
-2964
-2608
-2026
-1791
-1990
-2062
-1777
-1337
-910
-348
-8
-192
-153
359
978
1337
1032
769
975
1081
960
666
396
427
213
-147
-156
-769
-1365
-1687
-1768
-1670
-2482
-3418
-3315
-2864
-2968
-3674
-3762
-2757
-2833
-4021
-4221
-2718
-1017
-1042
-1913
-1565
-726
65
582
1329
2416
2257
1900
2491
3812
4995
4566
3913
4111
4138
4290
4179
4235
4246
3008
2209
2130
1966
1742
970
395
-70
-933
-1336
-1381
-1348
-1524
-2343
-2682
-2308
-1820
-1468
-1788
-1882
-1469
-952
-293
35
224
464
813
1523
2031
2195
2127
2007
2260
2571
2734
2661
2318
1938
1444
1146
1031
878
374
-266
-611
-995
-1184
-1467
-1693
-1889
-2254
-2467
-2399
-2017
-1840
-1973
-1884
-1658
-1244
-925
-691
-84
155
137
267
643
1074
947
673
675
1058
1167
682
397
90
30
-138
-813
-863
-1005
-1545
-1715
-2147
-2555
-3238
-3912
-3348
-3055
-3463
-3897
-3539
-3066
-3896
-4291
-3327
-1846
-1142
-1959
-2049
-1007
-291
528
1143
1879
2477
2055
2327
3574
4628
4902
4265
4124
4448
4435
4478
4576
4488
3641
2576
2483
2445
2034
1439
517
58
-541
-1201
-1102
-1348
-1765
-2425
-2939
-2221
-1593
-1616
-2071
-2490
-1902
-1080
-569
-70
-64
162
504
1041
1979
2251
2236
2088
2085
2713
2867
2913
2751
2153
1819
1317
1364
1534
808
146
-383
-657
-621
-1079
-1351
-1557
-1973
-2110
-2193
-1843
-1711
-2053
-2044
-1759
-1165
-728
-717
-569
-528
-497
-116
485
953
795
329
208
465
663
585
275
-174
-590
-555
-337
-520
-1089
-2006
-2362
-2200
-2531
-3029
-3283
-3149
-3110
-3750
-4102
-3309
-2655
-3493
-4362
-3633
-2006
-985
-1465
-1703
-939
-446
136
1031
2062
2655
2243
2114
3111
4347
4825
4444
4153
4072
4078
4156
4269
4319
3649
2512
2041
1930
1801
1492
701
-13
-700
-1364
-1337
-1233
-1406
-1868
-2631
-2617
-1997
-1467
-1350
-1745
-1700
-1172
-572
43
371
757
1066
1301
1835
2297
2490
2514
2480
2800
3039
2927
2808
2578
2315
1837
1406
1381
1017
417
-157
-465
-424
-813
-1317
-1628
-1908
-1917
-2145
-2008
-1678
-1949
-1953
-1802
-1342
-956
-1128
-974
-555
-198
-9
127
367
566
232
-15
442
838
583
6
-373
-248
-240
-664
-945
-1208
-1581
-2005
-2189
-2322
-2989
-3828
-3827
-3322
-3170
-3820
-3841
-3250
-3654
-4279
-3934
-2324
-957
-1613
-2288
-1601
-621
340
719
1359
2123
1871
1847
2673
4088
4843
4049
3599
3779
4151
4438
4105
4179
3748
2572
2214
2115
2236
2012
793
101
-330
-761
-822
-1098
-1228
-1586
-2387
-2595
-2011
-1230
-1035
-1531
-1848
-1388
-499
161
418
652
835
1196
1836
2292
2709
2731
2492
2708
2945
3123
3211
2771
2387
2139
1869
1827
1434
733
210
-86
-255
-512
-862
-1303
-1638
-1890
-2100
-1779
-1499
-1662
-1876
-2159
-1889
-1115
-790
-497
-464
-691
-574
-107
436
751
478
30
177
392
395
233
-271
-531
-624
-866
-1043
-1284
-1715
-2148
-2384
-2632
-3140
-3695
-3842
-3708
-3663
-4045
-3756
-3178
-3894
-4670
-4320
-2771
-1223
-1574
-2188
-1831
-1154
-130
634
1642
2298
1869
1683
2489
4056
4971
4402
3839
3757
3946
4385
4445
4558
3908
2598
2199
2089
2203
2002
939
218
-454
-936
-939
-1184
-1232
-1618
-2417
-2538
-2146
-1363
-1012
-1451
-1748
-1529
-593
307
648
974
1043
1250
1887
2421
2988
3027
2746
2914
3169
3445
3513
3077
2751
2299
1946
1911
1529
1155
497
-95
-205
-562
-909
-1306
-1601
-1765
-2157
-2139
-1930
-1907
-1912
-2055
-1782
-1290
-1197
-955
-768
-714
-534
-438
-66
403
363
142
37
66
223
112
-145
-410
-555
-742
-1051
-1397
-1750
-1898
-2092
-2590
-3292
-3779
-3669
-3320
-3486
-3864
-3715
-3493
-4058
-4507
-3844
-2351
-1395
-2048
-2573
-1898
-1024
-111
646
1439
1900
1558
1615
2704
4057
4604
4133
3732
3745
3929
4275
4505
4564
3716
2521
2249
2295
2285
1895
1047
467
-293
-920
-1006
-958
-1070
-1561
-2141
-2238
-2086
-1713
-1331
-1085
-981
-1135
-785
-33
579
1037
1267
1729
2266
2400
2563
2884
3297
3591
3538
3434
3385
3242
2933
2639
2475
2192
1575
963
454
198
-86
-706
-1031
-1331
-1792
-2064
-2353
-2298
-2044
-2210
-2283
-2294
-2080
-1860
-1704
-1155
-812
-731
-810
-718
-209
83
143
30
59
384
188
3
-206
-494
-307
-574
-903
-1263
-1915
-1883
-1900
-2388
-3098
-3914
-3710
-3399
-3625
-3820
-3834
-3409
-4056
-4872
-4177
-2905
-1678
-1971
-2670
-1963
-1319
-460
582
1234
1908
1682
1529
2671
3870
4668
4475
3997
4160
4174
4437
4738
4746
4229
2981
2502
2544
2379
2180
1404
653
-24
-856
-951
-826
-970
-1356
-2230
-2503
-1935
-1409
-1111
-1258
-1491
-1226
-632
93
583
992
1297
1616
2232
2546
2879
3269
3185
3415
3714
3666
3777
3418
2881
2687
2293
2097
1864
1156
536
56
-329
-638
-973
-1502
-1960
-2141
-2465
-2482
-2213
-2450
-2608
-2632
-2583
-1967
-1611
-1516
-1083
-1122
-1142
-813
-478
11
93
-26
-31
-48
-26
-197
-188
-154
-610
-860
-1154
-1390
-1433
-1859
-2179
-2341
-3147
-3693
-3726
-3441
-3162
-3509
-4053
-3816
-3609
-4074
-4082
-3144
-1884
-1524
-2051
-2196
-1362
-390
292
1070
1728
1845
1876
2148
3172
4383
4438
4013
3842
3775
4084
4323
4402
4301
3361
2502
2119
2153
2274
1753
1072
223
-535
-593
-636
-586
-1077
-1988
-1797
-1267
-827
-679
-1268
-1240
-865
-359
508
970
1378
1300
1252
2057
2741
3414
3296
2899
3195
3180
3574
3847
3465
3108
2218
1681
1858
1676
1344
480
-261
-536
-967
-1198
-1524
-1788
-2103
-2837
-2807
-2483
-2381
-2273
-2689
-2579
-2109
-2028
-1572
-1151
-1132
-1154
-1403
-906
-2
352
55
-531
-544
-354
-223
49
-273
-607
-1079
-1761
-1485
-1436
-1576
-1774
-2627
-3297
-3609
-3661
-3086
-2931
-3255
-3771
-3886
-3358
-3561
-3714
-3137
-2157
-1224
-1589
-1836
-1072
-412
477
1098
1566
2207
2105
2103
2931
3863
4411
4093
3728
3711
3792
4119
4169
4144
3550
2406
2224
2436
2294
1894
834
251
48
-344
-248
-427
-953
-1534
-1738
-1060
-419
-534
-1172
-1462
-729
145
912
1433
1287
1179
1240
1749
2917
3500
3217
2712
2529
2965
3429
3511
3213
2574
1828
1299
1336
1593
1213
337
-555
-1027
-1117
-1362
-1662
-1865
-2229
-2706
-2851
-2613
-2289
-2323
-2615
-2606
-2115
-1694
-1513
-1261
-1180
-1168
-1238
-958
-175
97
-149
-533
-585
-187
-302
-411
-452
-758
-1099
-1581
-1673
-1415
-1694
-2164
-2687
-3262
-3504
-3390
-2967
-2917
-3197
-3586
-3495
-3338
-3740
-3432
-2315
-1393
-1159
-1659
-1665
-839
2
745
1452
1844
1893
1864
2336
3392
4290
4296
3877
3777
3749
3951
4220
4422
4102
3035
2296
2446
2742
2364
1247
546
304
21
-165
-437
-776
-1184
-1433
-1046
-525
-720
-1311
-1410
-592
280
629
691
781
1040
1319
1856
2743
3075
2727
2248
2391
3241
3703
3407
2879
2381
1941
1697
1667
1649
1213
372
-432
-707
-655
-940
-1510
-2049
-2357
-2437
-2605
-2659
-2563
-2559
-2619
-2585
-2480
-2100
-1814
-1742
-1410
-1239
-1121
-1042
-916
-636
-296
-212
-322
-388
-535
-759
-617
-697
-783
-1033
-1601
-1659
-1858
-2043
-2318
-3022
-3427
-3255
-3032
-2872
-3075
-3207
-3211
-3614
-3865
-3261
-1873
-1086
-1344
-1745
-1468
-622
262
928
1570
1927
1706
1853
2667
3764
4350
3917
3595
3697
3849
4041
4039
4107
3762
2722
2234
2409
2648
2187
913
301
246
73
-73
-474
-812
-1273
-1635
-1121
-501
-389
-1153
-1696
-830
178
900
1109
964
1192
1221
1675
2822
3475
3337
2661
2428
3119
3696
3763
3371
2690
2078
1542
1569
1804
1554
696
-442
-913
-852
-1057
-1294
-1741
-2391
-2670
-2841
-2558
-2266
-2523
-2894
-3027
-2563
-2070
-1867
-1808
-1935
-1662
-1424
-1249
-710
-667
-705
-819
-1071
-656
-446
-597
-679
-1065
-1194
-1342
-1470
-1263
-1298
-1739
-2632
-3218
-2886
-2466
-2277
-2543
-2988
-2973
-3162
-3527
-3297
-2521
-1601
-1335
-1826
-1906
-1330
-572
252
805
1208
1385
1387
1843
2745
3645
3871
3492
3333
3429
3741
4061
4045
3875
3307
2772
2811
2816
2490
1776
1084
806
594
289
26
-405
-865
-1098
-974
-611
-652
-1047
-1217
-964
-367
266
557
776
753
782
1387
2161
2788
2889
2475
2395
2759
3248
3479
3378
3031
2472
2049
1924
1948
1844
1252
384
-83
-426
-601
-830
-1263
-1567
-1947
-2433
-2523
-2407
-2327
-2483
-2791
-2605
-2296
-2234
-2206
-2168
-1848
-1728
-1663
-1253
-1058
-1013
-1218
-1312
-882
-783
-959
-980
-1055
-1025
-1238
-1535
-1323
-1301
-1926
-2708
-2910
-2289
-1944
-2263
-2746
-2902
-2639
-3015
-3371
-2744
-1803
-1220
-1547
-2019
-1416
-851
-385
354
921
1412
1270
1236
2069
3080
3605
3403
3190
3321
3330
3464
3788
3928
3788
2919
2311
2367
1947
1829
1859
1439
1017
4
-709
-512
-713
-562
-480
-636
-810
-1463
-1552
-980
-277
170
-42
120
452
795
1541
1802
2314
2496
2102
2473
2800
3088
3392
3080
3084
2825
2446
2242
1955
1861
1530
1004
774
438
-54
-728
-1147
-1025
-1227
-1576
-1971
-2488
-2482
-2505
-2404
-2008
-2090
-2452
-2709
-2508
-2040
-1662
-1528
-1453
-1391
-1558
-1484
-1263
-1023
-768
-847
-943
-920
-1020
-1078
-981
-1014
-1063
-1222
-1462
-2041
-2533
-2468
-2047
-1698
-1940
-2479
-2573
-2774
-3241
-3009
-2036
-980
-1023
-1869
-1959
-1321
-492
219
640
1056
1057
972
1430
2325
3285
3316
2880
2852
2920
3333
3555
3513
3604
3037
2399
2211
1802
1946
2014
1581
1182
173
-464
-395
-379
-146
-574
-982
-982
-1182
-962
-795
-572
-218
-418
-113
387
797
1432
1441
1772
2133
2103
2552
2822
2977
3117
2908
2969
2993
2805
2464
1967
1837
1763
1431
1072
495
16
-440
-795
-744
-965
-1346
-1772
-2293
-2154
-2027
-2206
-2194
-2311
-2347
-2226
-2195
-2008
-1885
-1911
-1916
-1774
-1377
-1328
-1278
-1290
-1305
-1101
-1107
-988
-921
-1217
-1352
-1383
-1167
-972
-1226
-1758
-2373
-2427
-2094
-1700
-1452
-1835
-2216
-2321
-2845
-2839
-2118
-1311
-755
-1257
-1818
-1509
-896
-77
456
828
1035
983
1184
1725
2589
3110
2850
2729
2731
2801
3210
3249
3404
3291
2203
1794
2205
2378
2177
1236
543
570
342
100
-304
-415
-328
-756
-816
-703
-656
-720
-1104
-593
195
387
638
497
753
1276
1403
2001
2399
2308
2248
2272
2771
3071
3077
2894
2300
2172
1970
1675
1930
1570
902
422
-134
-132
-259
-771
-1040
-1448
-1758
-1818
-1913
-1826
-1971
-2229
-2350
-2157
-1763
-1824
-1969
-1926
-2029
-1782
-1359
-1351
-1122
-1134
-1525
-1305
-976
-917
-813
-1156
-1357
-1244
-1239
-1167
-1018
-1104
-1460
-1915
-2343
-2316
-1738
-1524
-1610
-1622
-2051
-2037
-2078
-2514
-1956
-1073
-664
-570
-989
-1100
-555
-26
549
1073
1301
1211
1093
1545
2295
2914
2800
2367
2288
2310
2498
2812
2773
2659
2247
1602
1512
1544
1390
1107
750
350
-56
-168
12
162
9
-563
-959
-653
-275
-48
-42
-92
160
390
617
963
1227
1395
1476
1672
2067
2288
2239
2172
2340
2488
2469
2411
2173
1758
1440
1207
1262
1196
770
143
-294
-535
-710
-717
-883
-1144
-1500
-1849
-1729
-1532
-1653
-1674
-1844
-1923
-1856
-1948
-1613
-1285
-1351
-1564
-1548
-1233
-1207
-1169
-1291
-1228
-925
-1157
-1210
-1044
-1239
-1303
-1575
-1577
-1109
-1176
-1368
-1864
-2421
-2272
-1839
-1265
-1199
-1582
-1921
-2234
-2234
-1966
-1302
-344
-359
-1016
-1200
-829
52
644
823
1042
1071
1089
1411
2071
2853
2862
2331
2007
2029
2519
2714
2566
2513
2062
1683
1468
1316
1461
1146
637
415
111
-18
-291
-441
-324
-405
-373
-483
-531
-345
-472
-167
414
616
882
752
765
1177
1472
1953
2231
2176
2048
1844
2072
2460
2649
2575
2011
1622
1268
1096
1284
1118
837
279
-420
-523
-558
-721
-815
-1168
-1459
-1650
-1688
-1550
-1498
-1551
-1653
-1720
-1627
-1459
-1258
-1182
-1263
-1289
-1277
-991
-759
-837
-1003
-1218
-1200
-969
-880
-913
-1159
-1429
-1529
-1471
-1177
-1102
-1329
-1983
-2640
-2398
-1788
-1211
-1150
-1744
-2088
-2322
-2514
-1998
-1104
-401
-435
-1132
-1364
-751
85
735
976
1015
943
948
1424
2111
2768
2703
2166
2067
2164
2489
2649
2517
2344
1697
1299
1510
1607
1480
756
71
73
-15
68
-253
-589
-551
-782
-808
-578
-416
-229
-416
-531
-8
564
927
980
1024
1209
1444
1870
2169
2411
2361
1999
2127
2406
2605
2530
2084
1728
1466
1181
1182
1153
745
167
-242
-512
-588
-763
-1024
-1181
-1307
-1508
-1609
-1530
-1429
-1467
-1625
-1553
-1325
-1131
-1194
-1286
-1229
-988
-741
-602
-556
-738
-985
-1047
-785
-507
-469
-735
-1188
-1495
-1459
-1220
-1032
-1077
-1377
-2028
-2608
-2539
-1930
-1345
-1322
-1816
-2276
-2334
-2456
-2287
-1471
-664
-436
-888
-1318
-781
-15
517
869
1026
1132
1094
1346
2056
2737
2771
2280
2025
2161
2302
2484
2383
2218
1724
977
1068
1389
1297
668
-231
-381
-339
-433
-586
-744
-820
-1138
-1284
-972
-521
-309
-623
-617
-78
405
914
1145
1317
1395
1349
1771
2429
2818
2665
2267
2295
2471
2748
2740
2407
2143
1607
1102
1132
1178
966
417
-305
-604
-652
-746
-915
-1190
-1457
-1576
-1586
-1565
-1389
-1347
-1580
-1555
-1352
-1156
-817
-776
-952
-843
-807
-666
-309
-224
-400
-555
-694
-680
-536
-650
-864
-953
-1255
-1414
-1259
-1249
-1323
-1719
-2501
-2584
-2167
-1748
-1440
-1579
-2011
-2204
-2182
-2223
-1773
-1058
-645
-488
-704
-785
-208
303
705
1042
1162
1261
1439
1646
2118
2458
2410
2171
2027
2014
2055
2140
1650
1436
1542
1228
1029
622
-17
-144
-294
-281
-255
-655
-1160
-1480
-1265
-815
-548
-586
-948
-867
-568
-9
837
1055
1115
1013
957
1646
2329
2572
2581
2331
2269
2366
2639
2847
2686
2292
1731
1378
1472
1391
1104
668
89
-212
-428
-601
-653
-1003
-1381
-1471
-1411
-1215
-1257
-1574
-1728
-1555
-1157
-891
-784
-804
-1032
-860
-561
-244
42
-198
-551
-636
-478
-258
-188
-402
-682
-939
-1122
-1084
-883
-901
-1242
-1663
-2207
-2394
-2180
-1958
-1543
-1610
-2097
-2212
-2107
-1821
-1602
-1740
-1526
-849
-410
-408
-438
-176
145
473
818
1234
1581
1567
1439
1728
2096
2348
2248
1947
1784
1522
1455
1672
1866
1660
892
272
19
10
102
-178
-389
-709
-1190
-1332
-1262
-939
-712
-887
-1036
-1032
-651
-103
321
743
770
781
1064
1427
2019
2337
2346
2403
2299
2370
2570
2671
2676
2416
2050
1866
1724
1504
1222
843
527
172
-89
-333
-693
-919
-1128
-1319
-1267
-1225
-1357
-1521
-1557
-1358
-1110
-1004
-1006
-928
-869
-829
-650
-393
-261
-135
-171
-236
-200
-349
-400
-186
-169
-278
-535
-940
-942
-868
-937
-951
-1204
-1622
-2025
-2253
-1991
-1527
-1255
-1511
-2035
-2175
-1993
-1445
-1033
-1123
-1257
-1242
-882
-220
132
155
126
-15
249
822
1394
1658
1459
1249
1230
1538
1903
1721
1273
1039
1072
1375
1482
1086
654
91
-137
69
142
110
-340
-875
-1110
-883
-443
-342
-470
-709
-748
-233
198
621
936
628
641
1030
1486
2084
2127
1886
1803
1933
2212
2490
2553
2271
1923
1675
1567
1723
1539
986
686
294
110
157
-194
-431
-634
-1115
-1125
-1024
-1098
-1053
-1283
-1397
-1175
-1088
-955
-795
-780
-786
-677
-471
-321
-172
-239
-352
-85
-112
-107
17
-332
-328
-318
-528
-302
-458
-843
-911
-1126
-1133
-1080
-1239
-1524
-1932
-2040
-1745
-1242
-1071
-1501
-1815
-1907
-1709
-1084
-872
-876
-906
-1231
-890
-191
175
316
30
-132
239
694
1121
1252
1044
814
724
1110
1448
1389
1190
716
631
838
908
1016
630
144
-121
-227
59
245
129
-233
-659
-566
-220
155
413
198
100
241
523
1054
1302
1202
1179
1156
1461
1873
1977
1927
1717
1575
1642
1791
1777
1468
1120
844
724
797
683
405
94
-332
-440
-342
-344
-494
-893
-1196
-1126
-901
-596
-589
-907
-1129
-1225
-929
-392
-202
-313
-509
-564
-284
-78
106
104
-58
-193
-289
-81
77
48
-167
-504
-524
-476
-512
-532
-824
-972
-984
-1089
-1097
-1267
-1500
-1523
-1391
-1223
-1256
-1269
-1336
-1426
-1265
-1104
-904
-799
-909
-882
-666
-403
-173
-138
-132
13
205
466
706
862
799
656
726
878
1173
1260
1022
846
710
687
863
898
757
594
268
155
396
584
581
302
-98
-122
160
457
665
576
399
351
488
700
935
1092
920
871
965
1009
1157
1084
972
1064
1014
923
833
639
550
510
451
306
76
-58
-156
-177
-173
-397
-444
-544
-592
-516
-688
-704
-644
-888
-955
-946
-801
-458
-361
-402
-428
-406
-349
-158
71
221
300
243
97
274
360
313
413
279
134
117
46
145
91
-135
-308
-519
-628
-802
-1051
-1193
-1318
-1312
-1347
-1451
-1492
-1716
-1837
-1814
-1763
-1503
-1423
-1438
-1349
-1264
-1079
-768
-459
-364
-221
-24
214
498
651
729
823
966
1071
1229
1274
1154
1138
1137
1191
1315
1216
943
730
560
579
703
534
319
149
-34
54
199
293
317
249
90
129
406
590
689
620
543
601
801
929
1026
1093
953
849
812
754
926
1021
740
576
252
115
382
340
194
-38
-381
-432
-315
-353
-426
-496
-695
-786
-694
-693
-561
-476
-682
-680
-510
-397
-201
-170
-292
-238
-123
3
191
178
26
70
141
312
357
137
-105
-220
-200
-131
37
-61
-360
-576
-933
-1030
-773
-753
-820
-1038
-1441
-1546
-1469
-1454
-1415
-1471
-1498
-1402
-1288
-1169
-1002
-808
-677
-522
-293
-127
113
339
437
738
950
1006
1091
1092
1179
1347
1439
1457
1311
1178
995
963
1042
879
759
498
216
210
97
20
29
-132
-167
-228
-292
-197
-256
-266
-137
-16
88
180
270
347
415
522
480
558
658
557
633
731
718
751
557
417
556
473
359
245
-21
-82
-141
-142
-107
-300
-501
-740
-612
-404
-374
-330
-590
-601
-415
-356
-19
88
-88
-51
-8
254
510
477
433
431
465
556
585
584
403
266
133
3
154
84
-116
-289
-567
-673
-696
-820
-836
-959
-1208
-1383
-1448
-1372
-1353
-1344
-1348
-1365
-1277
-1191
-1074
-822
-781
-674
-447
-349
-132
62
218
499
588
605
692
820
951
1012
1033
1024
1035
980
829
782
777
633
584
456
299
208
-32
-130
-88
-144
-127
-148
-204
-179
-207
-214
-170
-32
49
25
87
131
256
395
384
472
575
606
635
479
441
561
632
648
500
340
271
227
214
177
133
103
-82
-284
-366
-322
-238
-245
-315
-389
-487
-524
-425
-267
-155
-159
-179
-158
31
212
307
397
336
235
338
485
697
763
573
360
261
232
234
235
113
13
-139
-323
-366
-425
-599
-678
-794
-959
-1061
-1170
-1160
-1151
-1219
-1295
-1344
-1281
-1194
-1085
-946
-813
-634
-543
-394
-229
-108
28
154
353
537
614
655
648
695
781
797
826
781
724
726
660
613
546
431
300
210
168
105
16
-28
-85
-116
-133
-176
-123
-101
-111
-68
-58
24
99
159
259
300
277
232
246
388
601
649
479
265
185
303
401
572
534
309
161
-44
72
310
352
187
-136
-339
-239
-45
93
1
-197
-261
-279
-38
68
95
96
-63
8
112
214
254
119
56
158
228
312
278
156
72
7
115
159
135
-25
-217
-170
-198
-204
-220
-371
-434
-569
-615
-533
-546
-626
-827
-894
-844
-839
-771
-847
-857
-904
-1007
-908
-785
-611
-553
-607
-556
-530
-403
-217
-112
17
10
99
230
306
515
502
454
482
487
559
607
571
497
383
363
389
372
340
196
129
83
135
253
244
216
90
-11
139
258
397
440
278
212
203
287
475
513
432
307
131
215
454
610
637
413
249
293
295
392
395
330
298
178
169
183
259
233
87
148
122
154
177
-21
-37
-56
-2
156
103
-23
-175
-238
-61
117
184
118
-73
-205
-274
-83
74
105
16
-299
-452
-376
-231
-110
-257
-489
-638
-655
-626
-563
-447
-547
-606
-639
-705
-629
-646
-672
-568
-588
-611
-636
-698
-621
-590
-573
-559
-602
-617
-643
-513
-343
-310
-292
-357
-339
-236
-117
100
225
210
123
85
154
273
387
401
361
361
332
347
438
417
408
409
395
432
392
355
332
343
403
413
465
442
416
401
389
487
550
516
513
475
496
593
631
654
689
624
505
435
462
560
650
588
548
497
348
317
365
459
492
376
217
163
168
175
163
120
20
-27
-125
-147
-29
-65
-75
-167
-240
-109
-122
-174
-230
-397
-415
-401
-359
-330
-365
-420
-522
-562
-569
-601
-537
-574
-685
-728
-826
-780
-795
-850
-769
-819
-908
-908
-928
-826
-808
-747
-690
-736
-649
-633
-479
-302
-327
-300
-363
-330
-112
-98
-46
-29
-153
-112
-95
-56
76
14
-48
-73
-18
65
84
91
-26
24
40
69
251
192
168
247
152
302
435
405
493
404
392
497
614
666
604
566
531
622
751
739
788
747
640
741
831
928
951
846
863
878
930
985
928
917
815
793
828
861
842
674
597
659
641
639
508
306
323
261
260
265
126
30
-128
-135
-48
-75
-170
-383
-503
-445
-377
-277
-384
-574
-700
-786
-669
-587
-654
-774
-908
-971
-943
-832
-808
-899
-918
-1081
-1167
-1092
-1122
-1126
-1201
-1239
-1128
-1008
-939
-940
-1010
-1046
-886
-676
-499
-479
-672
-796
-641
-357
-18
45
-161
-291
-304
-114
172
278
188
-65
-146
10
217
339
84
-67
-63
25
133
-44
-258
-291
-244
25
138
153
172
38
136
299
480
696
643
660
737
846
1009
944
944
952
947
1122
1153
1196
1177
1094
1117
1126
1211
1244
1074
994
931
958
1047
980
927
838
766
771
790
751
651
561
520
475
475
384
311
299
266
301
200
43
-93
-132
-72
1
-44
-159
-310
-425
-421
-367
-325
-362
-483
-689
-830
-775
-695
-694
-702
-906
-1050
-1180
-1278
-1207
-1147
-1151
-1252
-1324
-1312
-1307
-1324
-1285
-1222
-1088
-1094
-1156
-1126
-1054
-902
-856
-847
-769
-741
-662
-602
-538
-380
-328
-335
-321
-269
-228
-164
-53
29
95
94
-73
-112
-54
89
251
262
119
-83
-77
95
299
414
258
69
75
152
426
612
535
459
354
386
622
767
842
842
765
851
1015
1102
1145
1154
1086
1109
1312
1358
1281
1209
1072
1166
1360
1330
1247
998
810
819
929
1075
1094
922
647
463
500
609
678
620
427
264
136
179
256
231
119
-37
-142
-170
-191
-162
-146
-303
-442
-518
-496
-430
-473
-647
-848
-936
-914
-878
-912
-968
-1090
-1188
-1194
-1078
-1020
-1067
-1208
-1313
-1208
-1061
-1016
-1036
-1062
-1098
-1011
-878
-814
-753
-797
-890
-853
-690
-499
-432
-518
-689
-779
-699
-500
-276
-285
-446
-561
-605
-443
-251
-191
-179
-263
-334
-292
-168
-43
18
85
73
81
151
145
227
384
494
607
616
573
571
626
697
861
991
1041
1041
982
943
1055
1157
1240
1273
1223
1141
1143
1204
1197
1225
1201
1190
1209
1156
1012
922
898
978
1009
964
752
557
434
447
515
511
457
269
112
59
148
176
124
-54
-271
-321
-256
-160
-86
-183
-397
-600
-672
-556
-434
-427
-539
-721
-832
-838
-808
-788
-793
-828
-913
-995
-1026
-984
-954
-954
-980
-1010
-1019
-1068
-1062
-1016
-920
-821
-803
-776
-796
-837
-782
-694
-558
-512
-545
-550
-535
-445
-331
-256
-284
-324
-361
-307
-187
-120
-132
-128
-73
-26
-9
-50
-96
-31
55
190
314
327
255
168
246
390
537
628
609
536
525
542
689
886
919
871
768
725
826
943
1029
1106
1028
914
903
931
1023
1097
1072
968
953
906
881
934
892
789
689
626
592
624
580
476
399
301
246
285
290
258
112
-63
-121
-154
-113
-84
-154
-249
-311
-295
-329
-379
-441
-470
-406
-372
-476
-609
-744
-800
-723
-725
-749
-774
-844
-927
-948
-905
-866
-864
-928
-977
-979
-974
-1000
-1011
-989
-949
-864
-806
-817
-824
-837
-786
-678
-578
-617
-650
-646
-545
-383
-294
-238
-262
-295
-304
-215
-8
112
67
-41
-101
-42
90
225
227
169
177
239
355
464
471
420
401
491
560
606
686
577
554
694
838
953
977
907
830
848
915
1046
1103
1064
983
935
992
1065
1008
926
861
850
966
1048
985
863
747
648
616
670
678
607
506
377
336
301
287
181
45
14
-20
1
1
-42
-149
-205
-262
-346
-331
-371
-463
-528
-598
-657
-700
-732
-743
-811
-871
-872
-878
-873
-860
-911
-928
-918
-954
-988
-984
-1014
-1069
-1041
-1000
-931
-870
-901
-950
-992
-929
-844
-763
-702
-755
-792
-830
-786
-670
-519
-435
-476
-501
-507
-438
-306
-210
-132
-78
-47
-11
16
3
65
187
287
407
434
396
348
337
422
551
596
650
681
646
704
764
808
871
947
919
933
993
999
976
959
1000
1029
1050
1030
997
994
984
983
997
986
970
932
890
813
763
740
760
760
681
614
518
470
479
483
424
398
324
239
265
229
140
43
-80
-197
-184
-159
-204
-302
-470
-558
-581
-519
-454
-525
-698
-825
-906
-862
-809
-855
-931
-1030
-1090
-1131
-1095
-1049
-1062
-1098
-1138
-1120
-1046
-1065
-1155
-1172
-1101
-973
-900
-878
-872
-921
-899
-802
-663
-592
-589
-621
-615
-533
-467
-425
-369
-315
-273
-277
-221
-162
-147
-109
-43
28
96
98
99
165
237
344
389
431
432
456
473
511
605
666
682
685
735
786
837
863
857
899
967
1013
1002
1036
1076
1114
1111
1092
1084
1038
1027
1037
1059
1048
1030
982
964
977
926
882
805
727
668
634
674
655
552
422
306
300
326
307
271
151
16
-69
-78
-18
-39
-149
-321
-420
-414
-382
-377
-475
-573
-674
-719
-707
-735
-813
-912
-1005
-999
-931
-919
-1004
-1126
-1218
-1217
-1136
-1058
-1022
-1074
-1121
-1142
-1067
-926
-870
-887
-932
-968
-938
-844
-743
-683
-681
-666
-671
-578
-453
-463
-467
-446
-404
-318
-282
-265
-268
-215
-178
-98
61
64
39
38
46
130
242
290
286
333
375
466
521
534
525
491
512
615
695
740
764
708
690
758
810
847
920
933
890
887
912
951
1021
1053
1040
1053
1025
961
993
1036
1037
1055
961
871
813
780
798
846
833
712
618
520
471
477
460
385
324
221
148
132
110
26
-66
-162
-168
-168
-243
-364
-453
-516
-564
-584
-636
-706
-816
-899
-942
-932
-923
-948
-986
-1033
-1042
-1050
-1071
-1056
-1057
-1061
-1025
-994
-969
-934
-921
-939
-906
-815
-761
-746
-760
-783
-776
-731
-688
-605
-539
-520
-527
-530
-513
-481
-412
-321
-218
-184
-164
-167
-165
-102
-53
27
76
128
160
181
243
268
310
336
375
453
498
512
527
544
559
592
610
617
645
677
705
788
872
842
819
806
842
907
953
951
878
822
777
813
904
946
918
841
781
732
728
786
797
720
635
533
473
472
447
428
401
386
346
257
217
162
132
120
70
6
-88
-139
-172
-176
-205
-292
-397
-436
-467
-489
-483
-512
-561
-614
-685
-725
-696
-673
-672
-701
-733
-797
-830
-829
-798
-775
-771
-789
-812
-821
-798
-764
-741
-718
-711
-687
-682
-650
-611
-590
-553
-528
-515
-488
-485
-462
-428
-400
-386
-388
-388
-320
-204
-185
-214
-185
-141
-37
44
67
70
56
77
115
196
252
247
252
316
373
441
462
443
446
492
537
570
588
606
614
631
678
716
752
777
742
733
764
785
781
768
750
713
728
721
699
707
731
721
699
637
581
534
496
467
432
410
366
308
252
242
209
185
139
23
-27
-53
-90
-101
-124
-184
-252
-276
-363
-452
-443
-435
-436
-416
-463
-486
-519
-580
-611
-584
-546
-560
-572
-570
-580
-568
-538
-557
-583
-598
-614
-598
-539
-528
-534
-581
-559
-535
-498
-450
-451
-511
-558
-507
-445
-338
-266
-311
-364
-351
-313
-236
-166
-143
-130
-105
-119
-101
-38
-12
36
90
143
143
147
155
174
228
295
368
424
405
348
334
372
426
453
515
522
480
452
460
493
559
570
536
555
561
549
534
522
486
475
488
535
531
500
456
377
336
340
333
360
383
332
260
201
163
133
194
192
134
100
37
-39
-22
30
16
-15
-77
-144
-173
-203
-259
-271
-272
-287
-307
-306
-361
-412
-410
-411
-392
-375
-384
-378
-384
-374
-350
-398
-430
-451
-447
-411
-364
-346
-364
-380
-379
-393
-380
-392
-440
-389
-368
-374
-356
-342
-362
-329
-320
-309
-281
-250
-233
-210
-149
-140
-118
-95
-80
-99
-117
-113
-54
28
44
50
43
37
76
159
199
254
265
206
222
258
306
371
405
404
414
420
398
422
459
466
492
531
534
539
558
547
554
539
507
501
519
557
566
557
522
472
409
376
369
365
382
324
268
263
194
155
138
107
85
42
13
-42
-82
-117
-186
-186
-185
-213
-231
-253
-279
-349
-361
-372
-390
-359
-396
-443
-432
-430
-464
-440
-394
-412
-408
-417
-467
-503
-466
-458
-452
-421
-416
-437
-415
-418
-440
-434
-427
-443
-412
-377
-392
-367
-353
-353
-315
-243
-230
-228
-220
-199
-149
-80
-43
-31
-36
-10
-23
29
75
112
124
143
189
203
207
176
173
211
259
267
296
259
240
241
272
321
359
375
349
357
358
343
365
405
427
485
463
445
457
423
412
438
493
522
520
491
450
451
455
438
471
470
414
398
389
361
333
278
241
249
266
213
144
120
72
42
35
-3
-22
-35
-97
-158
-173
-208
-262
-271
-301
-355
-368
-382
-393
-385
-405
-448
-474
-489
-495
-487
-462
-501
-515
-525
-546
-537
-514
-523
-547
-533
-513
-512
-516
-514
-522
-490
-482
-443
-410
-416
-398
-386
-354
-293
-288
-291
-271
-224
-180
-120
-120
-148
-129
-97
-23
57
87
87
109
100
127
166
191
177
170
201
249
306
351
354
336
345
334
371
385
410
403
426
449
476
518
528
532
501
489
479
482
467
492
484
448
458
469
450
417
382
381
372
385
379
330
278
246
220
213
177
121
98
90
120
131
119
73
55
44
52
44
25
-27
-95
-88
-131
-124
-113
-153
-192
-221
-259
-291
-289
-287
-306
-306
-323
-351
-376
-415
-436
-478
-454
-432
-453
-468
-471
-496
-524
-504
-480
-487
-468
-487
-490
-447
-435
-413
-388
-397
-413
-390
-383
-374
-341
-294
-280
-264
-201
-197
-197
-127
-116
-97
-53
-37
-36
-9
27
2
12
48
68
90
117
126
128
165
196
218
268
307
301
283
308
309
350
402
416
452
461
467
437
448
464
465
486
540
523
517
526
481
463
464
471
439
440
430
379
368
336
274
240
242
236
253
273
234
198
204
164
159
177
151
157
165
146
100
73
18
-45
-48
-46
-59
-40
-77
-151
-183
-199
-214
-246
-274
-333
-380
-396
-403
-393
-420
-446
-475
-498
-532
-538
-516
-513
-508
-519
-515
-526
-518
-488
-459
-432
-397
-396
-447
-440
-422
-381
-334
-285
-286
-279
-261
-269
-260
-219
-202
-194
-175
-173
-180
-148
-116
-96
-81
-59
-36
-9
42
25
28
45
82
130
191
210
205
210
223
257
328
390
422
404
376
366
368
387
419
470
486
479
458
439
426
457
483
481
485
476
431
382
377
357
328
346
346
331
301
261
236
238
248
217
204
191
177
180
189
191
169
148
122
142
149
132
110
64
15
-22
-53
-53
-42
-53
-95
-143
-195
-243
-296
-310
-322
-331
-352
-377
-411
-448
-472
-483
-450
-425
-413
-414
-443
-489
-486
-485
-457
-424
-405
-394
-393
-374
-389
-369
-334
-292
-284
-280
-275
-267
-273
-270
-240
-226
-210
-194
-160
-177
-171
-157
-149
-106
-77
-64
-37
9
29
24
44
65
100
147
152
132
164
192
206
243
300
310
310
329
307
332
376
380
389
381
343
328
352
369
377
394
367
335
307
289
280
290
292
287
267
256
255
262
272
272
276
265
251
256
264
256
246
241
215
185
182
171
164
157
142
120
66
21
0
-7
-10
-33
-52
-86
-101
-124
-133
-143
-175
-217
-276
-280
-264
-282
-304
-335
-376
-372
-398
-393
-393
-397
-409
-430
-422
-420
-418
-414
-390
-378
-377
-367
-363
-337
-311
-290
-260
-261
-254
-236
-224
-216
-202
-175
-158
-153
-147
-141
-147
-117
-89
-71
-52
-57
-25
-13
3
22
42
69
64
93
119
139
167
195
216
218
230
249
265
290
281
281
292
291
295
294
296
291
302
271
257
292
292
280
282
283
270
286
280
267
278
284
257
247
277
252
247
265
256
229
226
230
209
215
189
178
169
146
119
99
79
46
40
28
-12
-28
-58
-74
-107
-103
-109
-146
-150
-185
-204
-234
-254
-253
-250
-255
-275
-304
-283
-286
-325
-347
-363
-342
-322
-311
-319
-325
-326
-352
-319
-287
-281
-259
-247
-280
-296
-264
-243
-227
-185
-183
-212
-173
-132
-158
-138
-130
-132
-93
-85
-95
-109
-94
-82
-46
5
11
3
20
37
50
87
100
102
120
131
129
138
170
189
200
215
229
257
264
263
268
257
270
258
283
315
301
305
292
280
269
272
255
256
254
251
244
212
208
193
212
235
217
204
187
159
163
174
184
191
190
182
137
101
93
65
74
62
31
3
16
-22
-69
-59
-99
-105
-92
-114
-161
-173
-231
-266
-256
-263
-243
-286
-304
-329
-349
-354
-342
-328
-297
-292
-305
-285
-294
-295
-297
-295
-286
-262
-236
-227
-228
-219
-241
-242
-210
-164
-136
-116
-108
-123
-146
-139
-109
-100
-55
-37
-43
-14
-30
-17
-14
0
36
57
87
84
109
83
76
112
149
174
205
219
200
193
190
191
218
256
269
270
257
238
236
250
270
285
287
287
297
282
289
293
272
272
276
242
229
229
201
171
166
148
173
196
171
158
175
179
131
133
117
69
51
34
15
-4
-8
-21
-34
-31
-44
-62
-62
-81
-109
-143
-169
-202
-199
-227
-267
-256
-238
-245
-263
-265
-299
-314
-318
-328
-345
-335
-345
-372
-356
-350
-348
-301
-275
-289
-287
-274
-264
-249
-234
-227
-201
-191
-204
-199
-176
-156
-146
-114
-115
-118
-117
-89
-69
-40
-33
-52
-25
-14
4
17
51
57
83
97
115
133
136
171
194
224
249
267
272
291
309
292
303
305
307
300
328
335
325
329
309
307
294
278
243
264
263
240
245
237
213
197
194
193
221
215
215
205
188
170
153
158
149
129
140
129
104
128
103
69
55
53
37
26
16
-5
-4
-38
-94
-127
-134
-164
-169
-179
-203
-229
-269
-275
-288
-298
-301
-302
-301
-308
-328
-343
-350
-352
-344
-343
-332
-340
-346
-339
-325
-327
-303
-281
-281
-250
-225
-226
-222
-239
-252
-213
-198
-178
-149
-147
-159
-160
-139
-119
-100
-77
-74
-63
-41
-34
-17
24
38
25
42
46
57
92
125
139
152
165
149
174
209
228
246
263
269
297
304
296
314
325
308
330
345
325
340
351
341
339
329
308
306
302
277
266
255
254
264
252
235
237
243
229
216
209
195
182
181
180
169
165
155
150
132
112
79
57
46
29
16
-12
-45
-65
-87
-119
-151
-173
-201
-230
-212
-241
-273
-285
-310
-318
-341
-350
-349
-360
-363
-379
-375
-367
-370
-372
-355
-336
-336
-329
-345
-334
-328
-290
-290
-268
-254
-266
-268
-270
-237
-229
-220
-223
-236
-241
-217
-199
-165
-121
-150
-140
-134
-110
-67
-7
11
12
30
23
50
68
106
128
122
146
156
182
211
229
255
288
304
299
316
330
314
316
314
302
310
312
308
341
370
364
363
354
339
309
321
304
302
299
281
286
262
271
254
243
228
219
226
223
213
196
184
174
155
125
105
92
88
70
50
44
2
5
7
-39
-77
-91
-138
-153
-168
-176
-163
-187
-217
-241
-237
-277
-254
-249
-286
-290
-301
-305
-316
-318
-329
