27
24
13
9
19
13
21
5
9
1
3
11
-3
-9
-12
-7
-14
-8
-3
-2
-7
-22
-6
4
-6
3
19
13
12
-3
-7
3
10
15
11
3
-1
-1
-4
-3
-7
-8
-14
10
3
-2
-3
10
0
-4
5
1
-4
-6
-1
-14
-1
14
20
6
13
7
-11
-14
-23
-20
-7
-7
-9
-8
-13
-15
-18
-24
-22
-14
-9
-9
-15
-7
-19
-19
-26
-31
-10
-16
-7
1
6
-3
-3
8
9
15
2
-11
-18
0
2
4
7
6
7
11
5
13
15
7
14
0
-5
-9
-23
-18
-16
-17
1
7
31
31
28
29
16
8
16
20
14
13
10
20
18
15
8
11
18
10
12
10
14
9
13
5
3
10
10
-12
-10
-10
-15
-22
-25
-7
-19
-15
-20
-16
-7
-8
-8
-9
5
-3
6
2
-8
-6
4
9
17
13
4
8
6
4
-16
-8
-3
-8
-1
-7
-13
-1
6
-10
10
-1
6
2
-1
5
8
-2
-8
1
-14
-7
-3
-7
-7
-13
-19
-14
-20
-6
-21
-12
3
12
20
11
12
7
5
9
7
3
4
-13
-2
14
15
17
12
15
3
10
13
0
2
-1
3
1
-4
-8
-5
1
-3
2
4
0
2
-4
6
7
9
2
-2
-6
-2
3
-9
-8
-13
-12
-21
-12
-10
-5
-12
-12
-10
-2
-2
-9
-5
0
8
3
9
12
1
2
3
-3
4
3
11
15
17
6
14
26
25
10
8
11
12
14
2
-6
7
17
8
9
9
4
8
13
11
20
23
5
9
14
6
4
6
-15
-14
-2
-1
4
-3
-9
8
-2
-7
-19
-20
-14
-18
-16
-16
-13
-17
-6
-13
-11
-14
-20
-13
-29
-28
-17
-26
-19
-27
-17
-16
-10
-9
-4
16
14
22
7
1
0
16
3
0
11
13
15
5
-1
4
-4
-6
-11
0
-1
-3
-6
-11
-24
-9
-10
-14
-9
-21
-3
-17
0
-21
-12
-16
12
-220
-615
-417
84
371
304
-217
-512
-385
-191
190
460
424
99
-221
-92
321
677
698
317
94
37
149
523
702
426
-254
-635
-276
214
411
70
-478
-633
-567
-320
106
238
-23
-374
-422
-5
398
494
296
76
164
308
601
832
699
419
193
268
489
472
336
148
-45
-110
-156
-151
-345
-911
-1306
-1227
-844
-584
-901
-1529
-1881
-1811
-1580
-1267
-937
-815
-1119
-1567
-1370
-474
143
204
137
209
356
657
1253
1840
1953
1589
1366
1514
1862
2091
2118
1891
1563
1225
988
1002
1000
791
328
-167
-391
-446
-678
-867
-948
-1111
-1287
-1388
-1330
-1180
-1191
-1190
-958
-728
-640
-534
-378
-706
-882
-167
750
729
106
-114
393
1010
1188
944
1038
1040
679
661
1072
1513
1368
734
354
452
643
748
674
748
457
-104
-156
218
387
87
-245
-417
-349
-197
-373
-408
-264
-395
-470
-381
-396
-587
-544
-487
-496
-362
-536
-554
-503
-950
-986
-833
-854
-663
-1082
-1933
-2216
-2067
-1308
-1027
-1851
-2497
-2350
-2072
-2146
-2097
-1473
-881
-1081
-1622
-1329
-140
221
277
594
887
1191
1249
1680
2698
2939
2671
2716
2736
2944
3013
2900
2943
2797
2249
1733
1570
1479
1232
862
297
-32
-231
-807
-993
-800
-1034
-1265
-1534
-1582
-1290
-1344
-1589
-2447
-2394
-748
174
286
-448
-1345
-539
309
1260
1926
1620
1188
762
1229
2348
2736
2552
1722
984
1249
1566
2146
2134
1452
584
-327
1
496
277
115
-792
-1436
-1166
-1050
-767
-679
-1089
-1350
-1581
-1417
-934
-738
-585
-987
-1191
-1051
-587
-121
-518
-769
-733
-821
-548
-797
-1266
-883
-1280
-2106
-2391
-2263
-1495
-1394
-2704
-3520
-2931
-1925
-2024
-2733
-2521
-1637
-1472
-1798
-1332
-23
244
-243
56
1167
2221
2054
1976
3004
3379
3086
3291
3650
3846
3438
2871
3057
3358
2904
2138
1763
1592
1176
648
296
-41
-421
-946
-1302
-1403
-1597
-1817
-1855
-2118
-2571
-2507
-1804
-912
-710
-1235
-1392
-822
-223
631
1245
1633
1683
1329
1514
2381
3078
3072
2606
2302
2168
2261
2349
2336
2176
1331
512
246
219
199
-162
-778
-1053
-1519
-1794
-1713
-1561
-1572
-1861
-1972
-1803
-1593
-1366
-1459
-1299
-1094
-1026
-728
-428
-572
-602
-665
-607
-293
-341
-279
-320
-887
-1521
-1360
-1205
-1550
-2293
-2516
-2043
-2350
-3364
-3125
-1870
-1595
-3189
-4016
-2378
-661
-754
-1673
-1011
160
-119
-142
1407
2938
2911
1771
2129
3776
4115
3835
3960
4266
3977
3130
3180
3897
3850
2688
1664
1588
1523
910
48
-220
10
-635
-1665
-2552
-2818
-2126
-1696
-1793
-1970
-2857
-2909
-2234
-1330
-340
-197
-225
-229
-5
913
1963
2720
2750
2243
2210
2486
3250
3649
3360
3039
2267
1753
1873
1853
1843
1229
135
-231
-399
-584
-667
-1147
-1559
-1820
-2195
-2140
-1901
-1741
-1750
-2123
-2002
-1659
-1626
-1686
-1531
-1291
-1116
-1147
-1197
-1207
-1003
-1073
-1053
-952
-1208
-1298
-1442
-1664
-2026
-2693
-2677
-2017
-2221
-3158
-3510
-2754
-1712
-2207
-3622
-3159
-1504
-695
-950
-1015
-250
335
92
669
2380
3331
2747
2141
3088
4271
4482
4192
4364
4608
3754
3180
3674
4062
3592
2330
1271
1235
1221
1036
727
-79
-1512
-3161
-2572
-635
-452
-1652
-3487
-3906
-2557
-1829
-698
-276
-781
-1500
-1747
33
2017
2334
1872
1171
1319
2169
2927
3932
3941
3239
2107
1594
2800
3300
2741
1877
743
467
397
297
445
21
-969
-1714
-2079
-1513
-1242
-1829
-2088
-2273
-2237
-2268
-2097
-1829
-1825
-2058
-2281
-1877
-1323
-1433
-1858
-1956
-1667
-1571
-1543
-1398
-1470
-1654
-2247
-2607
-2669
-2170
-1796
-2243
-3096
-3317
-2588
-1254
-1088
-2642
-3359
-2410
-635
250
8
-28
233
86
413
1892
3579
3593
2397
2245
3451
4353
4482
4377
4442
3842
2976
3033
3406
3658
2801
1501
1155
1143
712
95
-481
-723
-1295
-2067
-1993
-1655
-1879
-2551
-2727
-1902
-1394
-1528
-1570
-1185
-444
-268
216
1198
1529
1460
1414
1857
2881
3088
2781
2873
2862
2781
2581
2584
2869
2414
1480
985
1003
992
473
6
-367
-882
-1293
-1632
-1286
-924
-1645
-2203
-2230
-2019
-1781
-2165
-2206
-2081
-2134
-1801
-1800
-1719
-1995
-2397
-1973
-1659
-1217
-1381
-1883
-1791
-2029
-2311
-2522
-2483
-1797
-1808
-2767
-3344
-2812
-1522
-993
-1855
-3074
-3091
-1490
-124
355
155
-159
-106
7
973
2629
3451
2880
1993
2245
3492
4404
4440
4151
3809
2991
2590
2865
3475
3554
2523
1153
664
631
588
381
-18
-658
-1550
-1942
-1956
-1575
-1471
-1917
-2051
-1908
-1768
-1280
-1067
-511
31
155
639
1002
1310
1858
2050
2406
2780
2899
2966
2886
2862
2677
2643
2798
2442
1980
1458
882
866
707
281
-27
-695
-1189
-1530
-1787
-1518
-1575
-2003
-2308
-2689
-2644
-2512
-2615
-2356
-2179
-2084
-2385
-2619
-2174
-2022
-1878
-1549
-1512
-1157
-1409
-1616
-1387
-1199
-1185
-1813
-1890
-1535
-1646
-2013
-2084
-1464
-478
-961
-2565
-3451
-2252
-124
638
-14
-784
-825
-468
185
1420
2668
2640
1349
815
2156
3683
4152
3794
3367
2725
2208
2432
3392
4003
3158
1556
961
1103
1198
938
631
314
-671
-1549
-1521
-818
-696
-1424
-2127
-1937
-1508
-1332
-1117
-594
-225
-457
-307
479
1151
1356
1213
1537
2220
2477
2489
2555
2721
2689
2438
2521
2771
2451
1676
1136
1120
1195
925
484
-110
-517
-1111
-1357
-927
-950
-1622
-2411
-2986
-3601
-3198
-2214
-1326
-986
-2579
-4097
-3664
-2724
-951
-229
-1017
-1683
-2391
-2170
-349
764
323
-760
-1727
-1313
-232
285
-263
-893
-1557
-1713
-390
43
-1375
-3016
-3515
-1650
328
-137
-1273
-1721
-2031
-1317
-81
1300
2049
533
-739
390
2466
3637
3416
2546
1909
1840
2280
3496
4772
4213
1965
894
1403
2519
3069
2006
970
177
-627
-285
379
450
-306
-1689
-2062
-1303
-825
-806
-882
-1078
-1236
-1209
-465
411
719
427
179
1003
1743
1847
1996
1909
1875
1939
2001
2491
2525
1744
1094
994
1398
1683
1071
289
-477
-815
-767
-446
-402
-1252
-2116
-2530
-2474
-1961
-1825
-2250
-2583
-3076
-3046
-2366
-2010
-2012
-2162
-2660
-2177
-2220
-2380
-1497
-1009
-781
-1095
-1863
-1131
-337
-240
-443
-1413
-1630
-1223
-240
980
1075
-96
-1702
-2378
-1033
625
1787
1260
-362
-892
-844
283
1779
1936
1460
486
-52
867
1849
2231
2342
2048
1829
1444
1343
1850
2409
2401
1684
1379
1496
1465
1398
1111
999
1120
573
84
167
281
434
454
270
249
-78
-337
10
462
648
576
437
570
664
758
1045
1175
1149
874
657
735
882
1105
1170
969
728
217
-50
212
368
251
-261
-727
-810
-843
-1013
-1290
-1289
-1406
-1736
-2036
-2159
-2226
-2357
-2230
-1862
-1876
-2346
-2663
-2545
-1852
-1607
-1820
-2071
-2059
-1980
-1839
-1423
-682
-496
-1181
-2284
-2682
-1676
-658
-174
-293
-607
-1072
-1897
-2091
-1049
305
988
394
-351
-324
270
985
1683
2172
2092
1431
1347
1992
2761
3405
3075
2526
2512
2440
2490
2680
2549
2405
1688
1145
1266
1344
1241
626
146
230
41
-118
-395
-462
-183
-368
-163
-48
-287
-193
-296
53
762
854
846
840
906
1260
1593
1843
1843
1434
1151
1045
1399
1680
1451
1097
468
234
179
70
262
3
-667
-863
-1175
-1355
-1301
-1648
-1777
-1871
-2145
-2043
-2064
-2251
-2273
-2129
-2070
-2004
-2095
-2277
-2039
-1988
-1957
-1642
-1660
-1619
-1696
-1766
-1474
-1229
-1154
-1508
-2052
-2487
-2260
-1359
-759
-559
-966
-2189
-2666
-2476
-1826
281
1682
1129
-495
-1904
-649
1797
2948
3031
2251
1463
1388
2036
3457
4678
4170
2314
1457
2307
3237
3526
2951
2035
1366
241
-7
1019
1598
759
-691
-1260
-960
-720
-816
-771
-478
-759
-1041
-868
-303
316
107
-51
559
1108
1234
1349
1682
1919
2041
2197
2335
2429
2118
1542
1666
2002
1949
1402
918
554
9
1
-136
-278
-225
-1514
-1695
-2255
-3569
-2837
-2051
-886
-415
-2826
-3748
-3719
-4116
-2799
-851
363
-239
-2624
-4349
-2497
395
903
84
-816
-1874
-910
163
1461
2914
1157
-1375
-1547
-1178
-468
181
77
908
343
-3070
-4200
-2759
-1063
98
-738
-2103
-2645
-3093
-2965
-794
1206
695
-781
-1635
-1008
1179
2280
2673
3074
2124
1621
2379
3199
4319
4460
3471
3046
2861
2247
2526
3293
3199
2533
1279
141
296
461
282
438
125
-869
-1666
-1852
-1363
-599
-697
-1054
-1137
-1436
-1251
-530
96
696
724
219
368
859
1017
1625
2237
2120
1847
1278
928
1448
1829
1737
1620
939
89
-328
-463
45
373
-203
-1071
-1644
-2009
-1913
-1644
-1764
-1942
-2302
-2534
-2217
-2017
-2100
-2068
-2009
-1997
-1842
-1774
-1734
-1444
-1228
-1018
-824
-1004
-1517
-1833
-1648
-957
-517
-1180
-2082
-2174
-1455
-490
-637
-1983
-2608
-2064
-769
263
87
-466
-823
-823
-60
1232
2246
2066
1292
1069
1750
2985
3485
3130
2774
2514
2599
2727
2711
3157
2979
2191
1624
1285
1463
1195
556
291
296
-29
-565
-989
-1027
-955
-848
-867
-1013
-956
-1309
-1067
-426
88
478
249
277
622
1001
1581
1850
1901
1896
1799
1774
2037
2241
2202
1798
1431
1219
1179
1145
710
541
114
-403
-598
-766
-693
-672
-1140
-1469
-1703
-1863
-1610
-1546
-1666
-1840
-2142
-1999
-1529
-1407
-1642
-1936
-1825
-1518
-1277
-1223
-1316
-1404
-1499
-1594
-1338
-1059
-1429
-1855
-2048
-1800
-1447
-1975
-2512
-2131
-1499
-872
-1596
-3063
-3049
-1906
-421
318
-270
-905
-1145
-837
490
1955
2702
2048
1069
1176
2194
3656
4141
3443
2894
2477
2753
3374
3257
3380
3084
2150
1684
1338
1327
1291
675
344
-39
-514
-892
-1156
-1065
-1181
-1154
-1154
-1392
-1343
-1498
-1120
-255
-43
73
10
-14
746
1314
1642
2108
2025
1978
2041
2110
2358
2463
2252
1949
1804
1443
1109
1077
890
719
468
-197
-567
-794
-1133
-851
-795
-1232
-1466
-1786
-1872
-1664
-1690
-1650
-1475
-1702
-1906
-1648
-1520
-1367
-1226
-1628
-1468
-1295
-1566
-1255
-1368
-1356
-1094
-1224
-1633
-2199
-2478
-2252
-1799
-1965
-2546
-2472
-1842
-1618
-2273
-3337
-2923
-1268
-432
-438
-1050
-1226
-775
-255
768
2080
2240
1314
844
1707
3339
4245
3933
2973
2361
2551
3279
4189
4130
2850
1880
1431
1839
2287
1862
1299
306
-686
-751
-671
-354
-623
-1508
-1761
-1675
-1439
-1373
-1411
-1025
-820
-645
-201
96
484
539
754
1492
1929
2218
2066
1998
2208
2349
2610
2726
2605
2075
1444
1307
1437
1472
1090
373
-109
-316
-612
-699
-654
-851
-1174
-1765
-1887
-1601
-1416
-1588
-1844
-2008
-1858
-1449
-1390
-1381
-1525
-1726
-1453
-1138
-1000
-832
-1226
-1527
-1470
-1217
-945
-873
-1332
-1978
-2342
-2256
-1691
-1533
-2259
-2883
-2567
-1791
-1440
-2349
-3220
-2670
-1481
-504
-387
-693
-833
-814
-283
914
2073
2040
1304
1235
2190
3341
3888
3652
3118
2731
2760
3384
3989
3604
2667
1957
1689
1960
1839
1383
840
-24
-673
-722
-758
-724
-1004
-1572
-1763
-1824
-1754
-1420
-1053
-983
-967
-761
-345
334
701
768
1106
1365
1694
2097
2310
2520
2522
2312
2467
2625
2598
2351
1866
1558
1401
1267
1029
624
145
-398
-657
-675
-734
-875
-1409
-1814
-1849
-1576
-1157
-1226
-1780
-2251
-2278
-1870
-1017
-653
-1157
-1687
-1777
-1311
-688
-553
-797
-1080
-1246
-1265
-888
-828
-1254
-1983
-2398
-2052
-1813
-2280
-2741
-2420
-1847
-1706
-2964
-3968
-3212
-1925
-932
-987
-1425
-1514
-1515
-1021
240
1596
1916
1253
915
1725
2998
3815
3932
3626
3186
2798
3137
3958
4483
3782
2453
1829
1995
2306
2051
1411
607
-317
-877
-865
-593
-782
-1724
-2286
-2197
-1668
-1370
-1697
-1751
-1549
-1256
-593
47
472
501
319
735
1660
2451
2653
2414
2473
2544
2770
3117
3194
3022
2251
1659
1683
1994
1972
1256
395
-80
-323
-495
-501
-730
-1135
-1684
-2046
-1862
-1634
-1545
-1786
-2071
-2017
-2067
-1850
-1251
-1177
-1413
-1652
-1743
-1197
-715
-709
-830
-1150
-1298
-1095
-877
-728
-1165
-1962
-2257
-1958
-1442
-1955
-2665
-2790
-2232
-1429
-2067
-3324
-3446
-2731
-1539
-813
-1157
-1259
-1450
-1314
-193
1068
1823
1494
980
1384
2451
3488
3825
3604
3051
2569
2970
3867
4381
3873
2376
1599
1929
2272
2288
1686
620
-494
-1285
-931
-316
-295
-1261
-2459
-2757
-2322
-1550
-1141
-1224
-1542
-1877
-1526
-517
343
654
556
613
1131
1835
2324
2668
2903
2853
2696
2880
3152
3296
3017
2563
2379
2208
1965
1624
1191
745
262
-74
-63
-53
-602
-1374
-1912
-1958
-1408
-1138
-1133
-1683
-2497
-2689
-2378
-1494
-798
-1277
-1862
-2105
-2125
-1524
-1131
-1055
-1151
-1804
-1977
-1665
-1195
-1048
-1646
-2233
-2430
-1999
-1577
-2009
-2427
-2524
-2026
-1144
-1782
-2974
-3066
-2335
-736
12
-591
-872
-1220
-1133
34
1565
2518
2061
972
852
1973
3455
3893
3631
2920
2034
2285
2995
3818
3961
2241
1072
1164
1523
1940
1377
330
-367
-1129
-1162
-646
-511
-1119
-2075
-2363
-1879
-1118
-908
-1201
-1209
-1204
-760
133
751
1170
1102
950
1565
2468
2872
3050
2897
2669
2717
2933
3212
3358
2840
2030
1627
1582
1712
1599
952
218
-380
-818
-623
-353
-891
-1582
-2033
-2117
-1629
-1440
-1668
-1960
-2317
-2284
-1918
-1408
-1207
-1486
-1933
-1981
-1510
-1091
-999
-1173
-1464
-1662
-1537
-1273
-1129
-1423
-2090
-2268
-1986
-1844
-2378
-2817
-2465
-1613
-1387
-2500
-3620
-3241
-1972
-808
-559
-1031
-1255
-1411
-954
456
1827
2177
1499
870
1487
2707
3605
3795
3516
3095
2516
2570
3437
4100
3914
2338
1035
1388
1851
1919
1437
275
-443
-1169
-1347
-559
-457
-1139
-2211
-2706
-2039
-1386
-996
-1095
-1304
-1171
-973
61
998
1295
1426
1237
1713
2679
3048
3348
3270
2900
3022
3207
3605
3695
2955
2128
1638
1719
1789
1371
777
-166
-741
-799
-699
-473
-1134
-2137
-2579
-2604
-1845
-1472
-1876
-2157
-2668
-2723
-2196
-1666
-1128
-1177
-1855
-2070
-1810
-1243
-709
-730
-1035
-1340
-1693
-1463
-1079
-1169
-1599
-2112
-2198
-2117
-2468
-2804
-2516
-1750
-1415
-2447
-3542
-3630
-2392
-930
-650
-976
-1355
-1729
-1328
-60
1554
2382
1672
921
1262
2430
3695
4067
3941
3488
2687
2664
3369
4260
4351
3102
1699
1163
1497
1939
1721
946
-148
-1101
-1634
-1356
-844
-983
-1823
-2521
-2584
-2106
-1602
-1442
-1181
-956
-780
-357
321
880
1367
1653
1929
2641
3033
3275
3441
3351
3493
3524
3648
3782
3375
2716
2126
1784
1854
1666
1075
346
-483
-862
-944
-982
-1123
-1815
-2388
-2605
-2432
-1903
-1939
-2129
-2515
-2918
-2547
-2060
-1673
-1441
-1804
-1849
-1480
-1183
-845
-1038
-1342
-1349
-1323
-1059
-929
-960
-1421
-1981
-2056
-1993
-1911
-2366
-2790
-2490
-1824
-1590
-2472
-3653
-3475
-2214
-1055
-670
-1005
-1318
-1543
-1131
222
1625
2166
1523
948
1577
2762
3795
4111
3785
3265
2707
2716
3587
4273
4013
2743
1269
1182
1775
1985
1650
460
-609
-1055
-1358
-1019
-782
-1309
-2031
-2472
-2348
-1711
-1234
-1121
-1051
-932
-666
-80
741
1249
1735
2055
2243
2837
3149
3216
3442
3449
3550
3744
3657
3414
2922
2190
1973
1932
1683
1169
343
-359
-680
-824
-1098
-1200
-1602
-2259
-2375
-2346
-2299
-2116
-2337
-2373
-2298
-2348
-2109
-1875
-1590
-1471
-1472
-1429
-1458
-1349
-1036
-797
-589
-912
-1319
-1380
-1438
-1082
-1109
-1683
-2006
-2246
-2194
-2262
-2760
-2796
-2244
-1646
-2043
-3480
-3939
-2878
-1385
-551
-1030
-1358
-1453
-1345
-268
1241
2435
2208
1092
1154
2400
3728
4346
4034
3642
3091
2727
3236
4140
4573
3587
1914
1149
1304
1848
1959
1128
28
-1177
-1644
-1459
-1034
-947
-1787
-2535
-2543
-2186
-1507
-1215
-1182
-976
-829
-229
614
1287
1651
1891
2254
2823
3314
3481
3557
3624
3672
3911
3919
3651
3314
2587
2098
1972
1765
1368
668
-84
-596
-865
-1202
-1555
-1964
-2432
-2687
-2695
-2700
-2598
-2680
-2894
-2742
-2667
-2564
-2191
-2073
-1817
-1477
-1763
-1596
-1325
-1129
-756
-1014
-1079
-970
-1080
-737
-792
-878
-1391
-2136
-1991
-1718
-1322
-1779
-2935
-2942
-2365
-1516
-1367
-2945
-3580
-2967
-1752
-423
-565
-923
-1177
-1374
-411
1107
2318
2364
1437
1245
2124
3353
4230
4090
3755
3046
2579
3277
3982
4274
3570
1879
1151
1413
1839
1930
1071
-108
-825
-1151
-1096
-751
-856
-1434
-1985
-2010
-1733
-1057
-653
-646
-379
-275
-8
958
1511
1843
2303
2171
2499
2968
3095
3478
3513
3254
3072
2844
2846
2751
2309
1698
1205
1023
598
95
-357
-1035
-1297
-1488
-1886
-1866
-2121
-2558
-2523
-2624
-2491
-2318
-2519
-2402
-2332
-2097
-1878
-1704
-1446
-1489
-1461
-1369
-1184
-820
-919
-1047
-1045
-1032
-787
-875
-1124
-1440
-1919
-2050
-1874
-1574
-1759
-2639
-3275
-3067
-2197
-1450
-2015
-3336
-3621
-2787
-1325
-444
-537
-786
-1062
-942
131
1691
2600
2354
1656
1747
2800
3928
4325
4118
3675
3171
3034
3391
4023
4163
3295
1993
1075
1050
1455
1593
1144
86
-1094
-1496
-1440
-900
-560
-1162
-1824
-2091
-1787
-913
-384
-377
-364
-149
342
1070
1695
2053
2404
2571
2739
3136
3394
3409
3338
3120
3141
3151
2818
2318
1766
1238
895
758
378
-146
-689
-1409
-1782
-1808
-1857
-1936
-2171
-2699
-2918
-2795
-2671
-2379
-2205
-2194
-2257
-2414
-2355
-1915
-1382
-1158
-1177
-1317
-1441
-1339
-1124
-789
-623
-983
-1312
-1422
-1316
-1271
-1564
-1838
-1984
-1969
-1986
-2443
-2658
-2618
-2202
-1572
-2035
-3023
-3196
-2302
-920
-252
-471
-742
-856
-509
477
1825
2650
2402
1794
1837
2677
3695
4032
3939
3592
2868
2769
3228
3793
4105
3116
1572
1047
1306
1725
1654
885
-133
-795
-1194
-1000
-514
-618
-1285
-1744
-1635
-818
-309
-556
-409
-83
314
910
1380
1764
2167
2247
2251
2753
3113
3100
3116
2923
2783
2793
2619
2471
2274
1471
781
503
395
275
-153
-898
-1469
-1692
-1894
-2033
-2029
-2314
-2582
-2615
-2685
-2567
-2281
-2498
-2394
-2264
-2317
-1908
-1695
-1533
-1303
-1451
-1344
-1168
-1071
-1013
-1167
-1056
-1175
-1074
-835
-1252
-1558
-1973
-2231
-1652
-1604
-1997
-2571
-3040
-2482
-1546
-1330
-2189
-3272
-3080
-1821
-478
-80
-468
-838
-1169
-618
1023
2349
2651
1935
1179
1758
3010
3881
4160
3693
2894
2508
2972
3786
4160
3504
2032
1243
1535
2036
2140
1365
153
-454
-746
-450
178
-59
-883
-1566
-1757
-866
164
174
-108
-276
-202
543
1475
2046
2285
2030
1699
2029
2838
3296
3337
2754
2207
2267
2314
2369
2350
1542
733
270
22
209
76
-576
-1219
-1709
-1928
-2018
-1984
-1958
-2298
-2541
-2626
-2544
-2247
-2159
-2194
-2166
-2046
-1876
-1748
-1597
-1414
-1376
-1396
-1301
-1056
-1151
-1390
-1427
-1405
-1096
-956
-1351
-1833
-2267
-2386
-1984
-1631
-1721
-2665
-3364
-2989
-1860
-1021
-1851
-3320
-3579
-2508
-837
-3
-161
-663
-1301
-1008
501
2185
2920
2234
1294
1590
2830
3949
4286
3985
3264
2712
3038
3854
4382
3900
2616
1475
1444
2202
2526
2016
754
-322
-743
-600
110
251
-401
-1125
-1711
-1217
-254
-25
-68
-344
-245
348
1106
1847
1968
1856
1804
1985
2789
3182
3007
2772
2315
2475
2537
2357
2203
1419
771
535
447
499
63
-778
-1450
-1703
-1741
-1819
-1774
-1855
-2354
-2781
-2838
-2524
-2016
-1994
-2164
-2300
-2450
-2231
-1851
-1564
-1321
-1532
-1754
-1533
-1350
-1250
-1154
-1323
-1457
-1381
-1298
-1271
-1622
-2263
-2498
-2085
-1675
-1897
-2810
-3362
-2937
-1887
-1276
-1912
-3121
-3618
-2673
-1035
-52
-58
-719
-1338
-1038
239
1893
2840
2441
1623
1507
2472
3793
4470
4249
3339
2749
3081
3842
4438
4078
2842
1790
1642
2241
2557
2025
816
-97
-395
-25
567
427
-437
-1349
-1632
-896
222
525
17
-609
-641
213
1445
2162
2068
1535
1112
1554
2612
3311
3168
2332
1723
1902
2368
2664
2325
1300
474
131
362
630
236
-561
-1448
-1815
-1607
-1472
-1455
-1759
-2381
-2601
-2387
-2094
-1865
-2079
-2432
-2484
-2201
-1834
-1643
-1633
-1773
-1913
-1914
-1708
-1383
-1431
-1540
-1643
-1885
-1782
-1601
-1588
-1755
-2350
-2678
-2489
-2046
-1995
-2644
-3064
-2799
-1970
-1294
-1831
-2905
-3194
-2250
-564
255
90
-477
-969
-547
682
2094
2944
2470
1596
1553
2563
3903
4375
3829
2936
2450
2833
3600
4126
3881
2598
1365
1319
2134
2715
2133
708
-383
-580
118
840
732
-135
-1362
-1605
-507
668
1090
365
-626
-483
408
1813
2629
2084
1384
1042
1610
3034
3562
3137
2196
1476
1736
2302
2745
2329
1148
297
-52
285
629
95
-734
-1652
-2004
-1638
-1508
-1495
-1886
-2597
-2645
-2397
-2112
-1981
-2192
-2387
-2422
-2218
-1934
-1850
-1632
-1805
-1914
-1749
-1677
-1542
-1555
-1763
-1898
-1913
-1681
-1376
-1587
-2282
-2762
-2714
-2301
-1961
-2368
-2857
-2942
-2547
-1719
-1582
-2387
-3140
-2767
-1284
-73
44
-413
-835
-637
122
1374
2597
2585
1974
1564
2180
3537
4189
4163
3532
2705
2729
3404
4112
4386
3151
1759
1491
1978
2819
2401
1123
28
-444
-30
550
701
129
-984
-1303
-839
153
844
296
-73
-41
367
1472
2040
2081
1893
1382
1717
2622
3180
3154
2501
1954
1922
2135
2280
2030
1435
533
-99
47
263
70
-679
-1674
-2014
-1838
-1902
-1762
-1951
-2409
-2533
-2590
-2402
-2136
-2259
-2397
-2321
-2012
-1790
-1745
-1803
-1989
-1778
-1515
-1471
-1329
-1581
-1909
-1651
-1600
-1378
-1316
-1866
-2228
-2475
-2555
-2312
-2138
-2475
-2963
-3010
-2596
-1816
-1816
-2836
-3413
-2767
-1440
-334
-246
-674
-838
-780
0
1467
2563
2564
1968
1671
2448
3780
4336
4237
3660
2992
3118
3777
4412
4414
3198
2022
1860
2256
2631
2326
1347
383
-406
-467
169
755
362
-798
-1552
-1384
-469
308
428
216
-143
-230
582
1573
2189
2185
1653
1560
2174
2861
3196
3057
2547
2159
2061
2216
2345
1986
1191
462
186
152
74
-412
-1139
-1639
-1863
-1909
-1825
-2015
-2357
-2658
-2705
-2504
-2315
-2383
-2565
-2608
-2434
-2089
-1742
-1885
-2160
-2063
-1902
-1393
-1322
-1519
-1559
-1907
-1997
-1735
-1555
-1377
-2004
-2727
-2664
-2425
-2203
-2557
-3009
-2975
-2615
-1934
-1766
-2489
-3201
-3180
-1889
-282
151
-150
-767
-942
-121
1125
2527
2970
2251
1710
2004
3267
4464
4658
3978
3005
2759
3385
4115
4463
3783
2381
1389
1391
2245
2652
1956
571
-496
-710
-374
348
571
-69
-1071
-1753
-1158
192
801
637
31
-183
464
1452
2321
2650
2356
1806
1864
2714
3508
3558
2959
2200
2098
2297
2379
2304
1510
509
-13
-141
67
-6
-883
-1816
-2236
-2157
-1940
-1964
-2292
-2767
-2945
-2814
-2489
-2231
-2454
-2629
-2660
-2297
-1679
-1587
-1815
-2062
-2099
-1756
-1339
-1168
-1318
-1729
-2122
-2204
-1688
-1303
-1612
-2416
-2999
-2792
-2350
-2192
-2552
-2984
-3008
-2606
-1860
-1723
-2580
-3291
-2896
-1293
120
211
-289
-748
-662
341
1759
2944
3016
2105
1630
2337
3744
4603
4445
3659
2879
2824
3468
4208
4337
3347
1884
1129
1529
2340
2446
1467
170
-589
-730
-318
267
342
-323
-1154
-1493
-818
187
574
532
386
364
807
1674
2321
2672
2482
2115
2354
2872
3310
3317
2838
2391
2209
2182
2187
1849
1180
460
26
-118
-232
-545
-1273
-1968
-2191
-2191
-2079
-2056
-2444
-2763
-3002
-2878
-2371
-2266
-2385
-2489
-2593
-2136
-1605
-1502
-1635
-1955
-2016
-1667
-1116
-904
-1139
-1514
-1962
-2056
-1622
-1415
-1634
-2235
-2922
-2718
-2436
-2508
-2794
-3127
-2893
-2138
-2016
-2762
-3367
-3109
-1976
-631
-235
-540
-729
-900
-341
1170
2502
2883
2320
1740
2248
3466
4388
4665
4370
3448
2882
3252
4046
4727
4028
2229
1436
1572
2070
2379
1670
691
-206
-767
-655
-251
-75
-581
-1119
-1154
-845
-240
-82
-72
287
426
942
1574
1879
2243
2258
2342
2939
3256
3404
3212
2808
2747
2735
2919
2878
2184
1344
540
281
387
280
-245
-1166
-1890
-2232
-2246
-2006
-2120
-2563
-2988
-3360
-3071
-2831
-2695
-2446
-2566
-2650
-2495
-2301
-1914
-1472
-1570
-1619
-1514
-1683
-1473
-1089
-1054
-987
-1391
-1921
-1832
-1861
-2105
-1940
-2016
-2251
-2518
-3190
-3264
-2659
-2034
-1899
-2579
-3615
-3561
-2262
-876
-319
-575
-1120
-1277
-637
571
2106
2780
2261
1848
2072
3016
4196
4520
4306
3806
3105
3204
3945
4488
4207
2806
1720
1628
2074
2390
1806
790
-176
-675
-414
-95
-156
-695
-1492
-1396
-787
-345
-52
-341
-222
211
698
1594
1993
2062
2109
2092
2678
3288
3511
3534
3119
2874
2849
2883
2987
2596
1816
1057
489
483
353
-129
-751
-1541
-1889
-2024
-2131
-2146
-2588
-3003
-2921
-2670
-2443
-2436
-2845
-3015
-2674
-2112
-1729
-1610
-1783
-2126
-1916
-1453
-1079
-882
-1341
-1672
-1664
-1737
-1405
-1156
-1508
-1935
-2606
-2860
-2267
-1934
-2250
-2872
-3273
-3140
-2412
-1663
-2006
-2948
-3346
-2873
-1177
-6
-99
-535
-958
-544
693
2002
2906
2787
1993
1975
2884
4048
4606
4314
3478
2686
2923
3580
4165
4163
2549
1182
1120
1652
2376
1873
430
-531
-999
-684
-106
-69
-530
-1295
-1564
-847
46
417
71
-15
331
913
2001
2392
2448
2485
2334
2777
3472
3689
3562
3094
2704
2794
2890
2856
2351
1512
750
368
371
227
-203
-1064
-1859
-2027
-2095
-2198
-2225
-2700
-3014
-2841
-2707
-2554
-2587
-2735
-2580
-2281
-2076
-1916
-1955
-1935
-1624
-1482
-1339
-1204
-1401
-1560
-1370
-1154
-1186
-1304
-1710
-1999
-2036
-2237
-2220
-2089
-2371
-2662
-3100
-3219
-2657
-2049
-1777
-2303
-3345
-3433
-2141
-547
155
-190
-772
-963
-229
1037
2261
2925
2448
1765
1992
2991
4052
4347
3865
3225
2681
2819
3558
3958
3445
2110
1253
1308
1785
1898
1179
341
-350
-634
-246
99
-11
-656
-1308
-1006
-178
443
578
233
352
785
1405
2220
2612
2577
2264
2320
2993
3564
3683
3310
2749
2531
2472
2593
2610
2079
1232
392
75
210
5
-523
-1214
-1933
-2114
-2169
-2284
-2168
-2451
-2858
-2905
-2795
-2527
-2388
-2542
-2467
-2170
-1916
-1599
-1556
-1760
-1793
-1619
-1286
-1070
-1064
-1341
-1547
-1449
-1505
-1389
-1433
-2046
-2420
-2545
-2390
-2065
-2458
-3200
-3384
-3103
-2415
-1792
-2195
-3237
-3651
-2826
-1118
139
53
-701
-1104
-789
493
2154
2978
2745
1931
1601
2547
3913
4393
4177
3235
2321
2517
3258
3879
3781
2508
1002
639
1344
2025
1898
622
-723
-1123
-764
239
562
-188
-1094
-1405
-707
523
1158
910
431
366
908
2080
3119
3136
2749
2313
2466
3333
3962
3946
3337
2564
2320
2448
2642
2582
1751
616
-42
-10
82
-156
-833
-1755
-2225
-2249
-2174
-2036
-2273
-2842
-3067
-2758
-2196
-2009
-2407
-2611
-2477
-2045
-1355
-1230
-1471
-1761
-2025
-1672
-977
-838
-1111
-1640
-1847
-1682
-1597
-1667
-2067
-2481
-2719
-2704
-2676
-2936
-3118
-3192
-3105
-2488
-2170
-2597
-3217
-3478
-2490
-820
70
-95
-707
-968
-492
698
2163
2980
2640
1791
1617
2587
3820
4396
3953
2920
2250
2415
2928
3577
3260
1777
759
717
1370
1781
1038
-10
-675
-798
-206
276
197
-400
-1054
-893
171
1053
1084
686
607
1020
1864
2673
3003
3007
2662
2513
3111
3718
3860
3459
2786
2566
2566
2602
2586
2147
1317
473
10
85
109
-321
-1095
-1741
-1938
-2050
-1954
-1913
-2236
-2574
-2702
-2499
-2042
-2003
-2340
-2261
-2072
-1725
-1484
-1633
-1606
-1555
-1629
-1392
-1162
-1164
-1336
-1590
-1655
-1744
-1792
-2111
-2387
-2405
-2521
-2570
-2828
-3295
-3386
-3067
-2586
-2099
-2264
-2982
-3462
-3148
-1770
-359
-38
-501
-974
-867
-73
1169
2278
2618
2200
1670
1859
2951
3812
3937
3389
2547
2263
2531
2915
3186
2715
1465
523
527
1257
1590
753
-458
-967
-839
-176
239
44
-477
-993
-726
225
1164
1361
861
760
1302
2161
2958
3152
3089
2955
2818
3253
3835
4016
3678
2889
2617
2632
2530
2462
1944
1207
551
67
51
-39
-424
-1093
-1821
-1908
-1962
-2141
-2059
-2403
-2611
-2494
-2451
-2196
-2250
-2276
-1979
-1945
-1726
-1674
-1737
-1413
-1384
-1452
-1413
-1466
-1347
-1405
-1478
-1398
-1664
-1836
-2284
-2632
-2416
-2238
-2331
-2763
-3348
-3524
-3076
-2317
-1710
-2119
-3091
-3560
-2853
-1095
55
-31
-705
-1119
-809
167
1523
2518
2470
1831
1528
1969
3091
3654
3536
3072
2261
2051
2370
2853
2825
1931
1245
1003
1044
1135
678
170
-313
-532
-262
12
59
-433
-938
-562
213
820
1039
745
704
1110
1863
2738
3125
2996
2572
2545
3206
3828
4012
3702
3002
2548
2530
2763
2795
2278
1584
819
371
356
231
-111
-675
-1290
-1720
-1890
-1732
-1850
-2108
-2373
-2633
-2429
-2117
-1941
-1923
-2141
-2056
-1725
-1631
-1471
-1523
-1586
-1402
-1397
-1299
-1242
-1368
-1491
-1647
-1640
-1693
-2013
-2419
-2773
-2771
-2522
-2609
-2900
-3265
-3339
-3064
-2657
-2097
-2191
-3021
-3323
-2529
-1051
-83
-281
-687
-756
-450
434
1563
2445
2463
1784
1576
2334
3262
3606
3285
2700
2236
2247
2595
2859
2688
1907
922
326
667
1223
1142
442
-544
-949
-688
-235
191
-53
-441
-632
-410
436
1073
1258
1246
1216
1611
2241
2870
3262
3128
3032
3104
3433
3855
3799
3382
2910
2721
2756
2627
2363
1770
998
574
330
124
-125
-681
-1303
-1710
-1907
-1848
-1773
-1884
-2309
-2684
-2586
-2160
-1809
-1905
-2034
-2207
-2112
-1736
-1475
-1264
-1207
-1493
-1699
-1578
-1332
-1145
-1263
-1526
-1717
-1918
-1987
-2292
-2435
-2383
-2399
-2548
-2967
-3252
-3206
-2863
-2274
-1994
-2431
-3141
-3407
-2478
-905
-185
-464
-914
-1005
-566
395
1572
2227
2074
1472
1456
2293
3243
3506
3178
2645
2132
2119
2607
3109
2777
1465
617
759
1301
1524
772
-195
-533
-571
-251
254
337
-252
-1066
-960
69
1059
1395
911
613
850
1391
2405
3081
3248
2788
2197
2646
3564
4059
3775
2973
2411
2362
2579
2774
2606
1873
863
248
452
640
259
-480
-1203
-1410
-1441
-1460
-1415
-1723
-2142
-2412
-2422
-1959
-1711
-1873
-2022
-2127
-2005
-1816
-1520
-1217
-1364
-1628
-1836
-1620
-1230
-1252
-1361
-1686
-1973
-2023
-2114
-2217
-2321
-2505
-2618
-2690
-2879
-3183
-3319
-3052
-2451
-1902
-2246
-3270
-3418
-2451
-952
-128
-451
-787
-853
-538
422
1686
2413
2222
1607
1587
2432
3271
3483
3201
2801
2301
2028
2369
2812
2853
1992
764
252
567
1066
1081
413
-416
-933
-859
-325
239
187
-408
-817
-491
216
921
1325
1328
1408
1517
1899
2699
3242
3277
3101
3025
3305
3728
3790
3529
3102
2684
2448
2452
2469
2012
1226
470
198
251
-11
-423
-939
-1569
-1855
-1781
-1777
-1837
-2142
-2517
-2376
-2112
-1902
-1933
-2053
-2058
-2009
-1778
-1370
-1234
-1415
-1883
-1875
-1507
-1169
-1005
-1384
-1745
-1992
-2143
-2112
-2131
-2343
-2556
-2787
-2865
-3006
-3097
-2975
-2778
-2349
-2137
-2587
-3182
-2995
-1856
-659
-210
-538
-820
-819
-333
725
1827
2390
2019
1432
1534
2372
3127
3304
3018
2545
2026
1818
2185
2727
2704
1637
508
424
820
1031
744
70
-342
-594
-534
-7
353
194
-310
-538
-1
753
1165
1178
1215
1493
1772
2276
2809
3094
3064
2802
2993
3545
3728
3560
3081
2640
2494
2392
2425
2341
1663
842
288
240
444
203
-427
-1044
-1411
-1560
-1610
-1479
-1645
-1990
-2292
-2340
-1930
-1622
-1703
-1899
-1969
-1799
-1584
-1554
-1429
-1465
-1686
-1690
-1590
-1449
-1402
-1655
-1813
-1918
-2017
-2169
-2470
-2661
-2569
-2451
-2474
-2760
-3114
-3094
-2775
-2318
-1914
-1936
-2560
-2991
-2376
-1068
-62
-44
-652
-836
-560
215
1329
2115
2161
1595
1195
1718
2727
3145
2840
2264
1896
1725
1892
2265
2425
2029
1079
320
301
634
797
660
248
-189
-447
-373
32
442
423
179
-6
271
847
1398
1776
1855
1798
1911
2279
2843
3162
2982
2886
2926
3085
3279
3159
2854
2426
2105
2049
2046
1948
1374
578
121
13
75
-47
-444
-904
-1369
-1568
-1466
-1387
-1466
-1781
-2003
-1889
-1685
-1553
-1582
-1731
-1775
-1723
-1657
-1439
-1412
-1509
-1632
-1801
-1776
-1716
-1761
-1753
-1901
-2185
-2222
-2359
-2535
-2714
-2759
-2617
-2504
-2668
-2902
-2824
-2622
-2305
-1895
-1714
-1884
-2250
-2224
-1248
1
410
26
-396
-373
194
1078
1847
2235
1907
1294
1391
2097
2653
2649
2107
1630
1505
1491
1749
2008
1815
1193
274
77
655
1025
930
345
-206
-211
49
562
919
782
371
181
759
1617
2046
1923
1611
1757
2144
2473
2961
3026
2758
2664
2595
2908
3103
2760
2339
2007
1871
1868
1766
1508
992
404
42
-53
93
-169
-613
-964
-1330
-1283
-1328
-1591
-1501
-1640
-1802
-1628
-1575
-1513
-1560
-1763
-1686
-1692
-1553
-1552
-1812
-1684
-1752
-1687
-1648
-1856
-1776
-1969
-2145
-2056
-2215
-2112
-2269
-2728
-2729
-2667
-2561
-2463
-2572
-2512
-2492
-2224
-1946
-1766
-1538
-1994
-2186
-1317
-285
383
168
-410
-249
60
734
1572
1860
1840
1380
1152
1772
2405
2471
2056
1731
1559
1457
1707
1874
1725
1348
701
414
521
757
899
686
412
92
50
394
739
874
733
644
807
1178
1717
1967
2013
2084
2020
2243
2624
2920
2999
2911
2903
2717
2599
2656
2532
2319
2004
1624
1403
1285
1117
723
264
-1
-240
-396
-420
-676
-987
-1343
-1609
-1623
-1519
-1333
-1433
-1714
-1804
-1883
-1805
-1582
-1538
-1679
-1872
-1853
-1743
-1704
-1618
-1866
-2017
-1879
-1826
-1834
-1907
-2270
-2402
-2252
-1986
-1858
-2336
-2809
-2999
-2712
-2174
-1891
-1958
-2118
-2198
-2091
-1726
-1175
-963
-1192
-1356
-1163
-438
414
603
296
179
216
593
1235
1733
1879
1579
1321
1477
1750
1912
1766
1602
1560
1521
1373
1051
945
1051
1140
1314
1284
869
700
560
784
1287
1532
1439
1104
853
1019
1648
2262
2457
2150
1727
1559
2021
2610
2945
2925
2448
1992
1886
2080
2367
2308
1825
1347
1050
1024
1099
891
571
159
-169
-380
-402
-390
-646
-870
-1118
-1353
-1269
-1109
-1164
-1239
-1478
-1771
-1662
-1390
-1261
-1371
-1688
-1913
-1840
-1685
-1631
-1589
-1949
-2192
-2118
-2020
-1872
-1940
-2296
-2464
-2355
-2279
-2085
-2008
-2441
-2780
-2626
-2270
-1773
-1610
-1897
-1927
-1791
-1522
-1159
-968
-855
-881
-958
-715
-133
295
368
298
103
152
616
938
1200
1372
1172
1042
1200
1446
1670
1697
1515
1385
1397
1506
1737
1765
1629
1561
1479
1471
1551
1618
1770
1896
1739
1574
1590
1561
1618
1762
1905
1978
1876
1641
1574
1767
1961
1972
1821
1714
1610
1540
1549
1598
1560
1256
935
808
808
821
655
375
195
77
-92
-233
-329
-595
-968
-1063
-865
-784
-924
-1190
-1434
-1424
-1405
-1551
-1563
-1719
-1865
-1879
-1893
-1814
-1839
-2002
-2101
-2164
-2110
-1912
-1893
-2003
-2153
-2131
-1971
-1785
-1603
-1663
-1777
-1845
-2059
-1949
-1518
-1302
-1217
-1353
-1550
-1427
-1213
-980
-759
-708
-704
-701
-657
-447
-150
-20
-96
-40
-29
45
366
610
789
933
792
776
1048
1240
1410
1394
1360
1471
1573
1690
1779
1849
1908
1806
1792
1872
1931
2055
2078
2127
2151
1974
1957
2001
2071
2150
2017
1908
1926
1835
1755
1771
1693
1530
1321
1319
1377
1265
1080
764
611
610
583
563
324
72
-102
-307
-328
-91
-161
-507
-837
-1059
-914
-709
-857
-1030
-1239
-1484
-1425
-1438
-1449
-1438
-1800
-2073
-1981
-1821
-1726
-1894
-2173
-2357
-2253
-2017
-1984
-1854
-1921
-2054
-1903
-1881
-1632
-1485
-1634
-1775
-1780
-1444
-1058
-932
-960
-1096
-1156
-1019
-773
-474
-439
-490
-553
-564
-289
-194
-239
-209
-265
-276
-199
-97
191
385
305
232
293
492
789
931
934
962
984
1084
1460
1908
2011
1828
1573
1643
2079
2471
2552
2484
2270
2041
2117
2311
2504
2492
2134
1821
1807
1909
2010
1900
1652
1394
1227
1224
1251
1265
1050
814
690
520
506
556
432
271
-71
-217
36
91
-53
-353
-622
-568
-519
-449
-595
-943
-1107
-1265
-1117
-957
-1199
-1485
-1709
-1784
-1649
-1594
-1671
-1935
-2182
-2245
-2174
-1938
-1904
-1920
-1963
-2155
-2032
-1889
-1686
-1463
-1518
-1485
-1360
-1346
-1240
-1123
-1059
-937
-801
-703
-739
-727
-684
-642
-470
-344
-411
-537
-728
-714
-538
-299
-195
-248
-319
-309
-204
96
441
455
421
529
769
1109
1351
1402
1435
1518
1611
1763
1999
2197
2128
1975
1965
2096
2232
2227
2153
2044
1916
1869
1898
1930
1926
1651
1405
1434
1425
1403
1349
1254
1210
1038
928
908
893
818
493
379
568
535
474
219
-54
50
-33
-14
50
-137
-388
-647
-700
-551
-456
-637
-963
-1113
-1226
-1318
-1212
-1307
-1395
-1425
-1710
-1724
-1661
-1834
-1813
-1719
-1763
-1808
-1827
-1835
-1678
-1559
-1624
-1559
-1545
-1584
-1444
-1309
-1136
-937
-1146
-1515
-1514
-1326
-984
-664
-800
-903
-799
-748
-589
-388
-411
-439
-371
-262
21
241
107
-54
-78
-7
295
530
550
585
553
493
748
987
1064
1010
889
841
1081
1331
1463
1579
1454
1415
1548
1720
1897
1914
1764
1678
1768
1836
1840
1862
1786
1733
1660
1589
1585
1571
1496
1390
1301
1249
1219
1066
861
749
694
688
574
397
306
260
164
46
-100
-171
-187
-202
-230
-397
-522
-729
-789
-699
-685
-780
-1070
-1284
-1301
-1161
-978
-1178
-1429
-1600
-1820
-1662
-1446
-1297
-1307
-1720
-1991
-1905
-1639
-1316
-1310
-1449
-1607
-1649
-1486
-1311
-1073
-1048
-1174
-1135
-1086
-951
-812
-893
-845
-749
-680
-607
-634
-637
-647
-665
-537
-427
-328
-332
-452
-382
-369
-300
-218
-190
-40
-1
101
292
411
547
597
693
882
1014
1185
1276
1351
1512
1613
1776
1839
1834
1870
1838
1935
2021
1982
1945
1938
1903
1894
1876
1851
1829
1767
1674
1608
1587
1509
1418
1345
1221
1093
1029
1029
1015
869
704
584
554
513
375
210
57
-10
-87
-139
-203
-349
-512
-693
-715
-662
-738
-910
-1144
-1305
-1300
-1249
-1205
-1337
-1604
-1767
-1766
-1529
-1412
-1529
-1763
-1978
-1885
-1683
-1566
-1445
-1611
-1832
-1796
-1626
-1350
-1192
-1280
-1381
-1394
-1296
-1073
-983
-951
-994
-965
-868
-795
-714
-716
-651
-538
-581
-553
-586
-602
-427
-328
-157
-9
-176
-290
-254
-65
269
457
459
413
403
494
664
884
1058
1134
1125
1108
1208
1375
1517
1676
1705
1632
1656
1687
1782
1920
1902
1836
1782
1699
1671
1684
1708
1743
1696
1548
1479
1443
1471
1448
1354
1216
1144
1078
998
1015
1001
890
826
701
615
523
308
154
61
111
68
-90
-222
-420
-502
-502
-612
-661
-723
-891
-978
-1105
-1142
-1185
-1364
-1441
-1505
-1556
-1603
-1712
-1644
-1563
-1579
-1677
-1854
-1757
-1609
-1419
-1266
-1401
-1555
-1674
-1591
-1302
-1129
-1110
-1305
-1431
-1307
-1223
-1026
-918
-1056
-1097
-1056
-958
-821
-814
-836
-862
-796
-660
-555
-456
-393
-332
-320
-234
50
278
389
406
299
422
669
895
1053
1090
1014
867
1074
1278
1525
1692
1494
1294
1308
1457
1711
1837
1757
1610
1462
1425
1477
1588
1581
1471
1372
1314
1397
1390
1193
1200
1158
1130
1162
1086
1093
1146
1037
924
928
908
740
638
615
582
688
600
500
417
254
144
128
157
91
-150
-315
-396
-508
-527
-544
-613
-759
-966
-1162
-1197
-1110
-1131
-1292
-1365
-1306
-1345
-1389
-1391
-1483
-1478
-1450
-1435
-1358
-1367
-1512
-1606
-1511
-1400
-1296
-1315
-1426
-1561
-1579
-1439
-1248
-1192
-1248
-1361
-1487
-1292
-1119
-1080
-1065
-1064
-1045
-882
-692
-651
-609
-541
-460
-337
-189
-26
66
161
297
403
637
785
753
736
794
1036
1200
1371
1450
1372
1335
1299
1361
1610
1708
1633
1536
1475
1504
1512
1463
1421
1369
1318
1227
1193
1141
1132
1218
1084
1124
1068
836
954
983
976
1045
858
767
843
843
800
740
638
513
450
441
405
390
250
85
27
-82
-52
-107
-262
-313
-446
-554
-561
-602
-682
-741
-783
-798
-813
-936
-1008
-944
-876
-913
-938
-1022
-1038
-960
-987
-945
-960
-1056
-1091
-1014
-1006
-949
-975
-1109
-1165
-1190
-1202
-1090
-943
-964
-1107
-1291
-1367
-1262
-1093
-1048
-998
-949
-1010
-1089
-1091
-1007
-787
-574
-472
-317
-341
-361
-213
-65
197
407
338
279
337
470
714
954
1077
1038
977
902
999
1266
1361
1343
1218
1110
1110
1258
1357
1351
1311
1138
1072
1102
1174
1172
1128
1140
1052
977
1008
956
971
937
774
814
772
718
784
665
708
664
464
304
253
216
209
273
217
102
-14
-246
-335
-159
-234
-269
-271
-480
-585
-661
-748
-666
-558
-628
-772
-736
-759
-787
-666
-679
-683
-679
-812
-754
-626
-548
-520
-636
-731
-652
-644
-640
-597
-653
-663
-697
-717
-749
-692
-708
-786
-761
-780
-899
-937
-866
-753
-605
-670
-870
-924
-760
-514
-328
-258
-365
-495
-447
-205
120
343
225
-14
-10
239
515
717
730
604
519
572
759
904
839
607
536
584
745
906
823
760
771
746
882
1009
940
895
925
959
1080
1090
944
873
905
932
948
888
807
794
829
892
931
744
422
215
222
392
493
396
95
-148
-256
-255
-126
-87
-264
-481
-559
-515
-437
-505
-691
-752
-733
-679
-621
-667
-768
-866
-859
-703
-548
-518
-683
-866
-857
-734
-537
-462
-558
-693
-865
-818
-544
-376
-443
-618
-761
-824
-704
-587
-560
-608
-743
-873
-765
-630
-610
-565
-570
-476
-385
-354
-392
-378
-382
-355
-140
81
133
110
56
86
311
492
603
664
673
644
706
805
871
864
742
686
709
759
769
782
771
759
806
795
826
862
794
739
815
828
855
892
763
675
754
751
764
776
640
597
690
767
794
718
511
346
338
398
454
426
202
-36
-124
-58
31
-24
-203
-394
-502
-498
-448
-387
-488
-628
-798
-851
-750
-697
-739
-792
-830
-810
-738
-734
-707
-795
-917
-932
-791
-604
-566
-714
-834
-847
-777
-653
-582
-615
-757
-883
-853
-700
-573
-630
-739
-823
-817
-720
-663
-542
-457
-497
-520
-456
-273
-199
-260
-165
-11
115
208
207
212
289
330
359
514
643
602
625
755
858
931
898
816
830
872
880
935
1073
1052
848
734
751
830
847
816
785
749
704
645
653
729
702
637
689
697
583
452
402
501
637
671
524
400
344
236
271
353
282
103
4
-58
-23
24
-115
-293
-395
-414
-445
-444
-381
-417
-592
-661
-677
-680
-613
-672
-815
-800
-711
-661
-607
-610
-739
-791
-740
-587
-436
-518
-660
-767
-716
-641
-615
-575
-591
-695
-740
-658
-558
-491
-493
-675
-703
-582
-508
-432
-393
-419
-488
-456
-360
-188
-76
-74
-88
-55
22
118
198
220
328
352
263
345
390
397
534
600
578
606
631
642
672
723
696
668
700
749
761
726
667
609
610
669
776
784
659
498
415
511
601
629
631
592
552
446
434
474
491
541
480
412
412
367
314
298
244
164
100
60
21
37
-8
-140
-187
-235
-341
-359
-397
-462
-506
-569
-576
-548
-574
-582
-614
-636
-623
-628
-660
-689
-612
-645
-609
-483
-534
-551
-480
-517
-526
-445
-441
-411
-346
-411
-453
-455
-478
-475
-422
-390
-470
-531
-538
-476
-381
-344
-354
-396
-411
-332
-238
-171
-76
-59
-83
2
32
47
125
219
243
313
379
385
421
477
543
555
535
515
506
529
663
692
656
595
559
521
578
714
642
541
548
481
537
726
663
538
504
416
425
579
580
458
389
308
307
410
435
292
201
162
148
180
175
67
-1
-41
-36
12
-52
-190
-278
-305
-278
-221
-295
-410
-438
-456
-437
-408
-477
-569
-618
-596
-555
-477
-447
-555
-625
-636
-697
-647
-548
-513
-481
-435
-462
-529
-479
-504
-523
-411
-363
-352
-325
-345
-363
-342
-333
-315
-289
-256
-269
-259
-201
-187
-146
-39
47
112
101
85
106
183
231
287
293
226
192
222
310
412
511
474
391
428
428
451
557
595
572
590
617
625
590
483
421
463
551
600
635
588
481
376
324
403
512
528
464
345
260
284
345
431
462
347
175
28
72
192
236
206
97
-14
-123
-127
-130
-118
-163
-246
-281
-283
-333
-388
-465
-510
-516
-506
-473
-474
-531
-668
-755
-719
-614
-557
-504
-515
-565
-643
-639
-570
-547
-488
-520
-555
-508
-466
-508
-489
-411
-422
-400
-319
-343
-373
-336
-358
-331
-247
-200
-157
-96
-80
-123
-117
-10
80
129
153
133
186
231
263
274
310
338
348
384
447
496
537
607
598
598
541
496
520
603
676
677
657
567
493
523
568
599
639
635
623
625
591
511
445
416
456
548
540
461
351
277
267
311
355
302
242
139
98
151
148
91
-47
-147
-171
-173
-85
-48
-142
-273
-400
-444
-359
-276
-352
-462
-480
-577
-641
-571
-571
-628
-658
-720
-747
-660
-614
-686
-723
-729
-735
-691
-607
-605
-639
-609
-619
-600
-512
-481
-512
-482
-463
-460
-425
-357
-363
-412
-369
-364
-319
-247
-238
-261
-233
-202
-228
-134
9
85
81
119
118
124
240
263
256
351
407
398
501
568
511
531
616
666
745
817
745
701
735
729
721
776
782
733
776
824
759
685
649
592
637
782
776
640
545
465
465
531
603
554
466
445
381
363
377
265
177
179
199
224
226
171
-2
-121
-160
-138
-72
-71
-194
-315
-375
-407
-388
-403
-457
-586
-641
-671
-653
-633
-695
-748
-765
-753
-739
-747
-754
-783
-759
-703
-708
-681
-696
-728
-700
-637
-574
-550
-626
-690
-650
-587
-567
-589
-566
-593
-581
-488
-428
-385
-385
-423
-404
-327
-253
-232
-219
-155
-126
-89
-19
59
133
197
213
259
308
376
390
412
472
485
517
563
639
659
607
590
607
636
718
749
727
693
646
616
659
667
637
611
616
672
686
690
601
551
515
522
607
584
560
488
424
464
536
478
454
469
404
388
341
258
212
201
168
168
153
84
-20
-102
-113
-144
-108
-137
-238
-350
-410
-401
-379
-351
-425
-558
-634
-629
-615
-524
-499
-589
-649
-733
-743
-731
-722
-667
-618
-554
-546
-612
-636
-671
-619
-543
-513
-478
-529
-561
-609
-608
-528
-479
-457
-434
-420
-399
-374
-315
-266
-231
-207
-209
-202
-167
-106
-79
-39
24
72
134
208
244
256
271
314
361
427
497
447
398
453
477
476
498
516
517
555
521
472
489
468
503
537
548
524
536
511
464
513
518
528
558
562
529
535
513
490
499
489
467
450
454
443
404
320
247
227
202
181
154
98
26
-39
-54
-84
-86
-101
-183
-211
-250
-315
-328
-355
-361
-369
-365
-399
-429
-433
-446
-438
-431
-453
-446
-426
-502
-522
-490
-461
-456
-468
-475
-523
-532
-491
-497
-471
-469
-558
-569
-523
-528
-536
-571
-605
-589
-505
-397
-368
-377
-384
-403
-333
-205
-129
-47
-19
-7
17
70
101
154
240
294
332
343
350
353
386
491
541
558
540
488
433
454
512
525
530
504
448
431
466
478
478
505
485
476
458
436
401
391
392
394
472
479
399
364
342
272
290
325
362
313
269
224
203
240
227
151
93
75
18
2
-11
-88
-159
-193
-219
-239
-265
-309
-358
-346
-337
-373
-399
-432
-457
-437
-399
-336
-308
-351
-423
-518
-526
-453
-419
-354
-358
-433
-494
-515
-482
-438
-379
-401
-445
-457
-463
-481
-475
-439
-444
-433
-431
-396
-352
-356
-346
-376
-317
-204
-167
-87
-44
-42
8
32
61
146
222
251
240
267
280
303
386
413
463
472
474
499
481
510
556
583
534
490
492
517
528
511
468
485
486
453
442
421
415
432
457
488
460
380
341
329
357
369
359
325
267
249
208
219
228
218
176
115
113
69
51
11
-74
-105
-154
-159
-158
-197
-230
-263
-285
-275
-299
-346
-376
-402
-365
-351
-358
-395
-415
-444
-472
-446
-441
-429
-435
-413
-399
-413
-457
-521
-543
-527
-492
-480
-489
-509
-600
-647
-595
-553
-486
-478
-481
-459
-473
-461
-407
-350
-271
-190
-110
-77
-74
-41
-20
42
123
203
236
293
358
377
391
413
432
462
527
588
595
585
516
447
448
472
507
532
532
484
462
440
426
420
402
367
371
393
377
402
393
330
291
309
325
365
397
385
382
361
359
361
355
322
300
266
291
321
246
165
95
55
60
72
39
-8
-95
-131
-161
-200
-207
-238
-289
-323
-350
-386
-416
-438
-450
-479
-490
-535
-537
-504
-484
-499
-502
-541
-577
-545
-535
-527
-533
-540
-538
-515
-506
-542
-596
-616
-629
-605
-550
-515
-472
-459
-463
-455
-452
-451
-386
-299
-224
-136
-95
-86
-75
-59
-18
71
191
265
307
333
330
323
378
419
471
494
469
495
542
555
563
596
576
538
538
551
541
528
515
484
461
436
420
428
480
483
455
439
391
403
428
412
423
424
416
408
394
371
336
332
283
273
313
289
262
235
150
89
64
58
35
24
-57
-142
-187
-249
-259
-246
-246
-261
-317
-300
-294
-292
-308
-384
-374
-385
-379
-336
-348
-385
-465
-497
-508
-472
-410
-414
-429
-500
-564
-575
-558
-547
-532
-573
-579
-579
-601
-623
-640
-593
-525
-467
-436
-422
-459
-479
-420
-344
-263
-203
-175
-132
-94
-44
19
91
136
161
201
246
267
278
355
384
434
462
444
460
478
465
485
534
521
476
452
446
406
401
436
438
470
469
438
408
423
404
415
443
470
459
460
432
385
418
408
395
431
443
414
362
284
241
248
262
229
224
158
96
64
42
32
15
-18
-86
-117
-134
-177
-214
-251
-280
-293
-308
-322
-358
-370
-346
-358
-341
-363
-372
-378
-395
-413
-442
-425
-425
-413
-424
-471
-484
-456
-472
-454
-436
-456
-465
-483
-478
-479
-483
-479
-472
-487
-475
-423
-396
-350
-307
-265
-242
-217
-179
-160
-94
-48
15
104
138
166
170
182
202
278
312
345
397
376
333
334
357
364
413
402
353
340
346
326
331
348
330
328
357
335
316
300
292
302
341
362
359
389
395
379
376
363
369
376
366
360
354
372
361
349
341
272
229
199
160
152
128
74
29
-44
-72
-78
-104
-127
-161
-206
-210
-214
-232
-240
-287
-318
-333
-314
-296
-323
-358
-368
-389
-367
-345
-344
-333
-369
-385
-401
-395
-404
-408
-417
-436
-425
-421
-429
-433
-405
-403
-395
-366
-385
-355
-323
-293
-210
-177
-177
-165
-143
-85
-10
31
63
94
102
116
162
217
246
270
239
258
294
292
312
286
290
286
307
321
333
322
242
245
272
287
314
316
279
265
281
278
277
281
239
231
259
219
186
186
196
207
216
223
227
240
231
187
169
149
144
165
176
182
162
110
47
-2
2
-24
-52
-59
-83
-112
-133
-180
-199
-178
-199
-228
-263
-275
-301
-287
-236
-244
-235
-255
-293
-294
-261
-265
-240
-212
-237
-249
-274
-275
-274
-269
-281
-320
-302
-317
-325
-305
-294
-272
-259
-245
-217
-225
-232
-253
-220
-152
-97
-51
-31
-6
-41
-38
-18
10
106
160
205
247
245
228
226
220
243
285
280
308
343
340
333
322
294
271
289
310
303
312
266
197
186
186
203
204
214
205
185
173
147
132
148
162
154
194
186
179
163
155
155
167
170
156
156
121
74
36
37
35
31
31
-13
-17
-28
-72
-123
-140
-156
-186
-225
-244
-261
-257
-244
-240
-233
-261
-258
-249
-223
-215
-220
-264
-308
-298
-292
-296
-260
-252
-246
-229
-233
-238
-242
-240
-213
-190
-188
-220
-240
-255
-237
-230
-196
-174
-137
-84
-96
-102
-101
-111
-94
-38
-3
25
61
80
100
138
154
189
206
222
230
230
225
228
235
229
251
225
225
223
199
206
214
213
229
200
169
152
116
131
153
189
180
153
167
145
153
188
176
197
227
240
239
227
199
161
184
205
182
191
172
121
102
76
45
55
44
19
27
20
-5
-31
-34
-69
-103
-109
-121
-115
-139
-179
-181
-192
-228
-202
-178
-173
-144
-126
-157
-143
-136
-167
-179
-162
-181
-234
-243
-269
-271
-279
-280
-300
-316
-304
-301
-296
-254
-243
-235
-194
-213
-249
-250
-245
-226
-151
-117
-108
-106
-111
-100
-51
35
29
55
91
85
88
96
91
106
148
161
198
218
206
186
185
157
153
176
198
238
225
223
191
177
179
174
204
186
169
150
141
141
143
174
197
201
183
163
184
233
234
220
219
181
146
148
149
152
121
132
129
95
94
74
32
48
29
10
33
27
15
-40
-81
-122
-114
-96
-76
-73
-89
-115
-143
-140
-146
-136
-173
-171
-173
-169
-187
-197
-224
-251
-238
-208
-180
-191
-202
-240
-266
-273
-249
-255
-239
-212
-214
-186
-194
-225
-222
-187
-160
-105
-72
-77
-72
-77
-96
-33
16
37
65
72
59
54
75
137
153
173
177
137
139
104
80
105
106
97
117
111
128
90
72
66
56
90
118
157
133
102
70
68
94
131
134
160
170
149
140
136
145
141
166
179
166
146
126
96
102
89
78
95
108
118
115
99
53
13
-17
-17
-35
-26
-34
-48
-48
-41
-68
-71
-59
-54
-54
-40
-62
-78
-86
-113
-115
-109
-84
-87
-96
-142
-165
-166
-129
-100
-111
-116
-141
-182
-175
-143
-149
-144
-156
-172
-152
-129
-112
-127
-148
-106
-121
-93
-64
-62
-53
-38
-9
19
58
57
64
45
27
38
74
98
113
126
106
97
96
68
71
90
117
125
120
90
57
21
7
7
15
34
29
50
44
18
25
11
4
15
44
63
40
53
43
42
44
44
46
60
76
77
79
85
72
49
40
27
30
47
20
-11
35
26
-6
27
14
-40
-19
-57
-85
-50
-31
-47
-9
-4
-73
-61
-47
-52
-38
-3
-51
-61
-48
-82
-74
-34
-32
-70
-60
-50
-85
-53
-38
-89
-101
-63
-56
-58
-20
-41
-80
-66
-65
-74
-20
-6
-45
-45
-33
-32
-24
32
24
18
69
71
59
71
40
4
61
86
57
98
96
34
25
52
61
61
88
89
61
95
79
34
41
28
5
29
82
86
78
73
49
43
86
97
128
137
117
95
95
62
21
50
70
33
51
24
-36
-26
-26
-47
-22
-3
-19
-21
-32
-73
-86
-80
-90
-72
-64
-107
-128
-115
-114
-133
-116
-117
-98
-83
-85
-97
-111
-117
-124
-102
-94
-109
-132
-122
-105
-91
-107
-145
-163
-136
-103
-72
-61
-60
-63
-80
-71
-76
-53
-48
-40
-38
-64
-18
-10
-23
1
-11
12
46
64
84
98
85
72
112
145
138
131
125
107
161
172
153
154
137
118
143
162
160
152
140
130
144
191
176
142
134
82
61
88
101
101
111
92
71
103
93
80
117
88
60
58
59
64
95
92
58
31
33
-7
-2
28
-1
2
-10
-49
-53
-65
-79
-104
-69
-66
-103
-80
-96
-128
-100
-93
-123
-103
-111
-154
-149
-135
-174
-174
-136
-179
-186
-144
-179
-177
-168
-201
-208
-187
-193
-181
-142
-146
-176
-166
-188
-220
-185
-165
-146
-125
-119
-145
-161
-131
-105
-68
-14
6
5
17
18
30
58
91
117
159
176
149
154
146
144
134
149
167
186
220
224
199
147
136
138
162
206
232
207
204
177
117
109
125
137
165
196
195
184
168
121
104
151
148
129
147
104
44
65
53
26
71
88
49
76
76
8
-13
-19
-61
-57
13
3
-42
-35
-71
-120
-78
-53
-85
-55
-60
-97
-104
-115
-138
-121
-94
-116
-116
-130
-154
-171
-141
-137
-171
-156
-140
-159
-137
-165
-227
-259
-250
-225
-212
-164
-179
-197
-194
