-14
-23
-22
-25
-17
-12
-25
-7
3
8
-1
-13
-3
-12
-2
-6
-4
-3
-6
-4
-14
-3
-11
-19
-21
-16
-15
-18
0
13
6
6
25
21
12
28
14
0
21
26
8
-2
-1
9
14
21
9
7
19
19
22
7
25
27
9
20
5
-3
0
21
20
32
42
25
35
19
15
14
6
28
22
31
40
15
21
16
5
-1
2
7
1
-8
-10
-7
-10
-20
-23
-26
-35
-46
-47
-52
-51
-50
-56
-65
-57
-62
-65
-63
-69
-68
-65
-58
-61
-81
-75
-72
-68
-53
-54
-61
-50
-35
-21
-1
-14
-6
0
10
9
-2
5
1
13
25
37
46
59
47
53
65
60
61
68
87
86
86
79
94
96
104
109
100
102
108
102
96
99
91
92
98
86
74
88
94
87
95
82
76
74
62
54
46
56
45
37
21
17
19
-7
-19
-28
-45
-68
-67
-77
-100
-110
-121
-139
-147
-149
-156
-167
-181
-189
-191
-203
-219
-211
-228
-228
-219
-213
-202
-211
-201
-221
-218
-192
-173
-172
-157
-121
-141
-117
-97
-85
-79
-69
-30
-3
14
45
68
74
116
136
157
189
192
209
225
252
266
278
275
286
293
282
297
309
315
319
333
336
348
351
345
326
323
329
314
301
280
259
243
240
219
198
182
165
147
114
103
78
51
26
-20
-49
-85
-130
-174
-207
-248
-286
-316
-363
-393
-434
-488
-517
-564
-583
-583
-627
-631
-643
-688
-681
-671
-705
-761
-775
-750
-732
-695
-655
-627
-567
-497
-420
-372
-318
-245
-170
-76
34
138
210
301
410
463
552
674
709
746
783
823
885
930
912
866
861
849
833
803
780
769
735
682
627
610
552
487
424
366
311
285
202
114
94
32
7
-13
-39
-43
-24
0
13
16
18
54
79
79
90
106
115
89
63
38
-4
-18
-56
-147
-198
-258
-326
-356
-429
-508
-560
-610
-670
-724
-758
-792
-844
-885
-894
-885
-893
-920
-959
-1025
-1060
-1090
-1124
-1176
-1225
-1258
-1295
-1314
-1331
-1297
-1258
-1195
-1110
-993
-838
-661
-506
-343
-161
31
211
388
587
735
897
1051
1185
1303
1416
1523
1611
1708
1830
1929
2010
2082
2146
2197
2220
2262
2261
2231
2191
2122
2022
1898
1746
1570
1394
1211
1024
821
617
408
216
41
-113
-282
-444
-604
-723
-838
-965
-1061
-1135
-1224
-1303
-1405
-1450
-1523
-1622
-1666
-1708
-1771
-1794
-1783
-1789
-1742
-1681
-1617
-1552
-1480
-1374
-1267
-1170
-1141
-1212
-1197
-1062
-1090
-1218
-1223
-1257
-1286
-1222
-1274
-1357
-1332
-1265
-1159
-1056
-934
-709
-452
-288
-29
195
414
730
967
1066
1221
1510
1719
1828
1885
1958
2081
2258
2287
2280
2346
2474
2559
2532
2531
2585
2647
2578
2474
2392
2281
2166
1975
1676
1438
1268
1028
748
449
232
48
-105
-300
-544
-673
-778
-892
-1043
-1139
-1179
-1235
-1339
-1440
-1498
-1564
-1631
-1735
-1868
-1887
-1832
-1860
-1891
-1847
-1799
-1718
-1643
-1615
-1553
-1442
-1349
-1296
-1258
-1209
-1085
-1005
-962
-897
-857
-844
-802
-802
-849
-847
-813
-888
-954
-962
-952
-861
-756
-690
-578
-368
-178
-32
144
317
530
728
860
1031
1218
1379
1524
1662
1768
1925
2049
2079
2153
2269
2370
2449
2514
2557
2599
2619
2610
2611
2559
2472
2360
2211
2033
1845
1622
1368
1126
870
596
387
193
-49
-266
-464
-672
-852
-1027
-1200
-1313
-1447
-1567
-1656
-1775
-1855
-1908
-1981
-2019
-2081
-2133
-2150
-2170
-2217
-2217
-2137
-2095
-2026
-1921
-1824
-1743
-1629
-1487
-1377
-1252
-1111
-992
-934
-908
-848
-838
-833
-819
-846
-908
-896
-851
-873
-880
-802
-722
-621
-428
-223
-14
217
423
618
803
1015
1235
1431
1553
1694
1837
1923
2084
2177
2214
2281
2375
2470
2561
2662
2747
2791
2822
2862
2815
2785
2726
2605
2460
2296
2107
1893
1631
1330
1053
742
448
157
-175
-438
-649
-886
-1064
-1202
-1353
-1519
-1628
-1705
-1802
-1894
-1952
-2020
-2141
-2197
-2242
-2285
-2307
-2351
-2361
-2344
-2317
-2199
-2142
-2115
-1898
-1721
-1684
-1472
-1318
-1296
-1146
-984
-962
-826
-775
-805
-700
-682
-680
-655
-778
-846
-791
-815
-776
-632
-559
-438
-201
-16
127
370
610
742
942
1150
1318
1499
1643
1753
1873
1969
2041
2144
2161
2197
2338
2376
2415
2538
2589
2597
2699
2712
2692
2719
2648
2505
2356
2182
1987
1785
1530
1235
941
671
413
165
-86
-313
-497
-698
-904
-1016
-1169
-1307
-1378
-1519
-1636
-1678
-1759
-1901
-1969
-2014
-2107
-2143
-2187
-2265
-2283
-2244
-2229
-2239
-2207
-2100
-2015
-1961
-1821
-1670
-1595
-1539
-1367
-1240
-1212
-1081
-1004
-1082
-1032
-953
-1068
-1072
-1110
-1192
-1186
-1107
-1041
-942
-802
-585
-287
-96
155
442
679
886
1212
1389
1586
1867
2010
2082
2198
2361
2421
2498
2594
2647
2711
2781
2836
2856
2898
2945
2953
2910
2853
2852
2765
2592
2426
2186
1926
1674
1345
980
688
413
144
-115
-421
-665
-861
-1042
-1195
-1390
-1533
-1625
-1727
-1855
-1920
-1930
-1986
-2052
-2120
-2204
-2273
-2271
-2368
-2422
-2340
-2312
-2305
-2206
-2150
-2053
-1839
-1740
-1638
-1478
-1333
-1178
-993
-907
-850
-762
-782
-777
-752
-813
-857
-900
-1027
-1094
-1056
-1050
-983
-862
-732
-527
-255
-10
245
542
766
982
1229
1428
1621
1805
1879
1947
2054
2159
2272
2343
2361
2451
2607
2670
2722
2808
2848
2899
2925
2881
2857
2799
2673
2545
2388
2135
1881
1579
1213
873
538
226
-80
-371
-661
-874
-1041
-1205
-1327
-1436
-1511
-1594
-1665
-1733
-1812
-1877
-1930
-2008
-2090
-2147
-2122
-2163
-2263
-2215
-2151
-2193
-2097
-1973
-1946
-1783
-1550
-1440
-1332
-1195
-1080
-940
-839
-762
-740
-815
-822
-822
-988
-1116
-1111
-1235
-1360
-1332
-1354
-1343
-1220
-1075
-913
-729
-437
-168
66
334
662
921
1140
1415
1622
1725
1853
2033
2105
2202
2339
2415
2499
2686
2815
2881
3002
3145
3221
3247
3255
3278
3211
3073
2936
2745
2488
2233
1950
1564
1203
846
457
107
-203
-508
-791
-1050
-1213
-1348
-1499
-1616
-1728
-1843
-1955
-2012
-2125
-2193
-2212
-2344
-2430
-2452
-2495
-2542
-2550
-2522
-2459
-2396
-2325
-2162
-2101
-1979
-1687
-1499
-1353
-1108
-922
-823
-665
-558
-552
-551
-521
-540
-668
-762
-853
-958
-1009
-1004
-1000
-963
-861
-698
-531
-386
-101
189
385
639
847
1014
1285
1473
1556
1655
1764
1866
1956
2015
2068
2200
2309
2428
2525
2631
2783
2944
3001
3014
3116
3127
3051
2945
2812
2595
2364
2096
1717
1390
1055
744
419
57
-239
-468
-699
-884
-1031
-1203
-1338
-1389
-1522
-1660
-1656
-1736
-1893
-2027
-2157
-2275
-2302
-2405
-2565
-2581
-2574
-2599
-2522
-2385
-2304
-2181
-1974
-1749
-1616
-1454
-1218
-1064
-994
-787
-616
-664
-637
-595
-696
-787
-822
-960
-1113
-1114
-1113
-1117
-1052
-958
-819
-617
-415
-151
92
293
562
786
930
1132
1360
1424
1513
1635
1706
1790
1909
1997
2045
2199
2374
2519
2634
2779
2957
3019
3081
3179
3224
3227
3173
3053
2804
2587
2351
2016
1643
1309
955
559
233
-52
-365
-600
-771
-958
-1098
-1200
-1324
-1482
-1645
-1731
-1818
-1901
-2018
-2142
-2260
-2317
-2402
-2534
-2524
-2579
-2563
-2507
-2451
-2352
-2226
-2092
-1927
-1766
-1643
-1369
-1188
-1082
-860
-764
-748
-661
-706
-792
-823
-923
-1026
-1150
-1270
-1299
-1297
-1296
-1176
-1072
-923
-635
-405
-174
90
357
607
838
1051
1307
1487
1592
1709
1797
1914
2042
2079
2099
2196
2321
2497
2603
2689
2851
2964
3083
3225
3298
3327
3366
3311
3148
2969
2758
2493
2142
1727
1345
1001
605
256
-98
-414
-620
-796
-1013
-1182
-1298
-1454
-1586
-1696
-1823
-1962
-2019
-2097
-2245
-2382
-2434
-2469
-2626
-2751
-2743
-2704
-2693
-2598
-2449
-2357
-2144
-1908
-1744
-1582
-1315
-1158
-1007
-793
-711
-621
-616
-656
-672
-762
-956
-1023
-1154
-1337
-1353
-1342
-1340
-1271
-1122
-955
-722
-437
-160
51
266
508
758
986
1223
1397
1485
1550
1622
1675
1775
1888
1980
2075
2246
2488
2635
2811
3017
3142
3272
3411
3447
3480
3491
3419
3281
3061
2853
2541
2130
1718
1345
959
612
303
-33
-336
-546
-703
-897
-1044
-1150
-1242
-1338
-1386
-1463
-1578
-1755
-1919
-2078
-2298
-2472
-2532
-2629
-2767
-2747
-2756
-2751
-2639
-2472
-2377
-2213
-1916
-1786
-1633
-1352
-1141
-1042
-928
-780
-754
-807
-829
-851
-1000
-1154
-1233
-1401
-1550
-1513
-1471
-1483
-1355
-1163
-982
-772
-504
-219
-9
241
553
768
948
1197
1379
1412
1489
1611
1661
1750
1835
1918
2046
2242
2460
2593
2760
3008
3194
3302
3436
3545
3575
3571
3499
3371
3150
2909
2621
2201
1851
1502
1138
751
390
76
-198
-375
-503
-649
-833
-947
-1023
-1195
-1379
-1505
-1677
-1872
-2018
-2220
-2436
-2581
-2705
-2851
-2944
-2920
-2925
-2898
-2752
-2622
-2474
-2254
-2050
-1881
-1658
-1422
-1217
-1079
-925
-789
-767
-820
-859
-879
-1058
-1156
-1210
-1403
-1467
-1425
-1413
-1378
-1211
-1028
-831
-554
-316
-77
161
373
645
846
975
1197
1359
1390
1487
1571
1615
1686
1815
1891
1992
2223
2417
2555
2764
2995
3149
3289
3391
3493
3560
3545
3524
3435
3160
2903
2648
2209
1794
1443
1010
617
372
94
-155
-321
-474
-596
-699
-816
-886
-991
-1186
-1293
-1514
-1755
-1925
-2162
-2460
-2645
-2742
-2932
-3008
-3022
-3020
-2939
-2832
-2693
-2501
-2265
-2096
-1889
-1636
-1492
-1338
-1117
-1031
-970
-853
-894
-939
-916
-1071
-1170
-1215
-1381
-1475
-1438
-1453
-1361
-1135
-1041
-853
-596
-383
-88
192
370
612
838
970
1157
1305
1375
1441
1515
1576
1635
1767
1820
1943
2176
2364
2546
2796
2999
3184
3422
3538
3634
3724
3722
3621
3494
3263
2966
2666
2261
1831
1488
1124
747
494
229
-31
-171
-347
-501
-602
-740
-833
-968
-1163
-1350
-1569
-1794
-2012
-2218
-2489
-2708
-2839
-3015
-3138
-3104
-3109
-3070
-2882
-2780
-2669
-2407
-2197
-2040
-1773
-1615
-1462
-1264
-1173
-1059
-969
-1098
-1132
-1071
-1215
-1298
-1314
-1486
-1551
-1445
-1442
-1352
-1177
-1014
-808
-531
-224
15
246
468
673
886
1061
1188
1384
1427
1452
1571
1595
1651
1808
1904
1954
2196
2458
2638
2869
3056
3272
3474
3569
3666
3786
3759
3671
3539
3277
3079
2795
2356
1966
1606
1205
848
569
279
83
-75
-206
-343
-484
-577
-703
-836
-1038
-1240
-1451
-1700
-1926
-2190
-2475
-2659
-2804
-3012
-3109
-3109
-3184
-3135
-2964
-2928
-2813
-2480
-2278
-2195
-1940
-1751
-1654
-1412
-1242
-1212
-1161
-1182
-1230
-1213
-1324
-1454
-1460
-1603
-1708
-1584
-1523
-1461
-1200
-1036
-877
-567
-254
-38
236
515
676
858
1055
1229
1396
1471
1483
1552
1595
1667
1808
1928
1975
2186
2422
2538
2829
3099
3236
3404
3540
3576
3670
3681
3594
3460
3232
2914
2652
2319
1897
1558
1187
847
593
329
108
-19
-158
-283
-396
-483
-584
-724
-835
-992
-1191
-1401
-1637
-1903
-2192
-2434
-2647
-2861
-3008
-3071
-3087
-3015
-2845
-2747
-2490
-2257
-2182
-1885
-1640
-1633
-1467
-1303
-1337
-1210
-1168
-1358
-1405
-1437
-1605
-1638
-1734
-1875
-1833
-1805
-1819
-1684
-1507
-1393
-1106
-795
-590
-284
31
217
437
663
803
957
1121
1255
1337
1469
1568
1678
1835
1901
2070
2285
2483
2741
3005
3147
3429
3682
3707
3856
3950
3867
3804
3655
3360
3116
2855
2427
2042
1672
1249
962
653
368
235
121
-23
-110
-244
-391
-467
-642
-885
-1099
-1345
-1676
-1937
-2174
-2484
-2735
-2900
-3014
-3119
-3176
-3144
-3007
-2898
-2848
-2596
-2376
-2256
-1949
-1705
-1644
-1447
-1243
-1223
-1152
-1086
-1161
-1265
-1315
-1344
-1456
-1601
-1601
-1621
-1684
-1536
-1420
-1363
-1184
-940
-713
-497
-271
6
213
333
583
706
753
970
1085
1083
1169
1295
1447
1579
1720
1877
2092
2312
2655
2896
3066
3346
3536
3662
3725
3820
3818
3741
3608
3375
3101
2825
2512
2073
1651
1337
1003
697
474
253
88
-67
-134
-200
-333
-394
-483
-690
-1000
-1208
-1480
-1812
-2115
-2394
-2643
-2872
-3050
-3186
-3216
-3195
-3051
-2907
-2754
-2560
-2291
-2029
-1812
-1565
-1419
-1285
-1194
-1096
-1063
-1097
-1105
-1134
-1205
-1277
-1269
-1391
-1452
-1465
-1484
-1470
-1383
-1262
-1121
-966
-767
-502
-270
-91
125
240
346
483
580
674
787
892
947
1019
1159
1339
1460
1634
1854
2100
2420
2727
2954
3186
3395
3562
3661
3723
3726
3727
3589
3350
3165
2889
2596
2284
1930
1545
1250
1054
805
596
456
321
185
87
-23
-152
-288
-469
-714
-1005
-1277
-1586
-1933
-2267
-2617
-2876
-3049
-3193
-3222
-3167
-3069
-2893
-2707
-2477
-2266
-2153
-1906
-1685
-1663
-1507
-1305
-1352
-1350
-1270
-1376
-1418
-1403
-1485
-1508
-1544
-1607
-1623
-1645
-1667
-1518
-1425
-1335
-1105
-889
-706
-513
-296
-166
-36
189
341
443
547
713
796
907
1062
1141
1338
1554
1771
2013
2218
2483
2775
2958
3186
3450
3592
3708
3840
3845
3872
3908
3718
3468
3240
2917
2597
2263
1876
1556
1285
1028
827
636
482
387
284
94
-80
-234
-423
-702
-1009
-1342
-1688
-1956
-2335
-2648
-2871
-3079
-3225
-3263
-3272
-3243
-3039
-2871
-2714
-2492
-2311
-2105
-1877
-1776
-1676
-1534
-1526
-1467
-1414
-1470
-1471
-1455
-1495
-1510
-1480
-1486
-1482
-1499
-1483
-1409
-1318
-1196
-1049
-922
-723
-509
-341
-157
-23
112
238
360
473
582
689
823
946
1037
1168
1376
1576
1801
2014
2255
2556
2827
3051
3280
3451
3621
3724
3750
3774
3775
3710
3533
3294
3051
2767
2455
2113
1759
1438
1186
992
770
607
476
356
256
157
-10
-152
-362
-647
-998
-1374
-1736
-2104
-2436
-2746
-3036
-3192
-3213
-3316
-3288
-3099
-2965
-2791
-2526
-2346
-2161
-1940
-1809
-1668
-1593
-1586
-1494
-1400
-1454
-1492
-1420
-1485
-1560
-1449
-1438
-1488
-1390
-1358
-1380
-1274
-1181
-1103
-941
-820
-680
-438
-306
-166
44
117
219
376
451
533
699
793
867
1032
1167
1315
1559
1794
2012
2323
2625
2916
3169
3356
3470
3612
3678
3739
3785
3715
3585
3469
3222
2927
2705
2396
2042
1725
1477
1227
1064
873
692
569
405
251
126
-58
-276
-475
-795
-1168
-1477
-1809
-2194
-2548
-2892
-3121
-3261
-3377
-3352
-3267
-3179
-2995
-2723
-2507
-2331
-2086
-1920
-1886
-1767
-1674
-1713
-1688
-1642
-1647
-1628
-1604
-1652
-1661
-1549
-1545
-1491
-1393
-1378
-1282
-1172
-1098
-954
-796
-680
-450
-248
-152
39
184
276
345
454
550
700
848
943
1056
1224
1487
1660
1848
2081
2336
2596
2863
3089
3253
3469
3632
3734
3737
3771
3771
3681
3471
3236
2981
2745
2502
2148
1807
1555
1322
1097
937
756
614
506
339
189
51
-165
-384
-676
-1039
-1410
-1748
-2101
-2510
-2884
-3132
-3270
-3342
-3335
-3321
-3229
-3026
-2822
-2677
-2469
-2262
-2129
-1969
-1870
-1812
-1730
-1663
-1678
-1704
-1664
-1647
-1631
-1667
-1636
-1567
-1562
-1503
-1426
-1376
-1286
-1096
-975
-879
-721
-558
-421
-245
-97
50
174
248
401
488
601
764
899
1038
1158
1355
1597
1809
2038
2286
2490
2787
3103
3271
3462
3701
3807
3864
3914
3894
3844
3738
3514
3292
3060
2779
2496
2173
1848
1549
1320
1117
911
721
555
426
288
111
-151
-369
-659
-976
-1343
-1782
-2136
-2505
-2808
-3114
-3316
-3447
-3465
-3455
-3385
-3218
-3031
-2819
-2639
-2412
-2272
-2139
-1948
-1902
-1912
-1788
-1733
-1804
-1723
-1676
-1687
-1620
-1581
-1576
-1491
-1460
-1434
-1290
-1226
-1134
-979
-910
-805
-628
-550
-413
-231
-124
-17
119
288
410
524
687
867
995
1156
1309
1475
1735
1947
2159
2428
2675
2970
3206
3359
3571
3742
3801
3842
3838
3771
3724
3628
3407
3190
2914
2621
2341
2024
1719
1542
1327
1116
1020
826
648
502
320
97
-62
-334
-651
-1000
-1440
-1826
-2209
-2570
-2886
-3164
-3358
-3448
-3416
-3371
-3265
-3107
-2948
-2732
-2544
-2374
-2272
-2133
-2042
-1986
-1900
-1864
-1862
-1833
-1838
-1813
-1736
-1761
-1720
-1589
-1563
-1533
-1450
-1425
-1345
-1147
-1073
-996
-789
-712
-510
-302
-179
15
159
253
381
529
643
838
993
1105
1250
1445
1648
1860
2111
2340
2592
2886
3173
3344
3488
3644
3768
3862
3879
3877
3866
3748
3557
3386
3105
2849
2617
2255
1914
1629
1401
1186
1032
852
680
521
363
213
-25
-273
-539
-924
-1322
-1685
-2093
-2456
-2739
-3061
-3327
-3381
-3416
-3444
-3372
-3231
-3080
-2901
-2709
-2533
-2418
-2296
-2147
-2100
-2058
-1906
-1856
-1864
-1799
-1749
-1783
-1785
-1717
-1672
-1636
-1608
-1518
-1415
-1418
-1306
-1166
-1079
-896
-756
-680
-562
-405
-285
-116
57
232
394
510
721
910
1052
1224
1395
1606
1906
2179
2403
2646
2913
3202
3418
3554
3747
3894
3967
4045
4022
3968
3939
3822
3621
3382
3133
2834
2490
2167
1871
1578
1294
1077
856
630
457
278
85
-95
-325
-560
-811
-1185
-1574
-1946
-2312
-2654
-2952
-3213
-3369
-3447
-3493
-3414
-3349
-3215
-3008
-2783
-2587
-2435
-2278
-2105
-2018
-1997
-1944
-1925
-1856
-1778
-1762
-1687
-1644
-1652
-1582
-1526
-1524
-1487
-1423
-1404
-1308
-1214
-1100
-948
-871
-738
-528
-373
-241
-69
63
179
335
442
590
757
925
1098
1223
1429
1657
1885
2088
2326
2547
2834
3106
3313
3551
3716
3831
3929
3943
3925
3901
3791
3585
3378
3131
2876
2599
2308
1992
1693
1475
1257
1046
857
678
460
301
109
-126
-386
-693
-993
-1375
-1792
-2123
-2432
-2799
-3062
-3236
-3362
-3391
-3387
-3362
-3279
-3141
-2907
-2720
-2590
-2374
-2182
-2094
-1938
-1902
-1887
-1798
-1810
-1758
-1664
-1700
-1666
-1555
-1606
-1581
-1500
-1504
-1461
-1358
-1293
-1221
-1088
-972
-834
-657
-504
-319
-139
-9
118
259
425
592
774
931
1059
1201
1429
1638
1853
2062
2255
2528
2824
3042
3291
3503
3679
3859
3976
4031
4074
4039
3934
3790
3540
3313
3106
2749
2441
2114
1773
1534
1322
1104
926
771
568
390
129
-95
-333
-629
-955
-1304
-1662
-2013
-2328
-2680
-2983
-3244
-3356
-3503
-3605
-3519
-3459
-3346
-3103
-2912
-2773
-2518
-2307
-2214
-2058
-1945
-1899
-1844
-1812
-1777
-1766
-1737
-1727
-1714
-1686
-1592
-1556
-1525
-1502
-1396
-1233
-1148
-945
-760
-668
-483
-258
-115
22
211
337
415
575
724
840
974
1078
1193
1334
1516
1753
1961
2141
2397
2681
2918
3183
3389
3527
3669
3834
3891
3868
3853
3817
3662
3437
3191
2923
2625
2315
2017
1684
1378
1185
1033
846
729
591
391
193
9
-230
-461
-702
-1029
-1394
-1766
-2087
-2373
-2684
-3001
-3187
-3364
-3495
-3463
-3402
-3336
-3135
-2888
-2732
-2502
-2240
-2106
-1974
-1830
-1808
-1805
-1710
-1714
-1769
-1699
-1735
-1782
-1642
-1626
-1655
-1548
-1522
-1501
-1310
-1234
-1130
-871
-755
-615
-312
-158
14
274
354
431
628
732
834
983
1067
1120
1276
1516
1670
1867
2118
2355
2648
2934
3147
3373
3556
3665
3807
3896
3838
3868
3846
3592
3404
3175
2812
2559
2269
1876
1647
1405
1135
985
847
666
570
463
271
129
-50
-314
-552
-919
-1312
-1639
-1973
-2357
-2676
-2955
-3223
-3368
-3465
-3451
-3398
-3307
-3119
-2846
-2692
-2518
-2256
-2063
-1978
-1859
-1766
-1757
-1684
-1651
-1687
-1754
-1753
-1709
-1781
-1836
-1821
-1786
-1783
-1679
-1510
-1407
-1231
-1014
-810
-609
-332
-114
74
264
412
537
642
829
964
1013
1074
1177
1277
1468
1709
1883
2112
2381
2680
2995
3269
3496
3669
3823
3920
4004
3973
3914
3838
3621
3327
3073
2840
2492
2160
1836
1538
1254
1027
850
663
525
438
350
212
87
-89
-314
-559
-871
-1207
-1591
-2005
-2357
-2665
-3016
-3237
-3358
-3500
-3506
-3402
-3304
-3169
-2923
-2763
-2563
-2269
-2092
-2009
-1856
-1759
-1727
-1646
-1663
-1726
-1791
-1832
-1834
-1865
-1893
-1854
-1878
-1883
-1726
-1594
-1413
-1140
-909
-670
-400
-136
127
326
463
667
778
915
1120
1221
1264
1340
1436
1496
1657
1830
2014
2205
2434
2727
2988
3246
3475
3688
3809
3913
3971
3944
3881
3709
3467
3177
2879
2580
2196
1803
1508
1203
954
769
602
497
406
324
247
146
51
-39
-245
-535
-831
-1187
-1636
-2057
-2397
-2796
-3139
-3281
-3429
-3552
-3464
-3384
-3222
-2961
-2837
-2582
-2215
-2127
-1969
-1650
-1701
-1703
-1466
-1541
-1687
-1656
-1793
-1929
-1925
-2008
-2048
-1987
-2029
-1931
-1762
-1684
-1428
-1120
-923
-640
-296
-67
186
475
643
731
913
1066
1091
1205
1311
1289
1358
1493
1617
1807
1994
2201
2490
2769
3028
3383
3629
3768
4007
4100
4062
4098
3985
3690
3460
3170
2801
2461
2034
1629
1275
965
728
546
412
316
293
221
136
85
-20
-196
-419
-704
-1050
-1420
-1784
-2155
-2541
-2844
-3137
-3327
-3403
-3480
-3456
-3307
-3101
-2905
-2697
-2448
-2202
-1970
-1831
-1688
-1567
-1509
-1443
-1422
-1487
-1670
-1717
-1767
-1915
-1964
-1965
-2100
-2109
-1922
-1861
-1661
-1375
-1154
-851
-490
-177
110
360
538
757
875
945
1146
1262
1265
1271
1314
1324
1438
1601
1718
1930
2205
2501
2755
3073
3304
3535
3758
3872
3970
4003
3989
3856
3624
3261
2985
2671
2204
1731
1399
1026
779
676
438
365
372
363
319
310
195
112
-33
-335
-572
-881
-1267
-1626
-1980
-2458
-2780
-2978
-3209
-3332
-3354
-3259
-3120
-2945
-2746
-2513
-2335
-2123
-1884
-1790
-1680
-1510
-1468
-1506
-1528
-1686
-1776
-1842
-1969
-2079
-2185
-2274
-2262
-2240
-2179
-1968
-1746
-1482
-1183
-871
-539
-219
97
367
540
719
871
1005
1110
1133
1124
1142
1188
1262
1379
1510
1669
1891
2199
2527
2869
3146
3445
3738
3879
4013
4134
4123
4034
3898
3654
3349
3000
2634
2226
1815
1422
1114
864
647
504
421
367
400
410
377
317
186
0
-283
-630
-966
-1332
-1782
-2193
-2535
-2820
-3037
-3176
-3251
-3270
-3203
-3087
-2912
-2725
-2546
-2318
-2089
-1932
-1780
-1677
-1648
-1545
-1533
-1656
-1794
-1929
-2042
-2180
-2306
-2387
-2433
-2439
-2343
-2230
-2079
-1788
-1516
-1233
-875
-520
-165
198
469
688
902
1063
1198
1290
1333
1338
1373
1390
1453
1593
1723
1886
2084
2349
2638
2968
3313
3560
3782
3959
4087
4136
4091
3982
3734
3422
3072
2718
2325
1866
1465
1142
810
622
486
345
298
288
256
293
280
183
129
-14
-253
-547
-940
-1413
-1787
-2192
-2599
-2835
-3010
-3208
-3260
-3189
-3141
-3027
-2769
-2560
-2374
-2119
-1913
-1730
-1580
-1499
-1420
-1386
-1479
-1563
-1693
-1850
-1949
-2061
-2234
-2356
-2380
-2354
-2312
-2207
-1995
-1760
-1474
-1098
-744
-458
-78
220
403
570
762
954
1065
1131
1152
1166
1209
1278
1335
1418
1596
1782
2006
2341
2674
2967
3257
3563
3767
3924
4043
4112
4040
3884
3669
3358
2993
2599
2209
1767
1382
1049
796
609
439
369
384
386
401
408
363
316
206
-15
-262
-580
-948
-1325
-1735
-2122
-2488
-2774
-2929
-3006
-3087
-3020
-2888
-2792
-2574
-2365
-2159
-1958
-1768
-1651
-1614
-1489
-1463
-1528
-1601
-1663
-1846
-1985
-2044
-2217
-2319
-2393
-2487
-2431
-2342
-2260
-2001
-1702
-1459
-1102
-731
-408
-51
235
398
608
805
856
982
1076
1086
1096
1138
1216
1332
1486
1636
1819
2098
2435
2714
3004
3313
3556
3747
3879
3939
4007
3900
3698
3521
3193
2854
2487
2022
1576
1228
936
723
571
433
377
384
386
425
448
457
445
288
31
-295
-624
-960
-1369
-1770
-2105
-2392
-2639
-2792
-2869
-2899
-2829
-2738
-2594
-2391
-2231
-2018
-1772
-1632
-1554
-1424
-1383
-1425
-1432
-1539
-1745
-1894
-1976
-2127
-2310
-2425
-2532
-2617
-2531
-2426
-2262
-2003
-1751
-1473
-1118
-747
-361
-18
189
438
663
768
873
999
1020
984
1033
1069
1171
1339
1464
1610
1855
2147
2460
2791
3110
3415
3672
3857
3993
4071
4038
3928
3737
3434
3068
2751
2335
1888
1509
1169
867
662
533
433
456
460
459
461
445
414
332
140
-150
-405
-720
-1126
-1509
-1895
-2278
-2540
-2741
-2866
-2924
-2976
-2852
-2652
-2516
-2327
-2082
-1887
-1726
-1578
-1473
-1473
-1451
-1416
-1502
-1678
-1837
-1891
-2067
-2221
-2323
-2409
-2524
-2506
-2348
-2279
-2046
-1752
-1482
-1209
-820
-437
-161
121
324
511
680
830
929
999
998
1026
1055
1090
1244
1391
1513
1709
1988
2238
2558
2875
3124
3355
3560
3723
3789
3845
3855
3696
3439
3171
2912
2529
2127
1724
1342
1020
778
592
452
406
392
410
399
453
461
383
273
100
-184
-517
-842
-1168
-1546
-1917
-2159
-2371
-2603
-2710
-2674
-2686
-2595
-2439
-2321
-2147
-1944
-1754
-1620
-1534
-1468
-1421
-1395
-1419
-1448
-1644
-1828
-1893
-2060
-2285
-2386
-2480
-2576
-2514
-2421
-2328
-2071
-1783
-1521
-1176
-840
-482
-150
92
325
513
592
713
835
876
912
987
1056
1097
1250
1422
1548
1773
2054
2330
2644
2986
3248
3493
3716
3836
3958
3967
3856
3675
3445
3102
2754
2420
1993
1596
1265
945
726
571
427
407
432
469
537
563
527
433
265
32
-245
-550
-916
-1279
-1677
-2025
-2264
-2514
-2716
-2731
-2771
-2739
-2536
-2439
-2272
-2007
-1938
-1770
-1542
-1512
-1451
-1330
-1366
-1444
-1498
-1717
-1854
-1945
-2159
-2276
-2331
-2513
-2533
-2387
-2343
-2200
-1929
-1703
-1455
-1048
-706
-462
-116
111
261
450
549
602
731
773
771
825
855
955
1212
1371
1492
1836
2139
2376
2713
2966
3188
3461
3661
3717
3785
3763
3663
3530
3295
2973
2656
2324
1914
1591
1254
996
822
682
581
577
610
591
624
617
532
468
360
103
-179
-511
-865
-1188
-1532
-1906
-2177
-2301
-2473
-2605
-2576
-2529
-2431
-2220
-2032
-1887
-1717
-1556
-1490
-1397
-1332
-1353
-1356
-1449
-1656
-1780
-1903
-2080
-2170
-2313
-2485
-2535
-2536
-2486
-2392
-2195
-1969
-1693
-1380
-1103
-792
-496
-234
-25
161
325
433
575
653
707
730
777
872
1015
1217
1373
1620
1887
2164
2487
2823
3086
3327
3515
3650
3769
3776
3729
3596
3399
3152
2824
2455
2133
1762
1380
1110
904
727
613
591
573
566
591
584
549
470
363
220
-28
-348
-653
-994
-1367
-1701
-2025
-2275
-2458
-2573
-2604
-2544
-2418
-2284
-2095
-1905
-1769
-1570
-1343
-1315
-1258
-1200
-1277
-1305
-1391
-1552
-1711
-1853
-2032
-2186
-2279
-2331
-2358
-2356
-2304
-2164
-2037
-1822
-1536
-1291
-978
-674
-438
-183
27
149
291
339
450
553
565
613
687
766
947
1164
1358
1628
1924
2204
2490
2803
3035
3276
3466
3598
3645
3607
3561
3454
3248
2997
2697
2349
2057
1753
1436
1176
974
839
749
674
680
752
741
751
747
584
471
305
-10
-296
-650
-1052
-1397
-1674
-1945
-2158
-2268
-2374
-2376
-2314
-2206
-2099
-1963
-1788
-1652
-1503
-1348
-1245
-1234
-1213
-1293
-1396
-1429
-1565
-1743
-1898
-2056
-2209
-2306
-2329
-2351
-2362
-2298
-2134
-1991
-1765
-1513
-1310
-1073
-824
-598
-420
-240
-104
-1
28
71
187
248
369
478
585
752
1019
1302
1583
1844
2114
2439
2728
3004
3224
3429
3567
3614
3607
3541
3454
3278
3051
2760
2488
2213
1928
1673
1410
1188
1031
956
882
838
811
777
745
673
584
434
270
44
-289
-657
-1002
-1310
-1640
-1938
-2141
-2297
-2423
-2423
-2332
-2325
-2164
-1944
-1875
-1716
-1483
-1406
-1338
-1242
-1346
-1407
-1391
-1534
-1641
-1665
-1853
-1991
-1988
-2072
-2155
-2073
-2105
-2079
-1868
-1791
-1625
-1336
-1187
-1040
-771
-570
-474
-267
-163
-134
-32
10
56
168
281
309
475
662
869
1217
1506
1736
2096
2389
2617
2925
3148
3285
3428
3472
3418
3428
3368
3189
3030
2813
2486
2261
2084
1813
1601
1393
1203
1164
1102
1018
1006
987
887
811
691
472
323
74
-269
-613
-936
-1278
-1596
-1883
-2152
-2324
-2406
-2442
-2376
-2216
-2112
-1938
-1752
-1650
-1498
-1371
-1408
-1419
-1386
-1525
-1558
-1567
-1746
-1849
-1893
-2073
-2151
-2094
-2133
-2056
-1946
-1963
-1853
-1651
-1505
-1333
-1143
-1054
-913
-724
-613
-517
-389
-364
-326
-185
-152
-84
106
246
374
578
835
1118
1447
1744
1976
2272
2534
2798
3049
3197
3285
3419
3432
3365
3334
3238
3087
2906
2669
2393
2209
2043
1856
1685
1545
1440
1398
1348
1227
1178
1088
907
800
619
328
92
-170
-558
-880
-1181
-1505
-1748
-1955
-2158
-2288
-2276
-2211
-2208
-2076
-1968
-1938
-1793
-1686
-1676
-1589
-1558
-1622
-1679
-1776
-1841
-1878
-1988
-2088
-2040
-2056
-2138
-2030
-1939
-1959
-1775
-1631
-1640
-1424
-1210
-1142
-1018
-851
-830
-738
-603
-544
-471
-405
-334
-213
-78
14
211
425
576
840
1123
1330
1640
1979
2140
2355
2636
2798
2987
3130
3141
3140
3183
3131
3041
2911
2767
2637
2490
2298
2177
2077
1896
1805
1714
1588
1499
1458
1314
1196
1119
925
696
492
223
-93
-391
-694
-995
-1234
-1447
-1692
-1876
-2035
-2141
-2151
-2126
-2088
-1996
-1930
-1896
-1757
-1743
-1741
-1654
-1700
-1780
-1773
-1795
-1872
-1932
-1994
-2007
-1978
-1947
-1892
-1830
-1736
-1600
-1502
-1423
-1276
-1180
-1125
-1048
-1005
-959
-918
-870
-812
-743
-707
-583
-434
-308
-125
13
205
486
705
899
1146
1374
1582
1848
2052
2245
2395
2531
2683
2752
2792
2853
2873
2810
2780
2712
2633
2540
2465
2393
2285
2214
2169
2061
1930
1822
1657
1519
1395
1242
1059
879
694
455
190
-100
-312
-580
-854
-1050
-1264
-1467
-1613
-1715
-1846
-1867
-1905
-1918
-1906
-1845
-1775
-1729
-1729
-1724
-1706
-1762
-1788
-1846
-1931
-2003
-2035
-2078
-2054
-1997
-1928
-1785
-1658
-1584
-1460
-1319
-1249
-1221
-1182
-1201
-1177
-1116
-1127
-1134
-1112
-1068
-1004
-911
-783
-645
-509
-276
-91
92
349
596
905
1118
1306
1550
1778
1970
2176
2277
2336
2466
2536
2571
2641
2685
2702
2730
2691
2705
2744
2702
2660
2582
2526
2421
2396
2274
2100
1986
1789
1598
1400
1150
885
696
454
203
-9
-223
-461
-658
-856
-1101
-1247
-1387
-1489
-1613
-1703
-1800
-1894
-1895
-1959
-2001
-2005
-2031
-2056
-2054
-2081
-2092
-2047
-2100
-2139
-2117
-2110
-2032
-1914
-1891
-1772
-1555
-1479
-1330
-1208
-1196
-1135
-1046
-1058
-1077
-1079
-1113
-1105
-1123
-1134
-1099
-1008
-919
-784
-631
-454
-227
39
303
538
768
955
1163
1395
1565
1679
1819
1902
1971
2058
2180
2223
2276
2329
2360
2480
2554
2602
2664
2692
2645
2723
2720
2629
2583
2471
2340
2228
2050
1790
1608
1353
1114
870
622
398
170
26
-139
-294
-441
-608
-728
-866
-1013
-1150
-1285
-1428
-1513
-1615
-1784
-1866
-1935
-2050
-2111
-2142
-2208
-2283
-2248
-2238
-2254
-2149
-2055
-2013
-1902
-1808
-1691
-1567
-1491
-1402
-1345
-1315
-1233
-1156
-1176
-1110
-1091
-1144
-1091
-1057
-1058
-1000
-932
-895
-782
-651
-553
-421
-234
-55
168
374
572
790
945
1087
1233
1346
1461
1561
1650
1702
1801
1944
2018
2094
2207
2278
2357
2447
2529
2599
2654
2657
2642
2648
2568
2500
2376
2185
2053
1856
1644
1439
1242
1024
815
650
443
266
86
-55
-132
-256
-404
-538
-659
-836
-1001
-1185
-1389
-1542
-1679
-1817
-1954
-2048
-2149
-2209
-2227
-2257
-2250
-2197
-2109
-2045
-1969
-1920
-1854
-1812
-1721
-1621
-1582
-1519
-1444
-1391
-1400
-1390
-1354
-1325
-1246
-1173
-1077
-1018
-932
-800
-709
-639
-515
-382
-289
-189
-102
21
129
254
381
487
594
716
820
906
1026
1132
1239
1376
1501
1674
1823
1953
2100
2182
2255
2354
2385
2377
2412
2373
2342
2356
2286
2255
2187
2064
1943
1829
1724
1618
1480
1331
1182
1013
836
668
519
325
172
14
-163
-313
-455
-612
-789
-934
-1081
-1229
-1359
-1442
-1549
-1684
-1747
-1817
-1869
-1888
-1884
-1903
-1934
-1933
-1893
-1873
-1842
-1799
-1770
-1740
-1702
-1663
-1639
-1606
-1595
-1517
-1447
-1442
-1330
-1260
-1199
-1062
-922
-843
-707
-608
-535
-397
-322
-187
-89
-23
63
165
172
203
350
389
478
609
706
830
980
1106
1205
1330
1442
1566
1633
1776
1888
1990
2039
2044
2066
2034
2008
1951
1890
1803
1813
1752
1634
1573
1535
1438
1366
1308
1204
1120
997
888
789
671
529
377
180
-11
-184
-368
-541
-692
-846
-995
-1084
-1154
-1223
-1228
-1201
-1219
-1235
-1237
-1252
-1293
-1314
-1348
-1430
-1471
-1475
-1518
-1554
-1522
-1514
-1512
-1491
-1459
-1407
-1326
-1296
-1218
-1093
-1028
-935
-836
-783
-680
-572
-555
-474
-368
-327
-235
-153
-186
-133
-56
-38
74
164
153
249
371
452
596
693
730
854
949
998
1118
1188
1253
1291
1309
1274
1262
1297
1281
1287
1325
1318
1299
1301
1266
1242
1223
1197
1166
1167
1095
1001
955
822
694
610
466
314
208
87
-13
-86
-177
-243
-305
-381
-423
-463
-510
-521
-545
-598
-668
-717
-798
-844
-855
-917
-959
-956
-991
-1046
-1031
-1059
-1073
-1031
-1018
-1012
-939
-903
-861
-812
-771
-705
-641
-626
-605
-533
-538
-511
-478
-479
-426
-372
-340
-276
-215
-117
-33
-14
95
183
178
282
414
409
442
511
492
532
589
609
662
668
684
756
728
754
779
744
780
811
800
775
781
762
727
689
676
639
541
546
476
378
405
354
245
196
129
58
46
-30
-61
-90
-162
-161
-173
-190
-168
-196
-278
-296
-316
-387
-419
-452
-486
-562
-580
-574
-645
-639
-655
-691
-749
-752
-747
-718
-675
-646
-577
-500
-403
-321
-305
-239
-146
-121
-45
34
42
53
100
135
134
192
247
319
345
369
481
519
564
626
672
671
685
725
665
653
666
599
541
504
453
432
396
377
336
290
268
224
171
120
106
73
22
-13
-52
-93
-127
-168
-235
-289
-308
-395
-512
-535
-591
-639
-641
-644
-636
-617
-582
-555
-516
-475
-433
-381
-387
-349
-302
-263
-238
-236
-264
-291
-292
-332
-378
-422
-410
-400
-413
-417
-408
-368
-310
-273
-248
-184
-132
-96
-61
-39
1
33
52
66
82
69
65
110
141
186
258
336
444
563
693
822
908
998
1104
1194
1221
1190
1174
1191
1190
1163
1182
1232
1187
1131
1165
1118
1030
1028
973
879
805
724
685
550
420
288
156
22
-113
-279
-440
-600
-805
-928
-1078
-1242
-1289
-1384
-1490
-1527
-1579
-1577
-1547
-1526
-1492
-1421
-1372
-1316
-1216
-1202
-1159
-1085
-1087
-1025
-899
-889
-809
-752
-684
-539
-467
-341
-250
-206
-97
29
171
188
211
270
310
410
438
382
392
359
328
340
294
275
171
128
123
131
193
210
225
248
323
426
552
629
682
717
771
815
848
887
848
891
916
946
1043
1097
1103
1160
1200
1249
1353
1397
1436
1476
1460
1465
1435
1346
1290
1164
1026
899
753
530
363
211
-10
-205
-377
-545
-701
-852
-989
-1048
-1148
-1272
-1355
-1401
-1453
-1461
-1519
-1639
-1659
-1679
-1744
-1739
-1818
-1887
-1846
-1895
-1798
-1719
-1660
-1535
-1417
-1327
-1162
-998
-929
-803
-664
-593
-424
-254
-236
-111
-48
1
79
130
167
217
250
314
395
431
501
562
648
716
814
885
943
1038
1125
1147
1174
1201
1150
1124
1101
1038
966
958
930
913
919
925
957
979
988
1018
1056
1061
1092
1140
1092
1079
1090
1027
936
890
790
668
581
429
313
222
83
8
-71
-126
-140
-183
-197
-226
-281
-339
-364
-443
-561
-567
-657
-754
-826
-931
-1040
-1153
-1225
-1287
-1324
-1318
-1321
-1304
-1275
-1281
-1271
-1199
-1188
-1137
-1052
-1008
-980
-892
-863
-884
-849
-874
-899
-868
-850
-846
-762
-729
-690
-575
-458
-304
-139
-17
107
219
344
500
598
653
707
760
839
923
959
942
945
948
978
985
1009
1034
1033
1087
1124
1134
1168
1215
1204
1237
1208
1198
1171
1066
993
886
747
643
474
305
210
51
-73
-148
-224
-270
-256
-292
-331
-310
-316
-349
-337
-326
-343
-384
-432
-439
-499
-558
-617
-651
-672
-714
-689
-688
-675
-593
-581
-568
-472
-406
-304
-198
-139
-89
-38
2
17
4
-27
-115
-125
-145
-209
-211
-227
-238
-235
-226
-193
-137
-81
-58
1
58
89
155
154
159
155
135
140
135
63
-31
-66
-132
-91
28
110
171
286
379
458
636
729
712
730
811
832
891
862
707
572
459
368
258
154
-10
-157
-220
-305
-324
-388
-557
-596
-588
-577
-509
-537
-601
-585
-577
-537
-580
-645
-706
-701
-669
-706
-700
-744
-765
-714
-621
-505
-417
-370
-265
-156
-33
83
112
159
176
256
344
342
348
331
302
278
253
234
185
181
198
209
269
319
319
402
478
581
704
715
704
755
788
774
756
725
669
623
598
568
546
531
521
548
603
621
596
604
632
596
608
605
500
419
318
230
188
63
-101
-219
-329
-496
-565
-699
-820
-869
-959
-965
-986
-995
-1004
-1027
-1027
-1019
-908
-906
-893
-838
-841
-821
-798
-845
-852
-842
-840
-768
-766
-751
-689
-623
-555
-437
-327
-265
-179
-110
-62
53
105
115
177
175
160
200
184
142
128
135
89
81
95
105
149
195
269
311
388
423
518
649
720
773
797
805
864
885
860
849
820
797
829
832
820
872
888
866
899
974
976
1015
1038
1007
1037
1015
898
861
794
660
560
478
355
256
135
-39
-126
-246
-381
-475
-543
-620
-656
-764
-837
-823
-864
-927
-990
-1027
-1107
-1152
-1191
-1269
-1293
-1363
-1417
-1392
-1391
-1391
-1354
-1288
-1234
-1116
-982
-907
-808
-710
-587
-474
-383
-271
-215
-161
-109
-35
-24
-38
4
11
43
88
102
119
168
228
298
367
436
510
568
631
691
716
706
699
704
709
742
737
695
671
680
670
697
726
750
780
781
843
909
923
954
986
983
995
991
961
881
831
742
683
584
490
395
269
192
138
75
-5
-64
-133
-207
-260
-289
-339
-377
-407
-470
-529
-600
-691
-754
-833
-908
-933
-1001
-1107
-1078
-1143
-1172
-1141
-1167
-1124
-1049
-952
-862
-749
-694
-618
-550
-521
-465
-426
-412
-375
-367
-341
-316
-283
-238
-239
-198
-148
-105
-36
18
77
182
238
346
432
451
502
530
529
524
507
498
503
476
454
469
484
464
500
520
534
621
678
689
757
832
865
877
850
845
841
802
765
702
599
534
501
405
357
306
176
122
100
59
38
5
-37
-60
-64
-81
-152
-234
-295
-383
-432
-463
-552
-636
-719
-803
-824
-847
-916
-936
-949
-947
-915
-911
-875
-815
-789
-750
-646
-595
-557
-472
-461
-436
-365
-363
-333
-278
-264
-240
-162
-85
-57
-4
59
117
214
237
308
375
408
487
495
510
519
481
481
479
459
436
389
390
390
398
414
415
451
496
511
547
584
603
610
612
596
583
570
520
531
490
423
358
309
240
199
118
60
16
2
-3
-20
-1
-26
-44
-43
-53
-98
-85
-139
-210
-233
-307
-386
-455
-569
-654
-683
-744
-753
-784
-821
-795
-788
-802
-773
-722
-674
-605
-538
-508
-463
-433
-403
-322
-298
-252
-225
-244
-194
-169
-144
-95
-51
-13
78
140
204
281
333
394
461
471
504
536
488
509
523
504
532
514
472
513
501
457
462
482
458
484
541
558
567
562
549
555
552
486
433
381
291
243
209
121
50
7
-59
-109
-136
-174
-198
-214
-240
-254
-225
-237
-215
-201
-248
-261
-271
-315
-346
-404
-464
-497
-494
-519
-547
-514
-544
-570
-527
-528
-521
-493
-482
-414
-365
-350
-333
-266
-281
-288
-224
-255
-247
-231
-250
-260
-257
-258
-236
-204
-180
-122
-86
-55
19
69
127
180
213
260
293
345
376
422
425
440
455
478
514
494
518
496
512
532
553
604
604
629
655
669
675
702
686
677
642
596
555
500
451
381
302
197
133
65
11
-28
-69
-111
-118
-135
-187
-195
-208
-266
-311
-323
-374
-396
-456
-486
-502
-537
-590
-591
-618
-663
-665
-682
-648
-613
-618
-609
-572
-522
-464
-394
-357
-328
-289
-274
-253
-260
-279
-264
-242
-233
-214
-192
-175
-163
-152
-153
-105
-76
-41
24
72
105
152
169
190
261
253
283
320
278
328
353
353
391
404
365
405
438
464
508
543
537
578
633
617
678
651
615
607
561
531
510
452
380
342
298
265
211
145
107
77
46
29
-16
-52
-78
-100
-120
-157
-202
-245
-289
-342
-372
-428
-476
-507
-525
-538
-565
-556
-551
-574
-598
-603
-589
-553
-525
-492
-442
-407
-376
-322
-299
-264
-251
-203
-201
-216
-184
-203
-205
-175
-152
-112
-79
-65
-22
4
37
45
101
119
109
175
195
235
290
298
321
327
313
349
363
363
408
430
418
443
471
489
518
571
574
572
597
592
602
567
531
504
466
423
370
312
259
214
174
122
55
-6
-63
-100
-154
-194
-240
-277
-298
-345
-362
-401
-412
-453
-472
-513
-558
-553
-579
-599
-611
-588
-609
-602
-556
-550
-514
-464
-422
-375
-323
-328
-304
-254
-231
-215
-181
-156
-112
-77
-44
-26
-32
18
42
39
44
56
106
151
174
201
205
213
202
197
195
214
224
208
242
233
229
240
234
264
247
247
288
293
286
324
335
332
377
383
392
409
415
410
396
416
404
361
343
299
273
240
185
166
118
109
117
113
107
76
38
14
-27
-67
-84
-153
-182
-195
-266
-276
-294
-326
-356
-371
-411
-420
-449
-464
-462
-472
-478
-477
-466
-437
-418
-411
-354
-325
-284
-279
-265
-243
-206
-167
-130
-113
-96
-56
-61
-47
-35
-24
24
30
46
57
106
121
123
144
145
148
200
225
233
236
222
231
241
235
243
246
244
260
250
262
258
231
231
239
242
258
243
224
215
214
205
189
162
164
129
128
89
32
20
-15
-26
-39
-65
-73
-72
-98
-120
-142
-187
-223
-215
-206
-235
-264
-272
-276
-289
-275
-277
-296
-298
-274
-280
-264
