14
20
8
5
-8
-18
-26
-40
-35
-37
-38
-17
-16
-22
-29
-11
-7
-20
-21
-17
-12
-3
-3
-4
6
15
13
25
26
25
30
22
19
15
21
23
4
3
3
4
-4
0
-13
-5
3
0
6
-1
-3
-6
-3
-3
-2
-13
-5
-4
-8
-3
-7
-3
-5
-6
-4
-6
-6
-8
-9
-6
-3
-5
2
-8
-1
1
3
17
14
10
7
4
6
4
1
5
-1
-4
7
-2
-10
-4
-8
-14
-5
-2
3
-6
-5
-3
-1
-17
-7
-15
-17
-2
0
9
-1
-4
-6
1
-4
0
-4
7
8
9
10
13
3
4
11
1
3
5
4
5
-2
-6
-4
5
-4
-2
5
7
6
6
9
7
3
-5
-3
-16
-6
-14
-14
-10
-3
5
8
20
5
-1
-5
-5
-11
-6
-15
-9
8
3
11
9
12
3
-4
-4
10
-10
-9
3
-4
-9
-2
-2
-1
-2
-7
-4
-11
-3
-5
-5
-4
-2
10
10
12
13
10
-7
-15
-9
-12
-17
-19
-15
-16
-21
-8
-17
-13
-7
-4
14
2
5
17
3
2
14
6
5
12
12
16
21
12
15
4
17
19
9
18
23
16
8
8
5
5
1
5
2
2
9
1
-5
-3
12
2
6
9
-6
-4
-7
-10
-6
-7
-10
-13
-11
-10
-3
3
6
9
4
-2
-11
-22
-28
-11
-4
-5
-6
-1
17
12
15
15
18
5
6
13
7
6
-4
2
-1
9
0
-1
-2
-12
-4
-2
-8
-7
-1
5
1
-3
-7
-12
-3
-15
-8
2
-3
-4
-6
-14
-13
-21
-19
-27
-18
-11
-13
-12
-16
-17
-20
-13
-6
5
3
6
6
4
2
-11
4
2
4
10
15
8
0
9
9
5
4
8
8
14
21
18
14
14
3
3
2
1
-4
5
7
5
1
2
4
6
4
-6
18
-7
0
-181
-445
-285
102
284
78
-307
-343
-234
-156
-11
26
88
137
32
-7
25
136
241
257
380
411
304
282
356
535
512
327
256
224
318
365
269
210
53
-23
20
-35
-62
-213
-460
-489
-400
-288
-358
-576
-568
-581
-579
-458
-423
-359
-382
-421
-369
-313
-188
-112
-79
56
50
-27
-6
119
330
370
274
186
105
208
340
325
232
70
-8
11
18
12
-53
-94
-132
-194
-173
-144
-76
-39
-138
-220
-219
-155
-104
-91
-70
-17
21
30
62
72
184
287
272
266
319
391
452
479
456
396
348
370
376
359
290
212
170
154
187
143
22
-44
-107
-155
-143
-183
-189
-219
-273
-233
-180
-114
-96
-74
-67
-40
-18
24
97
142
152
111
130
218
256
243
203
186
233
229
176
179
141
68
30
-13
-21
-71
-156
-260
-295
-317
-322
-287
-331
-412
-529
-652
-639
-542
-558
-778
-1015
-990
-751
-567
-530
-508
-477
-543
-564
-527
-438
-295
-145
32
168
163
128
209
314
401
453
586
768
876
883
840
787
721
726
781
822
791
640
409
334
386
379
309
153
43
-71
-196
-176
-140
-161
-220
-279
-284
-243
-204
-116
-44
49
94
65
164
248
372
462
451
505
573
588
595
561
575
585
521
534
530
438
319
123
8
57
3
-138
-305
-514
-606
-654
-653
-686
-864
-992
-1052
-1043
-1019
-1090
-1129
-1196
-1211
-1180
-1185
-1055
-1076
-1253
-1247
-1150
-986
-897
-913
-720
-514
-359
-218
-300
-349
-212
55
405
534
608
722
755
874
986
1078
1161
1243
1440
1566
1456
1328
1227
1212
1244
1129
987
732
589
599
522
389
206
47
-35
-111
-146
-206
-330
-385
-380
-322
-234
-221
-216
-184
-99
58
146
226
315
383
505
576
641
760
798
824
838
777
717
664
691
714
654
511
287
95
-2
-42
-62
-231
-476
-643
-765
-809
-946
-1097
-1128
-1202
-1211
-1265
-1403
-1434
-1443
-1405
-1311
-1328
-1329
-1383
-1381
-1226
-1238
-1347
-1360
-1241
-1023
-1025
-1081
-919
-741
-477
-294
-286
-342
-352
-115
277
549
748
844
870
957
1034
1233
1416
1535
1687
1702
1667
1613
1587
1582
1501
1437
1311
1072
923
836
727
631
464
298
144
7
-17
-97
-208
-301
-380
-335
-277
-315
-332
-328
-260
-94
-12
53
133
220
355
468
586
663
669
689
704
733
780
771
758
707
576
475
345
254
213
91
-39
-232
-394
-552
-705
-744
-816
-904
-1099
-1380
-1470
-1472
-1464
-1403
-1455
-1539
-1604
-1704
-1613
-1461
-1379
-1346
-1498
-1572
-1470
-1276
-1228
-1219
-1010
-739
-532
-359
-271
-307
-279
-78
338
673
803
939
1032
1083
1138
1249
1483
1697
1833
1851
1738
1637
1617
1626
1592
1485
1303
1013
728
644
614
524
377
162
-24
-183
-246
-280
-338
-411
-459
-464
-457
-469
-450
-398
-290
-128
-36
27
143
283
434
584
685
814
922
950
984
998
1014
1014
1008
987
893
748
576
412
325
265
88
-221
-447
-635
-799
-911
-1124
-1217
-1292
-1427
-1619
-1799
-1765
-1776
-1812
-1808
-1749
-1730
-1829
-1788
-1570
-1447
-1452
-1612
-1608
-1335
-1237
-1184
-1036
-769
-306
-126
-327
-546
-454
98
588
816
982
1066
1079
1046
1238
1582
1783
1896
1986
2044
2039
1939
1821
1855
1871
1753
1483
1184
1012
834
732
653
485
230
-125
-328
-337
-435
-616
-754
-770
-709
-701
-704
-655
-614
-526
-404
-275
-129
-24
84
283
529
767
859
873
947
982
1096
1168
1189
1190
1059
908
775
675
670
527
277
3
-290
-429
-570
-756
-862
-1114
-1373
-1510
-1607
-1645
-1827
-1960
-1887
-1867
-1878
-1918
-1959
-1848
-1731
-1559
-1399
-1468
-1623
-1661
-1495
-1195
-1054
-931
-572
-180
-23
-795
-1378
-347
1216
1817
1022
292
829
1283
1286
1718
2285
2586
2266
1755
1966
2256
2332
2230
2019
2077
1730
1065
771
947
1189
567
-262
-374
-292
-428
-726
-859
-896
-1274
-1478
-1098
-710
-629
-1045
-1269
-812
-190
157
60
-21
238
410
586
1041
1398
1454
1246
1113
1329
1466
1474
1503
1452
1253
702
289
350
539
488
12
-509
-680
-844
-955
-1118
-1317
-1458
-1824
-1963
-1797
-1796
-1949
-2112
-1842
-1489
-1606
-1806
-1913
-1655
-1231
-1084
-874
-774
-930
-1251
-1673
-1478
-856
-583
-411
-189
171
86
-693
-977
-311
675
1049
793
686
788
852
1026
1399
1811
1862
1660
1728
1998
2115
2050
1908
2007
2132
1854
1489
1251
1275
1202
954
800
613
315
-91
-408
-452
-516
-754
-815
-795
-746
-884
-1083
-978
-711
-493
-398
-351
-269
-139
-1
270
687
929
843
784
944
1187
1310
1295
1272
1183
992
830
724
706
573
203
-45
-123
-358
-643
-852
-1017
-1059
-1311
-1559
-1724
-1913
-1985
-1977
-1808
-1737
-1799
-1971
-2146
-2051
-1944
-1883
-1506
-1150
-1133
-1501
-2024
-1968
-1491
-1078
-740
-424
6
61
-593
-1060
-623
398
1049
998
950
1033
1031
1056
1319
1895
2234
2081
2040
2224
2284
2227
2133
2222
2338
2101
1684
1361
1284
1233
982
810
686
397
-62
-380
-447
-530
-711
-827
-818
-843
-963
-1128
-1099
-799
-517
-395
-244
-79
16
105
342
733
1028
1046
964
1043
1251
1376
1344
1370
1331
1194
911
673
685
609
344
99
-112
-329
-593
-1024
-1271
-1316
-1491
-1662
-1783
-1952
-2020
-2019
-2021
-1894
-1943
-2123
-2134
-2003
-1772
-1732
-1658
-1293
-901
-1059
-1736
-1981
-1464
-811
-473
-376
-67
233
-124
-730
-717
85
923
1056
904
1007
1071
990
1001
1453
1951
2070
1937
1920
2058
2165
2182
2212
2322
2141
1713
1348
1267
1277
1223
948
602
357
-38
-409
-480
-448
-453
-717
-1029
-1138
-1145
-1100
-1060
-941
-716
-595
-579
-504
-285
41
242
475
775
845
830
952
1155
1398
1348
1251
1377
1344
1147
970
799
764
581
163
22
-180
-497
-795
-1185
-1225
-1164
-1357
-1627
-2088
-2127
-2043
-2087
-1871
-1822
-1926
-2039
-2240
-2102
-1921
-1609
-1126
-1015
-989
-1239
-1533
-1467
-1134
-550
-140
1
284
197
-222
-571
-434
458
1074
1075
954
807
741
864
1178
1615
1862
1815
1761
1727
1853
2021
2083
2200
2170
1943
1446
1080
1242
1428
1328
964
436
138
-9
-20
68
-120
-481
-823
-886
-709
-696
-739
-735
-620
-456
-464
-547
-429
-185
140
364
517
630
599
722
902
1081
1131
957
921
1004
904
752
443
303
459
416
210
-139
-680
-1117
-1166
-992
-915
-1180
-1729
-2006
-1972
-2000
-2064
-1958
-1871
-1870
-2007
-2251
-2020
-1784
-1683
-1256
-1017
-1088
-1264
-1555
-1378
-840
-421
-123
-72
175
453
240
-78
-71
477
1089
1194
1243
1212
1020
979
1064
1471
1789
1728
1654
1587
1655
1776
1747
1776
1722
1495
1137
858
970
1072
909
668
370
187
-20
-131
115
93
-211
-503
-753
-521
-274
-212
-177
-290
-274
-267
-172
164
351
402
378
408
592
729
847
946
1058
1057
860
701
731
712
598
317
147
214
201
-43
-400
-713
-914
-1109
-1240
-1234
-1211
-1487
-1742
-1983
-2050
-1777
-1844
-1881
-2084
-2447
-2100
-1902
-1724
-1360
-1415
-1316
-1357
-1391
-1082
-1199
-1156
-719
-185
396
460
357
217
-44
156
535
981
1387
1366
1285
1099
816
1038
1302
1635
1915
1731
1492
1183
1200
1488
1609
1566
1350
1050
936
851
867
864
697
697
541
445
586
478
292
118
-4
69
26
-52
8
-4
-65
-63
16
81
-54
-273
-260
-98
123
248
290
303
117
132
222
207
367
277
112
48
-58
-61
-111
-226
-148
-295
-573
-785
-943
-772
-631
-910
-1181
-1419
-1347
-1163
-1376
-1458
-1429
-1530
-1434
-1401
-1485
-1668
-1643
-1589
-1525
-1174
-881
-751
-1032
-1189
-874
-675
-624
-73
474
560
292
-297
-613
-240
569
1260
1276
921
747
938
1141
1423
1824
1790
1744
1677
1553
1466
1454
1547
1566
1429
1243
1151
1052
908
1092
1140
753
425
257
177
170
52
-164
-157
-192
-175
-205
-278
-240
-284
-264
9
206
147
-58
-84
108
256
466
442
369
400
319
345
510
396
319
264
65
110
18
-64
-32
-431
-571
-555
-663
-658
-991
-1222
-1014
-1007
-1174
-1447
-1624
-1377
-1386
-1538
-1504
-1578
-1502
-1394
-1487
-1499
-1673
-1783
-1675
-1580
-1420
-1463
-1354
-906
-472
-344
-738
-1122
-923
-327
375
844
872
886
705
703
1248
1706
2149
2388
2362
2354
2281
2215
2276
2298
2354
2206
1816
1467
1183
1191
1142
840
585
226
-16
-69
-301
-400
-529
-704
-622
-575
-522
-526
-722
-627
-376
-83
154
97
81
165
378
646
748
851
813
691
692
671
663
713
758
676
348
-55
-209
-95
-116
-357
-545
-723
-830
-900
-1070
-1277
-1323
-1357
-1551
-1351
-1292
-1377
-1375
-1551
-1265
-990
-1239
-1311
-1320
-1179
-660
-649
-986
-1207
-1360
-1246
-1254
-1362
-1238
-978
-663
-505
-494
-913
-1423
-1240
-717
-27
385
307
317
422
531
913
1322
1661
2177
2359
2365
2366
2340
2424
2582
2774
2779
2360
1819
1573
1576
1630
1415
909
411
76
-36
-83
-230
-436
-718
-897
-947
-964
-1016
-1051
-894
-672
-599
-501
-418
-280
32
171
370
604
650
707
843
912
1018
939
829
953
968
883
677
325
84
36
42
-123
-561
-954
-979
-883
-941
-1385
-1676
-1672
-1609
-1480
-1575
-1687
-1680
-1571
-1358
-1364
-1534
-1642
-1594
-1148
-787
-621
-699
-1122
-1316
-1409
-1246
-871
-903
-801
-465
-299
-251
-725
-1166
-945
-336
297
507
489
554
579
712
923
1208
1509
1682
2021
2340
2367
2254
2182
2379
2601
2501
2091
1657
1474
1508
1389
1099
764
499
359
145
4
-191
-579
-761
-724
-647
-650
-867
-991
-861
-723
-600
-510
-405
-247
-119
-9
119
352
514
610
760
838
864
816
798
879
928
793
487
261
269
358
154
-244
-435
-529
-577
-798
-1277
-1362
-1183
-1218
-1324
-1603
-1706
-1553
-1613
-1576
-1620
-1670
-1472
-1450
-1347
-1180
-1084
-902
-746
-738
-1047
-1437
-1316
-969
-758
-575
-389
-25
1
-437
-774
-846
-396
236
543
796
842
596
433
597
1120
1549
1669
1788
1994
2098
2003
1969
2227
2427
2303
1938
1525
1366
1324
1196
1117
916
573
351
110
-66
-187
-488
-753
-768
-659
-590
-726
-910
-998
-891
-649
-347
-129
-52
6
89
247
449
688
854
1037
1053
889
747
786
925
1030
937
631
421
342
340
226
42
-199
-633
-924
-997
-991
-1164
-1385
-1619
-1723
-1636
-1793
-1879
-1827
-1766
-1868
-2089
-2071
-1649
-1370
-1377
-1345
-1324
-1223
-965
-740
-690
-696
-926
-1004
-665
-376
-114
176
416
388
-131
-677
-528
218
1005
1351
1188
930
761
711
863
1232
1689
1728
1791
1998
1967
1923
1717
1579
1777
1728
1403
1174
1052
1016
873
516
307
259
132
5
-206
-503
-633
-623
-485
-206
-178
-473
-624
-493
-166
203
435
506
467
451
521
859
1150
1272
1233
1042
941
777
666
841
869
746
506
133
80
41
-153
-318
-664
-950
-1055
-1324
-1351
-1458
-1713
-1738
-1799
-1752
-1746
-1846
-1859
-1759
-1688
-1709
-1621
-1554
-1477
-1324
-1245
-1166
-937
-786
-577
-352
-595
-893
-1030
-799
-342
-162
-94
79
302
174
-390
-866
-675
251
1098
1259
1006
653
418
517
846
1282
1609
1680
1509
1412
1602
1802
1896
1768
1581
1479
1087
858
883
1004
984
508
108
42
7
6
-182
-375
-542
-779
-635
-333
-160
-137
-343
-337
-29
254
506
579
734
891
921
1110
1301
1390
1334
1174
1201
1206
1160
1167
1070
883
480
85
-29
42
19
-264
-603
-963
-1238
-1272
-1330
-1391
-1435
-1629
-1792
-1921
-1852
-1779
-1781
-1679
-1622
-1561
-1580
-1538
-1326
-1274
-1272
-1087
-989
-761
-480
-542
-517
-542
-792
-832
-828
-691
-396
-345
-114
189
71
-363
-971
-1158
-491
363
958
978
629
345
226
481
828
1204
1628
1793
1671
1589
1644
1852
1980
1860
1644
1355
1152
1168
1112
930
717
451
319
139
-2
-127
-372
-583
-653
-556
-282
-279
-340
-336
-338
11
347
667
821
741
732
756
1020
1465
1668
1653
1370
1052
887
941
1137
1160
988
617
134
-35
-67
-107
-321
-774
-996
-1152
-1286
-1276
-1588
-1757
-1699
-1762
-1818
-1885
-1742
-1563
-1661
-1724
-1671
-1575
-1165
-1004
-930
-882
-937
-683
-559
-386
-98
-124
-21
57
-323
-602
-663
-574
-268
-386
-275
144
-73
-853
-1762
-1775
-794
65
361
111
-249
-463
-604
-202
569
1201
1430
1143
1151
1328
1362
1786
2136
2278
2049
1324
1125
1322
1479
1508
1056
698
703
505
438
281
-30
-304
-506
-296
53
132
-48
-301
-220
81
312
568
709
739
693
705
1015
1398
1597
1692
1436
1136
905
845
1015
1142
1175
792
147
-160
-237
-325
-403
-722
-946
-1087
-1315
-1459
-1455
-1556
-1723
-1942
-1925
-1643
-1594
-1473
-1407
-1490
-1313
-1189
-889
-723
-851
-777
-754
-611
-376
-455
-359
-200
-277
-126
-361
-723
-937
-1080
-854
-789
-782
-662
-534
-453
-975
-1749
-2084
-1548
-342
312
198
-165
-569
-503
-56
477
1116
1516
1435
1285
1355
1439
1756
2175
2372
2268
1750
1365
1506
1652
1713
1488
1016
759
657
422
308
272
57
-174
-299
-202
-41
30
-93
-146
-24
199
424
523
629
711
697
816
1170
1373
1383
1264
968
804
736
719
770
702
546
161
-182
-291
-354
-392
-467
-708
-829
-1206
-1448
-1120
-1004
-962
-1109
-1345
-1317
-1111
-971
-783
-677
-727
-749
-822
-745
-523
-335
-441
-491
-537
-751
-699
-616
-595
-556
-775
-963
-1189
-1623
-1778
-1575
-1514
-1437
-1269
-1039
-1006
-1620
-2315
-2437
-1635
-520
42
95
-217
-391
-302
-25
744
1520
1846
1925
1711
1576
1603
1910
2627
2992
2630
1846
1347
1562
1832
1846
1540
1040
730
470
250
192
137
-34
-248
-348
-322
-277
-255
-270
-174
5
-3
152
375
574
663
636
848
1109
1310
1248
1104
975
921
854
995
1060
1079
826
276
172
231
198
83
-279
-466
-564
-643
-612
-647
-690
-814
-986
-1066
-1011
-919
-794
-829
-866
-999
-1086
-955
-987
-959
-911
-988
-1002
-1115
-1261
-1214
-1201
-1132
-1080
-1227
-1411
-1812
-2141
-2044
-1833
-1615
-1460
-1206
-784
-894
-1518
-2167
-2142
-1030
110
553
509
104
-72
101
494
1214
1704
1980
1944
1766
1781
1776
2059
2575
2648
2283
1583
1225
1482
1532
1436
1186
685
412
248
163
262
142
-222
-633
-617
-292
-146
-100
-242
-196
-40
31
312
567
715
759
726
952
1250
1319
1307
1392
1357
1128
896
820
1007
1283
1085
567
380
206
185
220
8
-96
-251
-421
-407
-482
-771
-1058
-1016
-936
-811
-780
-1184
-1184
-1165
-1474
-1262
-1257
-1293
-1222
-1475
-1408
-1393
-1580
-1613
-1629
-1399
-1270
-1396
-1514
-1492
-1274
-1558
-1866
-1626
-1430
-1053
-793
-674
-258
-398
-1053
-1437
-1173
-176
724
882
736
479
290
356
641
1149
1636
1708
1547
1253
1159
1481
1788
1977
1680
1157
967
867
884
976
940
763
415
201
155
229
332
185
-21
13
157
367
417
401
474
393
519
833
1077
1219
1121
972
1035
1196
1398
1530
1495
1297
884
642
674
1005
1168
876
359
19
-157
-114
42
-47
-124
-383
-606
-698
-779
-840
-929
-981
-973
-960
-1007
-1302
-1458
-1320
-1355
-1261
-1362
-1610
-1463
-1502
-1594
-1573
-1654
-1522
-1313
-1412
-1440
-1427
-1285
-1052
-1185
-1543
-1675
-1531
-1292
-998
-667
-363
-174
-596
-1409
-1540
-889
34
717
681
353
146
61
264
754
1271
1680
1645
1357
1098
1134
1669
2095
2096
1590
1070
1077
1175
1289
1395
1244
1025
648
342
334
474
497
419
188
99
138
259
389
436
477
409
524
741
924
1018
936
936
1107
1256
1239
1214
1086
970
882
817
906
1016
983
698
247
-26
35
158
127
22
-230
-598
-843
-992
-848
-600
-732
-1027
-1283
-1540
-1465
-1369
-1447
-1406
-1329
-1350
-1470
-1733
-1783
-1555
-1539
-1545
-1547
-1704
-1588
-1431
-1295
-1189
-1204
-1206
-1266
-1423
-1503
-1345
-1050
-805
-716
-605
-439
-400
-672
-993
-961
-651
47
654
811
549
175
-15
263
816
1306
1593
1449
1149
1017
1417
1992
2048
1580
1145
1129
1320
1297
1325
1385
1349
989
525
416
763
1016
940
575
301
217
360
782
1122
1178
769
489
555
982
1350
1303
1121
960
922
963
1079
1191
1117
894
561
357
437
569
517
298
45
-143
-332
-422
-334
-282
-476
-823
-881
-907
-1053
-1063
-1189
-1144
-1245
-1472
-1322
-1434
-1465
-1434
-1596
-1409
-1443
-1605
-1450
-1643
-1594
-1530
-1687
-1419
-1326
-1252
-1188
-1417
-1205
-1072
-1225
-1373
-1580
-1386
-1155
-1023
-657
-378
-334
-875
-1605
-1579
-881
-37
635
732
480
123
-49
309
860
1351
1752
1708
1558
1436
1501
2112
2447
2372
1865
1373
1543
1684
1648
1627
1417
1251
889
614
807
973
827
458
28
121
377
563
679
564
451
227
285
669
979
1189
1001
682
751
910
1085
1225
1204
1001
606
389
479
554
664
443
55
-104
-228
-226
-223
-415
-520
-769
-1112
-1035
-1067
-1235
-1360
-1492
-1388
-1408
-1647
-1624
-1653
-1561
-1619
-1732
-1460
-1489
-1367
-1267
-1460
-1306
-1449
-1430
-1076
-1255
-1160
-1069
-1185
-777
-793
-1149
-1359
-1598
-1315
-1009
-812
-520
-434
-415
-733
-1265
-1466
-1163
-209
624
734
600
132
31
490
833
1464
1996
1956
1852
1561
1536
2157
2582
2610
2249
1716
1612
1740
1788
1780
1726
1520
1007
650
542
566
777
612
261
146
14
133
311
330
380
148
21
338
570
774
737
554
629
717
922
1107
1087
943
641
497
545
675
885
623
169
-151
-284
-82
-131
-347
-541
-919
-1110
-1180
-1275
-1178
-1315
-1601
-1642
-1721
-1679
-1577
-1595
-1612
-2020
-2134
-1723
-1372
-1128
-1263
-1504
-1487
-1583
-1420
-1161
-1187
-882
-863
-1006
-751
-807
-782
-1013
-1389
-1243
-1093
-838
-527
-295
-225
-852
-1638
-1739
-1058
125
752
658
332
-89
118
604
1040
1623
1807
1788
1827
1930
2116
2357
2679
2859
2437
1930
1815
2028
2304
2184
1878
1437
936
758
661
738
809
367
-126
-275
-251
-90
-115
-224
-204
-215
-114
83
239
369
316
302
567
837
1025
1045
1085
1015
847
709
701
840
986
809
368
125
12
-96
-190
-379
-677
-988
-1194
-1277
-1286
-1569
-1772
-1933
-1906
-1644
-1726
-1936
-1921
-1769
-1782
-1836
-1897
-1649
-1321
-1224
-1283
-1380
-1357
-1135
-929
-808
-841
-789
-720
-606
-407
-355
-537
-919
-1201
-997
-539
-338
-46
107
-37
-659
-1414
-1410
-478
656
1109
833
234
4
103
393
1030
1673
1925
1805
1684
1563
1528
1914
2446
2647
2225
1603
1471
1666
1845
1929
1654
1276
848
570
627
714
684
345
-90
-66
135
140
-31
-186
-22
125
189
292
303
298
273
292
546
782
878
985
860
646
411
242
450
761
836
451
-191
-494
-468
-388
-342
-472
-820
-1182
-1466
-1424
-1249
-1279
-1383
-1652
-1731
-1645
-1733
-1693
-1573
-1493
-1383
-1451
-1555
-1499
-1278
-1083
-994
-973
-951
-904
-961
-990
-832
-648
-458
-260
-409
-696
-992
-1218
-1002
-673
-360
-193
-8
52
-309
-1051
-1542
-973
250
1050
969
552
226
213
433
774
1451
1913
2137
2049
1773
1468
1256
1872
2719
2896
2119
1161
1129
1486
1745
1682
1309
975
623
253
94
247
279
6
-351
-263
-182
-283
-397
-346
43
164
59
36
192
391
462
467
774
1048
1025
938
780
617
511
417
615
807
567
110
-401
-453
-251
-368
-562
-812
-1044
-1130
-1226
-1204
-1139
-1409
-1597
-1609
-1523
-1268
-1424
-1545
-1371
-1262
-1278
-1341
-1211
-810
-686
-788
-969
-1109
-1004
-913
-790
-618
-542
-606
-831
-759
-398
-339
-533
-865
-999
-821
-671
-443
-128
137
146
-353
-1037
-1214
-584
520
1363
1345
725
157
106
426
1082
1762
2087
2026
1614
990
836
1606
2392
2499
1863
1221
1033
872
979
1363
1449
1221
661
81
-55
212
396
242
127
-12
-201
-287
-238
-14
172
161
150
218
255
371
329
417
677
701
777
816
641
356
172
274
444
561
486
45
-304
-380
-467
-404
-297
-402
-656
-970
-1167
-1044
-941
-894
-1019
-1080
-941
-1078
-1245
-1191
-974
-904
-1121
-1217
-1032
-919
-695
-659
-781
-872
-1253
-1213
-783
-502
-488
-862
-924
-660
-543
-581
-843
-1002
-998
-842
-567
-437
-144
143
-109
-587
-1090
-1131
-217
843
1321
1054
345
-31
106
585
1321
1792
1998
1714
1269
794
842
1758
2417
2216
1498
595
432
771
1057
1526
1282
559
-21
-462
-207
330
400
200
-216
-464
-517
-389
20
240
389
209
-27
88
233
549
797
698
674
608
592
968
992
821
590
305
447
600
509
114
-259
-242
-137
-95
-82
-267
-463
-810
-972
-811
-804
-732
-907
-1009
-835
-1048
-1101
-952
-968
-820
-815
-936
-796
-712
-539
-450
-753
-943
-1048
-877
-579
-447
-533
-736
-852
-741
-545
-559
-937
-1244
-1124
-886
-664
-466
-231
-36
-289
-936
-1474
-1240
-151
964
1293
770
90
-112
55
590
1330
1823
1973
1610
960
589
971
1812
2203
1850
916
277
369
617
1057
1123
677
193
-363
-441
-104
102
140
-130
-433
-383
-311
-114
-20
74
265
97
267
555
696
839
617
614
849
977
1187
1118
935
735
378
416
730
882
713
140
-174
-224
-187
-58
-182
-348
-545
-803
-755
-587
-609
-715
-867
-889
-925
-850
-688
-583
-552
-759
-920
-905
-682
-373
-391
-520
-648
-828
-738
-488
-465
-633
-745
-756
-593
-456
-395
-521
-837
-1084
-1128
-981
-620
-312
-117
-98
-422
-994
-1399
-1155
-297
487
788
517
-130
-350
-193
134
618
1036
1247
1158
706
312
660
1329
1524
1176
728
648
630
421
600
895
849
583
92
-173
70
265
102
-49
19
139
116
199
313
382
407
250
397
712
868
793
584
774
1036
1024
1033
1049
888
681
517
509
712
699
417
129
14
37
44
11
-13
-142
-333
-416
-284
-300
-489
-667
-621
-502
-568
-808
-837
-588
-536
-738
-896
-796
-645
-609
-708
-822
-883
-902
-798
-617
-684
-857
-1004
-860
-529
-451
-732
-1156
-1294
-1171
-897
-685
-465
-235
-343
-830
-1383
-1681
-1262
-342
370
509
102
-395
-571
-345
117
577
971
1110
1040
774
315
630
1428
1651
1274
628
526
819
771
715
704
711
686
375
114
206
327
215
7
123
386
419
332
102
229
475
475
626
722
704
570
372
648
1077
1280
1287
968
686
545
504
709
895
965
637
79
48
165
215
313
284
195
-116
-445
-466
-426
-282
-165
-266
-388
-546
-780
-830
-732
-626
-566
-556
-667
-840
-1115
-1134
-997
-917
-723
-784
-884
-1015
-1157
-1149
-1011
-694
-590
-1026
-1402
-1507
-1403
-1033
-777
-568
-411
-561
-820
-1116
-1325
-1118
-589
212
684
453
-70
-360
-163
194
590
1062
1339
998
439
496
1133
1494
1142
642
714
865
620
413
450
744
879
487
142
100
199
277
209
210
271
318
366
552
732
628
372
446
836
1130
1062
735
618
862
1099
1267
1256
1009
764
439
472
799
902
664
270
68
169
187
107
79
184
200
-256
-579
-479
-289
-96
-188
-432
-650
-776
-542
-394
-486
-684
-1081
-1175
-911
-737
-764
-1135
-1165
-1134
-1431
-1385
-1310
-1199
-978
-1155
-1184
-1099
-1303
-1402
-1498
-1367
-978
-882
-786
-504
-434
-487
-736
-902
-820
-540
-38
385
715
548
-8
-73
313
599
881
1077
1090
796
328
733
1329
1312
973
401
414
654
503
515
490
659
654
143
64
214
371
529
396
465
493
399
627
807
999
953
599
701
1110
1276
1183
866
862
1039
1121
1218
1130
954
685
430
447
656
693
453
137
192
162
-194
-209
-54
101
0
-506
-788
-651
-419
-310
-392
-680
-831
-935
-949
-664
-526
-800
-1095
-1207
-1077
-882
-984
-1133
-1107
-1287
-1387
-1295
-1089
-898
-895
-942
-993
-1239
-1672
-1633
-1207
-770
-577
-708
-726
-618
-685
-1013
-1330
-1117
-430
236
579
455
16
-269
-136
250
676
1023
1335
1406
896
493
846
1411
1622
1276
751
755
794
648
733
771
863
784
345
168
218
276
252
129
247
354
378
460
504
682
638
505
720
960
1129
1063
837
916
1089
1156
1325
1261
1014
748
550
688
829
872
652
283
60
-107
-171
-51
21
74
-235
-641
-694
-778
-699
-554
-650
-796
-880
-953
-984
-964
-940
-1048
-1106
-1210
-1159
-1039
-1055
-999
-1046
-1284
-1274
-1282
-1268
-942
-816
-823
-707
-913
-1405
-1586
-1396
-1002
-644
-576
-447
-352
-714
-1041
-1214
-1117
-490
212
557
616
226
-278
-175
321
682
1032
1181
1246
1167
656
712
1393
1763
1576
933
716
936
883
818
820
914
894
495
273
343
423
454
168
190
471
486
560
572
660
766
589
658
884
988
990
785
859
1094
1153
1216
1176
1028
770
394
429
631
638
423
43
-139
-200
-339
-327
-344
-417
-540
-785
-674
-647
-1030
-948
-783
-832
-899
-1022
-980
-939
-1026
-1106
-1094
-932
-860
-985
-978
-902
-822
-1153
-1340
-938
-915
-985
-971
-999
-717
-632
-1008
-1337
-1416
-1106
-736
-521
-311
-268
-481
-794
-1042
-961
-705
-283
166
488
706
276
-240
32
427
708
1043
1159
1139
865
581
1058
1660
1726
1253
633
777
1070
935
856
936
1082
896
475
482
602
745
712
414
470
549
486
581
759
965
862
497
648
923
953
954
760
789
893
947
1075
921
708
417
118
356
563
500
236
-258
-318
-385
-577
-508
-494
-423
-537
-867
-888
-908
-903
-941
-1039
-953
-1144
-1192
-926
-907
-796
-1004
-1406
-1269
-1179
-956
-767
-999
-918
-978
-1330
-1164
-1036
-886
-675
-822
-712
-752
-1064
-1213
-1215
-806
-403
-265
-259
-356
-312
-292
-492
-407
-213
-107
160
310
603
722
334
222
426
596
736
777
591
816
1432
1678
1378
791
573
794
976
1027
1086
1000
880
1001
948
807
788
733
744
823
776
671
736
829
970
993
753
623
554
634
835
839
698
556
462
510
653
605
393
143
-27
-100
-51
-13
-223
-498
-558
-552
-518
-586
-696
-647
-730
-750
-782
-954
-869
-721
-631
-655
-822
-815
-846
-747
-558
-636
-657
-858
-1071
-850
-858
-666
-730
-1170
-1142
-1155
-1054
-782
-924
-869
-808
-934
-932
-1149
-1218
-1053
-778
-314
-228
-357
-298
-284
-141
-137
-100
72
96
435
775
816
723
473
411
504
517
861
1285
1437
1404
1062
907
930
845
966
1055
1092
1026
705
791
910
917
936
672
633
720
682
723
706
761
880
639
618
617
542
577
489
587
620
584
480
360
334
370
288
316
264
91
-175
-541
-421
-190
-254
-337
-423
-509
-560
-712
-681
-604
-545
-652
-732
-738
-879
-862
-925
-848
-548
-758
-900
-762
-965
-865
-844
-1063
-922
-1059
-1119
-928
-957
-954
-1147
-1094
-764
-610
-602
-701
-677
-692
-951
-858
-546
-271
94
-24
-141
-3
-158
-230
-62
243
573
454
170
191
290
424
501
516
683
754
719
673
838
1031
868
903
1085
1103
1091
886
843
1054
1139
1223
1269
1250
1237
1039
925
1044
1094
1017
842
743
683
515
458
442
484
446
180
81
103
142
190
10
-94
-194
-383
-335
-231
-271
-298
-444
-518
-403
-435
-544
-562
-391
-370
-490
-612
-590
-574
-659
-650
-666
-791
-755
-712
-642
-527
-661
-949
-1068
-898
-785
-880
-1037
-1107
-1028
-936
-922
-815
-803
-761
-621
-555
-323
-296
-616
-835
-768
-362
28
152
140
82
61
-19
-59
187
403
480
457
336
267
256
201
409
599
572
516
441
547
747
732
684
749
739
810
828
841
824
820
879
965
1111
1104
984
920
945
1009
1001
895
908
792
627
612
570
563
582
469
424
311
126
-51
-179
-140
-26
-58
-215
-397
-529
-559
-488
-410
-475
-589
-558
-503
-513
-531
-502
-471
-584
-830
-1009
-780
-518
-504
-441
-707
-976
-964
-1050
-836
-655
-676
-637
-938
-1147
-998
-930
-838
-729
-661
-695
-714
-554
-379
-192
-237
-485
-528
-541
-318
114
209
265
206
-8
80
171
302
463
550
647
645
595
438
366
523
568
553
750
785
735
634
495
645
715
703
744
709
644
639
734
852
972
913
802
771
795
809
937
1034
1005
851
507
327
454
597
629
562
315
195
60
-22
15
-41
-81
-242
-425
-504
-555
-515
-441
-479
-491
-592
-776
-730
-668
-579
-506
-635
-688
-732
-736
-554
-584
-624
-714
-896
-731
-553
-596
-777
-1019
-972
-898
-846
-759
-874
-879
-833
-920
-922
-969
-829
-528
-402
-238
-287
-389
-332
-334
-233
-91
74
239
288
354
449
432
477
485
561
691
759
735
681
709
713
647
601
583
538
547
630
647
644
556
368
389
516
735
824
657
597
517
495
690
901
983
975
880
801
847
885
893
842
806
714
560
513
460
485
405
286
207
4
-106
-98
-194
-221
-223
-398
-423
-500
-642
-750
-760
-560
-458
-523
-680
-786
-611
-704
-903
-784
-543
-334
-637
-1176
-1312
-1072
-763
-492
-514
-867
-1231
-1464
-1453
-1034
-753
-713
-873
-1157
-1148
-1065
-1092
-776
-488
-315
-190
-356
-278
-134
-193
-99
86
464
656
533
533
475
413
443
460
788
1070
978
758
388
285
415
534
770
713
392
203
246
475
661
617
544
480
477
600
728
862
891
826
817
880
984
1072
1068
1210
1230
1118
1071
939
968
957
845
784
697
626
588
447
277
85
-119
-132
-175
-178
-282
-490
-632
-743
-663
-627
-754
-791
-874
-912
-895
-878
-733
-664
-649
-690
-979
-1104
-956
-745
-592
-728
-891
-1018
-1059
-982
-972
-996
-986
-996
-952
-1097
-1121
-1000
-1065
-963
-916
-935
-762
-724
-602
-382
-386
-294
-294
-411
-249
-5
310
531
501
517
484
367
380
494
619
684
717
773
663
559
544
505
626
680
580
596
664
807
877
770
736
710
732
909
1098
1145
1050
926
925
1060
1298
1400
1302
1218
1136
1095
1136
1098
1087
975
768
647
512
491
498
414
271
58
-164
-326
-348
-383
-424
-473
-570
-731
-811
-849
-845
-793
-794
-808
-896
-894
-793
-805
-828
-670
-673
-752
-698
-728
-752
-902
-1049
-1004
-871
-765
-869
-1087
-1179
-1136
-1097
-1139
-1119
-1071
-1252
-1314
-1233
-1077
-791
-716
-792
-743
-554
-401
-327
-271
-290
-207
33
196
321
430
519
537
418
373
518
574
753
854
709
569
469
500
611
739
746
658
641
703
701
764
853
844
916
962
1047
1097
1039
1077
1065
1146
1279
1313
1274
1290
1326
1252
1153
1112
1029
918
897
890
819
693
543
391
265
198
86
-86
-123
-196
-322
-400
-544
-673
-651
-641
-638
-649
-746
-934
-1047
-974
-812
-741
-705
-682
-817
-872
-790
-725
-771
-917
-884
-757
-832
-871
-1039
-1132
-1033
-1008
-1026
-1119
-1173
-1181
-1232
-1224
-1188
-1159
-1165
-1081
-956
-850
-685
-533
-411
-285
-255
-437
-322
-111
158
490
482
388
256
193
378
614
765
837
751
630
583
507
537
623
680
670
630
747
757
699
789
802
876
1062
1085
1104
1104
1056
1079
1158
1295
1458
1432
1326
1277
1151
1119
1179
1236
1123
959
809
608
593
602
546
480
263
30
-131
-204
-148
-103
-202
-268
-424
-646
-636
-643
-649
-596
-667
-646
-680
-778
-761
-722
-561
-544
-806
-872
-852
-757
-673
-843
-879
-910
-964
-999
-1131
-1181
-1168
-1190
-1138
-1136
-1207
-1251
-1269
-1257
-1184
-1214
-1208
-1071
-908
-732
-548
-484
-419
-342
-305
-110
40
109
118
120
304
485
562
500
504
666
698
671
614
544
538
564
508
450
388
403
372
356
590
638
611
596
588
760
850
907
987
1049
1152
1175
1133
1193
1246
1286
1328
1333
1302
1207
1098
1103
1072
989
811
637
620
584
547
440
295
141
-41
-123
-169
-176
-179
-268
-387
-494
-548
-490
-494
-486
-496
-621
-603
-494
-462
-507
-519
-518
-492
-582
-737
-694
-692
-794
-923
-1038
-1017
-936
-1043
-1087
-1109
-1226
-1313
-1404
-1284
-1213
-1249
-1297
-1376
-1186
-1059
-1056
-876
-805
-618
-470
-461
-224
-123
-80
24
25
167
353
356
406
388
524
526
413
549
498
597
587
366
391
309
227
307
271
330
401
360
416
385
390
491
566
751
818
833
894
898
998
1112
1181
1327
1327
1292
1292
1237
1271
1233
1110
1056
912
808
764
648
610
504
418
385
260
187
39
-43
-24
-112
-114
-177
-296
-348
-439
-473
-334
-311
-349
-424
-497
-456
-509
-558
-466
-401
-503
-586
-660
-691
-745
-831
-879
-916
-1040
-1091
-1045
-931
-980
-1115
-1212
-1279
-1176
-1077
-1037
-1079
-1070
-1036
-949
-866
-706
-633
-657
-597
-408
-180
-117
-30
76
129
170
244
338
473
514
438
390
365
395
426
364
428
533
415
292
202
238
320
256
143
203
192
133
138
247
346
407
498
457
478
504
541
736
944
996
1000
913
883
971
1013
1098
1122
1060
971
870
763
781
813
796
726
610
446
312
316
347
349
256
109
10
-29
-68
-107
-132
-147
-256
-293
-245
-330
-376
-509
-476
-348
-458
-562
-673
-697
-475
-505
-668
-708
-742
-728
-862
-969
-854
-752
-742
-843
-971
-935
-921
-885
-838
-883
-864
-770
-713
-652
-641
-684
-693
-590
-497
-369
-335
-258
-141
-115
-121
-73
17
15
67
110
61
157
187
206
346
354
362
319
216
308
365
413
469
380
309
252
221
226
217
300
393
423
375
176
134
182
276
442
479
508
445
426
501
579
678
730
706
699
753
789
788
835
845
830
769
706
675
661
702
624
542
475
428
399
365
356
315
236
159
9
-108
-162
-200
-171
-267
-291
-311
-350
-404
-492
-471
-473
-456
-393
-454
-500
-552
-666
-620
-632
-622
-561
-638
-611
-685
-729
-696
-733
-695
-740
-825
-817
-796
-672
-646
-676
-700
-769
-643
-527
-430
-415
-468
-422
-373
-389
-218
-141
-18
67
24
75
97
190
233
160
172
250
282
326
341
363
292
148
152
222
319
332
162
-202
-531
-432
-57
244
295
104
-41
-131
-40
220
451
627
712
686
577
556
615
726
872
993
958
872
763
739
814
760
724
608
475
434
355
223
155
122
109
107
120
85
-13
-43
-31
152
298
192
146
88
61
226
241
274
275
90
17
-38
-17
79
24
-68
-112
-112
-144
-229
-284
-368
-452
-474
-531
-503
-513
-601
-628
-589
-549
-615
-728
-751
-698
-610
-617
-661
-601
-575
-601
-647
-541
-356
-297
-313
-373
-437
-402
-412
-341
-274
-255
-263
-285
-259
-151
-107
-211
-251
-271
-184
-30
6
25
-55
-181
-212
-215
-49
122
145
106
69
42
96
163
159
217
304
298
238
246
274
323
347
289
247
281
330
403
404
391
376
408
432
446
434
400
465
509
532
501
440
436
550
588
571
536
483
491
507
493
479
472
470
514
502
456
406
377
388
451
450
351
278
237
258
201
191
191
115
42
-35
-58
-49
-137
-177
-92
-75
-127
-286
-437
-448
-346
-247
-280
-383
-535
-604
-523
-459
-401
-442
-601
-637
-621
-625
-648
-716
-695
-681
-747
-804
-851
-781
-710
-730
-728
-789
-755
-682
-622
-463
-457
-587
-593
-514
-317
-217
-351
-391
-311
-225
-180
-87
-38
-93
-128
-186
-87
146
139
190
239
115
100
113
177
402
422
326
364
383
416
438
326
363
554
585
559
640
607
559
621
560
602
708
683
651
634
575
621
622
590
613
497
359
389
436
467
536
428
318
334
316
358
446
433
315
197
192
223
294
332
277
285
184
108
133
135
167
159
189
189
138
82
15
1
-5
-98
-141
-180
-204
-190
-323
-368
-363
-413
-448
-540
-656
-724
-666
-675
-735
-711
-814
-873
-822
-827
-698
-639
-841
-865
-838
-776
-599
-600
-721
-804
-786
-722
-579
-453
-464
-505
-614
-626
-474
-387
-310
-194
-270
-247
-170
-184
-36
79
86
71
138
226
292
356
357
325
291
333
455
589
642
578
409
429
639
722
714
649
538
591
659
633
644
626
557
493
482
532
558
519
496
533
548
393
300
307
425
500
330
241
332
354
356
363
282
267
255
192
220
279
201
129
76
103
143
99
23
27
41
-8
17
-5
-7
-35
-179
-278
-282
-277
-251
-189
-196
-353
-468
-505
-517
-435
-389
-385
-414
-480
-621
-668
-637
-537
-437
-520
-553
-563
-562
-509
-496
-541
-501
-463
-511
-558
-582
-534
-451
-398
-349
-373
-403
-389
-324
-250
-178
-132
-132
-129
-72
-89
-59
-44
2
138
216
252
214
195
209
241
314
372
384
422
382
322
312
281
310
333
370
523
546
428
329
268
316
394
414
459
475
470
417
378
388
409
379
338
364
325
309
355
397
377
259
163
141
176
176
186
168
83
46
-66
-51
45
-24
-28
-63
-144
-52
-69
-113
-83
-196
-190
-116
-31
-38
-192
-279
-268
-180
-143
-236
-302
-322
-331
-294
-416
-361
-224
-251
-239
-321
-402
-364
-324
-288
-280
-325
-365
-429
-344
-202
-81
-65
-192
-216
-174
-177
-165
-139
-54
76
76
-20
-105
-42
21
58
36
-9
55
36
-19
-7
-50
-83
18
62
172
216
82
-5
18
114
249
269
211
188
168
200
270
325
317
312
300
295
286
273
295
348
350
243
209
233
314
368
244
114
60
97
153
196
223
175
65
-37
-34
13
-1
-42
-74
-82
-58
-86
-141
-118
-116
-165
-189
-262
-311
-282
-188
-130
-159
-181
-253
-289
-294
-324
-350
-279
-151
-50
-126
-310
-393
-325
-219
-181
-183
-180
-138
-159
-236
-203
-154
-123
-66
-57
8
19
-51
-61
17
41
8
12
86
155
152
173
134
156
232
226
182
170
140
94
133
223
289
248
98
22
39
106
198
199
154
173
184
164
108
91
113
70
89
107
188
227
207
221
128
22
26
112
189
189
72
-1
38
138
217
145
-11
-102
-58
-19
18
2
-69
-16
24
8
-113
-245
-257
-226
-186
-91
-6
-38
-158
-268
-254
-212
-172
-76
-96
-345
-551
-589
-371
-39
142
53
-150
-313
-341
-194
-27
163
233
82
-5
-45
-134
-136
-179
-135
-23
7
-16
15
80
74
15
3
13
22
14
-53
-56
-5
72
112
118
123
58
3
52
171
291
238
132
128
90
150
193
211
221
109
-45
-133
-81
7
79
104
60
-6
-59
-90
-47
7
-10
-3
28
70
98
34
8
16
10
26
54
47
64
68
65
66
90
99
87
100
111
74
26
7
26
24
-23
-17
9
-43
-83
-81
-65
-51
-28
-22
-48
-32
-71
-118
-85
-49
-25
-33
-52
-54
-76
-94
-118
-70
-20
-55
-120
-136
-125
-136
-164
-136
-108
-130
-127
-92
-54
-40
-31
-30
-7
32
26
-19
-29
-20
14
25
53
84
123
107
59
55
74
157
223
259
158
21
-54
11
151
248
240
124
4
-81
-39
6
82
129
113
63
-8
-70
-74
41
108
110
31
-42
-59
-8
76
61
59
43
12
-18
-40
-2
33
42
76
110
52
-40
-149
-166
-51
22
15
-40
-105
-172
-193
-194
-142
-31
-4
-25
-61
-91
-76
-113
-151
-113
-104
-114
-93
-95
-127
-126
-148
-140
-123
-97
-80
-104
-106
-99
-124
-98
-66
-78
-93
-103
-73
-55
-24
-47
-51
-12
10
81
128
130
117
87
139
209
243
227
173
145
166
222
262
274
242
209
168
168
222
235
232
202
150
119
56
62
91
114
89
37
26
26
33
33
52
3
-50
-61
-42
-34
-23
-22
-59
-60
-38
-38
-29
-30
-2
17
8
4
-58
-108
-74
18
40
-38
-75
-85
-75
-34
-65
-111
-86
-81
-146
-248
-261
-193
-151
-195
-230
-196
-171
-148
-112
-126
-163
-159
-182
-190
-180
-195
-194
-159
-138
-120
-159
-185
-145
-94
-96
-112
-78
-48
-46
-53
-61
-21
21
16
17
-1
0
-8
24
62
88
116
123
154
164
190
163
179
202
206
243
252
262
299
304
283
268
309
374
359
303
227
166
177
207
231
235
219
196
145
117
146
167
187
140
74
30
30
46
56
88
49
-2
-48
3
36
21
55
49
21
-24
-62
-67
-49
-34
-64
-82
-109
-94
-84
-120
-95
-87
-91
-107
-140
-188
-215
-229
-237
-204
-198
-213
-239
-250
-245
-297
-293
-269
-249
-256
-280
-280
-273
-273
-298
-265
-239
-210
-186
-153
-152
-183
-186
-208
-184
-166
-188
-205
-220
-160
-94
-83
-66
-84
-116
-125
-131
-69
-8
43
65
48
94
90
64
130
183
217
234
215
238
303
308
309
267
252
261
283
301
285
273
243
274
286
284
281
246
259
257
208
177
166
171
200
183
180
216
244
252
235
202
210
196
168
184
182
194
167
132
123
124
151
161
157
160
148
123
104
91
38
-43
-55
-74
-98
-124
-166
-184
-145
-126
-164
-177
-174
-213
-252
-278
-305
-319
-282
-302
-343
-386
-400
-347
-315
-282
-261
-288
-308
-354
-375
-341
-309
-266
-275
-314
-316
-296
-265
-204
-177
-177
-206
-219
-199
-186
-137
-139
-144
-138
-158
-146
-113
-90
-44
17
59
35
-30
-53
-1
70
110
115
83
102
131
131
138
176
213
219
206
180
158
141
193
246
318
354
348
348
316
290
300
333
363
367
359
324
289
285
269
277
292
284
257
225
234
308
327
299
254
200
167
156
182
196
177
134
101
79
68
48
35
42
86
81
44
-20
-39
-59
-97
-104
-120
-142
-154
-184
-201
-185
-203
-235
-241
-220
-238
-265
-271
-270
-292
-306
-287
-269
-246
-252
-286
-336
-363
-355
-345
-351
-355
-366
-379
-328
-302
-313
-345
-331
-320
-294
-241
-223
-210
-214
-236
-226
-199
-141
-85
-79
-82
-51
-26
-34
4
49
55
77
88
110
130
123
92
91
113
155
188
199
215
190
174
172
224
232
255
273
266
255
243
283
287
305
305
317
354
368
343
313
316
318
339
337
356
367
328
307
255
230
267
280
255
235
215
178
178
163
135
107
81
67
55
65
40
35
11
-1
-35
-60
-71
-109
-113
-102
-133
-173
-199
-221
-241
-226
-234
-252
-264
-290
-319
-350
-343
-303
-278
-283
-329
-381
-389
-356
-311
-305
-308
-341
-364
-369
-333
-265
-235
-223
-243
-257
-257
-257
-236
-252
-248
-209
-187
-170
-165
-173
-159
-110
-46
-18
-11
-8
-20
0
3
20
44
67
43
22
54
125
190
197
226
215
211
209
233
269
290
283
242
277
330
385
401
401
373
322
336
366
383
380
396
395
383
358
333
281
267
308
328
294
234
212
181
171
149
148
112
81
59
28
-1
-27
-42
-68
-50
-53
-63
-95
-127
-165
-199
-186
-195
-211
-205
-236
-242
-272
-324
-297
-243
-237
-268
-337
-372
-351
-318
-280
-258
-247
-258
-297
-296
-277
-261
-218
-193
-194
-210
-219
-244
-230
-216
-173
-139
-105
-81
-87
-98
-118
-111
-94
-54
-20
2
-42
-68
-62
-52
8
51
73
79
89
107
145
153
179
216
229
266
277
286
248
270
280
287
318
318
331
323
302
278
285
318
338
346
327
300
229
190
198
210
212
183
161
143
137
112
87
106
149
145
145
98
50
59
33
29
-3
-32
-55
-77
-101
-115
-109
-117
-136
-144
-152
-180
-210
-221
-200
-220
-275
-323
-327
-304
-297
-310
-331
-361
-374
-360
-341
-325
-324
-317
-307
-289
-265
-298
-324
-301
-252
-206
-192
-200
-196
-194
-175
-130
-99
-91
-75
-78
-75
-51
-43
-12
45
73
49
23
-5
15
70
112
156
192
206
215
228
230
209
180
211
235
253
264
254
260
284
310
311
306
317
342
360
356
346
311
319
310
301
301
295
272
260
264
276
268
223
188
163
180
203
184
184
186
162
128
78
64
43
10
35
19
-14
-44
-63
-74
-77
-73
-110
-147
-169
-189
-220
-275
-283
-286
-312
-299
-305
-345
-330
-333
-326
-313
-316
-349
-387
-377
-349
-328
-325
-330
-358
-352
-372
-366
-323
-272
-254
-240
-246
-291
-293
-310
-299
-249
-197
-160
-169
-161
-166
-139
-114
-85
-52
-3
3
18
47
99
147
165
179
176
196
205
239
254
259
264
266
284
303
312
344
365
357
362
343
321
309
318
313
304
319
326
345
344
334
282
263
247
261
237
232
251
224
212
180
181
180
175
171
174
160
124
84
58
51
61
73
42
2
-15
-27
-17
-39
-59
-86
-140
-167
-194
-206
-216
-223
-217
-231
-253
-254
-259
-245
-227
-264
-312
-317
-321
-308
-315
-309
-298
-317
-323
-324
-317
-310
-319
-295
-283
-272
-259
-237
-209
-178
-157
-170
-151
-157
-160
-151
-130
-103
-82
-62
-60
-29
-19
2
-2
7
34
48
45
59
66
71
95
120
144
182
191
196
208
225
249
233
253
264
273
252
252
262
275
298
288
256
