-8
5
-1
-7
3
4
10
5
19
15
14
16
10
13
-5
3
-2
-10
-3
1
0
4
16
6
1
11
0
-5
-6
-11
-7
-9
-5
-2
-4
11
8
-7
-12
-8
-14
-27
-12
-14
0
-5
-7
-3
-10
-2
-5
-3
5
3
-4
1
-5
-15
-3
1
-7
-8
-1
-6
3
9
5
11
7
0
10
14
17
18
3
9
7
0
5
5
1
7
19
19
16
23
25
22
8
9
4
7
0
-4
-10
-13
-5
5
5
-3
-3
-1
-9
-6
5
-1
-1
-9
-2
-7
-7
0
11
15
1
8
7
12
0
3
5
-5
-13
-10
-7
-4
-6
-1
-10
-3
-11
-9
3
-4
-1
-3
1
1
2
-2
3
-4
-14
-12
-6
8
11
22
22
16
16
2
0
-5
-10
-14
-15
-12
-2
1
-5
-12
-14
-15
-7
-4
-8
-3
-13
-17
-9
0
-2
-10
-8
-2
-4
4
5
16
21
14
5
2
10
4
-3
-1
-7
-7
2
11
-2
2
4
-3
6
3
3
6
-2
6
4
-6
3
4
2
6
4
6
9
-2
3
-4
-2
3
-3
14
10
9
8
9
3
2
10
-1
-14
-20
-23
-18
-23
-17
-10
-23
-15
-9
-13
-12
-12
-7
-5
-8
6
-3
-2
-5
7
7
7
13
0
6
4
3
9
5
2
-2
-12
-7
-9
1
-1
4
11
6
-1
-7
4
-4
-4
-1
-3
1
7
-2
1
-3
-7
0
-5
-8
-10
1
4
-3
9
-1
-1
-1
-4
-1
-1
-2
0
7
11
13
10
9
18
25
28
16
13
15
12
-2
4
2
2
5
5
3
7
24
11
3
3
-2
-9
-12
-17
-9
3
-2
7
7
4
6
-3
0
-3
-5
-9
-7
-8
1
1
3
14
-2
-11
-7
-8
-8
-5
10
7
-1
-4
-4
-4
-5
-19
-16
-13
-10
-12
-17
-8
-15
-12
-3
-2
1
3
6
-3
2
-3
9
8
6
8
0
-5
-3
10
1
14
12
18
6
9
10
0
4
2
1
-6
-3
-8
1
2
15
11
15
16
12
19
11
8
0
7
5
2
-2
-3
-5
-17
-22
-35
-39
-39
-45
-49
-53
-64
-59
-59
-62
-50
-32
-3
15
39
68
81
74
63
30
-1
-25
-42
-58
-72
-66
-60
-55
-39
-11
-4
11
40
60
85
102
132
150
156
176
175
171
142
101
43
-8
-49
-78
-97
-107
-90
-54
-32
-10
0
5
12
13
3
-2
8
1
3
0
-11
-21
-28
-48
-57
-51
-70
-69
-80
-85
-102
-111
-125
-111
-73
-51
-38
4
70
107
117
96
72
53
-6
-66
-109
-125
-109
-100
-77
-33
18
43
75
86
94
107
102
100
90
73
38
2
6
25
19
18
35
59
86
85
54
60
93
87
80
75
83
101
84
47
34
4
-44
-77
-114
-139
-150
-163
-172
-138
-127
-127
-113
-87
-49
-29
-22
-3
35
25
12
-6
-31
-43
-63
-149
-200
-178
-186
-189
-170
-119
-45
40
82
117
165
192
192
149
84
28
-30
-96
-119
-143
-134
-73
-24
28
82
125
139
161
178
168
159
144
120
108
78
67
60
42
30
15
8
18
38
46
47
61
70
59
41
35
24
-5
-24
-29
-22
3
-8
-20
20
20
39
41
25
39
36
12
-6
-32
-30
-32
-45
-35
-34
-30
-45
-21
-14
-19
-33
-22
-24
-15
-28
-63
-64
-74
-98
-99
-121
-151
-137
-134
-137
-100
-73
-58
-12
-2
-33
-45
-126
-211
-211
-218
-212
-182
-123
-27
80
114
133
157
156
163
117
40
34
44
4
-21
-15
-16
14
35
31
42
76
77
87
103
105
125
121
125
138
108
68
59
31
17
7
-19
0
42
60
66
87
90
77
77
37
9
-8
-29
-30
-23
-14
8
11
18
39
51
27
17
23
33
27
25
24
35
33
-5
-32
-77
-95
-101
-103
-89
-64
-32
16
61
53
61
69
37
4
-34
-57
-63
-56
-64
-55
-36
6
17
23
42
28
16
19
28
11
31
36
40
58
59
63
67
13
-20
-24
-106
-130
-94
-141
-169
-223
-299
-260
-269
-334
-316
-261
-161
-24
-12
10
117
144
77
-50
-199
-217
-196
-276
-283
-188
-110
19
90
101
208
277
277
268
235
191
155
81
13
12
-19
-26
16
54
80
103
109
133
179
182
168
194
197
197
191
149
124
108
65
36
27
13
12
21
22
55
74
61
91
98
79
41
-9
-27
-2
3
-22
-12
42
60
63
47
53
72
51
2
-14
6
17
14
10
10
51
29
2
6
-10
1
16
16
45
103
98
105
116
68
26
-49
-169
-237
-268
-311
-279
-268
-298
-294
-357
-440
-542
-682
-743
-681
-598
-433
-194
19
213
356
331
169
-67
-255
-329
-447
-523
-425
-204
20
186
282
353
417
418
337
251
219
233
205
186
214
239
225
202
199
201
158
93
73
101
150
163
180
244
309
307
252
179
121
50
-26
-92
-98
-61
-26
44
110
152
151
113
52
31
17
-39
-17
41
102
77
-43
-45
56
65
-4
-59
-35
124
194
95
106
192
190
145
84
26
102
106
19
41
27
39
119
119
192
291
225
251
351
250
125
14
-178
-270
-321
-450
-453
-387
-335
-263
-276
-341
-442
-607
-849
-1094
-1321
-1426
-1343
-1186
-998
-647
-242
151
480
611
450
85
-181
-290
-468
-683
-692
-355
66
283
393
518
641
701
604
371
312
424
464
449
504
582
587
545
481
464
357
141
66
111
149
140
119
191
329
328
205
157
145
70
-29
-91
-43
81
181
246
340
398
374
288
191
179
62
-218
-237
3
55
98
238
337
541
585
299
182
122
-4
-88
-201
-150
133
187
179
381
391
357
383
233
245
382
217
196
368
268
147
-66
-386
-335
-330
-576
-638
-520
-397
-256
-266
-461
-466
-387
-612
-869
-1131
-1484
-1578
-1806
-2163
-2156
-2020
-1776
-1332
-1022
-622
116
639
840
661
-4
-260
29
-343
-936
-792
-159
449
556
475
785
1051
979
760
541
558
873
932
766
947
1064
939
737
664
728
582
222
139
363
461
328
321
461
555
448
237
176
210
131
-18
-12
178
300
335
392
519
565
478
223
-2
139
183
-35
62
249
397
569
495
482
518
344
192
66
-160
-228
-239
-371
-282
-76
-57
127
455
559
739
850
780
763
680
305
-56
-190
-523
-723
-666
-856
-697
-406
-666
-522
-295
-724
-620
-529
-859
-611
-643
-1037
-807
-973
-1556
-1729
-2230
-2599
-2366
-2761
-2808
-1888
-1588
-1080
-129
254
970
1695
934
-37
-43
14
-283
-1027
-1405
-272
767
534
545
1100
1412
1568
1207
741
1108
1438
1161
1120
1285
1275
1256
919
636
978
871
220
171
494
682
606
255
220
589
591
297
276
325
430
579
497
398
523
573
501
492
267
96
114
69
152
232
44
136
481
438
341
390
406
394
273
44
-137
-307
-543
-601
-601
-578
-234
104
343
897
1232
1204
1224
950
541
21
-592
-1099
-1398
-1454
-1259
-1087
-817
-425
-233
-79
32
-296
-689
-829
-1139
-1092
-984
-1288
-1191
-1041
-1128
-1006
-1447
-2113
-2309
-2588
-2709
-2658
-2724
-2254
-1392
-762
-20
916
1476
2007
1473
-77
-182
319
-393
-1282
-1228
83
1329
1116
843
1573
2072
1770
1201
767
1100
1468
1048
939
1323
1475
1246
863
752
973
803
173
40
538
815
431
59
302
679
543
215
115
372
651
540
366
476
778
904
714
658
703
599
293
-5
34
50
-107
-149
82
401
574
609
559
470
346
25
-274
-554
-714
-579
-367
-155
311
734
990
1351
1392
1094
790
257
-335
-630
-1043
-1338
-1248
-1119
-803
-374
-443
-567
-293
-653
-1144
-1236
-1598
-1772
-1530
-1516
-1323
-777
-796
-819
-502
-834
-1026
-1376
-2350
-2241
-2069
-2792
-2725
-2421
-2231
-1572
-1446
-1204
62
1038
1320
948
-214
-169
988
454
-837
-730
544
1778
1566
863
1344
2137
1770
1009
861
1063
1288
1028
876
1371
1532
1278
986
1035
1451
1460
895
533
992
1378
781
18
73
398
296
129
219
560
1037
1226
1142
1193
1334
1239
938
704
649
459
80
-91
-2
-45
-368
-449
-211
98
212
68
118
332
263
84
-182
-489
-474
-228
30
383
664
833
1003
1091
875
349
-127
-635
-969
-1069
-1209
-1151
-857
-700
-668
-706
-897
-1867
-2168
-1083
-997
-621
7
-596
461
967
-818
-933
-1160
-1930
-1276
-2096
-2557
-1405
-1911
-2413
-1586
-1792
-1778
-1153
-2293
-2092
-874
-1921
-2047
-1152
-881
889
1501
-513
-625
717
907
492
-762
-995
1171
1978
1046
1270
1852
2204
2321
1492
1026
1654
1425
547
910
1292
1150
1154
890
1259
2077
1662
934
1140
1388
1098
508
-5
55
291
184
239
754
1159
1248
1327
1336
1408
1292
791
538
622
551
129
-456
-459
-132
-153
-408
-599
-273
331
488
541
662
807
1012
954
721
479
265
89
-216
-341
-527
-749
-681
-589
-207
140
146
195
309
146
-122
-398
-945
-1130
-872
-1063
-1089
-1095
-1664
-1546
-1516
-1994
-1922
-2105
-2055
-1074
-1051
-1127
-745
-1014
-778
-678
-1409
-1392
-1263
-1690
-1838
-2176
-2561
-2031
-2059
-2624
-2459
-2135
-1404
-99
920
761
124
189
1106
1473
334
-426
459
1640
2001
1559
1163
1692
2047
1436
706
662
949
911
950
1217
1691
1964
1629
1653
2102
2050
1529
1005
991
1268
863
69
-167
9
24
-39
39
413
959
1291
1458
1679
1839
1782
1657
1452
1202
911
322
-163
-410
-736
-892
-777
-504
-18
403
909
1508
1590
1457
1288
919
546
-36
-795
-1118
-1168
-1300
-1319
-1182
-686
-76
138
281
430
205
181
-39
-492
-498
-862
-1061
-1147
-1607
-1403
-1465
-1924
-1979
-2483
-2437
-1646
-1681
-1525
-1027
-694
-33
133
-545
-910
-1048
-1635
-1958
-2481
-3172
-3341
-3698
-3963
-3296
-2860
-2598
-1266
760
1772
1101
685
1747
2780
1948
283
329
1472
1889
1262
279
472
1422
1105
99
303
1170
1285
950
1192
2139
2965
2516
1957
2443
2744
2101
1012
715
1139
1004
119
-381
71
398
-4
-318
-10
606
1041
949
1195
2049
2430
2046
1679
1632
1387
702
-266
-702
-615
-888
-1368
-1153
-572
-10
535
886
1451
2068
1970
1459
837
206
-360
-1165
-1827
-1817
-1616
-1522
-1130
-488
195
372
335
399
385
459
177
-560
-790
-694
-839
-1002
-1333
-1354
-1040
-1171
-1510
-1861
-2214
-2254
-1953
-1811
-1565
-1274
-2232
-2963
-1654
-18
1092
1295
538
934
1576
370
-1625
-3206
-3866
-3601
-4313
-5229
-4320
-3003
-2170
-784
647
794
1035
1589
2179
2978
2168
1001
1453
2167
2090
1513
544
642
1421
902
374
744
1074
912
851
1064
1717
2178
1834
1888
2680
2861
2141
1606
1732
1798
999
-277
-686
-736
-1334
-1208
-363
552
1453
1676
2079
3097
3298
2427
1309
969
1117
484
-768
-1360
-944
-628
-738
-578
-351
282
797
953
1590
1833
1394
942
771
512
-43
-1087
-1932
-1737
-1406
-1750
-1867
-1519
-854
-190
-121
-30
406
877
924
593
187
-176
-429
-1112
-1891
-2152
-2457
-2683
-2415
-2478
-2059
-1437
-1208
-718
-610
-168
440
394
-1
-635
-861
-1060
-1741
-2580
-3197
-3535
-4059
-4655
-4668
-4231
-3338
-2393
-1714
-4
2334
3109
2154
1682
2502
2794
1579
-197
-490
815
1167
608
179
631
1724
1706
998
1231
1961
1883
1488
1642
2107
2599
2232
1654
2223
2737
2129
1223
678
841
1256
727
-221
-242
-201
-780
-99
565
830
1566
1789
2349
3263
2720
1761
1289
715
634
102
-899
-809
-346
-543
-661
-248
-157
268
912
932
1392
1397
847
596
205
-241
-944
-1753
-1967
-1772
-1646
-1655
-1380
-790
-354
-66
128
296
543
498
189
-124
-573
-1101
-1547
-1907
-1945
-1703
-1752
-1882
-1427
-1228
-1178
-1100
-1423
-1024
-740
-761
-416
-464
-429
-463
-1015
-1406
-1770
-2287
-2639
-2862
-2536
-2438
-2799
-3143
-3093
-2123
-1619
-1775
-1584
-309
1835
1840
258
234
1511
2221
1319
79
757
2192
2405
1768
1240
1754
2213
1438
702
1175
1811
1450
938
1406
2217
2289
1529
1341
2034
2313
1817
1177
1201
1960
1842
881
455
511
-375
-1118
-507
28
690
1021
1076
2341
3299
2513
1562
876
911
842
-355
-1195
-872
-412
-619
-510
-24
317
1061
1127
1038
1447
942
294
67
-303
-677
-1257
-1942
-1874
-1386
-1282
-1511
-1097
-496
-204
175
-134
-239
293
-44
-491
-587
-898
-881
-1140
-1374
-1219
-1534
-1833
-2035
-1896
-1783
-2056
-1625
-1047
-1014
-991
-915
-656
-115
21
-589
-886
-520
-890
-1573
-1957
-2347
-2152
-2693
-3683
-3426
-3095
-2951
-2799
-2813
-1634
819
1985
811
597
1888
2994
2853
1195
581
1799
2205
1392
685
497
1004
1260
566
601
1693
1841
1305
1529
1958
2245
2170
1713
1975
2693
2697
1737
1499
2351
2509
1627
669
341
598
373
-435
-455
117
553
977
1296
1779
2262
1917
1141
1193
1069
232
-384
-821
-895
-439
-442
-443
305
587
519
783
732
539
276
-374
-566
-533
-919
-1417
-1702
-1619
-1261
-1169
-1310
-1166
-751
-499
-193
25
247
671
672
533
181
-491
-1000
-1726
-2234
-2287
-2477
-2400
-1984
-2037
-1793
-1657
-1750
-870
-743
-942
-399
-32
224
220
-551
-835
-845
-1065
-1455
-1890
-2078
-1977
-2034
-2893
-3304
-2952
-2740
-2432
-2264
-1696
328
1770
970
130
1033
2155
2016
701
122
1403
2407
1738
1034
949
1572
1667
651
221
1052
1756
1370
1300
2033
2769
2937
2370
2391
2952
2727
1784
1303
1596
1678
1059
372
300
714
694
128
242
912
1278
1306
1305
1555
1847
1395
721
534
517
259
-370
-979
-803
-287
-386
-480
-266
35
339
405
381
403
223
87
-7
-217
-433
-1010
-1638
-1759
-1667
-1643
-1543
-1314
-814
-121
206
368
624
851
857
408
-196
-416
-828
-1406
-2099
-2619
-2449
-2226
-2232
-2113
-1595
-1037
-825
-687
-745
-334
410
-67
-463
-248
-518
-809
-1410
-2533
-2425
-2121
-2474
-2305
-2324
-2754
-2654
-2619
-2684
-2184
-2313
-1944
249
1275
407
271
971
1913
2113
930
576
1949
2505
2026
1569
1323
1741
1732
752
798
1778
1705
1135
1466
2130
2592
2285
1473
1798
2463
1920
1051
1424
1933
1908
1349
676
1041
1337
630
169
504
1064
1193
837
898
1505
1730
945
246
569
684
232
-158
-536
-348
-29
-342
-253
199
109
-38
146
226
315
109
-316
-138
-176
-578
-942
-1419
-1447
-1401
-1589
-1340
-944
-557
-92
219
448
612
667
690
564
159
-410
-1241
-1790
-2103
-2232
-2117
-2338
-2110
-1508
-1113
-607
-604
-1190
-1338
-1007
-568
-844
-1460
-1310
-877
-585
-979
-1880
-1987
-1862
-1732
-1633
-2076
-2304
-2541
-2638
-2429
-2372
-2680
-2562
-905
712
320
-417
111
1587
2385
1571
823
1795
2688
2560
1977
1350
1841
2016
1112
863
1536
1874
1421
1150
1664
2389
2432
1537
1400
2197
2415
1930
1382
1556
2347
2161
1380
996
970
859
329
18
228
386
339
310
795
1566
1426
879
683
759
731
89
-618
-797
-701
-560
-508
-341
71
350
639
965
849
694
377
15
-160
-651
-1187
-1486
-1438
-1264
-1294
-1292
-874
-451
-137
43
164
611
890
763
622
325
-156
-709
-1358
-1719
-1832
-2132
-2527
-2500
-2005
-1543
-1747
-1448
-1002
-764
-374
-623
-506
-174
-538
-524
-1217
-1525
-1241
-2228
-2724
-2812
-2953
-2636
-3396
-3623
-2854
-2560
-2202
-2566
-1540
772
830
29
167
1603
2938
2200
1215
1391
2484
2743
1648
924
1071
1301
1046
379
893
1615
1276
1155
1782
2488
2758
2096
1745
2436
2764
2177
1349
1322
1956
1837
1037
537
777
1040
521
199
474
788
891
670
862
1587
1731
1262
915
1056
1203
724
-113
-428
-168
-65
-434
-953
-862
-303
34
349
331
461
747
648
530
175
-580
-1064
-1330
-1469
-1370
-1416
-1401
-896
-237
151
378
340
361
781
739
300
50
-395
-756
-811
-947
-1524
-2127
-2427
-2445
-1650
-1676
-2544
-2323
-1866
-1020
-91
-648
-1067
-206
224
-2
-875
-2193
-2825
-2527
-2798
-3077
-2749
-3198
-3352
-2831
-2755
-2155
-1918
-2737
-1737
825
1350
199
-273
729
2428
2573
990
850
2267
2671
2345
1461
1045
1608
1324
441
966
1802
1331
977
1581
2317
2815
2152
1277
1881
2500
2094
1539
1276
1650
2181
1802
1237
1259
1167
802
614
464
405
412
478
788
1343
1514
1241
1108
1219
1206
734
160
-26
116
105
-109
-451
-557
-354
-147
221
345
175
459
665
479
311
-273
-754
-754
-1129
-1449
-1453
-1384
-918
-527
-332
48
352
579
745
722
360
-221
-702
-1144
-1296
-1510
-2045
-2436
-2363
-2052
-1758
-1900
-1968
-1521
-938
-730
-823
-579
-789
-1054
-751
-1148
-1441
-1789
-2813
-2553
-2311
-2600
-2477
-2543
-2368
-1950
-2438
-2645
-2237
-2204
-2303
-1287
525
829
70
127
1279
2696
2180
792
1158
2256
2829
2217
891
1069
2004
1694
1014
1113
1772
1794
1639
1852
2195
2517
1945
1494
2108
2447
2204
1528
1324
2065
2357
1591
739
531
795
668
259
69
102
477
714
892
1348
1486
1213
1150
1249
1302
958
208
-22
372
319
-381
-858
-892
-560
-145
-205
-132
373
724
760
583
344
-6
-565
-978
-1029
-1211
-1561
-1714
-1444
-618
-168
36
136
302
868
846
293
-251
-777
-1156
-1218
-1413
-1651
-1906
-2090
-1751
-1624
-1792
-2268
-2601
-2324
-1667
-1268
-1286
-725
-156
133
121
-442
-1098
-1739
-2722
-2938
-2687
-2961
-3043
-3696
-3614
-2707
-2510
-2569
-3064
-2488
23
1406
406
-117
1066
2771
3035
1890
1309
2192
3030
2486
1483
994
1237
1050
97
93
1024
1330
1092
1573
2464
3199
3100
2422
2544
3063
2911
2169
1677
1799
2076
1852
1312
808
569
540
450
427
364
378
589
1131
1781
1943
1666
1557
1730
1622
1074
342
27
-17
-244
-617
-791
-815
-750
-476
-1
378
453
434
456
558
440
-154
-824
-1124
-1133
-1141
-1447
-1554
-1271
-1091
-750
-343
-232
150
264
152
467
230
-209
-553
-1120
-1673
-2118
-2507
-2878
-2889
-2603
-2572
-1886
-1146
-1241
-929
-679
-538
-191
-955
-1593
-1361
-1510
-1709
-2333
-2709
-2374
-1987
-1956
-2450
-2368
-2437
-2855
-2608
-2703
-2530
-2152
-2016
-279
1356
767
391
986
2093
2520
1539
799
1373
2296
2254
1512
1282
1719
1881
1341
977
1595
1884
1466
1609
2096
2623
2765
2234
2249
2751
2893
2453
1881
1917
2387
2082
1323
739
533
747
902
696
563
754
1062
1481
1614
1570
1434
1322
1400
1364
936
328
-125
-135
-126
-369
-757
-937
-779
-250
95
-21
149
521
683
720
305
-325
-622
-1126
-1454
-1512
-1841
-1882
-1577
-1261
-651
-239
-236
61
428
458
161
-219
-593
-1063
-1272
-1725
-1939
-1916
-2350
-2221
-2062
-2023
-1526
-1669
-1728
-1148
-1236
-1004
-1129
-1633
-1212
-1236
-1854
-1762
-1983
-2244
-1984
-1917
-1723
-1604
-2050
-2437
-2487
-2605
-2663
-2756
-3116
-2642
-657
964
875
236
680
2327
3026
1882
944
1394
2272
2252
1544
910
1303
1692
1221
1044
1676
2107
1697
1702
2260
2888
3022
2188
2223
3019
3240
2732
1867
2218
3060
2321
1085
463
441
567
81
-22
345
852
1387
1510
1939
2479
2175
1485
1101
1218
928
76
-417
-531
-290
-418
-856
-714
-313
-74
86
392
741
869
631
141
-55
-394
-1083
-1616
-1954
-1879
-1813
-2055
-1796
-1200
-922
-638
-379
-106
117
172
-47
-372
-571
-1006
-1574
-1684
-1659
-1942
-2215
-2313
-2191
-1995
-2182
-2453
-2100
-1807
-1230
-1378
-1668
-1027
-578
-787
-1228
-1586
-1392
-1434
-1850
-1885
-2146
-2044
-2708
-3250
-2960
-2542
-2137
-2808
-2830
-751
1433
1313
-55
301
2121
3067
2032
790
1213
2451
2463
1750
1157
1466
1827
1299
1019
1764
2330
1829
1685
2344
3157
3262
2463
2259
2962
3340
2805
2048
1884
2161
2193
1588
974
683
486
405
470
364
521
819
1184
1843
2270
2105
1779
1591
1430
1065
237
-477
-634
-633
-695
-742
-696
-675
-561
-185
7
251
338
127
214
225
-48
-601
-1400
-1668
-1588
-1870
-2048
-2045
-1771
-1101
-854
-627
-256
63
522
398
-113
-332
-705
-1297
-1696
-2316
-2676
-2456
-2340
-2344
-2159
-2225
-2055
-1773
-1795
-1812
-1829
-1459
-1059
-657
-456
-696
-500
-643
-1463
-1782
-2200
-2348
-2108
-3041
-3631
-3187
-2907
-2340
-2464
-2763
-1286
1244
1616
327
677
2012
2972
2451
769
1224
2446
2228
1779
1260
1604
2281
1661
1016
1765
2522
1943
1477
2076
2800
3145
2601
2209
3013
3522
2900
2309
2207
2308
2364
1911
1322
1134
867
453
366
363
165
168
555
1157
1803
1942
1677
1806
1914
1474
960
100
-588
-664
-850
-968
-805
-921
-1084
-490
35
9
-28
-333
-364
221
-42
-649
-1083
-1548
-1334
-1473
-1944
-1941
-1742
-1345
-855
-591
-551
-282
-17
-46
-130
-453
-1060
-1186
-1417
-1672
-1572
-2069
-2234
-2003
-2203
-2202
-2350
-2526
-2127
-2028
-1730
-1193
-1141
-586
-139
-517
-672
-971
-1651
-1654
-2070
-2407
-2197
-2498
-2751
-2907
-2975
-2497
-2096
-2124
-1897
-615
1427
1794
688
383
1505
2664
1943
751
985
2008
2703
2363
1736
1926
2352
2100
1578
1791
2287
1937
1700
2110
2657
3035
2571
2283
2889
3313
3081
2488
1953
2078
2548
2228
1334
719
507
480
394
-53
-360
-29
568
1172
1713
1762
1709
1941
1817
1474
973
-20
-614
-674
-847
-907
-1083
-1312
-1150
-735
-501
-429
-373
-284
35
148
9
-305
-908
-1303
-1467
-1692
-1948
-2020
-1916
-1519
-954
-682
-636
-253
-39
-86
-140
-314
-577
-929
-1420
-1855
-1982
-2089
-2179
-2318
-2350
-2072
-1573
-1750
-1690
-1400
-1438
-1312
-1094
-907
-621
-450
-723
-1028
-1408
-1873
-1933
-1974
-2216
-1912
-2054
-2461
-2382
-2353
-2341
-2356
-2750
-1919
400
1371
554
462
1734
3008
2951
1771
1445
2530
2830
2357
1692
1459
2108
1877
1094
1447
2264
2221
1836
2092
2833
3431
3099
2376
2592
3155
3017
2359
1871
1830
2012
1891
1424
981
582
221
159
87
-257
-418
-122
675
1454
1579
1443
1694
1950
1633
979
123
-465
-759
-1174
-1476
-1541
-1548
-1346
-958
-238
263
261
282
246
255
139
-694
-1395
-1767
-1913
-1983
-2058
-2002
-1662
-1228
-953
-501
-85
31
-78
-144
-165
-244
-599
-1421
-1806
-1929
-2192
-2141
-2246
-2295
-1852
-1672
-1493
-1507
-2028
-1755
-1579
-1339
-907
-1248
-1065
-472
-311
-467
-1329
-1703
-1155
-1031
-1123
-1637
-2417
-2536
-2530
-2538
-2525
-2577
-2384
-1337
1000
1917
783
536
1518
2741
2704
1324
1294
2240
2758
2821
2041
1997
2396
1972
1473
1615
2239
1984
1361
1884
2701
3255
2877
2085
2561
3238
3062
2322
1741
1900
2182
1887
1334
891
540
264
83
31
-211
-452
-314
348
1175
1435
1169
1163
1420
1403
871
-163
-773
-933
-1016
-1167
-1244
-1152
-1144
-793
-95
143
95
-128
-222
55
-121
-727
-1564
-1875
-1642
-1571
-1748
-1863
-1595
-1165
-887
-698
-643
-528
-465
-418
-65
-175
-506
-899
-1306
-1229
-1755
-2434
-2514
-2660
-2337
-2067
-2143
-1852
-1750
-1607
-1155
-544
-373
-550
-351
70
220
-395
-1358
-1882
-1750
-1727
-1886
-1866
-1999
-2102
-1990
-1897
-1653
-1836
-2201
-1337
666
1809
971
222
1297
2709
2922
1522
885
2104
2891
2729
2064
1725
2405
2347
1715
1794
2337
2339
1763
1879
2564
3052
2725
1973
2178
2943
2879
2177
1591
1729
2233
1971
1039
469
233
17
-154
-317
-451
-291
108
626
1320
1605
1243
1014
982
881
609
-308
-1001
-835
-728
-764
-845
-1090
-927
-513
-275
-159
-290
-457
-371
-202
-314
-800
-1365
-1566
-1482
-1393
-1676
-1874
-1463
-977
-724
-681
-791
-681
-404
-320
-411
-774
-1036
-1286
-1563
-1613
-1909
-2180
-2073
-1869
-1555
-1367
-1782
-2083
-2127
-2000
-1552
-1392
-1010
-475
-294
-69
-178
-703
-842
-1034
-1138
-1040
-1253
-1327
-1953
-2345
-2272
-2325
-2231
-2408
-1864
-82
1772
2018
819
954
2279
2803
2188
1015
1187
2402
2744
2447
1911
1938
2308
1981
1677
1973
2269
1903
1804
2419
2913
2893
2360
2068
2606
2985
2363
1354
1531
2349
2132
1141
353
335
472
-91
-593
-362
27
468
744
1101
1661
1675
995
538
736
527
-265
-976
-1220
-841
-593
-1051
-1306
-1006
-648
-357
-286
-303
-128
-48
-77
-95
-425
-1057
-1396
-1605
-1528
-1609
-1894
-1836
-1390
-901
-834
-848
-567
-37
272
58
-585
-973
-1251
-1590
-1890
-2432
-2667
-2382
-2076
-1992
-1839
-1676
-1620
-1497
-1578
-1095
-694
-904
-453
-68
225
206
-452
-874
-1055
-1281
-1591
-1835
-1752
-1914
-2124
-1972
-1873
-1325
-1460
-1342
141
1380
2367
1533
349
1094
1800
1552
603
275
1390
2393
2593
2388
2149
2472
2398
2079
1956
2099
2218
1787
1905
2501
2755
2549
2039
2070
2481
2354
1653
1164
1472
1907
1439
704
431
441
326
25
-103
84
265
395
622
1083
1319
869
470
469
561
270
-553
-846
-760
-686
-598
-921
-850
-531
-451
-188
-83
-133
-158
-332
-316
-310
-915
-1387
-1421
-1406
-1192
-1398
-1665
-1321
-911
-770
-772
-889
-671
-294
-284
-332
-785
-1349
-1520
-1552
-1821
-1903
-2083
-2385
-1705
-1645
-1789
-1536
-1901
-1673
-940
-1276
-915
-423
-351
366
206
-472
-545
-779
-1222
-1254
-1566
-1722
-1530
-1895
-2238
-1810
-1683
-1885
-1524
-844
884
2198
1115
478
1426
2367
2192
1247
836
1985
2798
2459
1984
1854
2107
1897
1402
1326
1859
2027
1516
1804
2581
2751
2519
2075
2112
2592
2329
1392
1038
1782
2170
1457
738
375
446
346
-280
-531
-218
30
318
651
1127
1426
1141
696
795
980
434
-282
-657
-619
-542
-855
-1319
-1155
-767
-588
-379
-158
11
205
53
-125
-147
-638
-1254
-1593
-1554
-1206
-1565
-1757
-1375
-1101
-706
-889
-1141
-650
-357
-420
-735
-1004
-816
-954
-1426
-1666
-1687
-1999
-2349
-2222
-2106
-1803
-1416
-1787
-1084
-501
-928
-655
-1026
-966
-49
-677
-1136
-915
-920
-749
-871
-1302
-1184
-1215
-1889
-1978
-1785
-1882
-1827
-1407
-622
1386
2375
1094
631
1512
2191
2030
869
396
1686
2645
2308
2034
1966
2306
2305
1763
1706
2218
2061
1562
1948
2473
2506
2322
1799
1955
2572
2167
1077
953
2058
2368
1601
704
382
754
498
-524
-645
-344
43
416
483
954
1468
1193
620
808
982
371
-113
-620
-710
-317
-852
-1263
-1039
-861
-607
-436
-294
21
161
-75
-139
-253
-745
-1214
-1595
-1542
-1327
-1489
-1610
-1413
-1114
-822
-872
-1088
-967
-780
-663
-672
-879
-1055
-1088
-1344
-1531
-1475
-1910
-2143
-1737
-1592
-1329
-1381
-1890
-1455
-978
-1218
-1267
-1451
-1109
-364
-706
-859
-416
-333
-232
-393
-775
-613
-525
-1065
-1617
-1678
-1584
-1576
-1492
-1137
-16
1194
1857
1892
984
756
1437
1333
815
526
882
2032
2523
2480
2366
2244
2458
2217
1873
1912
2034
1960
1726
1984
2243
2188
2005
1723
1797
1889
1518
1205
1489
1604
1281
666
196
374
505
112
-119
108
464
806
712
704
802
777
579
422
500
297
36
-359
-624
-584
-891
-1169
-1079
-952
-666
-415
-191
87
78
-22
-222
-558
-855
-1278
-1554
-1442
-1212
-1181
-1163
-1088
-793
-717
-1082
-1364
-1488
-1358
-1097
-1095
-1058
-844
-824
-837
-963
-1226
-1533
-1909
-2258
-2268
-1931
-1555
-1426
-1146
-991
-789
-421
-881
-1089
-835
-757
-471
-329
-500
-235
-129
-380
-474
-852
-1007
-1113
-1445
-1790
-1727
-1345
-803
211
1047
1443
1132
573
901
1429
1175
709
850
1705
2556
2656
2343
2155
2381
2365
1882
1624
1757
1935
1860
1795
1908
2008
1999
1932
1895
1706
1175
1340
1943
1854
1456
739
433
779
390
-249
-308
-165
340
641
567
780
1007
829
540
587
350
-75
-254
-543
-295
-170
-689
-774
-559
-519
-543
-620
-510
-228
-132
-167
-157
-124
-388
-596
-811
-866
-766
-1247
-1587
-1451
-1483
-1514
-1547
-1642
-1212
-955
-967
-838
-871
-841
-941
-1301
-1379
-1375
-1729
-1964
-2011
-1957
-1658
-1434
-1566
-1495
-810
-863
-951
-932
-1087
-1084
-731
-718
-723
-122
106
375
333
-150
-276
-443
-990
-1037
-1305
-1561
-991
-379
247
1049
1319
871
229
178
251
551
476
403
1378
2339
2824
2920
2490
2344
2331
1893
1512
1486
1570
1520
1534
1708
1829
1971
1859
1621
1837
1397
879
1585
1802
1517
1296
703
727
872
177
-227
-151
107
463
444
396
605
833
521
366
485
121
45
-90
-409
-153
-369
-794
-692
-662
-761
-663
-562
-395
-188
-207
-308
-280
-462
-720
-781
-882
-837
-870
-1129
-1280
-1467
-1486
-1605
-1549
-1568
-1646
-1289
-1257
-1256
-746
-791
-773
-503
-1013
-1205
-1230
-1670
-1831
-2073
-1983
-1580
-1401
-1225
-1121
-852
-718
-888
-840
-700
-391
-163
-188
205
437
193
73
-236
-484
-208
-259
-685
-1056
-1111
-944
-463
-30
272
724
1175
875
485
577
636
735
684
759
1626
2278
2419
2423
2176
2336
2250
1820
1688
1814
1929
1774
1776
1819
1827
1830
1361
620
1094
1944
1746
1487
1165
1000
1210
743
-121
-171
-176
135
411
467
780
1051
770
344
410
241
-2
-45
-428
-310
-128
-492
-613
-577
-680
-793
-786
-736
-499
-226
-158
-88
-42
-150
-327
-512
-771
-1098
-1420
-1437
-1723
-1807
-1640
-1532
-1203
-1394
-1234
-1097
-1209
-965
-1199
-1547
-1289
-1255
-1261
-1236
-1449
-1507
-1639
-1527
-1184
-962
-792
-1073
-885
-651
-787
-860
-1290
-1139
-642
-473
-171
-127
-243
84
1
-216
-145
-104
191
391
247
7
178
328
314
621
648
641
823
291
-312
-213
-63
151
278
549
1508
2374
2493
2534
2563
2413
2476
2180
1553
1452
1535
1339
1306
1311
1165
1180
1036
853
1381
1732
1415
1397
1237
993
911
318
-90
103
52
82
219
337
649
675
416
338
509
416
302
337
135
132
-89
-642
-736
-810
-1154
-1294
-1249
-995
-558
-307
-265
-179
-41
-131
-214
-439
-700
-706
-969
-1101
-1016
-1424
-1576
-1358
-1566
-1379
-1359
-1739
-1427
-1266
-1312
-1047
-1049
-1016
-768
-804
-894
-944
-1202
-1324
-1065
-1153
-1515
-1430
-1537
-1362
-991
-1256
-1094
-722
-606
-156
19
56
260
337
388
508
578
350
373
463
363
315
32
-224
153
392
315
395
431
671
573
135
9
230
331
454
850
1365
1990
2184
2161
2240
2405
2143
1749
1538
1398
1494
1450
1180
1044
1055
1135
1452
1474
1278
1145
806
646
579
163
-74
66
239
456
569
504
571
680
669
711
691
517
547
496
241
70
-335
-798
-882
-1015
-1074
-1089
-1117
-965
-449
-160
-176
-30
-71
-58
97
-217
-405
-589
-1076
-1136
-1338
-1572
-1656
-1913
-1844
-1558
-1529
-1368
-1352
-1191
-840
-683
-658
-795
-831
-924
-1193
-1325
-1576
-1716
-1692
-1574
-1250
-1204
-1049
-621
-565
-468
-1310
-2360
-1687
-910
-238
467
695
1774
2848
2324
1747
964
268
80
-389
-539
-100
319
416
654
942
813
849
446
87
447
165
-443
-642
-652
-228
82
166
641
1313
1808
1990
2072
2145
2159
1979
1899
1966
2033
1857
1371
1217
1102
747
380
-102
-267
-61
29
234
728
946
1314
1641
1680
1791
1480
789
489
299
10
-355
-724
-510
-199
-202
-356
-456
-423
-446
-608
-909
-943
-734
-703
-430
-242
-140
-21
-282
-432
-477
-907
-1201
-1282
-1357
-1335
-1417
-1568
-1330
-904
-1041
-1084
-969
-1174
-1017
-1014
-1192
-931
-1039
-1255
-1037
-908
-1014
-902
-977
-899
-639
-912
-1232
-1038
-946
-808
-565
-725
-407
120
100
119
68
-256
-125
-130
-243
106
273
289
577
722
689
601
382
360
580
579
535
746
732
649
590
271
219
312
273
478
853
1263
1566
1729
1822
1880
1896
1709
1630
1489
1347
1278
1132
998
917
781
619
616
582
521
535
563
635
800
857
819
848
796
661
548
440
353
283
92
6
32
-79
-205
-207
-275
-182
-155
-360
-434
-507
-693
-796
-862
-907
-786
-627
-600
-535
-515
-509
-474
-653
-759
-735
-775
-1108
-1330
-1465
-1726
-1774
-1819
-1919
-1516
-1211
-1049
-691
-547
-447
-536
-940
-1046
-964
-1125
-1223
-1298
-1408
-1238
-927
-938
-996
-825
-709
-230
102
26
249
393
402
467
269
225
527
372
220
396
327
286
177
-75
152
434
526
707
924
998
889
560
141
71
62
-98
77
491
1008
1600
1820
1944
2144
1997
1737
1516
1193
961
710
541
625
807
957
900
1007
1118
1273
1336
1094
978
890
809
770
605
400
456
455
423
358
212
232
227
191
19
-47
-128
-158
-132
-189
-240
-356
-488
-560
-708
-883
-1026
-953
-750
-600
-401
-446
-450
-331
-565
-859
-904
-1149
-1291
-1284
-1461
-1405
-1384
-1605
-1395
-1237
-1405
-1420
-1546
-1341
-812
-931
-1092
-871
-800
-658
-678
-1115
-1017
-789
-840
-729
-598
-419
-268
-211
-208
-82
64
-127
-165
118
211
300
207
104
376
430
294
210
293
485
576
593
457
533
622
357
286
273
126
145
38
213
610
755
907
1111
1401
1558
1567
1418
1280
1289
1122
941
875
961
995
1023
1094
1154
1368
1449
1452
1572
1683
1635
1514
1265
1056
827
449
78
-41
-45
-127
-132
-105
58
233
206
138
196
179
88
-72
-287
-384
-621
-976
-1126
-1195
-1336
-1392
-1466
-1388
-951
-846
-951
-766
-684
-654
-587
-896
-968
-951
-1319
-1369
-1308
-1475
-1463
-1653
-1719
-1450
-1426
-1534
-1362
-1048
-826
-545
-428
-277
137
2
-323
-248
-409
-553
-590
-735
-474
-173
-180
-34
318
434
257
94
-62
212
454
267
302
587
729
858
800
523
570
525
194
133
122
-129
-82
68
218
603
784
942
1331
1542
1511
1485
1332
1120
1125
895
690
786
701
650
791
686
730
850
798
938
1093
1111
1197
1404
1423
1410
1241
953
821
606
264
30
-113
-205
-95
-3
22
120
119
54
-32
-73
-156
-446
-715
-770
-807
-839
-788
-894
-957
-939
-1091
-1212
-1092
-1034
-992
-827
-723
-435
-373
-585
-617
-685
-1020
-1345
-1638
-1716
-1507
-1582
-1776
-1587
-1196
-866
-620
-581
-471
-207
-266
-507
-576
-581
-560
-508
-613
-552
-274
-225
-94
38
10
117
190
150
247
377
176
126
219
206
438
473
250
344
350
268
337
208
115
268
299
365
603
727
857
1066
1097
1082
1133
1027
930
977
964
1090
1131
1056
998
925
849
811
746
600
689
782
882
1048
1095
1144
1128
1005
797
651
556
479
460
449
480
519
596
509
372
246
101
-40
-198
-343
-291
-346
-536
-578
-673
-701
-667
-814
-891
-857
-966
-989
-993
-1083
-975
-853
-807
-608
-652
-904
-880
-987
-1245
-1310
-1585
-1617
-1243
-1241
-1084
-838
-905
-585
-352
-565
-516
-532
-671
-568
-678
-830
-652
-722
-752
-531
-442
-203
114
183
210
339
325
266
175
38
85
203
269
377
481
459
381
338
133
-9
-37
-128
-43
152
248
388
561
702
926
1047
941
916
908
761
765
718
499
588
683
730
953
910
882
1073
1115
1104
1080
898
869
972
900
793
708
577
568
599
488
424
339
325
416
440
468
508
515
520
554
507
346
115
-179
-379
-529
-651
-779
-791
-705
-669
-678
-736
-709
-633
-619
-741
-827
-819
-719
-716
-736
-775
-812
-702
-833
-1086
-1267
-1457
-1443
-1370
-1313
-1086
-702
-374
-223
-192
-236
-302
-450
-747
-871
-782
-702
-664
-610
-509
-332
-264
-355
-288
-242
-124
-58
-102
-11
140
189
258
358
363
474
562
633
660
596
467
317
222
171
162
203
302
364
433
525
607
586
565
622
660
744
678
574
594
551
494
470
410
487
662
709
801
965
1021
1085
1038
936
872
686
502
421
368
254
227
242
302
429
480
349
373
453
341
262
141
89
205
176
62
50
-59
-99
-245
-505
-562
-603
-635
-659
-646
-614
-568
-590
-681
-778
-854
-905
-846
-812
-828
-820
-728
-724
-868
-991
-1018
-862
-768
-796
-846
-743
-565
-626
-818
-797
-674
-475
-322
-480
-414
-225
-194
-180
-201
-250
-144
-137
-216
-118
-153
-177
-77
-54
109
288
214
304
436
389
365
347
220
280
332
229
361
478
485
620
576
512
528
441
363
402
358
368
474
565
721
807
743
690
676
555
451
341
291
384
437
519
748
972
1058
1019
911
814
691
436
225
156
133
166
151
147
227
231
220
229
154
77
71
-45
-14
-4
-97
-141
-62
-11
-50
-89
-241
-317
-354
-450
-554
-586
-619
-759
-751
-674
-756
-786
-796
-847
-730
-650
-778
-676
-653
-670
-574
-725
-720
-575
-651
-674
-653
-805
-811
-733
-861
-792
-589
-559
-370
-76
-97
94
186
1
0
-94
-214
-161
-169
-266
-130
-44
61
198
114
81
205
246
197
271
383
481
612
598
462
509
486
402
468
415
419
528
468
400
457
332
360
546
502
590
692
570
564
497
318
280
230
199
365
465
523
582
565
523
559
573
415
418
440
464
481
399
269
269
258
207
127
23
-34
-64
-45
-63
-6
-29
-38
88
128
45
-22
-109
-208
-205
-315
-436
-428
-412
-405
-487
-543
-517
-585
-656
-727
-829
-773
-741
-773
-701
-666
-526
-446
-550
-523
-402
-421
-433
-504
-540
-469
-434
-404
-397
-419
-445
-385
-330
-334
-302
-310
-246
-30
34
-7
84
168
280
289
50
-132
-130
-145
-168
-203
-210
-3
243
353
443
463
480
528
470
355
270
154
98
203
317
336
457
558
649
815
720
607
631
590
573
566
429
389
368
178
72
-56
-164
14
142
265
479
566
636
684
518
406
301
77
-14
-39
-34
56
150
112
154
213
171
194
141
7
-52
-63
-203
-237
-401
-529
-393
-296
-263
-157
-172
-124
-7
-55
-94
-132
-244
-278
-340
-472
-568
-641
-618
-535
-527
-606
-593
-461
-389
-338
-397
-418
-308
-253
-204
-216
-236
-230
-280
-359
-379
-396
-360
-361
-372
-240
-121
-35
52
60
87
99
54
45
-4
-43
-10
10
-71
-93
-48
-1
144
159
132
204
297
324
388
410
328
257
200
228
280
232
178
281
487
618
612
520
536
623
584
421
300
279
356
391
263
176
166
176
219
233
167
188
174
145
138
95
-38
-24
68
72
87
47
87
190
237
116
1
-18
-42
-58
-176
-216
-244
-297
-321
-298
-289
-254
-232
-226
-143
-72
-56
-10
57
53
-83
-239
-342
-394
-476
-593
-623
-538
-457
-408
-310
-238
-143
-175
-271
-271
-253
-270
-265
-276
-326
-221
-178
-194
-76
-96
-116
-103
-146
-105
-68
-90
-51
6
16
111
117
60
82
29
-61
-15
-31
-2
136
124
150
221
192
246
273
203
140
6
16
85
67
77
97
145
302
384
424
496
517
553
560
458
326
203
93
107
154
192
206
263
341
308
158
-3
21
126
229
214
155
208
188
68
-57
-174
-259
-207
-148
-22
154
209
187
217
192
104
-58
-182
-225
-271
-284
-331
-292
-192
-90
-61
-36
-17
-25
-76
-116
-81
-77
-32
-18
-34
39
25
-106
-254
-321
-275
-295
-376
-412
-400
-343
-350
-366
-424
-393
-344
-341
-324
-309
-230
-90
-24
29
72
30
23
-29
-163
-185
-246
-358
-370
-287
-181
-14
162
252
390
481
424
325
151
-4
-51
-126
-206
-220
-192
-37
145
198
260
311
302
326
287
136
68
111
98
135
188
232
417
505
470
506
438
375
390
251
124
94
0
-84
-30
-58
-16
45
28
135
248
282
241
170
89
4
-75
-191
-221
-135
-136
-19
79
118
163
145
155
155
98
-36
-141
-187
-187
-231
-287
-315
-277
-209
-103
-12
21
128
193
212
181
49
-63
-104
-156
-210
-229
-234
-199
-113
-67
-77
-117
-183
-200
-212
-272
-299
-332
-350
-235
-177
-166
-88
-26
18
70
-35
-143
-149
-159
-206
-224
-269
-247
-186
-199
-141
-19
50
136
192
178
247
245
78
-33
-58
-52
-64
-190
-165
14
87
57
28
4
91
178
110
103
147
163
201
216
145
135
113
86
142
203
271
296
310
346
344
277
224
121
13
-14
7
48
111
194
220
239
217
135
88
21
-71
-79
-95
-68
-22
-6
21
26
55
-15
-31
75
152
160
98
-10
-49
-52
-148
-271
-292
-159
-27
37
70
85
120
145
78
-89
-139
-128
-88
-8
-2
-13
-8
4
-69
-171
-270
-351
-322
-281
-317
-271
-148
-68
-34
-79
-143
-127
-70
-110
-238
-267
-274
-294
-292
-321
-273
-176
-137
-118
-95
-4
93
119
81
78
67
83
72
3
1
49
79
59
56
42
46
58
-17
-15
-27
26
82
102
151
122
86
132
196
190
147
129
187
211
195
129
35
30
8
-49
-72
-58
-49
-7
85
153
258
354
377
374
360
251
192
143
20
-71
-139
-110
-5
51
130
173
195
279
250
142
163
182
139
87
-3
-20
38
56
26
-8
-50
-49
-65
-108
-132
-150
-111
-67
-4
-12
-56
-92
-140
-183
-291
-359
-296
-254
-192
-123
-138
-182
-192
-260
-281
-269
-294
-195
-42
3
28
66
-40
-81
-143
-301
-340
-331
-337
-226
-144
-117
-22
6
46
132
64
16
36
8
6
-34
-94
-71
3
0
-7
4
37
114
98
45
59
47
-23
-41
-58
-38
-9
63
155
238
263
234
203
170
99
31
-12
7
84
131
132
131
167
118
68
23
13
78
154
233
304
343
417
394
256
176
91
-40
-122
-162
-129
13
180
214
253
323
346
290
154
83
107
91
-25
-53
-90
-62
23
-15
-21
109
200
145
82
10
-94
-144
-249
-351
-306
-225
-201
-144
-78
-40
-12
-51
-174
-263
-284
-264
-282
-255
-155
-109
-55
-59
-127
-208
-265
-320
-315
-316
-264
-158
-69
-77
-77
-74
-94
-131
-167
-220
-271
-201
-130
-71
-1
29
45
106
111
63
77
96
75
34
-76
-141
-77
-37
-49
-65
-93
16
142
150
97
124
177
171
168
122
47
129
178
115
80
64
36
88
69
49
129
147
210
249
213
227
281
201
132
129
116
194
262
202
195
228
200
169
121
114
124
91
41
-11
-14
67
143
174
236
267
276
291
248
116
40
-3
-82
-118
-145
-154
-144
-146
-203
-197
-152
-139
-127
-136
-121
-56
-11
-85
-140
-197
-268
-319
-355
-402
-383
-326
-273
-228
-249
-228
-176
-191
-236
-222
-237
-189
-137
-178
-188
-155
-148
-167
-153
-170
-145
-64
-10
19
88
92
44
33
17
43
45
83
36
45
47
-12
-94
-130
-132
-131
-78
-27
37
105
130
114
125
101
46
38
104
167
272
300
259
320
321
198
150
139
110
199
240
165
208
263
251
280
270
209
265
310
254
207
209
160
132
111
39
22
61
35
-8
69
128
158
161
134
92
102
74
-18
-70
-74
-85
-106
-133
-172
-183
-167
-163
-163
-124
-86
-64
-44
-39
-49
-66
-117
-146
-179
-215
-228
-251
-228
-176
-154
-180
-162
-119
-130
-157
-208
-246
-243
-273
-322
-306
-248
-239
-196
-203
-216
-181
-218
-260
-257
-282
-315
-305
-220
-168
-92
5
46
119
145
115
99
158
173
106
57
14
49
57
33
10
40
76
100
103
116
178
215
244
236
231
287
304
301
289
248
258
303
297
259
280
227
212
267
254
265
268
250
257
262
196
124
97
74
42
5
68
130
188
188
167
152
112
59
-1
-9
23
36
31
40
56
81
63
17
-12
-52
-77
-114
-157
-215
-243
-218
-201
-164
-154
-140
-135
-119
-123
-138
-148
-150
-150
-233
-263
-278
-335
-318
-313
-297
-245
-221
-223
-207
-203
-277
-308
-351
-393
-356
-324
-312
-307
-312
-306
-226
-195
-162
-150
-103
-13
-16
-88
-117
-62
-26
-25
-62
-33
22
92
88
59
99
163
199
209
198
224
272
267
217
205
224
223
193
122
157
219
239
236
217
256
312
338
284
262
312
329
332
269
220
254
291
259
187
164
199
234
197
144
109
133
180
180
165
144
151
170
147
100
130
105
59
53
5
-26
2
-21
-69
-30
-12
-60
-70
-86
-123
-124
-156
-223
-244
-215
-221
-231
-217
-258
-245
-211
-240
-239
-231
-207
-175
-148
-159
-199
-203
-218
-274
-297
-310
-285
-262
-251
-275
-319
-339
-344
-325
-309
-292
-252
-199
-163
-144
-178
-159
-121
-143
-187
-172
-140
-110
-95
-131
-147
-94
-36
-7
3
55
163
217
209
207
204
189
180
146
137
175
246
301
274
282
290
269
295
290
279
321
332
327
363
383
391
379
346
331
276
241
208
191
200
234
251
248
267
289
301
236
164
134
110
61
29
8
-4
38
62
65
65
39
13
-14
-54
-90
-108
-114
-102
-76
-49
-51
-51
-81
-79
-89
-139
-200
-205
-220
-262
-292
-342
-358
-321
-289
-281
-255
-207
-170
-156
-165
-193
-234
-263
-284
-304
-347
-365
-367
-367
-350
-350
-333
-317
-278
-243
-192
-132
-114
-106
-91
-94
-110
-141
-207
-178
-158
-130
-104
-57
-17
50
111
79
108
120
123
162
191
182
237
282
272
235
204
214
215
178
157
173
224
261
237
260
286
302
273
232
232
262
292
273
265
310
340
333
341
283
266
276
255
254
261
256
246
265
239
201
196
178
150
112
77
47
19
3
-8
-19
-24
-35
-23
-35
-57
-45
-67
-88
-106
-110
-128
-180
-224
-269
-241
-220
-218
-240
-209
-200
-206
-265
-359
-377
-356
-350
-384
-354
-317
-288
-245
-209
-232
-255
-270
-278
-297
-339
-339
-306
-277
-256
-254
-247
-228
-208
-202
-178
-136
-128
-134
-127
-128
-98
-97
-131
-88
-39
-18
24
56
41
85
109
78
98
111
156
189
217
227
273
318
319
347
334
316
296
271
276
287
274
275
277
331
349
348
330
327
341
342
318
284
290
306
303
277
281
268
262
282
264
278
271
223
179
157
121
85
94
45
50
65
3
-25
-27
-84
-97
-59
-96
-143
-123
-146
-174
-163
-207
-219
-217
-192
-209
-219
-239
-261
-263
-294
-310
-341
-336
-302
-251
-258
-259
-266
-290
-296
-293
-342
-368
-309
-315
-287
-241
-207
-190
-177
-187
-202
-213
-234
-252
-247
-233
-221
-207
-225
-194
-167
-139
-110
-101
-55
-22
-19
-20
-29
-28
-32
-3
35
37
52
78
111
131
162
173
205
245
263
288
305
329
342
336
316
309
342
362
331
323
346
361
366
351
311
289
266
257
243
228
247
253
264
294
331
339
346
310
259
211
172
128
74
55
56
54
29
48
42
34
7
-13
-27
-51
-52
-63
-69
-109
-138
-161
-155
-157
-200
-236
-252
-252
-251
-228
-215
-194
-205
-205
-235
-253
-274
-278
-278
-283
-282
-294
-305
-338
-338
-327
-303
-292
-290
-261
-210
-175
-188
-191
-170
-149
-144
-153
-147
-171
-177
-182
-198
-199
-161
-117
-101
-49
12
43
94
110
88
77
55
55
46
41
21
9
46
83
99
164
187
197
246
221
248
281
281
275
261
260
266
255
245
239
271
315
324
337
311
308
287
202
129
103
111
153
159
200
238
253
280
238
233
195
158
105
77
71
61
40
14
21
5
4
-2
-11
-4
4
-48
-69
-100
-139
-155
-147
-135
-119
-120
-135
-115
-124
-157
-184
-207
-219
-200
-194
-210
-177
-180
-203
-191
-220
-238
-236
-273
-310
-329
-339
-320
-280
-255
-252
-263
-267
-271
-267
-267
-237
-207
-174
-160
-151
-151
-119
-89
-102
-104
-99
-78
-70
-46
-18
-11
28
73
102
133
149
134
113
109
73
69
106
131
126
173
214
225
251
231
225
249
258
251
247
299
339
357
358
349
371
359
341
300
272
228
183
188
168
145
147
170
196
225
237
247
244
223
187
161
126
85
67
30
11
11
15
-20
-11
-2
-7
-34
-64
-80
-92
-112
-134
-143
-178
-165
-180
-194
-194
-233
-246
-258
-255
-263
-289
-266
-234
-223
-235
-245
-251
-235
-218
-242
-225
-224
-239
-265
-282
-253
-237
-230
-233
-204
-150
-152
-185
-186
-178
-155
-184
-194
-168
-150
-137
-117
-92
-82
-58
-41
-38
-12
-6
-9
13
15
44
39
44
63
67
118
123
133
152
144
134
146
127
107
124
145
166
196
208
201
221
228
248
271
259
298
320
290
293
295
283
290
291
250
243
247
232
237
266
250
222
233
222
207
190
162
132
130
125
115
133
118
91
56
7
9
-11
-56
-59
-78
-87
-87
-82
-116
-123
-115
-139
-170
-196
-191
-161
-155
-197
-200
-184
-176
-185
-206
-228
-244
-242
-259
-273
-274
-286
-320
-310
-293
-277
-277
-254
-256
-227
-205
-221
-215
-188
-167
-165
-144
-150
-123
-109
-98
-132
-152
-158
-141
-118
-89
-49
0
25
34
42
33
39
26
14
23
63
87
109
133
143
163
162
141
121
127
163
187
192
174
212
217
218
230
195
177
205
212
226
250
231
230
233
214
201
191
169
167
165
160
157
148
159
152
151
138
139
135
132
136
122
110
66
46
34
27
26
28
18
53
80
41
22
6
-37
-54
-82
-105
-99
-96
-128
-171
-168
-190
-211
-229
-213
-150
-110
-133
-172
-162
-174
-216
-252
-264
-246
-214
-192
-192
-175
-139
-134
-160
-188
-188
-184
-173
-167
-162
-140
-132
-115
-106
-106
-123
-90
-82
-89
-70
-66
-61
-55
-65
-101
-61
-28
0
2
-1
43
61
46
5
6
3
14
36
19
51
91
113
116
114
119
114
131
125
129
162
196
202
200
175
208
212
208
218
219
264
271
243
221
224
207
206
199
168
181
194
178
169
163
168
159
157
126
108
98
70
33
19
7
-7
3
-7
-14
-2
1
-31
-61
-50
-81
-98
-93
-105
-108
-107
-108
-133
-131
-114
-114
-104
-114
-126
-115
-146
-192
-217
-242
-224
-190
-185
-189
-183
-156
-158
-181
-174
-184
-187
-192
-204
-173
-146
-129
-126
-126
-122
-118
-131
-147
-127
-123
-118
-116
-101
-79
-75
-55
-53
-51
-58
-54
-42
-29
-55
-39
-4
23
59
43
32
45
64
76
86
112
143
146
134
115
132
143
134
149
173
186
184
197
208
205
227
208
197
216
241
242
257
247
250
261
240
214
191
167
139
138
125
121
121
116
132
129
107
75
57
48
39
34
18
-16
-23
-30
-32
-26
-34
-15
-30
-27
-31
-41
-73
-96
-83
-78
-102
-113
-103
-77
-46
-57
-87
-105
-116
-134
-192
-222
-236
-252
-251
-232
-220
-178
-161
-190
-166
-150
-161
-175
-183
-195
-207
-227
-230
-223
-174
-145
-141
-112
-90
-63
-48
-30
-48
-73
-87
-98
-89
-70
-60
-60
-38
-8
1
17
34
35
40
19
28
42
47
52
67
89
98
120
140
161
155
114
103
89
80
82
96
100
119
158
173
177
149
157
175
176
187
168
170
190
195
171
167
186
180
158
134
141
132
129
104
92
101
94
76
46
31
54
62
40
23
24
34
31
15
-6
8
0
0
-24
-36
-27
-33
-50
-65
-65
-68
-65
-61
-75
-79
-77
-91
-107
-99
-123
-129
-129
-144
-141
-143
-144
-131
-128
-143
-118
-112
-122
-124
-123
-120
-126
-119
-151
-188
-161
-149
-152
-148
-141
-126
-114
-80
-93
-90
-85
-66
-81
-103
-79
-64
-58
-60
-33
-22
21
38
30
60
81
70
41
45
71
89
90
88
73
101
132
126
94
96
117
116
102
77
73
98
122
101
78
95
116
97
100
97
112
131
127
117
113
119
119
107
86
105
87
59
51
53
108
121
106
111
100
80
84
53
17
-1
17
11
2
-1
3
21
26
41
5
14
9
-12
-45
-101
-118
-120
-107
-99
-79
-54
-48
-55
-69
-69
-72
-110
-148
-127
-120
-101
-109
-132
-137
-97
-94
-101
-84
-71
-52
-64
-70
-84
-86
-118
-131
-113
-113
-114
-106
-68
-61
-74
-91
-105
-85
-80
-76
-58
-44
-32
-42
-46
-39
-26
-36
-21
-14
-16
12
31
30
65
99
86
77
70
87
104
99
73
63
65
60
46
66
106
121
141
154
139
122
94
78
75
87
100
100
134
153
149
159
140
112
98
89
82
76
71
60
82
84
101
84
83
106
101
87
45
26
16
-11
-29
-46
-35
-14
-10
-3
-9
-11
3
-40
-59
-56
-71
-91
-103
-119
-123
-114
-147
-147
-134
-120
-107
-106
-120
-108
-88
-117
-135
-141
-143
-150
-155
-170
-134
-103
-99
-91
-70
-66
-66
-79
-84
-80
-102
-95
-88
-84
-81
-48
-19
-16
-20
-14
-17
-32
-18
-22
-28
-8
30
30
31
44
30
40
34
47
53
69
85
85
100
100
105
104
96
83
70
76
65
68
68
68
79
88
84
93
137
138
118
117
132
133
143
119
107
125
135
117
102
98
106
93
88
67
55
77
57
54
48
53
52
49
37
62
48
22
26
17
-6
-2
-12
-45
-31
-30
-8
-22
-29
-28
-49
-60
-70
-69
-74
-90
-80
-109
-125
-117
-122
-107
-104
-108
-129
-155
-176
-190
-168
-171
-182
-144
-124
-120
-124
-119
-108
-113
-113
-113
-108
-101
-87
-87
-92
-72
-84
-79
-51
-25
-18
-12
-15
-3
4
2
-20
-37
-21
-21
5
-10
-4
-6
-2
34
29
50
74
79
79
84
99
116
116
109
115
111
115
92
95
92
103
110
100
78
83
106
92
89
90
93
105
120
108
97
109
98
71
75
85
96
107
143
154
132
132
111
102
79
72
56
43
52
41
33
28
14
-7
-9
-26
-22
