15
15
12
8
18
16
14
10
12
8
1
20
21
19
29
10
16
19
5
2
-2
-4
2
16
30
24
6
-2
0
2
-15
-9
-19
2
8
-3
-6
-9
5
-11
3
-11
-17
-7
-3
-7
-13
0
-16
-12
6
-15
-4
-2
-14
-8
-2
-13
-21
-18
-19
-15
-32
-15
-10
-6
-14
-11
-6
-1
-2
1
-1
-6
-20
-18
-4
-5
2
2
8
12
19
13
7
7
8
5
11
15
22
19
23
20
20
13
15
8
3
3
-16
2
-11
-14
2
11
16
9
10
6
3
-13
-19
-8
-22
-16
-8
-13
3
-7
-15
2
1
8
0
-3
-3
-14
-6
-5
-8
-4
0
-8
-11
-15
-9
-8
-15
-11
3
5
8
13
10
16
23
12
7
5
2
0
2
4
15
15
-6
-8
3
-7
-11
-2
-16
-2
-10
-7
2
-6
2
-6
-4
-8
-5
-3
-10
7
13
16
7
9
10
18
22
14
12
14
26
9
10
8
-2
7
19
5
-5
-1
-3
-8
-16
-17
-11
-10
-3
-7
-1
12
8
12
5
-5
-6
1
11
14
18
21
6
5
12
18
14
13
10
-3
-1
-2
-10
1
7
7
-1
-1
-8
-19
-14
-27
-25
-26
-20
-13
-9
-10
-13
-7
-1
-8
-4
-18
-24
-17
-24
-24
-20
-14
-22
-13
-20
-10
-40
-107
-157
-178
-211
-229
-116
-127
-178
-68
-88
-69
86
32
35
85
106
213
380
357
252
312
289
384
492
379
363
372
319
391
377
268
239
123
30
87
76
-91
-175
-291
-438
-342
-411
-540
-566
-640
-650
-576
-553
-597
-593
-567
-527
-444
-357
-309
-254
-253
-163
-28
27
84
90
122
236
308
300
318
364
323
391
435
384
396
373
362
379
368
349
310
263
209
195
203
144
107
45
57
98
72
92
131
139
201
266
253
236
266
257
243
255
236
217
185
137
115
101
51
-26
-134
-191
-223
-285
-355
-376
-462
-525
-531
-590
-623
-636
-691
-784
-762
-779
-790
-760
-754
-741
-654
-555
-500
-418
-344
-264
-164
-48
54
173
293
358
415
467
554
600
574
575
555
548
563
529
452
416
378
343
301
274
230
194
190
171
182
169
145
90
76
68
110
135
167
209
245
343
427
489
560
626
657
689
728
771
752
748
709
650
564
493
375
258
159
23
-125
-283
-411
-542
-670
-830
-1010
-1146
-1298
-1464
-1592
-1726
-1853
-1918
-1980
-2020
-1987
-1963
-1950
-1843
-1682
-1500
-1253
-1042
-781
-496
-194
130
427
673
908
1156
1343
1527
1710
1833
1870
1914
1942
1980
2028
1967
1887
1798
1695
1634
1559
1406
1233
1036
859
714
547
360
155
-59
-224
-358
-464
-540
-604
-654
-676
-602
-540
-485
-386
-315
-200
-56
69
150
202
244
264
306
320
266
206
73
-18
-80
-213
-314
-481
-692
-810
-955
-1142
-1341
-1598
-1837
-2034
-2227
-2402
-2535
-2669
-2778
-2787
-2747
-2640
-2462
-2279
-2010
-1737
-1374
-932
-489
-65
299
695
1048
1393
1720
1982
2211
2442
2593
2737
2860
2925
2948
2920
2893
2854
2789
2694
2552
2356
2179
2016
1789
1570
1347
1072
778
507
245
-34
-224
-420
-568
-657
-738
-758
-756
-694
-616
-527
-393
-285
-177
-73
-25
12
16
-10
-113
-206
-306
-464
-602
-739
-892
-1082
-1169
-1284
-1476
-1597
-1758
-1955
-2088
-2240
-2439
-2634
-2818
-2988
-3091
-3155
-3197
-3140
-3082
-2935
-2676
-2373
-2003
-1605
-1182
-677
-118
362
858
1307
1673
2050
2452
2736
2951
3160
3249
3332
3437
3471
3476
3481
3399
3346
3291
3198
3064
2865
2629
2403
2147
1874
1576
1229
849
463
88
-233
-493
-748
-949
-1115
-1212
-1259
-1249
-1169
-1045
-892
-695
-510
-309
-175
-63
-22
-38
-77
-200
-288
-381
-565
-744
-880
-1052
-1223
-1376
-1513
-1661
-1716
-1879
-2030
-2091
-2279
-2471
-2677
-2909
-3104
-3244
-3358
-3458
-3498
-3498
-3362
-3162
-2940
-2536
-2117
-1705
-1119
-521
28
670
1213
1657
2110
2553
2890
3226
3523
3635
3760
3843
3896
3944
3940
3916
3885
3778
3669
3632
3538
3353
3145
2842
2561
2276
1901
1493
1037
564
159
-242
-639
-975
-1287
-1522
-1658
-1732
-1763
-1692
-1581
-1423
-1222
-1015
-864
-736
-634
-551
-465
-451
-484
-544
-684
-826
-939
-1048
-1184
-1255
-1427
-1449
-1436
-1558
-1556
-1613
-1724
-1776
-1853
-2079
-2245
-2459
-2727
-2954
-3156
-3369
-3472
-3517
-3556
-3402
-3192
-2882
-2435
-1993
-1501
-864
-249
320
927
1431
1872
2388
2767
3119
3439
3620
3761
3903
3955
4037
4137
4137
4125
4122
4107
4068
4010
3853
3705
3527
3259
3015
2624
2178
1712
1214
722
256
-165
-604
-963
-1301
-1583
-1725
-1799
-1848
-1803
-1747
-1649
-1497
-1364
-1239
-1140
-1135
-1075
-1030
-1085
-1112
-1159
-1275
-1375
-1426
-1480
-1557
-1648
-1659
-1672
-1677
-1622
-1591
-1626
-1611
-1622
-1700
-1780
-1901
-2144
-2421
-2619
-2858
-3062
-3211
-3295
-3281
-3209
-3095
-2844
-2457
-2072
-1625
-1131
-615
-48
500
1013
1495
1889
2232
2648
2977
3234
3480
3622
3705
3819
3891
3974
4035
4094
4080
4055
4069
4030
3968
3814
3579
3376
3122
2802
2451
1970
1527
1092
610
160
-201
-597
-947
-1203
-1404
-1514
-1559
-1610
-1614
-1528
-1437
-1313
-1249
-1221
-1210
-1252
-1242
-1258
-1338
-1438
-1537
-1623
-1743
-1835
-1901
-2001
-2019
-2023
-2094
-2071
-1995
-2006
-2015
-1984
-1943
-1936
-1945
-2014
-2136
-2298
-2430
-2502
-2654
-2814
-2839
-2887
-2869
-2681
-2504
-2201
-1810
-1438
-963
-438
89
589
1093
1529
1946
2330
2648
2932
3139
3295
3448
3569
3657
3752
3824
3857
3897
3959
3948
4006
3997
3915
3857
3736
3561
3360
3102
2774
2415
2000
1518
1079
636
168
-237
-625
-999
-1223
-1429
-1517
-1503
-1543
-1486
-1459
-1448
-1417
-1369
-1405
-1412
-1418
-1522
-1642
-1775
-1922
-2067
-2204
-2348
-2403
-2437
-2474
-2428
-2370
-2370
-2296
-2181
-2175
-2074
-2003
-1973
-1915
-1933
-2018
-2061
-2218
-2426
-2493
-2644
-2760
-2764
-2809
-2745
-2499
-2228
-1949
-1537
-1095
-628
-107
394
926
1409
1767
2130
2443
2689
2922
3123
3241
3335
3466
3563
3692
3830
3914
4006
4159
4227
4324
4412
4359
4290
4214
4004
3786
3506
3125
2721
2262
1767
1293
819
333
-86
-477
-832
-1077
-1277
-1428
-1567
-1696
-1763
-1837
-1930
-1973
-1979
-2122
-2205
-2289
-2467
-2563
-2695
-2787
-2845
-2916
-2890
-2854
-2839
-2765
-2588
-2463
-2301
-2134
-2179
-2051
-1694
-1657
-1695
-1574
-1586
-1614
-1480
-1804
-2232
-2070
-1907
-2246
-2356
-2259
-2345
-2011
-1587
-1592
-1422
-873
-398
53
380
684
1202
1586
1722
2025
2171
2458
2922
2812
2642
3045
3370
3500
3589
3529
3739
4217
4240
4072
4227
4340
4326
4228
3953
3766
3706
3398
2894
2429
2028
1731
1266
618
172
-39
-352
-683
-987
-1325
-1378
-1380
-1709
-1995
-2045
-2130
-2242
-2416
-2651
-2668
-2649
-2896
-3056
-3123
-3096
-3015
-3054
-3122
-2924
-2700
-2536
-2373
-2309
-2055
-1643
-1507
-1449
-1269
-1028
-867
-832
-865
-849
-815
-913
-1133
-1342
-1457
-1590
-1881
-2240
-2216
-2107
-2212
-2082
-1823
-1784
-1329
-758
-653
-303
312
659
1098
1449
1622
2110
2473
2564
2844
2972
3159
3610
3600
3527
3935
4189
4326
4459
4485
4665
4865
4746
4513
4484
4347
4079
3666
3106
2663
2297
1782
1121
518
31
-407
-880
-1374
-1765
-1928
-2136
-2446
-2578
-2707
-2734
-2705
-2924
-3101
-3037
-3068
-3147
-3230
-3379
-3300
-3137
-3186
-3183
-3090
-2917
-2644
-2517
-2431
-2099
-1802
-1641
-1402
-1188
-1051
-830
-709
-776
-745
-605
-549
-646
-766
-889
-957
-1034
-1158
-1298
-1380
-1385
-1323
-1291
-1212
-912
-604
-462
-166
178
494
880
1147
1327
1627
1931
2084
2290
2481
2602
2790
2926
2990
3190
3322
3401
3595
3686
3782
3907
3977
3896
3807
3741
3570
3405
3076
2778
2445
2024
1638
1210
786
388
16
-342
-670
-875
-1115
-1386
-1585
-1722
-1856
-1945
-2070
-2215
-2297
-2429
-2574
-2677
-2814
-2889
-2875
-2923
-2960
-2937
-2880
-2765
-2679
-2532
-2326
-2093
-1880
-1684
-1451
-1216
-1071
-953
-802
-744
-687
-619
-618
-614
-592
-577
-550
-598
-746
-733
-689
-813
-850
-852
-909
-858
-770
-747
-593
-429
-293
-65
121
299
522
699
823
1076
1271
1364
1606
1748
1801
1969
2123
2269
2402
2543
2719
2909
3050
3156
3289
3350
3395
3442
3393
3318
3184
2989
2775
2521
2226
1897
1594
1277
927
640
352
47
-207
-433
-665
-869
-1071
-1237
-1350
-1544
-1708
-1843
-2056
-2209
-2329
-2522
-2639
-2721
-2842
-2897
-2890
-2852
-2742
-2615
-2476
-2237
-1992
-1722
-1455
-1336
-1110
-900
-855
-744
-588
-648
-588
-443
-526
-537
-453
-521
-630
-709
-792
-825
-943
-1096
-1084
-1161
-1240
-1087
-1040
-1034
-862
-718
-619
-428
-267
-120
82
254
453
636
800
1036
1213
1325
1497
1763
1959
2147
2399
2616
2879
3106
3282
3420
3554
3634
3595
3563
3459
3350
3209
2962
2690
2464
2208
1898
1619
1315
1012
807
560
295
81
-106
-293
-523
-779
-1022
-1275
-1556
-1775
-2043
-2340
-2510
-2698
-2892
-2983
-3051
-3029
-2912
-2833
-2697
-2417
-2195
-1928
-1652
-1464
-1273
-1038
-896
-786
-747
-756
-665
-619
-695
-664
-710
-780
-691
-666
-748
-790
-754
-817
-885
-973
-1071
-1093
-1148
-1142
-1133
-1165
-1184
-1138
-1078
-1064
-916
-738
-596
-442
-169
100
374
693
949
1180
1496
1772
2048
2291
2493
2780
2989
3133
3296
3377
3414
3534
3556
3510
3499
3455
3328
3198
3021
2840
2666
2479
2266
2030
1823
1580
1287
935
612
302
-14
-317
-688
-1000
-1266
-1525
-1797
-2018
-2216
-2402
-2540
-2700
-2822
-2842
-2792
-2786
-2721
-2551
-2433
-2335
-2190
-2010
-1997
-1867
-1627
-1604
-1581
-1402
-1304
-1230
-1077
-1021
-952
-806
-734
-619
-488
-512
-452
-439
-551
-631
-778
-1044
-1262
-1380
-1540
-1632
-1663
-1725
-1689
-1611
-1503
-1313
-1090
-868
-577
-291
25
392
724
1023
1272
1476
1659
1881
2086
2213
2393
2582
2748
2967
3125
3267
3442
3576
3708
3791
3875
3923
3951
3876
3731
3604
3408
3147
2837
2483
2119
1774
1371
934
572
203
-163
-504
-794
-1070
-1319
-1563
-1795
-1959
-2076
-2207
-2406
-2528
-2605
-2696
-2733
-2784
-2844
-2789
-2718
-2677
-2614
-2482
-2311
-2229
-2104
-1891
-1775
-1711
-1467
-1276
-1254
-1103
-966
-965
-891
-841
-904
-924
-1057
-1210
-1251
-1502
-1680
-1789
-2054
-2200
-2140
-2148
-2167
-1954
-1844
-1680
-1354
-1148
-830
-453
-127
216
560
813
1122
1407
1570
1768
2037
2258
2504
2752
2850
3064
3337
3490
3683
3904
4034
4198
4311
4365
4412
4430
4341
4158
3995
3700
3425
3139
2689
2257
1890
1454
1076
696
258
-40
-320
-674
-932
-1170
-1445
-1616
-1836
-2045
-2183
-2375
-2605
-2753
-2852
-2923
-2972
-3104
-3175
-3157
-3156
-3083
-2986
-2958
-2813
-2640
-2484
-2286
-2142
-1987
-1776
-1756
-1682
-1468
-1486
-1439
-1266
-1348
-1412
-1335
-1487
-1632
-1633
-1757
-1848
-1856
-2000
-1952
-1799
-1796
-1600
-1373
-1233
-884
-501
-280
63
476
661
984
1360
1572
1845
2112
2278
2462
2675
2843
3062
3201
3297
3528
3744
3881
4107
4263
4317
4461
4541
4480
4423
4371
4174
3934
3709
3306
2999
2662
2169
1736
1380
958
633
326
-90
-364
-619
-914
-1152
-1363
-1604
-1772
-1996
-2258
-2449
-2693
-2967
-3163
-3376
-3553
-3642
-3757
-3821
-3779
-3779
-3697
-3511
-3482
-3271
-2984
-2841
-2580
-2364
-2202
-2002
-1851
-1760
-1654
-1595
-1539
-1454
-1453
-1433
-1374
-1429
-1420
-1390
-1416
-1405
-1323
-1247
-1156
-933
-810
-645
-378
-176
42
279
488
739
980
1201
1433
1662
1854
2101
2333
2480
2615
2819
3041
3250
3428
3586
3825
4026
4150
4312
4437
4488
4525
4524
4449
4357
4219
4011
3714
3392
3082
2698
2354
1952
1526
1143
755
407
65
-336
-658
-942
-1333
-1669
-1944
-2263
-2515
-2829
-3148
-3344
-3553
-3814
-3970
-4080
-4191
-4246
-4255
-4107
-4036
-3971
-3760
-3528
-3404
-3140
-2828
-2689
-2448
-2121
-1897
-1715
-1537
-1361
-1193
-1096
-932
-841
-811
-640
-506
-568
-509
-359
-300
-269
-246
-267
-195
-39
31
127
223
309
471
586
683
846
1032
1187
1384
1594
1820
2077
2305
2453
2600
2817
3036
3179
3271
3381
3553
3710
3750
3839
3911
3863
3883
3845
3679
3558
3463
3222
2967
2763
2472
2191
1829
1426
1133
775
387
31
-401
-807
-1072
-1424
-1801
-2116
-2419
-2695
-2882
-3119
-3318
-3400
-3548
-3660
-3736
-3785
-3762
-3724
-3680
-3563
-3440
-3289
-3050
-2840
-2760
-2516
-2183
-2016
-1860
-1626
-1468
-1306
-1120
-990
-905
-778
-681
-540
-432
-339
-130
-109
-144
9
88
23
65
55
-41
11
77
54
62
102
203
374
529
690
946
1114
1282
1588
1787
1964
2246
2433
2444
2585
2758
2827
2922
2934
2934
3040
3090
3105
3184
3170
3120
3214
3151
3006
2984
2864
2632
2465
2236
1970
1717
1322
942
656
265
-91
-391
-812
-1120
-1300
-1572
-1886
-2048
-2244
-2441
-2537
-2647
-2765
-2813
-2959
-3046
-3058
-3141
-3165
-3174
-3172
-3132
-3025
-2955
-2756
-2629
-2571
-2294
-2128
-2061
-1769
-1531
-1452
-1161
-965
-916
-695
-522
-465
-293
-193
-117
59
33
32
196
163
75
151
37
32
206
179
144
286
427
552
797
885
1000
1227
1317
1471
1655
1708
1787
1905
1846
1827
1968
1969
1989
2063
2108
2256
2411
2456
2535
2661
2700
2782
2899
2830
2795
2803
2630
2462
2336
2074
1816
1547
1188
931
707
395
109
-181
-485
-703
-907
-1186
-1389
-1569
-1787
-1895
-2026
-2251
-2440
-2619
-2807
-2944
-3098
-3244
-3288
-3311
-3376
-3337
-3219
-3124
-2988
-2807
-2576
-2418
-2150
-1809
-1684
-1439
-1073
-957
-850
-523
-421
-356
-106
-31
100
306
218
255
464
347
368
466
272
312
440
294
342
460
314
373
575
497
594
753
693
795
949
911
1005
1198
1158
1197
1285
1308
1441
1634
1668
1806
2118
2232
2425
2657
2717
2819
3018
3018
3038
3140
3022
2972
2904
2652
2454
2326
1964
1649
1431
1023
793
537
113
-155
-358
-704
-934
-1160
-1553
-1758
-1977
-2329
-2542
-2758
-3052
-3199
-3362
-3542
-3569
-3576
-3589
-3501
-3402
-3281
-2995
-2781
-2613
-2298
-1930
-1798
-1638
-1243
-1126
-1056
-713
-570
-608
-400
-246
-207
-37
66
136
249
248
320
476
337
310
429
187
88
294
179
-16
75
100
59
169
173
217
394
412
550
763
824
988
1203
1200
1343
1629
1748
1913
2086
2148
2305
2537
2648
2716
2836
2914
2992
3049
3024
2997
2979
2899
2714
2584
2450
2236
2068
1755
1378
1132
812
453
153
-242
-563
-835
-1220
-1524
-1763
-2071
-2264
-2427
-2676
-2813
-2881
-3048
-3150
-3156
-3199
-3122
-2988
-2994
-2924
-2723
-2645
-2466
-2267
-2236
-1941
-1684
-1614
-1385
-1182
-1071
-874
-730
-667
-468
-386
-360
-162
-103
-93
98
124
38
226
197
41
120
27
-83
10
-20
-83
6
17
105
290
371
494
706
788
915
1139
1213
1301
1414
1422
1425
1519
1639
1713
1805
1880
1958
2158
2277
2373
2543
2620
2701
2870
2901
2828
2913
2845
2683
2609
2415
2190
1959
1608
1244
1026
690
372
147
-172
-469
-609
-858
-1099
-1227
-1466
-1688
-1841
-2056
-2262
-2383
-2602
-2740
-2845
-3031
-3134
-3165
-3286
-3397
-3233
-3106
-3121
-2885
-2587
-2553
-2315
-1941
-1856
-1674
-1343
-1241
-1071
-723
-647
-468
-177
-157
39
280
264
428
615
508
654
832
666
677
725
557
608
705
557
595
686
619
708
786
658
753
822
681
745
841
756
799
878
762
863
1039
1068
1152
1321
1442
1657
1895
2004
2197
2485
2608
2748
2881
2819
2874
2924
2769
2620
2493
2250
2054
1870
1519
1281
1069
679
415
184
-151
-363
-604
-1033
-1317
-1534
-1861
-2137
-2407
-2746
-2946
-3104
-3374
-3528
-3594
-3664
-3628
-3573
-3554
-3399
-3220
-3046
-2822
-2592
-2280
-1941
-1645
-1367
-1042
-771
-510
-248
-71
182
423
569
685
831
1040
1160
1229
1247
1278
1351
1339
1225
1086
938
775
649
521
366
241
130
36
-44
-112
-157
-129
-136
-185
-124
-33
46
144
219
283
443
596
709
863
987
1155
1384
1551
1697
1963
2106
2234
2428
2524
2653
2796
2809
2770
2724
2596
2474
2320
2083
1803
1575
1255
898
535
220
-118
-439
-750
-1098
-1416
-1739
-2009
-2232
-2465
-2644
-2768
-2901
-3002
-3046
-3104
-3141
-3121
-3088
-2982
-2847
-2678
-2470
-2181
-1962
-1733
-1408
-1148
-906
-601
-277
-65
142
428
667
762
934
1157
1176
1230
1372
1358
1311
1287
1144
1047
885
651
503
253
-34
-156
-295
-580
-638
-638
-769
-759
-764
-822
-740
-718
-729
-643
-607
-560
-375
-299
-235
-11
186
363
582
771
1006
1324
1565
1791
2072
2325
2510
2723
2836
2888
2978
3041
2966
2843
2705
2476
2333
2096
1728
1474
1219
904
586
240
-105
-352
-665
-980
-1191
-1394
-1594
-1770
-1974
-2159
-2267
-2401
-2532
-2617
-2661
-2708
-2640
-2642
-2646
-2481
-2304
-2131
-1871
-1646
-1398
-1010
-662
-492
-200
125
253
442
690
755
780
930
936
867
925
920
837
797
633
525
488
299
138
5
-269
-452
-465
-682
-891
-897
-1065
-1217
-1192
-1246
-1319
-1251
-1248
-1255
-1152
-1073
-911
-715
-583
-403
-163
42
316
634
796
1002
1375
1646
1831
2120
2319
2476
2692
2851
2926
3021
3080
2998
2998
2881
2704
2621
2383
2106
1924
1682
1340
1080
760
433
181
-106
-440
-648
-869
-1127
-1277
-1527
-1776
-1865
-1984
-2169
-2245
-2267
-2375
-2356
-2284
-2328
-2273
-2161
-2002
-1792
-1613
-1348
-1070
-870
-636
-344
-176
-8
198
262
328
446
476
487
489
439
441
396
302
266
183
21
5
-85
-328
-479
-567
-810
-980
-1084
-1273
-1382
-1450
-1534
-1589
-1569
-1559
-1500
-1472
-1398
-1219
-1079
-954
-750
-526
-333
-85
194
484
754
1040
1341
1621
1913
2164
2405
2623
2842
3041
3192
3269
3347
3425
3365
3326
3274
3153
3003
2858
2630
2379
2112
1791
1480
1154
768
432
102
-305
-598
-880
-1191
-1424
-1634
-1876
-2081
-2264
-2424
-2505
-2593
-2670
-2652
-2610
-2511
-2389
-2284
-2068
-1868
-1694
-1415
-1173
-1011
-805
-556
-427
-315
-134
-55
21
94
177
232
268
323
311
297
278
137
-14
-92
-291
-504
-725
-994
-1173
-1336
-1532
-1650
-1768
-1900
-1845
-1798
-1804
-1706
-1529
-1438
-1248
-1042
-900
-611
-338
-171
36
295
532
861
1105
1304
1634
1925
2204
2495
2730
2948
3191
3431
3588
3750
3868
3935
3919
3832
3721
3569
3394
3080
2736
2441
2078
1691
1315
834
453
185
-209
-533
-776
-1065
-1303
-1506
-1778
-1960
-2121
-2344
-2445
-2532
-2706
-2715
-2695
-2763
-2716
-2616
-2523
-2349
-2168
-1973
-1774
-1591
-1281
-1094
-985
-742
-511
-434
-303
-132
-121
-57
-5
-29
10
14
-43
-64
-206
-350
-381
-531
-789
-908
-1074
-1227
-1277
-1355
-1414
-1459
-1410
-1392
-1322
-1285
-1172
-1016
-908
-762
-588
-371
-204
28
217
412
679
958
1218
1456
1737
2004
2308
2555
2759
2999
3208
3328
3497
3632
3649
3728
3700
3557
3449
3343
3111
2869
2608
2215
1932
1613
1209
908
618
297
16
-293
-603
-837
-1098
-1387
-1662
-1908
-2097
-2273
-2502
-2728
-2857
-2909
-2954
-2955
-2937
-2871
-2762
-2578
-2377
-2183
-1961
-1714
-1494
-1322
-1072
-909
-779
-560
-435
-343
-184
-79
-47
43
67
123
173
205
158
42
33
-60
-176
-369
-511
-636
-761
-891
-1003
-1063
-1146
-1170
-1133
-1152
-1137
-946
-896
-833
-608
-481
-326
-54
120
293
503
732
959
1229
1419
1638
1897
2098
2307
2570
2754
2929
3144
3240
3355
3460
3532
3552
3501
3394
3252
3098
2871
2606
2311
1998
1679
1312
949
579
205
-170
-502
-788
-1025
-1250
-1476
-1746
-1965
-2122
-2281
-2454
-2546
-2660
-2822
-2810
-2801
-2857
-2763
-2641
-2564
-2448
-2285
-2065
-1771
-1585
-1413
-1099
-965
-825
-543
-385
-361
-220
-32
-18
96
247
212
154
180
147
47
-16
-102
-163
-390
-644
-708
-786
-957
-1038
-1053
-1181
-1206
-1089
-1096
-1091
-895
-850
-802
-626
-508
-324
-131
9
181
374
552
804
1047
1181
1458
1742
1951
2228
2509
2677
2888
3143
3258
3401
3544
3615
3614
3592
3491
3388
3243
2982
2678
2370
2030
1719
1408
1078
742
415
83
-221
-508
-800
-1031
-1273
-1535
-1799
-1944
-2140
-2345
-2480
-2599
-2679
-2703
-2726
-2826
-2747
-2632
-2618
-2489
-2319
-2215
-1997
-1751
-1636
-1445
-1235
-1094
-860
-666
-607
-440
-223
-130
-108
-41
-12
-3
-13
-140
-194
-267
-398
-553
-704
-877
-985
-1013
-1100
-1130
-1111
-1125
-1075
-927
-890
-803
-564
-492
-438
-243
-73
69
230
344
444
696
888
1087
1342
1498
1795
2128
2377
2633
2884
3103
3319
3537
3588
3651
3747
3739
3665
3543
3402
3205
2959
2627
2297
1975
1660
1274
920
624
340
88
-169
-470
-734
-921
-1203
-1444
-1696
-1958
-2132
-2299
-2535
-2677
-2779
-2874
-2915
-3001
-2983
-2902
-2834
-2763
-2591
-2414
-2218
-1964
-1752
-1531
-1305
-1132
-930
-747
-621
-434
-279
-228
-134
-49
-83
-29
-35
-168
-201
-240
-356
-484
-619
-754
-849
-903
-969
-1030
-1085
-1059
-994
-968
-924
-784
-679
-616
-463
-330
-155
34
191
319
488
726
966
1228
1471
1658
1931
2247
2461
2667
2895
3100
3321
3540
3638
3741
3828
3785
3719
3595
3384
3240
3022
2677
2414
2116
1760
1424
1090
728
416
147
-152
-474
-735
-997
-1225
-1458
-1719
-1985
-2203
-2453
-2680
-2836
-2957
-3013
-3039
-3063
-3077
-2956
-2872
-2737
-2495
-2335
-2147
-1884
-1699
-1526
-1333
-1216
-1051
-943
-837
-679
-620
-519
-397
-390
-392
-243
-257
-419
-368
-412
-589
-614
-691
-831
-830
-834
-913
-926
-943
-872
-703
-657
-588
-374
-257
-209
10
171
294
573
759
841
1017
1250
1435
1666
1844
2026
2263
2480
2649
2864
3049
3167
3384
3488
3485
3570
3585
3469
3361
3195
2962
2797
2581
2232
1962
1678
1373
1108
768
432
159
-155
-503
-758
-1043
-1324
-1496
-1685
-1948
-2100
-2266
-2483
-2579
-2696
-2870
-2880
-2918
-3027
-2985
-2893
-2875
-2715
-2523
-2469
-2168
-1897
-1857
-1644
-1368
-1330
-1186
-928
-934
-877
-672
-651
-586
-471
-511
-438
-392
-485
-420
-389
-551
-592
-608
-718
-734
-663
-687
-674
-515
-415
-313
-108
29
164
329
442
591
795
914
1039
1259
1350
1428
1670
1839
1928
2156
2314
2470
2727
2859
2959
3132
3225
3229
3313
3263
3211
3218
3053
2885
2714
2491
2215
1971
1651
1311
1082
788
479
185
-82
-309
-517
-750
-1004
-1166
-1330
-1551
-1741
-1907
-2112
-2276
-2414
-2618
-2730
-2768
-2818
-2898
-2825
-2805
-2752
-2580
-2493
-2409
-2239
-2092
-1919
-1732
-1650
-1472
-1276
-1246
-1141
-979
-965
-920
-706
-657
-667
-563
-537
-544
-494
-455
-516
-530
-495
-462
-383
-359
-322
-250
-190
-107
23
165
248
418
543
642
799
967
1062
1169
1322
1399
1544
1735
1855
2006
2157
2270
2473
2649
2732
2890
3021
3058
3120
3132
3091
3075
2987
2823
2672
2437
2247
2011
1731
1420
1138
887
605
388
138
-95
-326
-528
-727
-959
-1169
-1368
-1548
-1767
-1974
-2127
-2269
-2458
-2637
-2765
-2880
-2866
-2825
-2848
-2748
-2642
-2549
-2370
-2178
-2082
-1896
-1730
-1677
-1519
-1362
-1339
-1267
-1154
-1157
-1054
-917
-903
-755
-602
-653
-559
-345
-391
-350
-236
-368
-304
-199
-231
-195
-124
-151
-78
102
139
299
493
553
682
852
966
1143
1365
1428
1496
1687
1783
1882
2098
2191
2262
2450
2554
2623
2758
2775
2769
2854
2798
2719
2758
2670
2455
2332
2136
1908
1785
1543
1226
1079
825
555
370
108
-124
-269
-488
-724
-878
-1105
-1288
-1470
-1666
-1860
-2029
-2158
-2323
-2415
-2489
-2541
-2531
-2535
-2555
-2449
-2353
-2360
-2223
-2099
-2017
-1845
-1708
-1650
-1532
-1412
-1350
-1212
-1168
-1150
-1027
-919
-886
-775
-666
-656
-516
-481
-526
-473
-509
-559
-506
-486
-487
-389
-315
-273
-168
-32
121
297
454
585
788
1003
1165
1316
1523
1643
1758
1913
2012
2154
2290
2388
2480
2608
2724
2791
2864
2850
2878
2886
2828
2771
2666
2522
2364
2204
1946
1727
1512
1209
968
702
424
162
-58
-276
-478
-632
-797
-965
-1084
-1250
-1466
-1563
-1716
-1873
-2022
-2203
-2286
-2368
-2424
-2446
-2355
-2297
-2235
-2118
-2031
-1918
-1789
-1649
-1523
-1417
-1368
-1213
-1101
-1099
-1021
-960
-969
-950
-858
-842
-868
-812
-813
-824
-800
-784
-742
-807
-833
-715
-708
-685
-522
-453
-429
-267
-84
12
139
320
508
676
851
996
1195
1339
1434
1608
1744
1917
2115
2265
2327
2461
2624
2708
2796
2867
2910
2933
2932
2863
2793
2678
2514
2359
2163
1911
1692
1508
1214
930
697
420
179
-65
-286
-462
-624
-807
-976
-1162
-1360
-1490
-1611
-1757
-1918
-2036
-2145
-2273
-2345
-2359
-2357
-2342
-2279
-2215
-2133
-1954
-1813
-1781
-1607
-1373
-1261
-1140
-973
-913
-833
-723
-661
-619
-614
-570
-471
-538
-686
-612
-659
-814
-774
-811
-990
-927
-833
-911
-907
-785
-692
-580
-378
-282
-152
7
151
330
472
616
840
1024
1114
1268
1502
1648
1803
2009
2147
2304
2533
2692
2835
2989
3055
3127
3161
3086
3027
2993
2862
2679
2451
2187
1959
1722
1385
1070
796
511
305
99
-187
-392
-517
-719
-946
-1097
-1286
-1480
-1620
-1811
-2005
-2142
-2247
-2353
-2510
-2605
-2525
-2478
-2468
-2358
-2181
-2032
-1872
-1640
-1453
-1283
-1092
-884
-748
-732
-641
-517
-539
-501
-402
-464
-450
-391
-519
-613
-595
-649
-687
-708
-862
-884
-877
-931
-904
-858
-872
-781
-589
-529
-429
-227
-107
6
200
344
539
775
894
983
1167
1357
1582
1820
1983
2107
2358
2582
2734
2931
3032
3115
3206
3178
3061
3089
2996
2827
2679
2387
2100
1915
1647
1302
1025
718
433
206
-43
-295
-478
-669
-904
-1132
-1297
-1471
-1617
-1784
-1991
-2153
-2253
-2377
-2497
-2547
-2547
-2488
-2473
-2426
-2245
-2063
-1930
-1780
-1587
-1394
-1209
-967
-756
-659
-564
-397
-296
-312
-250
-165
-206
-255
-239
-325
-416
-424
-479
-595
-765
-797
-751
-840
-849
-803
-834
-820
-697
-608
-522
-346
-186
-61
17
217
448
580
730
896
1087
1248
1464
1677
1805
1968
2157
2363
2531
2733
2868
2966
3092
3097
3077
3054
2989
2859
2713
2456
2227
2046
1757
1451
1129
857
577
319
45
-184
-355
-580
-765
-942
-1131
-1306
-1468
-1669
-1885
-2050
-2197
-2318
-2478
-2622
-2620
-2581
-2574
-2544
-2436
-2310
-2176
-2008
-1841
-1673
-1464
-1228
-1110
-978
-796
-718
-589
-449
-436
-355
-232
-286
-304
-269
-330
-402
-360
-482
-585
-504
-569
-562
-521
-533
-480
-340
-265
-170
-38
21
124
256
339
428
617
740
823
956
1077
1217
1424
1560
1655
1883
2111
2255
2441
2571
2664
2807
2820
2773
2797
2743
2630
2533
2349
2089
1987
1798
1537
1309
1057
850
657
447
150
-35
-206
-487
-735
-963
-1191
-1311
-1461
-1712
-1857
-1970
-2070
-2205
-2307
-2440
-2511
-2445
-2458
-2477
-2377
-2268
-2236
-2107
-1955
-1841
-1638
-1464
-1304
-1167
-1070
-905
-751
-669
-598
-445
-416
-429
-331
-333
-350
-321
-345
-398
-384
-356
-342
-292
-246
-218
-59
75
166
325
442
548
667
772
873
969
1060
1093
1164
1239
1322
1479
1587
1694
1826
1974
2082
2219
2360
2415
2465
2506
2466
2425
2343
2228
2127
1959
1757
1597
1408
1214
1027
824
642
505
335
122
-47
-226
-424
-601
-762
-949
-1113
-1282
-1476
-1695
-1880
-2035
-2195
-2315
-2444
-2438
-2431
-2478
-2412
-2311
-2259
-2161
-1975
-1920
-1817
-1640
-1571
-1484
-1339
-1276
-1228
-1096
-1019
-935
-868
-817
-731
-659
-582
-481
-391
-397
-355
-238
-137
-65
55
133
227
383
537
604
742
887
942
1059
1164
1271
1383
1484
1498
1503
1558
1676
1808
1886
1951
2071
2168
2209
2290
2309
2296
2301
2261
2159
2030
1889
1757
1556
1325
1124
946
813
643
461
322
240
150
34
-63
-180
-262
-394
-535
-664
-823
-982
-1117
-1301
-1556
-1692
-1821
-1964
-2065
-2126
-2167
-2185
-2172
-2123
-2034
-1927
-1827
-1710
-1598
-1523
-1411
-1351
-1398
-1357
-1310
-1345
-1293
-1258
-1324
-1292
-1183
-1203
-1121
-1023
-959
-910
-822
-707
-593
-412
-254
-116
-3
196
381
581
736
854
1045
1157
1235
1390
1527
1657
1833
1930
2005
2164
2328
2428
2543
2608
2621
2677
2741
2768
2720
2645
2545
2414
2204
2045
1871
1580
1322
1062
846
630
423
200
-31
-158
-300
-437
-555
-616
-714
-825
-907
-1021
-1143
-1236
-1376
-1495
-1639
-1789
-1876
-1975
-2102
-2099
-2118
-2128
-1976
-1951
-1939
-1807
-1665
-1573
-1458
-1316
-1232
-1135
-1114
-1101
-1086
-1149
-1132
-1116
-1181
-1219
-1229
-1240
-1235
-1201
-1161
-1136
-1130
-1011
-870
-755
-592
-431
-321
-114
139
346
544
702
909
1113
1251
1417
1635
1788
1942
2085
2202
2373
2589
2733
2805
2914
3021
3089
3136
3153
3122
3028
2922
2783
2604
2425
2171
1880
1609
1309
1015
739
443
163
-83
-300
-479
-650
-860
-987
-1074
-1197
-1314
-1413
-1537
-1632
-1729
-1876
-1987
-2103
-2165
-2197
-2224
-2207
-2211
-2181
-2027
-1908
-1848
-1696
-1559
-1425
-1305
-1194
-1071
-985
-922
-859
-806
-824
-837
-806
-815
-849
-861
-895
-925
-914
-942
-915
-946
-978
-908
-883
-819
-726
-664
-608
-430
-234
-61
140
343
575
747
879
1093
1313
1493
1681
1861
2059
2212
2388
2563
2687
2795
2940
3046
3110
3170
3158
3159
3102
2960
2826
2730
2501
2273
2027
1708
1442
1163
890
602
297
6
-239
-457
-693
-888
-1048
-1220
-1422
-1577
-1731
-1855
-1987
-2125
-2284
-2384
-2435
-2514
-2521
-2526
-2498
-2451
-2333
-2168
-2039
-1883
-1656
-1456
-1339
-1183
-1018
-925
-848
-741
-712
-669
-632
-639
-575
-555
-628
-622
-630
-711
-686
-667
-750
-752
-704
-691
-670
-675
-655
-592
-491
-379
-246
-137
3
154
330
466
623
883
1065
1245
1493
1697
1871
2130
2348
2522
2720
2873
3041
3186
3246
3300
3310
3242
3161
3065
2896
2736
2550
2299
2043
1774
1487
1215
917
619
351
118
-83
-323
-527
-726
-960
-1152
-1372
-1597
-1781
-1977
-2189
-2362
-2503
-2646
-2718
-2773
-2771
-2709
-2626
-2568
-2377
-2208
-2126
-1891
-1655
-1550
-1385
-1154
-1057
-957
-820
-800
-702
-622
-653
-530
-504
-563
-476
-455
-534
-445
-414
-520
-529
-502
-538
-524
-532
-578
-530
-512
-473
-413
-361
-294
-166
-24
86
214
435
591
784
1056
1228
1423
1714
1911
2118
2375
2505
2688
2904
2951
3064
3204
3194
3176
3160
3023
2914
2805
2594
2406
2228
2024
1805
1573
1267
1018
818
537
310
73
-209
-486
-700
-941
-1230
-1444
-1637
-1895
-2073
-2215
-2380
-2491
-2546
-2651
-2667
-2645
-2604
-2520
-2431
-2338
-2194
-2024
-1877
-1708
-1576
-1455
-1294
-1154
-1144
-1024
-865
-855
-816
-668
-694
-640
-474
-462
-452
-363
-345
-350
-298
-325
-313
-299
-351
-349
-343
-403
-443
-360
-363
-338
-175
-86
-14
177
323
440
652
845
977
1183
1379
1537
1730
1906
2062
2274
2408
2480
2617
2697
2717
2790
2801
2746
2755
2657
2527
2467
2327
2139
1994
1818
1567
1377
1207
947
711
494
228
-16
-226
-495
-720
-897
-1154
-1360
-1565
-1789
-1946
-2057
-2177
-2251
-2250
-2330
-2310
-2254
-2295
-2255
-2129
-2071
-1999
-1860
-1783
-1726
-1623
-1543
-1463
-1362
-1262
-1169
-1047
-955
-882
-724
-621
-566
-433
-350
-336
-238
-149
-181
-186
-182
-262
-267
-277
-331
-329
-320
-374
-328
-254
-192
-24
110
232
379
503
620
776
937
1049
1198
1362
1468
1602
1722
1798
1878
1960
2013
2092
2199
2245
2292
2364
2367
2327
2360
2334
2251
2146
2001
1873
1751
1555
1313
1082
851
613
415
176
-71
-233
-444
-659
-822
-1003
-1176
-1270
-1400
-1510
-1576
-1687
-1791
-1873
-1911
-1968
-1973
-1967
-1951
-1938
-1950
-1900
-1830
-1814
-1743
-1579
-1503
-1451
-1282
-1170
-1096
-922
-811
-777
-654
-522
-477
-393
-339
-357
-287
-296
-328
-290
-309
-346
-324
-339
-360
-284
-242
-226
-178
-110
-66
39
173
254
415
582
680
830
937
994
1080
1173
1224
1299
1388
1419
1501
1585
1640
1751
1861
1891
1954
2056
2055
2086
2093
2044
1984
1953
1844
1677
1503
1325
1137
904
715
523
335
125
-73
-211
-360
-495
-566
-704
-845
-920
-1040
-1125
-1231
-1311
-1380
-1427
-1486
-1570
-1649
-1718
-1736
-1759
-1783
-1771
-1696
-1627
-1554
-1452
-1339
-1237
-1131
-1003
-930
-840
-718
-654
-612
-607
-547
-510
-488
-482
-447
-406
-436
-381
-356
-338
-289
-261
-265
-223
-140
-52
21
79
102
153
232
320
381
409
458
508
576
635
741
836
912
995
1112
1200
1308
1396
1466
1545
1576
1614
1619
1629
1620
1621
1617
1540
1483
1383
1291
1190
1068
973
897
769
638
543
448
306
192
113
-57
-177
-247
-330
-438
-508
-565
-640
-711
-773
-868
-947
-1009
-1075
-1145
-1210
-1220
-1191
-1180
-1167
-1138
-1136
-1112
-1032
-1011
-976
-938
-904
-868
-865
-848
-809
-820
-837
-784
-773
-789
-707
-644
-662
-609
-530
-514
-402
-318
-249
-172
-112
-7
53
84
128
155
129
173
199
220
225
258
325
347
437
523
549
625
716
789
897
962
995
1056
1090
1121
1156
1154
1127
1114
1059
1014
988
937
854
789
753
726
727
679
639
620
593
548
479
411
338
244
127
1
-71
-167
-271
-359
-424
-520
-571
-600
-679
-667
-636
-656
-667
-612
-622
-609
-559
-540
-522
-511
-498
-497
-516
-576
-561
-549
-584
-599
-595
-583
-601
-544
-532
-541
-452
-392
-374
-310
-240
-220
-167
-158
-168
-140
-115
-133
-156
-189
-185
-155
-190
-179
-135
-99
-76
-49
7
58
175
244
270
340
386
413
459
510
486
487
476
454
449
447
451
466
449
431
454
483
479
508
491
464
489
470
440
395
366
313
246
160
113
39
-4
-40
-95
-134
-165
-219
-275
-268
-266
-272
-275
-271
-238
-237
-238
-203
-213
-198
-134
-106
-97
-58
-15
4
-10
-5
-8
-12
27
45
31
16
62
85
98
165
186
194
232
266
230
202
214
165
107
82
10
-35
-111
-190
-230
-273
-304
-315
-353
-403
-376
-363
-327
-304
-294
-276
-254
-249
-214
-201
-218
-201
-237
-259
-258
-263
-267
-259
-281
-252
-202
-182
-129
-115
-51
-4
11
47
89
118
112
191
173
161
166
172
126
100
83
29
-9
-18
-36
-81
-97
-108
-116
-109
-97
-69
-41
-31
-3
47
93
116
121
109
94
118
132
125
161
188
221
264
326
411
477
538
598
645
723
805
852
896
890
897
898
898
868
808
743
694
585
478
437
377
295
187
136
67
-11
-62
-117
-209
-280
-323
-417
-532
-596
-702
-795
-862
-931
-966
-1067
-1101
-1164
-1217
-1196
-1206
-1173
-1155
-1130
-1065
-1004
-953
-840
-771
-702
-591
-500
-425
-352
-268
-179
-123
-83
0
43
98
144
166
211
259
287
363
377
397
454
437
423
422
403
393
389
359
348
309
258
179
161
124
55
37
20
13
19
51
60
100
158
225
272
324
428
495
534
608
685
721
759
863
909
904
969
944
930
955
957
919
919
915
905
922
892
861
798
705
617
533
428
295
165
39
-95
-215
-397
-568
-683
-804
-930
-992
-1056
-1239
-1289
-1323
-1423
-1373
-1353
-1371
-1317
-1310
-1254
-1175
-1181
-1172
-1125
-1123
-1056
-883
-843
-782
-661
-625
-522
-389
-301
-241
-167
-162
-90
21
89
125
151
163
210
278
300
268
266
286
251
268
275
279
317
315
296
362
399
411
427
430
446
489
536
515
583
563
565
633
657
679
708
707
703
758
771
788
794
786
755
755
788
733
704
685
619
614
579
511
502
441
385
339
268
193
136
74
-44
-83
-139
-235
-312
-374
-483
-524
-570
-647
-646
-679
-711
-727
-741
-775
-774
-763
-790
-775
-757
-772
-727
-731
-736
-707
-729
-703
-683
-690
-698
-685
-678
-642
-592
-568
-491
-466
-430
-364
-312
-244
-198
-174
-135
-137
-80
-42
-27
56
81
114
170
207
267
309
347
405
464
548
580
615
656
711
756
790
822
833
812
815
808
774
823
770
756
745
703
693
685
608
580
529
458
443
385
315
244
200
139
73
-3
-65
-144
-184
-248
-317
-361
-432
-468
-514
-530
-549
-570
-593
-635
-608
-592
-580
-545
-533
-490
-455
-416
-354
-301
-277
-235
-196
-145
-132
-149
-102
-100
-100
-72
-83
-90
-56
-66
-73
-62
-99
-111
-138
-196
-179
-201
-207
-217
-189
-190
-167
-123
-125
-90
-98
-93
-66
-29
-8
32
52
95
161
181
225
304
307
324
383
400
466
517
537
591
623
643
658
663
666
645
602
562
530
463
417
390
316
264
235
162
131
63
-27
-58
-133
-204
-230
-279
-333
-363
-412
-471
-521
-550
-582
-562
-573
-609
-569
-574
-574
-548
-517
-479
-447
-411
-398
-321
-320
-288
-246
-224
-196
-158
-135
-129
-89
-71
-44
-23
-25
-6
21
17
0
14
12
25
53
59
68
57
99
120
155
173
157
176
181
208
242
239
267
321
338
357
384
403
400
415
452
476
483
509
546
543
567
552
588
602
580
605
554
517
470
424
378
328
279
194
145
100
33
-45
-110
-178
-190
-268
-333
-351
-432
-480
-511
-529
-559
-591
-631
-642
-674
-691
-699
-720
-717
-705
-708
-691
-659
-636
-579
-528
-529
-479
-434
-416
-358
-328
-294
-229
-205
-233
-196
-193
-159
-101
-109
-84
-57
-20
-11
0
19
37
84
130
177
221
253
296
364
416
438
475
491
504
496
504
521
534
527
534
582
618
634
659
641
645
696
670
649
676
691
677
690
670
616
564
510
467
417
309
245
161
82
36
-38
-94
-142
-228
-280
-328
-361
-375
-432
-446
-429
-478
-505
-545
-605
-624
-673
-724
-730
-783
-810
-772
-749
-729
-691
-687
-675
-580
-539
-466
-397
-385
-327
-270
-250
-223
-204
-200
-212
-191
-155
-154
-143
-185
-194
-180
-158
-139
-86
-66
-28
30
35
115
150
123
206
277
296
344
342
337
395
439
447
475
504
494
537
586
624
684
723
714
746
759
787
827
787
770
760
708
679
682
623
558
514
438
371
311
236
158
102
26
-23
-72
-132
-171
-246
-281
-308
-355
-418
-472
-505
-530
-571
-603
-653
-651
-673
-706
-710
-679
-650
-629
-607
-599
-573
-552
-503
-471
-428
-380
-368
-352
-303
-261
-261
-280
-266
-300
-313
-279
-337
-326
-314
-310
-279
-237
-204
-197
-156
-130
-96
-57
-14
13
34
72
96
122
142
218
243
269
351
370
421
474
509
563
638
676
714
780
809
811
822
847
841
817
771
717
720
676
587
539
480
417
368
321
257
192
118
67
54
-4
-60
-104
-131
-211
-239
-275
-318
-335
-403
-420
-464
-477
-502
-505
-530
-541
-535
-555
-515
-503
-458
-409
-375
-359
-312
-271
-269
-215
-205
-176
-157
-175
-179
-205
-208
-212
-254
-246
-266
-282
-273
-282
-296
-284
-255
-266
-227
-240
-222
-194
-162
-125
-70
-35
-10
42
44
103
125
122
175
210
247
302
349
381
432
493
513
576
595
604
641
640
636
681
699
659
647
587
533
523
450
403
394
308
247
240
132
104
75
-15
-29
-68
-141
-143
-185
-278
-302
-320
-385
-400
-413
-416
-440
-450
-448
-466
-479
-484
-455
-451
-416
-359
-340
-304
-289
-252
-188
-178
-165
-145
-167
-156
-140
-132
-103
-115
-115
-95
-99
-89
-80
-67
-52
-17
-27
-33
-8
0
3
-31
-19
2
1
32
22
12
56
76
96
106
82
98
142
142
159
178
199
241
266
256
305
315
307
344
338
316
331
316
308
335
327
315
337
320
283
296
290
242
230
190
148
145
98
86
66
30
-10
-40
-53
-71
-84
-116
-134
-143
-165
-188
-184
-188
-202
-189
-204
-215
-227
-226
-242
-245
-246
-249
-275
-305
-277
-271
-298
-276
-298
-272
-256
-256
-253
-263
-257
-243
-217
-223
-207
-226
-217
-199
-187
-188
-171
-182
-172
-173
-148
-112
-111
-72
-57
-18
17
66
90
127
118
142
193
205
246
272
282
291
317
331
336
343
334
331
314
288
291
280
309
312
293
294
301
280
287
283
241
249
220
198
198
175
126
105
54
17
39
3
16
28
-12
-27
-26
-61
-77
-80
-102
-85
-85
-100
-76
-81
-121
-110
-128
-167
-172
-208
-228
-210
-233
-231
-244
-243
-239
-243
-250
-270
-265
-262
-254
-218
-250
-250
-227
-247
-229
-225
-225
-209
-200
-175
-148
-136
-115
-103
-75
-26
-18
-3
35
57
91
171
189
216
240
247
276
293
283
264
285
270
269
290
266
280
240
194
206
191
170
164
140
133
155
115
118
121
91
69
68
59
30
28
6
-23
-57
-70
-73
-64
-66
-80
-60
-40
-31
-28
-43
-32
-29
-18
-21
3
-29
-51
-47
-54
-67
-71
-97
-99
-102
-120
-138
-162
-163
-197
-187
-177
-180
-176
-179
-196
-195
-198
-173
-182
-188
-182
-211
-178
-168
-158
-153
-153
-129
-78
-39
-24
24
62
103
117
128
143
187
219
250
268
260
260
263
235
215
216
186
177
150
132
133
107
113
116
85
73
63
46
58
55
47
47
21
4
14
6
13
27
18
-17
-8
-4
-7
29
36
43
66
70
94
115
101
117
116
113
126
134
81
60
47
17
12
-20
-43
-62
-71
-112
-113
-137
-172
-216
-241
-231
-232
-248
-279
-262
-277
-271
-291
-271
-289
-305
-297
-311
-307
-317
-304
-282
-227
-192
-151
-95
-62
-21
5
52
87
115
159
148
152
179
205
206
224
227
223
205
187
194
188
165
171
178
185
200
177
130
97
108
101
81
83
67
26
44
45
39
41
39
61
61
81
92
77
82
115
111
116
136
171
183
171
197
210
211
202
209
200
172
136
122
86
80
59
23
32
27
-21
-75
-127
-165
-201
-264
-281
-296
-328
-367
-381
-404
-398
-388
-411
-395
-394
-397
-378
-374
-390
-353
-315
-303
-273
-238
-199
-162
-127
-116
-83
-46
-27
10
42
64
93
119
165
169
186
202
202
223
245
246
241
226
194
201
196
165
150
150
119
99
91
70
72
35
28
25
32
37
41
46
50
67
106
114
119
156
