5
1
-15
-12
-11
-8
-8
-8
4
-5
8
14
19
11
14
20
18
14
16
12
14
15
1
0
2
12
-3
-7
5
-7
5
-7
-8
-14
-7
4
-3
2
1
-2
10
16
8
-1
0
-4
-8
-7
-10
-10
-11
-20
-20
-12
-11
-6
-11
-6
0
-6
-11
-20
-14
-13
-4
-2
1
7
-3
4
9
-10
-19
-27
-26
-29
-16
-13
-3
11
8
24
13
5
6
6
15
12
0
4
9
6
-3
-7
3
3
-2
10
6
-1
-8
-6
-6
-16
-17
-20
-14
2
10
15
7
0
0
-7
6
5
7
10
12
8
10
11
16
18
5
-6
6
3
4
4
2
9
6
6
10
11
2
1
1
5
21
25
10
8
-4
-5
-6
-14
5
2
8
3
-8
-11
-23
-29
-19
-14
-13
-9
-4
2
1
0
9
21
18
20
12
9
8
8
-17
-15
-10
-15
-14
-7
-4
-3
7
-2
-2
4
-9
-8
-2
2
-8
4
1
-8
5
-9
3
8
10
15
9
-4
4
0
-3
-37
-66
-35
-40
-91
-82
-87
-135
-85
-80
-101
-57
-67
-14
4
-21
57
76
39
82
75
85
146
111
122
179
200
246
269
270
308
304
316
324
273
298
303
243
200
195
153
88
51
7
-57
-103
-164
-219
-258
-297
-337
-407
-484
-488
-532
-580
-575
-650
-670
-621
-663
-688
-610
-602
-564
-485
-463
-352
-290
-246
-90
-20
60
219
298
376
458
540
645
704
728
808
859
872
901
889
893
896
845
814
777
688
567
453
331
216
75
-67
-204
-327
-446
-530
-651
-744
-801
-858
-863
-890
-821
-741
-677
-587
-458
-338
-189
-88
54
231
352
500
637
726
811
901
963
997
979
987
985
919
832
757
625
498
321
92
-94
-286
-520
-769
-1020
-1267
-1485
-1702
-1879
-2017
-2117
-2145
-2172
-2168
-2101
-1980
-1846
-1711
-1488
-1304
-1051
-773
-521
-239
32
316
605
838
1075
1352
1557
1778
1958
2090
2265
2361
2391
2464
2480
2441
2393
2290
2183
2049
1851
1664
1407
1085
849
598
284
2
-304
-561
-803
-1085
-1265
-1428
-1615
-1683
-1741
-1799
-1766
-1713
-1639
-1480
-1363
-1212
-1003
-823
-586
-354
-145
84
277
484
691
801
912
1035
1067
1105
1091
1049
1003
880
792
654
488
308
80
-168
-397
-640
-880
-1107
-1390
-1630
-1841
-2039
-2203
-2333
-2382
-2374
-2379
-2330
-2147
-2008
-1829
-1595
-1368
-1107
-791
-492
-221
82
421
774
1064
1333
1628
1887
2132
2354
2493
2681
2822
2864
2844
2770
2728
2648
2431
2241
2070
1775
1604
1426
1095
870
650
384
170
-136
-364
-518
-795
-980
-1115
-1316
-1365
-1396
-1466
-1423
-1370
-1233
-1056
-985
-822
-625
-514
-337
-176
-97
48
160
195
282
289
288
272
180
127
61
-43
-164
-293
-417
-492
-598
-804
-1003
-1153
-1325
-1511
-1707
-1905
-2029
-2147
-2285
-2292
-2240
-2195
-2120
-2034
-1852
-1570
-1387
-1140
-860
-617
-182
151
446
813
1118
1411
1707
1954
2205
2429
2567
2765
2861
2911
3043
2956
2863
2814
2737
2668
2474
2245
2096
1842
1576
1356
1030
727
492
175
-135
-387
-628
-865
-1130
-1314
-1367
-1480
-1561
-1571
-1601
-1557
-1404
-1299
-1178
-1011
-893
-736
-578
-434
-296
-207
-151
-96
-89
-87
-49
-170
-229
-193
-246
-280
-323
-379
-422
-463
-559
-622
-753
-917
-1021
-1203
-1373
-1495
-1768
-1922
-1984
-2122
-2132
-2157
-2149
-1991
-1873
-1748
-1455
-1227
-939
-611
-380
-22
379
683
1017
1323
1580
1885
2092
2263
2454
2597
2728
2876
2884
2913
2976
2883
2823
2770
2666
2611
2490
2296
2131
1959
1698
1448
1163
863
631
271
-31
-296
-611
-862
-1064
-1247
-1380
-1447
-1561
-1582
-1529
-1472
-1369
-1310
-1186
-1046
-975
-913
-811
-816
-762
-709
-767
-737
-741
-761
-770
-854
-901
-887
-915
-938
-973
-1017
-999
-999
-1025
-1021
-1107
-1192
-1217
-1375
-1500
-1593
-1793
-1874
-1937
-1963
-1896
-1856
-1757
-1529
-1297
-1048
-751
-453
-101
252
591
938
1270
1558
1865
2087
2290
2531
2668
2825
2935
2984
3030
3054
3054
2981
2908
2823
2726
2632
2452
2291
2090
1883
1701
1429
1137
844
526
224
-57
-377
-638
-874
-1092
-1261
-1381
-1448
-1484
-1510
-1460
-1376
-1279
-1179
-1144
-1111
-1004
-955
-875
-871
-1072
-1142
-1166
-1318
-1303
-1341
-1512
-1432
-1391
-1375
-1226
-1273
-1229
-1029
-1049
-906
-735
-824
-738
-728
-925
-853
-928
-1118
-1184
-1421
-1530
-1450
-1541
-1526
-1406
-1425
-1151
-887
-807
-498
-191
40
416
731
965
1310
1502
1703
1972
2063
2273
2399
2387
2539
2633
2618
2723
2722
2694
2776
2709
2650
2586
2445
2342
2212
2001
1829
1613
1289
1031
753
498
230
-127
-435
-623
-828
-1011
-1138
-1277
-1336
-1379
-1390
-1377
-1338
-1302
-1226
-1185
-1158
-1068
-1071
-1057
-1041
-1080
-1095
-1070
-1107
-1153
-1161
-1181
-1148
-1174
-1184
-1150
-1151
-1119
-1007
-1004
-1016
-955
-987
-1021
-1106
-1176
-1244
-1430
-1571
-1622
-1799
-1861
-1840
-1889
-1826
-1723
-1565
-1328
-1193
-993
-615
-280
-23
306
644
1043
1472
1743
1998
2313
2539
2810
3072
3077
3168
3394
3413
3418
3398
3340
3428
3307
3087
3052
2868
2665
2495
2044
1796
1650
1198
856
439
-30
-203
-642
-1095
-1252
-1600
-1796
-1880
-2232
-2252
-2227
-2430
-2299
-2242
-2187
-1940
-1941
-1846
-1570
-1540
-1348
-1166
-1272
-1015
-895
-998
-787
-780
-787
-579
-643
-639
-451
-441
-330
-200
-251
-111
-33
-84
-9
-14
-150
-206
-357
-588
-771
-1011
-1246
-1425
-1577
-1648
-1686
-1796
-1746
-1568
-1503
-1379
-1137
-953
-661
-292
-18
309
620
840
1152
1379
1571
1852
1992
2188
2415
2502
2683
2872
2813
2933
3066
3050
3122
3081
2994
2972
2834
2644
2482
2207
1998
1756
1353
1072
716
314
-19
-391
-727
-967
-1255
-1438
-1596
-1770
-1779
-1859
-1940
-1894
-1889
-1918
-1866
-1890
-1815
-1732
-1731
-1647
-1609
-1559
-1441
-1410
-1340
-1168
-1104
-974
-810
-701
-566
-438
-384
-244
-123
-62
67
50
14
55
-23
-179
-312
-463
-617
-815
-1050
-1270
-1390
-1442
-1540
-1614
-1616
-1516
-1378
-1285
-1161
-998
-893
-619
-295
-167
91
371
542
788
1046
1233
1493
1686
1897
2216
2382
2574
2795
2828
2976
3089
3021
3135
3197
3019
2989
2845
2631
2478
2125
1869
1645
1250
961
648
222
51
-266
-661
-802
-1059
-1284
-1313
-1539
-1643
-1653
-1820
-1789
-1853
-1964
-1833
-1887
-1964
-1798
-1849
-1840
-1646
-1664
-1539
-1419
-1372
-1166
-1071
-968
-716
-631
-554
-354
-298
-219
-95
-98
-44
10
-32
3
-58
-161
-238
-407
-571
-708
-914
-1053
-1150
-1238
-1277
-1337
-1328
-1238
-1171
-1066
-911
-778
-618
-402
-247
-32
116
271
503
735
926
1136
1375
1567
1740
1927
2113
2262
2451
2597
2742
2835
2869
2920
2906
2831
2754
2656
2487
2284
2056
1829
1563
1240
980
746
424
117
-72
-344
-582
-786
-1006
-1092
-1221
-1367
-1454
-1533
-1663
-1715
-1778
-1819
-1895
-1969
-1936
-1929
-1897
-1827
-1707
-1611
-1480
-1291
-1171
-1019
-846
-710
-566
-395
-248
-255
-189
-88
-107
-70
-88
-157
-173
-206
-273
-329
-438
-619
-718
-917
-1049
-1169
-1346
-1327
-1391
-1486
-1440
-1410
-1369
-1232
-1171
-1016
-749
-601
-367
-134
38
328
567
769
1084
1351
1557
1821
2042
2251
2502
2651
2818
2978
3050
3107
3122
3071
3056
2959
2843
2780
2591
2400
2251
1988
1678
1403
1089
774
473
186
-113
-379
-661
-877
-1057
-1278
-1421
-1576
-1726
-1833
-1907
-2029
-2067
-2114
-2166
-2110
-2072
-1938
-1855
-1806
-1676
-1534
-1423
-1263
-1144
-1041
-881
-788
-626
-509
-460
-277
-173
-218
-95
-74
-96
4
-97
-118
-169
-377
-438
-547
-842
-934
-1096
-1350
-1392
-1559
-1699
-1668
-1779
-1737
-1589
-1603
-1364
-1142
-1018
-651
-421
-242
200
442
687
1061
1273
1564
1860
2035
2272
2511
2639
2844
2994
3052
3169
3217
3239
3273
3228
3175
3104
2931
2743
2572
2330
2048
1752
1417
1093
804
421
110
-155
-458
-678
-938
-1175
-1299
-1418
-1590
-1657
-1799
-1950
-1953
-1999
-2014
-2005
-2017
-1947
-1900
-1892
-1722
-1616
-1607
-1359
-1264
-1245
-1001
-898
-864
-703
-648
-618
-506
-493
-427
-387
-480
-422
-420
-519
-498
-604
-801
-840
-1054
-1301
-1347
-1544
-1755
-1797
-1911
-1896
-1807
-1817
-1604
-1448
-1320
-974
-704
-461
-61
186
434
839
1024
1308
1641
1833
2129
2299
2431
2727
2898
2928
3203
3287
3258
3486
3475
3441
3510
3383
3312
3156
2886
2726
2455
2032
1798
1441
965
713
296
-95
-311
-658
-883
-1056
-1328
-1440
-1594
-1828
-1845
-1940
-2113
-2046
-2132
-2197
-2139
-2203
-2197
-2132
-2104
-1996
-1859
-1819
-1594
-1467
-1417
-1210
-1109
-1053
-884
-824
-776
-636
-585
-527
-441
-498
-441
-424
-531
-557
-687
-828
-917
-1144
-1288
-1356
-1507
-1659
-1648
-1657
-1657
-1497
-1388
-1170
-964
-791
-534
-297
-24
342
600
775
1114
1329
1564
1827
1972
2163
2331
2452
2680
2850
2910
3135
3210
3228
3416
3445
3394
3412
3308
3229
3096
2814
2592
2299
1889
1615
1202
715
451
81
-229
-427
-714
-888
-1021
-1252
-1401
-1479
-1649
-1650
-1796
-1967
-1960
-2115
-2191
-2222
-2379
-2361
-2320
-2354
-2203
-2129
-2114
-1942
-1835
-1695
-1481
-1361
-1203
-1050
-996
-836
-689
-716
-650
-615
-651
-621
-607
-641
-720
-842
-944
-1027
-1225
-1292
-1337
-1440
-1437
-1360
-1357
-1262
-1063
-919
-658
-417
-163
115
356
589
858
1016
1223
1486
1643
1863
2067
2213
2396
2505
2589
2805
2919
2982
3172
3258
3307
3415
3387
3334
3297
3176
3059
2804
2486
2271
1909
1475
1169
752
354
48
-328
-604
-819
-1075
-1204
-1312
-1490
-1527
-1607
-1761
-1802
-1951
-2082
-2115
-2261
-2368
-2426
-2558
-2555
-2532
-2505
-2306
-2194
-2060
-1827
-1674
-1439
-1188
-1071
-885
-724
-660
-556
-521
-546
-529
-563
-607
-635
-687
-680
-785
-892
-981
-1135
-1232
-1275
-1377
-1398
-1329
-1309
-1146
-983
-840
-574
-379
-143
95
317
563
817
957
1162
1404
1527
1760
1953
2105
2324
2493
2638
2863
2986
3107
3279
3319
3411
3528
3501
3433
3370
3195
3067
2848
2488
2234
1817
1405
1093
660
249
-78
-402
-631
-838
-1111
-1219
-1360
-1537
-1564
-1648
-1844
-1916
-2057
-2255
-2338
-2477
-2550
-2603
-2703
-2663
-2593
-2543
-2360
-2196
-2076
-1786
-1605
-1429
-1177
-1030
-840
-709
-666
-578
-523
-525
-456
-464
-493
-467
-519
-598
-656
-707
-770
-886
-989
-1064
-1152
-1102
-1077
-1052
-892
-771
-594
-382
-243
-50
149
352
606
809
993
1211
1351
1545
1749
1889
2145
2350
2454
2604
2801
2924
3076
3160
3277
3366
3334
3372
3368
3198
3086
2959
2698
2484
2100
1756
1435
974
645
273
-188
-413
-672
-962
-1086
-1249
-1410
-1520
-1688
-1825
-1876
-2064
-2153
-2274
-2478
-2501
-2617
-2715
-2694
-2763
-2727
-2555
-2483
-2306
-2071
-1941
-1726
-1520
-1391
-1187
-978
-884
-743
-612
-539
-467
-433
-394
-413
-432
-433
-471
-535
-548
-640
-735
-758
-855
-889
-878
-883
-820
-727
-590
-434
-318
-126
128
342
565
761
921
1112
1275
1411
1566
1708
1862
2061
2226
2328
2484
2691
2826
2880
3035
3158
3149
3229
3285
3136
3022
2949
2845
2659
2309
2026
1699
1274
890
577
153
-135
-319
-686
-882
-1008
-1138
-1243
-1388
-1521
-1580
-1727
-1906
-2033
-2250
-2331
-2422
-2592
-2606
-2582
-2614
-2524
-2347
-2283
-2092
-1939
-1785
-1609
-1396
-1188
-1067
-973
-835
-657
-653
-594
-500
-540
-536
-447
-518
-564
-544
-683
-710
-804
-913
-854
-970
-1002
-878
-881
-872
-692
-614
-496
-245
-152
57
260
419
679
804
983
1250
1382
1512
1733
1867
2033
2264
2350
2489
2664
2775
2963
3056
3165
3274
3222
3298
3263
3081
2960
2822
2555
2283
1923
1614
1279
810
533
159
-236
-473
-751
-1012
-1138
-1301
-1468
-1596
-1710
-1787
-1872
-2063
-2173
-2299
-2448
-2458
-2574
-2649
-2622
-2631
-2563
-2415
-2284
-2128
-1999
-1798
-1570
-1411
-1138
-916
-855
-687
-515
-490
-380
-311
-318
-317
-356
-320
-339
-518
-487
-533
-782
-784
-839
-958
-887
-928
-972
-783
-728
-574
-349
-307
-37
211
294
597
782
879
1165
1297
1382
1602
1729
1880
2100
2135
2314
2522
2592
2826
2963
3042
3214
3242
3287
3357
3221
3143
3071
2822
2542
2227
1844
1498
1052
627
278
-109
-423
-753
-1013
-1154
-1276
-1378
-1471
-1602
-1703
-1789
-1945
-2054
-2216
-2366
-2447
-2573
-2619
-2692
-2720
-2576
-2500
-2375
-2099
-1967
-1849
-1506
-1300
-1093
-829
-727
-562
-412
-353
-229
-268
-311
-243
-346
-443
-421
-556
-673
-733
-948
-1008
-1075
-1233
-1191
-1270
-1267
-1095
-1042
-852
-604
-490
-280
-22
116
388
613
745
1006
1157
1313
1541
1629
1836
2092
2148
2359
2590
2718
2966
3079
3208
3378
3402
3506
3608
3450
3363
3265
2971
2770
2389
1950
1629
1167
713
377
-44
-360
-549
-883
-1023
-1125
-1333
-1384
-1479
-1618
-1608
-1774
-1985
-2060
-2308
-2433
-2460
-2628
-2671
-2671
-2672
-2503
-2405
-2277
-1984
-1844
-1640
-1332
-1219
-1081
-856
-760
-631
-565
-537
-462
-474
-507
-515
-550
-648
-662
-774
-870
-922
-1010
-1097
-1184
-1230
-1237
-1213
-1181
-1072
-955
-781
-606
-432
-183
50
302
553
751
957
1190
1402
1584
1739
1959
2194
2338
2509
2711
2879
3107
3229
3290
3462
3519
3525
3632
3515
3389
3341
3060
2797
2488
2065
1691
1306
824
496
152
-223
-402
-738
-981
-1062
-1238
-1353
-1440
-1634
-1713
-1748
-1933
-2005
-2190
-2375
-2416
-2544
-2684
-2667
-2643
-2580
-2442
-2330
-2127
-1952
-1801
-1503
-1335
-1256
-990
-878
-858
-708
-639
-682
-613
-638
-746
-764
-860
-920
-939
-1073
-1131
-1135
-1312
-1370
-1306
-1304
-1238
-1107
-1114
-883
-634
-510
-233
-56
156
479
710
885
1177
1324
1493
1720
1857
2067
2322
2395
2542
2785
2869
3129
3349
3354
3536
3630
3577
3662
3577
3367
3323
3076
2729
2531
2084
1684
1404
894
507
214
-260
-517
-742
-1084
-1123
-1288
-1522
-1553
-1739
-1873
-1861
-2108
-2242
-2294
-2567
-2612
-2607
-2753
-2714
-2674
-2648
-2423
-2258
-2093
-1797
-1617
-1471
-1191
-997
-827
-700
-652
-566
-517
-498
-538
-611
-644
-725
-760
-827
-986
-1002
-1075
-1264
-1253
-1272
-1393
-1193
-1203
-1225
-996
-909
-770
-532
-430
-207
98
202
520
758
895
1261
1430
1546
1828
2023
2244
2496
2541
2756
3071
3157
3335
3490
3534
3678
3756
3714
3719
3590
3457
3322
3013
2657
2332
1906
1450
1030
628
243
-135
-451
-716
-923
-1115
-1288
-1440
-1622
-1772
-1915
-2083
-2249
-2412
-2611
-2777
-2915
-3040
-3038
-3058
-3050
-2912
-2753
-2535
-2299
-2133
-1835
-1551
-1414
-1091
-819
-740
-498
-406
-481
-311
-346
-471
-355
-475
-549
-493
-713
-776
-795
-1074
-1069
-1073
-1237
-1080
-1029
-1132
-937
-856
-810
-520
-452
-332
0
129
425
700
744
1058
1305
1406
1708
1914
2066
2356
2545
2702
2948
3094
3339
3473
3513
3714
3774
3784
3848
3755
3606
3470
3188
2869
2512
2113
1746
1287
822
472
103
-270
-544
-859
-1085
-1214
-1423
-1641
-1823
-1987
-2127
-2344
-2572
-2714
-2911
-3064
-3176
-3288
-3264
-3208
-3103
-2957
-2763
-2485
-2247
-1980
-1699
-1447
-1185
-874
-752
-664
-463
-411
-324
-311
-364
-327
-315
-360
-389
-459
-561
-645
-801
-931
-990
-1033
-1026
-1020
-1021
-918
-799
-644
-569
-429
-248
-104
64
255
431
641
915
1101
1328
1554
1776
2041
2248
2393
2680
2910
3099
3348
3477
3561
3731
3803
3781
3818
3753
3620
3487
3230
2985
2668
2222
1855
1446
967
615
227
-153
-423
-762
-1031
-1241
-1462
-1649
-1808
-2000
-2163
-2357
-2648
-2818
-3035
-3269
-3315
-3391
-3451
-3346
-3216
-3060
-2801
-2580
-2311
-1982
-1770
-1514
-1188
-1025
-887
-609
-542
-509
-304
-278
-249
-158
-243
-242
-257
-366
-406
-512
-716
-659
-760
-922
-761
-820
-924
-748
-737
-728
-486
-465
-342
-93
2
268
472
520
833
1034
1154
1514
1721
1865
2211
2368
2552
2831
3042
3267
3433
3558
3745
3866
3872
3972
3882
3742
3659
3420
3097
2753
2385
1949
1485
1054
682
294
-17
-307
-641
-862
-1048
-1317
-1552
-1767
-2012
-2248
-2528
-2766
-2978
-3253
-3417
-3530
-3663
-3635
-3519
-3420
-3246
-3014
-2728
-2420
-2185
-1910
-1638
-1386
-1089
-915
-800
-580
-488
-359
-212
-251
-190
-76
-180
-228
-220
-315
-365
-476
-674
-717
-692
-754
-745
-801
-779
-641
-583
-561
-450
-305
-131
66
213
392
653
825
1004
1245
1461
1692
1940
2122
2313
2618
2819
3003
3199
3290
3498
3627
3655
3723
3757
3697
3634
3517
3209
3031
2746
2362
2067
1634
1227
904
490
116
-156
-437
-675
-924
-1202
-1383
-1609
-1870
-2066
-2343
-2603
-2755
-3021
-3235
-3335
-3473
-3488
-3457
-3407
-3166
-2957
-2768
-2459
-2218
-1989
-1670
-1422
-1259
-1036
-878
-776
-601
-479
-376
-291
-296
-234
-217
-319
-256
-302
-478
-491
-614
-793
-796
-820
-920
-902
-869
-812
-640
-618
-468
-283
-206
25
198
345
617
863
1010
1276
1531
1734
1966
2199
2432
2624
2790
2995
3175
3286
3429
3595
3621
3663
3763
3743
3633
3476
3315
3070
2779
2393
1992
1617
1194
812
475
102
-122
-362
-707
-902
-1120
-1386
-1534
-1772
-2053
-2215
-2452
-2701
-2866
-3132
-3269
-3318
-3419
-3325
-3221
-3144
-2872
-2633
-2496
-2162
-1859
-1701
-1481
-1247
-1085
-962
-824
-673
-627
-591
-448
-357
-331
-324
-300
-360
-485
-563
-614
-778
-899
-876
-944
-982
-914
-937
-840
-728
-680
-531
-402
-243
-8
141
298
616
789
1014
1309
1473
1699
1971
2150
2332
2546
2739
2985
3120
3235
3470
3530
3633
3768
3736
3733
3678
3518
3347
3122
2804
2514
2142
1715
1355
963
588
245
-90
-347
-570
-813
-1007
-1219
-1418
-1605
-1806
-2095
-2367
-2593
-2827
-3035
-3190
-3317
-3356
-3340
-3262
-3090
-2914
-2667
-2397
-2200
-1972
-1656
-1499
-1282
-1004
-1005
-879
-711
-712
-615
-492
-534
-412
-422
-502
-362
-529
-617
-593
-841
-955
-812
-973
-1048
-931
-985
-837
-711
-706
-473
-386
-325
7
138
242
612
730
875
1269
1459
1743
2067
2286
2512
2750
2910
3101
3248
3357
3543
3618
3635
3707
3711
3641
3564
3441
3204
2972
2708
2320
1970
1624
1253
924
571
255
23
-269
-560
-770
-1001
-1203
-1387
-1706
-1980
-2152
-2401
-2651
-2839
-3120
-3245
-3314
-3398
-3279
-3256
-3109
-2767
-2623
-2377
-2003
-1883
-1660
-1318
-1282
-1132
-882
-923
-842
-759
-734
-586
-545
-576
-554
-590
-586
-569
-715
-784
-791
-865
-875
-942
-1010
-993
-967
-829
-741
-704
-497
-330
-207
-13
151
345
624
785
1013
1312
1523
1799
2036
2217
2543
2729
2857
3097
3251
3375
3554
3626
3646
3702
3708
3735
3610
3403
3274
3060
2732
2433
2084
1689
1350
977
611
306
63
-191
-478
-721
-872
-1134
-1397
-1635
-1916
-2160
-2371
-2619
-2866
-3012
-3106
-3210
-3243
-3164
-3095
-2929
-2715
-2546
-2340
-2079
-1866
-1686
-1536
-1332
-1110
-1042
-953
-880
-862
-764
-731
-757
-720
-715
-655
-663
-849
-880
-908
-1066
-989
-935
-1107
-1028
-965
-984
-792
-767
-660
-466
-392
-186
94
181
421
704
798
1119
1389
1544
1838
2096
2273
2554
2705
2909
3173
3214
3361
3607
3589
3681
3829
3764
3717
3590
3369
3203
2968
2594
2278
1921
1533
1232
814
456
236
-95
-365
-559
-803
-991
-1158
-1435
-1665
-1917
-2121
-2320
-2607
-2831
-2967
-3133
-3269
-3250
-3204
-3072
-2906
-2716
-2496
-2274
-2066
-1857
-1628
-1513
-1347
-1157
-1059
-1008
-910
-839
-817
-672
-643
-678
-605
-616
-680
-744
-832
-906
-932
-961
-893
-912
-974
-856
-752
-667
-551
-424
-339
-180
1
146
299
484
682
885
1083
1329
1594
1829
2064
2288
2521
2736
2968
3120
3239
3440
3568
3635
3709
3769
3757
3687
3575
3415
3184
2886
2606
2278
1866
1529
1195
842
508
193
-84
-303
-521
-760
-993
-1212
-1440
-1695
-1981
-2256
-2478
-2760
-2989
-3103
-3206
-3312
-3378
-3347
-3168
-3021
-2886
-2584
-2347
-2156
-1872
-1605
-1441
-1294
-1116
-1003
-939
-874
-782
-713
-709
-644
-657
-733
-669
-671
-801
-836
-883
-928
-860
-869
-921
-868
-835
-741
-588
-560
-467
-295
-173
14
226
324
534
751
861
1116
1380
1582
1888
2091
2322
2570
2692
2892
3120
3191
3395
3621
3583
3694
3797
3721
3684
3576
3368
3186
2862
2534
2231
1803
1463
1173
747
451
257
-35
-276
-494
-769
-943
-1155
-1450
-1705
-2024
-2266
-2481
-2818
-3042
-3164
-3332
-3391
-3338
-3316
-3185
-2935
-2762
-2562
-2277
-2025
-1828
-1604
-1442
-1243
-1125
-1054
-889
-841
-873
-713
-634
-738
-699
-606
-632
-682
-708
-776
-851
-845
-762
-829
-913
-795
-724
-714
-624
-506
-468
-346
-145
-1
127
298
515
713
921
1219
1461
1662
1956
2192
2385
2640
2876
2996
3164
3308
3430
3547
3642
3659
3702
3717
3589
3482
3288
3090
2841
2447
2127
1850
1454
1077
782
404
125
-56
-322
-569
-775
-1049
-1285
-1555
-1869
-2090
-2386
-2650
-2908
-3181
-3307
-3360
-3419
-3377
-3272
-3129
-2896
-2757
-2555
-2313
-2125
-1817
-1578
-1426
-1213
-1040
-1012
-915
-836
-809
-644
-587
-659
-641
-564
-555
-613
-705
-785
-783
-763
-767
-791
-814
-758
-654
-592
-522
-411
-333
-211
-37
104
238
454
668
776
1023
1272
1483
1711
1911
2162
2446
2672
2832
3021
3172
3341
3465
3532
3605
3660
3679
3613
3521
3327
3142
2939
2624
2294
1984
1668
1320
983
703
438
201
-43
-313
-548
-807
-1026
-1244
-1554
-1848
-2073
-2395
-2673
-2907
-3190
-3356
-3451
-3523
-3494
-3391
-3206
-2992
-2831
-2525
-2226
-2069
-1771
-1526
-1415
-1172
-1011
-1006
-921
-841
-812
-715
-667
-666
-619
-555
-495
-527
-581
-559
-591
-619
-556
-561
-605
-578
-530
-468
-407
-338
-205
-147
-38
140
230
384
587
695
871
1110
1317
1592
1816
2051
2330
2517
2737
2996
3162
3218
3375
3499
3524
3579
3613
3552
3435
3294
3120
2909
2667
2362
2057
1746
1425
1153
848
552
338
58
-167
-343
-634
-941
-1139
-1475
-1841
-2116
-2437
-2742
-3013
-3235
-3407
-3498
-3502
-3467
-3347
-3125
-2908
-2722
-2490
-2211
-2045
-1777
-1593
-1477
-1297
-1199
-1137
-997
-959
-946
-758
-736
-714
-573
-536
-486
-404
-513
-537
-519
-558
-514
-553
-679
-597
-541
-544
-451
-439
-365
-207
-109
3
184
366
558
724
838
1097
1364
1563
1839
2091
2288
2558
2772
2892
3023
3151
3261
3339
3439
3466
3457
3466
3402
3295
3140
2955
2764
2519
2234
1968
1697
1347
1046
743
432
262
9
-308
-575
-821
-1105
-1394
-1698
-2022
-2324
-2637
-2877
-3086
-3313
-3405
-3425
-3378
-3297
-3180
-2957
-2767
-2587
-2344
-2122
-1944
-1710
-1602
-1490
-1298
-1238
-1127
-982
-970
-878
-697
-707
-658
-477
-442
-440
-414
-458
-482
-522
-564
-507
-588
-674
-609
-618
-623
-522
-448
-391
-250
-113
38
200
398
648
801
998
1314
1604
1804
2045
2248
2455
2666
2803
2931
3093
3192
3220
3347
3411
3394
3455
3399
3265
3189
3028
2881
2693
2367
2152
1935
1529
1248
926
557
323
32
-319
-506
-795
-1102
-1314
-1672
-1981
-2239
-2564
-2766
-2955
-3193
-3256
-3296
-3371
-3344
-3190
-3027
-2838
-2617
-2409
-2185
-1935
-1697
-1540
-1426
-1238
-1138
-1043
-911
-857
-747
-597
-529
-494
-456
-357
-258
-269
-300
-329
-425
-508
-500
-620
-766
-751
-732
-776
-752
-677
-633
-517
-395
-212
-14
163
429
594
745
1079
1410
1568
1811
2036
2177
2441
2627
2743
2905
3018
3112
3226
3298
3361
3443
3452
3418
3384
3251
3104
2936
2615
2324
2126
1797
1441
1137
796
478
251
-80
-412
-683
-951
-1173
-1460
-1814
-2051
-2313
-2572
-2751
-2982
-3160
-3214
-3267
-3277
-3171
-3029
-2851
-2647
-2512
-2326
-2095
-1901
-1731
-1573
-1464
-1323
-1149
-1065
-986
-903
-742
-623
-509
-453
-345
-275
-247
-280
-337
-367
-468
-505
-570
-708
-750
-751
-755
-683
-655
-584
-443
-305
-167
13
159
384
646
820
1036
1326
1545
1772
1929
2083
2269
2457
2618
2707
2803
2932
3096
3148
3189
3274
3326
3314
3262
3154
3003
2885
2667
2389
2142
1798
1534
1232
894
640
318
-30
-289
-569
-889
-1127
-1380
-1654
-1887
-2204
-2438
-2608
-2836
-2937
-3001
-3093
-3064
-3008
-2934
-2781
-2644
-2507
-2353
-2178
-1972
-1838
-1694
-1498
-1405
-1237
-1077
-977
-824
-666
-582
-468
-444
-436
-264
-237
-270
-298
-366
-445
-505
-623
-682
-762
-847
-830
-829
-805
-687
-587
-497
-244
-57
137
387
596
810
1017
1267
1528
1720
1905
2101
2265
2423
2577
2670
2749
2899
3072
3135
3197
3327
3380
3364
3357
3240
3075
2948
2740
2450
2153
1892
1605
1234
839
521
216
-58
-272
-592
-878
-1112
-1366
-1633
-1882
-2146
-2396
-2638
-2849
-2956
-3059
-3131
-3110
-3039
-2964
-2821
-2702
-2591
-2438
-2201
-2007
-1857
-1673
-1532
-1402
-1164
-1016
-933
-768
-650
-533
-354
-314
-290
-176
-165
-277
-363
-434
-492
-522
-613
-711
-788
-788
-751
-690
-709
-630
-459
-354
-212
-26
170
396
641
831
1058
1285
1511
1733
1835
1986
2236
2373
2472
2557
2601
2775
2933
2982
3104
3209
3240
3279
3256
3136
3062
2910
2719
2462
2145
1842
1560
1181
781
533
235
-39
-300
-641
-891
-1082
-1367
-1586
-1795
-2040
-2224
-2456
-2696
-2819
-2884
-2969
-3001
-2981
-2950
-2788
-2644
-2532
-2394
-2215
-1958
-1822
-1718
-1463
-1294
-1202
-948
-818
-708
-503
-398
-353
-363
-376
-267
-241
-377
-433
-479
-587
-567
-590
-738
-808
-801
-796
-772
-726
-655
-515
-425
-244
-47
115
334
564
754
957
1262
1514
1686
1874
1996
2082
2256
2405
2469
2605
2776
2879
2998
3091
3202
3243
3232
3295
3215
3054
2945
2708
2407
2174
1895
1549
1195
849
562
290
-27
-254
-504
-741
-946
-1153
-1387
-1575
-1817
-2115
-2278
-2435
-2637
-2787
-2856
-2897
-2916
-2928
-2823
-2710
-2622
-2488
-2329
-2203
-2038
-1828
-1704
-1518
-1311
-1153
-995
-807
-610
-474
-395
-330
-272
-225
-208
-269
-401
-499
-567
-665
-751
-805
-886
-967
-911
-828
-810
-742
-600
-468
-269
-37
181
422
656
876
1025
1213
1489
1665
1780
1956
2114
2278
2405
2496
2629
2756
2862
2962
3065
3103
3227
3253
3214
3225
3097
2944
2785
2552
2265
1969
1651
1334
968
590
320
31
-307
-532
-811
-1040
-1193
-1401
-1597
-1742
-1921
-2119
-2260
-2419
-2583
-2654
-2751
-2844
-2865
-2822
-2759
-2650
-2543
-2439
-2243
-2042
-1878
-1680
-1470
-1361
-1168
-948
-850
-680
-481
-416
-354
-324
-313
-265
-320
-434
-497
-604
-676
-692
-775
-855
-867
-866
-854
-753
-636
-562
-413
-170
5
189
441
630
827
985
1154
1452
1657
1760
1883
1976
2140
2365
2439
2549
2726
2870
2998
3083
3154
3214
3139
3132
3181
3023
2848
2693
2429
2179
1852
1520
1216
871
512
224
-94
-330
-507
-787
-1005
-1148
-1303
-1492
-1643
-1895
-2087
-2257
-2427
-2524
-2643
-2748
-2777
-2820
-2785
-2660
-2641
-2554
-2406
-2302
-2149
-1881
-1685
-1566
-1284
-1058
-875
-706
-594
-476
-316
-233
-231
-229
-261
-275
-350
-526
-620
-620
-704
-745
-768
-834
-809
-686
-700
-620
-496
-390
-216
-78
50
295
493
703
963
1113
1349
1656
1791
1828
2013
2158
2243
2349
2408
2427
2547
2791
2792
2834
2974
3085
3165
3108
3059
3019
2806
2620
2395
1994
1709
1459
1059
637
342
43
-164
-375
-687
-909
-1052
-1198
-1332
-1553
-1747
-1799
-1991
-2191
-2313
-2493
-2645
-2679
-2807
-2862
-2730
-2637
-2549
-2462
-2367
-2168
-1905
-1767
-1608
-1371
-1230
-1033
-833
-760
-597
-408
-323
-247
-270
-279
-182
-283
-438
-559
-665
-708
-736
-842
-903
-885
-849
-755
-723
-630
-462
-275
-66
120
268
509
730
910
1092
1241
1480
1709
1741
1785
1979
2141
2267
2345
2415
2535
2692
2836
2869
2874
2907
2955
2959
2885
2801
2698
2538
2327
2062
1752
1490
1189
769
403
150
-92
-293
-555
-786
-911
-1083
-1225
-1375
-1568
-1686
-1829
-2024
-2201
-2342
-2484
-2562
-2632
-2691
-2633
-2584
-2573
-2489
-2407
-2251
-2034
-1868
-1642
-1414
-1227
-1024
-855
-738
-596
-468
-390
-298
-277
-287
-251
-285
-355
-391
-458
-552
-564
-635
-691
-644
-725
-724
-593
-589
-489
-302
-195
-21
159
334
566
768
961
1218
1368
1519
1760
1843
1864
2010
2161
2237
2332
2384
2413
2554
2674
2713
2757
2805
2819
2843
2764
2647
2545
2357
2127
1876
1582
1297
1020
649
308
46
-205
-413
-643
-883
-1055
-1203
-1302
-1383
-1534
-1707
-1832
-1962
-2103
-2262
-2390
-2479
-2539
-2527
-2513
-2463
-2380
-2322
-2236
-2052
-1884
-1773
-1568
-1386
-1283
-1087
-888
-755
-632
-500
-389
-340
-279
-226
-218
-217
-280
-335
-487
-620
-649
-722
-810
-814
-839
-842
-694
-584
-492
-336
-197
-9
215
356
580
827
1005
1221
1377
1487
1691
1842
1870
2031
2199
2279
2406
2447
2411
2529
2667
2671
2692
2683
2675
2751
2699
2576
2517
2335
2099
1910
1605
1330
1065
665
317
37
-261
-481
-718
-987
-1142
-1241
-1334
-1441
-1608
-1791
-1848
-1935
-2090
-2217
-2329
-2418
-2469
-2485
-2523
-2488
-2404
-2363
-2262
-2080
-1897
-1684
-1493
-1332
-1137
-931
-744
-628
-549
-465
-294
-170
-139
-119
-145
-167
-191
-287
-359
-483
-587
-602
-717
-758
-724
-775
-718
-570
-506
-342
-146
-3
191
377
589
818
992
1140
1283
1414
1598
1782
1899
1918
2012
2190
2290
2329
2390
2383
2461
2592
2548
2566
2595
2550
2576
2536
2376
2209
1998
1734
1522
1214
885
658
299
13
-208
-476
-653
-807
-1062
-1223
-1278
-1408
-1495
-1625
-1749
-1827
-1898
-2001
-2091
-2136
-2225
-2264
-2284
-2278
-2281
-2231
-2181
-2148
-1990
-1838
-1674
-1458
-1245
-989
-757
-638
-492
-369
-326
-209
-148
-157
-202
-236
-242
-307
-368
-479
-616
-675
-727
-766
-752
-731
-730
-625
-512
-369
-159
-2
165
360
521
731
929
1085
1210
1356
1472
1624
1710
1768
1952
2014
2111
2285
2337
2429
2548
2536
2598
2641
2618
2607
2607
2479
2362
2230
1982
1736
1468
1201
943
634
255
11
-238
-522
-697
-882
-1035
-1109
-1219
-1323
-1388
-1513
-1617
-1712
-1847
-1934
-2049
-2138
-2177
-2235
-2286
-2257
-2211
-2186
-2062
-1903
-1775
-1608
-1431
-1255
-1103
-925
-757
-578
-460
-352
-232
-193
-158
-79
-70
-169
-231
-295
-369
-472
-584
-718
-789
-724
-715
-706
-664
-589
-485
-381
-238
-84
57
206
370
475
611
793
909
1033
1167
1280
1438
1589
1688
1817
2014
2179
2339
2404
2492
2660
2725
2755
2785
2741
2673
2590
2439
2269
2091
1924
1668
1384
1091
783
518
185
-90
-339
-603
-791
-973
-1133
-1285
-1410
-1528
-1631
-1740
-1903
-2016
-2102
-2224
-2369
-2426
-2437
-2416
-2393
-2375
-2274
-2139
-2028
-1855
-1635
-1471
-1260
-1027
-864
-677
-445
-323
-210
-110
-91
-78
-54
-58
-41
-91
-148
-147
-239
-356
-406
-465
-536
-536
-518
-519
-428
-342
-258
-119
-16
78
256
382
524
651
726
866
947
1026
1111
1260
1418
1531
1662
1797
1993
2141
2260
2378
2482
2567
2663
2672
2628
2612
2509
2374
2223
2023
1801
1580
1320
1012
769
484
232
-16
-285
-498
-668
-870
-1027
-1185
-1339
-1463
-1642
-1758
-1894
-2032
-2164
-2279
-2368
-2450
-2483
-2468
-2439
-2441
-2326
-2186
-2075
-1869
-1659
-1477
-1206
-1015
-869
-608
-508
-412
-201
-164
-150
-42
-23
-4
16
-68
-110
-92
-157
-144
-231
-325
-265
-302
-295
-202
-154
-96
34
135
196
260
354
456
512
584
657
780
855
939
1076
1148
1300
1441
1563
1639
1768
1864
2003
2137
2176
2239
2290
2316
2336
2279
2162
2079
1876
1704
1561
1320
1077
899
660
446
266
34
-152
-346
-520
-670
-835
-1006
-1126
-1294
-1393
-1454
-1561
-1706
-1874
-1970
-2087
-2183
-2253
-2247
-2275
-2248
-2164
-2067
-1932
-1765
-1608
-1448
-1251
-1071
-867
-721
-589
-476
-375
-274
-227
-189
-159
-154
-154
-142
-118
-146
-162
-199
-196
-183
-174
-136
-142
-108
-46
5
56
90
165
225
285
364
486
592
678
794
890
1002
1093
1184
1223
1346
1495
1558
1656
1743
1820
1917
1970
2026
2037
2027
2051
1999
1900
1841
1748
1588
1465
1303
1113
956
729
537
329
135
-30
-215
-409
-557
-668
-810
-951
-1059
-1167
-1262
-1361
-1490
-1591
-1713
-1779
-1882
-1942
-1958
-1991
-1977
-1950
-1897
-1797
-1670
-1557
-1459
-1284
-1149
-1038
-838
-737
-640
-506
-511
-487
-409
-460
-435
-343
-364
-281
-212
-220
-138
-87
-142
-59
-9
-62
36
46
44
140
147
139
262
303
334
471
532
602
723
781
849
990
1063
1170
1266
1283
1373
1476
1469
1505
1554
1512
1526
1594
1548
1548
1575
1484
1436
1410
1354
1302
1150
988
943
788
640
558
367
187
73
-113
-266
-370
-539
-641
-731
-839
-894
-972
-1072
-1122
-1187
-1248
-1276
-1346
-1442
-1468
-1462
-1501
-1451
-1355
-1349
-1285
-1194
-1125
-1071
-966
-931
-872
-774
-760
-695
-659
-661
-624
-589
-571
-504
-470
-481
-379
-287
-287
-189
-151
-155
-65
-64
-54
1
-3
27
100
108
179
278
282
344
456
533
665
784
865
926
1013
1107
1206
1280
1287
1339
1375
1369
1402
1390
1353
1298
1213
1167
1174
1134
1041
1054
1011
967
922
785
750
676
526
427
347
182
55
-86
-233
-326
-458
-550
-592
-690
-744
-780
-845
-867
-899
-932
-935
-973
-1005
-979
-974
-1001
-1028
-1031
-1009
-1007
-981
-973
-951
-884
-886
-879
-828
-826
-769
-710
-710
-641
-675
-662
-550
-514
-511
-411
-389
-361
-252
-247
-199
-120
-92
27
73
59
143
148
152
275
324
312
406
468
534
623
664
737
819
872
969
995
985
1057
1089
1091
1113
1108
1065
1006
954
902
851
758
711
680
635
617
623
574
517
495
441
384
350
288
203
94
5
-57
-152
-237
-298
-344
-376
-375
-419
-430
-426
-429
-416
-424
-441
-465
-454
-462
-479
-550
-602
-604
-639
-695
-691
-675
-701
-696
-672
-686
-692
-661
-690
-716
-711
-719
-696
-658
-624
-574
-540
-501
-445
-392
-351
-292
-270
-256
-167
-116
-93
-19
48
110
194
300
412
471
528
596
622
680
696
702
730
705
713
717
691
747
737
672
699
660
597
586
503
439
391
311
221
203
152
117
87
31
39
16
-47
-38
-23
-57
-61
-48
-58
-66
-19
-17
-3
34
23
36
76
86
87
64
64
59
29
-5
-21
-61
-121
-109
-118
-141
-142
-171
-208
-253
-289
-315
-381
-419
-455
-517
-542
-566
-595
-610
-614
-623
-621
-605
-623
-576
-541
-498
-443
-396
-323
-236
-156
-98
-2
53
116
174
230
284
313
339
394
435
490
546
566
578
608
656
646
614
592
553
517
453
406
320
245
157
97
13
-97
-189
-246
-254
-313
-355
-353
-356
-346
-310
-308
-298
-299
-276
-242
-218
-161
-55
-24
-3
68
124
159
197
237
264
296
322
336
344
380
411
414
399
407
395
364
326
262
182
152
138
47
5
-25
-124
-165
-180
-259
-267
-306
-312
-317
-340
-330
-312
-320
-337
-321
-359
-339
-352
-346
-306
-275
-191
-144
-93
-11
36
74
115
175
171
182
200
189
243
235
252
239
214
236
213
203
200
141
113
73
27
-17
-95
-157
-226
-277
-323
-408
-496
-523
-531
-575
-591
-616
-630
-560
-526
-488
-438
-407
-344
-282
-231
-170
-106
-51
37
102
177
214
262
315
366
442
504
541
553
605
592
564
579
579
570
531
497
451
390
341
308
224
200
156
132
165
136
107
93
56
66
62
26
47
67
55
57
98
83
80
111
125
165
212
217
262
312
308
299
298
271
286
265
218
220
187
77
37
37
-55
-104
-163
-294
-327
-383
-555
-573
-652
-747
-763
-860
-885
-882
-932
-945
-915
-953
-954
-876
-877
-848
-736
-748
-681
-581
-524
-423
-320
-268
-230
-152
-61
14
91
115
210
313
336
470
447
461
540
516
505
563
513
473
462
427
415
397
370
356
365
301
329
342
298
341
342
311
319
331
291
311
342
291
269
261
246
295
329
285
351
342
369
460
471
501
571
551
540
609
599
582
610
580
543
544
478
428
352
258
212
109
-1
-61
-166
-290
-353
-464
-568
-602
-704
-805
-870
-999
-1054
-1122
-1163
-1242
-1257
-1224
-1236
-1193
-1168
-1150
-1136
-1078
-978
-882
-834
-746
-670
-598
-495
-347
-300
-211
-60
21
120
208
263
374
418
446
521
588
550
567
581
515
523
506
467
451
452
430
405
405
338
335
336
247
251
241
178
200
185
169
175
150
152
193
249
282
351
388
429
527
560
588
661
637
670
723
701
724
730
682
677
661
616
578
522
424
348
292
154
95
53
-43
-117
-180
-277
-321
-360
-423
-471
-551
-655
-635
-665
-772
-785
-816
-853
-806
-784
-838
-802
-815
-777
-679
-631
-613
-552
-516
-490
-425
-437
-416
-369
-381
-309
-228
-258
-196
-195
-246
-191
-168
-186
-168
-127
-136
-88
-44
-33
25
21
47
115
126
116
147
167
149
205
195
208
298
304
346
413
351
370
446
435
489
529
501
529
562
542
593
603
580
638
614
589
600
494
443
407
306
301
285
243
205
172
118
64
30
-37
-2
-21
-99
-92
-133
-159
-131
-162
-232
-280
-305
-253
-178
-210
-232
-231
-237
-122
-73
-127
-79
-90
-65
30
16
-32
-30
-47
-33
19
-1
-51
-62
-88
-109
-131
-181
-221
-271
-253
-250
-272
-304
-366
-366
-363
-379
-395
-458
-393
-419
-435
-375
-412
-414
-400
-303
-254
-263
-180
-180
-141
-30
-38
20
77
148
209
225
332
336
329
390
397
450
464
455
459
448
482
459
380
332
271
229
209
160
63
14
3
-61
-106
-187
-253
-239
-224
-214
-251
-311
-325
-340
-322
-340
-336
-314
-244
-172
-119
-62
-2
29
89
189
242
311
327
345
389
446
438
414
451
430
420
397
349
376
351
297
323
278
229
237
216
189
197
171
105
86
12
-41
-79
-159
-192
-215
-279
-281
-311
-338
-360
-316
-316
-328
-299
-280
-223
-220
-183
-125
-100
-45
15
2
69
91
86
86
87
42
16
30
45
43
4
-73
-77
-80
-128
-131
-149
-153
-156
-173
-211
-227
-261
-290
-327
-388
-407
-421
-438
-435
-403
-391
-406
-357
-358
-331
-276
-233
-165
-100
-62
26
76
111
179
209
223
274
314
331
355
324
340
365
353
354
366
350
392
421
390
403
382
358
357
361
317
301
254
200
183
161
101
52
18
13
19
2
-16
-5
-6
-7
17
-9
40
95
79
93
109
93
119
136
138
136
96
87
101
84
60
54
35
6
-14
-50
-95
-112
-156
-169
-150
-188
-206
-207
-275
-271
-273
-347
-351
-367
-427
-444
-465
-500
-512
-499
-500
-509
-443
-393
-373
-336
-280
-239
-189
-118
-83
-68
-24
38
88
109
162
174
155
232
213
218
275
250
258
260
225
243
268
210
241
261
195
210
252
172
193
143
78
133
88
38
40
39
8
63
82
54
120
109
111
174
132
171
183
144
212
221
198
217
198
212
236
243
207
191
181
133
132
95
52
13
1
10
-19
-57
-62
-78
-77
-113
-187
-238
-259
-273
-291
-319
-364
-370
-389
-402
-375
-406
-415
-388
-366
-312
-292
-291
-282
-229
-210
-171
-124
-114
-70
-29
0
32
50
55
101
123
129
173
151
150
173
142
152
148
115
112
130
108
90
52
44
51
36
-3
-38
-13
-46
-29
-21
-46
-57
-49
-12
-9
-25
-5
28
44
64
87
105
133
196
192
205
185
159
188
172
159
213
209
193
246
234
190
177
164
136
179
129
82
60
6
14
17
-45
-93
-108
-127
-121
-117
-194
-239
-191
-191
-158
-158
-221
-166
-162
-158
-100
-134
-143
-90
-76
-66
-22
-29
-46
10
16
27
59
21
-8
10
-13
-12
24
38
24
33
53
57
66
12
17
10
-48
-17
-74
-114
-76
-107
-118
-89
-138
-178
-175
-167
-164
-144
-141
-148
-71
-58
-38
-16
-40
6
55
90
152
150
155
179
187
214
215
189
169
187
154
128
147
96
107
131
86
98
75
73
40
16
20
-56
-53
-8
-39
-79
-94
-119
-136
-96
-138
-149
-134
-148
-83
-39
-51
-35
-38
-42
21
40
16
71
118
129
138
73
49
55
95
75
67
9
6
48
-2
9
-22
-53
20
22
49
59
22
2
14
48
-2
-28
-77
-111
-79
-111
-157
-173
-189
-141
-126
-105
-130
-103
-36
-11
18
33
33
57
91
108
94
87
73
65
109
85
96
82
50
35
41
22
38
-3
-31
23
3
-5
-17
-35
-25
-19
-51
-81
-100
-116
-87
-60
-122
-123
-109
-145
-98
-100
-85
-61
-25
46
38
55
37
60
102
116
121
80
97
147
165
185
155
106
101
70
100
66
16
31
13
-6
-24
-33
-54
-56
-59
-58
-103
-123
-76
-57
-61
-66
-77
-114
-90
-67
-51
-48
-76
-54
-22
-11
4
45
21
89
146
126
157
151
123
156
166
156
128
79
115
122
100
79
73
8
-2
-4
-38
-49
-96
-72
-86
-108
-128
-160
-219
-193
-174
-186
-191
-211
-196
-166
-147
-180
-159
-132
-101
-64
-40
-61
-21
5
29
60
78
116
149
188
193
166
175
184
216
232
195
162
173
186
176
147
48
7
19
7
9
-12
-76
-80
-86
-70
-40
-111
-166
-166
-167
-149
-131
-177
-145
-131
-150
-98
-116
-139
-87
-63
-54
-34
-38
-13
31
73
97
110
114
198
208
211
242
194
165
189
176
141
121
50
56
23
-7
-38
-58
-83
-143
-136
-157
-164
-161
-193
-200
-208
-184
-153
-148
-142
-124
-123
-106
-94
-63
-60
-35
-17
3
69
133
192
194
201
239
261
259
277
233
229
240
267
281
222
192
173
145
102
72
17
-2
0
14
44
-25
-78
-127
-133
-139
-126
-160
-183
-102
-106
-110
-149
-207
-213
-190
-157
-161
-184
-170
-128
-80
-37
-90
-102
-63
11
74
77
84
67
55
70
70
34
14
33
10
16
28
-19
-42
-42
-42
-62
-98
-113
-98
-75
-129
-146
-154
-177
-134
-112
-104
-115
-110
-68
-43
-55
-83
-96
-67
-33
-3
5
0
42
97
152
148
177
177
178
256
254
224
245
233
285
297
251
245
245
224
208
184
149
87
82
82
33
-1
-31
-27
-56
-66
-78
-135
-112
-103
-119
-109
-147
-132
-123
-110
-99
-151
-137
-119
-80
-68
-78
-43
-39
8
82
95
102
98
102
119
140
138
83
102
79
62
61
4
-33
-41
-32
-26
-62
-109
-102
-93
-106
-103
-137
-155
-133
-149
-137
-182
-222
-176
-134
-116
-121
-105
-97
-64
-25
-26
-42
-32
12
40
69
82
113
128
156
177
174
183
152
165
194
223
217
188
202
198
198
151
105
78
54
22
-16
-44
-93
-120
-133
-124
-154
-185
-187
-184
-154
-180
-227
-218
-219
-210
-193
-165
-155
-188
-163
-132
-111
-103
-55
-26
14
53
49
60
73
117
116
93
102
116
128
156
155
109
67
41
54
26
-10
-7
10
13
38
19
13
-23
-46
-50
-67
-43
-61
-48
5
10
12
17
19
66
35
49
86
88
98
115
142
148
154
158
189
220
204
208
213
183
215
230
203
194
201
215
194
149
92
70
47
18
-26
-48
-77
-101
-143
-167
-197
-225
-224
-232
-240
-256
-244
-247
-241
-265
-250
-257
-285
-274
-255
-243
-252
-251
-206
-165
-141
-106
-88
-84
-69
-59
-36
-7
3
0
16
24
19
1
-9
9
7
9
4
1
-13
-26
-32
-44
-40
-26
8
34
22
17
25
32
45
45
73
89
112
123
107
117
118
165
170
188
216
213
231
241
254
277
287
314
327
340
333
321
324
321
295
280
232
165
146
91
78
27
12
-4
-27
-30
-64
-89
-107
-127
-162
-173
-186
-206
-206
-225
-235
-243
-252
-271
-271
-254
-251
-250
-263
-255
-204
-174
-168
-166
-145
-123
-137
-103
-77
-86
-75
-67
-60
-50
-70
-99
-92
-109
-124
-112
-109
-120
-127
-112
-98
-111
-124
-112
-98
-72
-68
-38
-38
-8
26
13
33
48
65
73
89
94
109
103
88
103
136
163
180
185
205
223
240
257
280
290
303
323
331
334
325
295
302
283
234
217
195
152
107
71
53
43
23
-2
-28
-29
-35
-33
-22
-30
-42
-59
-75
-87
-96
-102
-116
-105
-116
-140
-120
-130
-149
-151
-147
-118
-117
-123
