10
10
10
19
18
7
12
12
4
12
18
20
18
20
3
-3
-3
-8
-14
-15
-19
-21
-17
-8
-2
-3
-5
-3
-12
-11
1
-8
-8
-8
-13
-8
-9
-4
0
5
8
6
7
7
7
1
-2
-9
0
4
0
11
8
7
7
8
14
11
9
5
-2
-5
-4
-6
-3
3
-1
3
4
2
7
4
10
8
17
6
14
13
-3
0
-4
2
4
2
-1
1
-2
-4
-20
-25
-29
-20
-21
-12
-10
-16
-13
-16
-12
-8
-5
-2
-2
-2
1
-10
-8
-8
-13
-12
-8
-16
-15
-16
-5
1
-5
-2
4
4
-1
4
12
15
5
2
3
8
18
13
14
15
14
13
8
1
3
-4
6
2
7
13
12
14
12
17
12
15
1
11
-6
-11
-6
-9
-10
-10
1
-4
1
-3
-6
-3
-1
7
-2
4
4
-3
-4
-2
4
1
0
5
1
-3
-5
-16
-15
-15
3
-1
-13
-7
-10
-12
-16
-20
-21
-7
-11
-16
-4
-14
-9
-7
-3
5
13
6
-7
-6
-4
-7
-7
3
3
-2
2
5
5
8
14
11
18
17
16
19
17
20
20
24
23
20
20
15
12
17
18
17
13
10
7
-4
-10
-18
-21
-21
-21
-17
-11
-3
-7
-3
-1
-7
-11
-8
-11
-9
4
4
5
10
-3
-3
-1
-8
5
-2
-1
4
7
4
4
12
9
10
9
10
10
4
0
6
-6
1
1
-6
-1
5
2
0
-3
-3
6
7
-4
-6
0
-4
4
2
-1
11
1
0
1
-4
-7
-1
3
9
6
2
-2
-8
-8
-11
-21
-12
-10
-17
-13
-12
-7
-21
-31
-17
-22
-15
-16
-8
-12
-14
0
-14
-11
-1
-5
0
-3
4
1
-1
-4
-6
17
19
29
28
40
52
45
32
-3
-13
-20
-36
-31
-20
-10
2
8
20
23
27
32
34
32
27
22
7
26
35
27
27
25
9
9
5
-6
1
-2
-3
-7
9
10
7
1
-13
-18
-9
-10
-23
-11
-18
-4
-13
-22
-15
-14
-11
-32
-31
-39
-44
-48
-56
-61
-49
-39
-31
-13
-10
-2
5
7
-5
3
11
22
41
53
56
53
50
30
-9
-45
-94
-139
-145
-146
-126
-69
-33
-4
15
8
-19
-46
-89
-109
-101
-67
-32
16
67
113
140
125
110
108
96
92
100
98
102
120
129
135
139
127
122
122
99
95
83
60
70
71
58
55
40
43
30
-1
-18
-47
-54
-69
-75
-74
-66
-60
-77
-78
-88
-89
-89
-112
-127
-96
-106
-105
-77
-88
-62
-52
-75
-65
-52
-69
-71
-63
-42
0
20
30
59
86
100
101
76
59
49
5
-39
-58
-96
-122
-146
-175
-177
-183
-173
-104
-43
-3
-4
-20
-23
-56
-120
-179
-180
-158
-105
-49
-8
70
137
160
197
200
210
225
235
226
226
229
218
218
215
194
188
166
167
167
165
157
150
141
128
118
82
70
47
17
-5
-29
-86
-88
-98
-102
-102
-125
-113
-104
-126
-148
-148
-195
-186
-151
-177
-157
-125
-131
-105
-100
-116
-99
-93
-97
-73
-59
-56
-44
-28
-8
0
24
30
43
55
48
45
35
18
9
2
-25
-20
-31
-49
-68
-120
-174
-214
-262
-257
-212
-151
-60
-16
8
38
35
-23
-72
-126
-155
-131
-108
-46
42
116
190
252
270
281
308
293
288
281
259
252
250
246
253
245
234
248
255
237
220
232
231
195
181
160
135
128
117
95
77
-9
-76
-116
-153
-207
-229
-243
-221
-163
-175
-189
-172
-163
-187
-242
-311
-298
-262
-264
-251
-202
-143
-82
-84
-108
-114
-123
-166
-179
-170
-131
-68
-31
19
54
56
59
52
49
33
26
-1
12
63
70
87
133
136
129
118
53
28
-16
-82
-135
-203
-257
-271
-289
-263
-162
-94
-45
3
-13
-28
-53
-121
-163
-166
-148
-107
-34
29
122
184
219
266
269
278
294
327
334
361
377
362
375
361
326
304
270
253
257
238
245
277
277
291
276
253
232
171
141
109
56
47
56
28
63
83
68
50
31
-59
-131
-211
-324
-371
-413
-457
-459
-445
-439
-409
-396
-407
-411
-442
-510
-553
-593
-628
-634
-635
-612
-544
-479
-412
-296
-164
-28
77
152
239
298
293
212
111
-34
-161
-272
-351
-360
-316
-185
32
227
410
607
728
781
770
647
505
366
200
69
4
-40
-17
40
84
174
264
308
333
371
430
511
520
526
530
497
443
355
242
169
104
31
-8
-13
10
59
106
155
183
196
220
220
205
185
115
71
68
16
-13
-35
-35
-26
-59
-106
-134
-223
-269
-265
-311
-296
-276
-318
-352
-358
-450
-575
-612
-677
-728
-721
-708
-650
-555
-589
-613
-604
-646
-605
-646
-712
-591
-510
-495
-400
-345
-253
-67
19
93
248
340
410
429
332
219
22
-180
-279
-406
-492
-399
-217
34
350
565
755
940
969
878
729
544
404
267
148
116
141
164
232
322
398
468
504
533
589
630
619
616
621
625
589
519
444
395
337
263
227
222
249
298
371
418
487
586
588
600
596
444
311
195
-32
-176
-373
-571
-559
-569
-524
-458
-477
-318
-175
-279
-343
-412
-573
-609
-781
-1073
-1112
-1097
-1160
-1120
-1159
-1155
-1018
-978
-920
-833
-792
-663
-502
-415
-292
-232
-277
-131
-34
-40
57
108
216
364
343
252
97
-96
-232
-385
-549
-550
-413
-163
224
578
842
1080
1252
1230
1064
799
518
318
177
34
-11
32
135
279
400
469
564
669
744
849
888
878
877
850
765
665
520
385
331
272
260
276
319
454
601
665
730
837
835
711
544
309
73
-112
-338
-548
-578
-617
-666
-596
-605
-644
-503
-551
-687
-629
-699
-685
-600
-794
-891
-850
-934
-976
-1112
-1270
-1200
-1121
-1153
-1108
-1027
-889
-671
-589
-542
-341
-239
-200
-137
-150
-112
-39
-19
75
178
226
252
179
23
-119
-340
-588
-645
-599
-492
-154
282
716
1158
1403
1458
1458
1279
944
607
305
3
-567
-728
-338
38
560
930
1215
1974
2203
1828
1465
969
729
590
73
-58
291
541
788
881
681
826
854
535
618
499
264
504
418
397
387
-131
-220
-278
-595
-638
-836
-942
-539
-576
-777
-647
-821
-778
-625
-995
-1137
-1129
-1370
-1235
-1144
-1302
-1108
-926
-876
-801
-793
-731
-639
-521
-506
-576
-471
-408
-472
-450
-282
-97
-85
24
182
273
346
256
251
365
429
473
461
392
140
-371
-884
-1206
-1433
-1627
-1534
-971
-193
652
1305
1671
1942
1976
1588
974
437
19
-263
-395
-389
-269
-45
236
547
839
1025
1195
1348
1564
1680
1643
1558
1492
1411
1143
826
561
417
342
187
108
202
331
456
575
557
511
484
412
146
-110
-396
-684
-752
-886
-980
-877
-822
-716
-760
-896
-735
-789
-913
-931
-1088
-1083
-953
-940
-735
-622
-713
-815
-1015
-942
-959
-1290
-1118
-695
-398
-152
-119
-179
6
-1412
-2520
-1352
-356
520
1208
1222
2784
3899
2284
629
-289
-594
-421
-1643
-2392
-1277
-493
-315
-133
-444
-249
277
-222
86
793
355
510
957
1115
1208
316
-328
-1
-117
-873
-1053
-1024
-422
495
405
575
1594
2017
2115
2292
1928
1614
1385
751
532
423
-135
-131
349
429
625
749
747
1229
1430
932
704
706
581
474
164
-207
-324
-403
-631
-618
-735
-1091
-809
-694
-883
-412
-428
-505
230
-53
-545
-452
-1325
-1528
-1335
-2027
-1824
-1519
-1519
-522
-191
-427
147
93
-102
84
-255
-492
-393
-667
-670
-572
-698
-512
-463
-446
-101
-119
-448
-485
-631
-703
-572
-605
-417
-5
223
54
-694
-1144
-1022
-998
-1069
-904
-84
1021
1669
1866
1810
1776
1893
1587
975
655
387
205
201
116
63
155
255
600
1001
1146
1235
1414
1566
1688
1439
967
829
775
630
499
506
587
764
873
773
618
433
336
238
81
-15
32
64
182
222
45
-33
-133
-204
-328
-399
-352
-220
-14
44
128
129
-116
-84
-262
-663
-715
-1014
-1164
-845
-860
-964
-995
-1076
-1253
-1412
-1319
-1374
-1513
-1089
-636
-240
55
-61
27
200
-14
-372
-889
-1339
-1196
-1404
-1721
-1408
-1342
-1645
-1631
-1646
-1459
-1113
-1031
-624
131
774
1179
991
163
-355
-661
-862
-809
-1014
-732
453
1365
1647
1640
1501
1894
2013
1456
1096
1045
1081
1091
1072
941
871
799
517
563
730
394
120
368
854
1212
1054
888
1391
1791
1597
1289
1118
1176
1365
824
136
63
-115
-360
-334
-292
-50
258
293
564
822
557
480
487
427
461
202
-10
194
269
-30
-267
-339
-216
-180
-311
-204
-181
-120
-12
-330
-383
-507
-933
-940
-1272
-1475
-1097
-1407
-1467
-928
-1349
-1388
-1111
-1270
-882
-639
-924
-527
-348
-620
-385
-669
-1075
-922
-1287
-1586
-1438
-1919
-2007
-2059
-2586
-2408
-2001
-1744
-1021
-490
62
1215
1676
1270
381
-603
-737
-721
-1290
-1485
-604
741
1862
2231
2133
2376
2730
2317
1535
1038
837
966
800
592
1003
1284
1164
1103
1141
1065
736
177
80
534
859
793
882
1390
1886
1916
1695
1545
1503
1387
936
412
206
161
-10
-96
-55
46
201
266
556
932
929
855
886
824
682
412
-89
-128
-38
-241
-271
-415
-561
-300
-468
-531
-276
-368
-222
43
-406
-504
-600
-1272
-2201
-3606
-4481
-4107
-3064
-2034
-763
693
2023
2723
2270
924
-9
-885
-2151
-2909
-2984
-2582
-1847
-1501
-1337
-736
-179
-91
71
26
-122
0
-759
-1503
-1296
-1614
-1697
-1181
-1044
-139
771
833
1218
863
-494
-1156
-1437
-1472
-1045
-776
-8
1751
2675
2612
2446
2068
1977
1700
599
70
420
708
845
805
828
1173
1359
1006
885
1030
817
822
1106
1308
1599
1623
1365
1562
1607
1188
962
674
716
1055
968
722
1000
1399
1326
1284
963
550
578
240
-213
-265
-549
-478
-52
-93
100
355
221
357
490
180
-8
-160
-324
-142
-222
-512
-392
-445
-626
-809
-1535
-1980
-1909
-2053
-2027
-1829
-1832
-1419
-1024
-887
-881
-1185
-1206
-902
-971
-1050
-1133
-1102
-977
-1049
-1153
-1217
-1178
-1194
-1290
-1435
-1488
-1558
-1860
-1905
-1827
-1765
-1369
-1049
-723
-325
-85
443
847
794
445
-346
-868
-805
-805
-889
-562
185
1213
2059
2351
2480
2598
2519
2420
1969
1512
1471
1435
1261
1168
995
766
343
358
905
937
892
1092
1233
1860
1988
1398
1278
1299
1394
1433
1038
907
960
873
851
643
441
371
510
530
425
268
-80
48
352
383
269
256
421
662
521
-21
-146
-399
-611
-493
-678
-608
-372
-492
-171
194
75
94
-221
-701
-603
-903
-1563
-1612
-1773
-2078
-1672
-1998
-2036
-1165
-1270
-1111
-666
-1145
-726
-690
-1287
-1141
-1459
-1420
-1189
-1537
-1238
-780
-1047
-1241
-1469
-1556
-1408
-1601
-2127
-2169
-1813
-1550
-1119
-810
-480
525
1284
1537
1287
113
-578
-476
-554
-889
-974
-260
1316
2602
2770
2610
2754
2947
2444
1580
928
756
853
766
622
581
656
1131
1367
1177
1218
994
894
1088
741
456
510
712
1177
1321
1267
1592
1695
1337
990
813
550
544
600
441
767
808
477
431
292
209
164
-96
33
394
453
529
600
582
629
452
159
136
-37
-228
-314
-515
-589
-462
-594
-645
-492
-796
-1125
-1347
-1793
-1817
-1866
-2035
-1632
-1503
-1341
-831
-913
-1039
-910
-1425
-1711
-1707
-1820
-1609
-1816
-1649
-1310
-1442
-936
-891
-1140
-609
-931
-1070
-783
-1204
-1013
-1106
-1463
-1070
-927
-1131
-1030
-675
-253
201
315
-130
-685
-896
-629
-369
-422
12
875
1842
2637
2661
2301
2223
2196
1838
1313
975
1000
1129
1087
1109
1197
1110
1121
949
596
1112
1430
1203
1486
1751
1931
2121
1502
1097
1112
1046
1098
1002
919
1162
1247
1059
985
901
685
550
373
222
224
27
-52
170
347
432
331
200
403
438
129
-219
-420
-282
-217
-391
-623
-610
-496
-414
-210
-271
-558
-664
-619
-912
-1220
-1670
-2392
-2250
-1960
-2085
-1792
-1615
-1330
-491
-524
-862
-797
-1134
-1180
-1147
-1479
-1465
-1575
-1718
-1074
-1023
-1549
-1667
-1732
-1397
-1277
-1950
-1946
-1626
-1632
-1579
-1716
-1573
-1114
-641
-57
559
1019
603
-165
-277
-207
-292
-620
-532
611
1866
2329
2345
2442
2712
2691
2093
1458
1228
1312
1217
1133
798
702
1353
1407
1394
1592
1287
1638
1944
1344
1254
1120
888
1111
913
695
1131
1451
1577
1816
1777
1498
1399
1006
691
534
36
-197
-27
104
232
301
365
731
884
738
664
469
291
141
-381
-577
-360
-282
-358
-495
-525
-316
-279
-427
-469
-406
-353
-578
-799
-1143
-1614
-1813
-2140
-2124
-1959
-2028
-1824
-1494
-1417
-1344
-1530
-1754
-1599
-1290
-900
-783
-521
-473
-477
-505
-1383
-2027
-2385
-2885
-2797
-2740
-2521
-1675
-1506
-1370
-930
-686
-288
-422
-408
231
734
858
196
-606
-699
-427
-426
-625
-240
660
1728
2346
2411
2410
2443
2413
2130
1800
1505
1426
1392
1055
1007
1419
1451
1285
1319
1309
1500
1455
942
781
1055
1174
1115
957
1031
1445
1527
1446
1460
1380
1364
1253
965
897
826
624
479
371
313
132
-79
57
531
774
768
971
988
839
719
221
-360
-510
-534
-469
-467
-358
-284
-370
-110
-101
-271
-416
-665
-535
-583
-1367
-1786
-2251
-2389
-1764
-2169
-2206
-1479
-1366
-792
-551
-1082
-760
-887
-1470
-1038
-1053
-1549
-1327
-1545
-1584
-904
-1722
-2559
-2125
-2192
-1889
-1703
-2319
-1855
-1353
-1502
-1271
-1263
-1145
-236
341
606
647
-155
-692
-474
-562
-688
-566
-241
1080
2165
2271
2287
2366
2457
2387
1975
1466
1206
1213
1108
1076
1213
1024
932
1140
1118
589
760
1043
1145
1701
1460
1383
2097
1860
1493
1542
1261
1596
1656
1057
1216
1546
1311
1173
1060
875
1011
770
187
448
675
510
864
830
1051
1422
831
574
540
-70
-338
-438
-736
-400
-207
-445
-134
115
93
198
-236
-564
-829
-1406
-1697
-2024
-2219
-2268
-2515
-2128
-1816
-1929
-1716
-1596
-1335
-1061
-1469
-1771
-1679
-1507
-1309
-1550
-1776
-1253
-800
-780
-1021
-1644
-1831
-1822
-2336
-2449
-2186
-1831
-1460
-1405
-1316
-1149
-1008
-1106
-727
-60
-5
-395
-1023
-975
-327
-323
-597
-268
841
2154
2444
2371
2558
2658
2513
2019
1585
1502
1383
1050
744
665
1187
1466
1299
1513
1856
2128
2250
1762
1472
1511
1396
1354
1071
969
1339
1670
1886
1924
1824
1510
1540
1520
1040
873
430
264
595
365
143
173
99
506
799
581
798
947
844
617
356
-188
-558
-424
-511
-310
-234
-423
-116
36
-280
-370
-737
-957
-743
-1034
-1289
-1283
-1463
-1794
-2065
-2457
-2555
-2215
-2310
-2078
-1470
-1419
-783
-255
-873
-963
-973
-1488
-1424
-1679
-2344
-2034
-1665
-1917
-2013
-2297
-2461
-1645
-1465
-1755
-1548
-1661
-1559
-1279
-1506
-1105
-322
73
135
-7
-291
-195
8
-354
-160
463
1144
2095
2479
2467
2680
2625
2330
2068
1740
1563
1498
1409
1104
888
1406
1667
1548
1510
1388
1747
1979
1318
1075
1127
1172
1594
1369
1070
1558
1785
1490
1540
1455
1330
1656
1468
1295
1500
980
618
467
-64
-170
-291
-501
-101
414
518
873
1029
785
943
550
-180
-111
-384
-657
-432
-687
-555
-235
-324
-351
-467
-798
-1178
-1352
-1704
-2292
-2347
-2494
-2537
-2036
-2090
-1887
-1309
-1316
-1060
-887
-1255
-1272
-1373
-1786
-1648
-1715
-2064
-1732
-1489
-1455
-1306
-1539
-1529
-1265
-1469
-1570
-1522
-1579
-1149
-807
-1213
-1025
-826
-874
-478
-159
134
481
35
-563
-541
-290
-268
-211
113
1058
2343
2730
2842
3045
2910
2692
2236
1691
1480
1372
1047
799
856
1129
1392
1383
1366
1607
1793
1654
1310
1043
1043
1193
1141
1055
1152
1381
1709
1776
1487
1420
1360
1241
1274
980
822
845
654
597
410
-30
-123
-138
-45
236
250
187
402
400
186
98
-448
-710
-509
-681
-694
-691
-775
-434
-393
-557
-358
-474
-934
-1234
-1647
-2037
-2005
-2310
-2517
-2219
-2048
-1947
-1948
-1934
-1771
-1704
-1643
-1611
-1343
-915
-868
-809
-928
-1138
-816
-1030
-1197
-1159
-1796
-1570
-1236
-1396
-1179
-1185
-1268
-808
-768
-982
-785
-816
-595
96
474
449
273
-479
-689
-262
-400
-336
98
759
2110
2860
2873
3052
2978
2825
2508
1953
1536
1255
955
423
742
1437
1341
1232
1305
1621
2160
1868
1069
1066
1287
1419
1374
864
997
1561
1528
1541
1596
1348
1089
1007
867
784
636
115
167
445
259
115
-100
-155
372
391
4
273
260
145
94
-511
-746
-506
-673
-650
-507
-722
-813
-679
-723
-442
-341
-724
-696
-818
-1318
-1454
-1940
-2647
-2413
-2502
-2452
-1997
-2117
-1795
-958
-758
-743
-661
-996
-870
-773
-1182
-1602
-1515
-1128
-1198
-1106
-1179
-1362
-1283
-1367
-1980
-1780
-1773
-1834
-1542
-1318
-1014
-852
-714
-183
917
984
-331
-973
-606
146
201
-447
104
1621
2874
3226
2764
2720
3198
2725
1854
1708
1687
1344
1148
1093
1124
1335
1115
1069
1668
1763
1372
1310
1405
1392
1270
750
750
1310
1106
788
1039
1249
1301
974
546
651
945
733
454
410
490
414
39
-178
-199
-181
-325
-406
87
353
274
606
560
516
389
-198
-60
49
-462
-725
-1016
-942
-450
-504
-737
-662
-449
-702
-923
-1335
-2032
-2057
-1946
-1886
-1720
-1948
-1839
-1583
-1428
-1303
-1494
-1496
-1536
-1201
-940
-1056
-1047
-1095
-869
-657
-664
-785
-1088
-1240
-1408
-1683
-1741
-1767
-1759
-1882
-1824
-1209
-1083
-684
-225
441
1314
830
-256
-509
1
402
-39
-205
635
2131
2807
2382
2256
2398
2421
1911
1180
1279
1489
1279
1094
896
1330
1950
1595
1234
1482
1470
1419
1105
472
554
597
569
861
893
1065
1483
1584
1574
1517
1041
717
833
834
721
535
256
394
320
-85
-482
-756
-513
-269
-49
223
512
929
1002
982
829
152
-195
-451
-862
-996
-1240
-1269
-829
-584
-403
-239
-343
-463
-627
-1033
-1414
-1735
-2095
-2104
-2030
-1972
-1566
-1560
-1177
-920
-1282
-1028
-1233
-1523
-1456
-1981
-1684
-1127
-1325
-863
-731
-708
-471
-814
-1181
-1173
-1226
-1291
-1552
-1924
-1910
-1600
-1655
-1497
-568
383
945
434
-310
125
624
420
24
88
1215
2479
2664
2409
2418
2590
2364
1811
1309
1140
1096
951
1002
992
1104
1425
1590
1636
1624
1381
1150
1140
1115
770
529
686
844
1025
1082
1138
1390
1378
1293
1203
899
825
527
317
389
288
144
-78
-168
-196
-297
-393
-452
-142
129
126
539
720
664
695
138
-162
101
-303
-722
-788
-994
-554
-298
-649
-454
-389
-821
-779
-1005
-1508
-1483
-1971
-2258
-2022
-1968
-1668
-1486
-1507
-891
-641
-608
-611
-1118
-1082
-1103
-1411
-1345
-1208
-1275
-1021
-1116
-1287
-1001
-1451
-1619
-1175
-1257
-1468
-1857
-2554
-1976
-1683
-1732
-967
43
893
663
-29
299
936
699
40
279
1350
2439
2666
2128
2340
2606
2239
1637
1187
1310
1305
1093
1204
1650
1885
1559
1386
1765
1813
1449
415
-131
769
961
377
321
493
1330
2060
1528
1408
1526
1472
1459
927
400
468
114
-8
147
222
44
-158
-187
28
237
-65
-130
35
277
633
704
565
705
583
253
44
-323
-637
-816
-1070
-1069
-915
-777
-710
-492
-222
-335
-586
-1124
-1492
-1465
-1587
-2052
-2417
-2444
-2564
-2209
-1916
-1905
-1578
-1269
-1194
-198
-99
-594
-105
-737
-618
-255
-1623
-1577
-1251
-1953
-1451
-1834
-2234
-1373
-2002
-2271
-1582
-1899
-1642
-692
174
1415
1446
131
156
1185
974
498
-56
360
2127
2481
2019
2059
2070
2161
2019
1413
1434
1611
1303
1386
1822
1969
1556
1197
1665
1938
1505
831
361
827
1042
358
41
258
796
1253
1185
1359
1850
1821
1546
1194
782
600
318
-37
167
279
219
232
56
95
-16
-334
-259
-276
-182
-26
110
418
261
255
223
-209
-258
-636
-1009
-826
-1001
-991
-640
-571
-223
-230
-580
-767
-964
-1422
-1391
-1512
-2057
-1938
-1998
-2170
-1811
-2054
-2078
-1500
-1791
-1473
-981
-1195
-196
-199
-736
126
-169
-806
-911
-1888
-2038
-1799
-2346
-2120
-1750
-1886
-1770
-1471
-1548
-1133
-810
-542
1044
1819
869
489
529
1030
1127
139
9
1129
2199
2555
2468
2410
2689
2614
1845
1757
1926
1557
1306
1327
1642
1588
989
1199
1660
1718
1273
756
1108
1483
1075
445
113
549
921
642
693
1235
1530
1412
1278
1034
872
686
155
17
148
-114
-108
-302
-399
-269
-578
-649
-351
-292
-211
-50
286
366
192
-31
-237
-140
-333
-802
-1233
-1265
-1070
-1031
-999
-1080
-927
-571
-743
-919
-931
-1338
-1088
-1278
-1784
-1591
-1996
-2274
-1889
-2200
-1941
-1303
-1456
-910
-381
-586
-396
-534
-663
-358
-880
-1227
-1115
-1232
-1168
-1460
-1714
-1128
-932
-1492
-1739
-1556
-1229
-1005
-1128
-290
1284
1445
282
-8
749
1486
1054
146
532
2157
3029
2712
2213
2452
2703
2208
1619
1517
1592
1428
1225
1540
1872
1518
1143
1231
1673
1619
895
478
843
1154
777
110
158
749
981
913
1055
1395
1398
1150
809
476
322
8
-285
-38
253
100
-61
-248
-240
-253
-680
-810
-481
-346
-111
183
269
458
270
-152
-158
-380
-764
-1015
-1318
-1068
-758
-1144
-1069
-809
-828
-641
-815
-1222
-1129
-1385
-1757
-1927
-2285
-2447
-2132
-1563
-1399
-1202
-807
-833
-588
-555
-1268
-1080
-1048
-1216
-877
-741
-530
-286
-611
-962
-672
-764
-1191
-1095
-1390
-1665
-1359
-1577
-1279
-713
-770
371
1555
2030
1707
594
340
990
890
-9
-161
809
2116
3035
2728
2420
2815
2538
2069
1732
1348
1186
1137
1109
1475
1520
1138
1262
1696
1694
1206
551
403
676
472
-105
-205
207
607
887
997
1287
1464
1286
1129
939
585
13
-401
-335
-114
-354
-597
-620
-349
-107
-469
-655
-449
-295
-142
-98
73
221
30
-317
-437
-336
-618
-1004
-1105
-1016
-766
-795
-1020
-817
-594
-546
-505
-750
-773
-1025
-1414
-1631
-1658
-1951
-2094
-1879
-1651
-1375
-1400
-1488
-960
-391
-787
-749
-451
-176
351
124
-376
-248
-521
-862
-1427
-1942
-1800
-1735
-1672
-1413
-1500
-1214
-834
-542
-102
577
1435
1353
367
336
924
1092
613
106
711
2158
2826
2491
2080
2275
2677
2238
1328
1188
1441
1299
1260
1316
1510
1407
933
947
1676
1615
816
426
627
1020
754
-246
-562
-10
371
371
488
724
1092
1157
1008
957
604
-95
-636
-535
-302
-547
-823
-838
-290
170
-321
-653
-502
-331
-93
-53
-26
136
10
27
190
-63
-419
-712
-924
-739
-448
-780
-846
-573
-484
-426
-640
-977
-859
-1040
-1456
-1310
-1419
-1814
-1557
-1511
-1343
-1045
-1462
-1360
-845
-520
-125
-424
-609
-38
-56
-37
-170
-802
-1045
-916
-1040
-1203
-1411
-1767
-1135
-646
-1114
-1197
-1201
-1076
-334
-150
353
1499
1680
1024
414
463
749
322
-388
70
1430
2300
2432
2284
2383
2730
2430
1598
1398
1464
1348
1174
1148
1289
1117
704
646
1175
1216
640
466
683
956
770
63
-180
194
335
294
403
613
799
648
304
461
627
183
53
181
177
363
3
-407
-306
-439
-667
-718
-693
-356
-176
-214
72
270
122
60
-181
-194
-234
-708
-895
-951
-717
-549
-798
-612
-490
-502
-412
-898
-1109
-1306
-1968
-1951
-1836
-1972
-1653
-1446
-1525
-932
-371
-841
-756
-653
-839
-204
-637
-907
-297
-359
-393
-479
-1058
-848
-730
-1359
-1118
-978
-582
137
-199
-583
-222
-388
-579
-389
-205
589
795
-267
-394
253
525
461
177
646
2080
2909
2755
2476
2502
2605
2259
1583
1276
1164
978
831
1029
1296
839
439
831
1380
1489
880
408
849
1288
1002
178
-272
-56
171
67
72
272
482
688
832
652
526
374
66
221
271
-119
-247
-305
-344
-334
-629
-788
-425
-291
-293
-42
23
128
280
128
-74
-78
-480
-744
-692
-772
-531
-506
-580
-232
-172
-494
-815
-1467
-1897
-1826
-2055
-1874
-1325
-1371
-1096
-815
-1210
-1142
-1137
-1397
-1061
-759
-697
-368
-261
-604
-455
-254
-721
-571
-987
-1284
-711
-1028
-1206
-955
-721
-75
-237
-920
-805
-641
-581
-547
-187
553
1150
686
-225
69
561
475
294
352
1451
2646
2603
2257
2385
2507
2203
1663
1207
1233
1390
1032
1024
1374
1113
714
794
1158
1466
1200
753
1022
1333
957
334
-134
-194
146
114
61
399
700
646
673
921
874
589
290
333
616
367
-197
-525
-515
-439
-570
-874
-904
-472
-371
-444
-296
-44
54
135
20
-59
-31
-562
-887
-591
-698
-773
-854
-1267
-801
-479
-1120
-1182
-1226
-1500
-1127
-1356
-1581
-1189
-1439
-1598
-1214
-1003
-876
-702
-1155
-1102
-369
-649
-1024
-986
-908
-301
-110
-870
-790
-483
-551
-383
-763
-915
-256
-68
-134
-117
-402
-762
-844
-946
-840
-279
226
566
561
281
571
1042
870
790
1042
1521
2405
2705
2453
2295
2281
1960
1532
1210
1061
1119
1131
1060
962
564
589
1192
1321
1252
1043
1053
1436
1268
580
-189
-463
-177
-171
-250
11
350
794
1008
998
722
393
351
204
193
12
-371
-422
-308
-343
-419
-788
-805
-460
-362
-341
-245
-172
47
161
101
-83
-219
-425
-560
-635
-875
-874
-945
-1142
-1009
-934
-982
-898
-1207
-1285
-1017
-1160
-1435
-1573
-1935
-1756
-1410
-1806
-1670
-1084
-917
-360
-191
-538
-240
-27
-291
-102
80
-69
-21
109
-33
55
-293
-883
-688
-810
-778
-484
-623
-595
-308
-447
-396
-340
-276
267
966
1125
1040
589
299
787
663
241
461
1000
1723
2270
2260
1966
2023
1918
1598
1535
1231
961
1015
486
257
943
1000
978
1187
966
1157
1173
249
90
31
-307
-167
-388
-158
516
647
600
850
1036
1055
920
472
259
231
-105
-371
-389
-460
-374
-477
-558
-211
-207
-419
-439
-456
-325
-216
-233
-162
65
263
11
-335
-379
-535
-625
-812
-1177
-1091
-1070
-1300
-1236
-1080
-1166
-1304
-1274
-1356
-1329
-1427
-2026
-1924
-1508
-1152
-424
-147
-168
415
282
-506
-509
-901
-1116
-470
-406
-14
669
300
426
366
-536
-645
-1022
-1249
-284
-106
-637
-444
-351
-495
-273
-323
-38
949
848
140
254
307
470
399
-114
571
1817
2030
2096
2297
2232
2280
1844
1122
1199
1055
577
439
205
216
880
1039
903
1294
1127
943
1090
537
83
-59
-361
-180
55
13
169
484
528
719
916
581
549
505
296
364
111
-250
-348
-547
-629
-601
-771
-738
-577
-498
-303
-114
-157
54
363
191
187
105
-241
-365
-550
-867
-942
-887
-868
-600
-560
-764
-750
-903
-1166
-1047
-1328
-1482
-1222
-1208
-1102
-1148
-1298
-1006
-811
-704
-545
-420
52
317
191
72
-159
-118
-19
-232
-240
-282
-429
-376
-450
-430
-510
-632
-379
24
301
308
240
205
-32
-187
-208
-207
61
256
427
316
-20
113
117
125
403
535
993
1606
1731
1759
1749
1618
1496
1243
952
900
690
-30
-181
323
533
637
506
499
1034
1074
467
-4
-63
-39
44
-61
-118
332
499
705
1073
1041
1046
1057
840
798
455
-88
-178
-147
-251
-310
-492
-564
-247
-200
-395
-242
-205
-234
92
45
-11
43
-290
-354
-314
-710
-744
-711
-945
-736
-864
-1095
-1054
-1258
-1227
-978
-833
-588
-551
-612
-571
-511
-721
-1144
-1074
-868
-708
-393
-555
-673
-254
-369
-449
-11
-31
224
581
362
440
150
-556
-638
-915
-923
-559
-565
73
856
661
318
-120
-458
-335
-476
-722
-463
-54
-99
-251
-292
-210
87
156
405
1109
1688
1946
1782
1505
1475
1290
804
462
366
315
-160
-346
165
555
772
886
953
1315
1330
777
355
263
323
291
-34
-31
263
271
303
311
396
631
696
804
845
823
660
451
384
236
-67
-311
-322
-228
-124
-371
-488
-345
-267
-174
-233
-205
-15
125
141
17
-126
-274
-392
-572
-931
-905
-847
-939
-745
-893
-912
-532
-700
-661
-583
-804
-556
-570
-588
-236
-602
-735
-432
-623
-620
-694
-994
-689
-268
-97
81
-107
23
385
-27
-216
-72
-362
-297
-144
-244
-33
105
60
302
343
-31
-287
-614
-834
-687
-921
-839
-201
-54
66
-22
-475
-363
-256
-349
-149
84
686
1347
1512
1604
1584
1382
1176
896
532
-23
-368
-136
272
605
658
598
1030
1371
1106
752
202
198
470
247
-180
-474
-175
382
543
691
908
1230
1600
1460
1208
972
659
354
157
3
-154
-279
-401
-253
-118
-305
-355
-440
-276
14
2
65
128
306
570
324
33
9
-346
-419
-435
-721
-757
-889
-998
-568
-394
-444
-301
-498
-438
-309
-656
-899
-1052
-919
-628
-596
-572
-695
-840
-606
-497
-501
-553
-759
-624
-69
-102
-436
-558
-596
-213
-135
-467
-545
-285
17
302
245
20
139
312
120
-309
-818
-1040
-994
-873
-584
-498
-416
6
124
-71
-251
-588
-1550
-2077
-597
855
1421
1958
2257
3195
3839
2386
427
-704
-822
-475
-895
-1198
-476
409
869
988
887
725
699
647
624
825
723
580
818
1263
1412
908
514
754
1126
947
676
746
827
1152
1192
722
449
278
-19
-150
-239
-725
-914
-691
-566
-191
-61
-289
157
631
594
406
162
150
115
-92
-363
-724
-767
-619
-808
-814
-756
-967
-998
-965
-802
-643
-756
-700
-410
-191
60
-116
-676
-925
-900
-949
-964
-1013
-914
-629
-448
-240
-153
-231
-157
35
80
-208
-489
-773
-896
-645
-588
-545
-350
-50
327
136
-413
-668
-896
-916
-962
-1216
-1177
-1098
-1070
-973
-706
-401
-142
253
733
1347
1564
1451
1344
1388
1423
924
415
175
-63
112
270
340
797
1074
1222
1511
1505
1334
1065
837
811
751
553
325
401
529
483
272
203
668
1080
1253
1351
1279
1411
1393
844
443
111
-178
-215
-333
-313
-10
3
-36
95
103
145
73
-104
109
462
396
377
110
41
218
-267
-612
-706
-783
-618
-636
-915
-553
-286
-306
-289
-359
-349
-375
-434
-751
-978
-1191
-1377
-1331
-1257
-1131
-819
-755
-671
-279
-351
-405
-410
-831
-948
-822
-760
-723
-690
-762
-670
-403
-594
-560
-367
-466
-130
-32
-274
-168
-466
-798
-693
-875
-868
-700
-804
-640
-529
-822
-1051
-965
-804
-339
80
298
930
1510
1587
1499
1171
821
551
525
581
795
1202
1388
1781
1979
1632
1436
1021
668
786
507
388
542
581
881
1021
1052
1133
1249
1412
1522
1545
1293
1059
865
617
496
349
181
269
333
317
412
321
145
121
24
-157
-208
-224
-179
50
122
165
148
14
-106
-222
-334
-464
-536
-435
-348
-494
-507
-501
-688
-760
-783
-858
-793
-756
-723
-618
-783
-1034
-990
-915
-793
-681
-721
-564
-494
-680
-912
-1322
-1390
-1272
-1458
-1171
-842
-714
-364
-313
-400
-384
-796
-852
-531
-513
-246
-62
-68
362
283
-257
-554
-998
-1155
-1162
-1399
-1245
-936
-706
-339
-295
-527
-382
-306
-415
-134
84
400
992
1343
1697
1972
1926
1911
1759
1526
1347
1106
825
616
636
676
740
893
976
1128
1294
1313
1117
976
902
932
834
677
789
980
1184
1401
1389
1268
1209
1015
789
528
262
169
192
234
308
124
-40
26
-4
-55
-105
-220
-267
-63
107
58
-103
-112
-41
68
-18
-441
-563
-527
-542
-539
-805
-972
-499
-555
-737
-705
-1112
-998
-899
-1228
-1104
-1067
-1134
-763
-799
-843
-724
-1195
-1293
-996
-1197
-1126
-1031
-1274
-771
-503
-765
-848
-1114
-1048
-738
-802
-743
-470
-183
254
432
339
223
29
-307
-618
-991
-1276
-1247
-1243
-949
-596
-500
-297
-237
-227
-83
-85
-35
130
504
988
1351
1673
1819
1811
1819
1705
1433
1192
851
690
722
666
620
674
780
1053
1228
1211
1163
1136
1128
1162
989
884
835
796
1027
1033
913
938
1055
1106
1195
1054
821
872
841
720
658
406
153
58
-128
-306
-369
-508
-473
-240
-22
150
213
298
365
262
-23
-403
-719
-813
-900
-1007
-884
-876
-806
-603
-738
-855
-883
-964
-864
-767
-944
-1021
-982
-1133
-1241
-1206
-1328
-1165
-1005
-1193
-935
-894
-1093
-958
-1054
-1118
-973
-1014
-1017
-923
-870
-841
-710
-490
-349
-232
-64
-67
66
11
-195
-211
-496
-743
-741
-789
-543
-360
-434
-199
-27
-53
-189
-368
-353
-48
226
380
811
1307
1663
2007
2001
1839
1775
1431
1052
885
624
412
420
496
644
896
957
1058
1230
1147
1144
1197
1159
1232
1328
1420
1603
1737
1550
1397
1391
1201
1012
779
532
499
551
416
337
288
207
273
241
135
100
-58
-164
-35
-82
-194
-241
-309
-182
-111
-354
-532
-636
-705
-619
-803
-1021
-1087
-1159
-1066
-887
-1118
-1251
-1066
-1088
-1081
-1328
-1643
-1419
-1227
-1288
-1263
-1288
-1010
-633
-725
-829
-863
-887
-857
-931
-1137
-1158
-1186
-1233
-938
-819
-871
-593
-501
-361
-181
-291
-87
57
-105
-257
-454
-570
-579
-610
-581
-338
-70
-52
20
154
189
178
55
141
508
756
889
1099
1396
1625
1596
1413
1343
1279
1102
873
741
773
755
742
811
927
1049
1134
1253
1377
1511
1452
1302
1221
1251
1255
1223
1193
1204
1286
1292
1201
1083
932
750
701
589
485
417
349
368
331
265
188
146
29
-86
-152
-274
-283
-287
-234
-166
-228
-328
-374
-469
-586
-809
-1072
-1366
-1422
-1291
-1283
-1070
-988
-1151
-1034
-1100
-1391
-1406
-1747
-1685
-1354
-1469
-1355
-1057
-926
-634
-639
-976
-881
-912
-1075
-992
-1141
-1140
-956
-1032
-897
-681
-765
-768
-702
-724
-417
-216
-261
-54
-14
-91
-36
-152
-274
-302
-325
-272
-140
-75
11
146
150
128
214
372
534
765
881
986
1188
1188
1214
1148
1044
1058
1062
985
1022
1112
1047
1037
1005
1030
1166
1175
1169
1398
1577
1693
1787
1717
1616
1540
1374
1085
939
872
893
950
917
949
983
916
833
616
395
318
211
127
14
-72
-145
-149
-190
-334
-366
-476
-486
-354
-523
-503
-412
-607
-527
-646
-935
-906
-1136
-1327
-1209
-1332
-1518
-1571
-1699
-1575
-1504
-1654
-1532
-1296
-1121
-936
-795
-722
-584
-662
-749
-722
-784
-847
-913
-881
-693
-574
-623
-607
-552
-569
-680
-817
-821
-751
-577
-438
-409
-298
-242
-298
-296
-363
-483
-439
-356
-162
60
71
100
294
444
558
668
667
775
918
860
857
800
713
763
831
905
1041
1126
1143
1239
1251
1104
1048
879
848
977
1022
1045
1160
1276
1459
1615
1481
1369
1329
1264
1122
958
722
652
683
673
678
638
558
563
581
481
330
137
-40
-165
-203
-359
-409
-294
-292
-326
-318
-286
-222
-258
-433
-553
-542
-617
-691
-816
-1063
-962
-878
-1129
-1145
-1254
-1336
-1225
-1348
-1498
-1336
-1212
-1183
-948
-924
-893
-583
-557
-558
-376
-633
-667
-562
-731
-614
-594
-728
-577
-562
-638
-501
-531
-588
-435
-434
-458
-339
-379
-334
-254
-365
-396
-351
-395
-317
-171
-154
-45
186
288
539
760
718
767
754
694
728
629
507
506
585
655
762
825
878
1013
1002
993
982
898
881
929
921
880
875
889
895
953
912
841
848
818
892
993
1030
1081
1085
1030
986
868
612
425
340
203
206
127
45
170
200
14
-54
12
6
-45
-270
-370
-213
-299
-483
-523
-455
-303
-359
-646
-693
-617
-781
-995
-1132
-1199
-1102
-1074
-1002
-778
-727
-923
-976
-968
-983
-960
-1090
-983
-647
-520
-516
-446
-449
-388
-422
-548
-520
-524
-573
-473
-361
-377
-329
-332
-355
-296
-363
-474
-492
-512
-505
-442
-431
-396
-315
-275
-233
-109
-81
-40
98
198
290
339
312
363
369
337
366
373
377
428
452
455
584
684
815
955
1043
1075
1141
1114
1010
935
774
703
647
585
547
609
664
718
760
792
839
829
786
763
769
737
728
723
772
841
767
604
500
419
257
123
19
-47
75
113
37
10
-126
-162
-104
-264
-373
-403
-417
-195
-140
-311
-349
-416
-541
-560
-796
-980
-961
-980
-890
-867
-905
-838
-803
-837
-851
-892
-861
-725
-535
-450
-428
-362
-367
-449
-544
-668
-733
-654
-619
-546
-381
-230
-103
-96
-182
-187
-238
-397
-487
-539
-590
-512
-482
-510
-410
-355
-276
-141
-122
-52
28
32
68
89
33
61
132
147
215
302
341
357
371
357
379
460
526
617
711
839
892
878
822
796
751
662
617
598
601
638
749
784
789
741
638
592
557
444
447
518
544
681
776
756
797
747
588
573
448
274
239
169
215
295
198
194
293
165
12
-153
-278
-160
-211
-476
-441
-339
-335
-257
-509
-588
-351
-467
-514
-508
-624
-532
-605
-800
-794
-835
-865
-774
-757
-701
-662
-677
-608
-461
-435
-496
-481
-454
-385
-342
-450
-426
-379
-425
-355
-332
-383
-315
-282
-235
-186
-261
-267
-237
-241
-242
-259
-316
-248
-145
-155
-119
-102
-146
-68
-78
-126
-84
-81
-20
143
189
289
330
291
379
369
281
223
235
256
383
438
480
597
634
596
559
521
504
571
546
552
507
451
509
509
493
495
502
560
613
569
488
436
451
506
572
596
594
649
635
563
517
450
421
411
370
297
255
199
77
-6
-42
-112
-134
-178
-224
-208
-230
-257
-284
-259
-224
-224
-298
-450
-534
-629
-830
-921
-961
-947
-812
-753
-692
-565
-456
-419
-415
-469
-527
-504
-575
-651
-597
-572
-539
-448
-426
-314
-179
-267
-238
-163
-193
-177
-258
-336
-172
-170
-245
-198
-219
-112
-3
-85
-46
-4
-76
-80
-116
-219
-201
-143
-75
96
150
149
222
256
234
251
217
145
187
226
208
255
207
186
385
518
561
623
569
569
653
520
401
403
422
482
503
400
446
571
516
568
536
375
370
301
252
386
383
412
629
672
699
685
486
376
320
145
126
92
-46
-46
-39
-60
5
-9
-59
17
49
-68
-191
-255
-262
-207
-288
-419
-438
-445
-427
-387
-441
-469
-405
-411
-412
-429
-455
-453
-422
-512
-587
-609
-641
-603
-620
-613
-493
-387
-362
-318
-280
-234
-235
-327
-455
-432
-362
-354
-342
-361
-326
-227
-175
-158
-161
-151
-148
-72
-32
-44
-18
-57
-57
7
-41
-43
29
81
166
211
203
253
275
191
104
37
24
31
107
204
337
467
490
545
587
586
516
449
382
361
304
296
382
422
396
359
374
368
314
159
119
241
394
441
428
487
487
411
257
88
117
286
386
478
511
546
540
398
204
69
24
3
46
62
89
140
138
14
-99
-144
-175
-179
-190
-232
-222
-192
-227
-276
-305
-361
-408
-418
-415
-376
-402
-423
-484
-550
-551
-577
-602
-541
-441
-368
-296
-315
-400
-429
-524
-562
-580
-631
-581
-455
-315
-249
-206
-202
-208
-259
-343
-380
-317
-238
-202
-153
-68
45
95
81
69
34
-22
-25
-81
-40
56
1
39
135
144
223
227
199
315
366
314
330
318
278
326
235
220
303
218
209
307
325
410
439
360
424
457
371
367
349
338
403
320
255
331
353
374
436
423
425
485
477
440
370
235
200
237
223
238
296
291
307
238
55
-64
-143
-219
-210
-203
-159
-43
59
36
-36
-135
-298
-354
-447
-510
-476
-342
-154
-76
-68
-57
-116
-236
-342
-438
-449
-376
-305
-265
-278
-279
-363
-472
-552
-615
-603
-502
-358
-204
-58
-17
2
4
-102
-235
-357
-459
-486
-452
-404
-317
-202
-101
-69
-70
-120
-167
-151
-140
-109
-98
-68
-26
-3
-22
-30
-33
8
112
165
197
238
214
237
205
134
123
152
138
158
232
214
228
256
282
313
298
327
346
344
356
354
316
336
371
339
346
349
327
339
345
313
314
365
443
426
370
336
279
278
261
184
217
281
310
329
254
77
-7
-32
-136
-135
-177
-158
33
109
64
-42
-127
-197
-203
-265
-319
-253
-144
-64
-85
-153
-166
-186
-271
-299
-387
-435
-383
-367
-335
-267
-293
-293
-272
-298
-327
-380
-435
-437
-433
-410
-362
-337
-298
-249
-211
-179
-151
-141
-87
-85
-149
-174
-241
-269
-287
-339
-319
-292
-244
-125
-35
58
165
198
165
110
49
0
-93
-103
-71
-14
43
122
208
288
318
301
247
239
238
161
150
176
215
282
342
360
399
435
388
354
328
264
311
289
236
253
290
349
405
442
399
424
454
420
416
378
357
363
354
275
187
174
183
98
68
78
105
142
129
76
49
1
-97
-140
-198
-192
-163
-227
-263
-233
-223
-263
-277
-295
-241
-242
-273
-271
-276
-271
-290
-354
-418
-418
-450
-406
-348
-370
-314
-169
-182
-194
-214
-347
-407
-439
-524
-519
-426
-364
-238
-124
-92
-87
-118
-228
-286
-300
-299
-291
-250
-219
-176
-168
-226
-228
-180
-116
-107
-92
-13
69
105
131
137
157
139
58
52
110
152
221
267
271
391
443
357
317
307
298
342
304
308
387
416
425
366
316
372
399
337
371
389
417
470
423
388
416
349
284
314
287
341
382
296
343
378
310
268
205
115
150
135
89
176
227
253
272
198
133
77
-28
-136
-223
-272
-261
-240
-221
-192
-165
-158
-172
-222
-368
-396
-373
-433
-438
-454
-399
-336
-346
-328
-305
-333
-332
-349
-397
-392
-402
-440
-460
-426
-383
-336
-340
-292
-251
-257
-271
-315
-396
-430
-429
-429
-402
-353
-310
-272
-249
-254
-291
-367
-356
-342
-332
-261
-228
-173
-24
56
82
169
215
215
225
177
172
225
238
263
264
295
354
378
359
388
389
375
381
367
391
439
482
502
513
543
567
549
492
443
450
430
429
448
463
493
533
526
479
448
396
353
333
283
236
219
220
200
182
197
202
240
229
210
183
164
131
68
-32
-62
-70
-158
-226
-304
-318
-307
-339
-373
-353
-339
-327
-361
-415
-451
-435
-449
-449
-457
-462
-386
-344
-378
-459
-505
-523
-515
-524
-556
-498
-351
-257
-235
-250
-302
-331
-384
-452
-473
-483
-457
-376
-311
-252
-232
-273
-261
-228
-233
-246
-250
-197
-140
-98
-131
-142
-121
-104
-96
-57
35
116
196
286
333
336
334
278
288
290
254
261
295
344
419
468
444
462
483
482
503
475
464
486
521
536
535
524
515
506
505
493
494
533
564
533
513
443
366
331
268
200
179
227
227
260
272
259
273
242
184
102
57
22
-15
-39
-34
-17
-57
-78
-124
-170
-227
-280
-360
-413
-419
-412
-410
-475
-475
-503
-531
-498
-523
-568
-510
-467
-448
-424
-423
-474
-497
-478
-502
-501
-475
-430
-380
-334
-354
-370
-348
-340
-374
-396
-417
-403
-392
-386
-373
-334
-243
-198
-154
-106
-122
-120
-110
-176
-177
-170
-165
-84
7
84
174
216
244
281
301
302
317
323
342
378
358
386
396
413
430
438
448
434
450
467
497
497
486
489
471
465
433
416
411
470
491
515
548
555
562
532
498
491
480
403
353
321
275
211
151
67
83
102
82
111
117
124
151
136
98
74
24
-29
-47
-109
-219
-245
-269
-265
-281
-347
-365
-351
-361
-411
-463
-520
-548
-567
-594
-601
-572
-537
-523
-506
-482
-441
-406
-423
-439
-430
-429
-461
-514
-552
-522
-484
-452
-418
-390
-314
-230
-262
-285
-285
-343
-359
-352
-341
-294
-244
-204
-144
-91
-55
-17
23
81
113
133
96
75
123
182
215
238
286
369
436
453
439
420
456
450
416
412
421
482
554
564
590
579
536
501
461
403
354
334
348
404
436
484
490
484
486
473
402
370
331
292
311
278
253
250
241
217
155
88
86
89
77
81
54
14
-10
-5
-12
7
0
-19
-29
-75
-126
-201
-262
-326
-370
-380
-385
-368
-373
-357
-364
-417
-450
-516
-577
-580
-585
-625
-579
-500
-468
-419
-406
-388
-384
-395
-405
-429
-420
-429
-420
-384
-351
-297
-259
-249
-243
-242
-263
-313
-340
-334
-336
-324
-299
-250
-166
-91
-65
-15
37
36
29
9
26
80
88
114
183
275
366
390
414
453
465
440
401
360
364
382
359
385
438
485
508
514
485
484
451
407
405
424
449
480
480
488
535
513
465
448
428
415
402
355
314
317
264
227
208
194
188
174
133
90
70
49
18
-18
-48
-53
-76
-42
-35
-80
-56
-73
-72
-98
-185
-251
-284
-341
-399
-446
-473
-463
-465
-476
-487
-507
-529
-554
-605
-631
-596
-519
-460
-433
-434
-405
-396
-421
-443
-456
-465
-439
-430
-426
-362
-321
-309
-260
-249
-258
-235
-233
-230
-206
-183
-172
-149
-149
-117
-71
-38
16
38
54
125
151
160
184
166
196
211
216
244
271
335
419
463
465
474
504
489
444
396
355
351
363
378
421
475
502
514
510
503
489
438
388
388
378
374
379
386
408
389
353
319
306
310
289
252
203
209
200
166
152
126
112
75
16
-36
-51
-74
-99
-106
-135
-135
-147
-150
-159
-189
-179
-219
-243
-282
-355
-389
-361
-389
-425
-424
-424
-430
-449
-460
-498
-527
-527
-534
-557
-558
-533
-524
-525
-559
-551
-514
-488
-452
-387
-338
-303
-256
-249
-250
-243
-240
-254
-235
-213
-149
-104
-78
-37
-45
-41
-30
-26
26
63
110
145
182
227
203
198
178
199
219
223
249
308
355
353
346
296
283
315
334
363
396
436
488
496
506
489
438
404
384
393
393
386
427
442
469
472
440
456
434
388
376
360
339
326
277
235
223
173
157
145
140
133
124
95
46
18
-14
-62
-109
-143
-168
-163
-166
-178
-177
-172
-181
-195
-255
-306
-344
-369
-370
-384
-385
-365
-381
-410
-415
-420
-430
-441
-456
-454
-458
-487
-525
-535
-526
-493
-491
-462
-424
-389
-363
-348
-346
-361
-336
-312
-303
-299
-291
-267
-211
-170
-153
-133
-93
-57
-31
-27
-27
-4
32
81
61
80
125
147
174
187
222
232
256
261
259
268
273
307
300
331
350
368
391
391
398
425
441
462
449
420
421
425
439
426
419
420
413
401
416
410
374
361
353
313
272
252
244
256
258
273
242
231
227
186
144
106
57
37
27
22
17
-6
-31
-64
-101
-153
-183
-199
-195
-195
-191
-217
-244
-253
-270
-288
-318
-338
-353
-348
-326
-339
-348
-344
-356
-354
-376
-412
-428
-429
-435
-451
-449
-441
-403
-386
-386
-350
-365
-350
-324
-334
-327
-334
-343
-330
-297
-288
-225
-198
-183
-148
-106
-97
-77
-68
-63
-33
-28
-2
14
52
97
122
110
135
143
165
169
166
189
226
232
235
259
280
298
298
316
328
349
352
377
400
414
448
470
483
506
533
517
492
460
424
374
341
309
303
311
288
288
256
218
192
157
135
133
142
158
177
187
173
156
102
59
22
-11
-19
-46
-44
-49
-74
-38
-47
-88
-108
-143
-169
-203
-230
-246
-260
-270
-279
-284
-299
-289
-299
-318
-343
-377
-377
-385
-388
-373
-359
-362
-354
-364
-367
-359
-352
-368
-349
-359
-326
-314
-325
-288
-286
-271
-264
-242
-249
-239
-242
-211
-169
-136
-99
-59
-37
-32
-25
-13
-12
12
12
18
51
92
119
151
183
217
240
234
249
203
227
235
234
241
235
252
280
324
336
377
374
384
404
400
397
389
428
440
413
403
375
346
331
289
268
256
246
235
229
199
180
176
156
144
133
134
102
69
35
-6
3
-22
-66
-61
-42
-26
-40
-58
-70
-68
-82
-83
-107
-141
-155
-188
-221
-230
-239
-241
-247
-267
-266
-288
-298
-330
-344
-344
-362
-325
-339
-305
-322
-303
-291
-311
-307
-343
-333
-311
-285
-306
-295
-267
-239
-237
-247
-242
-218
-205
-171
-128
-110
-109
-100
-102
-93
-77
-29
-12
3
31
58
102
100
118
128
137
150
160
158
188
183
186
219
198
198
217
229
249
272
285
286
257
242
228
239
250
235
243
298
319
307
306
301
298
290
264
253
240
228
224
220
207
201
208
207
192
185
169
144
138
119
100
84
50
50
63
47
39
21
1
-7
-34
-48
-63
-66
-67
-63
-89
-119
-136
-151
-173
-196
-221
-245
-257
-275
-266
-286
-278
-280
-267
-266
-282
-271
-300
-278
-294
-312
-312
-320
-302
-293
-289
-296
-278
-252
-236
-235
-203
-200
-209
-185
-187
-190
-176
-141
-147
-131
-115
-105
-84
-88
-70
-58
-43
-22
-15
7
23
47
87
97
118
143
158
158
166
188
178
175
183
179
173
197
183
180
200
195
211
243
266
297
317
335
337
334
307
297
273
261
265
259
263
256
254
253
263
263
242
193
170
159
149
118
129
113
113
136
114
95
75
35
6
-8
-32
-15
-23
-40
-67
-62
-65
-70
-77
-101
-104
-108
-110
-116
-136
-178
-179
-190
-202
-235
-237
-240
-259
-268
-287
-284
-284
-269
-293
-300
-310
-324
-317
-326
-332
-306
-294
-272
-231
-219
-183
-152
-121
-112
-96
-93
-115
-113
-129
-140
-146
-144
-130
-100
-61
-33
-42
-25
-2
18
18
11
11
18
37
57
66
87
97
99
114
157
168
183
197
214
224
222
215
194
196
219
244
248
252
270
279
277
259
240
237
242
231
225
223
246
267
228
227
218
197
173
147
144
146
137
135
143
136
154
156
122
105
46
39
4
-3
-12
-39
-25
-27
-47
-63
-61
-86
-96
-98
-143
-144
-136
-164
-170
-183
-168
-156
-165
-174
-191
-181
-184
-206
-212
-229
-235
