-9
-1
-4
-8
-7
-6
-12
-2
-3
1
8
3
6
-1
-7
-8
-6
-5
-1
-10
-6
-4
-12
-8
-7
-13
-1
5
14
21
21
9
11
13
4
2
4
-2
0
1
6
8
13
12
27
26
12
3
-3
-4
-14
-17
-17
-16
-15
-17
-18
-19
-16
-22
-23
-11
-11
-7
-6
-6
-1
5
-5
1
-9
-8
-2
-8
-6
-5
1
7
1
21
23
17
22
22
19
21
16
23
14
13
21
19
14
-4
-10
-8
2
-12
-5
-3
0
0
-1
-4
-1
-7
2
-5
-4
-9
-7
4
-2
1
-1
7
6
1
-1
-3
-5
-8
-1
8
3
-5
-11
-5
-5
-1
3
12
22
16
0
-7
-12
-17
-13
-15
-14
-7
-7
-10
-13
-14
-14
-15
-16
-23
-14
-5
0
0
-2
1
0
-5
-11
-5
-7
-6
-9
-4
3
0
4
-3
-5
-8
-19
-11
-11
-2
3
6
4
11
9
4
7
8
15
2
-1
0
-4
0
3
4
14
5
10
12
14
19
20
11
11
7
9
-1
1
28
19
19
33
27
26
29
26
13
16
12
0
-6
-5
-10
-10
-5
-17
-7
0
-11
-15
-4
-9
-9
-4
-18
-20
-26
-19
-23
-23
-16
-4
0
0
0
-2
-6
-12
-16
-16
-26
-24
-11
-8
-13
-15
-3
3
12
15
7
12
3
8
8
13
15
13
32
27
31
25
11
15
9
4
13
3
0
10
7
18
15
9
-3
-6
4
9
-9
-2
-1
-21
-9
-18
-26
-24
-29
-22
-31
-22
-26
-16
-46
-119
-50
-12
-75
-92
-113
-157
-54
-30
-150
-129
-65
-28
-54
-105
-23
58
49
79
77
45
193
248
199
254
274
264
306
354
360
349
322
395
371
290
278
230
222
221
115
15
1
-23
-76
-158
-229
-241
-295
-392
-436
-447
-457
-471
-538
-607
-617
-614
-583
-586
-622
-600
-553
-525
-486
-449
-398
-328
-273
-245
-210
-134
-84
-16
143
155
128
192
228
332
499
396
363
538
566
594
630
602
683
755
721
687
695
762
860
781
767
830
784
807
817
754
708
693
630
614
544
447
394
330
246
152
-19
-128
-151
-270
-414
-509
-597
-696
-757
-882
-981
-1012
-1087
-1171
-1283
-1333
-1365
-1396
-1410
-1387
-1426
-1423
-1379
-1417
-1396
-1295
-1176
-1073
-1004
-955
-825
-630
-471
-397
-282
-104
75
181
282
438
603
757
839
922
1047
1101
1085
1215
1358
1342
1331
1337
1278
1363
1382
1220
1232
1289
1234
1146
1090
1095
1099
1049
1025
984
960
990
959
878
922
884
787
762
752
695
589
533
470
394
257
94
-20
-134
-245
-418
-591
-725
-853
-971
-1138
-1309
-1441
-1623
-1830
-1884
-1972
-2142
-2262
-2387
-2433
-2410
-2493
-2560
-2471
-2398
-2369
-2384
-2303
-2017
-1774
-1684
-1539
-1296
-980
-686
-525
-258
163
472
639
857
1115
1414
1641
1690
1933
2188
2196
2217
2277
2337
2422
2390
2303
2363
2274
2101
1981
1934
2001
1853
1530
1448
1462
1366
1198
1046
973
1021
913
716
650
688
658
529
430
406
388
310
262
162
86
28
-71
-128
-134
-273
-419
-459
-529
-727
-847
-973
-1119
-1169
-1349
-1598
-1781
-1890
-1977
-2116
-2279
-2412
-2578
-2653
-2658
-2802
-2937
-2873
-2814
-2754
-2767
-2823
-2748
-2421
-2137
-1991
-1823
-1612
-1208
-855
-619
-358
48
486
832
1025
1199
1559
1935
2172
2307
2403
2559
2785
2851
2777
2820
2865
2898
2922
2763
2617
2557
2518
2504
2353
2102
1989
1920
1796
1626
1409
1232
1184
1104
900
732
678
681
602
418
257
194
110
22
-30
-232
-360
-410
-476
-557
-682
-802
-886
-880
-906
-1126
-1336
-1319
-1374
-1464
-1725
-1974
-1922
-1914
-2199
-2419
-2483
-2505
-2455
-2651
-2924
-2861
-2712
-2833
-2977
-2951
-2820
-2659
-2560
-2519
-2387
-2181
-1835
-1574
-1325
-1020
-788
-500
3
362
528
836
1345
1766
1954
2020
2257
2761
2998
2957
2895
3065
3306
3270
2999
3133
3334
3198
2925
2664
2633
2765
2584
2214
2118
2038
1846
1541
1311
1284
1215
926
724
674
547
391
260
155
154
5
-282
-349
-293
-420
-549
-694
-728
-696
-834
-995
-973
-942
-1028
-1164
-1373
-1344
-1346
-1591
-1653
-1655
-1799
-1821
-1985
-2160
-1987
-1932
-2253
-2369
-2312
-2392
-2385
-2434
-2580
-2567
-2415
-2510
-2627
-2513
-2359
-2174
-2063
-1941
-1809
-1782
-1515
-1052
-753
-517
-244
-129
287
822
901
1028
1489
1936
2145
2112
2122
2409
2744
2829
2697
2633
2783
2991
2887
2742
2746
2722
2641
2650
2588
2398
2331
2309
2264
2123
1916
1685
1656
1717
1566
1227
1008
1039
967
688
486
438
385
264
11
-254
-333
-307
-415
-534
-672
-834
-899
-1024
-1178
-1139
-1266
-1440
-1383
-1536
-1760
-1785
-1799
-1839
-1850
-1995
-2161
-2195
-2152
-2116
-2192
-2286
-2337
-2429
-2465
-2396
-2386
-2447
-2363
-2350
-2405
-2391
-2320
-2261
-2079
-1827
-1752
-1681
-1654
-1520
-1189
-851
-571
-331
-215
116
596
789
910
1286
1667
1948
2144
2118
2222
2577
2818
2778
2769
2784
2976
3137
2991
2942
3043
2977
2989
2999
2649
2574
2682
2594
2473
2266
2009
1956
1978
1766
1457
1257
1211
1117
791
511
431
336
151
-33
-336
-506
-462
-589
-730
-781
-973
-1170
-1235
-1311
-1392
-1422
-1495
-1596
-1698
-1767
-1894
-1960
-1943
-1938
-2031
-2061
-2010
-2166
-2190
-2124
-2112
-2191
-2182
-2317
-2629
-2558
-2351
-2389
-2408
-2427
-2580
-2441
-2181
-2350
-2441
-2191
-1842
-1707
-1786
-1924
-1716
-1050
-697
-571
-435
-179
310
772
808
1036
1605
1990
2200
2224
2277
2597
2948
3087
3126
3047
3092
3232
3173
3181
3456
3389
3163
3179
3004
2852
2918
2809
2653
2684
2483
2103
1882
1839
1800
1579
1258
1093
923
665
510
363
253
235
-56
-515
-611
-596
-715
-877
-959
-1103
-1307
-1491
-1607
-1621
-1603
-1558
-1714
-1891
-1889
-1954
-2102
-2075
-2045
-2060
-2116
-2240
-2303
-2290
-2282
-2229
-2208
-2248
-2212
-2184
-2315
-2538
-2328
-2056
-1995
-2057
-2251
-2412
-2074
-1792
-2031
-2063
-1781
-1463
-1340
-1416
-1597
-1301
-552
-256
-245
-125
158
666
1041
1134
1367
1814
2118
2311
2393
2421
2642
2973
3044
2998
2988
2938
3139
3289
3127
3082
3111
2978
3064
2912
2567
2651
2708
2464
2257
2057
1780
1841
1740
1403
1179
1049
926
784
539
327
259
77
-112
-312
-562
-667
-625
-791
-956
-1058
-1224
-1270
-1232
-1338
-1402
-1388
-1510
-1614
-1630
-1809
-1832
-1764
-1792
-1863
-1855
-1921
-2004
-1790
-1730
-1851
-1852
-1809
-1982
-1876
-1824
-2083
-2069
-1914
-2004
-2011
-1842
-1999
-2117
-1973
-1987
-1972
-1983
-2045
-1919
-1693
-1505
-1585
-1747
-1481
-832
-622
-682
-409
-97
376
759
637
709
1368
1830
1876
1949
2026
2380
2756
2641
2625
2802
2937
3123
3086
2868
2891
3017
2952
2972
2912
2616
2601
2704
2585
2435
2161
2005
2115
2024
1653
1464
1420
1393
1318
916
669
756
730
450
266
69
22
42
-234
-451
-499
-609
-712
-814
-1029
-1075
-1153
-1363
-1486
-1529
-1756
-1840
-1875
-2003
-2008
-2166
-2317
-2225
-2297
-2472
-2272
-2336
-2422
-2205
-2411
-2671
-2364
-2342
-2594
-2556
-2478
-2327
-2211
-2442
-2565
-2396
-2245
-2115
-2232
-2316
-1837
-1413
-1801
-2190
-1653
-830
-472
-563
-744
-386
286
1021
856
592
1613
2577
2125
1852
2307
2604
3193
3470
3063
2998
3632
3738
3104
3052
3516
3622
3273
3152
3136
2849
2859
3058
2850
2636
2742
2338
1967
2236
2134
1541
1463
1535
1265
782
440
524
558
304
-24
-337
-518
-300
-481
-1005
-1024
-916
-1178
-1431
-1569
-1626
-1582
-1728
-1957
-2095
-2217
-2338
-2390
-2459
-2474
-2465
-2527
-2682
-2602
-2456
-2476
-2491
-2291
-2114
-2291
-2455
-2289
-2019
-2110
-2071
-2006
-2188
-1787
-1500
-2033
-2115
-1564
-1485
-1635
-1616
-1697
-1457
-970
-844
-1184
-1148
-641
-223
-149
-54
289
587
1014
1363
1278
1264
1922
2439
2395
2398
2465
2641
2979
2995
2834
2930
3266
3429
3090
2730
2923
3242
3130
2979
2841
2714
2789
2748
2452
2327
2398
2288
2047
1807
1547
1382
1248
1102
982
614
234
186
47
-195
-305
-562
-802
-736
-861
-1340
-1419
-1326
-1475
-1614
-1857
-2074
-1996
-2092
-2235
-2260
-2452
-2489
-2343
-2535
-2621
-2331
-2404
-2449
-2286
-2337
-2385
-2081
-2041
-2098
-1952
-1984
-1831
-1663
-1878
-1857
-1606
-1616
-1328
-1917
-1955
-435
-625
-1718
-1748
-1823
-996
463
-918
-2138
-444
669
-181
-843
-706
383
2109
1546
32
799
2197
2616
1889
1342
2487
3610
2509
1771
2546
2665
2975
3051
2121
2569
3348
2081
1745
3044
3031
2364
2094
1918
2438
2326
1228
1406
2192
2016
1242
522
523
1558
1209
-114
64
610
270
-186
-626
-497
209
-132
-874
-798
-668
-804
-781
-1133
-1088
-810
-1396
-1853
-1380
-1362
-1713
-1734
-1733
-1605
-1592
-2072
-2221
-1579
-1574
-1843
-1907
-2006
-1828
-1524
-1910
-2012
-1327
-1376
-1694
-1614
-1713
-1643
-1331
-1529
-1514
-1150
-1395
-1566
-1419
-1370
-1210
-1224
-1434
-1272
-868
-1131
-1266
-957
-897
-541
-212
-281
25
494
510
803
1216
1256
1579
1950
1868
2121
2307
2157
2400
2702
2459
2479
2797
2688
2577
2519
2441
2593
2789
2373
2097
2209
2243
2139
1789
1558
1771
1744
1382
1106
920
950
955
666
304
378
295
69
-52
-174
-201
-263
-335
-468
-467
-582
-690
-738
-819
-820
-930
-1164
-1195
-1101
-1263
-1451
-1503
-1527
-1527
-1561
-1682
-1610
-1659
-1783
-1770
-1752
-1827
-1479
-1494
-1995
-1614
-1286
-1535
-1367
-979
-1560
-1677
-1128
-1263
-1337
-923
-1118
-1458
-1049
-958
-1354
-1431
-1243
-854
-765
-1009
-1066
-1116
-779
-243
-159
-370
1
516
520
643
707
808
1315
1812
1653
1452
1580
1753
2058
2021
1722
1873
2197
2227
1948
1620
1598
1951
2093
1739
1394
1442
1679
1605
1310
1150
1298
1370
1290
1055
866
978
1181
1024
782
827
771
690
709
676
597
572
582
603
513
331
231
204
220
174
-211
-464
-327
-286
-502
-891
-1017
-843
-868
-1333
-1511
-1333
-1306
-1360
-1590
-1944
-1735
-1521
-1635
-1823
-1903
-1712
-1606
-1743
-1854
-1967
-1993
-1799
-1815
-1715
-1689
-1793
-1841
-1720
-1677
-1849
-1912
-1746
-1653
-1507
-1322
-1650
-1821
-1177
-768
-825
-702
-530
-235
226
330
111
379
1048
1413
1211
1024
1254
1647
1841
1771
1738
1813
2215
2324
1887
1733
2113
2240
2283
2265
2008
2038
2280
2240
1954
2002
2074
2103
2034
1898
1801
1859
1876
1854
1677
1476
1534
1520
1337
1283
1237
1020
1037
913
648
518
416
251
197
28
-363
-544
-584
-804
-1072
-1272
-1443
-1489
-1626
-1968
-2049
-1939
-2153
-2254
-2240
-2352
-2351
-2054
-2385
-2516
-2051
-2096
-2491
-2211
-1828
-2018
-2071
-2236
-2125
-1745
-1638
-1762
-1939
-1769
-1375
-1508
-2014
-1757
-1100
-1026
-1212
-1490
-1593
-1022
-555
-784
-745
-353
-89
206
241
96
571
1131
1212
1340
1403
1344
1584
1948
1955
2027
2044
2102
2415
2375
2144
2185
2373
2521
2705
2294
1991
2486
2750
2467
2255
2231
2296
2520
2278
1915
1947
2182
2159
1854
1478
1471
1636
1441
1168
1018
890
812
743
334
95
140
-99
-377
-366
-710
-1086
-1163
-1258
-1347
-1593
-1916
-1992
-1930
-2188
-2361
-2239
-2383
-2486
-2199
-2556
-2701
-1931
-2005
-2666
-2350
-2063
-2289
-2022
-2096
-2150
-1832
-1950
-2129
-1886
-1732
-1677
-1581
-1972
-1722
-1181
-1656
-1905
-1404
-978
-1063
-1023
-1431
-1388
-377
-335
-707
-259
194
328
615
529
742
1448
1688
1679
1842
1774
1951
2291
2287
2394
2617
2588
2360
2553
2535
2411
2509
2743
2685
2416
2269
2290
2390
2356
2322
2112
2024
2140
1954
1521
1512
1722
1550
1227
1104
965
857
830
762
554
395
374
184
-44
-145
-217
-357
-447
-528
-759
-1111
-1179
-1200
-1302
-1435
-1698
-1746
-1700
-1962
-2214
-2012
-1938
-2121
-2042
-2163
-2220
-1991
-2167
-2016
-1833
-2037
-1978
-1861
-1925
-1680
-1762
-2122
-1839
-1247
-1272
-1750
-1714
-1611
-1404
-1163
-1650
-1780
-1065
-857
-1177
-1232
-1298
-1092
-532
-558
-619
-200
-13
60
448
505
552
1096
1376
1518
1700
1551
1509
1968
2239
2090
2023
2234
2293
2278
2172
1982
2224
2565
2437
2135
2020
2165
2263
2080
2036
2130
2033
1934
1835
1693
1733
1777
1560
1473
1515
1250
992
1043
1131
998
853
666
450
518
455
130
-32
74
-7
-481
-802
-818
-897
-1179
-1320
-1501
-1709
-1728
-1884
-2312
-2277
-2048
-2198
-2300
-2502
-2492
-2277
-2265
-2382
-2347
-2430
-2417
-2104
-2063
-1993
-1991
-2198
-2221
-1686
-1532
-1887
-1853
-1814
-1512
-1239
-1610
-1941
-1391
-845
-1051
-1300
-1466
-987
-295
-241
-466
-324
163
634
652
445
866
1490
1699
1770
1814
1781
2118
2522
2386
2364
2635
2518
2517
2755
2560
2431
2645
2611
2560
2505
2206
2178
2397
2306
2075
1937
1823
1872
1852
1504
1326
1464
1414
1295
1041
854
930
889
650
517
425
244
256
132
-242
-234
-227
-498
-609
-749
-1019
-1063
-1220
-1546
-1607
-1688
-1839
-1863
-2052
-2194
-2146
-2291
-2434
-2438
-2234
-2147
-2314
-2422
-2395
-2352
-2224
-2193
-2143
-1681
-1708
-2174
-2488
-1879
-1370
-1502
-1657
-1734
-1590
-1103
-1212
-1909
-1501
-768
-700
-859
-1165
-1133
-460
-103
-229
2
289
500
924
877
844
1394
1722
1787
2183
2146
1792
2172
2546
2463
2489
2444
2406
2629
2636
2370
2168
2347
2477
2421
1937
1798
2014
2004
1926
1728
1549
1487
1690
1450
1216
1192
1175
1220
1097
813
748
830
771
756
578
346
277
270
112
-18
-179
-241
-285
-500
-770
-903
-1082
-1188
-1276
-1591
-1789
-1923
-1972
-2172
-2258
-2316
-2444
-2410
-2366
-2391
-2508
-2541
-2371
-2206
-2243
-2188
-2194
-2063
-1761
-1724
-2099
-2165
-1551
-1197
-1250
-1378
-1325
-1164
-874
-912
-1225
-1001
-525
-394
-586
-736
-796
-362
44
33
174
361
503
736
900
917
1116
1461
1749
1921
1733
1562
1825
2131
2137
2176
2136
2093
2314
2314
1887
1899
2323
2360
2201
1911
1764
2008
2084
1889
1735
1731
1759
1759
1496
1297
1434
1447
1303
1177
982
842
800
658
569
551
359
179
104
-138
-305
-386
-610
-703
-708
-991
-1310
-1286
-1386
-1516
-1606
-1789
-1929
-1915
-2048
-2138
-2014
-2328
-2320
-1834
-2093
-2356
-1824
-1955
-2299
-1578
-1499
-2133
-1384
-891
-1504
-1607
-1303
-1273
-1076
-735
-1042
-1274
-1034
-599
-911
-1236
-858
-582
-520
-603
-818
-1031
-619
-83
-161
-234
-40
204
447
560
506
745
1227
1463
1537
1340
1230
1680
2076
1930
1887
1943
2000
2261
2188
1840
1828
2103
2122
2148
1805
1574
1835
1897
1753
1639
1397
1268
1536
1391
1068
1046
1000
951
994
732
473
609
637
565
435
188
143
274
152
-158
-255
-312
-384
-379
-630
-801
-890
-972
-992
-1207
-1349
-1430
-1549
-1653
-1571
-1588
-1792
-1833
-1642
-1579
-1652
-1628
-1789
-1756
-1526
-1491
-1286
-1316
-1461
-1349
-1418
-1374
-1207
-1170
-1119
-1105
-1111
-1112
-1202
-1339
-1198
-853
-873
-1038
-1044
-1150
-1011
-556
-522
-525
-241
-6
177
122
84
434
915
1144
1155
1132
1108
1407
1759
1695
1596
1777
1873
1853
1954
1816
1755
1926
1992
1863
1771
1680
1671
1776
1733
1618
1496
1407
1466
1450
1304
1287
1370
1287
1195
1089
886
928
1060
877
701
676
571
455
345
263
96
80
7
-265
-492
-467
-543
-748
-947
-1071
-1154
-1267
-1434
-1588
-1553
-1355
-1544
-1796
-1768
-1755
-1638
-1574
-1799
-1802
-1372
-1385
-1582
-1604
-1307
-1284
-1641
-1645
-1267
-1296
-1222
-1206
-1732
-1484
-1039
-1474
-1844
-1425
-1001
-1114
-1333
-1728
-1503
-855
-775
-822
-759
-587
-111
104
-271
-35
702
868
920
1033
964
1203
1537
1565
1696
1780
1843
1948
1800
1872
2268
2123
1931
2217
2090
1847
2004
2001
1856
2098
2020
1673
1695
1803
1747
1636
1517
1564
1603
1225
1078
1187
1135
1148
1041
702
647
778
532
301
374
260
93
-51
-317
-366
-426
-605
-683
-772
-1188
-1269
-1248
-1591
-1455
-1468
-1995
-1904
-1556
-1891
-2043
-1864
-1919
-1757
-1716
-1981
-1933
-1494
-1602
-1942
-1826
-1920
-1760
-1496
-1601
-1598
-1407
-1754
-1683
-1497
-1920
-1683
-1478
-1431
-1109
-1173
-1827
-1552
-688
-608
-658
-649
-594
106
491
-52
105
877
1220
1396
1320
1084
1571
2116
1938
1833
1965
2050
2214
2264
2105
2170
2251
2179
2442
2333
2006
2083
2158
2145
2188
1911
1548
1867
1988
1630
1423
1437
1486
1535
1205
842
984
1007
908
750
447
349
546
360
29
-79
-263
-329
-335
-562
-692
-746
-1043
-1077
-1121
-1510
-1578
-1385
-1582
-1705
-1586
-2013
-2112
-1695
-1769
-2115
-1914
-1788
-1892
-1587
-1757
-1966
-1503
-1216
-1418
-1772
-1868
-1380
-1043
-1229
-1425
-1568
-1666
-1088
-1180
-1755
-1502
-890
-831
-1025
-1276
-1626
-1068
-378
-427
-554
-551
-181
397
345
104
542
1093
1301
1370
1185
1097
1616
2014
1835
1777
1969
1912
1987
2180
2133
2093
2114
2211
2251
2096
1919
1885
1998
2172
2085
1716
1439
1667
1827
1514
1276
1355
1427
1304
972
700
717
863
724
411
292
310
308
179
-130
-200
-137
-357
-588
-606
-625
-907
-988
-1018
-1230
-1318
-1263
-1468
-1553
-1374
-1618
-1741
-1715
-1757
-1592
-1567
-1683
-1593
-1707
-1879
-1536
-1384
-1268
-1181
-1630
-1881
-1268
-1146
-1503
-1482
-1630
-1616
-1069
-1242
-2022
-1754
-1166
-1102
-1147
-1635
-1898
-1116
-613
-728
-756
-819
-343
400
174
-96
490
992
1173
1434
1209
1096
1742
1961
1781
1992
2026
1999
2258
2218
2184
2330
2186
2207
2415
2223
1954
1986
1972
2107
2100
1653
1503
1736
1776
1523
1266
1157
1303
1235
787
676
703
631
585
407
128
172
172
-94
-116
-100
-331
-503
-495
-514
-580
-856
-1061
-897
-954
-1220
-1280
-1443
-1486
-1086
-1317
-1973
-1602
-1399
-1774
-1219
-1339
-1990
-1520
-1186
-1532
-1415
-1440
-1476
-1232
-1566
-1689
-1491
-1501
-1315
-1176
-1776
-1855
-1240
-1421
-1743
-1425
-1295
-1248
-1207
-1647
-1495
-766
-601
-623
-440
-402
143
450
23
390
1162
1245
1273
1415
1318
1702
2056
1757
1891
2230
2040
1945
2029
1950
2167
2254
1846
1944
2181
1858
1691
1780
1756
1875
1717
1248
1260
1464
1374
1174
980
978
1141
912
568
667
729
616
563
459
286
267
295
134
87
74
-59
-178
-214
-195
-442
-734
-635
-713
-975
-964
-1082
-1476
-1053
-953
-1614
-1528
-1394
-1511
-1519
-1426
-1618
-1668
-1518
-1492
-1730
-1667
-1317
-1458
-1863
-1850
-1488
-1521
-1565
-1575
-1918
-1713
-1252
-1722
-2173
-1641
-1329
-1331
-1297
-1793
-1673
-789
-732
-892
-584
-506
-25
475
62
145
932
1136
1163
1486
1303
1395
1857
1813
1874
2036
1941
2064
2166
2085
2192
2047
1897
2329
2343
1792
1818
1907
1852
1971
1824
1436
1580
1684
1373
1194
1126
1189
1253
963
742
895
773
631
709
545
465
628
287
166
285
-26
-167
-169
-362
-384
-387
-898
-859
-658
-1000
-1176
-1179
-1525
-1420
-1123
-1541
-1758
-1701
-1765
-1643
-1644
-1750
-1770
-1791
-1482
-1439
-1935
-1803
-1261
-1590
-1851
-1488
-1558
-1625
-1177
-1467
-1924
-1258
-1061
-1731
-1672
-1207
-990
-913
-1365
-1642
-896
-453
-527
-643
-688
-25
729
215
-188
683
1260
1248
1240
1198
1299
1869
1831
1440
1777
2123
2091
1917
1820
2014
2237
1797
1774
2225
1969
1647
1719
1634
1775
1958
1404
1200
1583
1602
1265
1051
1095
1339
1244
724
724
920
768
692
536
273
507
511
-23
-14
213
-84
-248
-308
-428
-433
-561
-858
-919
-922
-985
-1114
-1425
-1365
-1297
-1397
-1602
-1667
-1596
-1579
-1529
-1673
-1601
-1391
-1380
-1578
-1546
-1395
-1364
-1361
-1661
-1558
-1325
-1436
-1283
-1223
-1638
-1395
-1108
-1552
-1454
-1178
-1154
-1140
-1140
-1460
-1334
-760
-610
-503
-490
-398
229
489
105
336
969
1162
1253
1180
1031
1416
1812
1694
1551
1693
1922
1967
1749
1760
1989
1974
1766
1846
1897
1665
1686
1643
1596
1765
1601
1308
1298
1426
1373
1219
1102
1054
1152
920
684
747
845
814
561
364
341
402
234
13
-23
-3
-29
-253
-451
-415
-357
-543
-704
-703
-837
-1088
-1131
-1157
-1009
-1120
-1462
-1529
-1496
-1068
-1274
-1697
-1533
-1336
-1369
-1202
-1473
-1648
-1187
-940
-1313
-1813
-1428
-1204
-1268
-1091
-1419
-1745
-1205
-1144
-1546
-1519
-1397
-1106
-959
-1330
-1602
-1201
-871
-753
-565
-681
-492
60
121
16
481
835
886
1162
1130
1099
1412
1521
1496
1765
1698
1701
1930
1678
1698
1871
1580
1651
2151
1775
1456
1652
1553
1539
1701
1388
1187
1500
1463
1192
1111
1021
1215
1219
857
825
885
700
709
723
412
531
629
294
274
283
67
37
-21
-184
-173
-387
-563
-420
-560
-950
-855
-950
-1225
-898
-1022
-1510
-1377
-1341
-1423
-1276
-1500
-1465
-1356
-1416
-1285
-1372
-1685
-1337
-1233
-1830
-1562
-1198
-1474
-1427
-1283
-1954
-1671
-1072
-1682
-1766
-1345
-1237
-1183
-1331
-1814
-1384
-669
-806
-678
-620
-588
178
257
-276
285
1077
1066
1099
1095
1007
1522
1781
1473
1600
1838
1865
1782
1529
1655
2049
1956
1546
1705
1727
1608
1733
1471
1375
1728
1585
1139
1082
1202
1280
1189
931
945
1105
841
739
784
756
823
803
455
349
580
439
248
269
230
222
43
-236
-145
-161
-431
-521
-620
-729
-751
-965
-1121
-966
-985
-1348
-1282
-1443
-1442
-1040
-1398
-1699
-1254
-1129
-1586
-1378
-1388
-1462
-1081
-1330
-1859
-1498
-1136
-1296
-1257
-1680
-1639
-1059
-1376
-1784
-1490
-1348
-1101
-908
-1635
-1807
-920
-775
-862
-633
-747
-317
264
-81
-118
558
831
960
1121
840
1069
1627
1339
1315
1739
1618
1535
1552
1448
1761
1917
1601
1597
1797
1781
1709
1451
1281
1771
1763
1217
1194
1313
1355
1321
1168
976
1272
1261
922
935
882
949
1030
665
541
826
580
349
490
446
228
141
-89
-62
90
-217
-489
-399
-563
-759
-807
-1207
-1118
-832
-1233
-1463
-1391
-1395
-1180
-1314
-1743
-1624
-1254
-1354
-1593
-1431
-1477
-1259
-1236
-1872
-1842
-1303
-1289
-1571
-1745
-1855
-1419
-1468
-1828
-1845
-1476
-1126
-1188
-1589
-1852
-1110
-748
-883
-868
-780
-308
179
-18
-57
628
990
993
1062
1024
1158
1612
1506
1458
1877
1904
1664
1602
1673
1942
2076
1701
1584
1850
1920
1745
1493
1409
1767
1842
1347
1118
1212
1315
1307
1104
833
948
1128
789
698
727
751
819
589
409
517
545
242
313
363
148
92
-118
-208
-119
-357
-644
-555
-536
-639
-808
-1238
-1221
-823
-1043
-1402
-1508
-1391
-1196
-1201
-1561
-1552
-1255
-1219
-1140
-1377
-1714
-1299
-1082
-1626
-1466
-1351
-1420
-1161
-1517
-1803
-1490
-1293
-1499
-1513
-1446
-1362
-1062
-1502
-1716
-1025
-653
-701
-589
-701
-375
328
60
-142
644
1200
1064
1093
922
1193
1837
1642
1381
1735
2014
1900
1659
1417
1881
2271
1790
1459
1556
1582
1746
1578
1222
1529
1705
1216
955
1056
1057
1212
1047
742
883
878
625
615
668
676
759
461
237
499
418
136
233
258
39
-64
-258
-313
-118
-210
-487
-628
-712
-624
-644
-1188
-1118
-738
-909
-1123
-1244
-1436
-1245
-995
-1259
-1284
-1351
-1275
-1087
-1393
-1447
-1117
-1625
-1690
-972
-1279
-1648
-1408
-1654
-1589
-1097
-1495
-1975
-1600
-1081
-1140
-1435
-1902
-1478
-608
-705
-826
-703
-678
10
547
-173
27
1051
1053
891
1184
1089
1402
1899
1653
1532
1750
1824
1853
1719
1650
2001
1910
1503
1755
1829
1432
1572
1626
1442
1522
1396
956
1073
1258
1066
920
717
762
934
604
315
581
569
463
457
242
54
319
244
-59
37
90
-73
-268
-300
-220
-204
-483
-418
-499
-784
-495
-642
-1134
-726
-636
-1140
-947
-1044
-1278
-922
-993
-1148
-1067
-1185
-1079
-771
-1114
-1286
-1353
-1445
-1050
-812
-1254
-1620
-1417
-1389
-1191
-1260
-1688
-1606
-1039
-1007
-1274
-1497
-1667
-1113
-485
-657
-769
-563
-362
215
346
45
355
906
1080
1119
1023
936
1356
1723
1638
1556
1504
1514
1773
1756
1573
1699
1726
1597
1660
1367
1166
1398
1416
1239
1226
1041
902
1043
948
743
680
627
567
567
309
279
302
255
301
253
-18
-26
130
-8
-80
-50
-119
-229
-168
-301
-293
-370
-534
-442
-414
-599
-602
-669
-880
-663
-618
-935
-972
-732
-736
-784
-680
-776
-901
-661
-591
-855
-760
-997
-1264
-1008
-795
-875
-1124
-1380
-1349
-1012
-1153
-1471
-1513
-1292
-996
-967
-1527
-1801
-1066
-635
-682
-709
-783
-477
141
136
-46
332
766
950
1028
866
849
1287
1458
1500
1582
1427
1336
1362
1478
1598
1577
1479
1464
1489
1405
1192
1083
1185
1315
1242
837
588
651
763
674
462
384
495
490
244
70
97
294
320
139
36
134
78
56
194
137
58
102
37
-134
-57
95
-67
-240
-160
-242
-304
-285
-473
-463
-289
-464
-791
-618
-720
-728
-353
-810
-1082
-472
-582
-1009
-875
-964
-1128
-900
-1006
-1268
-987
-1108
-1572
-1426
-1353
-1455
-1306
-1672
-1595
-1001
-1165
-1709
-1665
-1246
-890
-610
-935
-1007
-326
77
-48
-79
223
762
1118
806
729
1100
1305
1474
1468
1316
1595
1896
1498
1413
1677
1614
1635
1617
1337
1320
1346
1142
1148
1148
974
917
769
665
820
678
446
539
582
443
336
160
153
375
326
90
14
88
198
181
34
2
117
68
-15
-52
-164
-64
-52
-243
-314
-266
-323
-440
-550
-474
-394
-716
-765
-587
-779
-662
-578
-1052
-940
-487
-689
-925
-723
-936
-1183
-971
-1043
-1083
-854
-1098
-1528
-1197
-1143
-1346
-1376
-1540
-1194
-816
-1203
-1735
-1425
-958
-684
-618
-857
-729
-86
113
-206
-36
457
890
960
743
733
1056
1266
1346
1413
1338
1511
1561
1298
1374
1571
1459
1388
1432
1257
1087
1049
1090
1196
1171
919
709
686
769
737
488
334
500
639
351
153
141
267
469
328
82
75
179
161
193
115
61
76
-19
-33
-28
-38
-117
-149
-155
-167
-221
-458
-578
-261
-250
-408
-606
-784
-575
-422
-524
-792
-723
-534
-474
-645
-945
-879
-578
-891
-1108
-924
-1039
-903
-1015
-1577
-1400
-973
-1256
-1545
-1387
-1274
-1091
-1135
-1752
-1694
-953
-838
-923
-840
-812
-320
-38
-328
-130
411
589
734
812
709
959
1240
1193
1274
1476
1451
1421
1307
1401
1541
1494
1448
1496
1405
1262
1278
1124
1081
1215
1143
920
845
772
659
590
480
525
603
424
340
363
292
319
263
187
188
205
157
118
52
63
99
36
-56
-53
25
-6
-106
-189
-179
-245
-269
-316
-425
-468
-347
-432
-618
-515
-610
-645
-574
-643
-790
-714
-765
-756
-602
-786
-1078
-1061
-978
-1099
-1054
-1101
-1399
-1316
-1159
-1459
-1527
-1440
-1513
-1298
-1167
-1547
-1682
-1396
-1123
-840
-705
-888
-663
-180
-53
-37
79
418
894
1011
779
905
1170
1336
1436
1359
1436
1738
1553
1333
1441
1590
1722
1636
1235
1210
1473
1212
991
991
1025
1035
1010
746
602
666
651
609
488
424
509
394
207
358
337
164
213
297
207
265
216
-17
28
160
-4
-183
-92
-38
-100
-175
-227
-369
-357
-253
-474
-550
-481
-619
-689
-725
-701
-539
-565
-869
-817
-682
-773
-639
-755
-1017
-832
-758
-1161
-1211
-1062
-1012
-894
-1235
-1465
-1249
-1215
-1375
-1323
-1246
-1059
-955
-1465
-1582
-1097
-748
-597
-628
-738
-285
110
-168
-222
303
737
932
905
566
779
1324
1240
1130
1464
1453
1345
1322
1154
1402
1675
1345
1131
1305
1284
1183
956
843
1179
1260
979
679
672
806
854
724
488
648
650
358
267
366
441
446
323
224
343
309
73
108
216
258
167
-54
-75
46
31
-50
-135
-278
-298
-378
-546
-547
-368
-542
-685
-681
-738
-728
-716
-747
-944
-809
-772
-871
-929
-960
-891
-862
-967
-1164
-1163
-1163
-943
-1052
-1332
-1141
-1181
-1302
-1266
-1207
-1100
-1061
-1267
-1402
-1158
-880
-753
-809
-826
-263
100
-268
-317
188
628
851
814
535
750
1378
1301
1003
1089
1501
1726
1309
1018
1295
1544
1502
1350
1052
1045
1295
1113
788
967
1140
973
735
511
594
682
545
459
547
500
336
309
192
329
517
322
218
287
326
218
180
241
323
327
105
57
89
92
56
-30
-121
-104
-183
-476
-366
-282
-453
-495
-614
-680
-527
-482
-691
-900
-764
-544
-715
-944
-855
-688
-538
-704
-1106
-1299
-993
-753
-830
-973
-1222
-1109
-1001
-1153
-1233
-1178
-1009
-825
-953
-1374
-1402
-1051
-769
-586
-612
-827
-490
-140
-284
-234
172
518
740
730
495
620
911
1028
1255
1235
1057
1140
1058
977
1398
1456
1049
1157
1213
1069
953
828
864
1267
1211
700
471
523
812
893
583
446
702
567
322
283
303
566
669
355
210
349
348
361
407
338
315
225
51
97
116
0
-32
21
-75
-232
-372
-484
-409
-289
-365
-753
-845
-437
-486
-741
-557
-747
-889
-495
-835
-1211
-733
-637
-943
-788
-910
-1266
-976
-824
-907
-665
-869
-1376
-1068
-953
-1046
-827
-959
-1061
-813
-946
-1244
-908
-567
-411
-365
-637
-541
-115
-137
-71
352
544
673
713
336
521
1226
1171
834
1010
1098
1204
1131
825
997
1278
1271
1141
896
729
1048
1158
821
851
867
629
667
704
620
722
687
536
591
504
356
426
516
617
603
298
155
399
516
379
340
254
280
344
100
-51
45
153
138
-100
-396
-360
-283
-425
-431
-514
-759
-554
-416
-824
-656
-566
-968
-672
-365
-915
-937
-667
-805
-757
-520
-776
-1086
-929
-844
-896
-770
-763
-1015
-1225
-1075
-741
-885
-1095
-1067
-928
-790
-854
-1029
-986
-715
-434
-351
-678
-589
-106
40
19
347
521
432
623
733
592
742
948
969
966
1011
915
752
838
1147
1124
735
729
770
707
712
693
533
628
782
612
419
426
651
670
523
457
534
534
547
667
591
536
702
638
540
566
657
653
644
577
531
440
340
430
422
337
238
218
54
-17
-86
-201
-209
-180
-320
-464
-457
-577
-440
-486
-841
-763
-495
-741
-721
-715
-1051
-801
-545
-942
-1069
-859
-927
-966
-885
-1012
-858
-682
-1088
-1354
-1048
-818
-720
-779
-1069
-974
-900
-1119
-1072
-774
-610
-496
-661
-828
-514
-271
-378
-247
118
283
250
40
52
495
708
493
447
609
793
783
642
620
846
1078
906
620
694
965
1006
933
898
956
939
870
872
891
953
979
854
883
1029
944
849
959
1072
1034
886
750
766
898
948
695
497
551
587
363
226
341
324
231
-4
-233
-311
-291
-177
-276
-510
-480
-602
-766
-711
-711
-902
-710
-648
-859
-786
-813
-972
-739
-580
-1006
-961
-670
-869
-984
-946
-973
-787
-681
-922
-1042
-1099
-1124
-830
-769
-885
-859
-949
-1133
-946
-838
-883
-649
-523
-598
-594
-573
-567
-219
-16
-16
63
127
149
233
259
323
454
415
372
501
498
466
561
569
688
805
704
538
659
862
951
947
884
957
1063
1117
1069
1024
1133
1276
1179
1060
1092
1184
1205
1233
1202
1129
1072
1038
1009
976
997
818
661
593
596
506
274
178
155
137
75
-172
-373
-267
-256
-478
-548
-476
-629
-791
-631
-721
-811
-730
-931
-1005
-750
-736
-1121
-1058
-849
-751
-914
-1108
-1107
-893
-707
-965
-1129
-966
-732
-861
-1208
-1321
-987
-817
-907
-879
-982
-1067
-975
-1052
-981
-651
-615
-792
-756
-551
-416
-474
-523
-252
73
81
-143
-199
-76
227
397
212
132
310
359
366
379
471
658
732
720
799
873
847
1100
1235
1247
1365
1341
1213
1376
1576
1527
1449
1452
1524
1539
1461
1395
1413
1378
1381
1306
1067
974
1132
1134
927
776
645
584
498
282
204
266
111
-53
-221
-357
-264
-217
-390
-556
-593
-614
-589
-796
-879
-664
-666
-748
-883
-1088
-979
-847
-943
-1026
-981
-1069
-1098
-1052
-1137
-1120
-1183
-1312
-1101
-991
-1248
-1324
-1280
-1243
-1079
-1093
-1426
-1294
-1001
-1066
-1164
-1215
-1128
-893
-799
-892
-769
-633
-594
-428
-425
-418
-146
10
-63
58
135
124
265
352
408
504
591
621
750
829
959
1079
1075
1226
1381
1360
1382
1511
1543
1653
1713
1637
1619
1741
1710
1652
1662
1627
1594
1557
1534
1535
1419
1274
1307
1272
1149
1052
909
747
762
710
453
280
240
192
86
-79
-323
-314
-298
-442
-510
-579
-854
-812
-581
-836
-1017
-1025
-1010
-1031
-951
-1146
-1266
-1146
-1073
-1268
-1475
-1220
-1244
-1348
-1333
-1508
-1482
-1244
-1385
-1579
-1379
-1319
-1378
-1341
-1351
-1366
-1268
-1229
-1214
-998
-979
-1100
-1025
-887
-821
-643
-643
-624
-346
-284
-263
-233
-112
73
199
173
212
362
455
463
474
590
689
802
844
906
976
1064
1190
1213
1211
1344
1397
1397
1592
1611
1533
1623
1712
1672
1687
1694
1584
1605
1694
1623
1492
1493
1568
1591
1466
1301
1217
1224
1167
1077
940
788
705
592
484
311
266
289
34
-134
-24
-225
-404
-297
-507
-621
-511
-689
-992
-875
-886
-1066
-1167
-1213
-1286
-1213
-1369
-1495
-1420
-1549
-1425
-1503
-1869
-1717
-1481
-1707
-1732
-1673
-1776
-1738
-1580
-1789
-1811
-1638
-1603
-1575
-1508
-1536
-1444
-1224
-1175
-1059
-1056
-1052
-851
-679
-655
-518
-416
-269
-60
-14
16
202
303
346
629
724
728
779
843
961
1095
1202
1162
1154
1281
1436
1478
1455
1463
1523
1621
1622
1559
1481
1557
1615
1616
1659
1617
1598
1712
1687
1604
1603
1538
1498
1472
1471
1429
1380
1301
1320
1276
1200
1117
987
870
848
774
651
579
442
342
235
127
7
-172
-292
-404
-585
-713
-818
-959
-1125
-1322
-1441
-1492
-1534
-1545
-1760
-1863
-1827
-1921
-1998
-1999
-2138
-2136
-1994
-2139
-2164
-2135
-2155
-2068
-1845
-1821
-1913
-1852
-1744
-1543
-1560
-1510
-1383
-1267
-1125
-974
-959
-992
-652
-505
-605
-383
-204
-173
-4
130
256
404
429
491
675
739
787
869
853
1019
1196
1139
1089
1227
1319
1348
1378
1389
1447
1522
1444
1498
1584
1553
1625
1634
1615
1731
1822
1714
1747
1851
1824
1819
1803
1769
1778
1748
1713
1679
1624
1631
1583
1450
1386
1371
1205
1077
1031
870
720
556
354
242
52
-73
-257
-483
-586
-709
-930
-1094
-1239
-1510
-1472
-1544
-1812
-1908
-1999
-2116
-2043
-1977
-2292
-2366
-2289
-2243
-2364
-2388
-2362
-2389
-2329
-2197
-2250
-2354
-2003
-1904
-2002
-1731
-1601
-1715
-1495
-1237
-1284
-1131
-825
-853
-680
-481
-472
-326
-81
62
124
185
228
429
539
469
645
718
740
885
812
768
991
1162
1033
1095
1095
1168
1367
1343
1283
1414
1460
1524
1610
1577
1606
1747
1796
1813
1880
1879
1936
1988
2005
2022
2011
1936
2010
2020
1905
1869
1831
1728
1742
1689
1486
1456
1409
1209
1088
959
764
688
523
344
188
-48
-199
-336
-525
-607
-713
-1030
-1153
-1288
-1412
-1577
-1738
-1864
-1977
-2061
-2085
-2211
-2349
-2284
-2428
-2454
-2342
-2477
-2589
-2397
-2399
-2361
-2245
-2302
-2234
-2087
-2101
-1945
-1851
-1829
-1587
-1498
-1492
-1256
-1179
-1182
-837
-670
-597
-389
-327
-290
21
107
133
367
406
519
760
757
836
1085
1132
1102
1277
1303
1283
1417
1391
1417
1496
1536
1481
1528
1604
1677
1691
1610
1642
1644
1596
1638
1690
1589
1619
1635
1512
1511
1601
1584
1538
1560
1499
1460
1386
1356
1312
1288
1285
1182
1071
994
963
885
832
753
573
489
425
273
170
24
-186
-228
-323
-508
-577
-696
-835
-865
-1029
-1254
-1295
-1476
-1630
-1602
-1738
-1855
-1856
-2012
-2121
-2083
-2100
-2186
-2236
-2184
-2150
-2206
-2182
-2136
-2130
-1995
-1863
-1927
-1860
-1779
-1632
-1524
-1466
-1312
-1247
-1240
-991
-786
-828
-549
-399
-457
-247
-28
-30
111
372
466
508
701
764
866
950
1121
1219
1244
1410
1481
1492
1557
1703
1661
1726
1849
1843
1827
1834
1780
1819
1792
1748
1682
1661
1610
1588
1480
1358
1376
1290
1222
1137
1076
992
932
845
771
696
617
544
523
407
369
297
177
149
155
45
-27
-45
-128
-129
-148
-198
-267
-302
-348
-357
-434
-535
-603
-634
-675
-691
-790
-914
-921
-980
-1032
-1074
-1139
-1187
-1203
-1229
-1265
-1290
-1370
-1429
-1415
-1413
-1419
-1433
-1417
-1462
-1450
-1394
-1448
-1343
-1249
-1279
-1256
-1165
-1145
-1096
-982
-1016
-904
-801
-753
-612
-498
-458
-252
-169
-129
22
101
179
299
482
555
696
805
838
964
1155
1205
1257
1340
1421
1437
1472
1507
1522
1562
1598
1610
1547
1499
1518
1494
1431
1444
1335
1217
1119
1087
949
861
759
658
585
509
450
297
228
140
95
19
-41
-108
-150
-170
-180
-218
-275
-307
-331
-375
-393
-406
-384
-377
-419
-421
-440
-479
-423
-390
-405
-399
-435
-452
-413
-434
-483
-425
-443
-421
-496
-548
-517
-500
-515
-456
-467
-537
-529
-520
-514
-464
-435
-577
-604
-511
-444
-513
-552
-514
-524
-365
-386
-576
-543
-380
-391
-379
-302
-395
-334
-185
-250
-217
-45
-58
-126
-11
104
112
149
228
278
332
445
378
367
502
610
558
493
608
618
669
723
671
705
757
783
677
652
688
647
583
532
543
462
420
356
275
252
265
146
37
20
-55
-135
-173
-263
-301
-254
-333
-382
-363
-373
-439
-403
-419
-437
-416
-426
-408
-355
-346
-349
-327
-315
-244
-236
-238
-184
-138
-147
-89
-67
-55
33
105
48
127
246
230
255
267
271
323
351
312
332
325
342
337
310
340
368
297
310
340
236
244
268
220
214
205
88
89
189
124
34
47
0
49
60
-84
-126
-13
-54
-97
-114
-202
-202
-202
-279
-284
-289
-394
-346
-323
-412
-324
-286
-411
-339
-264
-377
-312
-266
-360
-289
-321
-348
-312
-214
-288
-266
-232
-229
-149
-185
-158
-104
-121
-174
-152
-137
-153
-134
-131
-161
-99
-129
-166
-139
-120
-169
-166
-222
-254
-160
-164
-220
-169
-135
-165
-134
-134
-82
3
16
26
77
122
192
183
225
322
400
403
405
473
493
573
631
590
654
741
726
720
781
809
844
833
825
835
891
867
819
844
845
836
817
747
693
710
670
624
506
453
415
322
288
233
115
10
-38
-100
-197
-280
-373
-440
-493
-520
-620
-750
-829
-863
-868
-950
-950
-1030
-1139
-1099
-1092
-1105
-1077
-1089
-1151
-1096
-1082
-1069
-1048
-1021
-919
-870
-841
-832
-753
-731
-701
-582
-640
-571
-443
-453
-433
-328
-321
-241
-177
-158
-56
-29
11
94
161
127
227
273
264
350
417
392
441
538
506
556
628
651
687
684
672
706
694
723
773
768
807
845
817
802
877
895
860
881
873
871
906
913
890
888
876
843
828
781
777
804
747
687
696
616
550
567
531
458
444
332
259
228
116
30
-21
-70
-138
-249
-351
-369
-449
-537
-591
-687
-762
-739
-801
-919
-941
-956
-1016
-1026
-1105
-1147
-1131
-1171
-1200
-1172
-1195
-1221
-1217
-1242
-1201
-1105
-1084
-1143
-1026
-1006
-1026
-930
-904
-889
-817
-745
-694
-578
-551
-498
-396
-328
-205
-127
-154
-116
-1
62
125
172
191
275
386
430
475
500
534
625
674
702
759
784
829
878
913
936
949
987
1015
1070
1081
1097
1118
1159
1180
1136
1154
1114
1049
1114
1166
1090
1115
1083
992
997
984
936
835
804
729
667
594
525
418
324
321
265
146
53
-45
-104
-104
-160
-277
-391
-532
-516
-550
-632
-757
-918
-933
-922
-941
-1031
-1119
-1170
-1118
-1033
-1023
-1139
-1115
-1092
-1094
-1093
-1133
-1166
-1109
-1023
-985
-969
-973
-921
-878
-790
-702
-680
-716
-661
-619
-545
-531
-549
-536
-467
-399
-390
-375
-359
-291
-222
-163
-119
-123
-42
5
98
223
219
219
254
317
387
444
516
554
636
720
758
824
886
967
1027
1092
1125
1183
1195
1239
1277
1278
1273
1266
1241
1262
1269
1249
1217
1186
1162
1131
1072
1029
965
920
887
804
735
633
517
448
398
285
199
70
-24
-51
-123
-249
-310
-395
-492
-540
-633
-767
-777
-817
-904
-929
-949
-1010
-1053
-1074
-1093
-1120
-1148
-1162
-1206
-1206
-1204
-1187
-1208
-1189
-1150
-1151
-1118
-1058
-1064
-1026
-970
-948
-915
-837
-805
-763
-637
-582
-537
-470
-429
-337
-272
-228
-152
-91
-38
31
61
122
226
272
333
390
429
523
593
615
676
740
785
798
846
838
887
945
969
1007
1025
1043
1059
1054
1093
1120
1086
1069
1038
1035
1027
1002
955
936
938
886
843
796
734
703
646
571
495
431
385
330
245
169
125
25
-33
-76
-170
-239
-266
-345
-381
-429
-535
-564
-594
-613
-651
-672
-748
-795
-827
-862
-901
-943
-968
-980
-965
-989
-1000
-1020
-1026
-1012
-1036
-1048
-1032
-1002
-943
-902
-905
-903
-847
-792
-751
-718
-683
-629
-554
-498
-499
-436
-346
-263
-196
-152
-103
-24
13
79
178
197
265
322
336
417
505
564
638
701
731
775
792
874
914
944
982
993
1024
1020
1024
1031
1034
1040
992
968
960
941
881
853
815
778
797
718
661
609
538
441
433
393
371
335
256
226
163
90
29
-37
-44
-83
-132
-186
-227
-251
-294
-311
-332
-350
-352
-409
-463
-477
-521
-535
-536
-593
-609
-628
-674
-693
-717
-738
-751
-761
-769
-780
-816
-813
-798
-749
-744
-739
-737
-749
-725
-669
-646
-646
-637
-617
-562
-498
-459
-417
-365
-315
-247
-191
-159
-113
-58
-26
20
50
99
182
191
239
288
320
362
457
536
535
615
623
659
700
714
716
694
729
730
776
740
736
769
752
833
789
763
769
714
696
657
643
589
567
537
487
500
459
423
391
328
267
222
155
95
110
55
6
-21
-93
-150
-201
-205
-235
-298
-339
-373
-415
-463
-473
-520
-536
-551
-565
-616
-629
-630
-657
-663
-692
-666
-670
-675
-677
-645
-655
-664
-676
-633
-601
-561
-552
-525
-463
-459
-425
-424
-399
-327
-281
-263
-261
-239
-203
-157
-118
-88
-42
10
50
79
129
179
219
230
236
237
284
314
342
390
417
475
497
496
500
516
544
577
574
585
615
630
631
666
659
655
655
643
655
642
606
600
567
550
537
523
452
420
396
351
311
274
206
168
136
87
62
19
-43
-112
-156
-198
-216
-277
-290
-306
-338
-364
-387
-406
-440
-460
-476
-532
-526
-538
-523
-556
-574
-571
-558
-561
-553
-545
-574
-554
-552
-536
-523
-516
-505
-472
-429
-390
-392
-353
-323
-294
-276
-268
-249
-215
-183
-166
-145
-137
-101
-48
-4
-10
16
59
57
87
89
75
93
112
115
174
192
221
234
268
314
319
326
333
372
354
370
411
398
433
474
479
484
489
488
509
519
512
519
524
539
542
541
525
508
490
493
456
415
396
355
327
286
273
233
190
185
130
78
35
-7
-11
-54
-90
-139
-168
-201
-230
-243
-303
-339
-345
-379
-421
-453
-469
-501
-490
-511
-531
-493
-515
-505
-496
-490
-483
-446
-452
-453
-436
-413
-394
-379
-365
-365
-365
-336
-301
-267
-252
-242
-231
-229
-164
-137
-161
-119
-80
-79
-63
-25
-13
40
76
69
84
98
117
106
130
135
188
177
155
192
198
203
233
240
231
260
264
272
275
281
298
287
284
293
293
292
315
338
358
354
365
341
349
341
305
315
308
298
289
234
209
199
187
172
161
147
132
122
107
101
72
41
18
-20
-41
-31
-88
-98
-118
-131
-146
-163
