3
-1
-1
3
-1
-9
2
-1
-8
-7
-18
-7
-6
-14
-9
-14
-21
-18
-14
-19
-10
-6
-6
-3
-4
-7
-5
-1
-5
-9
-3
-1
7
0
-10
-8
-7
-15
-9
-8
-3
-9
-7
-8
-10
1
1
3
8
1
2
4
2
2
-4
-5
-2
3
6
9
17
13
14
14
2
-7
-1
-6
-10
-8
-13
-3
4
3
-1
6
5
-3
-4
-10
-13
-5
-3
-1
-9
-13
-9
-8
-16
-9
-13
-10
-6
0
8
11
13
13
16
6
11
14
13
19
12
9
8
3
5
5
10
14
17
18
12
6
12
15
10
6
-2
5
10
15
18
9
7
5
4
3
1
2
8
4
11
12
18
23
6
12
11
3
4
-4
-4
-10
-6
-5
-3
-5
-16
-7
-17
-22
-18
-27
-26
-18
-22
-16
-14
-11
-13
-10
-6
-7
-3
-15
-10
-3
1
-2
-12
-3
-9
-12
-11
-16
-13
-1
8
12
5
13
14
13
6
7
5
-2
5
-3
-5
-6
-12
-4
-8
-6
-10
-14
-12
-9
-4
-7
-1
-4
-8
-6
3
-3
0
6
12
20
17
12
9
11
1
-11
-19
-23
-47
-96
-218
-268
-285
-344
-356
-380
-349
-190
-71
44
158
248
465
602
638
658
687
689
603
536
444
342
311
265
238
247
252
251
232
255
209
131
-55
-243
-381
-572
-724
-880
-1043
-1108
-1118
-1112
-1048
-942
-819
-646
-436
-261
-85
30
107
163
228
245
187
135
74
33
45
65
57
81
209
348
469
565
579
605
600
573
475
288
111
-57
-225
-367
-508
-599
-643
-582
-433
-256
-40
139
338
553
717
825
827
773
697
596
476
328
211
132
105
153
250
371
494
651
841
972
1058
1033
954
856
710
527
267
19
-191
-354
-528
-680
-760
-808
-766
-701
-665
-628
-621
-642
-660
-758
-842
-986
-1160
-1288
-1466
-1552
-1636
-1694
-1614
-1481
-1267
-1030
-765
-450
-153
105
314
489
618
722
788
774
734
641
573
504
430
393
356
370
416
432
462
479
490
474
379
283
148
0
-178
-334
-444
-520
-524
-530
-457
-285
-71
176
414
668
922
1146
1314
1419
1459
1439
1384
1277
1156
1044
948
880
839
843
853
837
865
921
916
913
820
661
490
246
-2
-271
-572
-847
-1096
-1297
-1390
-1469
-1527
-1546
-1512
-1461
-1381
-1344
-1370
-1372
-1375
-1410
-1500
-1608
-1720
-1765
-1763
-1706
-1594
-1429
-1181
-880
-570
-270
-2
215
406
659
845
857
796
758
778
762
639
504
436
508
640
712
692
737
852
969
1008
960
835
669
538
399
244
52
-98
-173
-113
22
101
238
430
714
973
1135
1252
1303
1343
1346
1283
1163
981
797
689
605
593
549
538
601
740
873
923
934
884
828
727
543
293
12
-255
-504
-712
-942
-1176
-1329
-1419
-1471
-1478
-1528
-1583
-1576
-1589
-1632
-1712
-1822
-1931
-2046
-2142
-2206
-2296
-2346
-2336
-2294
-2170
-1997
-1761
-1518
-1272
-973
-696
-446
-124
193
535
866
1101
1346
1573
1764
1909
1974
2059
2145
2222
2237
2195
2150
2067
1985
1803
1581
1344
1114
891
573
273
8
-261
-444
-686
-868
-953
-985
-891
-776
-636
-428
-210
42
261
450
624
766
930
1010
1115
1178
1188
1224
1233
1279
1279
1245
1207
1165
1118
1036
917
755
606
450
267
32
-226
-457
-675
-857
-1077
-1273
-1468
-1599
-1623
-1724
-1783
-1780
-1859
-1849
-1816
-1843
-1855
-1915
-1948
-1942
-1922
-1898
-1942
-1942
-1918
-1818
-1663
-1603
-1474
-1334
-1143
-888
-688
-461
-220
157
524
810
1120
1378
1678
1902
1986
2117
2225
2290
2310
2229
2146
2106
2008
1830
1662
1538
1400
1246
1045
848
674
445
251
50
-140
-294
-467
-574
-629
-651
-592
-549
-424
-210
-24
197
436
665
869
1021
1097
1154
1177
1163
1136
1047
923
815
693
639
563
450
408
374
310
259
137
-24
-217
-480
-720
-1000
-1298
-1528
-1794
-1973
-2091
-2251
-2321
-2323
-2285
-2183
-2085
-2013
-1948
-1888
-1884
-1813
-1775
-1835
-1838
-1832
-1718
-1600
-1561
-1442
-1289
-1035
-706
-433
-62
372
775
1217
1535
1878
2210
2372
2455
2498
2505
2482
2358
2142
1999
1905
1798
1679
1518
1405
1367
1259
1174
1028
843
674
403
144
-123
-425
-644
-845
-938
-923
-913
-794
-603
-306
32
366
666
916
1175
1322
1426
1450
1364
1284
1171
1058
946
818
712
650
642
636
560
507
441
316
183
-58
-361
-674
-998
-1359
-1684
-2022
-2328
-2468
-2616
-2625
-2595
-2565
-2401
-2222
-2052
-1857
-1757
-1624
-1566
-1557
-1509
-1556
-1543
-1664
-1684
-1613
-1560
-1417
-1367
-1219
-879
-526
-96
236
592
996
1361
1752
1938
2062
2124
2167
2275
2252
2179
2071
1944
1912
1877
1847
1794
1765
1757
1731
1715
1575
1348
1144
846
582
265
-96
-410
-676
-768
-813
-833
-813
-705
-447
-127
148
362
562
781
977
1081
1045
990
917
826
769
653
585
568
565
613
671
684
660
597
524
423
212
-103
-503
-821
-1120
-1440
-1790
-2113
-2269
-2379
-2395
-2420
-2398
-2253
-2081
-1852
-1728
-1666
-1524
-1493
-1486
-1481
-1620
-1628
-1626
-1714
-1698
-1687
-1575
-1492
-1453
-1259
-929
-540
-179
103
428
833
1277
1642
1783
1831
2003
2205
2319
2350
2268
2239
2304
2295
2291
2270
2232
2239
2165
2081
1941
1687
1387
1044
700
349
-34
-462
-837
-1087
-1222
-1271
-1351
-1288
-1104
-850
-509
-236
4
289
554
761
865
868
909
895
926
954
938
953
997
1088
1199
1231
1218
1147
1025
867
660
408
23
-393
-772
-1101
-1465
-1902
-2266
-2457
-2551
-2600
-2650
-2644
-2480
-2347
-2122
-1927
-1841
-1710
-1594
-1570
-1568
-1602
-1614
-1540
-1516
-1444
-1392
-1263
-1161
-1084
-949
-770
-568
-315
-35
210
488
730
1058
1306
1495
1652
1776
1921
2053
2104
2072
2079
2098
2123
2118
2089
2088
2094
2111
2052
1903
1720
1503
1277
1040
752
390
69
-253
-520
-687
-826
-864
-783
-670
-439
-188
12
236
456
645
808
885
886
865
808
788
754
704
665
686
741
771
767
780
738
622
472
277
-12
-354
-706
-1067
-1381
-1675
-1975
-2210
-2400
-2508
-2500
-2501
-2444
-2370
-2278
-2036
-1843
-1688
-1539
-1501
-1379
-1339
-1384
-1328
-1342
-1327
-1238
-1241
-1268
-1301
-1268
-1240
-1173
-1064
-851
-574
-286
19
234
608
984
1199
1441
1632
1825
2075
2114
2187
2237
2287
2440
2441
2449
2528
2610
2662
2577
2439
2322
2111
1846
1550
1146
752
387
-19
-338
-579
-768
-855
-932
-883
-668
-488
-310
-100
56
299
493
553
594
620
683
721
678
616
630
684
734
702
695
703
645
563
400
114
-133
-431
-764
-1057
-1447
-1770
-2046
-2342
-2493
-2608
-2664
-2689
-2696
-2556
-2436
-2260
-2051
-1969
-1729
-1552
-1376
-1137
-1119
-981
-902
-776
-566
-599
-690
-757
-775
-711
-807
-926
-896
-745
-504
-317
-159
104
462
699
944
1168
1376
1679
1762
1832
1966
2015
2182
2229
2242
2440
2625
2738
2777
2742
2747
2722
2533
2208
1837
1474
1143
728
287
-35
-343
-547
-689
-825
-777
-702
-621
-454
-388
-235
-14
-5
52
123
185
266
225
193
285
375
438
440
410
460
472
401
274
79
-54
-192
-466
-745
-1079
-1371
-1537
-1858
-2162
-2310
-2447
-2502
-2527
-2521
-2372
-2169
-2102
-1932
-1794
-1620
-1404
-1404
-1271
-1168
-1026
-731
-702
-558
-382
-392
-335
-413
-354
-277
-314
-218
-119
22
179
382
550
646
843
1053
1247
1437
1526
1592
1624
1759
1855
1834
1961
1983
2076
2238
2215
2254
2233
2217
2206
1982
1763
1516
1259
993
692
395
137
-48
-246
-383
-480
-515
-478
-470
-401
-298
-295
-142
-94
-94
9
-33
40
67
2
78
59
121
144
52
58
-42
-96
-183
-366
-468
-639
-781
-980
-1495
-1961
-2033
-2126
-2242
-2294
-2547
-2297
-1781
-1560
-1313
-1415
-1174
-521
-390
-187
-227
-302
-76
-215
-116
-279
-389
-143
-461
-465
-464
-664
-701
-973
-991
-920
-922
-966
-1066
-946
-791
-496
-341
-299
178
550
959
1325
1471
1852
2173
2545
2756
2840
3184
3318
3315
3347
3238
3174
2927
2639
2317
1967
1656
1220
764
298
113
-88
-526
-767
-969
-1011
-1033
-1257
-1379
-1399
-1293
-1093
-1121
-1069
-888
-653
-411
-323
-124
22
208
361
433
501
516
491
407
312
270
140
-61
-254
-477
-568
-780
-1022
-1271
-1477
-1587
-1728
-1898
-2081
-2109
-2012
-2022
-1990
-1940
-1831
-1616
-1563
-1412
-1324
-1282
-1054
-870
-754
-636
-581
-576
-639
-643
-645
-649
-575
-442
-270
-96
222
390
629
905
1031
1295
1420
1532
1688
1672
1785
1843
1827
1916
1914
2000
2153
2253
2363
2367
2369
2389
2296
2075
1818
1519
1187
876
469
89
-174
-438
-597
-730
-835
-771
-706
-589
-484
-411
-268
-118
-91
-46
-19
-38
-12
-96
-166
-183
-195
-148
-158
-83
49
111
151
142
152
153
80
-74
-233
-385
-661
-789
-986
-1318
-1394
-1686
-1830
-1772
-1937
-1744
-1750
-1761
-1362
-1363
-1192
-1088
-1174
-946
-1073
-1003
-924
-1141
-945
-1037
-1156
-1131
-1327
-1229
-1224
-1254
-1013
-796
-514
-220
81
326
683
953
1077
1359
1479
1705
1803
1672
1824
1947
2071
2191
2172
2364
2514
2564
2590
2537
2559
2467
2170
1844
1497
1050
627
121
-393
-597
-838
-1146
-1261
-1338
-1143
-889
-887
-700
-490
-180
176
177
223
234
325
474
317
259
301
337
506
510
529
661
717
722
711
701
582
356
149
-143
-323
-589
-964
-1332
-1629
-1660
-1832
-2049
-2205
-2215
-1945
-1999
-1987
-2301
-2545
-1838
-1872
-1795
-1997
-2744
-1576
-996
-884
-643
-1515
-449
592
464
732
-182
143
993
846
1171
432
564
1154
766
1198
1006
687
940
652
757
944
669
273
170
270
512
850
276
323
850
964
1639
1334
1034
1511
1570
1962
1696
1208
1434
1269
1360
1343
776
771
765
614
710
694
485
464
316
308
655
306
51
-10
-288
66
-58
-658
-667
-807
-434
-235
-672
-602
-496
-186
121
-222
-190
-73
-89
70
-132
-412
-514
-654
-873
-1022
-1186
-1349
-1455
-1632
-1584
-1434
-1582
-1551
-1587
-1598
-1381
-1437
-1594
-1636
-1678
-1496
-1576
-1727
-1634
-1723
-1600
-1425
-1590
-1496
-1197
-902
-530
-343
-43
387
685
975
1251
1359
1559
1798
1796
1859
1940
2001
2012
1973
2133
2218
2244
2320
2230
2208
2248
2037
1773
1495
1190
955
551
173
-119
-337
-476
-592
-700
-675
-531
-422
-285
-148
49
257
338
404
456
489
571
482
419
432
431
544
550
540
699
740
800
776
723
695
551
367
103
-121
-311
-605
-829
-1152
-1420
-1502
-1745
-1823
-1920
-1996
-1904
-1917
-1754
-1674
-1697
-1520
-1452
-1356
-1242
-1351
-1213
-1275
-1404
-1212
-1316
-1223
-1203
-1354
-1110
-1135
-1083
-1092
-1326
-1051
-862
-728
-624
-611
-296
44
259
431
466
771
1157
1411
1577
1725
1959
2075
2362
2475
2385
2500
2518
2539
2496
2353
2197
1899
1731
1514
1115
865
545
215
35
-136
-259
-487
-639
-583
-570
-550
-534
-514
-439
-234
-89
-7
117
172
326
425
550
716
741
850
931
996
1123
1039
1043
1031
893
887
660
344
218
-72
-269
-510
-815
-976
-1253
-1340
-1562
-1756
-1810
-1888
-1761
-1839
-1862
-1705
-1702
-1514
-1449
-1462
-1358
-1382
-1241
-1271
-1337
-1194
-1243
-1222
-1250
-1328
-1138
-1243
-1249
-1270
-1583
-1419
-1285
-1275
-1084
-1016
-725
-400
-131
232
433
741
1114
1405
1679
1827
2040
2113
2201
2351
2388
2436
2335
2418
2395
2346
2318
2064
1890
1728
1427
1201
760
394
224
-144
-349
-556
-786
-738
-678
-588
-438
-315
-87
125
277
452
530
538
695
734
764
847
827
881
921
938
1008
986
952
934
864
838
733
511
256
33
-228
-554
-834
-1158
-1404
-1516
-1723
-1893
-1920
-1875
-1801
-1751
-1740
-1652
-1541
-1421
-1407
-1450
-1401
-1323
-1335
-1417
-1500
-1467
-1425
-1524
-1494
-1499
-1524
-1383
-1457
-1469
-1375
-1468
-1352
-1303
-1172
-890
-842
-609
-256
4
377
607
771
1109
1329
1671
1878
1886
2075
2236
2327
2449
2445
2490
2644
2650
2585
2481
2305
2216
1930
1539
1246
921
624
290
-90
-273
-461
-584
-618
-746
-643
-495
-349
-226
-74
106
305
415
455
559
631
677
742
751
803
839
812
908
919
946
906
784
735
612
440
198
-112
-322
-576
-811
-1058
-1378
-1542
-1625
-1727
-1867
-1992
-2004
-1948
-1900
-1925
-1943
-1865
-1772
-1653
-1705
-1742
-1678
-1636
-1637
-1752
-1759
-1699
-1643
-1597
-1643
-1623
-1520
-1437
-1467
-1448
-1129
-802
-527
-298
-153
313
734
1024
1243
1316
1661
1996
2128
2225
2212
2346
2482
2481
2508
2453
2579
2599
2541
2488
2331
2167
1867
1536
1172
871
513
124
-187
-491
-666
-757
-867
-909
-803
-641
-428
-348
-162
85
258
487
515
621
790
853
927
921
900
1030
1079
1034
1072
1024
1056
979
770
681
520
262
2
-331
-597
-834
-1169
-1472
-1730
-1920
-2035
-2219
-2308
-2225
-2301
-2127
-1997
-2061
-1828
-1770
-1636
-1399
-1617
-1468
-1436
-1591
-1407
-1649
-1670
-1509
-1546
-1331
-1436
-1405
-1090
-1136
-988
-982
-851
-508
-444
-192
-21
166
613
807
944
1148
1459
1688
1835
2021
2071
2296
2399
2473
2551
2487
2638
2687
2478
2481
2310
2061
1859
1490
1225
817
503
198
-207
-397
-551
-685
-812
-812
-720
-648
-462
-305
-159
25
153
394
480
569
742
750
831
932
1020
1082
1069
1201
1261
1233
1268
1101
991
877
685
442
95
-171
-499
-790
-1145
-1481
-1646
-1982
-2142
-2279
-2380
-2351
-2450
-2322
-2291
-2273
-2079
-2126
-1992
-1853
-1825
-1631
-1792
-1773
-1654
-1666
-1462
-1440
-1321
-1124
-909
-684
-684
-542
-507
-560
-444
-350
-130
-72
-29
194
394
754
932
1001
1191
1416
1821
1891
1838
1974
2028
2216
2317
2185
2191
2278
2362
2262
2114
2027
1886
1641
1361
1139
773
452
175
-101
-275
-439
-563
-666
-744
-618
-519
-479
-330
-208
-21
186
340
401
494
631
755
821
838
918
1032
1088
1148
1156
1096
1092
981
869
697
467
184
-178
-454
-716
-1072
-1400
-1648
-1827
-1993
-2176
-2350
-2415
-2294
-2280
-2348
-2290
-2188
-1987
-1966
-1972
-1866
-1764
-1558
-1555
-1513
-1399
-1191
-935
-939
-807
-569
-449
-242
-259
-187
-225
-227
-144
-273
-74
-8
53
243
326
714
892
999
1246
1341
1652
1837
1841
1917
1920
2092
2081
2019
2045
2043
2119
2043
1975
1811
1673
1616
1309
1045
763
477
293
-84
-248
-443
-643
-679
-797
-781
-716
-633
-451
-374
-202
62
208
356
488
654
785
928
1005
1060
1134
1175
1223
1189
1127
1074
920
821
644
423
236
-128
-355
-632
-1013
-1225
-1485
-1733
-1889
-2105
-2184
-2295
-2386
-2402
-2495
-2406
-2356
-2302
-2190
-2119
-1952
-1808
-1658
-1548
-1437
-1259
-1085
-951
-808
-644
-399
-373
-285
-160
-145
-102
-169
-160
-109
-9
129
159
255
512
754
957
1056
1185
1342
1543
1727
1637
1596
1631
1679
1624
1557
1581
1596
1680
1713
1677
1611
1566
1495
1306
1035
850
645
379
105
-126
-277
-407
-443
-498
-475
-274
-143
5
179
408
632
788
909
944
1014
1074
1078
1054
1008
989
1009
953
895
873
805
702
592
471
330
86
-180
-484
-789
-1008
-1300
-1630
-1901
-2111
-2229
-2421
-2547
-2574
-2589
-2516
-2473
-2335
-2186
-2034
-1844
-1806
-1662
-1433
-1364
-1260
-1256
-1188
-948
-886
-734
-643
-562
-309
-200
-61
-80
-98
52
107
206
292
308
412
597
764
839
935
1044
1174
1294
1348
1423
1419
1437
1533
1505
1599
1653
1664
1791
1775
1807
1731
1583
1473
1292
1086
821
516
274
72
-120
-318
-448
-499
-440
-319
-236
-101
53
227
406
534
687
783
883
971
957
1048
1057
1054
1075
1067
1135
1173
1101
1006
900
798
654
428
133
-216
-469
-794
-1139
-1561
-1821
-2026
-2349
-2510
-2682
-2779
-2689
-2691
-2657
-2535
-2388
-2123
-2008
-1862
-1624
-1514
-1355
-1193
-1094
-996
-829
-680
-591
-432
-207
-92
15
86
239
287
191
277
291
376
505
404
413
529
657
764
576
631
811
840
980
870
818
997
1045
1136
1115
1121
1346
1376
1348
1391
1309
1275
1233
1053
866
720
573
433
196
95
125
45
121
183
206
357
473
577
688
768
894
949
871
914
952
927
951
920
851
889
879
887
869
759
762
603
416
255
-39
-344
-677
-1027
-1316
-1645
-1920
-2019
-2198
-2359
-2362
-2390
-2358
-2239
-2200
-2067
-1902
-1793
-1559
-1455
-1417
-1172
-1101
-989
-860
-788
-582
-553
-410
-212
-129
147
153
136
327
202
146
39
-176
-210
-235
-289
-326
-351
-333
-95
68
76
281
445
610
832
897
966
999
1104
1208
1140
1234
1371
1408
1495
1525
1601
1685
1627
1577
1514
1334
1231
1028
705
559
437
232
152
21
-21
81
105
212
245
307
502
516
607
668
592
685
664
654
705
583
593
569
472
512
411
258
174
45
-82
-253
-524
-764
-947
-1139
-1349
-1544
-1748
-1892
-1992
-2010
-2047
-2118
-2031
-1994
-1881
-1633
-1554
-1351
-1201
-1081
-798
-779
-616
-481
-504
-349
-353
-241
-206
-211
29
-182
-221
-43
-209
-176
-383
-472
-386
-412
-185
-286
-320
-112
28
154
86
199
236
262
534
482
480
611
751
920
930
1238
1349
1457
1720
1707
1872
1902
1850
1784
1472
1356
1226
928
742
626
556
433
410
402
384
488
552
612
590
625
676
629
612
513
430
406
347
402
355
331
409
345
398
403
384
335
182
57
-108
-286
-470
-753
-945
-1130
-1281
-1375
-1619
-1709
-1677
-1697
-1636
-1639
-1630
-1495
-1413
-1293
-1264
-1306
-1176
-1134
-1062
-1005
-1016
-903
-895
-818
-713
-741
-595
-490
-418
-307
-289
-239
-338
-328
-408
-587
-630
-677
-570
-601
-629
-436
-381
-129
65
157
344
467
738
794
805
956
950
1044
1097
1150
1259
1363
1515
1542
1628
1758
1801
1755
1620
1577
1453
1279
1153
890
714
631
530
471
338
353
432
463
570
562
594
677
718
725
651
667
667
576
537
432
411
342
287
299
170
122
39
-124
-211
-331
-406
-561
-744
-811
-973
-1151
-1249
-1329
-1423
-1537
-1577
-1618
-1568
-1508
-1555
-1517
-1436
-1266
-1232
-1208
-1086
-973
-868
-861
-774
-803
-841
-682
-721
-734
-586
-536
-419
-483
-435
-351
-447
-396
-522
-659
-689
-618
-483
-578
-542
-329
-144
73
225
323
487
703
843
875
948
985
1075
1063
1052
1187
1215
1330
1436
1465
1627
1663
1629
1536
1382
1401
1252
962
768
538
479
466
325
273
291
388
555
546
557
685
778
823
842
811
816
786
739
713
622
591
543
438
417
375
304
174
12
-50
-134
-278
-445
-645
-795
-886
-1020
-1216
-1367
-1517
-1577
-1558
-1708
-1690
-1623
-1704
-1512
-1459
-1434
-1222
-1297
-1130
-908
-997
-819
-837
-868
-723
-783
-736
-763
-682
-567
-594
-490
-545
-576
-458
-497
-617
-637
-564
-519
-394
-401
-377
-107
-76
94
273
222
544
644
599
782
747
834
900
866
980
1029
1189
1354
1367
1467
1617
1678
1653
1577
1466
1422
1302
1119
1017
755
688
720
471
440
416
416
552
533
611
690
736
813
712
684
747
668
563
453
399
366
256
182
139
92
105
72
-28
-113
-84
-186
-375
-522
-717
-770
-963
-1160
-1243
-1344
-1388
-1416
-1458
-1435
-1356
-1335
-1336
-1220
-1094
-963
-957
-1070
-953
-934
-845
-875
-1098
-975
-953
-970
-883
-1046
-887
-713
-772
-689
-718
-577
-464
-616
-617
-563
-458
-343
-377
-348
-187
58
161
198
296
475
704
724
791
871
894
1072
1016
983
1125
1155
1274
1261
1287
1465
1442
1404
1353
1230
1245
1188
991
810
693
648
594
474
420
481
527
655
701
697
865
927
929
891
853
868
756
608
533
425
400
337
222
180
152
198
142
71
63
33
-59
-247
-493
-594
-713
-861
-997
-1182
-1266
-1261
-1327
-1352
-1255
-1264
-1172
-1077
-1032
-929
-920
-915
-906
-968
-936
-961
-1186
-1212
-1186
-1263
-1220
-1294
-1261
-1146
-1100
-933
-993
-970
-736
-760
-783
-810
-787
-653
-573
-522
-459
-309
-65
110
172
281
583
721
777
914
944
1153
1199
1131
1193
1195
1398
1460
1346
1451
1521
1562
1536
1415
1305
1254
1148
1011
785
571
585
526
355
409
422
457
565
528
623
709
762
837
733
747
807
710
661
614
566
539
492
460
435
431
466
442
358
314
249
38
-173
-373
-553
-645
-851
-1022
-1162
-1321
-1312
-1374
-1483
-1445
-1433
-1361
-1290
-1284
-1172
-1165
-1078
-1021
-1109
-1078
-1069
-987
-1057
-1189
-1073
-1127
-1086
-987
-1038
-862
-797
-707
-582
-651
-529
-556
-674
-608
-594
-523
-551
-548
-361
-246
-90
62
155
314
532
686
711
807
880
918
982
966
1036
1077
1108
1250
1214
1298
1415
1340
1333
1256
1213
1178
974
849
761
684
684
636
526
548
634
708
740
690
772
867
857
846
835
813
842
789
693
665
614
634
588
504
479
458
376
276
179
94
28
-137
-318
-498
-646
-752
-904
-1016
-1117
-1273
-1236
-1258
-1333
-1283
-1412
-1321
-1168
-1200
-1099
-1209
-1251
-1051
-1160
-1163
-1251
-1365
-1237
-1275
-1220
-1230
-1261
-1014
-901
-762
-682
-703
-484
-414
-377
-391
-538
-464
-420
-448
-447
-479
-357
-182
-5
135
204
434
630
661
790
804
863
863
772
779
746
785
803
765
785
865
948
950
995
1086
1113
1136
1092
1058
1044
979
981
903
842
847
826
827
835
891
937
973
1016
1045
1073
1087
1068
999
967
952
793
671
554
426
390
219
127
75
-40
-102
-176
-293
-372
-452
-556
-700
-773
-837
-991
-1119
-1246
-1265
-1276
-1335
-1355
-1447
-1394
-1236
-1217
-1190
-1236
-1168
-1072
-1112
-1035
-1085
-1156
-1044
-1124
-1118
-1073
-1083
-955
-916
-887
-793
-800
-768
-697
-730
-757
-765
-731
-672
-578
-470
-368
-278
-75
134
243
407
582
676
765
822
872
898
838
893
894
868
979
1026
1026
1097
1167
1206
1263
1243
1234
1236
1164
1125
993
887
877
792
744
744
724
774
807
868
934
950
1049
1078
1127
1123
1092
987
880
821
709
623
493
387
302
228
201
171
80
5
-34
-110
-248
-407
-531
-723
-842
-975
-1129
-1235
-1352
-1383
-1389
-1456
-1415
-1405
-1381
-1205
-1179
-1179
-1123
-1146
-1071
-1066
-1150
-1146
-1163
-1188
-1192
-1182
-1215
-1167
-1095
-1022
-920
-901
-848
-763
-677
-640
-799
-849
-797
-748
-623
-637
-552
-382
-229
2
127
262
500
700
825
906
992
1010
1098
1069
1042
1141
1126
1210
1205
1232
1355
1415
1428
1393
1345
1370
1338
1220
1134
972
891
861
740
633
644
636
670
705
686
808
883
944
1049
1034
1062
1071
982
914
832
756
695
594
528
478
414
340
228
112
22
-84
-219
-407
-579
-722
-830
-1003
-1147
-1234
-1373
-1401
-1416
-1472
-1464
-1497
-1504
-1418
-1393
-1327
-1331
-1327
-1273
-1228
-1182
-1270
-1298
-1273
-1224
-1155
-1203
-1212
-1107
-1035
-933
-904
-946
-860
-743
-655
-703
-817
-737
-665
-580
-512
-514
-366
-154
53
185
286
486
622
688
769
826
916
922
920
887
908
978
993
1010
1069
1153
1241
1245
1271
1256
1255
1248
1173
1097
998
1031
981
919
917
899
958
1046
1074
1174
1255
1304
1325
1298
1314
1240
1153
1048
915
862
763
641
537
454
403
338
284
132
41
-34
-157
-261
-446
-636
-720
-881
-1036
-1134
-1287
-1359
-1423
-1436
-1423
-1371
-1381
-1366
-1334
-1234
-1133
-1196
-1282
-1291
-1252
-1212
-1286
-1444
-1425
-1390
-1347
-1333
-1368
-1296
-1189
-1119
-984
-952
-894
-812
-851
-854
-893
-889
-868
-851
-830
-701
-511
-351
-99
86
290
575
745
929
1019
1080
1219
1212
1193
1123
1029
1067
1025
1018
1023
1032
1167
1235
1259
1317
1360
1413
1392
1337
1231
1164
1094
966
901
817
805
797
801
868
975
1071
1142
1204
1231
1288
1301
1235
1133
1025
933
823
639
507
359
207
138
46
-44
-127
-215
-265
-346
-450
-564
-730
-834
-955
-1079
-1149
-1248
-1352
-1421
-1403
-1408
-1428
-1455
-1446
-1320
-1270
-1271
-1321
-1366
-1298
-1290
-1331
-1389
-1500
-1480
-1491
-1498
-1483
-1502
-1417
-1393
-1282
-1121
-1045
-935
-916
-848
-649
-565
-544
-538
-496
-320
-174
-65
18
184
393
620
801
902
1070
1176
1322
1349
1259
1272
1157
1091
1011
956
1005
938
948
1023
1114
1217
1255
1235
1244
1313
1323
1247
1163
1055
1060
1083
1012
984
959
1019
1108
1145
1238
1240
1248
1302
1247
1249
1141
1026
930
840
748
603
463
357
194
102
0
-187
-331
-441
-507
-645
-753
-907
-1005
-1055
-1155
-1285
-1389
-1428
-1451
-1515
-1533
-1587
-1605
-1609
-1658
-1569
-1594
-1519
-1481
-1527
-1440
-1405
-1372
-1391
-1432
-1333
-1312
-1304
-1227
-1248
-1156
-1128
-1064
-929
-838
-653
-630
-557
-466
-357
-300
-407
-277
-205
-128
51
20
167
391
505
737
782
911
1121
1178
1258
1209
1214
1210
1120
1082
1045
1069
1115
1154
1224
1301
1446
1488
1533
1555
1589
1657
1501
1417
1320
1202
1200
1023
879
865
901
968
957
922
957
1029
1037
975
928
850
776
677
511
422
275
146
22
-137
-180
-273
-354
-426
-508
-516
-562
-647
-770
-862
-927
-1007
-1135
-1266
-1349
-1453
-1552
-1588
-1689
-1690
-1685
-1759
-1688
-1645
-1578
-1497
-1573
-1517
-1379
-1340
-1254
-1363
-1348
-1242
-1226
-1133
-1203
-1165
-984
-867
-717
-609
-493
-289
-167
-37
57
76
152
160
164
173
163
186
205
287
386
467
569
681
804
910
1026
1127
1121
1120
1141
1105
1089
1025
961
1008
1077
1106
1120
1184
1298
1429
1483
1548
1580
1564
1552
1507
1422
1273
1128
1025
881
766
711
603
532
507
527
532
538
519
475
464
457
388
262
142
77
8
-129
-251
-398
-484
-589
-635
-628
-711
-710
-738
-773
-765
-824
-904
-994
-1064
-1098
-1212
-1341
-1463
-1557
-1571
-1622
-1635
-1653
-1605
-1494
-1411
-1349
-1280
-1204
-1148
-1052
-1002
-988
-943
-908
-900
-843
-816
-744
-682
-606
-426
-297
-200
-59
68
188
310
347
385
385
395
433
356
343
376
374
417
443
511
640
752
926
1019
1075
1202
1232
1226
1235
1184
1156
1108
1053
1032
983
998
1015
1044
1119
1129
1128
1118
1101
1077
1035
935
830
728
585
475
358
292
218
148
127
109
154
190
193
192
205
201
175
141
94
27
-30
-68
-125
-224
-326
-348
-416
-477
-530
-603
-605
-651
-714
-775
-837
-881
-959
-1065
-1120
-1192
-1271
-1370
-1409
-1380
-1397
-1373
-1329
-1289
-1174
-1082
-1034
-971
-887
-744
-754
-729
-626
-576
-513
-523
-500
-442
-359
-234
-246
-168
18
136
274
325
351
457
508
529
465
419
463
447
439
367
398
487
524
603
661
789
916
917
950
957
975
981
839
795
700
647
639
550
556
552
598
632
606
634
644
703
690
598
613
537
485
404
237
221
106
66
46
-36
35
63
96
142
145
194
210
189
190
151
149
70
1
-39
-96
-131
-229
-309
-347
-350
-379
-434
-464
-478
-485
-511
-562
-624
-688
-752
-816
-861
-907
-948
-992
-1006
-1030
-971
-928
-913
-880
-811
-699
-572
-567
-562
-488
-460
-363
-378
-371
-319
-260
-122
-114
-67
11
7
146
196
234
357
368
491
495
506
544
514
549
525
543
503
430
430
389
405
409
341
376
357
414
416
393
377
261
276
223
125
75
-30
-66
-65
-117
-52
-39
2
106
186
264
304
352
359
383
389
371
317
233
219
178
185
187
182
252
298
356
407
424
450
419
383
402
316
236
159
80
36
-60
-104
-174
-244
-235
-214
-228
-243
-190
-204
-238
-254
-342
-407
-509
-580
-658
-749
-756
-781
-752
-708
-664
-579
-492
-405
-288
-209
-141
-120
-92
-37
-66
-69
-99
-133
-134
-114
-88
-74
-45
-17
80
104
177
230
221
260
273
252
205
148
84
37
-31
-51
-111
-165
-196
-179
-167
-156
-168
-143
-96
-81
-43
-124
-134
-143
-190
-185
-228
-217
-197
-194
-156
-106
-39
34
96
205
285
397
462
467
498
517
557
502
489
449
407
426
394
399
377
361
392
403
370
380
352
328
345
303
241
182
149
126
100
61
55
32
35
29
16
50
61
68
59
39
13
22
-32
-59
-89
-126
-120
-129
-136
-120
-113
-120
-127
-161
-144
-119
-122
-160
-182
-177
-190
-212
-265
-306
-279
-258
-271
-254
-248
-263
-272
-259
-267
-241
-267
-294
-270
-272
-249
-263
-326
-355
-321
-312
-314
-354
-388
-390
-388
-414
-491
-491
-486
-455
-427
-428
-383
-335
-308
-281
-214
-203
-147
-86
-35
33
92
161
180
202
250
291
318
357
379
439
504
517
527
520
530
563
521
498
490
440
445
454
413
403
399
385
393
385
389
383
395
394
401
450
461
461
487
514
533
571
549
538
558
561
573
502
476
404
349
331
262
189
119
55
47
-18
-71
-110
-183
-203
-232
-313
-350
-390
-452
-466
-488
-534
-567
-583
-602
-601
-621
-662
-669
-668
-638
-645
-687
-696
-690
-692
-729
-724
-695
-681
-664
-624
-597
-575
-522
-506
-505
-472
-442
-424
-443
-462
-408
-366
-330
-293
-307
-254
-203
-181
-178
-197
-153
-111
-45
-15
-56
20
73
97
141
154
178
285
359
383
414
449
491
526
577
621
660
676
720
764
775
788
772
757
774
804
776
750
733
733
746
736
694
647
670
692
693
699
659
648
672
671
661
601
571
583
542
496
455
403
359
338
274
171
111
53
-7
-103
-168
-223
-355
-422
-512
-590
-613
-673
-770
-833
-843
-837
-853
-892
-920
-937
-910
-873
-832
-882
-859
-788
-767
-735
-775
-751
-734
-722
-691
-678
-683
-694
-647
-629
-648
-625
-611
-595
-591
-541
-590
-741
-722
-687
-674
-610
-692
-634
-327
-164
4
25
120
433
569
626
627
626
716
749
738
670
624
690
722
728
776
851
903
924
922
944
959
855
743
681
592
537
427
291
276
304
336
410
400
485
654
763
793
805
812
841
848
736
618
513
418
323
192
162
151
90
122
88
102
165
131
79
51
14
-57
-172
-339
-411
-490
-613
-695
-795
-784
-709
-666
-600
-556
-480
-386
-376
-312
-290
-340
-377
-449
-541
-595
-639
-691
-740
-785
-744
-709
-722
-726
-711
-657
-598
-581
-594
-592
-582
-533
-524
-580
-579
-546
-491
-444
-397
-352
-272
-176
-93
-43
40
110
181
207
244
297
322
360
361
389
419
419
445
451
480
572
618
603
590
633
691
704
694
681
661
693
674
599
584
580
590
571
545
537
504
472
476
457
438
431
381
349
332
306
289
259
202
170
159
120
64
-11
-45
-65
-87
-137
-179
-177
-162
-207
-206
-181
-183
-183
-223
-260
-274
-307
-360
-408
-425
-424
-429
-430
-452
-449
-393
-363
-377
-385
-385
-410
-458
-490
-498
-513
-532
-575
-576
-518
-460
-458
-430
-365
-274
-223
-218
-188
-168
-124
-117
-160
-199
-198
-176
-142
-116
-92
-8
45
113
188
243
293
318
346
335
374
372
337
305
279
290
269
224
231
281
309
363
361
379
409
441
443
417
400
382
353
326
297
264
253
225
239
257
267
294
292
274
271
252
233
188
142
129
95
43
-18
-44
-46
-60
-59
-91
-118
-120
-120
-134
-142
-143
-182
-219
-225
-266
-279
-302
-324
-310
-315
-322
-328
-302
-302
-299
-300
-307
-332
-343
-349
-356
-357
-386
-380
-404
-403
-391
-355
-343
-341
-286
-249
-185
-129
-102
-63
-33
5
28
47
59
94
130
145
152
161
190
217
242
267
301
311
318
337
328
288
260
232
197
185
174
162
141
135
154
165
166
164
187
216
200
224
220
215
226
220
210
224
211
132
147
205
207
200
172
144
170
147
146
99
18
4
-18
-25
-36
-66
-101
-134
-96
-67
-48
-38
-66
-76
-82
-91
-92
-132
-157
-170
-190
-238
-253
-216
-241
-218
-213
-238
-208
-194
-155
-136
-172
-216
-226
-233
-246
-225
-246
-259
-217
-189
-175
-156
-121
-72
-27
2
17
7
2
3
-7
-13
-24
-16
-14
-16
-7
5
-6
-14
-23
-13
-2
15
20
62
82
98
105
78
56
46
41
7
-6
-33
-17
45
53
55
77
119
163
216
254
267
271
274
285
274
259
224
194
189
202
204
174
166
146
143
125
57
12
-24
-5
2
0
-42
-103
-116
-109
-66
-82
-79
-97
-97
-69
-50
-74
-98
-92
-64
-36
-44
-44
-49
-58
-68
-93
-126
-105
-89
-102
-116
-134
-136
-90
-89
-77
-65
-73
-31
47
87
71
62
52
50
44
14
-21
-39
-27
1
15
19
43
61
59
52
62
82
71
29
24
-29
-67
-81
-98
-88
-105
-111
-83
-66
-57
-27
-48
-54
-45
-27
12
34
47
69
102
122
137
135
136
138
119
81
65
51
36
37
16
31
19
13
16
22
35
29
22
-6
2
-53
-97
-138
-158
-160
-182
-193
-178
-144
-107
-68
-77
-57
-46
-48
-45
-70
-84
-99
-125
-115
-114
-139
-110
-81
-58
-22
2
50
74
121
122
116
127
124
126
100
