-14
-21
-16
-14
-11
-4
4
1
3
11
12
17
16
9
13
16
17
22
16
6
6
7
5
3
-3
-15
-12
1
-6
-8
-2
4
-3
-6
-3
1
6
13
8
3
-1
-6
-13
-11
-8
-11
-8
-8
-13
-10
-7
3
-7
-11
-8
-9
-5
-5
5
2
9
17
16
9
8
6
2
-1
6
-8
-4
7
1
-2
-6
-4
-8
3
10
12
16
11
9
5
-6
-4
-3
-9
1
13
12
15
11
9
10
9
-5
1
-3
5
11
6
8
2
-1
-20
-12
-1
-9
-2
3
-4
4
2
-2
-2
3
7
5
1
2
0
-8
-8
-6
-14
-13
-12
7
18
18
15
24
16
-1
8
-2
3
1
11
13
1
-3
-3
-1
3
3
-2
3
1
1
4
-8
-7
-2
5
2
-2
-7
-9
-9
-6
-4
-4
0
-3
-2
-3
-5
-12
-9
-13
-25
-22
-18
-6
-8
-13
-15
-4
0
-3
-2
1
0
-11
-10
-1
-6
9
11
15
13
12
17
10
2
-6
-3
7
-3
-9
-4
-9
-4
6
6
-1
-5
2
-4
-4
-4
-13
-13
-12
-14
-10
-1
0
-6
-15
-10
-12
-12
-9
-8
-3
-7
6
6
17
7
-1
4
7
5
11
10
2
6
-1
1
-1
4
11
9
18
16
10
8
2
4
2
-5
-1
8
9
18
15
16
12
24
22
14
13
3
10
13
18
0
0
2
1
4
-4
1
-11
0
-1
8
14
9
4
-11
-5
-4
4
-4
-6
2
-1
3
2
7
2
3
4
5
6
-3
3
8
8
11
5
-1
11
10
3
1
-7
-18
-22
-21
-19
-30
-24
-17
-27
-20
-11
-11
-10
-8
-16
-9
-8
-5
-1
3
2
11
14
6
11
8
-3
-4
-8
-15
-9
-18
-16
-16
-17
-20
-8
-6
-4
-14
-15
-10
-1
-7
-2
-1
-6
8
-4
-9
-13
-5
-8
-7
-1
1
-4
6
0
5
4
-9
-12
-9
-5
-5
5
3
6
6
16
22
19
20
17
19
11
7
6
15
19
18
9
-5
-2
-3
2
-10
-5
-5
-6
-7
-1
-12
-14
-23
-14
-18
-13
-160
-659
-709
-159
215
276
-133
-563
-509
-319
111
415
489
370
-9
-40
397
769
921
684
366
304
376
695
933
1031
722
90
4
210
310
397
55
-272
-377
-533
-455
-345
-322
-449
-784
-646
-311
-473
-400
-428
-476
-304
-421
-676
-842
-818
-846
-921
-601
-292
-396
-890
-1582
-1393
-511
-117
-231
-393
-444
-670
-685
80
825
878
597
274
463
1066
1409
1675
1819
1494
1058
1057
1413
1679
1611
1309
836
584
649
493
311
285
26
-381
-658
-675
-788
-983
-896
-811
-906
-999
-1144
-912
-689
-719
-524
-311
-161
-451
-673
3
792
950
567
33
318
744
829
1066
1156
1116
635
315
612
907
953
611
214
202
124
83
266
324
282
-241
-397
25
109
192
2
-85
127
39
43
104
109
114
-172
-147
-1
-166
-260
-487
-529
-434
-547
-699
-1012
-1227
-1247
-1405
-1696
-2267
-2628
-2164
-1834
-2323
-2921
-2825
-2069
-1721
-2299
-2631
-1994
-1121
-723
-744
-224
316
193
340
1093
2074
2419
2186
2315
2807
3093
3119
3166
3474
3298
2630
2356
2316
2399
2118
1403
938
562
140
-285
-580
-611
-1029
-1765
-1986
-1682
-1386
-1588
-2096
-1937
-1460
-1270
-1146
-851
-457
-361
-542
-415
276
1041
1277
1107
984
1079
1216
1481
1933
2036
1706
1231
1166
1436
1488
1201
785
519
388
211
316
388
126
-198
-492
-377
-125
-248
-316
-276
-292
-237
-332
-163
-91
-269
-264
-170
-36
-124
-369
-447
-496
-495
-627
-804
-678
-979
-1298
-1471
-1562
-1496
-1665
-2356
-2941
-2916
-2336
-2129
-2778
-3302
-2851
-1921
-1902
-2734
-2838
-1772
-836
-784
-750
8
299
134
474
1574
2600
2557
2150
2579
3191
3392
3537
3769
3859
3275
2609
2525
2744
2786
2216
1361
864
608
271
-305
-536
-378
-767
-1566
-2120
-2043
-1628
-1745
-1854
-1502
-1443
-1593
-1580
-1172
-628
-507
-300
190
738
1001
895
1018
1550
1987
2015
1994
2174
2150
1883
1876
2074
2056
1621
1000
768
853
740
617
488
102
-325
-625
-563
-224
-270
-744
-1106
-1098
-937
-881
-910
-754
-758
-1070
-1237
-1106
-978
-901
-876
-998
-1096
-1212
-1369
-1126
-923
-1112
-1286
-1533
-1460
-1330
-1645
-2311
-2859
-2431
-1601
-1891
-2808
-3192
-2183
-1328
-2020
-2912
-2400
-1049
-645
-1198
-737
233
215
20
476
1875
2551
2088
2192
3029
3539
3539
3501
3963
4053
3467
3133
3281
3524
3168
2275
1687
1385
1127
875
432
60
-804
-1576
-1674
-1598
-1479
-1800
-2405
-2464
-2308
-2153
-1897
-1879
-1884
-1646
-978
-142
192
235
376
795
1459
2026
2280
2414
2495
2558
2556
2735
2901
2738
2369
1939
1747
1815
1655
1353
993
428
-79
-283
-296
-345
-898
-1508
-1689
-1585
-1224
-1454
-1736
-1751
-2086
-2073
-1832
-1741
-1425
-1597
-1817
-1740
-1862
-1634
-1486
-1414
-1333
-1560
-1412
-1147
-1105
-1088
-1430
-1472
-1869
-2246
-1793
-1415
-1402
-2053
-2479
-1173
-869
-2216
-2937
-2122
-296
-33
-1070
-835
-250
-175
-102
564
2145
2268
1425
1573
2518
3539
3673
3429
3695
3575
3321
3123
3291
3990
3165
1866
950
445
1756
2970
2225
230
-2265
-2286
-868
-12
305
-916
-2253
-2879
-3024
-1795
-445
-532
-1597
-2496
-1801
-356
666
913
554
397
305
490
1737
2760
2865
2251
1533
1862
2453
2736
2848
2373
2002
1750
1238
1587
1826
1132
391
-148
-309
-198
-409
-820
-989
-1373
-1931
-2148
-1868
-1491
-1900
-2666
-2798
-2735
-2287
-1780
-1951
-2197
-2688
-2691
-2226
-1610
-1256
-1709
-2098
-1901
-2183
-2733
-2295
-777
791
154
-2743
-4345
-2877
-434
1450
1121
-481
-2640
-3652
-1768
1301
2825
1501
-1110
-2138
-893
1339
3170
3325
2189
240
-198
1635
3642
4736
3686
1765
1397
1859
2856
3543
3226
2514
1385
845
1371
1552
1443
880
63
15
16
19
-189
-1108
-1549
-1881
-1484
-760
-1163
-1413
-1676
-1700
-852
-451
-86
-32
-462
-196
337
1428
2248
2014
1702
1244
1383
2169
2821
3226
2769
1986
1606
1612
2306
2488
1879
1318
485
135
110
-17
8
-286
-919
-1321
-1734
-1825
-1761
-1968
-2084
-2228
-2651
-2801
-2836
-2936
-2519
-2141
-2654
-3685
-3465
-2211
-1200
-1183
-2249
-3609
-3808
-2066
434
906
-834
-3046
-3994
-2772
-478
1333
1597
-297
-3195
-3843
-1488
1480
2308
490
-1578
-2064
-1068
660
2139
2572
1403
-443
-533
1371
3254
3827
3036
1964
1507
1921
2966
3729
3822
2906
1805
1860
2359
2386
2180
1873
1254
740
551
692
736
337
-381
-935
-824
-601
-822
-1136
-1114
-1034
-766
-317
-445
-649
-620
-505
266
1194
1481
1235
866
725
1221
1961
2463
2385
1774
1289
1157
1428
2105
2184
1426
735
245
42
290
317
-127
-564
-1150
-1371
-1071
-1016
-1215
-1658
-2026
-2147
-2253
-1911
-1545
-1610
-1939
-2340
-2135
-1738
-1581
-1729
-2205
-1914
-1631
-1664
-1601
-2331
-1909
-600
-447
-355
-1130
-1883
-1580
-1769
-856
-382
-816
-1140
-2578
-2894
-1677
-432
159
-1983
-3689
-2824
-1230
409
-18
-793
-859
-1595
-667
817
1811
2321
985
699
1920
3062
4212
3844
3404
3434
2977
3707
4332
4525
4398
3048
2423
2352
2400
2730
2016
1208
358
-647
-453
-379
-610
-738
-1967
-2476
-2319
-2152
-1549
-1677
-1860
-1669
-1661
-955
-374
-21
473
481
872
1498
1843
2247
2329
2546
2931
2945
3155
2852
2570
2560
2330
2477
2192
1311
849
356
283
39
-715
-951
-1421
-1864
-1868
-2100
-2067
-2282
-2717
-2580
-2496
-2558
-2600
-2671
-2402
-2023
-1764
-1797
-1846
-2026
-1906
-1181
-878
-942
-1097
-1465
-1104
-751
-963
-847
-1174
-1351
-1473
-2021
-2142
-1929
-1637
-1801
-2631
-3061
-2397
-1400
-2009
-3367
-3198
-1897
-624
-621
-1333
-963
-627
-325
651
1599
2347
2091
1630
2354
3439
4134
4270
4115
4151
3985
3717
3959
4606
4750
3707
2611
2403
2362
2382
1940
1148
568
-304
-934
-870
-777
-956
-1729
-2705
-2648
-2295
-2120
-1673
-1473
-1425
-1386
-1495
-715
354
745
983
1095
1504
2008
2382
2792
3142
3202
2894
2724
3028
3121
2834
2190
1798
1830
1297
886
599
-12
-472
-1082
-1462
-1410
-1573
-2012
-2432
-2655
-2824
-2731
-2599
-2468
-2374
-2714
-3013
-2737
-2055
-1224
-1316
-1993
-2309
-1865
-1207
-864
-621
-724
-1016
-1196
-1374
-858
-629
-845
-977
-1191
-1482
-1927
-2193
-1653
-1548
-2186
-2540
-1935
-1155
-2115
-3362
-3091
-1499
-342
-902
-1498
-1197
-906
-165
700
1612
2068
1373
1178
2353
3768
4537
4064
3601
3731
3796
3965
4423
5005
4633
3238
2305
2281
2520
2491
1926
1305
460
-643
-1088
-912
-428
-501
-1492
-2268
-2748
-2649
-2006
-1371
-905
-1068
-1460
-1366
-697
263
873
1044
1136
1213
1616
2180
2656
3071
2836
2755
2731
2620
2578
2164
1930
1799
1422
1078
626
66
-430
-802
-1056
-1254
-1599
-2030
-2356
-2423
-2374
-2598
-2728
-2903
-2722
-2340
-2338
-2327
-2351
-2189
-1790
-1645
-1410
-1278
-1392
-1418
-1325
-875
-414
-467
-778
-1078
-873
-720
-814
-633
-996
-1489
-2115
-2246
-1522
-1671
-2357
-2468
-1806
-1746
-3081
-3719
-2473
-1064
-871
-1652
-1662
-1036
-645
-55
723
1635
2002
1569
2051
3256
4149
4396
4085
4314
4695
4577
4312
4490
4916
4680
3795
3226
2953
2658
2052
1594
1272
591
-414
-974
-922
-834
-1393
-2320
-2490
-2213
-2136
-2136
-2199
-2035
-1742
-1654
-1223
-467
23
88
301
922
1594
2072
2439
2706
2831
2611
2671
2981
3077
2887
2110
1739
1691
1382
1133
704
127
-582
-1288
-1353
-1246
-1459
-1991
-2722
-2762
-2647
-2659
-2613
-2728
-2760
-3012
-2971
-2372
-2038
-1857
-1700
-1842
-1788
-1689
-1236
-618
-512
-996
-1115
-911
-705
-567
-550
-555
-838
-1480
-1501
-1343
-1567
-1663
-1988
-1984
-2227
-2538
-2000
-1874
-2736
-3246
-2605
-1177
-786
-1416
-1534
-1224
-358
380
944
1584
1692
1837
2315
3250
4385
4461
4126
4219
4487
4997
4931
4647
4846
4381
3809
3274
2758
2701
2147
1540
1058
284
-392
-850
-861
-834
-1489
-2472
-2880
-2514
-1928
-1868
-2096
-2241
-2152
-1559
-944
-209
319
228
395
963
1683
2491
2713
2772
2848
2612
2823
3196
3257
3080
2285
1621
1486
1313
1146
744
106
-685
-1549
-1866
-1787
-1787
-2064
-2828
-3178
-3237
-3304
-3109
-3136
-3061
-2886
-3133
-2865
-2564
-2252
-1614
-1661
-1446
-1315
-1626
-1127
-798
-513
-184
-648
-556
-678
-613
-165
-494
-714
-831
-1162
-974
-1663
-2037
-1975
-2356
-2003
-1655
-1383
-2100
-3808
-3523
-1873
-611
-485
-1595
-1707
-1170
-445
742
1612
2032
1963
1559
2565
3886
4716
4993
4408
4546
4689
4685
4977
5010
5019
4426
3423
3167
2790
2440
2124
1312
750
-157
-805
-628
-820
-1289
-2339
-3062
-2554
-2181
-1949
-2119
-2447
-2260
-1907
-1133
-411
-5
182
189
781
1657
2195
2648
2654
2741
2895
2976
3328
3277
2922
2467
1925
1829
1713
1248
655
-29
-616
-1029
-1427
-1754
-2116
-2504
-2968
-3293
-3237
-3174
-3256
-3361
-3364
-3208
-3220
-3090
-2622
-2264
-2085
-1970
-1888
-1449
-1235
-1183
-646
-502
-335
-420
-833
-528
-487
-284
-107
-579
-739
-1037
-1174
-1078
-1664
-1785
-1820
-2164
-2188
-2236
-1526
-1860
-3156
-2993
-2080
-868
-682
-1413
-939
-693
-166
762
1386
2298
2319
1985
2709
3666
4647
4796
4279
4551
4580
4683
4941
4856
4833
4151
3384
3220
2731
2443
2009
1169
667
-334
-766
-518
-748
-1278
-2369
-2912
-2376
-2213
-2034
-2110
-2438
-2114
-1945
-1226
-343
-187
126
196
667
1646
2099
2523
2532
2488
2787
2960
3508
3455
3003
2439
1636
1796
1818
1481
1043
-35
-592
-1032
-1520
-1399
-1734
-2294
-2931
-3496
-3182
-2990
-3107
-3102
-3263
-3372
-3618
-3402
-2605
-2212
-2012
-2184
-2162
-1627
-1423
-1046
-735
-773
-667
-859
-728
-259
-508
-524
-477
-729
-664
-983
-1226
-1242
-1803
-1625
-1442
-1718
-1947
-2102
-1818
-2248
-2877
-2194
-1170
-542
-961
-1565
-951
-202
615
1296
1523
1978
2032
2148
3270
4180
4759
4427
3905
4284
4629
4859
4835
4666
4105
3259
3050
3167
2901
2094
1129
622
201
-315
-625
-823
-1113
-1664
-2560
-2783
-2285
-1915
-1849
-1908
-2014
-2046
-1778
-1063
118
724
452
248
729
1677
2396
2746
2865
2771
2557
2506
2937
3344
3052
2232
1518
1415
1410
898
338
-103
-730
-1362
-1878
-2062
-2097
-2620
-3201
-3469
-3394
-3217
-3297
-3307
-3241
-3218
-3077
-2749
-2346
-2122
-2000
-1639
-1294
-1084
-963
-667
-168
115
-181
-184
57
274
309
-80
-296
-167
-108
-131
-523
-1155
-1771
-2033
-1517
-1228
-1645
-2023
-2171
-2592
-3150
-2712
-1462
-770
-1201
-1954
-1650
-697
256
831
1230
1539
1594
1770
2678
3880
4482
4169
3670
3839
4388
4737
4612
4493
3851
3122
3039
3132
2975
2057
1039
640
331
-59
-639
-1075
-1065
-1345
-2062
-2589
-2620
-2173
-1878
-1774
-1724
-1885
-1702
-1226
-234
746
840
692
707
1387
2225
2692
3002
2974
2769
2719
2713
2964
3011
2393
1820
1263
976
739
227
-166
-825
-1610
-2069
-2416
-2473
-2552
-3094
-3428
-3528
-3450
-3299
-3162
-2981
-2858
-2814
-2704
-2323
-1785
-1390
-1090
-877
-849
-552
-142
159
474
310
338
649
456
588
541
210
110
-220
-212
-270
-933
-1584
-1797
-1724
-1777
-1961
-1745
-1887
-2984
-3773
-3169
-1499
-810
-1599
-2112
-1950
-1114
-143
594
1378
1584
1260
1496
2522
3816
4449
4014
3839
4100
4442
4560
4564
4628
4032
3372
3074
2865
2646
1867
1158
787
252
-267
-834
-1470
-1504
-1600
-2034
-2274
-2719
-2775
-2524
-2215
-1711
-1486
-1507
-1405
-880
28
653
1095
1311
1435
1885
2343
2839
3153
2977
2904
2870
2868
2998
2487
1858
1473
1003
689
359
-246
-734
-1363
-1933
-2118
-2283
-2488
-2851
-3182
-3305
-3283
-3120
-2895
-2548
-2426
-2692
-2702
-2196
-1480
-782
-682
-916
-626
-324
172
707
711
585
237
-35
507
832
754
388
-202
-325
-481
-676
-929
-1367
-1618
-2198
-2580
-2254
-1740
-1428
-2713
-4238
-3610
-2267
-997
-1040
-1818
-1681
-1475
-818
464
1470
1965
1518
1233
2328
3602
4489
4425
3980
4090
4062
4182
4524
4636
4367
3331
2609
2619
2429
2026
1351
603
131
-584
-1122
-1333
-1511
-1687
-2348
-2666
-2545
-2624
-2590
-2386
-1901
-1431
-1459
-1205
-646
-29
478
734
1300
1890
2023
2180
2556
2935
3166
3076
2840
2715
2468
2070
1895
1691
1368
735
-67
-475
-799
-1168
-1498
-1873
-2307
-2768
-3110
-3152
-2932
-2891
-3106
-3039
-2733
-2462
-2104
-2082
-1789
-1241
-821
-329
-315
-285
-12
67
724
1114
983
718
231
468
843
796
546
-14
-384
-438
-609
-768
-1376
-1973
-2226
-2197
-1900
-1993
-2049
-2386
-3444
-3644
-2714
-1376
-644
-1611
-2259
-1843
-1039
236
998
1335
1390
1056
1474
2692
3856
4345
3673
3211
3437
3824
4405
4331
4159
3663
2667
2478
2491
2254
1936
1026
354
-168
-787
-924
-1027
-1097
-1389
-2226
-2522
-2471
-2167
-1697
-1598
-1348
-1546
-1652
-971
-265
463
790
758
1183
1460
1734
2226
2416
2761
2723
2414
2459
2211
2046
1818
1389
1339
846
196
-142
-686
-822
-1167
-1636
-1724
-2213
-2442
-2640
-2703
-2350
-2445
-2451
-2222
-2088
-1758
-1823
-1669
-1119
-749
-338
-465
-686
-163
94
474
712
378
504
207
156
355
149
180
-184
-498
-534
-1004
-1304
-1684
-2144
-2041
-2199
-2246
-2179
-2149
-2167
-3226
-3567
-2516
-1426
-803
-1463
-1905
-1390
-736
168
886
1347
1691
1488
1723
2711
3647
4273
3856
3528
3790
3982
4220
4284
4220
3560
2694
2520
2605
2388
1618
684
240
-131
-544
-943
-1324
-1731
-2148
-2303
-2012
-1869
-2306
-2665
-2342
-1602
-1095
-1012
-811
-356
-6
380
970
1706
2016
1744
1781
2262
2771
3140
2997
2751
2518
1906
1600
1667
1766
1351
297
-486
-792
-831
-884
-1157
-1695
-2341
-2738
-2731
-2363
-2177
-2527
-2720
-2525
-2160
-1800
-1575
-1497
-1523
-1128
-735
-275
129
-86
54
238
300
750
651
615
465
-173
-36
39
45
79
-779
-1154
-1356
-1601
-1759
-2107
-2004
-2133
-2583
-2404
-2188
-2375
-3259
-3603
-2263
-1074
-959
-1585
-1778
-1098
-404
279
1184
1668
1693
1493
1837
3189
4147
4102
3578
3324
3708
3899
3961
4224
3823
2775
2055
2096
2462
2107
1036
187
-346
-614
-966
-1171
-1137
-1438
-2004
-2436
-2425
-2000
-1856
-1806
-1480
-1274
-1055
-889
-512
375
903
1171
1422
1556
2014
2287
2579
3036
3045
2872
2675
2592
2549
2233
1858
1545
1179
702
19
-360
-516
-890
-1214
-1771
-2199
-2295
-2476
-2411
-2390
-2601
-2541
-2298
-1924
-1494
-1612
-1668
-1513
-1157
-576
-221
-75
-97
-50
259
491
671
486
96
247
418
456
308
-308
-570
-635
-917
-997
-1436
-1971
-2211
-2430
-2324
-2374
-2648
-2490
-2554
-3263
-3804
-3106
-1801
-1141
-1598
-2071
-1786
-1092
-176
688
1424
1436
1140
1478
2515
3761
4118
3583
3337
3396
3749
4088
4130
3937
3156
2489
2390
2370
2158
1354
659
207
-366
-721
-1063
-1243
-1280
-1753
-2120
-2183
-2134
-1950
-1965
-1600
-1177
-1037
-846
-571
21
694
1071
1501
1801
1852
2129
2420
2801
3149
2990
2844
2652
2501
2441
2188
1951
1454
832
276
8
-71
-411
-922
-1375
-1933
-2053
-2074
-2168
-1930
-2157
-2368
-2277
-2159
-1592
-1365
-1506
-1385
-1248
-849
-352
-258
-52
-31
-100
252
469
559
433
14
-34
63
120
130
-281
-657
-1112
-1443
-1442
-1636
-2007
-2362
-2604
-2762
-2770
-2314
-1977
-2852
-3856
-3623
-2199
-850
-1035
-1624
-1708
-1466
-531
454
1407
1810
1220
962
1762
3018
4028
3776
3244
3183
3149
3396
3584
3580
3253
2405
2007
1915
1720
1319
620
154
-157
-628
-912
-1086
-1322
-1857
-2375
-1938
-1322
-1279
-1651
-2129
-1754
-964
-451
92
255
335
559
917
1837
2504
2578
2391
2214
2579
3030
3251
3225
2735
2209
1745
1584
1794
1628
1044
233
-432
-571
-638
-796
-1092
-1552
-2033
-2387
-2214
-1837
-1639
-1611
-1834
-1794
-1537
-1312
-949
-913
-789
-580
-384
11
157
250
5
-57
151
205
463
158
-378
-356
-546
-488
-377
-1000
-1330
-1866
-2348
-2236
-2248
-2198
-2411
-2810
-2507
-2442
-3196
-3633
-2994
-1711
-1224
-1657
-1909
-1739
-1040
-323
330
1180
1272
1051
1240
1969
3183
3537
3079
2992
3023
3277
3403
3430
3393
2700
2097
2036
2081
1863
936
350
164
-182
-408
-864
-1342
-1451
-1719
-1705
-1351
-1475
-1766
-2014
-1604
-739
-328
-322
-172
219
756
1154
1682
2156
2221
2212
2286
2770
3240
3150
3042
2810
2433
2218
1860
1789
1812
1271
667
193
-195
-413
-789
-1036
-1112
-1445
-1734
-1942
-1918
-1798
-1919
-1786
-1507
-1272
-1155
-1226
-1128
-896
-729
-393
-34
-1
-189
-185
-38
264
253
2
-145
-340
-289
-444
-586
-722
-1014
-1246
-1715
-2159
-2351
-2497
-2415
-2431
-2517
-2357
-2583
-3357
-3888
-3407
-2029
-1232
-1597
-2193
-2191
-1583
-724
189
907
1010
764
844
1633
2859
3491
3294
2963
2797
3078
3393
3604
3713
3023
2310
2139
2097
2081
1493
722
286
-126
-376
-715
-1058
-1460
-1851
-1743
-1422
-1344
-1665
-2226
-1945
-1140
-388
-67
-192
41
353
845
1718
2335
2464
2287
2150
2608
3194
3632
3596
3259
2908
2313
2058
2150
2207
2007
1085
321
-68
-344
-329
-539
-896
-1287
-1950
-2122
-1867
-1607
-1561
-1896
-1978
-1755
-1502
-1180
-1100
-1079
-1141
-1111
-684
-122
231
-92
-492
-369
-220
148
27
-282
-160
-572
-770
-833
-1072
-1060
-1432
-1984
-2348
-2705
-2586
-2491
-2387
-2291
-2451
-2989
-3925
-3665
-2288
-1346
-1098
-1774
-2161
-1593
-982
56
992
1188
1145
1003
1376
2443
3208
3504
3251
2920
2875
2989
3301
3559
3264
2406
1651
1635
1825
1542
859
142
-347
-551
-799
-1019
-1157
-1636
-1948
-1912
-1686
-1285
-1347
-1666
-1384
-967
-406
154
392
865
1063
1234
1791
2402
2877
2862
2716
2857
3091
3443
3559
3350
3008
2279
1824
1865
1853
1772
994
168
-145
-614
-743
-731
-1141
-1321
-1871
-2262
-1887
-1844
-1722
-1841
-1949
-1657
-1524
-1280
-1133
-1267
-1074
-1045
-525
236
69
-59
-533
-550
133
-13
71
-67
-626
-554
-1000
-956
-628
-1037
-1364
-2031
-2544
-2547
-2703
-2382
-2162
-2090
-2101
-3212
-3983
-3687
-2557
-1053
-1052
-1678
-1986
-2051
-1048
38
860
1375
936
668
1258
2167
3263
3548
3267
3040
2645
2962
3258
3291
3416
2824
2213
1739
1278
1338
1209
840
379
-452
-816
-1136
-1497
-1470
-1352
-1078
-1165
-1623
-1860
-1828
-1205
-346
127
491
374
231
810
1501
2380
2917
2675
2361
2254
2695
3419
3767
3603
2995
2276
1866
1813
1996
1950
1357
563
-199
-469
-539
-749
-832
-1304
-1762
-2119
-2340
-2063
-1843
-1881
-1898
-1983
-1866
-1741
-1684
-1343
-1093
-851
-777
-788
-601
-501
-349
-179
-210
-17
-122
-283
-303
-503
-515
-595
-802
-931
-1249
-1558
-1991
-2330
-2319
-2324
-2164
-2156
-2219
-2541
-3557
-3776
-2781
-1513
-867
-1662
-2280
-1920
-1271
-179
627
973
981
625
1012
2088
3165
3502
3014
2725
2809
3043
3271
3322
3467
3190
2368
1760
1571
1561
1373
873
381
-158
-716
-1049
-1333
-1218
-1101
-1224
-1362
-1602
-1638
-1468
-1115
-410
43
133
246
407
970
1650
2077
2439
2546
2502
2545
2815
3305
3595
3544
3102
2609
2322
2008
1887
1800
1515
961
235
-276
-655
-961
-1107
-1259
-1389
-1855
-2265
-2249
-2180
-2019
-1998
-1978
-1801
-1868
-1858
-1511
-1174
-928
-810
-749
-723
-637
-344
-160
-73
-199
-537
-364
-166
-322
-464
-912
-1088
-984
-1278
-1502
-1924
-2361
-2412
-2401
-2201
-1937
-2094
-2779
-3654
-3682
-2721
-1545
-1022
-1741
-2133
-2028
-1540
-286
523
885
887
517
1002
2151
3044
3387
2935
2664
2795
3074
3413
3293
3255
2924
2361
2125
1749
1567
1218
595
477
117
-386
-710
-1205
-1431
-1390
-1293
-1051
-1120
-1434
-1569
-1415
-680
2
478
633
421
743
1306
2013
2691
2804
2704
2483
2594
3139
3495
3587
3210
2637
2137
1868
1871
1767
1495
872
174
-356
-661
-833
-1014
-1300
-1687
-2040
-2118
-1897
-1846
-1902
-1945
-2071
-1873
-1568
-1397
-1090
-1007
-1094
-975
-590
-335
-204
-153
-326
-311
-250
-250
-30
-264
-588
-712
-917
-818
-814
-1201
-1646
-2183
-2478
-2392
-2189
-2127
-2150
-2308
-2960
-3582
-3375
-2508
-1522
-1261
-1811
-2016
-1782
-1091
-161
452
776
867
791
1230
2088
2735
3004
2745
2557
2701
2991
2917
2714
2940
2774
2318
1719
1247
1160
973
639
251
-61
-425
-851
-1280
-1267
-1311
-1543
-1427
-1243
-1045
-1116
-1171
-705
-40
496
673
760
1001
1435
1999
2534
2873
2911
2740
2740
3022
3367
3580
3236
2698
2262
1884
1721
1606
1304
778
149
-315
-678
-899
-1173
-1453
-1635
-1900
-1960
-1968
-1981
-1896
-1923
-1836
-1593
-1470
-1385
-1117
-815
-793
-656
-509
-467
-194
-98
-112
75
-136
-226
-101
-301
-290
-498
-983
-925
-1102
-1274
-1573
-2269
-2466
-2424
-2241
-1974
-1964
-2373
-3477
-3965
-3069
-1912
-1025
-1458
-2271
-2135
-1761
-711
410
797
923
586
639
1652
2579
3130
3077
2736
2668
2677
2976
3085
3070
3056
2452
1997
1609
1156
1201
827
319
-87
-699
-808
-972
-1353
-1553
-1843
-1840
-1640
-1401
-1182
-1336
-1258
-919
-231
578
709
784
976
1378
2106
2690
2943
2880
2749
2843
3077
3378
3502
3126
2696
2195
1922
1898
1618
1278
682
40
-248
-506
-805
-1088
-1381
-1651
-1883
-1983
-1895
-1667
-1735
-1950
-1789
-1577
-1396
-1274
-1270
-1021
-691
-531
-360
-282
-227
-360
-412
-224
34
189
-121
-414
-607
-798
-798
-823
-1105
-1516
-2139
-2431
-2308
-2148
-1908
-1906
-2404
-3440
-3923
-3068
-1773
-1053
-1475
-2125
-2110
-1598
-723
195
772
813
573
791
1770
2781
3094
2819
2613
2801
3060
3104
2914
2946
2869
2397
2006
1745
1507
1000
405
4
-194
-426
-777
-1191
-1540
-1740
-1871
-1790
-1572
-1524
-1674
-1703
-1277
-672
-84
270
389
605
902
1355
2121
2741
2858
2702
2614
2956
3327
3465
3434
3041
2586
2261
2059
2152
1880
1163
548
139
-143
-452
-801
-1132
-1424
-1808
-2015
-1833
-1731
-1874
-2078
-2136
-1735
-1282
-1324
-1408
-1290
-1211
-747
-396
-380
-182
-274
-514
-465
-323
91
281
104
-328
-707
-796
-686
-565
-804
-1458
-2049
-2317
-2143
-1676
-1700
-1792
-2153
-3194
-3644
-2961
-1719
-756
-1153
-2002
-2071
-1652
-782
157
682
793
487
568
1371
2411
2932
2618
2275
2357
2647
3112
3007
2608
2481
2146
2082
2087
1557
1076
573
214
136
-262
-578
-1006
-1492
-1660
-1920
-1722
-1380
-1473
-1462
-1742
-1594
-866
-317
361
483
321
641
1030
1792
2588
2746
2680
2437
2565
3045
3328
3530
3148
2597
2154
1753
1860
1862
1471
928
175
-300
-487
-705
-880
-1199
-1578
-1866
-1971
-1914
-1752
-1783
-1911
-1779
-1596
-1452
-1260
-1139
-1055
-912
-767
-513
-352
-252
-280
-369
-362
-284
-48
8
-300
-637
-773
-706
-703
-893
-1274
-1835
-2118
-1968
-1768
-1616
-1652
-1934
-2586
-3234
-3009
-1936
-928
-766
-1424
-1818
-1487
-817
91
698
896
861
731
1237
2201
2857
2933
2513
2282
2577
2842
2767
2638
2576
2336
1922
1549
1277
1072
673
222
-53
-310
-750
-1249
-1498
-1557
-1713
-1740
-1641
-1483
-1526
-1686
-1427
-838
-272
131
254
522
856
1178
1756
2287
2649
2619
2438
2675
3009
3133
3073
2756
2581
2192
1787
1651
1477
1225
689
205
-152
-593
-884
-1158
-1307
-1362
-1744
-2023
-2140
-2023
-1820
-1819
-1738
-1656
-1518
-1359
-1378
-1024
-794
-566
-242
-346
-145
-189
-285
58
5
18
66
-166
-174
-352
-555
-489
-734
-1093
-1640
-1934
-1652
-1614
-1456
-1506
-1797
-2235
-3204
-3028
-1797
-928
-743
-1492
-1862
-1404
-971
-113
662
816
700
447
1062
2147
2710
2763
2264
2204
2475
2619
2873
2641
2426
2264
1875
1849
1562
1044
724
233
41
-118
-644
-1032
-1465
-1740
-1561
-1441
-1407
-1577
-1889
-1862
-1481
-786
-190
19
128
124
545
1247
1792
2216
2237
2146
2374
2629
3047
3264
2922
2639
2200
1994
2081
1922
1527
904
352
-4
-238
-321
-667
-1221
-1603
-1918
-1831
-1658
-1884
-2064
-2215
-2208
-1719
-1513
-1292
-1292
-1630
-1291
-810
-411
-31
-266
-437
-329
-122
137
98
107
83
-70
-21
-100
-218
-302
-679
-922
-1330
-1532
-1341
-1335
-1172
-1268
-1627
-1955
-2543
-2591
-1788
-955
-663
-1138
-1521
-1283
-809
-84
463
702
780
624
922
1743
2437
2542
2103
1856
2152
2381
2423
2458
2426
2229
1718
1195
1221
1238
823
320
-172
-391
-708
-939
-1045
-1252
-1384
-1700
-1788
-1382
-1299
-1294
-1228
-1041
-446
-190
-4
281
560
997
1282
1587
1929
2034
2194
2314
2630
2846
2568
2409
2173
1946
1961
1631
1354
1029
483
124
-127
-269
-581
-1131
-1409
-1657
-1701
-1677
-1871
-1754
-1784
-1940
-1751
-1770
-1530
-1221
-1359
-1071
-900
-798
-418
-245
-167
-54
-19
19
157
197
148
155
149
2
-105
-76
-357
-636
-1168
-1498
-1091
-844
-780
-995
-1456
-1787
-2325
-2449
-1464
-552
-505
-1201
-1711
-1333
-710
25
510
626
570
280
699
1755
2441
2560
1936
1581
1913
2344
2592
2304
2062
1994
1671
1488
1198
924
726
165
-47
-292
-690
-865
-1224
-1380
-1338
-1548
-1634
-1689
-1722
-1616
-1397
-815
-405
-167
-118
-220
280
906
1417
1773
1702
1634
1708
2004
2581
2832
2539
2047
1539
1467
1673
1705
1401
845
276
-339
-391
-209
-486
-813
-1375
-1781
-1687
-1648
-1687
-1566
-1685
-1726
-1730
-1642
-1165
-938
-970
-960
-850
-573
-266
-70
64
128
119
-44
-35
273
385
339
219
-138
-111
-151
-447
-621
-993
-1060
-890
-725
-524
-838
-1376
-1749
-1976
-1620
-857
-306
-331
-932
-1165
-854
-125
559
650
616
530
619
1172
1855
2213
2087
1584
1480
1659
1844
2242
2168
1869
1488
846
838
925
904
653
-87
-531
-767
-983
-964
-1027
-1134
-1367
-1756
-1740
-1514
-1223
-1134
-1072
-726
-539
-383
-110
155
560
872
1069
1343
1481
1621
1766
1941
2192
2224
1989
1803
1640
1510
1315
1137
970
593
135
-313
-500
-557
-808
-1100
-1340
-1531
-1584
-1760
-1694
-1521
-1612
-1607
-1615
-1497
-1191
-1079
-972
-792
-641
-473
-390
-101
-2
-15
-5
53
294
397
232
203
202
252
285
-20
-361
-722
-930
-615
-187
-96
-317
-905
-1538
-1814
-1496
-614
81
59
-597
-1101
-816
-194
534
930
806
601
483
835
1657
2204
2267
1793
1296
1400
1896
2041
1858
1765
1536
1205
850
524
656
577
29
-383
-723
-865
-1082
-1374
-1384
-1332
-1408
-1636
-1834
-1620
-1349
-1025
-735
-609
-429
-533
-384
217
738
1105
1089
999
1093
1324
1682
1972
2057
1895
1485
1265
1250
1293
1304
965
605
212
-222
-266
-382
-574
-806
-1270
-1503
-1614
-1516
-1464
-1517
-1406
-1526
-1482
-1343
-1364
-1110
-968
-821
-513
-504
-427
-258
-144
87
85
49
183
271
295
350
423
392
322
94
-379
-614
-520
-309
-45
72
-246
-664
-1140
-1449
-1190
-558
71
264
-154
-672
-682
-205
563
1052
1007
752
652
881
1447
2064
2210
1832
1480
1320
1409
1684
1895
1941
1713
1042
493
403
425
533
303
-236
-783
-1307
-1435
-1296
-1179
-1250
-1536
-1848
-1970
-1701
-1349
-1084
-745
-646
-787
-596
-303
171
756
920
1022
1075
1033
1180
1419
1704
1874
1708
1433
1233
1128
979
836
728
492
80
-347
-647
-680
-803
-1080
-1183
-1350
-1619
-1708
-1679
-1525
-1323
-1380
-1429
-1342
-1302
-1182
-1013
-675
-307
-298
-386
-421
-242
-48
155
385
449
266
64
78
379
722
712
504
118
-305
-572
-384
187
600
413
-263
-753
-768
-500
-318
-204
-98
-15
64
33
172
396
449
549
668
885
1093
1195
1374
1584
1621
1636
1500
1394
1464
1120
1030
1315
1435
1275
605
-57
-34
44
202
53
-561
-1110
-1670
-1566
-1063
-824
-1001
-1695
-1967
-1693
-1287
-580
-420
-420
-545
-901
-404
238
653
905
648
645
810
992
1419
1486
1405
1231
957
1061
1047
907
682
267
165
-2
-96
-221
-722
-1026
-1240
-1272
-1084
-1297
-1540
-1675
-1655
-1361
-1246
-1205
-1267
-1442
-1348
-1040
-530
-249
-403
-541
-649
-263
147
329
462
147
-65
87
313
718
820
545
358
212
112
-11
-93
48
273
344
95
-157
-267
-387
-231
-169
-150
35
126
221
346
357
442
500
542
704
908
1056
1226
1391
1468
1404
1357
1147
983
1222
1427
1553
1289
774
551
336
327
450
379
106
-508
-1043
-1140
-985
-728
-761
-1154
-1514
-1716
-1558
-1095
-646
-457
-668
-912
-837
-413
109
436
552
514
420
550
814
1067
1176
1046
909
867
828
775
677
499
359
125
-65
-160
-422
-727
-855
-893
-961
-1059
-1397
-1607
-1496
-1351
-1193
-1083
-1247
-1351
-1385
-1284
-861
-585
-419
-372
-501
-453
-364
-113
192
401
330
70
94
291
566
779
688
417
398
346
429
499
260
54
10
160
425
309
9
-78
-159
-103
-71
-149
59
262
390
378
281
286
211
422
714
985
1188
1083
989
1114
1061
1170
1112
864
1105
1186
1151
1039
520
426
415
305
366
48
-284
-665
-992
-900
-769
-706
-879
-1244
-1199
-1108
-869
-578
-591
-455
-609
-632
-238
-26
300
434
352
456
428
593
822
863
945
750
606
541
433
478
332
44
-136
-251
-345
-616
-801
-890
-1099
-1098
-1212
-1389
-1339
-1427
-1348
-1116
-1150
-1137
-1255
-1289
-925
-622
-533
-524
-651
-576
-291
-96
148
265
222
96
176
389
577
804
648
451
559
564
644
638
446
378
158
76
388
560
539
346
102
8
27
114
-13
32
278
366
558
429
244
322
313
576
993
1093
1082
882
857
1055
1294
1225
770
877
1015
969
946
503
543
511
70
80
-104
-212
-424
-807
-871
-1003
-1028
-953
-1057
-847
-1116
-1300
-914
-803
-350
-451
-698
-344
-289
50
347
344
456
232
295
582
783
973
642
480
527
276
455
274
5
-19
-516
-502
-467
-676
-700
-1099
-1337
-1275
-1254
-996
-1033
-1228
-1329
-1512
-1218
-982
-868
-689
-907
-750
-566
-474
-143
-159
-169
-28
104
447
586
487
422
381
582
749
767
759
588
591
626
623
784
598
244
71
118
470
760
512
181
-103
-165
46
232
386
406
256
104
104
297
524
537
548
547
572
626
636
861
1007
965
939
738
720
768
690
756
778
627
420
158
60
53
39
-78
-328
-402
-494
-461
-348
-408
-473
-618
-707
-565
-504
-510
-444
-401
-301
-250
-240
-233
-241
-177
-121
-7
40
-57
-102
-142
-133
-153
-290
-292
-285
-459
-672
-680
-638
-733
-869
-1048
-979
-786
-948
-985
-961
-1079
-1032
-1106
-1035
-721
-659
-711
-745
-598
-423
-303
-153
-140
35
76
119
507
492
483
529
423
692
949
988
913
778
720
752
907
936
764
369
-113
51
789
1313
1359
669
-66
-89
312
828
1196
1045
596
112
8
496
1048
1070
591
182
92
399
805
966
807
387
-85
-167
82
358
271
-134
-430
-474
-300
-162
-181
-244
-344
-447
-341
-228
-147
-229
-360
-240
-71
51
28
-142
-216
-189
-49
200
241
123
-146
-361
-182
16
69
-4
-349
-642
-756
-620
-253
-173
-529
-1004
-1243
-1056
-801
-666
-646
-947
-1171
-1235
-1064
-614
-528
-734
-861
-950
-762
-547
-585
-498
-546
-580
-554
-437
-191
-128
-120
-72
11
231
217
202
401
356
506
625
685
855
730
641
781
905
1067
1050
1017
1021
1006
1085
1011
1025
1009
783
732
768
772
862
607
474
401
177
179
164
164
180
96
-11
-122
-85
-30
-11
86
61
68
134
97
182
280
235
294
288
287
322
315
377
388
359
333
255
191
145
95
81
-31
-158
-330
-494
-494
-492
-453
-393
-523
-652
-764
-751
-624
-538
-524
-689
-761
-777
-761
-594
-516
-554
-504
-561
-629
-557
-583
-526
-383
-480
-525
-615
-741
-603
-552
-683
-839
-901
-904
-754
-611
-756
-775
-740
-873
-719
-597
-512
-200
-254
-173
18
53
313
385
503
649
699
888
964
1133
1183
1109
1173
1158
1202
1382
1321
1293
1273
1118
1113
970
760
709
721
723
687
579
426
284
232
215
227
137
-99
-160
-76
-13
59
-55
-199
-219
-215
-24
148
155
102
-24
-43
96
239
316
223
114
82
48
175
176
113
114
-46
-36
34
-30
-103
-252
-379
-327
-310
-230
-215
-368
-500
-513
-384
-253
-217
-307
-395
-351
-272
-220
-219
-404
-541
-419
-197
-152
-303
-578
-708
-678
-602
-540
-497
-472
-628
-853
-925
-881
-705
-679
-848
-899
-937
-902
-734
-671
-646
-677
-642
-414
-198
-93
-80
-44
87
334
510
458
456
591
743
976
1027
993
884
809
890
1002
1137
1064
943
875
757
772
769
683
746
580
424
515
512
607
474
232
249
262
400
401
252
109
-38
9
101
128
84
-112
-220
-221
-206
-83
-173
-283
-264
-317
-192
-146
-224
-201
-221
-171
-116
-126
-91
-124
-55
-15
-30
33
-4
-14
-9
-98
40
111
150
144
-52
-121
-122
21
124
78
-52
-149
-157
-98
-40
-84
-147
-245
-342
-268
-177
-140
-195
-367
-502
-514
-479
-400
-447
-535
-619
-666
-568
-533
-553
-658
-734
-638
-522
-417
-430
-501
-481
-466
-378
-274
-233
-190
-185
-124
37
240
387
388
340
317
395
623
788
898
835
608
583
671
855
916
804
649
470
443
550
665
713
473
274
207
176
386
350
286
267
100
114
144
172
213
77
42
-37
-41
-44
-172
-138
-167
-236
-308
-469
-471
-469
-478
-395
-417
-418
-539
-628
-502
-329
-148
-145
-320
-385
-438
-319
-82
88
185
20
-78
-30
31
168
205
170
152
71
79
86
127
212
176
137
81
-16
-7
47
100
130
62
-17
-102
-135
-154
-129
-94
-144
-212
-275
-308
-233
-159
-125
-61
-144
-193
-201
-205
-90
18
84
70
4
18
-19
82
215
260
256
-114
-330
-175
113
521
593
348
155
-29
96
404
740
879
587
288
229
406
740
678
569
353
90
231
336
525
532
216
-46
-110
27
134
41
-92
-292
-352
-307
-294
-169
-275
-424
-490
-488
-257
-206
-320
-475
-568
-555
-473
-349
-371
-515
-641
-750
-611
-431
-442
-384
-499
-580
-490
-396
-231
-191
-252
-403
-434
-299
-166
46
-16
-190
-203
-208
-79
164
157
146
79
-70
-22
91
179
239
229
149
116
121
88
170
216
189
218
168
128
163
179
191
274
292
326
367
324
298
362
463
576
645
614
537
510
559
674
799
720
622
529
505
658
805
798
661
426
274
301
380
447
355
172
53
33
107
126
40
-67
-108
-91
-95
-112
-251
-397
-345
-272
-231
-263
-447
-588
-596
-523
-371
-316
-441
-620
-766
-652
-447
-350
-393
-607
-756
-693
-579
-445
-366
-443
-495
-511
-403
-331
-315
-402
-486
-435
-347
-255
-162
-233
-300
-238
-136
-37
-89
-148
-148
-107
-102
-49
-60
-110
-184
-244
-203
-141
-46
-29
-62
-6
-9
-30
2
-48
-13
63
74
121
177
191
193
195
242
308
312
275
286
331
342
416
416
419
405
392
445
538
573
471
429
469
623
762
746
651
623
671
742
791
759
667
599
526
567
629
515
385
294
242
298
349
241
167
112
59
126
119
26
-47
-171
-272
-290
-364
-340
-259
-283
-371
-408
-437
-456
-485
-552
-567
-543
-501
-501
-529
-641
-728
-696
-605
-470
-388
-428
-444
-481
-484
-501
-526
-455
-342
-317
-334
-326
-373
-351
-263
-203
-254
-270
-303
-270
-246
-274
-299
-292
-299
-313
-289
-333
-313
-271
-269
-265
-267
-338
-311
-234
-165
-125
-146
-218
-193
-85
35
207
318
281
168
202
303
464
629
572
472
465
436
549
730
763
790
709
608
701
815
817
807
800
740
715
687
637
654
672
672
708
654
557
550
570
566
562
426
306
303
306
309
300
194
83
37
31
67
57
-24
-171
-295
-269
-128
0
-111
-444
-671
-698
-424
-193
-190
-422
-763
-949
-855
-555
-342
-427
-697
-903
-829
-569
-448
-419
-514
-639
-591
-453
-293
-260
-368
-497
-535
-388
-241
-231
-280
-355
-357
-255
-169
-99
-118
-243
-326
-313
-235
-179
-214
-283
-336
-347
-289
-224
-251
-264
-299
-215
-53
-35
-80
-108
-167
-108
43
137
189
138
51
96
212
338
397
393
374
405
487
592
685
700
642
587
607
756
927
892
755
658
575
593
654
678
670
620
502
441
452
452
419
343
327
348
367
372
337
281
278
257
244
276
284
223
160
67
-19
-41
-24
16
10
-78
-140
-137
-162
-212
-362
-465
-520
-514
-405
-323
-349
-499
-695
-806
-733
-558
-381
-368
-480
-622
-664
-565
-440
-365
-379
-421
-483
-461
-391
-371
-372
-374
-414
-437
-402
-334
-309
-340
-352
-379
-326
-243
-241
-254
-255
-261
-257
-199
-180
-203
-212
-229
-187
-56
-5
74
139
137
125
143
148
211
323
369
325
221
205
295
422
500
519
474
420
463
513
582
621
575
503
484
506
555
641
581
452
387
395
438
454
495
478
445
388
283
253
299
307
258
246
206
157
150
175
186
184
153
89
22
10
2
9
38
17
-116
-214
-221
-217
-216
-252
-329
-373
-371
-405
-395
-394
-489
-603
-596
-463
-323
-295
-438
-597
-687
-634
-451
-342
-298
-398
-530
-500
-356
-274
-279
-315
-312
-276
-241
-221
-235
-245
-247
-274
-258
-217
-186
-66
-59
-59
-44
-86
-69
-52
-73
-33
-27
-1
66
66
41
13
77
140
198
200
152
169
195
229
301
329
303
274
262
323
409
448
446
482
495
525
552
527
494
476
492
519
534
474
473
483
458
406
297
259
322
373
363
350
307
220
163
103
97
137
126
70
51
-23
-85
-115
-124
-41
-24
-67
-145
-195
-221
-186
-181
-170
-197
-284
-323
-344
-355
-386
-424
-477
-495
-454
-444
-459
-485
-548
-579
-526
-414
-338
-355
-474
-530
-480
-383
-319
-292
-400
-498
-506
-462
-330
-249
-277
-288
-272
-250
-255
-262
-244
-174
-94
-83
-95
-112
-139
-150
-61
27
84
120
103
101
101
139
225
287
289
305
309
322
380
408
431
449
455
471
555
593
578
558
506
509
509
505
522
503
482
483
479
466
479
505
503
431
339
237
190
244
249
265
248
209
211
184
194
193
170
146
136
160
164
123
17
-14
-49
-53
-38
-71
-77
-106
-135
-172
-137
-149
-218
-300
-351
-381
-371
-360
-395
-400
-457
-508
-533
-484
-399
-429
-462
-509
-596
-607
-492
-378
-288
-291
-373
-466
-440
-420
-393
-367
-356
-370
-418
-344
-319
-302
-323
-401
-371
-341
-271
-260
-266
-274
-358
-358
-261
-224
-212
-205
-192
-129
-61
42
71
137
146
103
139
195
273
296
347
372
393
429
440
493
575
606
586
601
595
611
586
589
624
633
633
597
563
534
505
437
454
458
470
457
387
332
355
388
435
435
410
381
311
303
292
283
257
199
152
111
139
164
129
151
76
6
-17
-35
-22
6
-49
-137
-246
-353
-407
-443
-438
-428
-397
-383
-440
-480
-509
-525
-540
-512
-468
-476
-494
-498
-494
-496
-453
-436
-417
-398
-414
-390
-374
-374
-378
-400
-452
-452
-425
-401
-399
-444
-450
-472
-453
-406
-371
-350
-323
-348
-330
-274
-257
-232
-225
-189
-155
-92
-11
14
95
169
159
134
195
246
271
334
399
431
405
411
411
433
429
450
471
501
489
448
421
411
466
510
505
420
382
384
394
445
475
449
414
394
413
479
465
436
355
351
449
464
475
470
396
312
235
195
231
268
263
181
137
97
35
33
4
19
7
-38
-63
-82
-124
-184
-245
-311
-301
-340
-330
-307
-350
-381
-409
-393
-402
-397
-398
-409
-385
-374
-385
-362
-345
-369
-392
-384
-328
-314
-362
-420
-435
-386
-315
-269
-263
-301
-386
-412
-364
-287
-252
-279
-363
-416
-415
-364
-316
-269
-211
-193
-195
-161
-124
-110
-53
-36
-7
33
38
33
47
98
140
194
240
260
248
259
305
334
317
306
288
250
292
286
252
240
251
271
301
361
363
309
311
313
350
370
365
379
366
353
356
338
339
339
341
399
397
386
325
262
250
273
283
223
182
163
132
95
101
94
38
2
-55
-101
-108
-107
-124
-139
-142
-193
-247
-228
-190
-156
-146
-158
-164
-179
-205
-213
-200
-154
-133
-105
-93
-127
-152
-181
-179
-138
-139
-222
-301
-298
-335
-309
-281
-294
-262
-283
-282
-320
-327
-340
-397
-395
-363
-341
-331
-312
-276
-233
-200
-175
-178
-122
-76
-48
-13
28
-3
-13
0
-2
35
66
96
141
241
224
173
120
79
140
160
130
92
97
125
99
106
141
129
149
166
142
115
116
120
111
155
177
189
231
231
193
184
224
255
285
315
289
252
265
250
279
348
360
316
244
184
169
201
223
228
169
77
-22
-69
-49
-36
-43
-47
-71
-123
-184
-182
-181
-168
-113
-88
-84
-68
-100
-115
-96
-88
-64
-39
-20
-42
-54
-56
-49
-63
-59
-49
-78
-111
-134
-137
-113
-89
-106
-118
-170
-190
-215
-245
-284
-316
-298
-269
-252
-234
-240
-235
-216
-190
-177
-152
-106
-149
-132
-107
-89
-36
-12
-30
-28
-7
5
58
101
97
93
78
71
77
68
72
78
112
119
93
73
82
93
75
78
125
110
70
52
53
103
141
153
174
159
119
113
144
210
210
256
263
209
192
186
179
216
222
172
117
90
66
22
33
20
21
-7
-61
-70
-72
-75
-85
-95
-91
-125
-171
-197
-156
-114
-109
-125
-166
-164
-121
-76
-49
-24
-46
-63
-37
-7
19
49
84
75
58
43
68
53
64
23
-6
12
-23
-19
-12
-37
-98
-122
-159
-134
-111
-103
-85
-85
-108
-111
-100
-93
-66
-76
-54
-76
-89
-81
-29
4
37
53
43
4
-1
63
66
108
83
19
-47
-46
-41
-55
-48
-52
-58
-13
27
-1
-21
-30
-25
12
61
36
20
5
11
51
116
140
138
163
175
159
140
118
91
110
189
244
248
243
171
116
74
65
89
65
37
-39
-60
-93
-98
-93
-99
-58
-80
-126
-129
-128
-125
-104
-137
-134
-104
-136
-142
-134
-132
-96
-51
3
29
16
-11
-39
-8
15
58
86
40
-19
-75
-88
-69
-14
16
29
14
-9
-32
-37
-92
-132
-99
-64
-37
-34
-65
-134
-162
-154
-96
-24
15
-17
-53
-52
-45
6
55
46
73
56
32
63
58
120
133
133
127
102
125
112
100
104
84
52
49
51
36
21
-13
15
25
40
21
-16
-32
-56
-19
38
82
109
110
82
89
83
75
88
116
159
165
135
129
99
69
52
63
102
117
131
98
37
-2
-21
-1
-14
-6
-5
-46
-63
-88
-85
-89
-69
-84
-113
-96
-104
-106
-95
