0
1
1
6
-9
-18
-4
3
4
13
14
0
-2
-5
-5
-19
-5
-9
-16
0
10
8
-5
14
20
13
6
8
2
-5
-4
-16
4
0
6
7
-1
9
2
-4
-11
-11
-5
-12
-1
4
2
15
12
17
12
10
21
22
14
21
13
6
1
-11
-16
-16
-6
-7
0
3
-1
4
-6
-17
-23
-20
-23
-18
-14
-17
-12
-6
-26
-15
-11
-10
2
-4
1
0
0
-10
-14
-8
-7
-14
-8
6
15
13
4
11
3
-2
9
10
3
0
-9
-20
-12
-17
-12
-22
-11
0
-19
-9
8
12
0
-9
-10
-17
-16
-5
-5
12
10
3
10
23
17
13
16
13
11
9
9
14
12
0
2
-4
1
-1
-6
-5
3
18
7
21
27
24
23
29
27
17
14
19
19
14
6
1
3
-7
-13
-11
-18
-21
-16
-19
-8
-5
-7
-16
-17
-10
-16
-6
6
0
7
18
9
1
-2
-1
1
1
2
-14
-23
-8
-15
-19
-19
-20
-22
-18
-4
-8
-13
-4
8
11
1
-2
19
32
30
28
28
15
10
4
-5
3
7
5
12
25
13
17
12
6
2
-13
-3
4
-13
-14
-11
-9
-10
-20
-15
-15
-11
-2
-8
-22
-10
-25
-29
-23
-24
-16
-4
4
7
21
2
-4
-15
-18
-19
-14
-12
-18
9
-3
-12
1
-6
-26
-4
-6
-11
-6
-1
5
2
4
-12
0
2
17
33
38
31
19
8
0
-2
11
11
19
26
21
14
1
-1
2
3
11
11
-6
7
1
-7
-2
-6
-7
-2
2
1
0
-1
5
6
4
5
1
1
-11
-17
-5
0
-5
3
0
-5
-17
-18
-23
-31
-185
-132
144
27
-173
-158
-298
-188
150
-46
-329
-240
-21
-9
-183
-44
114
-70
46
150
13
281
532
319
179
304
570
530
409
614
441
204
481
563
374
394
378
263
114
157
272
32
38
217
-184
-416
-60
-29
-321
-416
-410
-464
-550
-425
-411
-763
-762
-560
-765
-816
-597
-678
-906
-817
-627
-776
-906
-678
-570
-778
-715
-552
-556
-518
-466
-303
-190
-129
17
-127
-173
385
481
126
162
462
642
559
518
701
704
774
949
835
924
1300
1247
1016
1136
1410
1464
1290
1407
1509
1270
1317
1501
1351
1308
1313
1168
1030
993
1016
789
550
664
479
54
108
102
-144
-359
-500
-567
-721
-863
-909
-1102
-1241
-1184
-1364
-1573
-1470
-1606
-1787
-1758
-1758
-1823
-2019
-2194
-2024
-2051
-2246
-2241
-2374
-2221
-2055
-2267
-2263
-2116
-2019
-1830
-1843
-1669
-1238
-1096
-912
-674
-500
-29
193
333
707
877
1065
1388
1540
1748
1977
2065
2284
2437
2516
2695
2693
2826
2960
2808
2686
2445
2695
3115
2642
2184
2142
1805
2060
2254
1500
1004
1105
1303
1013
428
614
693
129
126
30
-240
164
219
-398
-857
-676
-65
-483
-1003
-567
-874
-1279
-756
-784
-1221
-1111
-835
-1060
-1527
-1235
-740
-1283
-1302
-894
-1415
-1687
-997
-1043
-1951
-2020
-1371
-1512
-2042
-1916
-1961
-2390
-2199
-1898
-2608
-2903
-2126
-2027
-2804
-2708
-2118
-2186
-2379
-1937
-1702
-1863
-1290
-630
-926
-809
34
331
204
698
1193
1173
1294
1956
2204
1989
2379
2695
2630
2932
3184
3007
2980
3093
3330
3232
2940
3143
3103
2857
2926
2722
2552
2624
2378
2139
1913
1831
1915
1527
1158
1088
840
760
577
187
153
-51
-333
-427
-685
-734
-774
-1159
-1200
-1239
-1432
-1304
-1377
-1506
-1447
-1566
-1610
-1495
-1475
-1406
-1566
-1600
-1322
-1536
-1569
-1183
-1386
-1449
-1312
-1364
-1281
-1205
-1479
-1652
-1727
-1380
-1183
-1778
-2030
-1826
-1884
-1876
-2039
-2225
-2102
-2082
-2126
-2245
-2365
-1942
-1648
-1926
-1803
-1444
-1100
-773
-542
-409
-91
210
657
949
980
1415
1739
1792
2038
2042
2332
2870
2874
2674
2732
2742
3211
3427
3009
2865
2938
3147
3130
2596
2598
2772
2466
2221
2003
1868
2095
1957
1478
1144
990
1233
1005
412
359
232
-105
-161
-314
-485
-586
-795
-860
-1060
-1194
-984
-1141
-1335
-1256
-1408
-1453
-1248
-1105
-1149
-1419
-1400
-1125
-1238
-1240
-1142
-1218
-1239
-1151
-1136
-1167
-1313
-1186
-1120
-1371
-1300
-1459
-1858
-1623
-1237
-1508
-1915
-2280
-2239
-1928
-2020
-2377
-2573
-2561
-2212
-2339
-2665
-2435
-2024
-1997
-2123
-2132
-1599
-893
-682
-668
-589
-172
512
741
880
1288
1629
1796
1801
2097
2812
3046
2820
2900
2937
3195
3494
3445
3347
3326
3424
3527
3240
3142
3357
3182
2801
2661
2570
2541
2424
2236
1946
1519
1486
1516
1109
809
726
401
128
-19
-108
-297
-587
-625
-833
-1198
-1118
-993
-1260
-1527
-1600
-1555
-1547
-1502
-1483
-1680
-1867
-1640
-1444
-1750
-1786
-1495
-1601
-1805
-1628
-1668
-1737
-1661
-1541
-1634
-1860
-1546
-1429
-1676
-1797
-1987
-1982
-1599
-1498
-1743
-2207
-2359
-1850
-1703
-2137
-2342
-2245
-1920
-1847
-2245
-2255
-1810
-1504
-1433
-1652
-1496
-633
-124
-135
-106
215
869
1289
1309
1412
1749
2347
2626
2369
2533
2796
3053
3486
3188
2895
3137
3402
3688
3499
2945
2985
3285
3307
2975
2482
2591
2885
2444
1968
1729
1812
2084
1598
839
695
857
994
504
-85
23
66
-206
-400
-693
-724
-678
-885
-1104
-1366
-1283
-1032
-1304
-1569
-1533
-1592
-1570
-1402
-1503
-1811
-1818
-1554
-1559
-1839
-1955
-1798
-1625
-1860
-1843
-1719
-1831
-1617
-1408
-1885
-1973
-1439
-1323
-1948
-2363
-1617
-1058
-1577
-1871
-2084
-2266
-1467
-1279
-2166
-2479
-1689
-1262
-1920
-2369
-1572
-1083
-1210
-1314
-1355
-819
137
448
97
57
949
1645
1173
1347
2328
2384
2064
2217
2415
3039
3310
2926
2763
2871
3169
3399
3047
3176
3387
2807
2658
2903
2955
2917
2489
2157
2216
2021
1980
1839
1582
1567
1102
550
803
922
637
201
-168
-20
-85
-305
-283
-547
-673
-602
-1019
-1089
-717
-874
-1225
-1425
-1403
-1261
-1368
-1486
-1486
-1582
-1745
-1819
-1766
-1773
-1731
-1756
-2070
-2034
-1708
-1783
-1975
-2032
-1847
-1740
-1997
-1973
-1671
-1982
-1992
-1938
-2248
-1833
-1516
-1950
-2206
-2143
-1998
-1606
-1882
-2073
-1937
-1980
-1631
-1590
-1801
-1348
-1223
-1058
-693
-633
-274
389
460
759
873
1060
2024
2087
1967
2369
2233
2470
3334
3111
2793
3041
3227
3432
3185
3045
3484
3300
3247
3240
2757
2968
3415
2929
2467
2265
2465
2696
2003
1740
1828
1459
1405
1274
768
796
848
534
274
-156
79
226
-438
-534
-549
-975
-905
-814
-1161
-1322
-1529
-1569
-1538
-1908
-2015
-2115
-2248
-2173
-2236
-2399
-2408
-2740
-2645
-2187
-2646
-2789
-2143
-2422
-2785
-2097
-2094
-2513
-2227
-1807
-1792
-2006
-1808
-1287
-1816
-2246
-682
-477
-1924
-1472
-1074
-1637
-689
-245
-1310
-1631
-812
270
-564
-1571
-138
427
-311
126
410
487
1233
1789
1206
545
1560
3203
2193
1202
2341
2611
2216
2488
2667
2423
2465
2721
2618
1853
2041
3134
2373
1624
2239
2042
1787
2213
2106
1478
1089
1445
2055
1177
733
1338
967
806
948
486
424
772
703
207
-208
264
798
20
-387
-154
-344
-196
-330
-723
-770
-791
-804
-1015
-1484
-1376
-1217
-1571
-1643
-1748
-1819
-1747
-1978
-1974
-1958
-2098
-1831
-1959
-2060
-1974
-2017
-1786
-1740
-1872
-1496
-1584
-1738
-1461
-1682
-1490
-1047
-1092
-1172
-1403
-1628
-1236
-1065
-1314
-1327
-1301
-1351
-1367
-1343
-1644
-1362
-88
-810
-1872
-779
-8
218
654
-230
-291
835
1625
1531
643
1052
2480
1826
1267
1957
2328
2576
2522
1841
1600
2389
3232
2866
1609
1834
2694
2545
2287
2400
2327
2167
2243
2254
1878
1716
2370
2412
1322
1353
1745
1585
1519
1530
944
572
947
1392
875
41
376
546
-176
-368
-352
-588
-638
-717
-1224
-1593
-1484
-1210
-1582
-2261
-2173
-2038
-2223
-2083
-1995
-2358
-2366
-2243
-2264
-2304
-2169
-2012
-2091
-2260
-2001
-1823
-1924
-1709
-1447
-1505
-1744
-1767
-1392
-1135
-1301
-1246
-1479
-1860
-1339
-1071
-1580
-1487
-1349
-1390
-1515
-1760
-1303
-954
-1170
-1107
-1030
-961
-255
90
-53
79
276
616
868
1137
1503
1537
1491
1480
1537
2045
2429
2198
2014
2084
2345
2421
2369
2644
2594
2250
2358
2672
2609
2681
2859
2616
2273
2408
2725
2535
2322
2584
2451
1859
1991
2468
2092
1587
1642
1671
1237
1102
1326
1018
490
448
349
-356
-470
-145
-618
-1402
-1439
-1244
-1674
-2007
-1818
-2069
-2482
-2511
-2424
-2518
-2586
-2614
-2494
-2542
-2924
-2630
-1993
-2430
-2839
-1935
-1869
-2349
-1643
-1455
-2099
-1638
-1037
-1365
-1997
-1385
-676
-1232
-1589
-1243
-1495
-1544
-1245
-1406
-1310
-1237
-1372
-1611
-2013
-1714
-549
-808
-1723
-1345
-594
-294
-122
-22
291
354
532
1091
1064
1105
1973
1959
1056
1262
2161
2448
2001
1853
2212
2052
1966
2618
2579
2191
2513
2460
2228
2500
2859
3137
2621
2298
2783
2707
2470
2843
2800
2362
2158
2231
2510
2222
1924
2126
1747
1313
1491
1456
1113
875
611
258
-159
-277
-138
-651
-1338
-1332
-1278
-1754
-2053
-1812
-1974
-2559
-2509
-2303
-2537
-2544
-2398
-2690
-3024
-2571
-2360
-2616
-2602
-2395
-2273
-2110
-2291
-2197
-1955
-2102
-1755
-1489
-1878
-1890
-1584
-1488
-1404
-1344
-1378
-1389
-1449
-1461
-1230
-1361
-1365
-1303
-1288
-1377
-1480
-1448
-1109
-942
-1027
-942
-950
-597
104
161
23
128
559
1075
901
942
1729
1832
1435
1608
1717
2280
2835
2335
2037
2175
2586
3179
2748
2425
3001
3062
2860
2960
3044
3339
3263
2890
2850
2701
2914
3277
2665
2243
2422
2324
2203
2087
1811
1579
1220
1091
1084
557
455
513
-31
-459
-667
-764
-815
-1169
-1533
-1702
-2108
-2061
-1847
-2452
-2613
-2452
-2522
-2628
-2725
-2826
-2653
-2717
-2729
-2505
-2854
-2469
-1882
-2487
-2514
-1850
-1716
-1744
-1837
-1777
-1390
-1106
-1163
-1443
-1357
-1065
-1224
-920
-804
-1097
-905
-981
-1073
-772
-724
-1013
-1063
-900
-925
-1286
-1388
-789
-532
-815
-1070
-958
-417
99
27
-196
137
552
773
835
724
1304
1792
1320
1083
1558
1877
2292
2355
1785
1897
2251
2571
2649
2363
2497
2714
2629
2751
2851
2849
2958
2970
2724
2512
2504
2863
2835
2315
2143
2039
1996
2078
1884
1538
1263
1191
1128
750
400
531
286
-249
-386
-654
-783
-726
-986
-1402
-1596
-1681
-1591
-1615
-1958
-2207
-2097
-2017
-2166
-2512
-2306
-1881
-2270
-2468
-2012
-2139
-2034
-1651
-2011
-1994
-1809
-1746
-1369
-1520
-1714
-1383
-1381
-1314
-1270
-1525
-1602
-1312
-1093
-1000
-1458
-1602
-1328
-1192
-1341
-1566
-1683
-1331
-1300
-1906
-1872
-1419
-1302
-1265
-1321
-1422
-1135
-555
-185
-384
-444
158
667
493
690
1042
1183
1494
1614
1451
1653
2153
2502
2423
2144
2211
2751
2913
2976
2873
2696
2951
3146
3142
3060
2992
3162
3158
2773
2662
2820
2745
2767
2479
1955
1903
2090
2061
1579
1185
1229
1198
789
729
591
216
153
61
-359
-694
-590
-469
-1049
-1567
-1295
-1252
-1641
-1726
-1711
-1824
-2105
-2124
-1852
-2144
-2585
-2158
-1984
-2324
-2319
-2160
-2041
-2128
-2145
-1964
-2326
-2246
-1470
-1805
-2187
-1970
-1750
-1481
-1687
-2140
-1736
-1484
-1620
-1384
-1387
-1769
-1546
-1260
-1441
-1594
-1590
-1299
-1497
-1640
-1202
-1074
-1263
-878
-842
-1070
-557
-45
55
21
156
644
769
861
1277
1400
1326
1725
1965
1707
1895
2331
2383
2261
2388
2517
2478
2532
3002
2980
2490
2617
3147
3081
2825
2770
2863
2704
2558
2694
2469
2138
2455
2461
1767
1637
2037
1979
1490
1259
1295
1103
815
917
704
146
177
295
-191
-524
-503
-551
-962
-1277
-1162
-1349
-1857
-1747
-1678
-2017
-2454
-2381
-1957
-2452
-2965
-2180
-2108
-2978
-2363
-2051
-2734
-2301
-1688
-2417
-2657
-1847
-1539
-2067
-2142
-1488
-1525
-1788
-1594
-1779
-1279
-739
-1258
-1298
-1376
-1467
-845
-931
-1498
-1230
-1008
-1023
-1220
-1453
-1066
-876
-936
-827
-944
-818
-89
103
-121
30
166
577
967
861
938
1206
1452
1580
1482
1204
1412
2754
2776
1576
1726
2264
2112
2931
2850
1856
1865
2576
3139
2364
1828
2844
2841
1946
2137
2401
2420
2775
2836
2031
1310
1876
3092
2208
1060
1461
1896
1460
1174
1282
1067
612
668
695
-245
-517
595
290
-872
-1184
-892
-1012
-1344
-1418
-1726
-2210
-2297
-1929
-2370
-2737
-2414
-2187
-2618
-2897
-2519
-2015
-2517
-2803
-2154
-2319
-2935
-1996
-1562
-2399
-2259
-1738
-1744
-1738
-1889
-2082
-1366
-1311
-1474
-1341
-1739
-1821
-804
-1045
-1936
-1762
-1116
-1144
-1785
-1772
-1061
-1157
-1264
-907
-1163
-1203
-422
88
-297
-357
190
950
638
515
1265
1597
1433
1676
1809
1784
2205
2855
2771
2127
2182
3270
3246
2635
3067
3293
3093
3136
3290
3141
3059
3218
3389
2640
2250
3090
3167
2395
2268
2188
1942
1861
1943
1823
1278
1007
1308
961
319
469
567
125
-401
-557
-474
-781
-1100
-955
-1312
-2110
-1661
-1390
-2176
-2413
-2014
-2334
-2846
-2386
-2330
-2808
-2719
-2256
-2665
-2919
-2228
-1848
-2326
-2428
-2203
-1932
-1782
-1804
-2034
-1849
-1309
-1319
-1663
-1252
-1207
-1364
-963
-1166
-1272
-748
-850
-1430
-1153
-869
-951
-1261
-1289
-1032
-986
-1434
-1431
-865
-725
-935
-879
-907
-558
-17
11
-87
214
758
896
686
948
1502
1811
1811
1522
1747
2255
2428
2564
2559
2305
2690
2907
2788
2883
2861
2863
2910
2804
2789
2842
2810
2795
2571
2272
2359
2413
2371
2194
1789
1638
1789
1736
1487
1239
1180
1076
804
601
430
336
245
-46
-512
-590
-654
-805
-941
-1139
-1548
-1552
-1433
-1809
-2085
-1840
-2037
-2401
-2160
-2193
-2515
-2320
-1990
-2475
-2556
-1997
-2006
-2331
-1984
-1814
-2073
-2035
-1678
-1792
-1906
-1440
-1410
-1789
-1431
-1203
-1644
-1498
-1135
-1178
-1194
-1274
-1189
-1073
-1329
-1259
-1082
-1346
-1185
-854
-1379
-1412
-724
-624
-815
-822
-572
-283
-52
158
404
552
770
1268
1098
1138
1742
2026
1795
1856
2247
2242
2343
2540
2566
2425
2604
2632
2434
2564
2836
2724
2362
2326
2547
2371
2229
2235
2216
1937
1898
1894
1689
1581
1645
1570
1140
996
1132
1096
694
597
592
269
87
231
150
-203
-409
-310
-443
-848
-898
-721
-1090
-1288
-1305
-1488
-1533
-1505
-1532
-1574
-1757
-1821
-1622
-1741
-1931
-1851
-1829
-1820
-1799
-1627
-1625
-1592
-1557
-1662
-1422
-1616
-1803
-1069
-1155
-1833
-1199
-872
-1555
-1598
-975
-1036
-1377
-1002
-952
-1518
-1141
-824
-1101
-1355
-1213
-817
-1191
-1539
-779
-445
-895
-762
-541
-432
-195
43
319
279
302
1013
1148
813
1250
1768
1514
1413
1720
1882
1924
1616
1578
2603
2462
1656
2021
1803
1464
2515
2445
1391
1227
1803
2476
1716
1062
1927
1873
1237
1675
1688
1393
1776
1971
1417
730
1086
2143
1351
462
979
1124
545
541
675
499
65
-8
260
-486
-895
100
-137
-1198
-1045
-831
-1301
-1633
-1260
-1183
-2197
-2354
-1108
-1755
-2716
-1696
-1577
-2351
-1751
-1496
-2066
-1950
-1596
-1461
-1724
-2069
-1310
-1180
-1616
-1298
-1433
-1565
-1113
-1473
-1475
-701
-1157
-1462
-1029
-1307
-1423
-917
-1120
-1291
-1185
-1265
-1081
-1019
-1038
-466
-721
-992
-321
-6
-33
29
262
763
788
441
1027
1266
1238
1762
1612
1282
1792
2006
1967
1956
1866
2199
2072
1730
2296
2309
1935
2223
2133
2021
2075
1960
2124
2197
1774
1831
1705
1536
2008
1792
1289
1384
1298
1220
1115
786
898
938
458
349
216
96
327
27
-242
-319
-603
-556
-458
-762
-900
-942
-1231
-1283
-1242
-1307
-1287
-1486
-1605
-1411
-1378
-1629
-1479
-1449
-1536
-1228
-1219
-1538
-1345
-972
-1051
-1547
-1344
-783
-1191
-1371
-793
-914
-1142
-1090
-1305
-1115
-804
-748
-990
-1546
-1175
-580
-1336
-1608
-898
-931
-1422
-1430
-1401
-1041
-911
-1010
-1041
-1206
-919
-244
-351
-568
-43
156
159
233
510
788
564
983
1567
1003
926
1594
1606
1736
1821
1491
1655
1850
2030
2057
1631
1854
2369
1940
1745
2017
2063
2125
1927
1558
1692
1758
1857
1871
1372
1189
1516
1312
1020
1103
1023
943
685
543
601
361
264
453
82
-280
-166
-87
-80
-412
-858
-501
-634
-1051
-704
-995
-1240
-687
-870
-1449
-1270
-1068
-1002
-1103
-1271
-927
-1110
-1441
-858
-701
-1131
-1259
-1092
-713
-779
-1027
-949
-958
-832
-861
-1394
-1116
-689
-863
-1177
-1623
-1288
-916
-1492
-1712
-1413
-1427
-1383
-1860
-2056
-1351
-1272
-1557
-1483
-1577
-1293
-746
-885
-915
-413
-181
-113
-6
116
432
440
708
1074
909
895
1287
1374
1454
1570
1519
1491
1586
1821
1898
1650
1775
2106
1836
1692
1899
2044
1978
1852
1777
1816
1680
1809
1960
1691
1527
1643
1622
1473
1438
1463
1342
1117
1022
1044
789
733
896
643
273
207
278
198
8
-143
-94
-416
-529
-302
-627
-952
-732
-733
-1142
-1184
-1012
-1052
-1112
-1085
-1324
-1478
-1046
-1167
-1411
-1256
-1170
-1168
-1345
-1408
-1260
-1158
-1057
-1343
-1824
-1310
-1148
-1599
-1320
-1460
-1850
-1563
-1722
-1827
-1461
-1548
-1805
-1894
-2002
-1623
-1457
-1593
-1427
-1403
-1421
-1128
-827
-743
-537
-375
-118
-42
40
429
572
473
865
1005
825
1011
1374
1306
1361
1580
1744
1654
1436
1907
2058
1809
1902
1949
1868
1956
2068
2073
1964
1896
1992
1940
1664
1968
2065
1674
1550
1576
1568
1445
1365
1394
1263
922
979
1039
713
677
775
575
285
197
299
233
-77
-137
81
-455
-714
-105
-354
-1073
-648
-444
-1108
-987
-570
-1065
-1107
-787
-982
-1312
-891
-803
-1372
-1238
-903
-1141
-1211
-1068
-1278
-1166
-1255
-1518
-1459
-1413
-1413
-1427
-1906
-1816
-1508
-1858
-2093
-1812
-1816
-1854
-2168
-2385
-1869
-1819
-1988
-1705
-1795
-1836
-1111
-1096
-1346
-903
-478
-369
-423
-249
144
84
336
837
667
574
1004
1121
1309
1500
1367
1535
1679
1762
1947
1961
1981
2172
2202
2102
2064
2224
2481
2373
1997
2148
2215
2140
2192
2111
1891
1854
1888
1750
1659
1539
1678
1520
1057
1116
1165
887
847
890
541
298
319
356
253
-131
-234
-159
-326
-494
-490
-570
-799
-730
-800
-947
-1141
-1022
-801
-1132
-1387
-925
-1070
-1377
-1049
-1275
-1383
-921
-1141
-1554
-1240
-1269
-1380
-1652
-1541
-1334
-1536
-1502
-1523
-1906
-1638
-1636
-2085
-1924
-1834
-1805
-2006
-2355
-2020
-1525
-1874
-1904
-1839
-1712
-1299
-1221
-1195
-884
-701
-389
-283
-387
-43
324
355
504
738
820
1085
1060
1078
1408
1458
1483
1616
1616
1793
1945
1969
1926
1909
1929
2159
2133
2028
2108
2012
2062
2006
1883
2007
2061
1880
1749
1671
1655
1660
1619
1479
1326
1227
1212
1083
941
953
895
651
548
478
299
279
261
-6
-60
-210
-392
-182
-404
-791
-473
-463
-1018
-879
-484
-865
-1174
-991
-928
-979
-1001
-1031
-1133
-1132
-983
-1087
-1526
-1186
-906
-1282
-1698
-1590
-1236
-1413
-1636
-1584
-1865
-1901
-1675
-2077
-2114
-1955
-2015
-2055
-2274
-2323
-1939
-1960
-1903
-1777
-1950
-1766
-1267
-1159
-1146
-887
-613
-303
-216
-65
21
131
669
930
586
610
1096
1251
1414
1438
1417
1525
1623
1883
1965
1832
2032
2195
2044
2126
2191
2249
2353
2256
2078
2052
2031
2278
2299
1940
1771
1790
1824
1756
1659
1576
1506
1381
1262
1123
926
1019
1031
800
492
445
436
270
197
105
-146
-390
-178
-325
-607
-400
-559
-999
-775
-841
-1072
-913
-959
-1128
-1089
-1119
-1277
-1408
-1225
-1175
-1514
-1406
-1474
-1536
-1303
-1597
-1929
-1576
-1571
-1736
-1667
-1950
-2018
-1847
-2080
-2146
-2086
-2058
-1972
-2272
-2315
-2014
-2058
-1983
-1733
-1837
-1675
-1250
-1103
-937
-700
-544
-197
-6
140
378
501
477
820
1425
1194
1060
1471
1543
1588
2099
1912
1568
1857
2227
2391
2070
1852
2227
2362
2139
2081
2082
2097
2250
2144
1743
1678
1892
2133
1734
1247
1418
1676
1406
1157
1100
1091
990
811
747
628
458
645
579
82
-29
90
49
-159
-154
-276
-549
-564
-435
-543
-912
-872
-647
-821
-1056
-1162
-1090
-887
-884
-1164
-1365
-1139
-810
-1410
-1505
-922
-1281
-1249
-988
-1713
-1599
-1079
-1467
-1530
-1417
-1710
-1686
-1712
-1705
-1533
-1947
-2103
-1600
-1636
-2217
-2071
-1577
-1438
-1487
-1568
-1616
-1077
-536
-534
-768
-693
52
418
73
127
668
849
933
1106
1115
1252
1533
1582
1531
1612
1753
1666
1756
1895
2006
1908
1681
1909
2074
1877
1782
1829
1891
1870
1684
1449
1534
1781
1705
1394
1178
1291
1398
1255
1009
991
995
870
685
523
583
626
440
268
90
87
75
-2
-183
-272
-409
-566
-569
-680
-692
-806
-892
-911
-984
-1060
-1004
-1067
-1116
-1155
-1073
-1118
-1328
-980
-1028
-1455
-1133
-1111
-1358
-1166
-1269
-1549
-1435
-1334
-1425
-1366
-1233
-1512
-1701
-1522
-1429
-1657
-1727
-1487
-1476
-1745
-1731
-1500
-1510
-1228
-1097
-1364
-1256
-601
-302
-424
-459
51
513
367
380
794
1090
1154
1269
1277
1354
1638
1870
1805
1655
1789
1974
1708
1686
2239
2275
1715
1599
1572
1623
1919
1780
1568
1372
1389
1559
1387
1225
1375
1281
1019
1085
1153
1226
1255
1072
985
773
600
689
719
507
398
338
112
54
67
32
-139
-377
-326
-393
-783
-684
-392
-747
-1026
-981
-1087
-1168
-1119
-1314
-1454
-1348
-1466
-1599
-1419
-1633
-1536
-1196
-1597
-1650
-1268
-1540
-1692
-1299
-1627
-1856
-1417
-1319
-1550
-1606
-1704
-1622
-1345
-1515
-1817
-1655
-1272
-1213
-1578
-1630
-1294
-1068
-827
-958
-1147
-634
-23
-135
-206
101
527
846
788
862
1086
1419
1376
1554
1953
1756
1838
2168
1867
1891
2517
2257
1902
2017
2316
2373
2001
1989
2249
1917
1815
1974
1793
1663
1808
1658
1340
1249
1388
1422
900
738
892
741
446
443
476
305
48
-61
-77
-226
-295
-162
-370
-591
-577
-535
-677
-806
-792
-779
-1102
-1341
-870
-1012
-1520
-1199
-1137
-1435
-1259
-1314
-1348
-1301
-1318
-1242
-1303
-1215
-1167
-1345
-1261
-1253
-1342
-1079
-1247
-1461
-1265
-1175
-1228
-1279
-1058
-1081
-1386
-1275
-1195
-1258
-1096
-1222
-1359
-1039
-1134
-1374
-986
-930
-800
-495
-791
-789
7
312
137
154
386
890
1078
911
1129
1294
1483
1880
1632
1449
1912
2029
1975
2131
2046
2108
2075
2084
2297
2172
2029
2095
1974
1943
1942
1879
1893
1880
1675
1500
1356
1358
1503
1214
837
769
773
636
511
366
248
184
-47
-146
-195
-296
-211
-369
-693
-769
-764
-924
-920
-964
-1203
-1274
-1350
-1470
-1417
-1441
-1545
-1604
-1617
-1620
-1601
-1708
-1722
-1466
-1541
-1622
-1604
-1565
-1359
-1203
-1551
-1305
-1077
-1127
-1080
-1524
-1488
-825
-980
-1275
-981
-1212
-1170
-826
-1022
-1257
-944
-908
-871
-1005
-943
-689
-663
-572
-315
-426
-398
284
512
495
641
832
1164
1495
1392
1489
1552
1669
2127
2167
1788
2151
2356
2185
2329
2229
2253
2247
2197
2303
2208
1921
2099
2096
1764
1838
1808
1603
1631
1439
1266
1078
962
1088
941
475
330
448
184
67
-73
-185
-258
-402
-484
-592
-715
-699
-655
-958
-1142
-1009
-1080
-1235
-1243
-1343
-1514
-1440
-1306
-1583
-1643
-1512
-1522
-1550
-1632
-1718
-1564
-1490
-1641
-1405
-1411
-1556
-1369
-1188
-1211
-1263
-1148
-1043
-1015
-1145
-1223
-1171
-986
-868
-813
-1021
-1311
-874
-636
-1041
-1127
-958
-721
-747
-1070
-830
-471
-471
-264
-208
-402
144
676
620
595
835
1250
1495
1362
1485
1871
1781
1956
2419
2202
2165
2505
2333
2344
2484
2420
2335
2286
2369
2501
2232
2015
2200
2011
1800
1761
1636
1656
1559
1217
988
913
882
870
500
109
191
87
-154
-300
-370
-462
-647
-876
-975
-1002
-1019
-1030
-1248
-1413
-1359
-1341
-1418
-1493
-1511
-1453
-1537
-1507
-1531
-1626
-1507
-1550
-1701
-1547
-1602
-1777
-1452
-1476
-1655
-1307
-1167
-1483
-1317
-1039
-1211
-1149
-960
-1057
-982
-996
-1047
-861
-853
-765
-724
-1088
-1027
-596
-768
-881
-810
-740
-534
-640
-812
-445
-255
-240
66
31
-95
425
841
865
924
1115
1423
1593
1612
1830
1880
1832
2368
2414
2074
2306
2485
2503
2542
2313
2331
2411
2347
2332
2270
2100
2092
2080
1922
1791
1629
1618
1557
1219
1027
985
830
801
629
251
-34
-42
-144
-373
-591
-659
-698
-939
-1112
-1166
-1205
-1224
-1262
-1455
-1573
-1511
-1514
-1527
-1552
-1647
-1671
-1560
-1556
-1647
-1646
-1668
-1578
-1552
-1651
-1654
-1651
-1488
-1355
-1449
-1603
-1480
-1148
-1165
-1296
-1284
-1321
-1031
-715
-1235
-1408
-895
-810
-742
-810
-1188
-997
-634
-593
-729
-904
-732
-398
-554
-770
-540
-244
45
151
-36
10
556
958
1059
979
1001
1469
1877
1835
1813
1871
2183
2574
2393
2149
2282
2384
2616
2766
2306
2187
2397
2535
2472
2199
2043
2089
2037
1922
1823
1567
1508
1684
1383
1006
876
941
981
644
298
203
85
-34
-61
-442
-656
-605
-714
-965
-1189
-1185
-1064
-1230
-1455
-1476
-1578
-1631
-1479
-1650
-1803
-1861
-1903
-1739
-1849
-1818
-1737
-1846
-1751
-1613
-1754
-1788
-1688
-1579
-1503
-1677
-1646
-1528
-1457
-1211
-1360
-1422
-1129
-1122
-1341
-1232
-1130
-1173
-830
-881
-1286
-1142
-794
-817
-836
-849
-804
-526
-457
-617
-489
-242
33
212
99
120
626
1076
1101
1030
1175
1646
1854
1862
1937
1954
2264
2658
2450
2218
2466
2563
2691
2756
2483
2428
2519
2586
2542
2320
2204
2278
2111
1970
1924
1673
1629
1732
1448
1116
1018
1036
1032
720
400
254
146
2
-160
-423
-565
-610
-789
-1004
-1175
-1154
-1105
-1262
-1499
-1579
-1553
-1593
-1616
-1661
-1745
-1787
-1786
-1848
-1839
-1646
-1704
-1934
-1795
-1658
-1781
-1747
-1567
-1616
-1742
-1466
-1395
-1649
-1551
-1226
-1345
-1455
-1289
-1342
-1384
-1303
-1206
-1112
-1010
-1046
-1213
-1165
-923
-865
-880
-954
-851
-577
-540
-915
-671
-141
-124
-31
-48
9
534
982
830
831
1167
1523
1668
1695
1834
2052
1973
1976
2465
2526
2223
2436
2430
2258
2739
2720
2196
2271
2546
2663
2491
2020
2159
2415
2088
1959
1796
1626
1817
1738
1265
1032
1022
1196
1030
362
238
343
93
-44
-224
-499
-579
-648
-848
-1025
-1150
-1165
-1141
-1419
-1557
-1547
-1616
-1637
-1768
-1875
-1872
-1917
-1923
-1859
-1943
-2039
-1853
-1750
-1922
-1941
-1708
-1716
-1853
-1678
-1473
-1650
-1672
-1455
-1614
-1693
-1286
-1272
-1502
-1553
-1419
-1217
-1136
-1090
-1167
-1345
-1245
-827
-818
-1016
-984
-712
-442
-628
-880
-441
-158
47
190
-43
25
757
1089
848
911
1223
1677
1788
1523
1666
2236
2353
2279
2189
2033
2359
2820
2648
2435
2424
2627
2834
2550
2422
2648
2530
2362
2378
2114
2069
2221
2109
1854
1548
1389
1499
1389
1128
942
672
462
542
408
85
-137
-237
-338
-622
-956
-953
-835
-1074
-1341
-1503
-1696
-1633
-1549
-1728
-1910
-2024
-1849
-1799
-2175
-2114
-1846
-2014
-2050
-1937
-2062
-2084
-1822
-1784
-1932
-1963
-1824
-1708
-1704
-1723
-1635
-1532
-1511
-1407
-1334
-1432
-1506
-1317
-1051
-1025
-996
-1157
-1312
-1016
-648
-760
-929
-764
-606
-508
-545
-524
-309
-66
119
22
-119
401
870
845
845
1038
1297
1594
1597
1574
1932
2088
2113
2187
2018
2072
2692
2671
2332
2370
2430
2572
2595
2405
2431
2418
2219
2259
2222
2012
2139
2143
1820
1613
1537
1490
1437
1339
1185
970
614
531
598
371
116
26
-159
-378
-529
-617
-685
-798
-928
-1196
-1473
-1487
-1364
-1393
-1627
-1759
-1750
-1776
-1826
-1861
-1879
-1805
-1757
-1897
-1948
-1790
-1739
-1730
-1694
-1821
-1774
-1556
-1588
-1726
-1484
-1554
-1672
-1411
-1396
-1600
-1407
-1350
-1441
-1304
-1208
-1221
-1199
-1309
-1225
-996
-935
-887
-868
-843
-891
-719
-563
-426
-297
-182
-33
52
235
613
773
739
920
1311
1370
1342
1545
1955
2057
1958
2024
1949
2157
2557
2528
2288
2236
2456
2667
2407
2288
2561
2521
2239
2188
2184
2182
2260
2165
1931
1703
1622
1684
1538
1267
1204
1035
656
535
554
362
136
-32
-152
-370
-656
-699
-640
-763
-977
-1180
-1397
-1405
-1333
-1440
-1654
-1683
-1610
-1649
-1835
-1875
-1551
-1589
-1859
-1702
-1716
-1781
-1567
-1567
-1572
-1636
-1638
-1388
-1619
-1677
-1265
-1398
-1691
-1311
-1247
-1462
-1198
-1060
-1314
-1328
-1119
-1065
-911
-936
-1129
-1130
-844
-732
-711
-645
-623
-559
-448
-517
-493
-164
124
33
-33
176
495
705
780
841
906
1131
1338
1441
1471
1628
1725
1745
1839
1898
2010
2144
2058
2078
2135
2085
2149
2327
2255
2124
2121
2150
2166
2084
2002
1929
1816
1745
1702
1424
1227
1296
1217
913
735
628
506
348
267
157
-52
-156
-182
-365
-563
-650
-689
-817
-992
-1108
-1161
-1284
-1252
-1200
-1454
-1559
-1474
-1577
-1546
-1391
-1614
-1732
-1519
-1665
-1766
-1554
-1773
-1702
-1446
-1713
-1789
-1478
-1489
-1462
-1404
-1573
-1503
-1387
-1347
-1198
-1201
-1319
-1214
-1009
-870
-825
-842
-887
-892
-720
-532
-645
-589
-249
-297
-559
-375
-29
68
125
178
231
337
549
651
648
804
1069
1146
1050
1273
1491
1528
1600
1674
1646
1692
1884
1923
1952
2090
2046
1992
2091
2162
2139
2115
2046
1967
1953
1872
1779
1797
1780
1565
1363
1184
1175
1151
1001
804
607
457
321
205
111
56
-96
-260
-477
-641
-635
-622
-812
-937
-994
-1143
-1353
-1282
-1253
-1308
-1371
-1517
-1488
-1484
-1632
-1570
-1311
-1493
-1846
-1613
-1260
-1705
-1639
-1252
-1585
-1678
-1212
-1347
-1598
-1276
-1081
-1215
-1286
-998
-922
-1117
-973
-757
-901
-814
-702
-579
-385
-566
-671
-387
-318
-248
-161
-227
-138
110
129
-20
-10
224
476
395
398
491
563
774
806
755
927
1086
1030
1058
1203
1203
1254
1352
1452
1412
1369
1505
1557
1548
1601
1549
1467
1680
1745
1604
1562
1457
1498
1582
1391
1286
1316
1181
1104
1004
811
805
798
653
514
321
318
311
89
-85
-112
-182
-222
-298
-550
-601
-580
-740
-837
-945
-1049
-970
-1013
-1178
-1118
-1194
-1369
-1262
-1125
-1356
-1432
-1345
-1377
-1293
-1233
-1396
-1471
-1277
-1178
-1147
-1298
-1309
-1171
-1047
-1067
-1198
-1073
-778
-867
-845
-808
-717
-570
-502
-493
-484
-482
-306
-255
-354
-87
-97
-245
-120
32
67
177
120
177
309
366
300
305
433
580
566
495
573
698
820
876
813
797
969
1060
1030
971
979
1053
1166
1032
983
1104
1224
1190
1093
1090
1062
998
1142
1144
943
916
974
878
820
804
747
740
668
673
558
429
485
547
480
338
269
289
289
183
69
109
-10
-90
-195
-278
-244
-329
-505
-532
-609
-601
-652
-1017
-887
-583
-1056
-1300
-870
-924
-1313
-1267
-935
-1162
-1368
-1107
-1149
-1267
-986
-1131
-1329
-1058
-920
-970
-1051
-923
-800
-974
-944
-678
-520
-569
-777
-604
-237
-251
-538
-551
-169
142
-143
-319
-113
95
170
81
-26
68
314
412
315
247
360
469
483
439
509
522
505
646
728
670
606
624
747
832
717
612
689
832
835
657
603
760
828
764
743
753
808
849
813
672
646
778
758
667
599
635
663
651
576
594
594
547
529
498
432
378
459
433
291
244
209
167
193
6
-122
-70
-141
-233
-176
-456
-583
-402
-561
-748
-681
-865
-970
-661
-740
-1118
-1059
-945
-1047
-898
-809
-1178
-1325
-820
-605
-1057
-1091
-785
-823
-738
-675
-895
-860
-563
-421
-485
-630
-365
-225
-480
-335
-21
-269
-490
-200
75
-13
-188
-182
-20
92
166
78
-104
167
442
269
53
216
425
455
304
261
378
396
463
441
396
394
372
427
440
381
345
344
376
387
306
266
331
259
284
345
241
310
389
370
372
380
385
455
473
458
517
595
612
576
568
571
683
743
620
552
708
705
655
673
539
485
594
490
310
374
410
259
219
183
57
112
-55
-165
-40
-297
-531
-116
-280
-698
-502
-470
-610
-526
-670
-894
-725
-556
-726
-822
-751
-754
-824
-820
-827
-875
-785
-785
-820
-707
-702
-809
-712
-596
-602
-557
-617
-656
-374
-357
-593
-502
-245
-281
-277
-204
-259
-153
-24
-142
-125
54
26
25
81
47
138
299
101
106
376
341
117
108
191
231
217
181
199
291
262
144
144
227
302
211
182
184
240
307
247
133
217
410
399
299
337
491
518
464
554
542
464
636
638
554
710
746
630
701
721
690
762
756
710
703
746
727
683
656
619
553
583
611
572
500
298
301
496
296
35
21
80
121
26
-326
-472
-138
-108
-511
-684
-636
-580
-458
-728
-1069
-943
-697
-742
-984
-1172
-1042
-892
-942
-1014
-1006
-1039
-1166
-841
-709
-1057
-1093
-767
-770
-791
-656
-806
-810
-468
-413
-615
-654
-480
-319
-304
-478
-418
-202
-228
-259
-217
-185
-162
-17
67
31
-112
-63
232
268
127
223
208
234
492
529
223
311
656
711
538
482
554
682
827
734
622
616
724
779
819
777
587
638
819
808
741
648
640
770
908
722
406
556
1008
853
372
504
865
759
445
405
489
539
631
459
180
421
627
331
112
246
346
250
24
9
112
31
-64
-117
-67
-139
-399
-388
-201
-387
-568
-598
-644
-548
-467
-749
-1032
-859
-470
-641
-1160
-994
-770
-849
-828
-981
-1158
-938
-791
-984
-1202
-949
-716
-1018
-1065
-762
-849
-921
-687
-726
-788
-656
-641
-651
-430
-433
-554
-366
-303
-274
-80
-222
-293
45
185
9
-20
264
380
243
388
439
285
649
825
432
521
819
697
655
812
721
701
920
867
705
841
969
782
841
945
713
742
889
801
793
707
424
642
883
642
665
699
518
590
687
381
219
471
493
317
384
378
258
305
302
216
91
187
275
73
39
54
-153
-63
38
-401
-387
-18
-305
-561
-352
-445
-631
-423
-402
-834
-843
-489
-543
-774
-771
-772
-846
-769
-639
-837
-932
-750
-704
-745
-798
-869
-780
-644
-663
-714
-779
-689
-621
-624
-625
-627
-623
-465
-402
-576
-465
-317
-380
-332
-203
-236
-171
-127
-146
-70
66
42
1
83
205
267
216
254
384
516
530
480
510
617
713
641
570
772
858
754
711
817
864
834
826
797
780
859
825
679
844
927
748
701
734
791
730
587
593
641
582
550
511
481
525
431
312
333
307
258
214
82
128
110
-24
-92
-135
-181
-193
-255
-336
-375
-356
-383
-513
-545
-563
-546
-521
-594
-682
-681
-675
-678
-719
-729
-803
-893
-800
-744
-847
-887
-854
-802
-768
-777
-832
-817
-708
-627
-680
-732
-666
-586
-527
-534
-520
-519
-448
-338
-315
-318
-334
-255
-20
41
-129
-82
116
188
99
86
129
137
288
398
216
188
445
486
425
479
503
460
550
705
735
596
576
711
758
728
678
688
749
823
771
705
699
759
807
763
742
742
779
742
665
706
669
598
617
606
501
437
418
397
319
263
303
168
129
75
-44
-45
-21
-95
-170
-278
-345
-285
-348
-431
-441
-477
-483
-459
-597
-630
-584
-628
-702
-730
-785
-801
-714
-755
-803
-755
-715
-729
-738
-764
-773
-725
-709
-694
-659
-664
-643
-588
-550
-528
-504
-506
-446
-423
-386
-310
-260
-294
-212
-116
-142
-127
-64
-14
10
83
119
159
133
153
269
282
266
279
287
323
421
432
372
458
500
485
474
525
571
588
606
620
610
614
641
582
607
679
664
602
627
670
638
633
570
500
538
566
522
458
468
435
397
414
351
290
317
267
180
159
150
142
66
-15
3
51
-31
-132
-129
-142
-199
-240
-298
-313
-323
-321
-364
-470
-500
-444
-456
-557
-530
-549
-640
-605
-577
-594
-605
-594
-563
-576
-626
-632
-552
-566
-609
-528
-537
-591
-519
-433
-509
-550
-433
-399
-394
-392
-362
-315
-243
-184
-182
-161
-174
-116
-68
-36
-37
19
70
137
214
214
189
220
316
333
338
349
364
433
479
483
489
451
447
486
477
502
452
441
504
530
427
397
462
446
462
454
402
401
456
468
434
370
382
370
323
359
348
301
270
245
252
305
287
166
165
157
176
145
99
62
47
22
-8
-86
-61
-25
-126
-131
-137
-197
-228
-202
-269
-292
-338
-397
-388
-445
-471
-422
-463
-512
-484
-522
-565
-536
-535
-527
-554
-599
-572
-586
-619
-570
-506
-535
-504
-451
-455
-379
-375
-403
-351
-288
-244
-262
-260
-207
-126
-109
-107
-72
-50
-25
-14
-6
19
60
75
161
186
206
272
293
308
330
328
361
408
457
451
441
477
430
454
432
434
461
453
463
492
449
460
490
468
439
452
435
419
430
394
392
379
399
399
319
322
320
264
256
248
196
181
234
186
140
94
62
90
120
57
-10
-42
-32
-39
-66
-148
-208
-204
-218
-274
-363
-319
-341
-387
-430
-501
-511
-498
-499
-531
-538
-524
-560
-552
-532
-496
-451
-476
-513
-466
-416
-477
-446
-388
-406
-403
-347
-366
-329
-292
-310
-270
-230
-182
-122
-143
-140
-88
-39
-56
8
29
53
64
47
109
140
161
155
189
173
245
263
234
283
322
310
315
330
363
345
343
297
309
359
375
320
323
377
382
363
389
409
349
372
362
340
399
413
343
314
295
340
373
302
283
298
275
316
321
222
203
242
205
146
112
94
87
85
11
-23
-11
-67
-133
-151
-182
-212
-182
-260
-335
-305
-332
-365
-417
-408
-423
-441
-456
-455
-443
-458
-497
-493
-493
-487
-460
-492
-478
-459
-488
-462
-463
-492
-461
-462
-464
-349
-319
-357
-357
-320
-241
-203
-185
-211
-153
-102
-93
-61
-51
-65
3
25
56
99
111
164
192
187
213
265
286
301
348
372
366
408
397
392
438
463
460
422
480
503
459
480
508
467
446
488
448
457
452
410
413
435
401
344
361
377
365
364
314
299
290
245
242
219
168
149
153
154
169
149
91
52
38
-4
-76
-58
-108
-175
-167
-215
-206
-208
-256
-328
-326
-345
-368
-397
-457
-448
-478
-513
-522
-516
-522
-546
-537
-549
-570
-558
-564
-568
-581
-585
-579
-552
-549
-559
-513
-502
-502
-462
-428
-467
-425
-340
-360
-335
-297
-285
-245
-168
-127
-131
-48
-32
5
49
81
149
197
206
240
296
304
352
380
404
427
486
511
524
519
538
537
555
570
583
602
589
597
636
635
600
572
541
550
561
513
459
480
476
429
438
424
360
389
408
322
329
310
278
275
264
208
202
212
146
119
127
60
18
47
-27
-65
-66
-106
-164
-229
-231
-185
-285
-328
-290
-336
-391
-388
-419
-486
-459
-500
-518
-496
-529
-591
-577
-546
-604
-633
-657
-658
-640
-635
-657
-652
-612
-592
-619
-619
-578
-539
-539
-518
-529
-496
-466
-434
-365
-331
-312
-288
-244
-173
-88
-69
-70
-9
33
70
118
120
168
226
284
323
332
312
364
397
413
420
448
460
478
513
509
573
602
555
561
604
581
603
581
560
605
606
608
616
576
583
612
584
565
535
518
525
539
478
417
394
359
354
360
272
231
263
196
173
175
104
66
50
28
-41
-50
-53
-120
-170
-175
-224
-238
-256
-316
-357
-397
-409
-446
-486
-498
-523
-537
-530
-592
-621
-625
-646
-632
-663
-671
-653
-662
-662
-654
-624
-626
-627
-602
-567
-574
-573
-536
-510
-461
-438
-461
-426
-377
-335
-322
-306
-278
-263
-209
-144
-146
-140
-75
-52
8
59
90
119
168
222
247
272
296
323
361
405
422
429
464
513
544
534
574
571
578
614
593
619
662
669
667
630
612
635
638
610
605
597
599
575
565
536
480
480
481
443
402
399
423
361
305
292
222
241
178
109
112
79
22
41
-9
-48
-83
-96
-135
-202
-218
-273
-310
-320
-331
-407
-467
-511
-529
-528
-581
-620
-651
-632
-645
-706
-708
-714
-685
-645
-670
-721
-681
-638
-636
-663
-679
-628
-624
-605
-557
-537
-547
-490
-454
-447
-418
-396
-382
-288
-237
-257
-197
-137
-107
-55
-30
-11
49
83
76
153
191
221
257
274
281
334
408
446
480
483
532
558
597
628
648
635
663
698
721
708
700
764
808
752
766
779
749
752
727
684
661
635
615
599
555
520
465
443
400
386
344
310
300
231
185
134
77
53
7
-21
-42
-86
-126
-172
-210
-267
-280
-314
-389
-414
-406
-448
-445
-500
-532
-522
-573
-601
-621
-664
-685
-718
-729
-743
-745
-726
-728
-732
-735
-724
-721
-704
-680
-668
-673
-648
-646
-630
-609
-598
-550
-516
-493
-479
-448
-456
-427
-365
-321
-273
-206
-190
-135
-53
1
45
91
116
151
197
241
298
320
354
392
437
470
528
563
579
614
677
708
730
789
834
828
808
814
814
815
828
831
818
836
853
811
796
815
790
744
714
652
607
553
509
464
442
403
345
322
284
247
218
162
137
99
56
-5
-86
-106
-149
-214
-255
-273
-309
-351
-415
-438
-481
-529
-554
-594
-621
-623
-631
-664
-679
-724
-725
-724
-726
-754
-785
-777
-749
-747
-783
-786
-760
-721
-717
-705
-702
-663
-643
-607
-582
-576
-545
-496
-445
-376
-367
-343
-258
-225
-180
-164
-150
-129
-53
9
43
118
134
153
204
255
238
279
319
366
414
449
491
525
525
547
554
595
611
628
656
658
694
706
677
719
758
729
753
760
747
728
719
729
734
697
659
638
598
558
542
500
457
419
361
323
336
347
268
229
190
193
136
73
59
7
-66
-123
-188
-257
-278
-312
-350
-371
-386
-421
-454
-493
-546
-585
-614
-675
-690
-701
-748
-739
-744
-718
-707
-732
-740
-713
-734
-722
-716
-705
-666
-678
-672
-656
-664
-647
-638
-607
-555
-524
-451
-410
-368
-327
-276
-245
-229
-185
-169
-147
-117
-101
-33
17
49
113
200
251
283
313
357
404
438
461
497
512
544
547
534
559
579
633
656
672
684
733
726
754
756
729
735
727
719
669
642
624
627
617
589
543
515
503
481
464
421
400
377
349
318
249
196
171
108
73
55
15
-8
-73
-128
-129
-178
-224
-274
-315
-327
-366
-416
-444
-434
-468
-509
-534
-545
-551
-537
-567
-584
-565
-584
-647
-637
-618
-615
-611
-610
-582
-565
-559
-528
-502
-506
-478
-463
-489
-517
-470
-431
-401
-362
-331
-286
-249
-214
-173
-150
-124
-113
-86
-73
-70
-72
-72
-20
19
47
79
133
214
250
273
296
311
330
343
343
364
392
398
400
439
462
484
486
531
600
608
623
652
660
660
625
596
555
518
517
471
474
461
456
484
504
488
472
441
426
387
324
250
200
180
143
105
49
29
-7
-20
-65
-87
-79
-133
-203
-232
-263
-284
-325
-354
-401
-440
-457
-476
-469
-458
-453
-474
-513
-540
-536
-541
-520
-519
-522
-524
-521
-529
-504
-467
-446
-448
-443
-453
-423
-419
-414
-366
-334
-308
-266
-220
-221
-186
-190
-152
-108
-93
-44
-57
-45
4
31
61
72
101
118
165
161
198
254
252
261
278
320
312
303
333
371
360
358
361
370
402
436
443
422
444
444
463
490
469
466
436
384
342
339
315
299
292
289
310
290
274
267
231
208
195
138
105
62
25
12
-1
-24
-59
-62
-72
-61
-70
-58
-91
-157
-196
-230
-238
-277
-292
-292
-331
-359
-363
-367
-374
-367
-365
-355
-371
-378
-366
-380
-387
-356
-326
-303
-306
-285
-279
-282
-277
-296
-298
-287
-242
-216
-208
-174
-175
-178
-139
-92
-90
-50
-18
-13
8
5
27
30
68
72
76
86
127
167
195
204
200
225
246
260
210
196
222
240
262
291
290
321
320
299
310
318
287
293
311
285
297
295
311
296
285
277
262
241
226
195
176
152
136
143
124
97
79
77
46
23
5
-22
-53
-76
-106
-135
-146
-146
-132
-184
-224
-178
-168
-184
-187
-221
-234
-237
-262
-287
-299
-295
-302
-309
-289
-278
-264
-260
-255
-241
-258
-233
-234
-253
-235
-231
-244
-226
-180
-167
-149
-141
-125
-78
-61
-62
-75
-56
-12
7
-10
21
46
57
78
100
134
143
124
103
135
141
140
153
161
189
204
224
220
236
232
217
223
199
189
200
228
250
246
260
253
235
254
235
229
213
164
137
116
117
96
71
64
54
34
54
85
85
77
62
-4
-45
-54
-79
-91
-84
-88
-97
-96
-107
-104
-118
-117
-105
-111
-137
-152
-149
-150
-167
-159
-165
-198
-173
-185
-166
-187
-194
-174
-173
-164
-151
-157
-127
-77
-114
-115
-101
-104
-106
-107
-112
-73
-73
-66
-58
-43
-21
-12
18
7
-13
19
36
20
19
20
23
25
38
44
70
102
109
99
95
83
102
122
148
131
138
161
172
156
137
129
115
122
155
165
159
144
166
148
116
111
87
84
69
51
32
50
59
51
59
65
53
50
31
1
-14
-42
-46
-15
-45
-36
-31
-61
-56
-56
-82
-121
-129
-163
-166
-167
-161
-154
-164
-149
-156
-152
-147
-122
-122
-142
-146
-146
-132
-110
-121
-134
-118
-87
-62
-47
-35
-35
-21
-25
-29
-33
-28
-35
-66
-57
-34
-18
3
38
43
56
70
72
79
94
108
107
111
117
107
95
126
144
139
155
166
157
158
156
154
125
129
131
120
122
105
104
94
97
98
94
80
92
83
56
53
53
48
57
52
37
32
17
2
-27
-41
-47
-35
-33
-46
-37
-42
-32
-5
-29
-59
-66
-56
-83
-94
-94
-123
-146
-146
-195
-198
-180
-161
-133
-139
-123
-146
-166
-164
-167
-192
-172
-148
-156
-171
-165
-163
-136
-113
-95
-70
-76
-39
-4
-27
-28
-37
-37
-26
-33
0
4
9
10
29
63
87
88
108
140
115
139
144
160
170
180
199
170
153
156
147
154
149
127
134
147
163
155
140
128
140
110
97
78
78
77
57
61
41
28
30
51
52
75
82
75
110
104
70
52
28
13
-6
11
8
