-15
-7
7
7
-3
-4
-13
-23
-21
-39
-36
-18
-16
2
22
24
23
17
30
8
-1
-4
15
6
0
1
0
9
18
12
-1
-1
-7
13
4
10
6
12
1
-12
-10
-11
3
10
18
3
17
5
-2
0
3
1
9
19
15
15
7
5
-6
-3
-9
-7
-9
-3
5
8
8
1
-3
7
4
4
-7
-1
0
-10
-9
-2
6
1
-8
-9
-22
-16
-2
-3
-3
11
21
4
-2
9
17
14
23
16
7
-2
0
-1
-10
5
4
-11
-5
-10
-22
-16
-27
-26
-1
-23
-21
-12
-16
-3
-24
-14
2
-22
-13
-9
-10
6
12
21
28
24
2
-6
-6
-19
-21
-24
-14
-21
-6
-5
-18
-8
-7
-13
-18
-1
1
-3
6
10
6
17
23
7
0
2
6
-1
17
30
17
9
3
34
43
40
34
23
30
29
5
-8
-8
-8
-2
1
1
16
-2
5
9
5
2
-4
7
-10
-18
-18
-11
-4
-10
-2
-1
-6
-1
7
12
3
11
1
-8
6
-2
8
4
-6
-5
-12
9
2
1
5
2
8
0
-4
-4
0
2
6
5
6
1
4
12
2
13
13
-9
-12
-20
-21
-26
-21
-4
-5
-9
-7
-3
-17
2
-4
-12
17
14
11
-9
-11
-12
-26
-19
-17
-19
-15
-3
-16
-6
-3
-7
-2
5
7
-7
0
4
-4
-9
-20
-2
2
-1
5
13
14
2
4
-12
-17
-10
-12
-18
-13
2
-3
8
3
-5
-5
-21
-24
-17
-12
-36
-16
5
4
25
20
22
24
-4
0
7
0
-22
-33
4
9
17
27
17
10
14
4
8
19
6
7
14
7
12
22
2
1
15
5
12
6
9
23
26
31
31
21
19
31
29
25
16
8
6
11
27
14
9
21
24
17
7
5
1
-9
-22
-28
-21
-21
-7
-3
-1
-7
-1
-17
-8
-5
-28
-27
-27
-6
-11
-19
-23
-31
-13
-11
-12
5
10
6
12
2
-8
-25
-25
-2
-10
-7
-6
-4
-9
1
-3
-3
-3
-14
-17
-18
-36
-35
-40
-47
-41
-83
-252
-383
-398
-465
-441
-358
-418
-264
58
183
266
456
655
734
920
892
749
888
880
667
489
400
361
329
346
232
98
202
179
-22
-148
-247
-523
-763
-891
-1193
-1351
-1309
-1448
-1498
-1374
-1172
-1048
-835
-519
-371
-103
138
220
205
361
359
193
279
252
148
229
366
355
482
763
813
844
1020
1032
935
888
745
506
360
232
-112
-375
-422
-543
-567
-465
-445
-381
-131
31
59
208
309
266
239
243
156
89
140
145
85
278
475
560
723
886
973
1067
1116
990
834
691
482
200
-35
-258
-532
-672
-752
-912
-928
-863
-859
-829
-733
-740
-795
-794
-906
-1067
-1131
-1188
-1282
-1295
-1247
-1182
-1030
-798
-640
-441
-166
87
278
413
510
543
534
499
350
204
130
33
-31
-52
-29
12
107
203
322
447
533
518
477
419
346
201
46
-46
-124
-105
-67
-12
101
298
561
803
1032
1200
1341
1439
1474
1449
1357
1267
1102
971
869
790
759
731
677
637
649
611
537
463
317
97
-113
-378
-684
-910
-1134
-1276
-1383
-1421
-1357
-1314
-1269
-1209
-1123
-1041
-963
-1004
-1082
-1162
-1206
-1251
-1304
-1307
-1329
-1387
-1463
-1489
-1439
-1267
-1043
-997
-998
-827
-513
-274
-174
-142
10
358
693
813
917
1153
1441
1644
1714
1717
1814
1981
2033
1900
1744
1629
1549
1329
987
703
452
160
-366
-871
-1208
-1202
-1279
-1540
-1478
-1376
-856
-201
-105
34
466
1050
1423
1582
1674
1657
1912
2064
1804
1723
1845
1949
1969
1975
1901
1841
1906
1660
1316
1089
789
296
-380
-826
-1308
-1716
-2060
-2644
-3022
-3015
-2882
-2995
-3085
-2972
-2818
-2598
-2516
-2653
-2713
-2651
-2694
-2943
-3042
-3000
-3003
-2863
-2560
-2110
-1403
-729
-236
361
1154
1943
2400
2575
2731
2939
3127
3123
2777
2520
2534
2529
2364
2152
2133
2176
2249
2173
1910
1764
1636
1282
703
143
-274
-701
-1161
-1907
-2683
-2910
-2952
-2864
-2836
-2745
-2165
-1277
-373
174
550
1212
1931
2396
2625
2566
2573
2749
2744
2572
2297
2291
2338
2337
2332
2287
2371
2344
2166
1768
1509
1199
573
-131
-898
-1420
-1868
-2348
-2962
-3457
-3475
-3387
-3278
-3263
-3154
-2827
-2530
-2210
-2240
-2287
-2217
-2362
-2688
-3130
-3311
-3407
-3501
-3505
-3569
-3251
-2610
-1937
-1256
-572
245
1055
1826
2418
2726
3025
3216
3280
3164
3034
3009
2838
2766
2695
2738
2878
2885
2928
2921
2928
2799
2366
1882
1273
662
25
-667
-1434
-2292
-3223
-3836
-3766
-3752
-3603
-3286
-3091
-1862
-487
220
723
1109
1976
2672
3084
3049
2512
2742
2929
2574
2349
2216
2327
2525
2785
2861
2808
3083
2866
2476
2120
1720
1041
0
-805
-1817
-2385
-2706
-3466
-4068
-4143
-3789
-3493
-3348
-3124
-2882
-2358
-1811
-1771
-1921
-1991
-2106
-2435
-2796
-3116
-3529
-3682
-3695
-3731
-3514
-2977
-2429
-2033
-1428
-580
267
1026
1420
1517
1807
2268
2415
2214
2009
1901
1985
2357
2527
2492
2721
3198
3571
3778
3984
3890
3758
3500
3076
2429
1840
1152
47
-1301
-2448
-2643
-2896
-3411
-3634
-3931
-3123
-1541
-1068
-844
-571
376
1594
2034
2163
1466
1598
2373
1990
1599
1438
1563
1894
2263
2679
2738
3315
3633
3404
3279
3179
2920
1735
795
-156
-1038
-1312
-2356
-3529
-4027
-3799
-3479
-3550
-3566
-3406
-2810
-2117
-1846
-2048
-2187
-1920
-2096
-2506
-2825
-3224
-3435
-3641
-3799
-3850
-3581
-2934
-2697
-2438
-1843
-1215
-543
-288
-144
58
626
1108
928
900
1060
1355
1740
1907
2020
2213
2838
3433
3565
3763
3988
4229
4214
4011
3739
3292
3006
2363
1489
940
450
-31
-722
-1319
-1612
-1620
-1448
-1529
-1665
-1417
-900
-418
-314
-270
-130
203
584
557
477
495
746
1010
1076
1330
1608
1834
2114
2282
2476
2630
2597
2319
1924
1582
1252
778
37
-707
-1243
-1565
-1865
-2424
-2776
-2815
-2766
-2641
-2705
-2740
-2617
-2499
-2381
-2421
-2548
-2603
-2689
-2739
-2840
-2936
-2972
-2977
-2956
-2827
-2556
-2256
-1952
-1728
-1460
-1121
-848
-706
-642
-435
-131
185
424
528
877
1316
1743
2063
2243
2574
3005
3430
3598
3653
3770
3837
3832
3692
3518
3350
3097
2742
2271
1853
1503
1035
370
-166
-494
-767
-1003
-1353
-1698
-1622
-1262
-1085
-1065
-1080
-807
-356
-45
97
-14
234
587
699
808
906
1105
1374
1625
1777
1912
2116
2186
2067
1840
1651
1340
867
407
-134
-624
-984
-1343
-1846
-2133
-2255
-2472
-2454
-2576
-2768
-2676
-2679
-2772
-2814
-2824
-2731
-2823
-2857
-2777
-2843
-2610
-2512
-2490
-2295
-2122
-1852
-1614
-1409
-1198
-925
-734
-639
-576
-562
-355
-145
14
259
453
721
1060
1442
1754
1941
2275
2620
2834
3034
3106
3087
3136
3136
3059
2921
2801
2647
2458
2245
1878
1531
1163
839
439
77
-83
-348
-476
-519
-628
-606
-474
-309
-165
-65
79
229
361
476
501
608
729
875
981
1107
1281
1403
1572
1647
1650
1636
1531
1269
979
641
327
-95
-524
-891
-1294
-1553
-1805
-2026
-2191
-2403
-2440
-2512
-2672
-2778
-2848
-2821
-2824
-2850
-2857
-2884
-2734
-2614
-2568
-2303
-2195
-1954
-1667
-1515
-1266
-1128
-937
-744
-640
-485
-509
-512
-579
-652
-559
-520
-366
-251
-27
367
668
964
1266
1583
1946
2225
2452
2595
2668
2715
2671
2624
2503
2432
2423
2392
2345
2162
2077
2009
1856
1718
1513
1269
1076
950
818
602
389
233
130
163
153
168
205
251
373
502
671
744
803
870
965
1041
1058
1024
896
796
778
593
348
124
-163
-379
-630
-841
-1059
-1344
-1478
-1558
-1720
-1789
-1866
-2056
-2074
-2210
-2355
-2424
-2638
-2733
-2781
-2821
-2751
-2767
-2554
-2328
-2295
-2245
-2288
-1861
-1496
-1418
-1263
-1363
-1072
-532
-495
-395
-507
-375
-44
70
202
-54
96
349
432
719
815
1092
1321
1447
1686
1771
2048
2029
1913
1900
1782
1937
1752
1482
1370
1310
1554
1531
1400
1345
1380
1732
1876
1815
1717
1703
1858
1868
1760
1543
1374
1383
1267
1233
1119
987
1028
1007
1035
961
923
832
698
617
471
300
-22
-344
-605
-853
-1019
-1372
-1619
-1760
-1830
-1629
-1574
-1542
-1420
-1376
-1070
-890
-933
-981
-1148
-1178
-1291
-1485
-1758
-1999
-2103
-2174
-2111
-2140
-2083
-1869
-1839
-1654
-1471
-1407
-1276
-1303
-1305
-1334
-1415
-1423
-1645
-1688
-1576
-1469
-1182
-1132
-1055
-766
-405
-84
197
445
676
1021
1325
1610
1741
1727
1860
1987
2092
2147
2087
2085
2129
2146
2200
2175
2121
2061
2100
2110
2006
1850
1547
1472
1404
1241
1039
714
554
623
630
609
495
487
686
829
990
1009
952
1064
1068
947
904
738
534
377
185
-27
-160
-381
-552
-602
-727
-648
-692
-755
-712
-745
-665
-630
-786
-924
-1033
-1179
-1286
-1447
-1656
-1812
-1869
-1931
-2059
-2101
-2194
-2237
-2130
-2023
-1993
-1850
-1784
-1759
-1625
-1553
-1535
-1538
-1514
-1537
-1453
-1360
-1384
-1332
-1196
-967
-625
-403
-193
8
232
431
534
611
627
670
744
799
880
945
1075
1215
1357
1559
1799
1945
2009
2100
2221
2250
2086
1946
1877
1850
1767
1639
1358
1295
1386
1238
1120
948
957
1049
1038
1030
839
863
962
909
872
727
724
729
678
616
511
513
449
338
300
296
330
232
160
80
76
116
-32
-205
-416
-529
-520
-692
-901
-1183
-1344
-1230
-1311
-1380
-1450
-1545
-1578
-1611
-1585
-1694
-1869
-2000
-2131
-2101
-2198
-2277
-2361
-2426
-2248
-2140
-1959
-1862
-1726
-1505
-1243
-997
-975
-851
-692
-556
-372
-284
-85
77
151
253
281
488
603
608
723
835
1070
1238
1389
1468
1482
1563
1604
1588
1394
1178
1010
904
803
657
436
342
397
562
576
560
559
580
843
925
880
798
852
1016
1113
1146
1130
1199
1341
1481
1622
1676
1756
1841
1884
1927
1838
1776
1642
1413
1260
1062
856
523
180
-35
-216
-365
-560
-789
-974
-980
-975
-1023
-1119
-1193
-1240
-1242
-1202
-1349
-1463
-1572
-1679
-1747
-1875
-1998
-2060
-2064
-2063
-2019
-1891
-1878
-1742
-1615
-1556
-1322
-1397
-1320
-1126
-1213
-1021
-1123
-1221
-990
-1002
-796
-707
-665
-277
12
366
540
697
1009
1029
1185
1106
849
927
707
591
425
110
162
12
-55
-190
-337
-180
-234
-163
-285
-506
-415
-395
-385
-452
-498
-358
-150
128
296
531
853
1194
1612
1960
2287
2583
2845
3139
3243
3350
3417
3346
3300
3154
2962
2770
2494
2237
1955
1715
1421
1167
873
526
330
64
-235
-567
-819
-1082
-1369
-1588
-1802
-1973
-2074
-2145
-2193
-2201
-2153
-2053
-1930
-1790
-1674
-1460
-1267
-1168
-1127
-1133
-1126
-1138
-1198
-1310
-1430
-1467
-1429
-1532
-1558
-1462
-1421
-1284
-1135
-1137
-983
-803
-740
-704
-780
-760
-744
-712
-731
-808
-689
-605
-514
-369
-316
-154
5
172
182
119
205
224
255
125
-43
-84
-98
-149
-339
-468
-537
-487
-300
-210
-103
83
361
760
1055
1255
1429
1638
2008
2174
2324
2456
2463
2633
2724
2869
3002
3044
3170
3217
3332
3338
3270
3184
2936
2710
2368
2000
1530
963
508
92
-259
-640
-1016
-1242
-1384
-1410
-1430
-1475
-1509
-1531
-1468
-1426
-1502
-1539
-1598
-1569
-1524
-1518
-1489
-1504
-1430
-1399
-1271
-1119
-1134
-1158
-1166
-1160
-1115
-1167
-1367
-1516
-1594
-1673
-1764
-1939
-2103
-2128
-2109
-1954
-2013
-1961
-1728
-1686
-1390
-1292
-1240
-926
-825
-565
-402
-262
36
97
336
347
327
520
500
579
590
589
719
829
933
816
717
623
591
642
433
181
-9
-42
-34
-136
-169
-171
-29
359
662
864
1124
1492
1829
2147
2365
2491
2758
2917
3039
3092
3114
3245
3185
3134
3036
2926
2904
2716
2447
2167
1933
1675
1312
907
459
177
-91
-469
-806
-1175
-1362
-1512
-1660
-1820
-1935
-1887
-1866
-1841
-1854
-1892
-1779
-1709
-1683
-1599
-1581
-1454
-1387
-1403
-1309
-1296
-1295
-1326
-1375
-1408
-1435
-1410
-1463
-1600
-1612
-1610
-1624
-1575
-1605
-1618
-1473
-1422
-1373
-1318
-1315
-1229
-1139
-1065
-1062
-1011
-823
-640
-496
-446
-347
-235
-86
38
19
36
12
144
294
298
330
334
374
436
508
538
435
417
459
541
607
563
565
656
841
1038
1178
1372
1459
1687
2042
2209
2460
2626
2738
2944
3113
3239
3221
3167
3178
3167
3163
2945
2674
2478
2256
2078
1761
1383
994
677
402
19
-395
-774
-1103
-1384
-1679
-1872
-2049
-2177
-2242
-2257
-2168
-2153
-2066
-2011
-1923
-1685
-1475
-1344
-1304
-1210
-1046
-909
-811
-907
-995
-885
-886
-888
-952
-1127
-1126
-1131
-1170
-1247
-1316
-1309
-1309
-1260
-1298
-1328
-1326
-1480
-1471
-1454
-1545
-1494
-1516
-1444
-1287
-1097
-1007
-1012
-880
-789
-643
-519
-584
-489
-279
-125
71
141
216
354
517
678
753
855
938
1020
1215
1343
1504
1585
1685
1826
1957
2139
2161
2139
2220
2241
2287
2319
2198
2183
2264
2213
2283
2362
2249
2263
2265
2190
2115
1937
1748
1475
1274
1047
692
424
152
-88
-211
-359
-522
-651
-735
-774
-781
-828
-938
-977
-1014
-1079
-1142
-1200
-1189
-1202
-1141
-1093
-1059
-914
-861
-837
-728
-694
-683
-728
-830
-942
-988
-1068
-1302
-1452
-1545
-1675
-1688
-1737
-1785
-1731
-1732
-1637
-1588
-1521
-1501
-1500
-1409
-1474
-1450
-1382
-1370
-1287
-1262
-1271
-1288
-1273
-1147
-1178
-1130
-1057
-918
-614
-472
-263
-70
201
488
687
943
1096
1263
1466
1564
1757
1892
2015
2110
2197
2421
2527
2606
2524
2443
2513
2516
2439
2200
1993
1891
1797
1699
1412
1204
1105
1010
1015
891
714
667
602
582
464
329
247
156
165
115
86
121
131
162
240
339
341
320
315
257
314
285
128
6
-82
-199
-295
-402
-569
-717
-802
-898
-1038
-1172
-1302
-1444
-1659
-1817
-1948
-2073
-2210
-2367
-2415
-2342
-2294
-2254
-2209
-2107
-1815
-1637
-1516
-1418
-1370
-1162
-1087
-1092
-1082
-1077
-885
-875
-914
-1001
-1049
-886
-899
-870
-836
-694
-434
-298
-64
57
254
507
638
821
864
1018
1205
1222
1323
1376
1499
1651
1748
1885
1988
2166
2197
2139
2064
1949
1920
1746
1505
1281
1047
1008
972
866
784
782
933
1084
1181
1214
1253
1375
1392
1342
1223
1136
1094
1014
962
908
880
875
868
828
852
847
745
559
353
127
-56
-312
-609
-886
-1143
-1261
-1425
-1588
-1705
-1807
-1842
-1878
-1953
-2028
-2085
-2147
-2162
-2154
-2167
-2123
-2137
-2042
-1914
-1782
-1602
-1465
-1327
-1140
-938
-825
-757
-680
-669
-549
-486
-498
-487
-592
-659
-780
-825
-892
-1089
-1141
-1217
-1203
-1062
-1000
-864
-766
-512
-261
-18
217
356
626
874
1072
1313
1457
1615
1838
2063
2233
2324
2409
2394
2385
2421
2340
2118
1844
1560
1417
1367
1227
1093
948
955
1195
1369
1424
1347
1330
1525
1647
1592
1379
1184
1241
1240
1073
906
741
800
856
794
762
703
621
465
264
-31
-245
-555
-918
-1209
-1494
-1642
-1826
-2079
-2187
-2169
-2089
-1988
-2024
-2069
-1946
-1856
-1832
-1885
-2020
-1985
-1817
-1784
-1749
-1727
-1624
-1332
-1163
-994
-852
-767
-525
-473
-468
-412
-503
-517
-606
-764
-914
-1159
-1340
-1508
-1666
-1680
-1632
-1552
-1417
-1274
-1058
-775
-502
-274
-20
288
604
866
1025
1283
1545
1727
1975
2174
2413
2695
2908
3022
3038
3058
3067
2893
2598
2319
2047
1764
1417
1014
741
683
592
497
428
537
764
961
1021
1011
1122
1278
1314
1214
1105
1008
990
963
837
686
608
623
611
516
409
353
304
144
-126
-409
-653
-935
-1257
-1592
-1879
-2063
-2239
-2428
-2527
-2535
-2511
-2504
-2421
-2359
-2253
-1998
-1949
-1944
-1754
-1682
-1561
-1404
-1407
-1332
-1132
-951
-917
-865
-826
-767
-623
-616
-625
-613
-642
-755
-920
-1050
-1305
-1441
-1502
-1569
-1499
-1426
-1318
-1080
-801
-525
-227
160
473
801
1192
1463
1788
2092
2323
2512
2719
2884
3020
3105
3162
3150
3119
3013
2746
2529
2250
1860
1494
1171
892
680
524
341
261
354
425
557
638
643
840
1030
1077
988
908
955
920
883
822
722
796
895
859
789
746
684
502
282
-30
-359
-660
-1036
-1420
-1751
-1998
-2209
-2360
-2485
-2609
-2541
-2493
-2437
-2313
-2287
-2176
-2068
-2006
-1902
-1809
-1735
-1686
-1576
-1442
-1296
-1089
-1021
-871
-694
-580
-434
-420
-368
-409
-444
-489
-749
-1005
-1301
-1632
-1807
-1923
-1931
-1923
-1905
-1719
-1377
-996
-640
-351
4
520
1017
1418
1679
1987
2365
2682
2953
3072
3237
3373
3522
3624
3568
3554
3411
3220
2927
2601
2276
1842
1407
895
526
197
-117
-342
-592
-605
-492
-411
-227
-90
131
442
586
793
927
1001
1091
1142
1219
1229
1178
1179
1140
1077
1012
883
652
435
198
-134
-431
-852
-1216
-1509
-1822
-2055
-2303
-2486
-2661
-2767
-2771
-2764
-2780
-2731
-2676
-2578
-2374
-2248
-2098
-1913
-1700
-1492
-1300
-1179
-1036
-886
-750
-648
-623
-594
-651
-605
-698
-873
-972
-1251
-1422
-1679
-1888
-1862
-1915
-1822
-1813
-1659
-1271
-943
-559
-293
-5
522
1017
1435
1713
2019
2438
2801
3161
3349
3553
3828
4052
4183
4127
4092
3985
3713
3372
2857
2379
1869
1313
837
291
-69
-295
-541
-684
-765
-648
-472
-317
-135
-12
220
393
445
531
533
559
616
623
621
680
822
907
928
921
881
861
742
440
46
-342
-680
-1094
-1521
-1880
-2205
-2359
-2435
-2558
-2569
-2502
-2460
-2377
-2211
-2164
-2094
-1917
-1965
-1923
-1723
-1785
-1656
-1608
-1694
-1482
-1429
-1302
-1328
-1163
-965
-1007
-788
-908
-1011
-955
-1239
-1538
-1903
-2030
-2032
-2009
-1955
-2054
-1665
-1187
-711
-215
4
619
1293
1877
2309
2471
2883
3186
3503
3731
3778
3912
4095
4210
4177
4068
4034
3851
3568
3083
2516
2143
1566
967
345
-246
-542
-868
-1205
-1493
-1605
-1384
-1184
-1054
-918
-636
-237
105
320
388
600
903
1105
1219
1180
1304
1482
1547
1507
1380
1313
1210
984
747
409
40
-319
-695
-1130
-1490
-1713
-2013
-2276
-2487
-2687
-2702
-2813
-2946
-2987
-2999
-2841
-2792
-2751
-2639
-2540
-2265
-2036
-1980
-1724
-1607
-1483
-1239
-1256
-1102
-979
-1021
-1017
-1140
-1131
-1152
-1346
-1536
-1773
-1608
-1332
-1254
-1160
-1058
-653
-78
421
597
778
1297
1793
2263
2500
2526
2857
3166
3410
3576
3558
3760
3916
3983
3934
3765
3678
3453
3056
2537
2039
1560
950
304
-413
-836
-990
-1262
-1481
-1644
-1506
-1086
-797
-588
-388
-1
497
803
960
961
1092
1375
1472
1472
1502
1616
1802
1924
1864
1692
1673
1533
1208
880
401
1
-475
-1085
-1639
-2142
-2436
-2821
-3187
-3343
-3450
-3403
-3361
-3415
-3409
-3234
-3019
-2893
-2848
-2796
-2626
-2348
-2118
-2042
-1877
-1646
-1453
-1164
-980
-858
-613
-594
-648
-602
-656
-780
-1071
-1406
-1457
-1405
-1235
-1241
-1338
-1085
-660
-112
319
444
814
1467
2040
2443
2591
2726
3106
3516
3705
3719
3757
3918
4059
4036
3857
3712
3521
3283
2821
2224
1756
1221
598
-72
-667
-1007
-1153
-1373
-1598
-1604
-1345
-986
-665
-456
-203
256
732
1043
1133
1190
1401
1634
1826
1743
1674
1833
1894
1979
1926
1737
1667
1486
1106
695
224
-309
-871
-1444
-1976
-2441
-2817
-3230
-3589
-3703
-3744
-3695
-3673
-3699
-3516
-3281
-2999
-2900
-2894
-2669
-2413
-2108
-1891
-1830
-1631
-1366
-1098
-927
-812
-595
-499
-352
-364
-384
-299
-541
-793
-1103
-1179
-1019
-1062
-1096
-1258
-1097
-550
-205
34
107
493
1216
1712
2022
2076
2400
2830
3184
3430
3373
3558
3767
3836
3866
3689
3651
3447
3124
2814
2292
1911
1486
933
294
-220
-406
-623
-856
-1122
-1134
-784
-512
-292
-157
66
536
918
1104
1154
1183
1426
1618
1641
1656
1650
1799
1939
1925
1787
1665
1457
1209
909
374
-88
-632
-1254
-1811
-2282
-2623
-2980
-3346
-3542
-3696
-3638
-3550
-3648
-3578
-3485
-3255
-3003
-2935
-2864
-2647
-2429
-2145
-1829
-1711
-1474
-1229
-1065
-787
-713
-567
-504
-670
-609
-669
-882
-1226
-1710
-1793
-1694
-1647
-1671
-1812
-1618
-1083
-532
-223
-83
254
922
1593
1974
2166
2403
2786
3302
3633
3744
3938
4125
4357
4431
4357
4324
4155
3824
3385
2900
2394
1804
1121
398
-224
-620
-948
-1286
-1575
-1645
-1419
-1175
-866
-671
-380
141
565
915
1134
1235
1493
1769
1918
1980
1963
2019
2133
2233
2197
2082
1926
1685
1397
1034
580
2
-627
-1227
-1755
-2229
-2742
-3258
-3645
-3868
-3923
-3887
-3946
-3953
-3761
-3469
-3225
-3018
-2954
-2767
-2369
-2136
-1929
-1761
-1623
-1329
-1145
-1046
-919
-764
-611
-745
-862
-868
-957
-1131
-1501
-1872
-1850
-1691
-1678
-1797
-1873
-1546
-909
-456
-342
-154
360
1064
1701
1948
2119
2550
3104
3546
3699
3823
4075
4313
4521
4447
4348
4288
4070
3702
3156
2637
2102
1464
770
-7
-508
-751
-1119
-1419
-1615
-1612
-1268
-920
-746
-513
-122
396
786
1032
1168
1293
1685
1957
1977
2115
2223
2335
2534
2471
2399
2304
2081
1793
1421
908
300
-272
-953
-1580
-2118
-2620
-3060
-3485
-3752
-3832
-3842
-3773
-3764
-3774
-3548
-3320
-3105
-2914
-2795
-2636
-2392
-2125
-1937
-1795
-1601
-1410
-1230
-975
-849
-724
-631
-698
-660
-625
-764
-1040
-1468
-1743
-1780
-1682
-1719
-2004
-1969
-1635
-1125
-663
-540
-301
256
948
1593
1875
2108
2474
2979
3386
3525
3691
3874
4106
4204
4196
4216
4120
3959
3613
3165
2785
2252
1659
958
273
-151
-547
-918
-1295
-1506
-1453
-1249
-1006
-831
-572
-108
371
761
1011
1228
1532
1774
2028
2110
2139
2266
2309
2398
2428
2382
2252
2037
1756
1404
986
424
-192
-817
-1430
-1939
-2455
-2969
-3366
-3666
-3747
-3766
-3827
-3834
-3738
-3523
-3293
-3050
-2985
-2840
-2585
-2429
-2118
-1977
-1907
-1590
-1460
-1240
-1033
-999
-677
-582
-604
-597
-650
-609
-882
-1315
-1618
-1697
-1634
-1661
-1797
-1850
-1504
-1067
-680
-428
-334
266
910
1370
1759
1892
2251
2678
2938
3157
3335
3560
3804
3942
3990
3998
3994
3819
3507
3116
2688
2232
1590
962
314
-175
-466
-853
-1137
-1275
-1245
-948
-672
-483
-173
221
634
955
1161
1249
1407
1651
1766
1833
1877
1968
2087
2199
2264
2205
2140
1995
1752
1433
980
465
-173
-800
-1407
-1937
-2411
-2877
-3322
-3516
-3576
-3617
-3535
-3558
-3463
-3144
-2908
-2778
-2572
-2567
-2388
-2083
-2040
-1852
-1693
-1568
-1296
-1106
-930
-675
-557
-398
-358
-444
-399
-535
-828
-1265
-1797
-1832
-1846
-2038
-2212
-2377
-2118
-1632
-1153
-911
-663
-147
474
1096
1436
1687
2022
2393
2808
3000
3208
3425
3610
3874
3991
4057
4111
4045
3755
3390
3060
2615
2022
1348
643
105
-297
-694
-1083
-1403
-1422
-1264
-1071
-877
-734
-339
116
465
767
944
1126
1403
1598
1703
1785
1870
1984
2082
2155
2236
2181
2021
1842
1570
1223
800
219
-381
-959
-1478
-1902
-2410
-2866
-3155
-3312
-3324
-3357
-3447
-3392
-3231
-2949
-2766
-2683
-2511
-2316
-2024
-1836
-1715
-1560
-1422
-1146
-962
-915
-817
-729
-550
-481
-609
-683
-695
-749
-1065
-1476
-1803
-1875
-1775
-1891
-2016
-2004
-1665
-1148
-866
-601
-289
182
830
1297
1614
1839
2158
2584
2842
3068
3294
3542
3751
3836
3924
3957
3936
3731
3353
2944
2528
2051
1437
694
39
-423
-737
-1112
-1452
-1589
-1493
-1151
-863
-644
-358
35
482
798
1041
1239
1406
1636
1733
1783
1870
1916
2017
2046
2069
2129
2068
1879
1579
1227
830
372
-230
-902
-1472
-1954
-2406
-2860
-3281
-3447
-3465
-3451
-3448
-3404
-3181
-2891
-2619
-2375
-2285
-2078
-1793
-1602
-1511
-1449
-1231
-1040
-851
-775
-712
-551
-303
-228
-232
-280
-421
-402
-507
-888
-1307
-1733
-1946
-2008
-2137
-2208
-2310
-2045
-1623
-1197
-779
-483
-20
543
1100
1557
1932
2188
2458
2835
3109
3281
3441
3615
3730
3836
3906
3866
3711
3442
3149
2772
2307
1725
1077
489
-14
-452
-819
-1093
-1304
-1281
-1149
-977
-710
-491
-159
215
543
821
969
1093
1230
1342
1488
1568
1630
1700
1808
1889
1883
1794
1550
1323
1087
744
282
-251
-779
-1238
-1714
-2127
-2502
-2814
-3051
-3145
-3138
-3102
-3023
-2994
-2837
-2616
-2420
-2228
-2119
-1990
-1845
-1668
-1457
-1363
-1238
-1029
-852
-667
-590
-621
-537
-442
-359
-445
-585
-655
-776
-950
-1230
-1625
-1805
-1728
-1674
-1686
-1742
-1581
-1148
-730
-393
-173
163
747
1286
1686
1872
2111
2530
2863
3115
3210
3381
3628
3760
3803
3710
3692
3563
3334
2933
2396
1932
1477
920
326
-150
-507
-724
-900
-1055
-1033
-892
-620
-395
-241
68
380
608
724
769
936
1050
1162
1209
1230
1330
1467
1594
1563
1480
1392
1239
963
581
185
-256
-767
-1219
-1706
-2109
-2418
-2743
-2919
-3046
-3025
-2891
-2863
-2753
-2638
-2458
-2154
-2037
-1925
-1872
-1793
-1524
-1486
-1381
-1160
-1126
-900
-706
-638
-454
-436
-390
-344
-345
-360
-468
-598
-833
-936
-1055
-1415
-1642
-1680
-1581
-1491
-1464
-1301
-1040
-490
-61
153
494
887
1426
1888
2041
2201
2458
2729
2947
3045
3107
3261
3480
3526
3407
3268
3250
3149
2809
2392
1904
1451
1038
496
-4
-362
-688
-775
-842
-893
-770
-543
-296
-82
169
418
665
820
889
974
1026
1029
1081
1025
991
1047
1086
1115
1020
917
832
609
333
-2
-464
-825
-1223
-1636
-2022
-2388
-2608
-2748
-2806
-2814
-2713
-2556
-2354
-2138
-1959
-1785
-1646
-1467
-1376
-1357
-1247
-1219
-1170
-1165
-1130
-1003
-946
-879
-805
-800
-642
-566
-617
-601
-795
-845
-894
-1074
-1180
-1352
-1565
-1701
-1699
-1589
-1401
-1225
-999
-679
-210
367
760
1072
1492
1882
2328
2577
2642
2749
2855
2970
3041
3031
3033
3102
3110
3015
2900
2838
2698
2403
1990
1582
1139
650
217
-226
-561
-752
-843
-868
-832
-694
-411
-113
180
476
725
973
1181
1273
1301
1311
1260
1238
1153
1078
1045
975
921
807
658
507
304
37
-249
-565
-956
-1255
-1586
-1964
-2205
-2396
-2600
-2652
-2670
-2609
-2432
-2311
-2146
-2026
-1840
-1678
-1626
-1483
-1457
-1495
-1330
-1287
-1243
-1097
-1130
-1036
-866
-819
-791
-780
-790
-795
-697
-701
-810
-842
-929
-950
-908
-1021
-1188
-1259
-1118
-919
-801
-605
-395
10
508
813
1087
1294
1617
1948
2174
2265
2280
2460
2493
2557
2573
2514
2638
2590
2570
2496
2416
2374
2107
1792
1442
1121
831
471
71
-186
-222
-164
-154
-149
-88
151
556
768
890
1040
1197
1383
1387
1363
1256
1205
1135
984
861
748
688
591
406
248
133
-7
-317
-653
-887
-1176
-1437
-1774
-2132
-2396
-2464
-2460
-2493
-2475
-2375
-2157
-1857
-1660
-1591
-1490
-1418
-1328
-1197
-1251
-1337
-1347
-1288
-1194
-1177
-1177
-1196
-1100
-923
-857
-836
-872
-936
-895
-862
-886
-960
-1017
-1092
-1077
-999
-1088
-1115
-1061
-937
-664
-392
-147
66
350
654
944
1152
1242
1384
1517
1652
1725
1736
1811
1890
2001
2060
2091
2215
2346
2433
2445
2416
2416
2264
2054
1714
1322
992
764
565
309
149
129
262
530
679
817
1028
1199
1468
1571
1567
1478
1308
1182
967
717
519
361
227
115
98
81
59
41
-93
-162
-336
-563
-858
-1231
-1485
-1719
-1926
-2124
-2251
-2313
-2282
-2077
-1851
-1700
-1459
-1244
-1081
-892
-836
-872
-903
-1015
-1178
-1289
-1398
-1565
-1600
-1593
-1694
-1546
-1517
-1554
-1379
-1425
-1361
-1306
-1284
-1238
-1322
-1189
-1203
-1192
-1038
-1135
-959
-830
-752
-462
-219
127
410
738
1018
1248
1589
1692
1734
1786
1837
1848
1791
1724
1620
1629
1685
1641
1649
1743
1840
2037
2050
1932
1927
1831
1699
1528
1245
929
728
631
601
584
593
721
840
1046
1273
1404
1502
1529
1570
1564
1433
1228
960
732
478
291
168
-49
-149
-222
-204
-234
-359
-463
-605
-728
-902
-1111
-1297
-1526
-1665
-1776
-1885
-1849
-1774
-1669
-1536
-1378
-1198
-1007
-848
-795
-888
-892
-926
-1040
-1228
-1517
-1598
-1693
-1738
-1733
-1809
-1793
-1757
-1684
-1605
-1592
-1544
-1438
-1394
-1320
-1276
-1189
-1076
-1016
-879
-741
-603
-479
-340
-188
-6
205
431
682
929
1131
1276
1384
1441
1523
1514
1489
1494
1428
1411
1409
1426
1431
1467
1549
1639
1759
1891
1916
1873
1813
1736
1557
1409
1250
1044
925
777
758
789
779
884
982
1113
1287
1387
1428
1414
1383
1324
1160
926
701
480
292
112
5
-100
-161
-216
-210
-208
-283
-326
-432
-596
-731
-906
-1121
-1252
-1402
-1529
-1600
-1559
-1496
-1404
-1375
-1267
-1082
-990
-899
-911
-921
-952
-1109
-1281
-1451
-1701
-1769
-1871
-2032
-2020
-2101
-2022
-1880
-1869
-1663
-1550
-1379
-1201
-1157
-1018
-1007
-918
-857
-784
-614
-488
-301
-200
-75
140
303
505
623
771
1026
1169
1306
1371
1346
1367
1254
1179
1072
954
917
872
882
886
997
1108
1183
1335
1509
1625
1718
1679
1627
1546
1479
1416
1202
1041
911
891
964
992
1037
1122
1263
1446
1590
1607
1538
1500
1386
1236
981
684
415
167
-32
-232
-325
-355
-362
-381
-341
-281
-223
-227
-261
-317
-436
-540
-703
-878
-1053
-1172
-1273
-1310
-1316
-1346
-1259
-1151
-1122
-1081
-1014
-1021
-1098
-1181
-1324
-1508
-1585
-1732
-1930
-2050
-2208
-2141
-2074
-2072
-1920
-1823
-1543
-1249
-1082
-947
-916
-783
-546
-524
-547
-484
-419
-261
-181
-163
-73
70
229
347
374
473
652
876
962
1021
1117
1192
1223
1135
1087
1025
1008
1060
1004
990
1057
1165
1268
1284
1380
1488
1583
1642
1551
1514
1452
1354
1174
951
808
725
699
655
623
673
798
926
1004
1076
1152
1197
1190
1107
989
862
732
579
352
237
147
53
-11
-68
-41
7
18
40
-6
-106
-182
-353
-505
-736
-974
-1123
-1249
-1384
-1519
-1583
-1623
-1549
-1529
-1486
-1390
-1326
-1284
-1293
-1268
-1308
-1399
-1502
-1636
-1658
-1687
-1733
-1720
-1665
-1485
-1330
-1218
-1065
-968
-745
-578
-540
-447
-462
-441
-354
-314
-261
-177
-112
-50
72
188
317
393
463
611
737
925
1033
1103
1171
1227
1286
1253
1166
1062
943
846
769
630
533
524
528
545
529
582
691
749
771
792
817
885
952
897
847
770
738
795
832
847
905
1048
1145
1269
1371
1409
1453
1431
1359
1239
1088
946
744
536
312
94
-16
-134
-255
-313
-311
-388
-430
-481
-630
-704
-821
-987
-1125
-1223
-1268
-1344
-1419
-1439
-1420
-1338
-1246
-1212
-1146
-1006
-897
-826
-860
-956
-966
-892
-1016
-1099
-1045
-1086
-982
-893
-899
-799
-753
-731
-722
-749
-737
-800
-795
-878
-916
-796
-738
-614
-515
-414
-314
-176
14
101
185
282
390
605
716
776
847
876
964
977
1012
1023
982
970
866
803
799
804
757
694
689
638
672
665
565
517
448
471
541
494
423
432
453
558
666
767
866
985
1144
1220
1301
1301
1301
1294
1248
1171
1035
949
847
738
657
531
407
328
235
144
61
-52
-191
-331
-460
-624
-788
-935
-1047
-1139
-1191
-1217
-1178
-1128
-1093
-1008
-910
-819
-727
-674
-633
-605
-652
-673
-720
-873
-934
-991
-1068
-1017
-1011
-1057
-1020
-1006
-928
-877
-901
-912
-943
-914
-945
-961
-987
-997
-896
-770
-616
-459
-277
-76
103
311
378
538
592
579
678
726
744
696
705
707
693
666
602
533
438
380
296
203
151
56
-53
-153
-128
-90
-74
-53
-29
100
290
441
545
611
696
899
1074
1195
1246
1345
1529
1616
1689
1745
1772
1787
1727
1669
1571
1449
1336
1127
970
804
677
484
260
78
-70
-170
-307
-474
-633
-709
-764
-859
-925
-997
-993
-949
-937
-917
-884
-837
-770
-710
-638
-593
-594
-570
-573
-561
-526
-540
-636
-709
-747
-763
-715
-814
-902
-902
-900
-872
-922
-1014
-1033
-981
-954
-1014
-1008
-952
-910
-760
-677
-537
-407
-359
-214
-131
-32
40
88
113
122
264
394
450
410
414
488
477
438
290
174
114
36
-16
-153
-290
-339
-399
-364
-358
-280
-150
-23
167
329
498
660
826
963
1116
1271
1419
1512
1599
1709
1820
1935
1941
1938
1972
1970
1933
1844
1681
1507
1349
1146
892
646
420
236
58
-119
-266
-399
-491
-570
-666
-740
-776
-807
-797
-818
-835
-762
-724
-743
-689
-617
-524
-421
-421
-424
-384
-338
-294
-420
-535
-504
-516
-520
-670
-834
-791
-793
-855
-993
-1187
-1223
-1211
-1251
-1377
-1468
-1365
-1274
-1172
-1193
-1136
-916
-780
-600
-549
-473
-304
-196
-151
-176
-135
31
151
225
196
224
368
411
388
276
220
254
243
156
18
4
30
-20
-69
-91
-12
99
194
294
399
566
762
876
978
1065
1219
1374
1425
1486
1551
1638
1667
1702
1746
1729
1789
1771
1692
1635
1571
1482
1317
1121
927
731
537
320
109
-51
-145
-243
-365
-454
-491
-491
-542
-599
-611
-572
-550
-538
-531
-537
-475
-400
-428
-429
-422
-386
-322
-369
-438
-474
-488
-522
-635
-779
-828
-875
-906
-1026
-1198
-1217
-1272
-1334
-1415
-1555
-1546
-1486
-1475
-1461
-1468
-1329
-1203
-1047
-890
-825
-698
-595
-407
-338
-265
-171
-141
-5
66
185
221
223
272
260
318
282
228
188
103
115
60
-59
-141
-177
-131
-77
8
91
187
323
534
712
865
1000
1130
1276
1398
1502
1574
1638
1708
1845
1904
1948
1987
1967
1978
1978
1945
1881
1713
1549
1303
1063
835
583
367
161
30
-99
-172
-288
-357
-391
-421
-426
-461
-546
-553
-537
-565
-589
-587
-561
-533
-443
-392
-312
-234
-224
-190
-225
-269
-350
-504
-601
-745
-880
-944
-1107
-1214
-1356
-1456
-1504
-1571
-1600
-1655
-1633
-1625
-1583
-1545
-1521
-1442
-1326
-1154
-1022
-914
-736
-629
-506
-374
-336
-187
-85
27
156
229
308
330
370
347
333
274
173
118
6
-55
-121
-192
-204
-259
-177
-103
-9
160
280
497
653
822
1005
1096
1255
1375
1463
1547
1614
1698
1761
1828
1914
1965
2014
2043
2064
2028
1925
1821
1660
1500
1260
1001
780
542
299
130
9
-116
-204
-293
-325
-330
-335
-368
-433
-469
-485
-512
-510
-497
-525
-478
-448
-417
-326
-307
-289
-302
-337
-348
-403
-536
-686
-826
-941
-1052
-1192
-1294
-1436
-1490
-1532
-1586
-1615
-1686
-1697
-1709
-1715
-1702
-1673
-1613
-1501
-1369
-1234
-1039
-848
-667
-491
-319
-148
-45
58
167
220
347
357
306
363
351
347
353
264
162
159
156
118
47
3
46
83
130
93
130
259
366
520
648
768
934
1155
1265
1370
1514
1667
1776
1862
1911
1949
1979
1972
1933
1845
1770
1705
1622
1476
1296
1136
1013
826
652
491
316
198
66
-88
-200
-231
-304
-353
-399
-468
-460
-479
-455
-433
-426
-406
-369
-337
-317
-314
-321
-321
-371
-413
-524
-630
-728
-852
-1024
-1207
-1274
-1367
-1422
-1470
-1565
-1589
-1571
-1583
-1612
-1595
-1574
-1530
-1468
-1473
-1443
-1339
-1186
-1057
-911
-724
-546
-276
-82
42
223
366
440
504
519
490
513
525
462
382
355
272
231
167
37
-62
-109
-159
-245
-300
-308
-316
-307
-285
-187
-37
109
236
395
607
812
1008
1186
1361
1551
1718
1838
1920
1981
2013
2028
1992
1923
1880
1843
1752
1626
1486
1298
1150
977
787
598
440
339
173
24
-59
-142
-182
-221
-292
-336
-369
-395
-400
-429
-463
-431
-395
-390
-428
-408
-354
-339
-358
-420
-495
-539
-640
-764
-920
-1092
-1219
-1343
-1433
-1550
-1592
-1599
-1640
-1620
-1574
-1501
-1423
-1386
-1318
-1231
-1135
-1051
-1030
-960
-885
-742
-579
-451
-310
-188
-5
143
302
385
419
507
530
552
539
487
419
367
307
178
78
-14
-144
-197
-246
-258
-279
-285
-235
-176
-56
37
130
203
331
465
577
727
818
940
1118
1273
1400
1502
1567
1639
1692
1762
1781
1765
1736
1666
1592
1516
1391
1230
1049
875
747
604
464
316
223
145
111
89
34
43
50
68
64
12
-44
-159
-231
-309
-396
-451
-530
-587
-579
-579
-595
-567
-605
-626
-620
-716
-809
-962
-1077
-1169
-1278
-1371
-1504
-1532
-1529
-1508
-1449
-1420
-1312
-1181
-1078
-975
-883
-784
-702
-665
-635
-608
-592
-560
-525
-469
-410
-342
-233
-110
-4
98
204
264
302
344
335
336
300
229
166
111
107
72
68
88
91
127
141
170
175
211
261
319
372
411
441
460
524
588
645
714
769
824
885
968
1072
1116
1189
1230
1258
1278
1253
1213
1179
1132
1069
1008
945
857
761
716
642
555
452
353
257
147
87
31
9
-11
-60
-91
-66
-58
-76
-98
-132
-132
-145
-182
-260
-345
-394
-399
-465
-561
-623
-647
-626
-633
-639
-676
-714
-695
-733
-807
-849
-944
-1027
-1051
-1131
-1175
-1193
-1206
-1172
-1111
-1021
-916
-833
-777
-676
-605
-559
-520
-500
-482
-470
-437
-373
-372
-318
-241
-143
-35
50
139
186
253
299
364
368
385
391
357
351
318
285
319
305
311
345
376
433
466
457
421
424
425
372
323
287
278
273
248
236
256
293
355
415
467
575
652
725
797
840
840
873
885
837
825
794
726
666
605
559
515
463
424
327
282
270
214
144
93
41
0
-54
-115
-179
-224
-243
-270
-276
-272
-231
-178
-162
-119
-78
-72
-63
-93
-106
-118
-190
-227
-254
-311
-339
-350
-370
-376
-363
-380
-359
-365
-413
-444
-467
-525
-619
-651
-715
-782
-773
-783
-782
-752
-741
-709
-690
-641
-590
-554
-519
-504
-429
-367
-309
-224
-205
-202
-136
-60
-23
5
32
83
138
152
156
166
210
230
243
245
213
225
216
218
222
216
242
256
261
237
237
239
249
257
223
183
192
212
164
116
148
158
150
151
124
126
128
157
168
196
275
321
346
392
439
492
529
544
574
587
607
599
569
559
512
504
478
446
432
410
413
361
340
336
324
280
245
194
148
114
54
0
-28
-58
-98
-119
-141
-181
-184
-164
-183
-186
-197
-216
-228
-251
-261
-313
-307
-303
-350
-368
-376
-383
-387
-401
-426
-478
-536
-595
-637
-594
-587
-561
-563
-592
-564
-524
-511
-524
-553
-540
-480
-450
-457
-476
-475
-473
-445
-442
-415
-380
-323
-240
-235
-195
-160
-114
-40
1
11
40
65
104
138
139
151
152
172
163
182
207
199
202
240
271
329
371
391
398
421
451
453
428
420
420
472
511
509
554
557
581
596
580
578
568
580
520
469
454
410
397
358
323
288
259
259
272
261
263
272
256
262
256
241
274
251
211
214
178
148
137
118
104
104
102
79
80
24
7
-41
-107
-139
-208
-259
-312
-357
-399
-442
-490
-532
-565
-599
-659
-699
-713
-715
-724
-757
-767
-737
-689
-653
-636
-662
-639
-593
-548
-529
-524
-505
-440
-397
-422
-396
-397
-389
-382
-373
-388
-395
-426
-429
-382
-357
-309
-233
-200
-132
-64
6
78
98
149
206
267
307
364
427
477
540
615
695
773
806
834
850
801
795
767
706
680
643
616
576
528
518
505
482
489
485
486
522
562
530
512
501
478
466
408
341
281
249
233
216
215
179
179
224
231
251
228
192
171
121
95
-31
-203
-315
-457
-567
-622
-714
-706
-615
-551
-482
-417
-344
-279
-240
-250
-246
-192
-271
-398
-526
-620
-609
-616
-619
-635
-580
-446
-352
-279
-277
-278
-259
-293
-389
-499
-572
-653
-752
-820
-844
-832
-773
-754
-682
-557
-416
-316
-239
-163
-37
69
30
-51
-23
18
40
26
3
66
176
267
316
376
472
605
711
740
753
811
834
774
688
623
582
538
457
437
441
508
576
569
582
670
771
787
774
782
826
838
760
646
545
456
419
338
216
173
165
159
188
171
168
195
175
146
112
87
42
-59
-161
-265
-341
-385
-453
-486
-488
-452
-435
-418
-373
-346
-326
-337
-378
-401
-400
-451
-469
-545
-625
-617
-650
-695
-719
-749
-723
-680
-666
-669
-667
-632
-641
-630
-614
-582
-581
-595
-587
-574
-524
-461
-416
-381
-308
-230
-134
-97
-54
2
78
172
200
244
319
395
422
406
393
454
510
480
409
403
495
569
552
460
411
465
522
514
464
461
495
527
510
492
520
539
561
580
595
672
711
705
658
641
673
662
625
559
510
515
485
418
361
298
267
229
142
49
-5
-10
-49
-118
-185
-245
-252
-308
-379
-465
-546
-575
-616
-659
-677
-671
-591
-552
-510
-441
-390
-390
-391
-401
-432
-393
-416
-451
-504
-565
-577
-607
-661
-684
-673
-651
-604
-573
-522
-483
-446
-460
-489
-488
-472
-447
-414
-354
-343
-345
-292
-201
-89
14
21
65
200
327
400
352
288
275
302
291
226
193
216
297
325
288
303
343
400
408
391
400
442
508
488
458
466
463
465
441
441
497
541
543
550
599
669
715
704
642
671
699
658
582
462
429
407
360
281
213
197
173
156
120
123
128
95
37
-26
-45
-74
-133
-159
-212
-243
-235
-291
-347
-340
-330
-350
-397
-434
-430
-406
-423
-476
-523
-552
-564
-619
-674
-683
-676
-683
-690
-661
-656
-637
-575
-603
-596
-536
-499
-508
-508
-475
-456
-421
-410
-374
-314
-239
-184
-143
-63
4
48
79
98
109
152
159
175
176
192
243
258
243
258
311
355
376
346
344
386
426
393
328
298
299
328
351
356
342
380
429
457
475
506
538
569
603
552
528
501
446
422
377
301
252
237
237
263
246
200
217
243
232
208
110
67
90
63
-20
-92
-110
-124
-132
-197
-268
-255
-231
-236
-276
-344
-346
-329
-353
-432
-487
-477
-464
-442
-503
-534
-507
-506
-496
-491
-458
-432
-410
-361
-338
-316
-308
-320
-343
-326
-293
-280
-302
-244
-187
-175
-121
-84
-65
-19
39
75
68
71
114
143
119
84
101
121
116
107
128
160
202
256
264
235
241
274
284
263
235
241
251
247
232
216
220
261
266
287
304
360
380
383
386
366
364
341
315
276
249
240
227
180
155
134
113
121
126
147
147
130
97
84
90
70
28
-2
-12
-40
-84
-102
-114
-143
-162
-203
-238
-243
-263
-266
-289
-319
-371
-386
-392
-438
-444
-475
-485
-461
-454
-446
-431
-402
-361
-334
-304
-296
-263
-251
-227
-198
-186
-163
-151
-125
-128
-129
-99
-89
-66
-47
-35
5
50
76
88
98
121
146
162
191
216
237
267
274
271
277
278
267
284
276
279
292
279
281
288
295
293
249
230
239
242
266
240
247
271
289
315
308
299
295
306
298
265
241
213
167
151
110
70
82
110
107
89
22
-5
1
-42
-68
-107
-145
-184
-182
-204
-236
-246
-265
-262
-280
-289
-284
-264
-276
-334
-375
-370
-379
-386
-398
-406
-357
-361
-356
-340
-334
-317
-290
-293
-303
-230
-186
-184
-177
-154
-136
-94
-101
-127
-97
-100
-124
-129
-153
-124
-62
-56
-43
-9
48
83
123
130
97
112
115
106
97
111
107
115
125
156
205
231
296
364
408
426
448
458
463
462
418
344
311
300
298
259
190
177
211
232
211
206
234
264
250
225
181
158
129
61
2
-2
-21
-18
-2
-12
3
36
19
10
0
15
41
14
-48
-60
-63
-104
-169
-184
-179
-156
-147
-177
-174
-140
-124
-157
-190
-211
-189
-204
-227
-276
-269
-253
-255
-266
-272
-240
-196
-175
-198
-199
-195
-204
-199
-226
-230
-218
-212
-209
-221
-197
-201
-198
-204
-203
-174
-156
-152
-137
-134
-145
-124
-115
-78
-36
-13
25
74
111
138
133
126
152
173
206
215
233
229
263
279
256
252
253
231
232
227
220
244
225
213
214
225
215
201
195
205
215
183
170
153
159
164
122
78
67
59
74
63
46
80
102
108
88
75
56
59
51
1
-27
-29
-36
-54
-59
-94
-97
-66
-55
-61
-15
-6
-5
24
16
-1
-40
-57
-80
-83
-95
