5
8
0
-5
-5
-4
0
0
4
7
14
17
23
4
-7
3
17
18
30
16
12
12
20
31
23
13
4
28
24
24
21
4
-3
-1
-12
-26
-20
-15
-12
-18
-5
2
-11
-18
-16
-1
9
-2
-12
-10
-31
-11
-17
-15
7
11
1
0
-3
-6
-9
-17
-4
-11
-13
1
-6
-7
-3
-3
-11
-20
-12
-2
-3
-19
-5
-4
-3
-3
-6
-2
6
2
-14
-2
9
19
13
2
6
10
-9
-7
-6
-6
-2
-5
-4
-3
10
7
5
20
15
11
18
17
21
27
12
14
28
22
20
12
6
12
1
1
16
19
15
12
14
23
31
6
7
22
9
10
6
-7
8
14
-2
-3
3
0
0
-1
-10
-4
-9
-7
-19
-24
-22
-36
-36
-36
-47
-47
-48
-46
-35
-25
-37
-46
-40
-35
-35
-28
-29
-20
0
-1
8
4
11
25
14
26
24
10
22
38
29
31
44
36
28
24
5
12
9
5
0
0
22
26
7
-7
-4
-6
-14
-9
3
3
8
1
-7
12
20
16
19
29
15
15
27
29
32
49
48
55
76
68
63
61
61
61
83
86
68
56
62
72
41
21
17
-9
-22
-40
-63
-75
-84
-84
-91
-105
-125
-134
-129
-131
-122
-136
-155
-148
-159
-144
-134
-151
-140
-119
-123
-118
-103
-94
-73
-52
-42
-12
16
19
42
61
72
90
94
102
111
109
114
137
131
139
146
124
133
128
121
123
107
81
59
40
21
10
5
3
14
10
8
24
34
45
37
78
109
130
153
177
196
210
218
235
238
221
213
190
169
137
109
96
55
25
-2
-64
-95
-139
-176
-218
-286
-336
-359
-429
-481
-521
-566
-579
-603
-615
-618
-616
-610
-587
-550
-508
-426
-359
-307
-188
-113
-25
78
159
229
308
378
447
503
533
577
628
651
671
710
709
707
704
659
605
540
449
374
274
176
100
-1
-95
-167
-237
-302
-336
-374
-409
-422
-416
-383
-344
-296
-226
-144
-42
96
230
341
434
514
586
628
652
663
624
607
580
519
462
409
323
219
125
18
-75
-195
-351
-503
-646
-810
-932
-1067
-1204
-1332
-1454
-1544
-1628
-1673
-1701
-1700
-1643
-1567
-1431
-1294
-1116
-929
-768
-585
-379
-177
45
256
489
686
861
1049
1207
1382
1501
1619
1721
1775
1864
1865
1832
1813
1747
1671
1561
1424
1256
1075
901
685
503
316
102
-88
-247
-383
-544
-646
-732
-797
-817
-825
-801
-736
-633
-522
-364
-194
-16
158
312
464
586
689
734
771
787
749
706
656
581
494
371
246
116
-15
-169
-326
-500
-692
-845
-1051
-1245
-1418
-1605
-1788
-1960
-2127
-2261
-2328
-2386
-2437
-2379
-2311
-2197
-1973
-1815
-1640
-1393
-1201
-954
-685
-434
-164
131
416
689
1006
1256
1473
1701
1865
2061
2245
2319
2436
2483
2503
2497
2422
2326
2200
2057
1877
1721
1533
1350
1171
959
730
521
314
127
-44
-236
-372
-521
-630
-691
-741
-769
-734
-659
-555
-381
-239
-89
55
200
330
413
426
448
440
396
364
279
180
61
-49
-172
-271
-408
-566
-666
-779
-933
-1046
-1207
-1364
-1511
-1694
-1818
-1960
-2079
-2177
-2229
-2228
-2237
-2211
-2159
-2082
-1948
-1815
-1623
-1436
-1269
-1037
-832
-601
-337
-110
130
328
574
823
1054
1319
1511
1712
1891
2064
2186
2269
2357
2372
2355
2334
2277
2256
2180
2102
1996
1858
1752
1596
1443
1283
1113
913
728
552
359
188
23
-146
-274
-333
-350
-393
-354
-289
-249
-174
-66
-11
10
20
4
18
17
-65
-244
-408
-556
-732
-921
-978
-986
-1086
-1036
-937
-981
-980
-916
-950
-1012
-1075
-1162
-1248
-1355
-1444
-1600
-1725
-1724
-1725
-1800
-1805
-1661
-1597
-1521
-1336
-1178
-1070
-925
-813
-782
-699
-572
-435
-352
-267
-131
23
208
414
558
704
903
1061
1184
1382
1561
1690
1818
1883
1948
2001
2033
2013
1962
1951
1935
1893
1813
1768
1725
1633
1554
1433
1366
1310
1196
1076
935
801
702
606
517
431
355
286
224
130
59
16
-85
-172
-254
-314
-362
-423
-488
-604
-697
-753
-816
-872
-934
-987
-1040
-1157
-1244
-1292
-1425
-1532
-1587
-1694
-1793
-1814
-1838
-1904
-1883
-1822
-1809
-1722
-1662
-1651
-1652
-1638
-1614
-1622
-1607
-1622
-1640
-1618
-1562
-1457
-1378
-1267
-1060
-856
-583
-284
-9
268
521
782
1028
1264
1548
1768
1967
2116
2216
2351
2446
2563
2647
2719
2803
2866
2878
2925
2959
2952
2879
2772
2651
2496
2325
2092
1839
1525
1228
923
611
347
103
-145
-341
-496
-634
-752
-835
-858
-910
-956
-970
-1042
-1077
-1138
-1244
-1297
-1399
-1508
-1578
-1643
-1665
-1654
-1688
-1791
-1939
-1940
-1814
-1803
-1738
-1658
-1777
-1647
-1347
-1245
-1229
-1139
-1058
-1047
-948
-873
-897
-975
-990
-1032
-1194
-1180
-1028
-1097
-1217
-1055
-931
-782
-500
-360
-289
-107
132
282
425
559
705
831
909
1076
1255
1342
1491
1606
1674
1920
2151
2258
2412
2609
2754
2897
2961
2956
2914
2875
2851
2760
2514
2300
2059
1687
1466
1313
1035
758
539
329
141
48
-91
-269
-424
-495
-576
-698
-876
-1056
-1229
-1376
-1542
-1719
-1842
-1964
-2114
-2221
-2224
-2199
-2076
-2011
-1981
-1914
-1779
-1629
-1592
-1561
-1443
-1384
-1325
-1216
-1195
-1209
-1204
-1197
-1168
-1117
-1141
-1264
-1216
-1066
-1091
-977
-887
-971
-790
-609
-579
-463
-329
-176
-21
109
251
423
529
617
683
718
906
1165
1219
1170
1341
1567
1746
1922
1987
2154
2381
2487
2579
2638
2716
2792
2678
2574
2562
2482
2287
2080
1869
1664
1546
1381
1085
866
709
580
451
260
145
91
-44
-164
-347
-569
-701
-905
-1176
-1385
-1503
-1657
-1899
-2117
-2201
-2225
-2257
-2237
-2231
-2169
-2001
-1876
-1877
-1724
-1565
-1512
-1404
-1369
-1340
-1253
-1240
-1285
-1239
-1193
-1124
-1017
-990
-931
-790
-672
-623
-538
-506
-521
-421
-430
-533
-477
-429
-408
-326
-325
-190
-54
4
141
220
328
497
642
769
944
1159
1286
1386
1540
1654
1837
1941
1982
2131
2224
2307
2365
2396
2430
2463
2437
2401
2353
2290
2194
2058
1905
1764
1619
1405
1205
1017
815
633
446
220
15
-143
-362
-574
-794
-992
-1147
-1342
-1489
-1618
-1746
-1858
-1938
-1981
-2029
-2019
-1957
-1951
-1937
-1858
-1752
-1694
-1581
-1475
-1448
-1388
-1288
-1208
-1252
-1177
-1040
-1021
-910
-761
-725
-699
-614
-583
-537
-589
-539
-429
-555
-583
-598
-755
-801
-760
-833
-886
-845
-731
-668
-577
-427
-315
-150
32
238
436
659
896
1009
1058
1277
1460
1590
1749
1892
2068
2235
2390
2513
2616
2737
2808
2818
2831
2849
2806
2677
2532
2390
2226
2041
1840
1556
1309
1088
842
590
308
80
-148
-376
-528
-748
-925
-1067
-1232
-1375
-1568
-1691
-1799
-1941
-1994
-2042
-2083
-2038
-2034
-2032
-1950
-1830
-1782
-1709
-1574
-1539
-1476
-1345
-1285
-1215
-1078
-1062
-1003
-956
-935
-808
-827
-838
-734
-768
-762
-739
-773
-825
-926
-945
-996
-1083
-1023
-977
-961
-909
-846
-707
-564
-449
-289
-209
-67
208
388
602
787
947
1140
1277
1458
1643
1772
1904
2054
2226
2408
2557
2622
2693
2811
2872
2877
2892
2840
2724
2630
2516
2370
2172
1965
1764
1472
1291
1141
895
621
359
141
-64
-235
-415
-661
-880
-1112
-1325
-1466
-1610
-1748
-1836
-1868
-1926
-1953
-1948
-1985
-2000
-1954
-1933
-1906
-1773
-1673
-1676
-1580
-1482
-1457
-1382
-1280
-1270
-1307
-1260
-1188
-1190
-1144
-1076
-1021
-985
-1008
-949
-934
-942
-869
-942
-1023
-954
-962
-991
-965
-932
-854
-755
-617
-447
-324
-161
30
188
375
604
793
959
1162
1344
1500
1712
1890
1950
2066
2244
2406
2538
2616
2727
2783
2800
2897
2929
2839
2780
2692
2582
2465
2343
2166
1934
1688
1458
1221
990
761
521
268
69
-70
-279
-486
-666
-869
-1111
-1319
-1501
-1692
-1859
-1957
-2081
-2201
-2204
-2222
-2274
-2213
-2140
-2118
-2049
-1958
-1868
-1791
-1778
-1667
-1629
-1651
-1485
-1345
-1313
-1153
-1029
-1054
-951
-874
-869
-797
-732
-810
-763
-735
-845
-880
-946
-1028
-1007
-984
-998
-894
-841
-800
-604
-483
-367
-116
6
186
502
705
876
1087
1252
1423
1593
1745
1913
2098
2204
2355
2540
2658
2775
2894
2942
2988
3077
3046
3022
3003
2909
2797
2668
2492
2281
1988
1682
1454
1205
888
619
387
99
-79
-262
-482
-635
-816
-994
-1177
-1332
-1449
-1566
-1702
-1840
-1931
-2076
-2225
-2229
-2307
-2359
-2260
-2233
-2227
-2092
-1990
-1940
-1820
-1634
-1581
-1559
-1406
-1362
-1352
-1214
-1139
-1195
-1128
-1112
-1138
-1032
-1070
-1099
-1077
-1143
-1178
-1205
-1266
-1269
-1172
-1178
-1159
-956
-843
-691
-423
-284
-123
66
216
433
654
832
1069
1275
1369
1516
1704
1855
2052
2194
2289
2494
2701
2790
2917
3077
3201
3298
3340
3329
3308
3230
3120
2958
2714
2492
2205
1870
1609
1353
1069
774
543
311
91
-83
-244
-421
-582
-762
-980
-1143
-1402
-1621
-1806
-1996
-2129
-2294
-2455
-2519
-2663
-2658
-2584
-2624
-2548
-2311
-2193
-2146
-1892
-1758
-1745
-1591
-1560
-1505
-1380
-1378
-1302
-1282
-1340
-1245
-1271
-1286
-1154
-1147
-1168
-1128
-1154
-1213
-1166
-1133
-1078
-1018
-937
-819
-679
-504
-373
-139
-6
172
417
517
758
991
1106
1296
1506
1606
1711
1945
2147
2375
2589
2732
2922
3093
3214
3394
3475
3500
3507
3459
3370
3241
3110
2951
2802
2546
2264
2006
1702
1449
1155
813
569
350
70
-141
-322
-575
-826
-1059
-1341
-1606
-1813
-2059
-2291
-2412
-2605
-2781
-2875
-2917
-2900
-2860
-2815
-2695
-2605
-2498
-2302
-2271
-2172
-1916
-1852
-1801
-1578
-1537
-1573
-1449
-1317
-1310
-1287
-1197
-1115
-1070
-1034
-998
-942
-885
-861
-843
-874
-855
-731
-686
-697
-517
-406
-327
-127
41
200
396
535
674
889
1109
1390
1526
1618
1815
1986
2142
2342
2535
2675
2842
3039
3112
3199
3356
3437
3481
3489
3481
3395
3243
3062
2867
2593
2362
2153
1818
1502
1306
1034
766
524
196
-79
-292
-548
-774
-1024
-1285
-1535
-1851
-2098
-2265
-2460
-2625
-2738
-2896
-3010
-3041
-3028
-3000
-3006
-2895
-2714
-2660
-2523
-2254
-2149
-2071
-1859
-1717
-1641
-1522
-1382
-1341
-1317
-1185
-1081
-1158
-1101
-953
-962
-966
-827
-771
-857
-832
-742
-737
-695
-541
-471
-466
-312
-118
33
162
371
553
641
900
1202
1275
1457
1759
1915
2035
2195
2391
2494
2650
2816
2918
3010
3209
3312
3303
3354
3458
3452
3348
3310
3210
2981
2789
2614
2297
1987
1686
1331
994
723
485
195
-85
-307
-556
-784
-990
-1170
-1430
-1670
-1839
-2092
-2364
-2576
-2703
-2867
-2969
-2957
-3009
-3026
-2905
-2829
-2751
-2595
-2452
-2292
-2120
-1933
-1799
-1724
-1599
-1520
-1460
-1408
-1314
-1249
-1231
-1134
-1012
-970
-947
-885
-860
-759
-693
-744
-680
-633
-638
-546
-511
-475
-348
-212
-54
83
214
408
563
712
893
1102
1315
1519
1703
1865
1995
2165
2327
2403
2522
2670
2843
3015
3112
3213
3284
3265
3310
3331
3269
3190
3086
2879
2671
2483
2240
1938
1606
1337
1053
763
496
231
-96
-295
-481
-731
-948
-1188
-1431
-1692
-1919
-2151
-2419
-2662
-2839
-2993
-3119
-3174
-3094
-3097
-3099
-2889
-2730
-2625
-2427
-2293
-2126
-1889
-1786
-1637
-1483
-1399
-1284
-1203
-1131
-1004
-967
-953
-867
-786
-781
-735
-612
-614
-683
-692
-689
-729
-653
-571
-540
-462
-363
-202
-78
-8
193
352
443
688
912
1035
1245
1434
1560
1669
1851
2069
2181
2363
2548
2718
2924
3062
3194
3318
3450
3563
3568
3546
3539
3450
3242
3070
2846
2542
2277
1926
1567
1263
967
676
395
140
-106
-314
-578
-828
-1089
-1362
-1598
-1846
-2122
-2405
-2623
-2829
-3001
-3135
-3260
-3269
-3275
-3243
-3092
-2926
-2736
-2544
-2334
-2189
-2066
-1885
-1689
-1618
-1490
-1322
-1253
-1165
-1085
-1023
-889
-883
-801
-712
-837
-727
-586
-735
-762
-689
-793
-789
-690
-709
-701
-623
-487
-366
-261
-49
197
334
452
738
946
1077
1311
1514
1551
1771
2071
2218
2411
2602
2822
3075
3259
3441
3612
3659
3764
3839
3763
3722
3675
3470
3241
3040
2716
2370
2029
1643
1241
954
678
364
77
-262
-495
-691
-948
-1215
-1462
-1723
-1996
-2210
-2508
-2727
-2891
-3091
-3293
-3339
-3305
-3327
-3250
-3146
-3029
-2810
-2576
-2362
-2168
-2012
-1805
-1498
-1407
-1276
-1051
-1036
-918
-772
-834
-776
-686
-707
-666
-672
-679
-560
-627
-727
-662
-735
-776
-706
-694
-723
-608
-485
-418
-280
-146
-10
123
277
503
760
943
1126
1355
1484
1671
1966
2111
2261
2504
2656
2895
3205
3341
3490
3695
3793
3823
3825
3814
3735
3564
3328
3094
2814
2528
2167
1752
1322
947
698
371
35
-230
-527
-735
-936
-1194
-1383
-1631
-1850
-2103
-2392
-2604
-2822
-3075
-3232
-3337
-3394
-3343
-3264
-3150
-2917
-2763
-2551
-2251
-2076
-1865
-1644
-1504
-1308
-1211
-1138
-996
-996
-957
-853
-859
-776
-688
-714
-764
-751
-666
-717
-806
-778
-855
-956
-897
-898
-877
-794
-693
-568
-459
-281
-8
160
327
615
792
1001
1249
1436
1587
1737
1975
2261
2461
2627
2844
3054
3271
3453
3577
3634
3709
3796
3780
3730
3694
3522
3260
3033
2736
2458
2125
1714
1301
950
631
382
130
-113
-353
-591
-845
-1077
-1294
-1567
-1829
-2053
-2309
-2570
-2722
-2895
-3125
-3236
-3291
-3298
-3170
-3113
-2975
-2713
-2508
-2344
-2102
-1899
-1798
-1604
-1378
-1367
-1277
-1066
-1106
-1142
-1074
-1040
-1020
-951
-891
-894
-908
-795
-684
-807
-864
-797
-827
-830
-731
-667
-665
-505
-303
-270
-173
41
153
248
452
697
904
1155
1378
1521
1676
1962
2300
2414
2528
2750
2942
3091
3318
3425
3513
3662
3736
3711
3637
3651
3552
3317
3067
2860
2604
2300
1934
1602
1263
1023
800
410
86
-113
-353
-649
-856
-1132
-1373
-1574
-1830
-2125
-2463
-2687
-2863
-3116
-3342
-3358
-3346
-3366
-3281
-3096
-2968
-2823
-2486
-2269
-2180
-1949
-1692
-1627
-1598
-1421
-1417
-1466
-1313
-1230
-1219
-1116
-1001
-886
-857
-863
-683
-670
-833
-726
-700
-842
-718
-595
-698
-626
-425
-408
-308
-131
39
172
267
479
706
829
1013
1316
1433
1556
1900
2166
2300
2540
2785
2900
3138
3380
3487
3575
3698
3759
3721
3691
3727
3672
3469
3296
3143
2856
2588
2341
1906
1515
1283
948
567
307
40
-256
-529
-756
-990
-1301
-1503
-1748
-2100
-2383
-2628
-2902
-3209
-3374
-3502
-3649
-3656
-3540
-3475
-3331
-3012
-2830
-2664
-2366
-2175
-2089
-1860
-1698
-1679
-1529
-1422
-1406
-1296
-1222
-1122
-997
-929
-803
-738
-749
-644
-521
-577
-575
-473
-500
-505
-345
-312
-351
-225
-119
-35
85
236
361
507
640
838
1061
1194
1382
1595
1727
1972
2253
2359
2488
2753
2969
3174
3414
3515
3563
3671
3732
3735
3729
3594
3482
3299
3055
2892
2637
2308
2028
1741
1378
1077
836
530
135
-159
-437
-697
-930
-1210
-1513
-1833
-2181
-2485
-2780
-3076
-3261
-3471
-3638
-3642
-3615
-3544
-3386
-3237
-3042
-2798
-2568
-2397
-2198
-1963
-1835
-1738
-1555
-1479
-1450
-1271
-1197
-1146
-992
-866
-684
-557
-536
-379
-299
-357
-339
-360
-457
-497
-450
-471
-486
-395
-396
-359
-227
-125
-30
116
226
424
646
766
1030
1233
1323
1541
1769
1960
2216
2453
2648
2906
3134
3337
3477
3536
3625
3707
3710
3682
3673
3591
3432
3289
3113
2833
2588
2292
1918
1566
1275
961
671
352
32
-234
-559
-851
-1134
-1452
-1772
-2049
-2389
-2693
-2932
-3191
-3408
-3548
-3616
-3639
-3584
-3439
-3369
-3222
-2956
-2805
-2610
-2338
-2178
-2018
-1836
-1725
-1577
-1554
-1468
-1287
-1248
-1147
-914
-764
-685
-557
-452
-369
-278
-279
-322
-354
-414
-445
-415
-432
-523
-442
-409
-287
-99
6
143
337
444
616
862
1033
1266
1412
1582
1831
2052
2245
2429
2567
2753
2950
3090
3250
3338
3402
3484
3580
3631
3647
3647
3555
3381
3235
3056
2789
2485
2106
1746
1418
1099
799
491
134
-204
-493
-800
-1031
-1311
-1624
-2000
-2307
-2587
-2845
-3072
-3305
-3475
-3560
-3576
-3493
-3370
-3318
-3160
-2959
-2807
-2647
-2463
-2290
-2124
-1997
-1836
-1691
-1605
-1442
-1308
-1170
-1033
-871
-681
-636
-524
-437
-463
-358
-298
-468
-484
-499
-596
-556
-575
-607
-541
-484
-382
-179
-81
98
328
392
574
877
1090
1267
1459
1579
1747
1998
2194
2383
2528
2696
2878
3041
3224
3392
3523
3556
3657
3710
3674
3742
3693
3459
3279
3071
2788
2521
2121
1686
1320
986
724
452
152
-90
-299
-590
-891
-1133
-1433
-1795
-2098
-2411
-2701
-2970
-3235
-3472
-3656
-3721
-3724
-3620
-3539
-3420
-3201
-2987
-2769
-2553
-2433
-2269
-2029
-1927
-1806
-1586
-1461
-1400
-1263
-1126
-1043
-840
-659
-650
-618
-492
-463
-454
-489
-559
-585
-587
-558
-499
-503
-438
-267
-171
-67
110
269
311
475
705
871
1100
1316
1454
1610
1788
2045
2312
2454
2643
2898
3095
3273
3443
3542
3642
3808
3831
3801
3839
3803
3650
3438
3228
3016
2753
2410
2023
1621
1240
978
684
321
82
-143
-461
-708
-964
-1245
-1530
-1795
-2174
-2548
-2809
-3074
-3360
-3584
-3702
-3718
-3669
-3591
-3388
-3268
-3100
-2785
-2604
-2532
-2214
-2037
-2003
-1810
-1736
-1660
-1496
-1448
-1384
-1236
-1164
-953
-749
-762
-631
-426
-470
-493
-430
-532
-600
-517
-510
-581
-489
-407
-343
-218
-179
-29
184
278
443
688
840
1092
1347
1406
1628
1898
2088
2345
2543
2698
2929
3130
3251
3390
3511
3586
3699
3760
3697
3727
3743
3539
3373
3146
2876
2681
2347
1943
1628
1332
1007
739
394
135
-55
-324
-628
-905
-1248
-1568
-1854
-2193
-2550
-2835
-3105
-3323
-3486
-3596
-3606
-3532
-3425
-3348
-3124
-2917
-2749
-2524
-2399
-2235
-2079
-2025
-1983
-1878
-1738
-1668
-1591
-1449
-1327
-1195
-964
-868
-828
-699
-594
-547
-556
-591
-602
-619
-633
-577
-558
-581
-454
-348
-291
-145
14
162
298
512
709
880
1185
1408
1524
1749
2023
2251
2436
2611
2815
3011
3187
3352
3500
3564
3714
3801
3765
3812
3817
3772
3631
3432
3230
2979
2738
2400
2028
1700
1392
1125
789
426
97
-195
-524
-797
-1076
-1460
-1719
-2008
-2376
-2683
-2920
-3152
-3375
-3532
-3613
-3645
-3586
-3520
-3450
-3198
-2972
-2811
-2570
-2392
-2254
-2095
-1977
-1893
-1773
-1646
-1563
-1447
-1352
-1245
-1046
-929
-917
-789
-645
-637
-621
-606
-714
-722
-645
-674
-715
-660
-599
-486
-379
-290
-151
15
204
427
635
815
1060
1266
1399
1560
1783
2017
2278
2444
2630
2920
3167
3337
3466
3586
3726
3825
3843
3901
3890
3839
3728
3522
3280
3053
2819
2492
2137
1819
1527
1232
949
599
276
51
-195
-497
-771
-1089
-1415
-1775
-2147
-2474
-2783
-3063
-3336
-3567
-3647
-3624
-3607
-3549
-3421
-3259
-3063
-2826
-2640
-2493
-2356
-2171
-2079
-2019
-1926
-1854
-1701
-1577
-1493
-1312
-1132
-1048
-956
-941
-840
-724
-748
-752
-823
-822
-728
-734
-768
-703
-621
-497
-410
-314
-160
-20
123
260
437
636
905
1143
1302
1425
1690
2007
2223
2478
2670
2912
3184
3379
3510
3693
3841
3926
3983
3969
3959
3942
3839
3605
3410
3209
2972
2657
2314
1971
1692
1455
1149
843
538
270
-11
-334
-656
-951
-1304
-1680
-2042
-2443
-2768
-3041
-3360
-3545
-3700
-3757
-3667
-3593
-3494
-3354
-3182
-2984
-2771
-2650
-2486
-2269
-2099
-1956
-1914
-1811
-1653
-1651
-1585
-1422
-1369
-1200
-1101
-1109
-906
-787
-788
-735
-788
-845
-734
-743
-732
-649
-629
-537
-408
-295
-150
-23
120
281
463
677
843
1106
1304
1424
1690
1947
2183
2483
2642
2839
3166
3328
3478
3619
3724
3856
3942
3929
3945
3920
3782
3607
3351
3139
2911
2572
2267
1976
1698
1452
1184
886
565
313
78
-205
-517
-848
-1178
-1527
-1934
-2332
-2692
-2981
-3221
-3476
-3656
-3680
-3618
-3599
-3480
-3344
-3205
-3006
-2765
-2599
-2469
-2225
-2075
-1956
-1831
-1787
-1682
-1606
-1561
-1438
-1328
-1222
-1116
-1059
-967
-865
-799
-789
-729
-733
-666
-582
-544
-532
-460
-321
-275
-219
-115
13
133
219
315
503
703
884
1058
1185
1376
1676
1910
2131
2315
2531
2836
3105
3283
3478
3651
3771
3883
3868
3834
3829
3759
3583
3378
3189
3050
2828
2483
2147
1880
1653
1374
1107
850
620
420
167
-174
-484
-851
-1209
-1608
-2071
-2452
-2836
-3147
-3422
-3648
-3809
-3812
-3712
-3629
-3492
-3270
-2988
-2802
-2661
-2448
-2264
-2173
-2098
-2003
-1914
-1866
-1794
-1710
-1652
-1498
-1320
-1256
-1181
-998
-849
-835
-762
-681
-682
-633
-537
-490
-487
-413
-336
-316
-261
-142
-38
30
126
272
406
629
865
993
1152
1414
1679
1896
2115
2320
2560
2849
3099
3265
3417
3556
3724
3777
3717
3784
3789
3688
3567
3418
3206
3026
2841
2582
2251
2068
1890
1614
1385
1115
852
617
313
-21
-373
-743
-1066
-1480
-1955
-2353
-2712
-3074
-3371
-3564
-3677
-3735
-3692
-3628
-3534
-3325
-3074
-2919
-2735
-2517
-2425
-2257
-2096
-2140
-2081
-1979
-1990
-1881
-1780
-1707
-1428
-1324
-1287
-1030
-903
-854
-703
-676
-705
-559
-458
-451
-389
-396
-368
-278
-218
-203
-87
-8
61
197
318
451
721
944
1047
1353
1566
1725
2004
2189
2405
2765
3010
3162
3383
3550
3676
3784
3800
3791
3813
3747
3626
3453
3264
3128
2973
2666
2365
2217
1993
1765
1559
1277
997
826
543
150
-165
-532
-943
-1356
-1830
-2241
-2613
-2983
-3308
-3598
-3770
-3794
-3699
-3642
-3551
-3328
-3137
-2928
-2766
-2668
-2541
-2449
-2330
-2243
-2281
-2162
-2000
-1948
-1831
-1667
-1547
-1453
-1345
-1199
-1057
-977
-888
-859
-835
-733
-585
-519
-479
-370
-245
-185
-85
16
38
109
264
329
454
664
852
992
1116
1320
1617
1888
2151
2378
2526
2803
3069
3233
3378
3556
3709
3762
3762
3794
3740
3664
3517
3277
3079
2961
2743
2486
2238
2040
1889
1647
1444
1249
1019
797
587
219
-147
-457
-835
-1246
-1701
-2087
-2472
-2834
-3173
-3442
-3623
-3631
-3611
-3583
-3441
-3301
-3137
-2927
-2788
-2663
-2502
-2445
-2378
-2211
-2174
-2146
-1972
-2003
-1955
-1723
-1669
-1588
-1428
-1339
-1220
-1062
-1015
-960
-843
-719
-581
-476
-412
-298
-144
-30
55
162
185
245
333
340
453
695
805
861
1021
1237
1543
1866
2083
2314
2603
2849
3105
3275
3384
3565
3651
3619
3658
3668
3617
3556
3379
3130
2940
2774
2537
2230
1953
1737
1652
1570
1409
1244
1115
920
715
380
-9
-305
-778
-1246
-1659
-2106
-2509
-2832
-3161
-3413
-3519
-3522
-3557
-3506
-3336
-3192
-2994
-2744
-2648
-2583
-2368
-2297
-2244
-2175
-2159
-2089
-2053
-2019
-1965
-1888
-1870
-1751
-1665
-1637
-1446
-1235
-1151
-1092
-863
-701
-544
-359
-233
-122
39
164
250
324
356
443
510
552
671
847
898
1021
1214
1397
1704
1984
2167
2415
2733
3021
3229
3373
3504
3592
3648
3617
3599
3543
3440
3322
3071
2808
2632
2458
2233
2011
1801
1622
1550
1398
1243
1091
978
823
580
332
62
-269
-649
-1070
-1546
-1988
-2374
-2760
-3128
-3369
-3479
-3491
-3489
-3409
-3267
-3086
-2874
-2662
-2526
-2419
-2307
-2271
-2216
-2271
-2308
-2278
-2338
-2301
-2162
-2139
-2087
-1898
-1789
-1678
-1519
-1427
-1263
-1071
-929
-712
-497
-342
-180
15
159
296
426
444
445
518
554
597
738
826
911
1097
1314
1514
1802
2057
2255
2543
2817
3094
3299
3447
3573
3619
3615
3557
3507
3361
3199
3018
2762
2552
2388
2170
1943
1811
1656
1575
1500
1394
1302
1189
1071
921
708
398
113
-263
-686
-1133
-1600
-2028
-2474
-2823
-3092
-3295
-3341
-3356
-3345
-3192
-3002
-2840
-2615
-2474
-2368
-2218
-2221
-2167
-2107
-2189
-2233
-2229
-2276
-2227
-2167
-2172
-2062
-1951
-1896
-1764
-1643
-1545
-1311
-1130
-967
-667
-471
-335
-80
106
250
377
490
550
591
661
666
774
904
921
1006
1151
1347
1585
1818
2026
2276
2578
2862
3122
3307
3446
3545
3560
3483
3452
3330
3136
2945
2697
2465
2245
2057
1830
1633
1494
1415
1373
1334
1260
1181
1117
979
859
612
329
43
-385
-811
-1206
-1620
-2020
-2425
-2812
-3017
-3119
-3157
-3112
-3050
-2978
-2728
-2548
-2466
-2339
-2250
-2194
-2107
-2116
-2160
-2218
-2252
-2238
-2214
-2196
-2186
-2079
-2017
-1923
-1809
-1685
-1588
-1474
-1329
-1163
-884
-643
-482
-270
-84
87
318
427
501
578
597
661
734
786
859
920
1020
1223
1428
1652
1909
2136
2382
2670
2914
3117
3256
3401
3469
3460
3458
3340
3210
3055
2831
2632
2400
2165
1957
1750
1532
1394
1288
1167
1085
1009
919
881
843
699
492
251
-69
-425
-837
-1263
-1668
-2073
-2403
-2667
-2826
-2876
-2909
-2891
-2767
-2623
-2490
-2290
-2130
-2017
-1928
-1885
-1889
-1920
-2026
-2066
-2090
-2195
-2183
-2168
-2236
-2163
-2089
-2102
-1994
-1894
-1798
-1608
-1441
-1239
-958
-742
-501
-261
-44
127
324
449
496
625
714
775
872
976
961
1030
1201
1346
1519
1735
1928
2191
2451
2693
2937
3143
3293
3403
3430
3422
3414
3276
3069
2821
2582
2292
2060
1830
1538
1323
1164
1034
1001
1007
1013
1006
946
887
838
671
473
233
-152
-510
-885
-1291
-1713
-2036
-2377
-2629
-2695
-2788
-2822
-2764
-2611
-2482
-2297
-2119
-1973
-1868
-1847
-1804
-1774
-1880
-1914
-1894
-2076
-2135
-2062
-2195
-2292
-2175
-2187
-2196
-2081
-1987
-1832
-1663
-1466
-1181
-961
-780
-460
-230
-35
223
389
457
545
662
683
721
866
945
964
1115
1279
1499
1725
1861
2109
2365
2612
2894
3051
3194
3393
3466
3378
3372
3300
3132
2932
2718
2502
2245
1981
1738
1463
1226
1108
1008
866
764
721
696
665
673
576
425
305
39
-280
-573
-939
-1292
-1624
-1994
-2265
-2456
-2572
-2641
-2679
-2625
-2480
-2355
-2220
-1991
-1860
-1782
-1689
-1614
-1638
-1649
-1678
-1800
-1876
-1937
-1991
-2078
-2141
-2090
-2036
-2012
-1939
-1886
-1793
-1603
-1388
-1176
-953
-748
-475
-244
-31
190
326
450
562
598
671
747
776
823
864
977
1182
1398
1554
1737
1954
2253
2542
2728
2898
3070
3224
3277
3260
3254
3209
3090
2877
2633
2383
2125
1861
1576
1262
1052
948
823
741
723
707
749
783
741
665
537
423
213
-129
-455
-842
-1249
-1608
-1962
-2260
-2403
-2491
-2577
-2591
-2450
-2229
-2139
-1955
-1788
-1700
-1589
-1508
-1541
-1590
-1603
-1671
-1764
-1895
-1927
-1958
-2071
-2135
-2077
-2090
-2006
-1836
-1832
-1754
-1523
-1337
-1167
-959
-767
-543
-315
-127
18
161
299
388
424
440
578
717
760
832
964
1115
1313
1605
1793
1986
2288
2523
2719
2886
3007
3185
3265
3221
3199
3126
2982
2819
2578
2292
2108
1911
1602
1343
1177
1044
978
921
852
835
878
854
788
680
537
346
74
-224
-526
-887
-1236
-1481
-1858
-2128
-2209
-2326
-2370
-2339
-2280
-2117
-1986
-1889
-1703
-1646
-1614
-1481
-1569
-1633
-1577
-1778
-1862
-1902
-2022
-2054
-2093
-2160
-2143
-2098
-2057
-1917
-1843
-1786
-1584
-1355
-1204
-994
-784
-656
-459
-214
-107
25
205
283
349
441
503
619
739
756
919
1085
1233
1560
1784
1940
2244
2506
2641
2814
2967
3031
3084
3099
3049
2997
2922
2758
2561
2315
2054
1875
1669
1404
1265
1143
1003
954
857
798
870
848
753
704
578
360
157
-82
-395
-695
-987
-1290
-1583
-1849
-2063
-2205
-2237
-2291
-2288
-2110
-1962
-1862
-1744
-1682
-1574
-1495
-1498
-1492
-1562
-1638
-1687
-1845
-1990
-2028
-1999
-2065
-2097
-2027
-1960
-1842
-1761
-1722
-1592
-1381
-1225
-1026
-858
-718
-515
-361
-278
-136
9
106
270
300
338
502
651
767
899
1044
1193
1438
1682
1861
2030
2262
2479
2615
2744
2865
2974
2994
2932
2879
2807
2680
2578
2379
2159
2027
1854
1634
1448
1330
1234
1148
1056
991
956
929
898
789
673
562
353
59
-240
-578
-886
-1172
-1429
-1675
-1859
-1955
-2013
-2070
-2074
-2026
-1920
-1796
-1748
-1703
-1659
-1638
-1695
-1667
-1740
-1902
-1896
-2012
-2139
-2127
-2112
-2161
-2114
-2119
-2063
-1897
-1801
-1689
-1592
-1540
-1348
-1132
-1009
-823
-668
-524
-422
-330
-192
-83
37
107
178
323
502
711
923
1067
1203
1425
1627
1859
2066
2182
2385
2583
2701
2814
2884
2864
2863
2833
2745
2717
2598
2421
2258
2063
1910
1782
1635
1483
1348
1271
1166
1110
1042
941
913
861
696
556
405
161
-126
-413
-709
-951
-1161
-1436
-1653
-1805
-1860
-1898
-1935
-1938
-1878
-1770
-1665
-1572
-1558
-1566
-1550
-1598
-1653
-1711
-1808
-1913
-1977
-2013
-2097
-2069
-1981
-2018
-1995
-1851
-1767
-1635
-1512
-1497
-1385
-1252
-1169
-1038
-914
-844
-751
-670
-563
-413
-314
-199
-49
68
243
475
717
875
1031
1286
1486
1720
1967
2105
2241
2461
2597
2715
2800
2788
2841
2830
2742
2758
2739
2614
2506
2356
2223
2102
1978
1811
1615
1489
1403
1259
1176
1086
967
860
776
614
439
248
37
-207
-526
-762
-1011
-1264
-1461
-1683
-1824
-1864
-1905
-1938
-1932
-1868
-1787
-1737
-1743
-1740
-1713
-1721
-1823
-1849
-1897
-1991
-2040
-2121
-2163
-2172
-2156
-2083
-2053
-2021
-1870
-1716
-1626
-1496
-1364
-1292
-1164
-1056
-1001
-905
-811
-757
-680
-542
-398
-239
-89
37
219
446
681
946
1128
1246
1462
1662
1807
2005
2172
2279
2456
2553
2610
2721
2733
2727
2701
2673
2650
2613
2512
2368
2272
2157
2055
1948
1817
1695
1620
1502
1406
1294
1146
960
805
614
436
339
144
-68
-335
-599
-774
-958
-1190
-1380
-1531
-1639
-1702
-1730
-1749
-1782
-1754
-1758
-1756
-1698
-1699
-1760
-1739
-1781
-1876
-1933
-1939
-2018
-2074
-2082
-2036
-1950
-1892
-1814
-1765
-1681
-1583
-1469
-1411
-1368
-1291
-1228
-1197
-1133
-1028
-973
-922
-812
-743
-623
-422
-299
-190
22
255
467
689
930
1157
1340
1505
1718
1883
2009
2144
2272
2361
2436
2548
2602
2644
2682
2686
2659
2659
2623
2572
2498
2375
2303
2229
2096
1985
1821
1666
1553
1400
1219
1055
875
705
530
324
128
-73
-326
-524
-711
-916
-1071
-1238
-1427
-1559
-1631
-1689
-1733
-1785
-1840
-1855
-1864
-1858
-1891
-1995
-1993
-2008
-2087
-2061
-2100
-2174
-2112
-2125
-2121
-1962
-1925
-1817
-1640
-1673
-1548
-1332
-1315
-1258
-1162
-1184
-1160
-1052
-1042
-1026
-932
-846
-747
-606
-465
-270
-49
111
294
552
763
993
1256
1348
1498
1721
1824
1906
2049
2084
2151
2275
2314
2372
2426
2432
2470
2498
2505
2580
2562
2502
2460
2413
2309
2236
2164
1969
1778
1677
1466
1275
1132
916
739
583
393
244
115
-109
-284
-456
-664
-795
-960
-1151
-1263
-1401
-1527
-1586
-1695
-1831
-1847
-1924
-2044
-2058
-2065
-2089
-2120
-2130
-2143
-2134
-2120
-2096
-2079
-2051
-1971
-1861
-1804
-1717
-1571
-1530
-1441
-1322
-1282
-1260
-1194
-1168
-1191
-1169
-1115
-1043
-965
-859
-743
-596
-441
-235
-24
173
431
666
847
1068
1313
1477
1613
1759
1853
1958
2056
2165
2226
2310
2376
2405
2481
2534
2609
2625
2631
2606
2544
2434
2373
2292
2120
2012
1845
1640
1457
1315
1133
922
725
543
379
219
98
-9
-149
-259
-359
-492
-635
-765
-840
-1007
-1138
-1243
-1368
-1468
-1605
-1733
-1780
-1815
-1868
-1875
-1924
-1929
-1910
-1951
-1963
-1898
-1905
-1919
-1794
-1795
-1768
-1678
-1669
-1597
-1546
-1484
-1397
-1375
-1331
-1250
-1270
-1294
-1195
-1192
-1213
-1095
-976
-922
-755
-555
-414
-209
-1
208
432
633
811
1005
1158
1362
1556
1650
1751
1956
2022
2110
2247
2277
2367
2487
2537
2566
2610
2623
2653
2614
2563
2495
2376
2240
2128
1967
1835
1696
1514
1321
1133
1004
792
627
492
285
193
82
-84
-190
-312
-456
-545
-666
-815
-919
-1093
-1255
-1343
-1453
-1575
-1625
-1727
-1865
-1897
-1973
-2037
-2032
-2063
-2033
-1994
-1977
-1977
-2004
-1945
-1916
-1900
-1875
-1814
-1781
-1750
-1628
-1557
-1524
-1403
-1380
-1316
-1221
-1158
-1097
-1070
-998
-867
-758
-638
-481
-374
-188
22
216
378
598
822
968
1146
1337
1483
1612
1773
1935
2064
2170
2260
2315
2353
2414
2497
2491
2461
2470
2401
2380
2352
2259
2172
2063
1942
1860
1732
1618
1450
1275
1132
1015
869
755
600
395
229
81
-29
-165
-301
-430
-555
-681
-767
-880
-972
-1091
-1195
-1254
-1344
-1388
-1449
-1564
-1587
-1653
-1721
-1752
-1782
-1832
-1847
-1828
-1875
-1895
-1888
-1908
-1831
-1787
-1793
-1688
-1646
-1605
-1454
-1433
-1391
-1225
-1226
-1131
-1028
-1000
-912
-826
-806
-701
-588
-549
-381
-256
-170
11
177
299
499
670
835
1089
1317
1472
1668
1769
1869
2016
2132
2191
2266
2297
2241
2293
2268
2265
2301
2217
2183
2123
2027
2026
1956
1852
1718
1618
1487
1360
1225
995
790
595
429
289
157
-27
-183
-310
-438
-518
-583
-710
-771
-832
-988
-1013
-1030
-1128
-1172
-1238
-1297
-1318
-1373
-1436
-1519
-1564
-1590
-1625
-1677
-1727
-1723
-1739
-1743
-1730
-1705
-1717
-1636
-1566
-1558
-1461
-1373
-1377
-1256
-1150
-1170
-995
-929
-927
-790
-780
-750
-603
-617
-518
-402
-346
-205
-62
59
171
379
472
647
902
1035
1247
1465
1550
1719
1887
1947
2011
2099
2116
2179
2227
2110
2114
2094
1994
2050
1989
1898
1920
1814
1757
1721
1607
1439
1288
1123
955
852
665
465
283
111
-10
-107
-259
-434
-540
-643
-679
-662
-727
-756
-752
-806
-849
-872
-913
-957
-991
-1045
-1100
-1164
-1225
-1314
-1374
-1424
-1476
-1475
-1527
-1590
-1522
-1507
-1483
-1424
-1443
-1436
-1396
-1348
-1319
-1255
-1196
-1162
-1142
-1101
-1033
-1005
-941
-900
-797
-705
-651
-510
-396
-333
-160
-58
44
231
307
415
595
700
867
1034
1175
1302
1425
1524
1616
1756
1764
1836
1872
1896
1959
1999
1997
1998
1975
1938
1929
1912
1831
1742
1645
1489
1422
1264
1085
933
718
574
434
235
109
-36
-177
-287
-398
-505
-581
-654
-713
-724
-763
-790
-804
-842
-925
-964
-1024
-1076
-1131
-1182
-1244
-1290
-1294
-1316
-1316
-1301
-1265
-1269
-1227
-1167
-1141
-1131
-1081
-1112
-1093
-1026
-1010
-1016
-1009
-972
-970
-896
-885
-800
-743
-712
-602
-552
-505
-425
-381
-222
-119
-41
90
172
291
323
422
515
628
702
724
789
856
951
1097
1151
1237
1363
1420
1558
1675
1735
1772
1800
1826
1825
1845
1795
1682
1556
1426
1346
1251
1160
1038
856
725
611
498
366
203
26
-105
-170
-231
-315
-429
-509
-589
-657
-714
-763
-858
-960
-982
-993
-1040
-1036
-1096
-1184
-1164
-1145
-1096
-1059
-1051
-1032
-960
-904
-846
-801
-782
-738
-690
-668
-611
-614
-662
-661
-678
-693
-668
-659
-685
-693
-636
-575
-509
-476
-446
-358
-244
-193
-93
-7
17
88
156
185
202
275
275
346
391
435
521
557
618
747
794
872
1002
1046
1151
1265
1309
1380
1404
1420
1415
1395
1325
1241
1208
1101
1019
912
786
720
653
570
486
356
278
189
145
77
12
-62
-212
-302
-350
-428
-530
-605
-679
-763
-824
-892
-961
-1026
-1093
-1089
-1047
-1017
-982
-958
-924
-834
-791
-724
-625
-573
-545
-479
-424
-373
-333
-368
-352
-312
-314
-295
-277
-265
-233
-227
-240
-212
-117
-77
-50
10
-16
29
154
135
181
191
138
165
190
146
137
84
51
138
96
158
269
287
321
472
524
601
719
708
734
810
826
841
843
736
740
768
688
639
594
467
509
536
420
432
376
288
360
323
268
214
130
93
113
38
-63
-104
-277
-360
-400
-547
-682
-745
-862
-886
-865
-947
-929
-921
-913
-846
-794
-769
-718
-641
-618
-516
-432
-394
-328
-297
-278
-184
-179
-172
-108
-90
-8
79
119
157
222
310
381
438
515
536
555
564
567
488
433
391
326
300
249
168
114
-21
32
-15
-63
-22
-47
-68
-2
50
40
48
68
91
85
190
156
152
136
133
190
170
106
119
47
60
120
111
114
120
116
141
223
172
205
201
141
167
154
57
34
-61
-155
-216
-303
-395
-450
-516
-562
-568
-539
-526
-534
-536
-509
-432
-468
-420
-390
-411
-367
-338
-328
-371
-368
-378
-344
-265
-250
-157
-77
20
135
226
326
467
570
661
750
821
858
896
948
910
881
858
803
762
728
670
560
528
477
411
403
384
292
249
243
195
153
80
23
-74
-134
-154
-209
-307
-349
-460
-507
-561
-646
-676
-696
-734
-700
-677
-655
-597
-564
-509
-438
-318
-347
-270
-239
-253
-178
-199
-265
-264
-303
-302
-279
-290
-302
-275
-248
-253
-203
-207
-183
-168
-164
-141
-103
-105
-83
-93
-128
-89
-96
-121
-117
-174
-172
-186
-193
-165
-173
-139
-94
-30
85
165
256
347
406
482
578
637
696
793
852
861
923
944
887
977
957
953
1017
965
973
986
963
967
976
918
887
859
772
711
658
477
361
299
130
31
-71
-267
-378
-477
-605
-666
-774
-882
-957
-958
-1015
-1033
-1053
-1091
-1087
-1099
-1081
-1058
-1086
-1089
-1053
-1046
-1001
-969
-926
-904
-847
-808
-747
-680
-602
-553
-440
-333
-243
-156
-78
-40
3
62
90
123
142
159
187
234
188
200
166
156
179
185
175
181
217
244
313
360
385
431
462
481
531
575
596
584
609
640
661
671
689
672
699
766
804
826
862
872
905
977
1010
1016
1013
985
949
936
846
792
739
633
552
447
343
230
113
31
-89
-126
-208
-303
-341
-444
-485
-548
-612
-646
-726
-810
-873
-947
-1041
-1112
-1172
-1246
-1281
-1315
-1389
-1341
-1341
-1359
-1244
-1202
-1170
-1037
-1037
-982
-853
-821
-749
-647
-613
-505
-380
-362
-291
-216
-200
-104
-52
-68
55
111
184
282
329
340
410
454
492
607
649
653
690
701
723
715
653
654
612
564
611
572
613
631
642
674
736
790
785
864
891
888
890
916
904
871
831
807
738
663
588
526
515
442
360
322
234
200
169
136
118
60
-1
-25
-54
-111
-178
-249
-299
-346
-411
-504
-562
-661
-719
-799
-826
-876
-905
-888
-885
-864
-838
-799
-786
-743
-714
-688
-626
-605
-621
-603
-572
-595
-571
-612
-598
-582
-551
-491
-522
-487
-461
-411
-328
-263
-206
-181
-123
-37
8
111
164
160
183
216
264
312
316
357
364
394
431
502
540
594
654
690
763
812
817
826
846
841
894
790
751
761
679
647
593
493
434
393
330
290
221
125
115
118
66
83
27
-47
-1
-59
-79
-94
-163
-219
-211
-270
-346
-392
-447
-456
-482
-514
-539
-527
-518
-492
-468
-444
-413
-369
-347
-303
-262
-260
-247
-239
-238
-192
-188
-218
-228
-223
-196
-168
-130
-134
-99
-69
-22
23
51
81
91
155
157
108
120
102
103
121
118
53
36
28
40
59
81
57
48
88
156
209
207
283
325
318
348
389
400
375
405
364
330
316
248
263
248
230
221
171
108
153
105
57
66
34
41
53
27
-31
-55
-111
-165
-185
-276
-325
-342
-468
-495
-480
-562
-573
-596
-624
-588
-566
-544
-493
-435
-436
-414
-388
-347
-273
-213
-188
-183
-165
-142
-124
-104
-75
-72
-42
19
82
120
167
203
277
300
347
390
379
448
451
458
472
459
460
452
454
447
439
415
398
419
415
399
421
387
405
444
421
431
412
350
329
317
287
214
151
113
77
60
-9
-81
-127
-186
-172
-181
-181
-173
-200
-217
-218
-190
-222
-223
-254
-286
-276
-263
-335
-336
-345
-405
-433
-472
-522
-560
-533
-533
-495
-487
-535
-494
-463
-449
-390
-407
-378
-318
-318
-301
-261
-287
-302
-252
-244
-227
-201
-226
-219
-241
-270
-219
-136
-82
3
106
148
192
320
345
322
381
408
483
557
561
574
573
582
627
662
668
688
748
759
823
817
798
812
748
751
775
677
623
582
531
513
433
339
236
188
106
46
-21
-101
-144
-198
-225
-258
-303
-346
-377
-421
-385
-391
-452
-450
-484
-501
-509
-529
-567
-588
-587
-586
-557
-596
-646
-637
-607
-589
-579
-558
-534
-476
-409
-381
-339
-338
-337
-293
-286
-250
-243
-260
-273
-230
-184
-144
-136
-120
-51
-8
-2
10
33
55
111
149
157
176
182
206
274
249
267
308
321
322
359
373
381
390
436
479
496
565
581
586
633
662
662
675
675
670
642
622
548
497
459
399
380
322
266
224
176
154
98
68
47
-22
-36
-59
-86
-132
-173
-226
-297
-338
-380
-425
-479
-513
-555
-551
-560
-547
-540
-548
-526
-509
-476
-472
-457
-446
-428
-409
-386
-339
-322
-311
-282
-274
-244
-209
-204
-184
-205
-184
-156
-105
-46
-40
-5
40
48
85
95
100
76
74
110
104
137
111
90
103
107
91
92
74
76
134
138
154
200
210
266
340
379
391
412
431
455
453
471
473
432
447
420
417
393
378
334
332
329
281
254
213
159
139
117
78
93
26
-19
-73
-96
-133
-194
-225
-289
-321
-351
-385
-460
-481
-461
-506
-513
-500
-485
-472
-418
-424
-395
-340
-354
-314
-296
-262
-226
-235
-247
-230
-196
-180
-145
-131
-89
-73
-77
-32
-2
24
35
52
68
108
121
116
144
159
166
183
174
191
177
183
162
173
186
182
167
178
179
199
227
231
245
257
258
254
304
309
292
328
314
297
286
260
272
262
272
227
208
191
166
138
115
125
112
77
75
58
7
-3
-22
-38
-68
-100
-162
-197
-211
-273
-294
-319
-368
-383
-409
-419
-429
-406
-388
-416
-355
-351
-380
-370
-362
-343
-321
-291
-267
-271
-226
-202
-198
-159
-150
-109
-80
-58
-30
-3
20
43
87
94
92
152
148
170
213
204
242
255
247
254
240
247
269
249
244
254
251
251
260
246
252
267
258
257
260
228
214
230
174
174
146
138
151
122
115
97
75
40
58
36
23
12
-15
-5
-1
-36
-48
-71
-101
-122
-155
-189
-203
-218
-253
-237
-261
-282
-279
-293
-305
-296
-295
-298
-286
-268
-235
-247
-252
-264
-254
-210
-201
-189
-158
-183
-161
-131
-144
-134
-74
-56
-42
15
6
17
44
82
138
138
147
172
200
214
210
198
195
188
149
171
191
207
248
263
278
286
285
271
252
268
249
277
238
235
219
189
178
147
144
127
130
108
98
71
58
22
-14
-19
-46
-32
-30
-38
-71
-68
-66
-95
-111
-135
-133
-118
-175
-185
-172
-173
-159
-165
-176
-200
-184
-203
-218
-206
-204
-214
-216
-232
-224
-234
-239
-233
-254
-236
-214
-178
-172
-162
-143
-128
-87
-72
-69
-66
-30
1
16
17
49
66
80
105
122
119
115
127
135
148
153
166
186
209
196
211
236
273
261
267
250
253
270
254
264
247
237
245
216
193
187
150
130
109
92
75
43
-7
5
-20
-28
-38
-44
-57
-77
-78
-102
-126
-117
-117
-129
-146
-169
-190
-198
-170
-199
-205
-219
-231
-217
-215
-219
-217
-206
-199
-199
-184
-151
-144
-146
-165
-146
-114
-120
-122
-100
-91
-78
-61
-60
-63
-57
-26
-18
21
27
39
63
79
70
70
77
60
79
86
93
101
129
146
156
161
163
175
202
189
216
215
211
243
227
272
273
267
289
277
265
243
227
235
165
151
139
136
118
101
97
53
25
-15
-35
-50
-67
-88
-108
-122
-127
-136
-155
-187
-207
-203
-224
-226
-248
-284
-300
-304
-294
-300
-304
-281
-263
-252
-230
-226
-213
-191
-198
-189
-173
-153
-147
-149
-114
-114
-89
-93
-58
-12
3
31
57
57
68
78
57
83
82
82
74
97
113
126
145
136
156
138
129
142
120
139
157
144
154
146
170
187
190
193
200
224
239
246
230
235
256
255
241
241
222
215
226
186
176
141
96
80
54
38
-7
-29
-50
-65
-44
-46
-60
-81
-95
-102
-132
-177
-223
-245
-255
-264
-293
-323
-330
-314
-307
-315
-308
-322
-331
-317
-278
-284
-270
-234
-236
-219
-219
-183
-144
-112
-92
-51
-36
-43
-3
-5
25
48
81
96
112
155
184
197
200
220
230
249
268
266
271
281
262
254
254
222
192
176
137
152
162
143
154
151
153
143
138
131
107
126
115
101
99
69
44
19
6
-8
-6
-21
-43
-55
-78
-86
-97
-99
-109
-131
-133
-123
-137
-121
-102
-119
-120
-119
-119
-132
-162
-179
-179
-216
-255
-245
-245
-270
-256
-248
-279
-248
-275
-275
-256
-259
-233
-202
-173
-149
-114
-97
-95
-74
-46
-12
23
25
64
86
96
118
130
149
176
215
246
275
272
303
296
304
325
310
325
323
377
353
331
325
299
298
257
224
207
174
161
164
151
132
86
74
75
68
53
35
14
4
-1
-17
-36
-65
-77
-87
-89
-108
-109
-121
-152
-147
-166
-179
-175
-193
-174
-184
-190
-162
-162
-169
-139
-164
-160
-164
-214
-246
-254
-248
-274
-295
-289
-289
-295
-295
-294
-293
-286
-271
-238
-234
-216
-183
-172
-134
-105
-79
-56
-37
-7
14
45
63
81
118
144
169
203
240
277
274
281
306
325
348
367
378
389
382
402
410
401
410
398
374
348
332
301
283
259
224
203
182
170
175
133
99
104
72
82
56
33
9
-19
-42
-70
-95
-127
-157
-165
-182
-200
-202
-221
-216
-219
-212
-193
-189
-193
-161
-160
-182
-190
-193
-200
-211
-252
-271
-275
-283
-278
-283
-300
-315
-301
-300
-307
-312
-300
-300
-281
-253
-251
-246
