-13
-18
-4
-5
0
-4
-3
-4
-7
-8
-3
2
-4
-6
-1
-8
-7
-9
4
2
0
-2
-4
7
3
-3
-7
0
1
-2
3
9
14
11
7
6
4
-11
-13
-11
-9
-1
0
3
6
3
-4
2
5
-3
-8
-1
-9
-2
3
11
13
8
14
12
13
6
9
8
10
10
-5
-7
-1
-3
-7
-5
2
-5
9
7
1
6
10
14
17
19
10
9
-2
-7
-1
-3
0
9
4
4
8
2
3
9
10
10
11
11
8
-4
9
-3
-2
-7
-10
-3
4
7
11
10
0
3
-8
-12
-18
-18
-11
0
1
5
2
5
-6
-9
-4
-10
8
5
2
6
0
-8
-8
-3
-3
-9
-6
-4
-17
4
-2
-12
-4
1
-8
-12
-2
-3
-3
-4
-6
4
-6
2
-6
-11
-3
5
-4
-8
-1
0
-4
-12
-7
-8
-10
-3
-9
-7
0
-2
-17
-14
-13
-20
-21
-10
0
-5
11
2
2
9
9
7
1
5
3
4
-1
-4
0
10
4
2
1
4
11
12
8
10
14
2
10
27
26
34
31
22
20
13
8
15
9
5
2
4
10
-1
-8
-2
-1
2
-2
-5
-3
-7
-9
0
-2
5
11
9
8
1
6
-9
-3
-8
-20
-9
-5
2
-4
-9
-9
-6
-7
-1
0
3
7
2
5
-2
-2
-7
-10
-13
-8
-16
-21
-18
-21
-24
-23
-10
-5
4
7
11
5
8
11
-1
12
7
1
3
8
12
5
13
15
7
-2
5
1
6
13
9
3
-3
3
-4
-10
-10
2
15
17
10
7
4
3
-1
2
7
1
0
0
-7
-7
-29
-45
19
33
-15
-35
-50
-23
55
5
-39
2
4
18
-8
-25
2
4
4
-5
1
19
25
-13
13
10
-30
-18
-20
8
13
-35
-51
-23
-7
-13
-49
-45
-20
-52
-112
-129
-50
26
31
-49
-120
-131
-4
95
60
-1
-29
18
128
183
149
158
190
281
305
290
310
315
353
364
312
273
280
247
276
260
147
74
26
16
-23
-84
-172
-231
-251
-271
-352
-417
-404
-463
-499
-520
-577
-614
-569
-581
-634
-662
-674
-639
-567
-515
-523
-527
-456
-376
-331
-269
-186
-131
-48
4
36
139
212
279
353
391
431
473
517
603
667
678
689
701
773
836
814
809
811
799
806
790
757
734
718
677
639
598
558
492
450
431
352
294
233
191
159
112
45
-16
-71
-115
-129
-194
-272
-306
-395
-436
-452
-551
-630
-698
-782
-834
-898
-965
-988
-1029
-1036
-1067
-1127
-1132
-1159
-1157
-1157
-1211
-1194
-1165
-1129
-1026
-944
-875
-825
-793
-712
-566
-412
-278
-213
-164
-47
52
154
254
319
411
519
574
638
724
812
889
932
958
1016
1037
1084
1140
1165
1169
1158
1177
1201
1220
1205
1163
1132
1140
1103
1040
1006
982
945
913
866
830
820
773
721
675
623
566
494
445
379
314
262
182
110
35
-97
-178
-229
-335
-413
-526
-663
-730
-794
-899
-1013
-1089
-1197
-1294
-1346
-1401
-1481
-1510
-1565
-1620
-1608
-1638
-1663
-1653
-1702
-1771
-1741
-1697
-1636
-1580
-1576
-1462
-1362
-1316
-1311
-1264
-1027
-734
-653
-630
-553
-376
-64
111
190
365
586
803
958
1094
1333
1528
1631
1724
1738
1736
2007
2217
2155
2103
1943
1861
2126
2193
1914
1760
1703
1748
1699
1488
1415
1331
1294
1187
937
887
924
710
578
499
307
201
94
60
123
-2
-193
-283
-274
-211
-317
-543
-477
-458
-566
-521
-627
-719
-626
-718
-831
-718
-826
-969
-1022
-1022
-1045
-1170
-1273
-1310
-1365
-1336
-1405
-1613
-1648
-1627
-1746
-1840
-1855
-1848
-1860
-1996
-2153
-2189
-2070
-1928
-1935
-1947
-1821
-1714
-1802
-1748
-1439
-1044
-762
-800
-760
-415
95
350
475
679
1041
1315
1471
1718
1959
2183
2202
2215
2482
2671
2599
2597
2729
2831
2767
2571
2567
2727
2764
2477
2172
2150
2267
2061
1750
1639
1541
1361
1076
861
797
714
450
184
82
47
-137
-412
-446
-428
-597
-824
-905
-839
-767
-845
-983
-1001
-963
-1012
-1129
-1099
-994
-1067
-1215
-1293
-1223
-1051
-1172
-1388
-1343
-1270
-1220
-1246
-1460
-1504
-1331
-1360
-1458
-1596
-1650
-1556
-1608
-1653
-1663
-1743
-1747
-1734
-1876
-1779
-1679
-1778
-1587
-1514
-1608
-1614
-1596
-1313
-843
-740
-840
-751
-363
183
318
369
708
1115
1423
1580
1630
1972
2344
2310
2310
2472
2687
2772
2691
2807
3003
2899
2778
2777
2822
2910
2675
2321
2331
2371
2169
1890
1690
1631
1469
1143
928
853
732
542
216
95
78
-172
-398
-453
-481
-612
-863
-1019
-973
-957
-1101
-1297
-1340
-1285
-1354
-1462
-1454
-1536
-1587
-1578
-1719
-1618
-1604
-1852
-1854
-1736
-1745
-1752
-1847
-1878
-1673
-1698
-1769
-1802
-1807
-1646
-1614
-1713
-1758
-1754
-1677
-1504
-1517
-1576
-1628
-1618
-1168
-1038
-1397
-1531
-1277
-807
-445
-547
-712
-372
69
383
420
538
980
1319
1517
1715
1908
2106
2355
2457
2592
2704
2691
2776
2946
3106
3085
2873
2800
3000
3017
2861
2606
2452
2530
2402
2174
2016
1881
1737
1558
1308
1128
981
715
503
294
134
-47
-346
-457
-491
-696
-915
-1039
-1127
-1176
-1305
-1468
-1584
-1620
-1685
-1895
-1934
-1838
-1912
-2039
-2081
-2089
-1998
-1981
-2055
-2102
-2030
-1922
-1911
-1890
-1813
-1786
-1818
-1743
-1563
-1465
-1536
-1456
-1443
-1401
-1966
-2169
-568
-17
-1132
-2139
-2595
-1058
1193
-141
-2394
-1800
-53
949
-191
-1190
-111
1100
1339
523
25
1386
2484
1627
1744
2469
2304
1979
2017
2984
3570
2507
1563
2232
3405
3584
2066
1443
2741
3064
2159
1536
1682
2460
2382
1049
856
1631
1560
731
308
864
953
-121
-523
94
380
77
-863
-1283
-372
-134
-1071
-1442
-909
-543
-1031
-1679
-1361
-894
-1318
-1627
-1601
-1395
-1183
-1643
-1976
-1396
-1052
-1472
-2115
-1816
-823
-916
-1763
-1736
-1614
-1414
-960
-1227
-1232
-1030
-1612
-1735
-895
-713
-1196
-1642
-1276
-373
-565
-1415
-1702
-945
178
-265
-1501
-1266
-433
-509
-559
-452
-205
-89
-410
-513
95
712
554
130
567
1518
1258
694
1213
1958
2043
1722
1375
1774
2656
2447
1949
2104
2503
2561
2112
2186
2742
2606
2106
1985
2113
2569
2357
1617
1759
1984
1644
1232
1046
1293
1381
770
375
382
443
398
-133
-319
-176
-392
-839
-869
-861
-915
-1278
-1588
-1387
-1323
-1600
-1875
-1899
-1652
-1650
-1949
-2094
-1990
-1773
-1740
-2180
-1958
-1535
-1873
-1807
-1711
-1688
-1993
-1707
-832
-1002
-1593
-1828
-2212
-1358
31
-1152
-2373
-1651
-921
-837
-1553
-1845
-1337
-738
-955
-1851
-2086
-873
-97
-961
-1046
-502
-298
-131
120
474
1015
1131
854
1288
2029
2279
1867
1905
2668
2896
2612
2523
2708
3204
3416
2774
2582
3224
3354
2885
2712
2887
2907
2548
2367
2362
2394
2233
1758
1208
1462
1619
991
521
516
506
104
-370
-511
-392
-602
-943
-1272
-1344
-1103
-1322
-1762
-1797
-1673
-1762
-2065
-2117
-1869
-1859
-2262
-2294
-2151
-1983
-2003
-2199
-2065
-1756
-1762
-1942
-2001
-1767
-1354
-1507
-1692
-1432
-1216
-1379
-1408
-1018
-851
-1286
-1404
-1198
-906
-618
-1187
-1716
-1009
-435
-818
-1276
-1137
-746
-662
-859
-750
-288
62
-253
-447
155
765
712
492
941
1632
1874
1501
1448
2139
2694
2350
1932
2397
3054
2947
2536
2624
2963
3092
2797
2404
2668
2943
2659
2136
2067
2425
2254
1675
1463
1661
1514
1034
703
635
745
484
46
-155
-140
-303
-687
-897
-828
-827
-1208
-1466
-1431
-1361
-1599
-1905
-1889
-1688
-1786
-2068
-2186
-1939
-1837
-2050
-2030
-2003
-1884
-1697
-1909
-2019
-1481
-1287
-1736
-1661
-1169
-1087
-1176
-993
-1161
-993
-660
-877
-892
-804
-807
-791
-855
-709
-592
-1077
-1165
-631
-550
-653
-890
-1047
-824
-624
-681
-601
-332
-220
-225
-245
96
588
593
555
876
1326
1561
1405
1469
2058
2336
2046
1969
2111
2531
2673
2364
2329
2575
2647
2549
2291
2355
2712
2461
2100
1989
1993
2004
1789
1538
1501
1333
1045
934
854
778
520
66
16
103
-149
-603
-760
-601
-502
-883
-1391
-1366
-1138
-1109
-1425
-1691
-1763
-1683
-1603
-1733
-1819
-1829
-1909
-1925
-1574
-1527
-1760
-1846
-1638
-1335
-1236
-1515
-1674
-1203
-888
-992
-1149
-1142
-1090
-849
-748
-1068
-1108
-966
-911
-917
-782
-915
-1359
-1172
-727
-686
-934
-1140
-1363
-1029
-671
-670
-681
-679
-478
-262
-152
33
259
343
787
1116
1210
1369
1381
1679
2127
2110
1924
2129
2416
2574
2516
2359
2376
2485
2636
2504
2265
2319
2355
2131
2028
2072
1866
1675
1583
1531
1379
1084
905
783
712
622
323
-106
-103
-18
-281
-513
-687
-704
-791
-1003
-1167
-1175
-1183
-1248
-1452
-1575
-1447
-1446
-1468
-1457
-1567
-1662
-1639
-1557
-1371
-1385
-1633
-1687
-1282
-963
-1154
-1428
-1210
-1040
-963
-871
-1231
-1111
-509
-614
-999
-933
-1032
-982
-673
-639
-722
-894
-1111
-814
-500
-616
-868
-1140
-777
-266
-710
-949
-688
-348
92
-164
-582
-81
525
617
620
692
1112
1401
1347
1442
1662
1802
1910
1683
1811
2271
2095
1906
2010
2135
2208
1947
1682
2006
2070
1789
1595
1481
1713
1646
1150
1093
1244
1114
838
520
560
779
473
89
95
145
125
-196
-474
-269
-188
-565
-751
-733
-656
-625
-944
-1185
-978
-875
-1082
-1233
-1258
-1230
-1104
-1217
-1313
-1159
-1477
-1525
-995
-1034
-1339
-1284
-1372
-1289
-801
-947
-1405
-1145
-791
-1035
-1111
-1061
-1382
-1290
-829
-932
-1262
-1294
-1399
-1214
-873
-850
-1168
-1474
-1239
-938
-996
-952
-753
-859
-800
-549
-484
-217
89
196
423
789
948
1019
1242
1591
1778
1702
1597
1698
2031
2405
2315
2057
2127
2197
2199
2228
2254
2245
2177
2048
1982
1970
1940
1824
1683
1680
1596
1299
1222
1264
1230
1143
886
647
636
625
437
236
138
74
-52
-237
-347
-366
-464
-570
-769
-972
-1058
-1136
-1175
-1273
-1434
-1622
-1624
-1411
-1574
-1783
-1646
-1663
-1662
-1298
-1645
-2113
-1504
-1250
-1630
-1416
-1465
-1831
-1343
-990
-1410
-1532
-1326
-1233
-1439
-1376
-1083
-1360
-1576
-1264
-1350
-1357
-889
-1060
-1485
-1396
-1056
-1085
-1005
-708
-674
-773
-519
-209
-122
99
396
573
940
1279
1155
1229
1706
2053
1925
1804
1962
2378
2537
2481
2348
2339
2638
2664
2469
2480
2618
2506
2319
2291
2333
2244
2046
1963
1916
1766
1638
1366
1209
1255
1168
731
504
525
435
255
-52
-205
-158
-274
-525
-578
-697
-857
-927
-1151
-1220
-1224
-1480
-1703
-1575
-1454
-1553
-1734
-1929
-1817
-1571
-1724
-2021
-1894
-1605
-1570
-1686
-1854
-1668
-1411
-1331
-1504
-1749
-1360
-948
-1250
-1406
-1283
-1326
-1192
-1031
-1128
-1208
-1276
-1277
-1141
-968
-795
-994
-1324
-1118
-840
-960
-854
-624
-475
-443
-469
-318
50
380
487
558
838
1208
1294
1375
1638
1840
1890
1878
1958
2281
2525
2416
2329
2403
2496
2510
2426
2394
2430
2376
2208
2201
2145
2092
1968
1734
1680
1660
1458
1269
1171
1106
1012
724
525
477
373
196
-8
-103
-151
-287
-433
-549
-703
-709
-787
-1110
-1222
-1173
-1242
-1352
-1354
-1560
-1821
-1709
-1576
-1810
-1767
-1752
-1987
-1792
-1694
-1773
-1842
-1708
-1555
-1614
-1554
-1446
-1603
-1341
-1054
-1444
-1394
-1207
-1419
-1230
-1017
-1165
-1252
-1307
-1243
-1043
-946
-794
-757
-1124
-1115
-955
-857
-575
-346
-390
-460
-239
78
228
318
623
940
1167
1311
1354
1501
1902
2049
1932
1877
2051
2276
2348
2359
2430
2381
2242
2225
2287
2282
2142
2025
1955
1907
1918
1838
1652
1537
1605
1398
1132
1112
1097
952
808
676
498
399
322
114
-5
79
-34
-225
-374
-410
-443
-542
-651
-808
-893
-879
-1022
-1233
-1261
-1193
-1380
-1551
-1616
-1649
-1666
-1669
-1735
-1831
-1606
-1485
-1740
-1982
-1670
-1573
-1515
-1436
-1767
-1677
-1308
-1402
-1723
-1779
-1493
-1268
-1294
-1337
-1520
-1671
-1310
-1050
-1128
-1017
-911
-1158
-1187
-857
-664
-584
-502
-397
-318
-177
88
334
465
811
1155
1211
1288
1509
1734
1978
2158
2183
2173
2161
2324
2509
2490
2465
2450
2290
2312
2441
2261
2168
2120
2019
1980
1927
1792
1699
1630
1604
1442
1140
1040
998
868
841
682
445
352
289
219
138
-51
-166
-227
-415
-482
-557
-769
-891
-838
-969
-1163
-1270
-1350
-1461
-1549
-1571
-1715
-1849
-1913
-2053
-2045
-2010
-1944
-2094
-2180
-1930
-1996
-2002
-1736
-1789
-1790
-1509
-1723
-1677
-1367
-1354
-1376
-1416
-1257
-948
-1030
-1184
-1154
-1159
-675
-364
-675
-744
-625
-562
-371
-207
-76
-7
18
101
335
470
690
815
950
1333
1552
1436
1522
1859
2112
2211
2034
1996
2156
2393
2454
2284
2148
2214
2133
2135
2141
1906
1807
1739
1687
1678
1545
1291
1240
1251
1147
948
653
638
732
595
376
239
125
121
21
-69
-68
-125
-183
-274
-277
-287
-492
-670
-669
-698
-752
-844
-1136
-1248
-1076
-1163
-1479
-1650
-1629
-1622
-1565
-1639
-1878
-1826
-1789
-1751
-1505
-1657
-1759
-1485
-1614
-1496
-1200
-1751
-1662
-1152
-1258
-1288
-1320
-1342
-1010
-919
-1152
-1150
-1200
-774
-388
-681
-813
-811
-733
-498
-281
-268
-285
-298
-33
345
293
372
592
839
1233
1334
1202
1366
1771
1995
1953
1795
1893
2188
2328
2290
2207
2172
2216
2225
2083
2071
1995
1818
1783
1772
1696
1567
1410
1333
1293
1167
1009
840
777
796
631
399
397
314
130
97
-16
-91
-103
-214
-361
-346
-354
-564
-821
-775
-718
-890
-918
-1214
-1487
-1220
-1238
-1570
-1597
-1728
-1798
-1689
-1611
-1712
-1886
-1787
-1714
-1736
-1571
-1501
-1670
-1470
-1393
-1346
-1210
-1349
-1172
-1165
-1263
-952
-919
-1158
-1011
-1009
-1042
-584
-651
-706
-690
-729
-610
-453
-365
-231
-193
-317
-151
122
339
457
513
733
1126
1290
1259
1373
1610
1949
1999
1732
1781
2101
2238
2235
2186
2153
2257
2198
2040
2057
2058
1853
1689
1580
1621
1515
1252
1153
1122
1033
822
544
486
634
537
169
-2
39
140
-120
-351
-180
-91
-314
-489
-484
-478
-453
-553
-799
-876
-766
-775
-933
-1086
-1111
-1132
-1301
-1386
-1299
-1405
-1578
-1582
-1380
-1360
-1596
-1652
-1416
-1289
-1386
-1255
-1234
-1341
-951
-841
-1293
-1084
-694
-1115
-1130
-750
-717
-869
-962
-994
-917
-586
-428
-654
-936
-852
-675
-670
-363
-144
-358
-491
-266
18
191
238
299
591
962
1106
911
1032
1512
1820
1643
1479
1574
1837
2026
2004
1958
1919
2005
1908
1744
1870
1928
1670
1538
1637
1670
1479
1263
1235
1271
1179
967
738
763
916
813
540
442
497
398
124
38
152
39
-156
-276
-285
-264
-325
-547
-581
-533
-757
-860
-949
-1038
-988
-1079
-1342
-1314
-1201
-1426
-1610
-1576
-1453
-1439
-1538
-1490
-1440
-1454
-1387
-1261
-1386
-1316
-1088
-1329
-1307
-903
-1018
-1338
-1227
-1034
-976
-881
-1036
-1266
-1063
-584
-609
-1005
-1035
-864
-666
-571
-469
-431
-490
-414
-185
-50
76
232
271
536
945
1039
859
996
1427
1732
1586
1407
1477
1756
2052
1993
1794
1854
2077
2011
2004
1974
1852
1815
1787
1780
1722
1563
1437
1369
1313
1300
1123
915
927
918
874
782
601
506
399
285
212
94
-56
-104
-172
-229
-241
-409
-553
-591
-718
-818
-862
-1037
-1134
-1105
-1204
-1219
-1369
-1628
-1455
-1396
-1583
-1386
-1591
-1668
-1239
-1309
-1599
-1375
-1173
-1248
-1306
-1168
-1012
-1284
-1075
-939
-1191
-950
-670
-957
-1266
-1048
-890
-959
-945
-835
-850
-979
-959
-941
-857
-595
-440
-572
-629
-399
-207
-128
28
267
543
700
727
893
1118
1383
1505
1525
1535
1646
1797
1930
2048
2034
2075
2038
2021
2150
2096
1952
1902
1826
1879
1776
1513
1484
1541
1491
1375
1150
1016
1107
983
777
719
587
475
381
231
127
85
19
-124
-251
-260
-303
-460
-618
-748
-796
-780
-924
-1164
-1079
-1060
-1338
-1330
-1218
-1576
-1573
-1297
-1672
-1706
-1156
-1305
-1835
-1441
-1208
-1520
-1319
-1194
-1309
-1083
-812
-938
-1233
-1116
-856
-825
-816
-663
-968
-1203
-1053
-629
-489
-841
-865
-932
-912
-678
-704
-857
-499
-139
-375
-635
-426
17
216
155
325
539
638
785
907
1078
1398
1519
1222
1187
1748
2081
1780
1670
1971
2029
2024
2052
1917
1949
2096
1950
1687
1741
1867
1621
1410
1562
1571
1228
1026
1062
1104
1038
794
517
479
576
415
42
-59
119
59
-251
-482
-483
-394
-575
-782
-810
-974
-1012
-902
-1108
-1330
-1344
-1380
-1447
-1425
-1490
-1592
-1510
-1331
-1376
-1707
-1670
-1272
-1045
-1241
-1329
-1162
-1032
-796
-868
-1226
-1170
-745
-743
-922
-738
-801
-1056
-1114
-972
-770
-814
-839
-829
-977
-992
-878
-1052
-905
-463
-537
-808
-734
-374
-101
-34
126
367
541
696
804
933
1265
1580
1465
1321
1600
1900
1992
1966
2015
2152
2147
2048
2116
2072
2025
2057
1881
1794
1833
1707
1501
1419
1518
1436
1057
931
1125
1001
766
730
561
448
465
280
26
75
161
-70
-350
-257
-220
-481
-574
-539
-685
-831
-885
-927
-1024
-1193
-1192
-1355
-1426
-1210
-1451
-1732
-1478
-1332
-1329
-1447
-1696
-1432
-1143
-1246
-1215
-1416
-1316
-921
-1039
-1169
-1019
-1026
-1046
-967
-1036
-942
-933
-1079
-1171
-992
-736
-749
-908
-1029
-1011
-857
-780
-718
-609
-571
-616
-494
-262
-3
136
241
508
798
988
984
1023
1333
1636
1628
1487
1508
1756
1961
2006
1851
1853
1945
1934
1947
1875
1762
1715
1688
1639
1608
1451
1332
1317
1295
1258
1080
939
954
942
795
691
614
508
441
362
248
125
91
40
-125
-197
-157
-270
-406
-459
-532
-664
-670
-745
-936
-1034
-1120
-1026
-878
-1247
-1601
-1177
-1263
-1156
-873
-1659
-1749
-935
-1161
-1536
-1215
-1198
-1178
-948
-1153
-1543
-1246
-724
-1084
-1314
-1017
-1008
-1229
-1274
-1142
-1114
-991
-891
-1104
-1304
-1088
-1031
-1044
-804
-525
-702
-905
-573
-201
-47
-23
45
347
734
792
765
905
1271
1538
1457
1323
1513
1762
1852
1847
1845
1976
1949
1836
2007
2097
1932
1853
1782
1823
1903
1706
1433
1455
1511
1454
1234
1053
1122
1161
1029
798
720
739
602
407
343
289
182
78
-38
-163
-139
-212
-410
-479
-502
-672
-776
-797
-886
-880
-1100
-1328
-1258
-1191
-1347
-1491
-1564
-1417
-1124
-1513
-1741
-1437
-1193
-1197
-1231
-1342
-1345
-996
-1081
-1264
-1108
-931
-1051
-1302
-1230
-996
-920
-1217
-1426
-1330
-964
-738
-1129
-1417
-1232
-848
-834
-910
-805
-663
-603
-485
-330
-206
12
153
366
614
771
802
858
1137
1548
1620
1382
1451
1775
1946
1932
1890
1928
2079
2077
1913
1849
1899
1921
1849
1688
1685
1652
1475
1368
1446
1442
1253
1037
931
1021
1011
810
598
547
606
532
236
141
222
197
53
-132
-217
-193
-308
-421
-499
-712
-740
-612
-792
-999
-1016
-1161
-1241
-1073
-1278
-1540
-1507
-1254
-1156
-1368
-1537
-1594
-1463
-1058
-1041
-1377
-1139
-1152
-1243
-954
-1113
-1261
-1062
-1056
-1137
-1152
-1214
-1237
-1207
-1078
-848
-1044
-1115
-1086
-1371
-1266
-843
-685
-835
-866
-806
-466
-144
-131
-118
111
530
811
681
693
1136
1398
1471
1449
1417
1608
1817
1815
1957
2036
1940
1894
1805
1905
2087
1849
1626
1740
1790
1701
1465
1340
1450
1399
1217
1107
948
953
1044
798
642
729
656
447
308
309
358
245
66
63
1
-36
-107
-316
-465
-420
-490
-709
-714
-637
-819
-1087
-961
-966
-1306
-1289
-1310
-1503
-1262
-1104
-1613
-1632
-1305
-1221
-1230
-1393
-1333
-1290
-1242
-838
-953
-1332
-958
-1059
-1394
-1056
-918
-1111
-1184
-1252
-1089
-979
-972
-868
-1128
-1369
-987
-820
-892
-653
-662
-858
-563
-280
-251
-253
-124
376
713
641
615
865
1081
1487
1527
1237
1435
1764
1782
1784
1855
1905
1943
1794
1777
1907
1794
1785
1728
1675
1744
1572
1293
1367
1459
1391
1231
954
941
1050
947
802
748
692
608
443
336
359
388
323
111
-56
95
45
-188
-244
-299
-423
-427
-472
-670
-864
-831
-801
-936
-1111
-1276
-1276
-1192
-1050
-1147
-1541
-1527
-1122
-1197
-1228
-1221
-1420
-1204
-1084
-1284
-1225
-1128
-1056
-1163
-1380
-1308
-1276
-1343
-1201
-1265
-1533
-1205
-1070
-1187
-1187
-1230
-1343
-1180
-871
-710
-770
-911
-679
-407
-361
-137
-44
-15
495
764
656
774
1033
1284
1470
1391
1439
1527
1645
1866
1882
1839
1898
1810
1764
1950
1910
1775
1716
1716
1799
1738
1474
1405
1457
1474
1411
1172
1057
1100
1056
926
859
827
789
566
376
507
504
233
144
110
43
83
-42
-331
-371
-284
-337
-654
-956
-727
-615
-790
-903
-1164
-1426
-1140
-1074
-1349
-1457
-1418
-1154
-1216
-1425
-1381
-1305
-1194
-854
-1181
-1485
-1087
-980
-1032
-1024
-1271
-1332
-1139
-1025
-1000
-1250
-1460
-1100
-935
-992
-1031
-1422
-1469
-1061
-835
-879
-921
-1133
-902
-516
-452
-340
-309
-186
337
661
567
583
739
1098
1389
1268
1114
1338
1598
1873
1864
1566
1718
1867
1806
1909
1926
1755
1845
1814
1701
1734
1611
1531
1479
1450
1526
1326
1058
1132
1165
1044
993
887
692
677
652
580
402
294
353
227
24
1
-47
-324
-300
-258
-468
-636
-641
-601
-788
-878
-963
-1128
-1245
-1002
-1184
-1497
-1203
-1209
-1300
-1150
-1270
-1257
-1053
-1194
-1080
-1132
-1324
-1031
-973
-1058
-1040
-1307
-1377
-1014
-966
-1184
-1375
-1526
-1164
-949
-1142
-1323
-1383
-1384
-1170
-1117
-1124
-941
-989
-1017
-787
-545
-422
-388
-288
191
573
524
498
612
977
1455
1373
1086
1260
1657
1923
1860
1748
1808
1808
1922
2041
1831
1773
1947
1839
1839
1969
1716
1489
1541
1741
1764
1432
1148
1221
1241
1219
1150
838
780
856
670
498
497
383
312
215
93
-11
-167
-268
-294
-352
-469
-605
-835
-764
-815
-1036
-1118
-1172
-1242
-1223
-1376
-1458
-1202
-1278
-1570
-1516
-1361
-1357
-1167
-1133
-1409
-1328
-1098
-1095
-1211
-1057
-936
-1316
-1351
-985
-1131
-1292
-1105
-1364
-1307
-861
-904
-1205
-1330
-1232
-1154
-1029
-931
-813
-941
-931
-560
-490
-524
-292
-92
167
611
634
475
670
1070
1339
1285
1142
1362
1597
1666
1810
1776
1765
1885
1817
1676
1842
1886
1754
1719
1766
1831
1676
1484
1506
1594
1558
1432
1193
1137
1295
1206
1031
931
888
812
631
508
601
589
399
226
224
158
61
-106
-217
-246
-309
-369
-596
-791
-732
-702
-890
-969
-1049
-1177
-1227
-1149
-1207
-1344
-1363
-1300
-1462
-1340
-1211
-1335
-1257
-1104
-1149
-1236
-1407
-1216
-790
-1165
-1392
-1314
-1554
-1167
-818
-1624
-1806
-1206
-1019
-1088
-1374
-1684
-1447
-1133
-919
-914
-1128
-1078
-691
-718
-573
-148
-277
-205
271
566
563
631
734
1089
1385
1314
1187
1174
1567
1947
1736
1580
1770
1842
1908
1985
1802
1793
1827
1717
1817
1764
1604
1656
1574
1511
1644
1445
1214
1279
1322
1263
1082
882
834
798
731
759
529
394
498
382
149
60
91
54
-75
-195
-312
-488
-493
-558
-680
-852
-1008
-1015
-1125
-1196
-1155
-1287
-1369
-1274
-1251
-1365
-1621
-1461
-1018
-1219
-1358
-1243
-1397
-1200
-998
-1320
-1371
-1096
-1171
-1279
-1308
-1194
-1092
-1398
-1599
-1305
-1002
-983
-1185
-1682
-1600
-1033
-930
-1092
-1044
-939
-805
-709
-675
-452
-201
-65
220
392
450
615
637
893
1309
1305
995
1151
1621
1844
1803
1637
1645
1878
2095
1921
1654
1777
1995
1943
1722
1720
1740
1660
1629
1583
1510
1448
1374
1274
1304
1345
1239
1015
833
878
911
753
563
594
638
465
246
143
138
72
-44
-224
-405
-470
-431
-663
-854
-847
-867
-1013
-1186
-1171
-1134
-1247
-1280
-1271
-1308
-1222
-1245
-1445
-1394
-1200
-1150
-1351
-1434
-1243
-1139
-1087
-1161
-1430
-1602
-1256
-1178
-1410
-1419
-1603
-1687
-1401
-1156
-1181
-1541
-1797
-1614
-1256
-1086
-987
-1201
-1290
-859
-627
-695
-636
-362
46
311
314
344
482
778
1165
1292
1131
1177
1300
1521
1766
1790
1649
1588
1738
1948
1954
1791
1766
1948
2029
1998
1834
1671
1764
1924
1901
1686
1508
1487
1512
1471
1490
1394
1181
1098
1071
946
948
927
790
685
618
441
304
221
207
163
-131
-394
-346
-301
-529
-616
-789
-1005
-890
-971
-1390
-1383
-1164
-1279
-1465
-1448
-1511
-1495
-1286
-1409
-1584
-1373
-1315
-1497
-1565
-1454
-1259
-1431
-1730
-1602
-1542
-1551
-1418
-1686
-1930
-1676
-1476
-1610
-1607
-1634
-1763
-1716
-1623
-1295
-1123
-1228
-1305
-1148
-886
-658
-530
-503
-220
166
396
386
364
733
1125
1215
1151
1213
1384
1661
1862
1752
1766
1926
2029
2112
2191
2114
2066
2146
2216
2269
2127
1986
1998
2081
2181
1997
1743
1733
1862
1838
1690
1510
1348
1304
1195
1123
1070
998
835
698
569
496
459
275
11
-9
-9
-284
-473
-563
-646
-743
-813
-999
-1195
-1152
-1243
-1356
-1650
-1562
-1230
-1672
-1762
-1569
-1907
-1703
-1092
-1707
-1917
-1412
-1641
-1685
-1537
-1564
-1662
-1758
-1627
-1605
-1738
-1636
-1635
-2066
-1753
-1188
-1539
-1849
-1777
-1722
-1563
-1275
-1242
-1298
-1211
-1023
-843
-781
-582
-231
-175
54
426
420
480
787
1084
1259
1257
1225
1570
1831
1851
1918
1759
1869
2233
2193
2017
2040
2185
2250
2198
2112
2113
2076
2048
2177
2003
1892
1911
1733
1696
1787
1703
1440
1344
1304
1262
1139
1024
940
771
751
688
461
326
401
261
5
-119
-197
-279
-438
-537
-696
-839
-940
-1125
-1231
-1147
-1320
-1485
-1354
-1678
-1654
-1338
-1704
-1874
-1530
-1514
-1649
-1614
-1645
-1710
-1680
-1384
-1489
-1943
-1862
-1578
-1586
-1599
-1572
-1885
-2183
-1801
-1439
-1706
-1742
-1624
-1776
-1718
-1480
-1375
-1377
-1192
-951
-992
-963
-652
-397
-263
109
409
447
569
839
1016
1199
1422
1496
1621
1822
1934
1957
2063
2283
2370
2259
2171
2237
2358
2387
2317
2209
2206
2252
2213
2113
2051
2001
1960
1812
1634
1629
1589
1501
1415
1291
1128
998
954
864
775
694
570
384
296
270
120
-68
-170
-223
-385
-544
-678
-840
-950
-980
-1070
-1275
-1440
-1499
-1621
-1446
-1448
-1623
-1505
-1930
-1896
-1149
-1590
-1894
-1418
-2003
-1958
-1196
-1838
-2006
-1429
-1634
-1897
-1821
-1833
-1715
-1637
-1886
-1868
-1951
-1754
-1254
-1531
-1915
-1606
-1492
-1524
-1107
-987
-1155
-1001
-804
-548
-372
-365
-32
282
552
805
810
824
1191
1545
1549
1521
1700
2002
2020
2030
2275
2232
2239
2451
2332
2231
2467
2451
2216
2258
2348
2303
2071
1978
2099
1986
1839
1853
1697
1545
1613
1486
1272
1249
1137
956
912
862
812
692
522
428
332
178
108
-43
-226
-323
-404
-611
-783
-848
-958
-1160
-1272
-1309
-1492
-1570
-1585
-1632
-1622
-1662
-1577
-1636
-2032
-1817
-1423
-1855
-1845
-1656
-1994
-1775
-1559
-1804
-1915
-1816
-1758
-1735
-1786
-1654
-1663
-2024
-1944
-1575
-1564
-1520
-1427
-1756
-1886
-1451
-1248
-1207
-1039
-1030
-941
-757
-526
-304
-264
-59
478
594
572
779
1008
1253
1582
1621
1478
1656
1952
2214
2101
2154
2275
2235
2404
2533
2399
2349
2415
2407
2396
2272
2146
2185
2130
2133
2099
1839
1773
1799
1708
1629
1578
1372
1239
1210
1123
1016
871
793
708
471
380
347
38
-106
-42
-210
-444
-627
-790
-853
-949
-954
-1192
-1524
-1545
-1477
-1578
-1519
-1768
-1945
-1684
-1911
-1973
-1661
-1919
-1999
-1614
-1988
-2148
-1734
-1785
-2049
-1861
-1770
-1941
-1835
-1714
-1909
-1964
-1703
-1597
-1787
-1764
-1523
-1389
-1394
-1155
-1221
-1548
-1379
-968
-889
-823
-651
-691
-542
-242
-32
-21
207
632
886
878
984
1163
1328
1546
1640
1623
1675
1914
2105
2137
2156
2270
2289
2291
2413
2411
2319
2345
2465
2438
2296
2180
2150
2160
2185
2153
1987
1872
1878
1833
1637
1521
1510
1429
1262
1154
1018
917
815
730
539
350
274
129
8
-150
-313
-536
-707
-717
-848
-1082
-1222
-1382
-1523
-1534
-1633
-1713
-1882
-2124
-1989
-1991
-2187
-1946
-1976
-2468
-2194
-1804
-2043
-2199
-2037
-2058
-2181
-1794
-1726
-2178
-2096
-1581
-1733
-1881
-1568
-1535
-1722
-1550
-1434
-1596
-1456
-1092
-1063
-1301
-1313
-1054
-903
-726
-444
-473
-550
-157
117
138
295
587
799
941
1113
1229
1395
1476
1651
1825
1797
1990
2143
2006
2089
2455
2402
2323
2433
2440
2512
2588
2587
2492
2394
2402
2411
2212
2242
2355
2169
1991
2070
1912
1735
1690
1570
1468
1343
1193
977
812
771
777
477
221
134
-67
-323
-396
-503
-754
-939
-1088
-1211
-1256
-1532
-1685
-1658
-1843
-1799
-1947
-2420
-2174
-1868
-2209
-2254
-2290
-2404
-2013
-1996
-2416
-2310
-2007
-2005
-2126
-2152
-2027
-1875
-1863
-1742
-1757
-1721
-1303
-1393
-1606
-1253
-1092
-1297
-1303
-1097
-869
-696
-785
-896
-951
-750
-352
-262
-323
-221
-81
-10
189
307
341
526
802
985
1121
1100
1157
1348
1638
1870
1861
1832
1852
1980
2207
2355
2285
2285
2401
2493
2565
2542
2486
2568
2597
2541
2473
2377
2304
2306
2269
2142
2030
1857
1774
1756
1636
1510
1267
1076
1018
945
715
454
279
133
39
-195
-450
-603
-728
-907
-1087
-1332
-1464
-1514
-1727
-1900
-1894
-1903
-2043
-2276
-2398
-2229
-2226
-2294
-2291
-2417
-2442
-2208
-2244
-2510
-2106
-1915
-2273
-2143
-2001
-2117
-1878
-1740
-1815
-1619
-1554
-1571
-1607
-1654
-1248
-1102
-1303
-1140
-1109
-1161
-784
-567
-703
-737
-708
-509
-224
-32
43
34
137
507
670
555
696
1025
1260
1429
1471
1476
1523
1663
1968
2140
2032
2088
2192
2143
2312
2567
2415
2355
2492
2568
2619
2596
2592
2545
2468
2544
2510
2157
2119
2282
2157
2032
1908
1671
1509
1527
1462
1219
999
836
730
478
362
191
-124
-239
-364
-614
-790
-925
-1146
-1162
-1289
-1541
-1657
-1859
-1934
-1923
-2089
-2194
-2392
-2392
-2367
-2408
-2388
-2493
-2504
-2255
-2374
-2543
-2437
-2385
-2247
-2140
-2181
-2202
-2139
-1918
-1765
-1834
-1730
-1504
-1480
-1524
-1401
-1239
-1124
-1008
-948
-962
-816
-620
-523
-526
-471
-327
-132
-40
87
349
427
494
652
782
872
1048
1226
1355
1475
1582
1532
1576
1818
1998
2019
1997
2022
2128
2287
2267
2274
2323
2435
2536
2478
2410
2537
2626
2576
2525
2441
2346
2306
2225
2143
2098
1956
1811
1614
1546
1474
1347
1121
929
770
531
302
146
-20
-223
-348
-638
-920
-1027
-1122
-1268
-1409
-1607
-1791
-1827
-2011
-2132
-2224
-2377
-2328
-2258
-2248
-2441
-2588
-2497
-2358
-2396
-2253
-2307
-2648
-2304
-1981
-2168
-2308
-2096
-2195
-2071
-1755
-1901
-1915
-1655
-1368
-1345
-1418
-1428
-1204
-1014
-932
-689
-758
-761
-357
-168
-307
-205
-77
12
304
539
613
612
729
986
1132
1091
1326
1445
1467
1710
1800
1674
1777
2052
2115
2064
2107
2148
2155
2309
2422
2285
2263
2456
2508
2413
2404
2379
2351
2411
2434
2315
2123
2029
2011
1887
1738
1641
1429
1255
1238
1116
883
699
584
432
199
62
-146
-390
-502
-675
-930
-1062
-1286
-1490
-1391
-1549
-1808
-1859
-1997
-2171
-2132
-2149
-2333
-2446
-2357
-2343
-2484
-2432
-2408
-2459
-2410
-2395
-2172
-2280
-2352
-2057
-2204
-2160
-1711
-1928
-2063
-1550
-1505
-1547
-1317
-1325
-1270
-1103
-916
-837
-755
-628
-510
-461
-292
65
17
-78
172
420
526
688
689
801
1074
1107
1130
1169
1327
1601
1644
1607
1743
1835
1872
1945
2025
2122
2064
2035
2101
2198
2269
2306
2253
2216
2380
2453
2327
2273
2282
2249
2198
2094
1975
1896
1846
1747
1571
1376
1301
1108
900
815
686
442
269
140
-70
-238
-402
-605
-750
-869
-1012
-1258
-1447
-1501
-1526
-1733
-1945
-1992
-2125
-2152
-2009
-2088
-2322
-2369
-2438
-2368
-2210
-2296
-2454
-2503
-2397
-2156
-2139
-2320
-2225
-2035
-2009
-1891
-1836
-1862
-1595
-1384
-1427
-1322
-1200
-1030
-898
-887
-664
-410
-455
-377
-116
-139
72
352
234
310
535
568
666
808
894
983
1071
1149
1232
1303
1374
1541
1597
1676
1728
1665
1690
1841
1874
1880
1959
1916
1898
1944
1996
2122
2110
2013
2019
2023
2043
2085
2059
1978
1895
1802
1753
1631
1493
1471
1369
1207
1164
999
772
720
702
537
263
110
9
-202
-348
-438
-651
-823
-960
-1174
-1392
-1483
-1528
-1666
-1818
-1935
-1933
-2108
-2160
-2102
-2268
-2371
-2271
-2303
-2317
-2335
-2358
-2286
-2323
-2166
-2110
-2278
-2077
-1921
-2027
-1852
-1657
-1656
-1570
-1399
-1278
-1131
-919
-769
-833
-768
-493
-340
-339
-122
34
19
165
376
412
489
689
706
784
913
1054
1132
1186
1327
1337
1291
1376
1486
1578
1669
1679
1633
1647
1729
1780
1740
1700
1729
1811
1871
1901
1871
1879
1882
1974
1956
1879
1868
1894
1917
1782
1686
1619
1553
1467
1391
1254
1089
977
889
745
615
522
333
163
84
-71
-316
-497
-608
-734
-916
-1086
-1335
-1584
-1562
-1594
-1823
-2011
-2088
-2107
-2082
-2156
-2365
-2400
-2263
-2177
-2235
-2426
-2448
-2297
-2174
-2248
-2242
-2064
-2060
-1995
-1905
-1903
-1734
-1507
-1531
-1384
-1131
-1078
-971
-889
-670
-392
-345
-352
-174
54
142
337
305
343
643
788
738
835
988
1108
1194
1156
1288
1308
1306
1482
1456
1404
1583
1571
1550
1719
1663
1588
1690
1690
1712
1705
1597
1606
1689
1685
1709
1595
1534
1646
1696
1656
1643
1551
1480
1506
1412
1380
1274
1109
1064
1071
959
841
661
525
506
433
247
38
-96
-140
-211
-407
-595
-749
-869
-1036
-1147
-1265
-1508
-1610
-1627
-1834
-1928
-1829
-1969
-2194
-2186
-2160
-2189
-2110
-2151
-2370
-2293
-2148
-2132
-2109
-2149
-2096
-1887
-1749
-1781
-1802
-1686
-1570
-1406
-1195
-1148
-1109
-870
-710
-555
-386
-315
-260
-176
27
207
237
295
494
533
663
877
842
880
1072
1161
1196
1258
1298
1340
1435
1468
1416
1390
1424
1593
1640
1630
1669
1536
1539
1634
1667
1649
1599
1550
1567
1656
1589
1565
1532
1520
1600
1596
1496
1435
1390
1320
1302
1228
1099
1000
897
863
762
598
481
404
270
162
16
-217
-260
-309
-483
-710
-870
-951
-1010
-1146
-1310
-1491
-1637
-1662
-1799
-1913
-1984
-2000
-2115
-2223
-2201
-2147
-2134
-2047
-2119
-2273
-2144
-1955
-1938
-1978
-1806
-1824
-1812
-1546
-1514
-1635
-1306
-1184
-1203
-993
-876
-738
-594
-522
-289
-202
-160
35
229
180
351
611
571
664
858
926
921
1135
1239
1244
1238
1312
1377
1396
1452
1497
1400
1385
1529
1512
1426
1473
1568
1526
1562
1524
1447
1438
1414
1437
1372
1341
1393
1399
1360
1370
1383
1287
1245
1247
1213
1148
1047
979
887
851
791
673
524
526
462
289
154
37
-94
-192
-270
-425
-580
-767
-839
-960
-1098
-1209
-1388
-1472
-1455
-1542
-1719
-1880
-1983
-1874
-1812
-2004
-2157
-2142
-2045
-1882
-1928
-1996
-2021
-1933
-1676
-1654
-1757
-1633
-1555
-1482
-1296
-1238
-1205
-1140
-1003
-760
-663
-658
-467
-422
-311
-20
49
43
235
315
410
556
614
646
811
852
954
1064
1062
1210
1323
1368
1389
1365
1325
1406
1458
1447
1425
1324
1288
1362
1374
1369
1361
1335
1288
1283
1234
1256
1211
1169
1195
1162
1158
1126
1036
1052
1007
938
918
831
764
782
718
577
548
475
428
365
237
169
112
-64
-115
-205
-378
-392
-468
-634
-681
-835
-1015
-1060
-1118
-1157
-1191
-1344
-1477
-1465
-1532
-1548
-1541
-1665
-1683
-1584
-1635
-1612
-1603
-1594
-1521
-1518
-1452
-1407
-1482
-1275
-1176
-1268
-976
-1062
-1067
-797
-821
-726
-509
-600
-444
-172
-293
-141
4
-4
218
270
259
398
543
549
662
628
669
882
842
897
1016
1005
1053
1175
1122
1153
1199
1201
1300
1322
1314
1331
1224
1214
1293
1215
1160
1174
1110
1064
1075
945
867
897
783
698
635
585
606
539
434
445
439
380
310
214
182
218
150
86
-21
-104
-109
-169
-210
-224
-317
-432
-418
-452
-494
-515
-626
-636
-592
-659
-739
-808
-859
-822
-776
-847
-880
-953
-966
-934
-960
-982
-1036
-1077
-1090
-1031
-1000
-1011
-1025
-942
-907
-893
-789
-863
-940
-682
-617
-719
-557
-561
-681
-414
-353
-398
-214
-233
-181
-22
-29
50
107
52
239
391
272
370
484
506
685
688
661
751
849
950
1014
934
1034
1124
1082
1162
1156
1060
1084
1042
1018
1089
991
954
930
823
844
771
596
601
582
496
454
345
277
275
149
92
67
-67
-71
-96
-178
-129
-129
-276
-289
-231
-249
-284
-361
-355
-346
-417
-420
-432
-499
-408
-414
-491
-421
-362
-410
-454
-437
-334
-353
-385
-350
-438
-384
-287
-321
-319
-314
-434
-410
-329
-325
-323
-399
-409
-330
-347
-321
-346
-399
-303
-269
-357
-379
-323
-353
-273
-213
-260
-205
-227
-202
-136
-63
-86
-89
-52
-36
40
152
65
36
271
240
184
361
334
315
391
460
406
421
557
508
484
548
572
493
522
607
580
525
482
511
468
413
416
333
303
289
253
186
163
140
93
-15
-91
-86
-154
-240
-199
-300
-334
-322
-386
-424
-449
-425
-397
-394
-428
-405
-430
-412
-306
-320
-372
-278
-261
-200
-87
-113
-90
28
49
7
67
80
105
152
162
197
205
232
254
203
236
294
213
204
283
325
278
184
209
281
250
286
256
97
173
290
187
149
133
54
58
125
167
62
-37
-23
-44
-75
28
-11
-253
-184
-44
-132
-143
-61
-198
-213
-77
-189
-243
-131
-149
-209
-216
-183
-114
-113
-152
-125
-168
-103
-67
-169
-156
-132
-164
-121
-176
-225
-199
-176
-171
-186
-165
-150
-219
-239
-139
-218
-259
-217
-262
-248
-175
-209
-212
-264
-262
-215
-267
-323
-262
-289
-289
-162
-210
-233
-224
-193
-93
-44
-65
-22
-37
-7
139
175
117
204
303
361
371
367
409
440
542
625
570
535
675
722
671
719
733
716
729
780
742
681
719
725
691
695
700
582
535
630
592
474
433
411
418
371
311
197
157
161
66
-29
-111
-166
-212
-249
-295
-338
-397
-519
-492
-473
-540
-640
-729
-714
-695
-659
-688
-757
-770
-705
-704
-787
-808
-806
-803
-743
-697
-752
-823
-811
-758
-663
-591
-641
-682
-584
-484
-475
-456
-444
-416
-337
-270
-305
-329
-242
-206
-138
-72
-95
-69
-71
-3
69
74
98
104
112
209
269
205
276
346
331
392
367
353
404
429
466
503
494
519
604
660
710
720
696
720
790
856
859
814
792
836
894
852
817
809
835
822
832
805
736
756
722
635
628
601
497
469
456
396
349
313
235
213
179
109
-16
-67
-73
-143
-211
-251
-284
-359
-361
-453
-574
-585
-611
-719
-774
-773
-800
-827
-878
-925
-952
-984
-953
-975
-1047
-1046
-997
-977
-996
-999
-982
-1000
-988
-945
-910
-873
-842
-790
-745
-749
-714
-596
-562
-525
-467
-434
-393
-314
-216
-214
-144
-64
-12
4
120
192
264
323
363
431
473
543
606
640
628
704
744
769
754
826
874
853
942
976
929
940
984
943
928
967
922
902
904
896
918
847
803
822
770
763
746
704
633
575
532
504
459
441
432
302
266
269
179
95
36
-15
-84
-100
-189
-242
-301
-380
-354
-386
-447
-502
-523
-590
-625
-628
-652
-741
-800
-747
-797
-845
-774
-807
-890
-902
-909
-914
-977
-1044
-1025
-996
-1012
-914
-900
-1001
-899
-809
-824
-730
-671
-680
-622
-512
-427
-383
-319
-202
-81
17
114
128
147
294
415
435
398
407
485
531
536
578
578
538
652
686
606
604
618
611
617
638
600
571
560
554
528
511
557
473
453
514
474
455
467
446
456
494
474
463
473
464
471
445
419
445
392
369
386
336
272
248
279
268
247
191
130
106
71
14
0
-84
-197
-174
-210
-339
-363
-387
-480
-490
-484
-636
-672
-626
-679
-756
-735
-737
-761
-758
-766
-726
-725
-691
-666
-697
-681
-623
-636
-559
-495
-497
-470
-432
-371
-252
-271
-290
-229
-202
-182
-118
-160
-171
-42
8
27
54
33
96
121
129
165
143
170
268
262
286
294
303
359
371
403
434
392
372
501
518
515
531
512
512
539
571
616
587
532
610
585
511
545
537
487
538
573
526
463
446
498
473
385
352
298
292
315
270
201
174
116
80
84
-25
-93
-117
-171
-206
-282
-360
-387
-394
-429
-442
-504
-550
-553
-557
-576
-543
-572
-630
-611
-611
-594
-572
-622
-655
-581
-555
-585
-578
-560
-598
-533
-442
-439
-446
-401
-411
-381
-327
-310
-318
-317
-250
-225
-181
-177
-120
-69
-1
42
32
57
90
151
190
179
187
234
231
291
333
328
326
343
366
433
510
499
444
450
528
570
530
526
511
528
568
570
549
525
524
479
492
464
427
373
373
401
371
350
266
226
265
291
226
140
79
73
62
46
26
-41
-56
-92
-110
-103
-173
-258
-212
-162
-246
-257
-285
-318
-293
-279
-316
-366
-369
-362
-399
-410
-371
-394
-417
-372
-362
-405
-415
-403
-423
-403
-406
-404
-369
-364
-331
-330
-353
-338
-318
-296
-271
-253
-276
-242
-183
-182
-135
-117
-69
-21
13
47
61
94
125
155
153
197
235
254
266
280
281
295
323
320
334
330
359
384
363
369
342
328
336
373
363
375
368
363
379
372
345
323
318
292
291
298
248
224
213
182
148
94
93
65
42
22
-17
-50
-105
-99
-88
-147
-165
-165
-208
-213
-195
-241
-258
-267
-291
-286
-290
-280
-295
-359
-353
-342
-328
-308
-309
-311
-325
-316
-298
-250
-249
-232
-206
-185
-173
-136
-124
-158
-130
-115
-139
-161
-154
-130
-102
-90
-71
-73
-73
-17
3
-22
19
52
78
91
112
133
128
148
168
160
171
165
186
239
256
259
293
283
282
326
310
296
309
339
330
317
325
323
317
304
300
311
342
342
325
245
225
245
224
187
144
127
93
77
98
57
-3
-18
-50
-59
-18
-40
-131
-143
-143
-152
-164
-226
-255
-246
-262
-270
-284
-354
-343
-346
-394
-383
-391
-426
-409
-384
-369
-373
-406
-403
-397
-405
-360
-352
-339
-321
-285
-283
-270
-234
-217
-181
-144
-108
-95
-116
-87
-61
-37
10
4
24
64
68
64
136
152
154
148
171
190
187
238
257
259
268
281
316
294
315
338
339
352
360
322
331
353
335
337
338
317
324
384
394
389
400
340
328
368
328
310
316
288
244
266
244
176
166
155
131
130
100
64
33
-16
-16
-30
-104
-129
-100
-154
-183
-199
-264
-259
-235
-246
-253
-295
-327
-327
-366
-370
-386
-423
-422
-430
-444
-473
-491
-499
-487
-458
-463
-460
-475
-452
-388
-362
-344
-349
-335
-310
-282
-236
-224
-218
-196
-147
-140
-110
-81
-112
-59
-8
67
85
66
103
148
167
194
204
183
239
282
272
262
269
269
300
328
339
319
310
328
355
362
352
330
297
295
312
293
278
272
279
280
271
258
242
239
260
240
241
245
217
207
187
173
167
144
119
153
171
150
131
87
61
76
52
37
14
-15
-24
-24
-55
-99
-121
-134
-148
-156
-201
-211
-234
-260
-259
-285
-304
-305
-292
-300
-303
-341
-362
-335
-334
-358
-351
-355
-325
-316
-317
-306
-295
-307
-286
-269
-290
-271
-231
-210
-218
-184
-153
-140
-139
-83
-37
-10
21
36
59
99
134
140
141
159
203
221
203
231
238
229
257
278
258
250
241
247
247
247
287
271
256
290
274
240
231
207
191
207
177
148
146
170
164
118
106
95
66
32
44
4
-4
22
-16
-55
-13
0
-14
-35
-65
-94
-90
-75
-89
-92
-122
-120
-114
-108
-99
-107
-122
-148
-114
-114
-138
-173
-187
-178
-178
-142
-169
-185
-184
-173
-150
-138
-133
-153
-133
-128
-139
-141
-140
-125
-120
-124
-128
-121
-112
-113
-72
-62
-68
-30
-11
-16
-1
34
56
83
135
155
160
207
221
205
198
209
217
219
240
277
297
297
293
279
282
290
281
252
229
198
182
161
162
162
130
119
81
97
72
60
60
3
-1
-2
-34
-51
-67
-62
-77
-105
-119
-138
-157
-156
-146
-174
-219
-225
-227
-223
-207
-219
-243
-233
-242
-228
-235
-270
-238
-237
-235
-240
-240
-246
-209
-184
-168
-152
-163
-146
-152
-166
-134
-137
-135
-104
-80
-67
-49
-29
-44
-14
-8
-14
14
24
39
50
68
110
124
120
115
153
162
184
197
185
217
236
260
288
318
329
326
313
337
309
304
311
280
277
282
275
255
262
268
291
294
256
216
210
203
169
144
116
105
94
88
72
63
44
29
12
12
-6
-71
-65
-89
-95
-119
-182
-200
-192
-183
-183
-202
-215
-250
-265
-277
-286
-299
-309
-344
-358
-356
-354
-392
-398
-370
-379
-373
-383
-387
-365
-324
-340
-324
-318
-319
-281
-276
-260
-263
-245
-222
-175
-142
-126
-123
-100
-25
-1
-13
3
44
62
73
101
117
139
166
178
214
208
241
271
259
285
306
304
317
337
333
332
342
324
340
362
354
345
367
388
373
379
374
364
357
338
330
314
290
274
277
261
266
280
252
237
206
201
162
143
127
101
81
49
43
42
46
1
-33
-39
-81
-82
-86
-122
-167
-194
-216
-272
-293
-321
-346
-376
-382
-364
-391
-432
-430
-422
-445
-442
-444
-468
-472
-454
-468
-485
-492
-491
-454
-400
-372
-348
-328
-293
-267
-261
-239
-237
-216
-184
-207
-204
-193
-169
-103
-54
-12
19
58
81
93
127
179
