13
17
21
-5
-1
2
1
11
7
-10
-12
3
1
2
8
-6
-1
2
-2
-6
-20
10
10
17
21
-5
3
8
5
13
7
14
22
3
13
2
-12
-16
-22
-14
-19
-13
-11
-4
-13
-12
-15
-8
0
14
13
7
9
12
4
-3
-4
-7
3
7
-2
1
-4
-6
-13
-32
-21
-8
-10
-5
-10
-12
-12
-8
-9
-10
-1
-1
12
24
19
21
16
23
23
18
7
9
1
-10
-8
-21
-14
-18
-6
-9
-15
-16
-13
-18
-16
-12
-19
-10
-10
-8
-19
-8
1
18
23
-1
-4
0
-9
-6
-7
-9
-9
-17
-16
-2
-3
-6
5
-9
1
1
-15
-15
-10
-5
-6
-14
-6
-2
-1
3
17
23
21
25
11
5
15
20
19
20
25
24
27
14
21
23
11
17
10
16
4
-10
-9
-9
-6
-4
-12
-5
-4
-3
-2
-9
-6
-10
3
-2
1
5
5
2
4
10
3
-2
-12
3
8
13
15
17
9
4
2
4
10
15
2
-11
9
3
0
5
7
11
16
16
-1
2
0
-14
4
12
-1
0
-7
-18
-4
-11
-27
-23
-15
-7
1
6
3
-1
2
-4
-1
-3
-3
19
17
11
19
9
12
18
2
-2
7
12
3
-8
-12
-12
-18
-18
-8
-16
-9
0
-1
1
-4
-15
-19
-12
-7
-5
-13
0
-2
-14
-8
-11
-19
-7
-9
-22
-25
-17
-11
-46
-118
-160
-155
-184
-235
-229
-213
-210
-139
-56
-49
-17
45
152
208
235
337
396
390
417
431
402
402
378
333
331
308
293
261
212
211
185
159
125
102
45
22
-27
-109
-158
-235
-290
-362
-466
-515
-538
-639
-686
-664
-695
-735
-735
-748
-715
-662
-604
-516
-487
-454
-344
-286
-234
-142
-112
-63
10
72
151
219
260
301
338
387
478
520
551
611
636
662
740
751
726
758
740
756
732
671
642
573
523
515
457
411
349
263
237
195
133
105
97
60
85
86
59
67
17
-15
21
-11
-65
-52
-83
-119
-131
-169
-187
-233
-289
-272
-297
-368
-367
-428
-490
-541
-616
-681
-780
-914
-1014
-1149
-1287
-1390
-1488
-1584
-1624
-1650
-1681
-1596
-1534
-1431
-1291
-1150
-960
-753
-533
-287
-54
153
384
598
782
967
1145
1273
1421
1555
1671
1783
1834
1908
1967
1992
2042
2055
2036
2010
1982
1909
1797
1649
1495
1328
1123
933
738
504
280
96
-128
-294
-457
-612
-712
-825
-877
-947
-977
-977
-1000
-992
-970
-925
-904
-893
-854
-796
-723
-677
-637
-605
-575
-519
-496
-466
-457
-467
-493
-513
-531
-591
-656
-773
-889
-979
-1103
-1224
-1330
-1476
-1581
-1662
-1729
-1749
-1752
-1718
-1602
-1449
-1302
-1093
-875
-642
-406
-153
128
429
645
867
1137
1359
1542
1705
1879
2026
2205
2347
2495
2593
2677
2757
2772
2785
2759
2719
2645
2555
2400
2217
2016
1753
1503
1239
971
714
424
151
-76
-315
-541
-725
-890
-1040
-1157
-1275
-1345
-1395
-1459
-1447
-1461
-1473
-1451
-1410
-1410
-1405
-1362
-1346
-1352
-1361
-1359
-1373
-1404
-1436
-1488
-1601
-1682
-1809
-1930
-2040
-2171
-2277
-2342
-2378
-2395
-2367
-2278
-2130
-1990
-1808
-1527
-1211
-912
-613
-280
56
418
761
1036
1352
1654
1952
2222
2436
2653
2890
3036
3191
3316
3387
3478
3511
3439
3388
3371
3281
3137
2946
2750
2572
2282
1955
1651
1301
944
631
246
-86
-380
-694
-900
-1106
-1293
-1390
-1494
-1641
-1661
-1660
-1664
-1595
-1607
-1557
-1449
-1392
-1304
-1258
-1246
-1145
-1102
-1116
-1095
-1065
-1108
-1091
-1120
-1151
-1134
-1214
-1277
-1402
-1569
-1732
-1906
-2141
-2316
-2492
-2691
-2801
-2926
-3019
-2959
-2900
-2765
-2534
-2297
-1913
-1535
-1151
-714
-239
203
695
1145
1520
1984
2333
2676
2994
3213
3470
3697
3858
3982
4102
4135
4192
4208
4150
4136
4014
3839
3696
3450
3155
2868
2505
2102
1707
1277
877
466
14
-379
-753
-1135
-1403
-1711
-1979
-2145
-2271
-2339
-2386
-2405
-2408
-2304
-2218
-2078
-1910
-1828
-1652
-1492
-1402
-1278
-1173
-1072
-1000
-943
-879
-823
-814
-796
-756
-802
-808
-806
-873
-975
-1157
-1360
-1545
-1705
-1967
-2262
-2502
-2680
-2765
-2873
-2921
-2871
-2769
-2590
-2348
-2038
-1632
-1203
-795
-327
146
624
1106
1497
1882
2284
2666
3020
3303
3542
3725
3893
4015
4076
4101
4117
4125
4049
3988
3905
3729
3559
3337
3113
2897
2579
2234
1846
1421
996
613
161
-285
-690
-1088
-1427
-1729
-1986
-2159
-2328
-2437
-2490
-2515
-2492
-2403
-2317
-2190
-2000
-1879
-1682
-1546
-1409
-1257
-1173
-1069
-955
-876
-848
-764
-734
-721
-685
-692
-660
-638
-688
-688
-731
-840
-941
-1160
-1349
-1519
-1815
-2084
-2298
-2521
-2676
-2781
-2879
-2878
-2816
-2659
-2374
-2063
-1730
-1293
-888
-469
53
506
959
1407
1767
2145
2524
2849
3168
3381
3558
3806
3975
4040
4115
4150
4167
4183
4149
4093
3981
3832
3711
3525
3219
2947
2622
2181
1745
1310
827
354
-111
-618
-1044
-1427
-1748
-2026
-2328
-2527
-2664
-2757
-2762
-2737
-2691
-2589
-2466
-2262
-2073
-1955
-1803
-1651
-1579
-1471
-1311
-1251
-1199
-1114
-1044
-976
-919
-873
-824
-790
-730
-626
-582
-559
-525
-588
-733
-884
-1049
-1270
-1572
-1845
-2055
-2290
-2412
-2517
-2646
-2619
-2519
-2341
-2127
-1895
-1551
-1162
-781
-346
132
545
991
1467
1794
2172
2554
2842
3072
3184
3324
3584
3735
3819
3933
3993
4074
4174
4156
4094
4039
3919
3774
3537
3262
2988
2639
2173
1769
1329
872
440
-118
-598
-970
-1321
-1650
-1956
-2183
-2275
-2328
-2372
-2397
-2382
-2333
-2226
-2171
-2115
-2002
-1922
-1874
-1892
-1851
-1793
-1790
-1830
-1803
-1767
-1771
-1632
-1575
-1545
-1411
-1276
-1234
-1180
-1062
-1013
-987
-990
-1078
-1232
-1400
-1493
-1740
-2031
-2249
-2368
-2529
-2662
-2643
-2573
-2450
-2257
-1940
-1586
-1160
-676
-233
218
717
1191
1626
2008
2391
2766
3104
3405
3661
3856
3999
4176
4324
4382
4453
4495
4533
4539
4457
4366
4229
4039
3825
3567
3248
2865
2429
1954
1433
906
411
-133
-654
-1085
-1485
-1830
-2145
-2406
-2629
-2742
-2809
-2834
-2803
-2756
-2700
-2630
-2577
-2513
-2431
-2392
-2370
-2374
-2347
-2291
-2255
-2246
-2188
-2142
-2108
-1962
-1865
-1790
-1659
-1500
-1338
-1181
-1067
-944
-895
-868
-834
-826
-944
-987
-1060
-1279
-1474
-1770
-1870
-1719
-1810
-1848
-1550
-1332
-1001
-412
-113
175
728
1169
1636
2009
2271
2647
2917
3015
3304
3474
3425
3722
3745
3526
3781
3839
3766
3746
3621
3660
3761
3557
3273
3166
2864
2721
2460
1927
1663
1315
801
326
-159
-632
-976
-1429
-1911
-2058
-2270
-2456
-2581
-2799
-2719
-2577
-2545
-2520
-2491
-2383
-2209
-2124
-2132
-2073
-1934
-1849
-1796
-1772
-1630
-1502
-1479
-1337
-1271
-1157
-973
-847
-817
-714
-494
-333
-295
-284
-164
-181
-323
-499
-833
-998
-1115
-1535
-1928
-2141
-2275
-2312
-2404
-2514
-2353
-2103
-1808
-1377
-1072
-665
-91
345
720
1185
1570
1987
2389
2514
2768
3103
3232
3396
3400
3457
3720
3828
3758
3818
3887
3889
3950
3785
3672
3606
3402
3190
2910
2563
2260
1794
1212
680
171
-304
-760
-1281
-1709
-1946
-2242
-2430
-2612
-2758
-2738
-2711
-2659
-2578
-2474
-2377
-2297
-2214
-2125
-1975
-1909
-1856
-1823
-1710
-1513
-1426
-1361
-1282
-1147
-943
-814
-678
-488
-288
-143
-30
102
236
352
351
319
230
-63
-229
-474
-928
-1312
-1609
-1964
-2283
-2474
-2699
-2734
-2717
-2645
-2404
-2158
-1843
-1379
-1042
-691
-175
192
504
921
1251
1586
1903
2111
2408
2620
2752
2993
3224
3410
3590
3713
3822
4028
4113
4154
4222
4153
4025
3879
3651
3349
3011
2612
2151
1671
1135
619
133
-361
-795
-1192
-1490
-1760
-2012
-2214
-2334
-2389
-2406
-2421
-2416
-2385
-2386
-2340
-2296
-2281
-2272
-2307
-2275
-2199
-2143
-2092
-2006
-1909
-1726
-1561
-1338
-1097
-890
-636
-450
-253
-44
149
255
373
406
296
100
-92
-403
-769
-1129
-1525
-1866
-2120
-2370
-2616
-2709
-2696
-2546
-2360
-2184
-1893
-1565
-1230
-849
-475
-142
239
638
915
1178
1413
1678
1952
2144
2301
2570
2859
3090
3304
3493
3720
3989
4139
4190
4272
4277
4253
4137
3908
3625
3318
2952
2559
2138
1710
1292
792
315
-77
-435
-760
-1044
-1333
-1562
-1728
-1869
-1980
-2084
-2168
-2194
-2237
-2364
-2414
-2422
-2495
-2566
-2586
-2530
-2408
-2332
-2229
-2078
-1896
-1662
-1468
-1324
-1130
-875
-634
-458
-348
-237
-318
-409
-311
-432
-659
-891
-1162
-1419
-1607
-1796
-2058
-2298
-2432
-2376
-2317
-2303
-2081
-1859
-1701
-1372
-1060
-790
-413
-71
142
396
681
1044
1347
1448
1635
1959
2245
2511
2705
2857
3088
3364
3571
3718
3902
4082
4181
4158
4113
4087
3941
3699
3367
3060
2751
2334
1906
1429
1042
720
372
-14
-315
-586
-824
-982
-1254
-1422
-1507
-1678
-1806
-1931
-2019
-2094
-2204
-2346
-2473
-2506
-2539
-2580
-2685
-2659
-2524
-2420
-2329
-2172
-1940
-1706
-1432
-1196
-974
-819
-586
-368
-360
-316
-138
-127
-186
-208
-332
-490
-580
-761
-981
-1156
-1372
-1521
-1707
-1863
-1921
-1945
-1972
-1907
-1795
-1660
-1462
-1265
-1080
-848
-554
-302
-37
243
552
816
1102
1361
1654
1989
2232
2488
2767
3026
3302
3515
3675
3884
4015
4067
4093
4045
3957
3824
3624
3389
3185
2915
2603
2280
1915
1600
1238
857
498
164
-154
-378
-581
-935
-1184
-1386
-1581
-1749
-1947
-2133
-2280
-2428
-2559
-2621
-2729
-2764
-2756
-2757
-2727
-2628
-2507
-2317
-2143
-2017
-1790
-1592
-1459
-1251
-1105
-1017
-808
-670
-648
-590
-476
-492
-585
-537
-503
-682
-869
-907
-1000
-1139
-1216
-1378
-1546
-1588
-1521
-1507
-1584
-1551
-1428
-1336
-1255
-1057
-842
-721
-451
-139
82
364
721
1046
1274
1548
1871
2206
2439
2655
2933
3168
3444
3644
3680
3756
3862
3904
3852
3788
3743
3630
3472
3307
3089
2908
2663
2353
2025
1730
1430
1107
740
381
65
-235
-531
-886
-1167
-1435
-1641
-1878
-2061
-2203
-2294
-2395
-2474
-2480
-2513
-2475
-2443
-2442
-2459
-2339
-2224
-2189
-2094
-1969
-1839
-1748
-1603
-1507
-1552
-1418
-1285
-1363
-1329
-1218
-1186
-1131
-1171
-1294
-1256
-1329
-1523
-1661
-1806
-2049
-2089
-2203
-2405
-2361
-2385
-2364
-2204
-2055
-1870
-1470
-1199
-875
-417
-68
363
837
1154
1516
1959
2297
2677
2996
3205
3461
3711
3872
4082
4220
4261
4399
4412
4409
4419
4394
4239
4088
3956
3743
3540
3276
2956
2625
2314
1965
1610
1181
721
332
-85
-524
-825
-1159
-1513
-1729
-1954
-2201
-2324
-2428
-2579
-2648
-2703
-2758
-2752
-2784
-2776
-2715
-2718
-2648
-2568
-2528
-2413
-2319
-2275
-2141
-2040
-1973
-1831
-1755
-1759
-1640
-1531
-1485
-1379
-1301
-1219
-1140
-1262
-1319
-1305
-1479
-1542
-1598
-1863
-1978
-1944
-2077
-2117
-2064
-2013
-1831
-1619
-1423
-1077
-716
-370
11
418
774
1247
1654
1899
2234
2567
2848
3102
3294
3435
3622
3839
4009
4136
4253
4315
4435
4488
4464
4470
4410
4326
4219
4029
3771
3548
3200
2770
2380
1934
1472
1022
516
31
-372
-810
-1234
-1584
-1906
-2165
-2377
-2580
-2716
-2803
-2948
-3007
-3030
-3084
-3133
-3149
-3188
-3194
-3156
-3127
-3058
-3053
-2989
-2829
-2716
-2626
-2469
-2275
-2152
-1974
-1739
-1559
-1402
-1236
-1042
-950
-836
-702
-706
-756
-773
-791
-908
-988
-1099
-1257
-1343
-1336
-1288
-1251
-1144
-928
-699
-475
-203
174
507
824
1166
1436
1751
2066
2295
2457
2633
2793
2964
3129
3215
3331
3491
3577
3706
3803
3835
3931
3997
3959
3975
3946
3796
3653
3410
3116
2822
2450
2058
1635
1206
764
336
-144
-596
-945
-1330
-1641
-1908
-2217
-2434
-2550
-2707
-2848
-2876
-2934
-2988
-3035
-3090
-3098
-3083
-3159
-3162
-3100
-3044
-2813
-2741
-2681
-2512
-2294
-2066
-1928
-1713
-1476
-1306
-1089
-874
-783
-663
-509
-344
-359
-368
-361
-412
-516
-638
-734
-898
-1049
-1124
-1202
-1292
-1227
-1113
-1025
-839
-559
-286
38
336
646
924
1208
1465
1704
1915
2079
2284
2439
2627
2793
2943
3125
3274
3440
3578
3666
3791
3846
3865
3883
3831
3782
3704
3541
3349
3114
2824
2478
2092
1662
1230
741
292
-126
-580
-987
-1343
-1649
-1945
-2157
-2309
-2481
-2576
-2651
-2739
-2785
-2837
-2862
-2888
-2905
-2889
-2906
-2871
-2800
-2748
-2658
-2481
-2350
-2276
-2053
-1835
-1655
-1488
-1270
-1093
-967
-773
-657
-609
-599
-571
-522
-588
-683
-704
-781
-921
-989
-1094
-1288
-1376
-1388
-1428
-1433
-1332
-1176
-988
-785
-529
-205
81
358
645
892
1163
1459
1708
1918
2117
2310
2473
2682
2872
2967
3141
3313
3468
3616
3698
3808
3873
3887
3872
3843
3720
3562
3375
3100
2837
2540
2194
1815
1443
1049
687
340
-47
-428
-759
-1030
-1290
-1522
-1743
-1937
-2116
-2239
-2334
-2433
-2510
-2578
-2646
-2735
-2769
-2832
-2900
-2879
-2866
-2850
-2808
-2710
-2638
-2535
-2398
-2214
-2051
-1887
-1708
-1521
-1365
-1255
-1165
-1079
-1020
-1005
-927
-896
-881
-848
-902
-901
-872
-928
-986
-1039
-1037
-996
-900
-827
-686
-557
-310
2
214
544
786
1000
1287
1532
1717
1925
2082
2236
2406
2549
2735
2895
2988
3106
3294
3384
3450
3535
3575
3608
3636
3582
3500
3406
3254
3102
2888
2629
2397
2072
1727
1369
968
630
259
-78
-423
-730
-1001
-1238
-1483
-1692
-1823
-1978
-2097
-2202
-2335
-2451
-2508
-2630
-2706
-2780
-2843
-2873
-2898
-2900
-2918
-2863
-2786
-2729
-2601
-2431
-2308
-2155
-1915
-1788
-1661
-1421
-1310
-1189
-1097
-975
-836
-739
-632
-560
-550
-593
-539
-556
-612
-640
-704
-724
-719
-669
-593
-496
-394
-195
24
166
436
655
852
1077
1270
1448
1684
1872
1975
2117
2261
2391
2546
2656
2733
2896
3002
3102
3156
3207
3299
3342
3362
3325
3284
3189
3063
2915
2701
2406
2170
1879
1517
1221
861
503
179
-154
-483
-704
-950
-1197
-1413
-1651
-1793
-1923
-2094
-2206
-2269
-2384
-2458
-2485
-2590
-2682
-2708
-2773
-2807
-2853
-2833
-2745
-2691
-2633
-2490
-2335
-2211
-2018
-1810
-1616
-1389
-1228
-1052
-937
-890
-725
-607
-568
-531
-460
-501
-500
-486
-572
-615
-696
-744
-707
-723
-746
-642
-583
-502
-278
-78
131
413
632
817
1042
1231
1450
1626
1762
1948
2103
2216
2388
2539
2609
2764
2949
3065
3203
3303
3360
3434
3423
3370
3328
3246
3108
2990
2824
2590
2365
2077
1709
1393
1012
594
287
-53
-426
-712
-946
-1194
-1398
-1578
-1773
-1878
-2028
-2123
-2189
-2342
-2422
-2481
-2595
-2678
-2671
-2707
-2753
-2718
-2664
-2639
-2566
-2492
-2356
-2241
-2086
-1929
-1778
-1562
-1451
-1294
-1135
-1042
-948
-815
-786
-757
-709
-770
-757
-777
-862
-842
-882
-982
-976
-939
-960
-876
-720
-669
-447
-169
32
291
518
744
1033
1226
1399
1664
1850
1971
2148
2277
2360
2544
2695
2792
2938
3077
3227
3334
3408
3435
3480
3473
3378
3274
3145
3010
2843
2567
2278
2038
1721
1397
1100
764
417
131
-186
-464
-673
-943
-1162
-1337
-1556
-1705
-1771
-1871
-1946
-2056
-2190
-2257
-2341
-2430
-2474
-2495
-2550
-2614
-2607
-2588
-2612
-2534
-2480
-2478
-2320
-2124
-2026
-1937
-1768
-1654
-1569
-1464
-1365
-1315
-1232
-1134
-1053
-1028
-1015
-935
-921
-923
-860
-795
-787
-778
-689
-579
-504
-357
-198
-75
135
376
567
755
996
1246
1502
1684
1867
2086
2269
2447
2609
2675
2814
3000
3061
3092
3196
3272
3307
3319
3248
3200
3169
3059
2893
2717
2560
2416
2230
1985
1738
1465
1185
902
628
338
66
-201
-453
-723
-955
-1130
-1322
-1477
-1635
-1770
-1871
-1988
-2098
-2206
-2318
-2383
-2452
-2542
-2602
-2625
-2723
-2737
-2750
-2732
-2649
-2591
-2540
-2420
-2389
-2291
-2138
-2112
-1983
-1823
-1778
-1667
-1473
-1413
-1254
-1090
-1004
-847
-747
-670
-516
-438
-357
-212
-194
-156
40
140
194
378
505
678
937
1127
1278
1488
1661
1851
1988
2092
2283
2420
2505
2550
2628
2655
2690
2763
2721
2722
2801
2776
2662
2656
2574
2502
2464
2311
2174
2057
1923
1789
1639
1383
1223
1093
830
622
425
163
-16
-229
-485
-660
-860
-1069
-1258
-1423
-1577
-1646
-1774
-1894
-1941
-2074
-2167
-2226
-2353
-2451
-2512
-2585
-2661
-2667
-2667
-2632
-2602
-2567
-2463
-2340
-2262
-2172
-2059
-1960
-1820
-1696
-1563
-1421
-1234
-1061
-906
-787
-654
-517
-379
-319
-232
-90
-49
-17
52
107
175
344
436
519
671
859
1067
1219
1358
1553
1727
1847
1951
2074
2208
2314
2406
2397
2397
2431
2429
2413
2384
2356
2361
2344
2266
2203
2182
2144
2087
1997
1871
1810
1678
1503
1349
1157
976
768
542
289
78
-111
-354
-603
-785
-960
-1113
-1257
-1401
-1482
-1552
-1616
-1708
-1778
-1853
-1918
-1988
-2088
-2133
-2198
-2275
-2293
-2340
-2366
-2330
-2281
-2248
-2189
-2110
-2048
-1930
-1840
-1775
-1605
-1487
-1409
-1269
-1123
-988
-792
-655
-592
-427
-306
-273
-207
-171
-159
-135
-86
-75
-45
36
119
216
372
574
765
975
1166
1333
1528
1690
1837
1994
2057
2176
2264
2284
2352
2385
2403
2439
2410
2353
2385
2365
2318
2321
2300
2274
2231
2141
2056
1969
1847
1727
1539
1344
1159
962
709
456
208
-55
-318
-574
-786
-977
-1158
-1282
-1404
-1542
-1624
-1678
-1756
-1837
-1908
-1996
-2080
-2149
-2238
-2323
-2386
-2450
-2512
-2542
-2531
-2514
-2455
-2385
-2302
-2177
-2044
-1912
-1789
-1574
-1378
-1284
-1111
-907
-773
-619
-498
-441
-371
-267
-234
-217
-215
-246
-234
-200
-160
-62
17
119
291
500
695
929
1149
1318
1509
1722
1943
2082
2153
2203
2270
2309
2344
2329
2307
2295
2307
2312
2329
2378
2388
2336
2342
2384
2336
2276
2196
2042
1881
1743
1579
1355
1140
886
635
353
69
-182
-469
-705
-935
-1148
-1299
-1420
-1522
-1646
-1689
-1711
-1755
-1793
-1804
-1860
-1952
-2005
-2062
-2120
-2131
-2181
-2233
-2313
-2281
-2210
-2255
-2207
-2075
-2014
-1888
-1655
-1519
-1417
-1151
-982
-915
-759
-636
-495
-448
-418
-322
-303
-329
-258
-264
-405
-421
-319
-332
-302
-166
-72
83
291
485
685
933
1173
1360
1501
1630
1858
1994
2006
2057
2145
2161
2184
2257
2196
2235
2293
2274
2306
2312
2328
2378
2369
2344
2340
2227
2089
1967
1772
1534
1362
1108
813
547
305
23
-263
-500
-746
-959
-1094
-1230
-1371
-1416
-1488
-1513
-1566
-1589
-1571
-1577
-1613
-1682
-1770
-1843
-1874
-1958
-2045
-2070
-2112
-2123
-2099
-2050
-1993
-1882
-1786
-1690
-1528
-1449
-1270
-1083
-1031
-943
-799
-736
-675
-543
-558
-558
-483
-513
-533
-522
-536
-568
-571
-527
-437
-336
-244
-93
86
248
496
745
934
1143
1375
1500
1650
1811
1865
1906
1993
2018
2066
2116
2157
2221
2255
2297
2354
2449
2431
2466
2449
2414
2442
2375
2217
2113
2021
1820
1608
1330
1075
837
534
295
81
-190
-428
-614
-846
-988
-1079
-1199
-1327
-1395
-1471
-1530
-1571
-1640
-1668
-1767
-1840
-1937
-2045
-2134
-2148
-2161
-2228
-2201
-2148
-2142
-2076
-1956
-1917
-1846
-1683
-1520
-1382
-1269
-1144
-983
-928
-875
-729
-653
-666
-547
-520
-647
-580
-568
-657
-724
-692
-654
-637
-516
-377
-240
-96
169
439
588
796
1055
1236
1375
1579
1744
1826
1936
2035
2101
2136
2262
2351
2373
2455
2558
2689
2732
2766
2850
2839
2803
2805
2700
2513
2417
2225
1980
1783
1548
1277
987
669
377
104
-177
-433
-707
-947
-1118
-1235
-1414
-1536
-1615
-1700
-1740
-1809
-1901
-2013
-2119
-2201
-2300
-2391
-2438
-2515
-2526
-2494
-2475
-2435
-2296
-2206
-2152
-1991
-1841
-1686
-1536
-1322
-1177
-1087
-937
-813
-761
-688
-615
-576
-548
-591
-591
-569
-626
-656
-628
-629
-587
-458
-349
-237
-45
142
377
616
804
1026
1242
1383
1576
1752
1880
2024
2104
2139
2224
2335
2402
2498
2576
2648
2756
2876
2931
2985
3040
3018
2986
2925
2785
2611
2417
2155
1896
1608
1294
1009
642
264
-36
-325
-604
-812
-1023
-1211
-1336
-1457
-1605
-1675
-1740
-1827
-1907
-1987
-2093
-2190
-2266
-2375
-2406
-2488
-2556
-2541
-2554
-2599
-2557
-2431
-2362
-2244
-2074
-1949
-1780
-1578
-1446
-1283
-1131
-1022
-822
-698
-656
-571
-526
-559
-527
-517
-604
-593
-587
-616
-566
-495
-444
-332
-210
-99
131
368
557
790
1030
1241
1442
1631
1805
1957
2057
2152
2243
2319
2402
2487
2551
2612
2694
2771
2872
2950
2988
2983
2967
2949
2852
2745
2595
2421
2226
1957
1717
1438
1099
790
487
114
-171
-417
-714
-947
-1132
-1336
-1445
-1553
-1706
-1783
-1858
-1962
-2038
-2103
-2216
-2305
-2363
-2463
-2547
-2585
-2614
-2601
-2599
-2599
-2534
-2419
-2352
-2256
-2083
-1934
-1814
-1595
-1389
-1283
-1098
-907
-797
-675
-595
-562
-526
-547
-532
-505
-571
-646
-553
-540
-566
-425
-329
-262
-87
151
340
544
753
962
1190
1375
1552
1746
1904
2029
2134
2204
2258
2378
2479
2501
2569
2627
2658
2741
2816
2857
2902
2909
2867
2859
2810
2651
2512
2318
2065
1889
1590
1294
1039
718
408
128
-164
-443
-667
-883
-1102
-1256
-1415
-1546
-1642
-1763
-1835
-1909
-1996
-2092
-2196
-2321
-2415
-2471
-2529
-2567
-2608
-2580
-2591
-2594
-2493
-2398
-2303
-2162
-1986
-1838
-1662
-1479
-1329
-1207
-1077
-911
-822
-823
-763
-676
-688
-727
-714
-718
-785
-765
-691
-719
-675
-475
-361
-261
-16
208
460
694
862
1117
1297
1476
1741
1886
1952
2126
2235
2281
2396
2491
2568
2677
2750
2808
2861
2912
2968
2987
2955
2950
2955
2900
2792
2625
2439
2249
2020
1720
1394
1095
809
475
171
-85
-349
-597
-827
-1044
-1209
-1388
-1526
-1647
-1795
-1901
-2000
-2148
-2236
-2298
-2422
-2532
-2609
-2725
-2805
-2828
-2812
-2762
-2715
-2624
-2511
-2364
-2195
-2043
-1863
-1634
-1453
-1253
-1057
-934
-782
-671
-643
-560
-550
-610
-579
-575
-693
-705
-680
-725
-680
-574
-490
-362
-171
-9
233
474
684
958
1120
1321
1553
1733
1877
2070
2209
2258
2340
2445
2521
2574
2641
2731
2821
2927
2982
3012
3066
3104
3112
3082
2974
2900
2760
2532
2321
2024
1725
1452
1116
745
406
85
-228
-541
-833
-1088
-1279
-1472
-1632
-1754
-1890
-1962
-2037
-2160
-2302
-2390
-2463
-2546
-2649
-2754
-2819
-2846
-2863
-2891
-2854
-2784
-2707
-2597
-2433
-2263
-2068
-1832
-1662
-1477
-1237
-1034
-897
-729
-663
-576
-526
-591
-571
-595
-680
-717
-699
-725
-675
-585
-508
-387
-197
-1
230
477
704
964
1163
1370
1596
1752
1897
2056
2203
2259
2343
2461
2527
2599
2692
2727
2807
2947
2986
3002
3063
3082
3108
3093
2991
2929
2765
2545
2333
2082
1755
1449
1148
810
507
224
-75
-358
-631
-907
-1103
-1288
-1452
-1620
-1766
-1878
-1949
-2080
-2206
-2303
-2418
-2489
-2591
-2701
-2791
-2835
-2861
-2888
-2868
-2755
-2631
-2549
-2407
-2240
-2058
-1868
-1678
-1501
-1324
-1112
-939
-796
-687
-603
-555
-582
-644
-623
-648
-757
-764
-762
-782
-700
-574
-491
-340
-144
112
327
544
822
1036
1180
1394
1602
1726
1849
2031
2101
2133
2260
2374
2473
2521
2580
2685
2782
2884
2961
3003
3046
3099
3119
3088
3010
2904
2739
2518
2309
2006
1684
1390
1032
692
387
79
-208
-488
-753
-941
-1125
-1303
-1427
-1597
-1709
-1783
-1925
-2059
-2162
-2266
-2354
-2452
-2582
-2704
-2762
-2781
-2833
-2841
-2801
-2729
-2608
-2440
-2278
-2116
-1928
-1746
-1587
-1422
-1275
-1106
-949
-864
-772
-701
-676
-647
-618
-696
-754
-763
-790
-814
-786
-705
-611
-472
-316
-59
165
392
628
816
1051
1255
1419
1571
1701
1836
1969
2076
2169
2256
2366
2447
2527
2602
2694
2797
2875
2947
3001
3069
3111
3095
3024
2912
2770
2595
2384
2136
1853
1572
1274
957
638
348
106
-184
-408
-636
-839
-997
-1148
-1278
-1436
-1566
-1742
-1845
-1974
-2141
-2272
-2393
-2537
-2672
-2734
-2778
-2821
-2803
-2798
-2830
-2734
-2558
-2419
-2245
-2045
-1853
-1665
-1500
-1330
-1163
-999
-859
-774
-729
-679
-635
-687
-719
-728
-771
-792
-756
-681
-646
-531
-419
-306
-146
85
295
506
680
863
1078
1233
1414
1565
1641
1699
1848
1928
1957
2077
2204
2284
2339
2408
2527
2643
2741
2816
2859
2912
2922
2870
2755
2660
2554
2361
2144
1890
1678
1415
1113
845
564
291
68
-141
-375
-539
-672
-859
-1031
-1192
-1300
-1396
-1517
-1638
-1816
-1964
-2104
-2263
-2399
-2517
-2597
-2627
-2677
-2685
-2590
-2513
-2415
-2292
-2179
-2033
-1808
-1631
-1514
-1354
-1226
-1090
-981
-902
-853
-843
-809
-788
-784
-796
-759
-733
-775
-748
-675
-604
-498
-393
-275
-134
97
296
456
640
816
975
1095
1241
1351
1445
1535
1647
1727
1795
1912
2024
2111
2226
2367
2478
2591
2720
2778
2801
2852
2864
2811
2718
2587
2486
2293
2081
1844
1586
1326
1076
816
541
317
117
-104
-291
-427
-564
-697
-814
-942
-1108
-1255
-1410
-1567
-1780
-1966
-2106
-2219
-2370
-2464
-2481
-2539
-2569
-2520
-2447
-2380
-2279
-2128
-1993
-1853
-1683
-1504
-1377
-1290
-1116
-1005
-954
-884
-807
-806
-822
-733
-749
-809
-743
-691
-724
-688
-616
-562
-499
-376
-259
-158
-34
147
314
427
594
744
830
945
1082
1155
1263
1352
1429
1532
1681
1828
1925
2056
2177
2325
2433
2515
2611
2663
2665
2670
2661
2543
2432
2324
2153
1965
1817
1601
1356
1173
954
733
567
423
236
60
-84
-224
-376
-504
-603
-750
-932
-1099
-1275
-1457
-1625
-1821
-1988
-2167
-2270
-2370
-2415
-2389
-2390
-2370
-2282
-2137
-2077
-1935
-1771
-1640
-1525
-1400
-1292
-1235
-1150
-1097
-1050
-1038
-1000
-918
-901
-918
-851
-801
-801
-679
-616
-621
-564
-478
-401
-341
-274
-188
-80
25
148
282
374
503
601
661
762
913
1056
1148
1277
1408
1531
1687
1832
1922
2046
2186
2317
2438
2479
2500
2563
2510
2463
2440
2341
2231
2153
1975
1848
1730
1567
1408
1247
1113
968
828
648
478
295
135
-10
-190
-386
-554
-720
-894
-1089
-1288
-1475
-1647
-1808
-1902
-1985
-2086
-2152
-2179
-2155
-2163
-2101
-2015
-1954
-1850
-1789
-1707
-1655
-1594
-1505
-1442
-1415
-1380
-1336
-1300
-1231
-1184
-1111
-1032
-941
-888
-811
-726
-661
-535
-516
-507
-440
-427
-435
-365
-351
-311
-228
-149
-46
54
161
269
444
597
766
932
1131
1304
1449
1581
1680
1823
1892
1941
2019
2101
2094
2158
2154
2135
2192
2174
2119
2083
2035
1975
1913
1843
1784
1701
1560
1455
1349
1211
1083
946
789
584
410
209
13
-150
-343
-543
-716
-859
-983
-1107
-1210
-1310
-1414
-1498
-1574
-1610
-1657
-1715
-1720
-1746
-1735
-1709
-1729
-1706
-1673
-1669
-1656
-1655
-1621
-1607
-1589
-1542
-1493
-1412
-1319
-1222
-1146
-1049
-972
-876
-743
-674
-602
-532
-492
-461
-448
-433
-404
-413
-409
-356
-299
-222
-102
-2
141
311
489
663
814
979
1122
1276
1396
1515
1601
1630
1656
1691
1666
1632
1640
1625
1594
1642
1627
1639
1707
1698
1715
1733
1740
1801
1782
1717
1675
1581
1454
1325
1194
994
831
652
450
270
65
-101
-256
-395
-517
-607
-655
-702
-761
-838
-915
-972
-1044
-1112
-1154
-1247
-1367
-1465
-1575
-1693
-1748
-1769
-1800
-1836
-1818
-1811
-1763
-1723
-1664
-1582
-1532
-1406
-1285
-1204
-1133
-1031
-966
-911
-836
-801
-754
-706
-683
-621
-592
-561
-477
-402
-326
-197
-64
30
172
286
403
535
643
756
845
939
1035
1129
1195
1248
1282
1286
1296
1311
1296
1317
1330
1319
1311
1321
1345
1330
1360
1383
1384
1410
1436
1409
1378
1353
1307
1242
1173
1113
1017
898
733
624
484
364
287
166
74
-8
-88
-168
-214
-266
-286
-323
-379
-396
-492
-565
-656
-791
-879
-977
-1102
-1230
-1337
-1399
-1454
-1535
-1559
-1572
-1565
-1528
-1487
-1469
-1428
-1365
-1321
-1295
-1259
-1221
-1198
-1187
-1147
-1071
-1025
-989
-897
-839
-784
-654
-555
-442
-307
-183
-77
55
216
353
450
551
656
715
815
865
859
919
938
991
1018
1013
1060
1053
1033
1071
1076
1064
1125
1181
1170
1179
1200
1198
1182
1155
1103
1034
969
883
779
672
600
514
423
365
324
275
209
202
211
181
182
153
83
39
-13
-44
-82
-141
-199
-279
-370
-448
-514
-562
-607
-661
-699
-716
-724
-743
-736
-732
-732
-718
-710
-725
-772
-780
-791
-820
-871
-901
-907
-921
-923
-900
-892
-864
-800
-733
-698
-613
-507
-436
-375
-264
-165
-111
-16
81
134
179
231
236
292
296
321
350
328
389
422
433
494
576
668
705
784
804
828
848
814
834
788
763
747
692
626
594
514
432
372
318
238
181
137
86
57
50
19
26
9
-16
-18
-34
-52
-70
-104
-146
-166
-191
-249
-264
-305
-353
-341
-357
-359
-360
-346
-326
-274
-263
-255
-238
-233
-207
-216
-183
-138
-146
-147
-144
-150
-143
-145
-148
-169
-172
-161
-136
-123
-61
-18
22
113
136
209
305
355
371
370
357
349
333
261
226
188
142
95
62
21
5
24
-24
-40
-11
6
5
54
108
135
155
166
135
83
60
35
-17
-79
-105
-157
-214
-240
-279
-340
-332
-311
-327
-333
-278
-240
-232
-173
-157
-130
-88
-71
-57
-45
-42
-44
-72
-128
-162
-190
-223
-231
-244
-248
-234
-223
-233
-247
-209
-195
-177
-148
-135
-124
-141
-175
-179
-188
-212
-205
-216
-227
-221
-228
-190
-142
-88
-9
97
187
296
416
524
608
708
779
818
870
918
957
984
962
934
930
903
885
852
819
768
752
724
689
682
628
593
525
462
411
323
210
119
34
-84
-192
-276
-405
-521
-596
-705
-772
-841
-886
-906
-937
-926
-910
-916
-919
-864
-836
-791
-746
-729
-704
-653
-618
-582
-556
-521
-482
-449
-417
-372
-308
-262
-231
-188
-121
-71
-19
18
20
19
29
-2
-10
-15
-20
-55
-87
-92
-113
-127
-135
-151
-155
-175
-166
-136
-117
-60
5
58
126
182
245
330
369
421
460
503
550
585
632
654
686
712
719
760
810
846
882
934
943
948
971
955
949
947
905
858
813
740
635
558
494
361
264
156
34
-56
-145
-201
-280
-364
-463
-505
-566
-609
-629
-656
-681
-732
-763
-777
-781
-822
-846
-868
-860
-843
-856
-856
-854
-803
-773
-744
-690
-615
-568
-507
-453
-363
-289
-265
-209
-163
-121
-96
-48
-66
-77
-88
-122
-127
-120
-121
-106
-107
-85
-41
-13
11
82
148
186
242
210
200
257
377
453
463
483
520
547
595
611
582
536
546
552
574
611
636
639
621
631
675
711
718
716
671
635
591
531
452
370
264
169
65
-12
-87
-159
-248
-329
-362
-395
-376
-383
-387
-369
-342
-327
-329
-288
-296
-293
-298
-340
-363
-394
-418
-480
-508
-514
-513
-493
-432
-412
-373
-321
-273
-215
-188
-132
-112
-61
-81
-86
-61
-89
-116
-177
-209
-241
-264
-281
-274
-272
-240
-222
-185
-140
-95
-39
8
48
93
136
183
233
269
290
297
301
324
345
335
363
371
344
376
387
371
392
360
352
394
418
456
485
489
467
457
423
386
348
288
219
151
89
-27
-80
-148
-243
-280
-328
-330
-300
-301
-276
-231
-227
-196
-165
-165
-161
-131
-150
-177
-172
-196
-236
-274
-286
-283
-248
-279
-270
-211
-208
-173
-111
-93
-29
19
14
23
51
65
63
63
50
18
6
-34
-65
-92
-141
-123
-150
-137
-133
-118
-111
-90
-43
-7
29
79
96
127
169
149
195
220
217
219
222
234
254
244
227
238
258
270
281
299
307
309
309
289
306
271
237
216
167
147
95
41
-25
-75
-157
-213
-259
-312
-364
-383
-415
-390
-382
-413
-364
-368
-353
-323
-301
-282
-255
-228
-233
-240
-214
-208
-217
-232
-226
-210
-177
-124
-105
-98
-71
-10
27
35
101
118
144
169
150
143
161
159
119
130
86
68
54
36
51
53
51
78
130
119
156
169
189
187
200
228
225
235
247
270
287
287
266
286
267
275
305
276
280
284
262
290
286
276
279
246
233
202
181
172
140
93
36
-39
-82
-120
-180
-230
-279
-314
-342
-390
-414
-448
-456
-458
-459
-455
-466
-453
-437
-416
-404
-359
-310
-291
-255
-230
-250
-237
-214
-189
-157
-113
-97
-96
-87
-30
-6
5
21
19
51
67
93
123
116
106
88
56
58
42
23
8
-7
-5
0
-12
-5
7
7
55
72
97
125
127
135
178
186
197
227
235
269
293
284
296
300
287
318
317
354
385
380
380
375
406
357
356
333
279
296
245
196
165
119
58
14
-28
-71
-118
-176
-201
-211
-218
-263
-254
-275
-310
-289
-311
-324
-340
-339
-343
-366
-347
-382
-362
-350
-356
-336
-331
-304
-270
-235
-202
-168
-146
-116
-121
-75
-34
-30
-5
1
14
8
-8
4
5
-50
-65
-66
-84
-85
-78
-85
-26
20
22
54
53
87
96
92
120
104
91
75
80
92
95
115
130
159
200
218
231
274
292
318
325
346
383
415
421
412
396
379
345
319
314
287
236
168
133
89
83
53
28
-8
-22
-32
-57
-62
-122
-135
-135
-153
-152
-154
-203
-238
-262
-288
-290
-340
-367
-371
-363
-370
-354
-344
-332
-279
-228
-165
-127
-79
-54
-12
0
-5
9
-12
1
-5
-32
-27
-49
-77
-116
-129
-129
-153
-143
-129
-108
-101
-87
-71
-74
-62
-35
-19
-4
23
30
12
-4
20
26
24
49
74
78
81
118
145
192
229
269
331
372
379
387
402
393
375
366
350
314
285
245
210
166
119
63
32
-4
-31
-39
-51
-58
-58
-61
-94
-95
-125
-137
-169
-195
-208
-221
-238
-261
-296
-308
-295
-314
-308
-274
-266
-255
-216
-178
-149
-99
-81
-28
8
5
67
73
96
86
115
125
87
94
85
85
75
73
63
66
61
63
56
61
96
98
98
103
97
99
97
96
60
36
3
-55
-74
-86
-88
-108
-119
-83
-81
-54
-24
-17
5
40
87
126
147
190
192
199
208
215
181
163
156
128
94
82
88
54
67
78
65
49
66
70
68
54
63
22
-2
-14
-42
-93
-156
-206
-257
-291
-323
-345
-361
-344
-325
-306
-284
-248
-227
-197
-138
-100
-84
-41
-22
-18
-4
-13
-20
-13
-32
-32
-32
-38
-25
-29
-21
-29
-4
5
8
53
72
113
126
149
163
157
154
136
133
102
64
51
34
21
-6
-53
-57
-60
-45
-19
-39
-50
-7
26
75
105
124
160
163
172
187
178
168
148
133
102
74
72
51
20
8
27
39
39
51
32
58
70
60
79
90
70
57
35
21
-13
-63
-85
-126
-153
-171
-183
-210
-210
-204
-171
-148
-119
-86
-63
-53
-38
-6
23
43
26
12
23
11
16
-7
-29
-23
-23
14
-21
-17
-25
0
9
28
36
59
86
85
104
84
73
77
74
53
58
32
7
-11
-28
-30
-24
-44
-46
-53
-61
-43
-35
-12
-4
10
32
72
90
82
96
80
59
23
6
13
-12
-35
-52
-38
-33
-36
-33
-16
-17
-9
10
3
26
13
-11
-24
-34
-40
-33
-39
-30
-42
-76
-111
-128
-163
-195
-182
-203
-167
-177
-154
-101
-76
-15
7
14
21
32
2
16
13
0
-7
-20
-32
-36
-32
-29
-24
-11
-3
9
31
32
69
87
121
167
178
185
175
173
146
126
112
116
99
58
19
23
15
-5
8
30
48
52
44
46
67
94
104
114
117
121
138
104
90
78
37
29
4
-18
-25
-42
-63
-59
-57
-50
-38
-23
8
30
34
28
30
39
47
18
-2
-7
-43
-47
-79
-109
-99
-115
-109
-113
-123
-128
-140
-116
-112
-102
-80
-45
-27
-34
-39
-39
-59
-53
-54
-80
-81
-107
-131
-118
-105
-107
-82
-95
-77
-76
-95
-107
-90
-67
-51
-31
-20
-12
4
38
36
34
24
27
32
26
17
14
40
39
43
54
53
60
74
87
95
120
163
163
159
172
158
165
174
160
155
158
142
154
137
116
87
63
61
58
38
30
26
21
24
-1
-31
-44
-28
-28
-44
-57
-73
-65
-64
-81
-80
-91
-79
-63
-64
-49
-51
-42
-3
-14
12
35
16
10
10
2
6
-16
-26
-13
-23
-1
-17
-29
-44
-69
-83
-66
-78
-118
-99
-81
-94
-86
-93
-88
-73
-88
-72
-53
-51
-89
-98
-102
-116
-87
-99
-94
-90
-103
-81
-70
-46
-29
-44
-7
17
25
52
69
90
86
118
129
136
139
130
130
151
148
134
127
95
93
95
87
65
60
65
45
74
88
53
67
47
30
45
45
41
42
17
29
32
23
-1
21
-1
-10
30
11
36
33
43
69
71
60
58
74
64
59
30
20
43
-5
-4
-25
-50
-37
-58
-54
-48
-75
-95
-87
-61
-55
-42
-67
-87
-65
-69
-57
-70
-102
-99
-102
-119
-119
-124
-135
-105
-96
-90
-57
-57
-76
-77
-82
-59
-43
-43
-34
-42
-11
-2
-22
-23
-8
-13
-24
-45
-23
-35
-39
-42
-41
-30
-58
-33
-2
-20
-26
-19
-25
-34
-56
-41
-33
-6
20
24
35
46
51
69
90
86
105
147
162
178
190
200
199
186
194
185
185
193
210
178
201
189
173
162
142
137
123
88
49
37
41
10
5
0
-18
-12
-41
-59
-70
-54
-32
-51
-82
-89
-102
-114
-101
-107
-118
-104
-86
-73
-85
-67
-77
-68
-80
-76
-59
-39
-62
-45
-37
-49
-53
-40
-46
-63
-40
-72
-90
-104
-128
-157
-175
-183
-194
-202
-198
-207
-208
-245
-209
-196
-180
-167
-156
-158
-161
-122
-104
-97
-72
-52
-26
-21
-3
48
63
96
112
145
167
181
202
213
210
242
272
291
295
292
300
289
300
276
279
274
271
275
236
228
202
180
157
124
123
116
98
102
82
45
40
24
9
27
25
12
14
-18
-17
-44
-55
-62
-52
-71
-100
-105
-127
-128
-151
-143
-135
-124
-127
-128
-108
-99
-99
-110
-109
-120
-138
-141
-140
-145
-163
-185
-218
-234
-222
-233
-242
-250
-258
-238
-240
-220
-192
-192
-178
-137
-136
-110
-91
-71
-43
-43
-28
9
6
6
44
36
50
59
57
79
84
100
127
148
184
212
215
211
239
249
230
234
227
205
208
204
201
193
166
161
165
130
111
121
121
112
130
150
151
163
161
165
162
176
159
111
104
67
45
15
-5
-19
-42
-57
-51
-61
-72
-93
-95
-83
-97
-108
-110
-97
-90
-102
-101
-107
-129
-134
-142
-171
-195
-214
-232
-234
-248
-251
-252
-238
-236
-221
-204
-204
-171
-149
-139
-108
-74
-58
-28
-24
-38
-11
1
-4
-5
-9
10
4
18
43
38
53
49
66
101
101
106
126
114
122
110
116
94
80
97
76
76
72
76
78
84
