-3
9
14
9
14
7
6
19
20
10
15
4
-1
3
4
2
15
26
12
20
11
-11
-7
-17
-24
-12
-15
-21
2
-14
-9
-1
-13
-18
-15
-26
-29
-16
-33
-30
-16
-24
-17
-8
-14
-2
-3
-18
-2
4
-1
12
12
6
18
12
5
24
10
17
35
22
18
22
2
8
23
-4
2
17
5
9
19
-8
-17
0
-22
-16
-5
-17
-7
-1
-6
-7
2
-10
-11
-11
0
9
-6
2
7
-5
-1
7
-9
6
3
-16
-2
7
-6
-7
1
5
-5
1
-12
-12
4
4
-8
-4
2
-9
0
2
6
11
21
17
16
25
19
13
14
29
17
9
12
4
18
3
-5
2
4
-2
-8
-16
-6
-6
7
12
9
18
2
5
8
7
-12
0
6
-3
3
8
-2
18
22
0
6
3
-1
-16
-25
-22
-25
-29
-33
-26
-18
-15
-10
-12
-3
-1
-9
-31
-27
-23
-37
-34
-29
-22
-25
-17
-21
-27
-22
-15
-22
-35
-18
-13
1
16
23
14
9
15
-1
-4
-13
-6
-19
-14
3
15
28
36
21
13
29
21
2
12
12
5
21
21
19
23
30
28
30
42
18
8
32
6
23
26
11
17
16
6
-6
7
0
11
12
32
32
11
39
37
5
16
30
0
6
11
-25
-18
0
0
-6
-5
10
6
27
23
-14
-10
-17
-30
-19
-33
-26
-18
-23
-31
-37
-39
-37
-34
-28
-17
-23
-17
-9
-10
-16
-12
-27
-9
-10
-10
-15
-8
9
11
8
-17
-15
4
0
-12
-24
-4
21
0
-11
-7
-6
15
0
-10
18
21
26
19
5
7
-6
-16
-19
-25
-29
-34
-29
-6
3
-1
-3
6
28
21
10
-3
11
21
5
0
-5
9
24
29
27
36
53
55
72
78
74
68
62
56
24
13
32
25
21
19
19
16
31
31
44
61
55
40
28
8
-4
-28
-77
-89
-105
-116
-92
-118
-126
-95
-70
-63
-83
-70
-70
-53
-62
-92
-55
-53
-61
-8
-25
-47
-10
-21
-36
-19
-49
-63
-19
-15
-18
16
7
36
88
23
34
52
3
30
7
-66
-29
-31
-77
-42
-39
-37
27
18
11
54
15
16
45
-14
8
25
-26
-2
32
-11
14
61
29
76
99
84
128
136
139
179
155
161
199
181
182
197
181
200
219
202
228
226
200
233
216
221
204
152
139
82
19
-60
-177
-204
-198
-243
-216
-194
-195
-156
-191
-244
-241
-277
-340
-331
-374
-399
-367
-449
-473
-437
-501
-473
-425
-424
-326
-258
-241
-131
-30
32
148
198
223
312
316
276
258
138
27
-23
-133
-232
-258
-251
-166
-18
69
181
344
438
496
495
436
393
337
235
171
101
39
50
50
33
83
127
142
227
297
311
343
403
426
483
494
466
492
499
467
454
452
428
434
402
328
294
234
110
58
-5
-70
-50
-83
-154
-144
-215
-329
-413
-630
-727
-713
-787
-781
-763
-767
-675
-709
-807
-771
-828
-867
-862
-919
-884
-808
-813
-811
-738
-724
-678
-570
-510
-360
-185
-41
180
341
480
618
678
730
697
597
461
331
150
-50
-192
-282
-277
-198
-16
201
442
677
879
1006
1029
964
857
720
563
407
257
164
136
142
165
201
293
399
487
588
658
735
804
837
884
906
882
843
791
722
656
559
438
329
211
144
145
132
71
9
47
68
8
-194
-352
-454
-637
-792
-1029
-1242
-1214
-1253
-1402
-1392
-1328
-1177
-1056
-1042
-988
-813
-700
-712
-817
-927
-893
-883
-1029
-1027
-923
-859
-725
-644
-564
-404
-265
-164
46
262
415
632
750
862
955
817
636
471
207
-38
-246
-440
-475
-367
-228
39
386
674
1001
1238
1321
1350
1221
995
827
591
327
195
118
127
220
304
423
634
793
904
1010
1051
1130
1199
1179
1163
1114
1007
877
708
508
328
151
-1
-83
-130
-70
-2
-41
-9
84
81
16
-253
-508
-567
-864
-1235
-1495
-1695
-1528
-1430
-1716
-1635
-1290
-1043
-928
-1118
-1034
-682
-718
-747
-829
-947
-666
-656
-898
-754
-624
-648
-566
-540
-513
-374
-600
-1315
-1250
-226
485
802
1121
1905
2914
2851
1881
838
173
-185
-1052
-2265
-2466
-1651
-1079
-703
40
855
1717
2379
2375
2381
2308
1549
877
580
206
-252
-726
-747
-133
231
231
522
1011
1505
1713
1340
1136
1494
1431
1031
910
649
454
392
-68
-174
-82
-481
-404
21
162
452
658
741
1006
782
363
30
-540
-847
-1164
-1785
-1761
-1595
-2024
-1943
-1637
-1710
-1344
-1206
-1265
-581
-362
-566
-237
-280
-490
-578
-1190
-1407
-1296
-1750
-1840
-1554
-1445
-950
-496
-317
492
1089
974
1213
1312
970
777
358
-58
157
104
-121
224
527
650
709
334
108
-39
-779
-1299
-1334
-1372
-1090
-584
-69
912
1898
2147
2376
2585
2252
1744
1036
251
-10
-215
-530
-306
146
588
1125
1357
1544
1815
1691
1404
1296
1058
732
550
399
398
466
416
421
540
586
512
392
341
316
384
354
245
129
-213
-561
-786
-1145
-1585
-1883
-2064
-2105
-1975
-1877
-1635
-1112
-822
-544
-241
-401
-494
-461
-754
-819
-987
-1272
-1085
-1177
-1401
-1209
-1389
-1334
-1012
-1105
-883
-310
-30
142
401
535
806
856
418
146
-115
-543
-658
-808
-885
-401
-89
184
756
1020
1075
1032
560
-73
-525
-933
-1260
-2622
-3373
-1584
464
2098
2987
3151
4816
5991
4344
1934
141
-375
-369
-1594
-2532
-1496
-29
718
1064
1084
1681
2481
2035
1911
2096
1415
1066
972
802
859
109
-788
-295
142
-345
-628
-635
-96
703
236
-241
43
103
57
-357
-1150
-1358
-1408
-1820
-1789
-1654
-1865
-1718
-1161
-875
-607
-747
-809
-343
-277
-887
-1347
-1330
-1129
-977
-1306
-1185
-345
83
-84
-207
-137
-106
-326
-1003
-1119
-685
-575
-326
-197
92
825
556
-99
-61
-506
-1031
-1035
-1020
-602
-110
67
653
1200
1033
594
-173
-830
-840
-1373
-1971
-1454
-595
371
1364
1822
2500
3292
3175
2690
2132
1377
860
310
-396
-466
-338
-251
372
962
1353
1916
2225
2324
2502
2257
1727
1422
1176
876
685
298
71
221
165
-134
-174
-124
-23
261
281
200
366
332
176
167
-263
-652
-1053
-1601
-1717
-1733
-1924
-1847
-1659
-1043
-441
-588
-883
-1157
-1144
-919
-1561
-2014
-1507
-1268
-879
-658
-953
-367
-240
-728
-525
-929
-1084
-767
-1082
-1054
-656
-985
-837
-31
134
-246
-594
-1018
-1073
-1122
-1998
-1859
-1035
-482
530
791
964
1750
1254
268
-34
-439
-924
-994
-846
-43
974
1435
1908
2625
3021
2945
2257
1558
1315
954
210
-203
59
380
805
1244
1646
2307
2583
2294
2330
2150
1635
1333
814
564
758
473
234
431
460
356
179
-109
-175
-98
-96
66
201
331
559
427
106
134
-266
-949
-1170
-1708
-1962
-1921
-2069
-1899
-1321
-1006
-671
-137
-204
-411
-435
-1095
-1453
-1498
-2088
-1751
-1202
-1425
-1033
-891
-721
172
-175
-495
-212
-396
-289
-225
-807
-1064
-809
-645
-899
-1087
-1730
-3653
-3882
-1796
-108
538
563
1678
3976
4699
3118
688
-773
-660
-1082
-3011
-3991
-2989
-1696
-581
447
1108
2268
3569
3752
3859
3529
2100
1373
937
331
-181
-1256
-1294
90
829
1008
1388
1814
2505
2887
2223
1586
1564
1475
1308
1213
743
496
503
152
22
-15
-582
-636
120
491
746
910
979
1308
1068
420
-61
-692
-1179
-1449
-1840
-1768
-1134
-914
-987
-842
-728
-621
-729
-1273
-1526
-1666
-1692
-1057
-1440
-1726
-698
-600
-485
-183
-790
-573
-276
-1015
-1057
-1255
-1406
-568
-750
-819
39
109
108
425
137
-466
-1029
-1859
-2196
-2111
-2520
-2244
-1218
-406
703
1114
747
1193
804
-279
-426
-676
-947
-724
-400
368
1266
1568
1849
2480
2750
2529
2020
1262
1010
1011
151
-329
-24
201
494
783
412
334
1229
1618
1902
2168
1904
2406
3043
2395
1764
1142
432
350
-154
-976
-848
-552
-510
-2
389
577
1219
1072
1017
1478
821
196
-118
-771
-796
-748
-1341
-1223
-681
-482
-82
-133
-628
-341
-549
-1112
-880
-1585
-1858
-892
-1337
-1167
-795
-1584
-1169
-828
-1561
-1425
-1476
-1580
-596
-511
-684
-240
-250
-308
-150
-674
-1060
-816
-1533
-2301
-2591
-3206
-3127
-2951
-3015
-1730
-141
476
1069
1197
1086
1470
917
99
210
306
675
1184
1146
1401
1797
1515
1265
1015
229
-30
683
996
1037
1172
1147
1886
1653
319
332
956
1263
1489
1376
1781
2690
2474
1637
1260
1225
1026
671
401
662
1257
887
664
992
916
782
344
-94
312
507
-153
-130
348
348
376
231
136
842
868
302
220
-92
-142
-293
-1063
-1174
-1074
-1386
-1319
-1259
-1362
-1110
-1150
-1515
-1467
-1397
-1754
-1668
-1362
-1824
-1585
-1466
-1605
-949
-999
-1137
-869
-1291
-1335
-1285
-1887
-1786
-1646
-1530
-1023
-1108
-1582
-1841
-1790
-2336
-2599
-2267
-1544
-106
552
682
991
1298
1703
1593
910
829
1254
1458
1420
1424
1352
1594
1801
1385
1038
591
28
8
329
531
529
631
986
1898
2493
2138
1874
1850
2029
2117
1369
666
671
642
644
537
404
706
1186
1365
1527
1686
1364
1308
1243
806
439
-43
-197
90
143
60
187
310
564
727
293
283
641
206
-169
-597
-938
-659
-1052
-1375
-869
-724
-649
-835
-1370
-1195
-1085
-1707
-2073
-2180
-2616
-2715
-2518
-2468
-1750
-1483
-1371
53
274
26
266
-675
-790
-676
-1996
-2209
-1955
-1906
-1519
-1638
-2188
-1981
-1820
-2273
-2272
-2038
-1388
149
265
-169
642
1293
1792
1813
1206
1712
2695
2482
1948
1634
1355
1298
827
109
406
683
149
55
117
224
1133
1453
772
45
643
2095
2310
1548
1039
1479
2697
2784
1356
615
1075
1689
1269
239
193
765
968
902
967
1058
1362
1583
1205
1227
1058
105
-390
-295
-414
-633
-891
-595
512
1011
807
868
787
634
453
-525
-1254
-1570
-1996
-1888
-1513
-1592
-1806
-1589
-1073
-542
-595
-1544
-1728
-1240
-1438
-1870
-2325
-2480
-1827
-1511
-1633
-1098
-901
-472
125
-537
-1012
-932
-1122
-1126
-1216
-1770
-2271
-2241
-2135
-2321
-2765
-3013
-2067
-304
688
604
112
720
2241
2149
994
608
1120
2010
2007
1334
1385
1674
1706
1272
870
924
863
320
-106
33
-80
-213
379
1207
1748
1937
2122
2614
2805
2043
55
-1306
-639
-151
-290
-73
474
2058
3548
3181
2561
2280
1795
1327
534
-172
-379
-523
-691
-339
56
48
484
696
1080
1555
1145
852
1042
854
367
-210
-614
-597
-555
-581
-569
-339
-240
-492
-881
-1051
-1172
-1367
-1627
-1757
-1366
-1116
-1431
-1879
-2376
-2310
-1795
-2210
-2171
-1472
-1032
-39
410
169
34
-583
-1450
-1841
-2310
-2819
-3104
-3090
-3032
-2484
-2036
-2261
-1958
-1458
-536
1011
1055
403
77
593
1455
1063
77
307
1811
2718
2490
1955
1589
1813
1637
428
-279
-295
-138
56
331
409
493
658
1509
2613
2423
1634
1399
1816
2220
1432
125
-427
-677
-420
351
547
898
1656
2073
2785
3152
2262
1419
1163
1238
1321
452
-268
71
516
439
73
-232
-138
482
460
426
1018
1156
1154
1367
869
445
-226
-1164
-1133
-1390
-1701
-1478
-1472
-1264
-649
-633
-844
-689
-883
-1317
-1301
-2007
-2674
-2329
-2531
-2070
-1361
-2035
-1579
-792
-911
-308
-568
-1357
-1048
-1006
-1266
-1330
-1930
-2196
-1668
-1959
-2535
-2601
-3121
-3334
-2856
-1973
-289
185
-762
-7
1910
2619
1946
801
969
2715
3029
1707
998
1154
1729
1503
301
45
528
409
182
435
551
342
-134
315
2242
2991
1968
1962
2997
3730
3225
1153
-97
297
334
-370
-659
-272
788
1543
1815
2358
2631
2046
1638
1665
1431
879
59
-365
318
569
-212
-423
-290
-27
238
-198
-118
435
241
362
478
156
251
18
-464
-164
-221
-981
-1232
-1327
-1622
-1477
-1645
-1803
-1223
-841
-701
-774
-799
-975
-1449
-1499
-1710
-2561
-2458
-1455
-944
-844
-952
-919
-231
-179
-1234
-1813
-1923
-1731
-1884
-2884
-3228
-2696
-2618
-3240
-3595
-3095
-1312
342
-83
-621
446
1880
2362
1466
692
1507
2422
2309
1686
1194
1423
1550
947
557
883
911
714
913
1380
1703
1443
636
744
1703
1685
1338
1121
1239
2085
2395
1551
1072
828
538
595
241
-336
-121
327
772
1524
1598
1644
2229
2452
2399
2047
1175
669
465
-62
-551
-747
-1019
-813
-228
204
676
1100
1273
1576
1787
1426
548
-101
-448
-978
-1388
-1758
-1797
-1311
-863
-619
-188
-262
-333
-507
-1153
-1485
-2086
-2688
-2792
-2751
-2429
-2100
-1755
-1461
-970
-453
-668
-831
-981
-1512
-1505
-1624
-2142
-2104
-2319
-2238
-2422
-2747
-2590
-2994
-3464
-3305
-1929
-64
259
-439
-277
1506
2959
2166
909
1313
2678
3340
2514
1459
1607
2012
1494
713
399
542
440
222
720
1311
1296
720
685
1641
2158
1671
1257
1501
2083
1931
1202
721
197
-121
-318
-523
-124
209
610
1414
2000
2353
2202
1969
2193
1949
1410
763
274
421
393
-45
-327
-383
-313
-182
101
255
489
828
1020
1363
1324
723
-1
-410
-899
-1065
-1414
-2272
-1939
-1139
-729
-213
-344
-608
62
-276
-871
-1278
-2338
-2294
-1985
-2784
-2927
-2564
-2490
-1510
-831
-620
-52
-22
-380
-467
-903
-1768
-1941
-1987
-2292
-2079
-2687
-2893
-2229
-2534
-2990
-2633
-1506
610
739
-577
180
1830
2519
1736
815
1392
2820
3033
1843
1317
1727
1630
1015
203
164
618
296
104
920
1496
1310
902
699
1370
2100
1443
705
940
1559
1818
1230
338
38
21
96
31
-47
-25
353
1311
2070
2307
2375
2189
2293
2302
1557
635
-140
-193
-267
-662
-836
-644
-300
207
569
791
826
789
807
827
575
-14
-532
-881
-750
-827
-1116
-1155
-1091
-456
-121
-420
-495
-723
-925
-959
-1087
-1549
-1936
-2211
-2121
-1706
-1465
-1787
-2104
-1392
-918
-960
-864
-1254
-950
-618
-1142
-1233
-1242
-1318
-1060
-1669
-2287
-2346
-2556
-2889
-3507
-3123
-1776
-146
112
-820
168
1894
2424
1971
1042
1914
3275
3161
2415
1688
1681
1736
806
63
188
324
-135
31
890
1229
1079
333
136
1549
2064
873
403
1235
2187
2415
1358
449
644
604
208
-389
-748
-410
292
801
1430
2051
2059
2048
2371
2236
1674
686
5
-110
-151
-665
-1299
-1092
-678
-170
576
695
971
1646
1678
1602
1223
339
-268
-442
-840
-1305
-1552
-1642
-1079
-422
-466
-61
200
-208
-6
-203
-697
-1062
-1928
-2480
-2343
-2247
-2495
-2380
-1904
-1277
-447
-331
-302
-49
-320
-560
-1208
-1827
-1900
-2149
-2227
-2275
-2466
-2486
-2468
-2326
-2785
-2964
-1889
-294
107
-932
-703
1197
2345
1887
859
1303
2609
3062
2144
1077
1297
1595
895
142
247
613
480
201
730
1433
1259
378
201
891
1617
1271
436
586
1397
2240
1837
874
634
500
417
280
-274
-396
101
898
1673
1867
1914
2045
2138
2069
1404
583
-98
-135
-85
-472
-505
-433
-216
371
754
743
766
964
1322
1491
1283
951
742
446
122
-529
-1098
-1269
-1254
-1112
-1097
-1094
-605
-390
-515
-750
-926
-726
-838
-1036
-1381
-1682
-1677
-1646
-1896
-1913
-1641
-1114
-1085
-1037
-866
-1134
-1156
-1407
-1720
-1514
-1616
-1534
-1842
-2361
-2306
-2318
-2658
-3265
-3191
-1827
-70
-50
-1008
-159
1976
2609
1913
1009
1509
2802
2568
1409
893
1067
1234
582
213
640
1019
481
275
1050
1377
944
74
-182
757
1254
884
673
1095
1949
2240
1694
999
527
159
-86
-239
-347
-339
-1
569
1414
1953
1943
1830
1956
1908
1572
1070
561
443
579
278
169
206
37
325
665
637
736
813
882
1132
996
524
196
74
-238
-456
-900
-1329
-937
-650
-614
-416
-334
-263
-82
-147
-640
-1173
-1446
-1652
-1928
-1966
-2375
-2275
-2273
-2229
-1686
-1496
-871
-425
-527
-499
-616
-655
-646
-1217
-1672
-1891
-2119
-2516
-2901
-2946
-3280
-3551
-2788
-1515
127
-146
-983
84
1562
2085
1010
32
1138
2455
2370
1461
1119
1523
1637
1095
501
484
503
48
-168
450
860
485
-183
-99
1108
1655
1230
1031
1247
1918
2260
1679
1034
503
188
353
313
189
164
470
1298
2051
2236
1910
1818
2247
2323
2009
1354
914
738
781
497
239
204
-78
102
763
924
871
976
797
1261
1409
568
26
-401
-716
-671
-1164
-1425
-1084
-681
-349
-43
43
136
221
-188
-619
-924
-1429
-1622
-2157
-3049
-2736
-2524
-2627
-2295
-2318
-1384
-220
-354
-331
-464
-572
-282
-1030
-1913
-1981
-2037
-2371
-3037
-3277
-3309
-3713
-4059
-3386
-1426
-617
-1587
-1311
297
1891
1828
378
600
2264
3014
2278
1111
1357
2103
1468
311
86
569
427
-80
139
701
990
482
-119
751
1975
1943
1278
1221
1995
2833
2384
1291
675
473
554
353
50
39
345
935
1606
2187
2249
2169
2458
2492
2542
2123
974
731
719
279
117
-397
-388
54
460
915
1014
1161
1511
1577
1344
1018
479
-67
-518
-722
-786
-561
-728
-673
-27
226
337
-66
-710
-844
-819
-1450
-2267
-2116
-2080
-2343
-2001
-2251
-2314
-1893
-2238
-2058
-1863
-1681
-1158
-1429
-1273
-972
-1028
-871
-1103
-1306
-1928
-2538
-2732
-3209
-3832
-4650
-4516
-2583
-1141
-1171
-1603
-496
1884
2581
1609
1089
1854
2888
2677
1539
1067
1542
1399
636
468
887
1013
332
150
851
1225
690
-118
-3
1111
1792
1421
1190
1723
2090
2329
2088
1306
839
481
181
274
312
102
234
1029
2032
2608
2533
2549
2915
2954
2593
1738
903
715
612
218
-35
-42
-64
203
519
818
1072
953
1060
1338
1055
954
431
-64
-45
-346
-703
-976
-1115
-1069
-945
-699
-984
-881
-573
-1051
-845
-1280
-2063
-1816
-2082
-2601
-2429
-2372
-2198
-2025
-1997
-1752
-1329
-868
-739
-1032
-859
-920
-996
-1295
-1776
-1942
-2177
-2692
-3059
-3366
-3495
-3896
-4311
-3284
-1312
-564
-1419
-1352
686
2403
2039
940
994
2515
3250
2478
1397
1289
1664
1297
466
377
620
438
173
584
1269
1378
657
215
948
1693
1750
1476
1259
1755
2637
2602
1949
1340
730
789
1022
647
323
259
709
1617
2395
2281
2310
2666
2787
2968
2423
1377
997
760
486
130
-405
-691
-501
-21
414
748
1024
1104
1518
1657
1333
1098
275
-124
-387
-676
-995
-1659
-1803
-1432
-1062
-703
-747
-605
-708
-766
-512
-1241
-1887
-2096
-2681
-2680
-3111
-3295
-2792
-2782
-2159
-1526
-1126
-358
-264
-691
-750
-933
-1192
-2125
-2641
-2621
-2988
-3503
-4056
-3999
-3804
-4198
-3643
-2088
-306
-132
-989
1
2024
2609
1557
555
1517
3137
3166
2059
1491
2022
2261
1473
629
725
697
189
124
669
1230
1066
526
788
1641
2156
1954
1732
1803
2255
2747
2386
1618
1020
607
868
958
373
195
568
1741
2467
2396
2338
2697
3151
2860
2027
1434
908
735
429
11
88
-216
-305
80
448
666
491
457
1014
1258
879
399
314
38
-137
-431
-1066
-1112
-1051
-1457
-1437
-1455
-1831
-1821
-1500
-1579
-1531
-1412
-1701
-1245
-1225
-2084
-2170
-2472
-3004
-2626
-2817
-2653
-1871
-1611
-1044
-371
-552
-968
-1214
-1364
-1479
-1890
-2891
-3329
-3213
-3233
-3316
-3737
-3864
-2477
-600
82
-237
-568
524
2059
1798
893
900
1873
2933
2882
2047
1860
2216
1913
1144
765
639
388
144
270
1037
1401
1138
852
1099
1927
2303
1975
1736
1980
2291
2489
2008
1432
1019
977
1050
859
627
609
1200
1766
2224
2309
2348
2811
2784
2478
2014
1096
847
576
120
-93
-576
-811
-432
-83
386
483
474
817
1309
1273
521
319
-61
-485
-607
-1186
-1590
-1576
-1745
-1568
-1093
-1124
-1307
-1160
-840
-795
-1031
-1510
-2221
-2173
-2150
-2818
-3136
-3176
-2916
-2478
-2153
-1580
-1183
-744
-277
-172
-23
-584
-1258
-1411
-1785
-2211
-2632
-3096
-3348
-3523
-3210
-2931
-2802
-2458
-1539
112
514
-351
-336
521
1467
1349
850
1305
2485
3180
2868
2439
2378
2314
1522
731
654
690
279
-61
387
1301
1497
555
347
1755
2739
2418
1523
1389
2770
3242
1994
1169
927
1227
1370
654
592
1231
1688
1770
2004
2458
2480
2177
1713
1625
1760
937
396
398
292
350
-235
-677
-235
13
-34
291
420
699
970
767
812
426
-302
-614
-926
-1193
-1457
-1814
-1711
-1298
-664
-533
-1074
-1104
-1158
-1298
-1703
-2231
-2439
-2674
-2343
-2283
-2890
-2185
-2210
-2091
-1240
-1285
-729
-632
-1159
-809
-1094
-1395
-1673
-2314
-2053
-1675
-1637
-1930
-2214
-2141
-2214
-2506
-3103
-3319
-2137
-1115
-383
-344
-507
661
1778
1768
1563
1227
1700
2469
2471
1984
1724
1587
1601
1669
1410
1209
963
836
1033
1395
1221
224
76
972
1882
1982
1256
1247
2623
3346
2475
1375
1029
1601
1832
1299
950
1390
1906
1873
1829
2016
1871
1465
1137
1344
1660
1111
479
533
849
911
113
-483
-197
10
-106
-248
-41
382
477
391
437
614
184
-479
-751
-826
-877
-1351
-1852
-1506
-816
-624
-849
-1242
-1095
-690
-1139
-1919
-2414
-2402
-2373
-2657
-2912
-3021
-2602
-2107
-1956
-1507
-1056
-875
-805
-710
-452
-817
-1501
-1902
-1871
-1646
-2004
-2396
-2225
-1980
-1827
-2277
-2732
-2519
-1913
-1216
-580
-404
-521
-398
459
1058
837
633
911
1962
2766
2574
2072
1844
2024
2047
1474
965
821
871
915
860
560
258
162
781
1601
1931
1669
1713
2703
3433
2851
1887
1519
1814
2194
1794
1244
1300
1791
1881
1558
1530
1460
1441
1475
1440
1691
1488
986
907
926
716
237
-338
-364
18
105
-195
-110
168
325
471
311
145
159
-76
-283
-201
-744
-1363
-1492
-1634
-1476
-1612
-2085
-1685
-1078
-1015
-1153
-1639
-2132
-2289
-2468
-2889
-2666
-2511
-2757
-1867
-1348
-1328
-1041
-1192
-715
-229
-767
-1271
-1569
-1546
-1762
-2279
-2544
-2393
-1845
-2161
-2389
-2151
-2475
-2428
-2404
-1865
-474
-203
-700
-551
496
1220
1116
681
913
2173
2834
2389
2024
1857
2048
1986
1213
888
988
845
800
903
362
-288
239
1244
1824
1958
1907
2321
3333
3642
2801
1842
1576
1764
1671
1206
1071
1309
1396
1685
1989
2078
1951
1696
1692
1956
1994
1390
796
740
822
627
-50
-518
-309
-60
-79
-92
-8
392
570
468
444
393
10
-192
-332
-486
-705
-1224
-1661
-1531
-1315
-1508
-1748
-1701
-1404
-1132
-1093
-1438
-1782
-2000
-2227
-2410
-2566
-2705
-2610
-2391
-2272
-1913
-1643
-1386
-1338
-1081
-1091
-1489
-1287
-1562
-1954
-1839
-2186
-2223
-1986
-2099
-2029
-2085
-2350
-2584
-2733
-2112
-1076
-353
-423
-545
120
773
1036
468
151
924
1712
1939
1815
1811
2168
2282
1923
1698
1718
1494
1238
1211
1196
1025
450
327
1299
2158
2192
1990
2257
2952
3563
3084
2161
2167
2593
2586
2270
1942
1838
1898
1840
1664
1641
1513
1312
1440
1627
1743
1563
1219
1122
1225
883
291
-120
-335
-373
-541
-721
-543
-448
-375
76
278
265
244
-90
-199
-186
-833
-1489
-1793
-1870
-1785
-2064
-2324
-1947
-1748
-2101
-2055
-1946
-2429
-2250
-2411
-2880
-2452
-2452
-2581
-2036
-1677
-1383
-977
-940
-1211
-1426
-1746
-2337
-2416
-2639
-2750
-2418
-2345
-2056
-1730
-1731
-1617
-1881
-2217
-2241
-1903
-1345
-673
-24
155
418
450
432
774
555
326
782
1432
2052
2285
2177
2370
2665
2412
2003
1915
1749
1824
1581
890
679
666
815
1364
1913
2105
2384
2869
3444
3624
2919
2229
2196
2281
2268
1930
1618
1938
2241
1971
1738
1613
1510
1542
1430
1365
1355
1179
1150
1191
981
642
91
-253
-280
-528
-812
-764
-698
-569
-377
-278
88
364
60
-278
-446
-702
-809
-1515
-2055
-1729
-1965
-2063
-1828
-2122
-2042
-2029
-2392
-2387
-2610
-2878
-2968
-2910
-2628
-2264
-2300
-2186
-1365
-968
-945
-851
-1483
-1729
-1730
-2498
-2775
-2821
-2898
-2616
-2150
-1821
-1410
-1474
-1885
-2181
-1965
-1998
-1791
-1393
-751
296
475
273
695
1116
1392
1305
1195
1639
2315
2464
2444
2550
2564
2473
2175
2029
2077
1947
1385
1032
949
678
731
1121
1494
2304
2879
2940
3571
3983
3360
2846
2359
2092
2135
1744
1254
1544
1888
1764
1689
1605
1493
1618
1282
1006
1153
898
766
798
476
411
234
-281
-286
-239
-584
-771
-674
-731
-471
-364
-483
-46
-270
-681
-387
-811
-1274
-1294
-2008
-2070
-1569
-2052
-2328
-1974
-2343
-2154
-1865
-2696
-2507
-2296
-2767
-2521
-2218
-2563
-2192
-1827
-1850
-1315
-1145
-1637
-1549
-1678
-2357
-2282
-2699
-3047
-2413
-2357
-1998
-1352
-1243
-1000
-1154
-1538
-1713
-1867
-2130
-1656
-627
53
646
975
838
1328
1686
1241
1122
1136
1486
2297
2477
2483
2738
2711
2803
2794
2347
1987
1969
1636
1142
868
386
758
1532
1626
2238
3036
3221
3489
3531
2947
2637
2290
1592
1306
1539
1552
1612
1608
1436
1840
1982
1518
1361
1220
1145
1254
1053
730
691
448
16
6
-188
-673
-735
-896
-745
-413
-701
-673
-436
-288
-75
-340
-706
-823
-1189
-1669
-2043
-2286
-2311
-2307
-2212
-1893
-1421
-1705
-2261
-2351
-2591
-2693
-2849
-3342
-3089
-2411
-2261
-1983
-1525
-1478
-1419
-1143
-1133
-1345
-1505
-2130
-2373
-2060
-2216
-2377
-2197
-1863
-1232
-772
-773
-646
-703
-1034
-1449
-1635
-1513
-1074
-449
20
626
840
820
1195
1422
1431
1328
1425
2095
2633
2684
2721
2787
2915
2753
2396
2131
2132
2027
1317
965
858
719
1308
1881
2328
2925
3266
3342
3525
3473
2669
1859
1543
1462
1543
1409
1074
1336
1577
1670
1600
1258
1131
1135
1010
851
760
569
330
291
185
-189
-534
-964
-1085
-935
-1061
-1184
-1072
-855
-485
-450
-507
-275
-340
-611
-768
-1293
-1609
-1619
-2032
-2160
-2015
-2244
-2190
-1795
-1857
-1898
-1994
-2536
-2788
-2507
-3046
-2989
-2478
-2502
-1727
-1242
-1385
-1088
-933
-1416
-1577
-1755
-1987
-1976
-2121
-2307
-1855
-1595
-1461
-1071
-812
-516
-400
-860
-1089
-1113
-1131
-947
-563
-46
667
1130
936
909
1152
1178
1243
1164
1360
2176
2661
2924
3134
3100
3079
3097
2829
2418
2180
1700
997
385
76
675
1484
1862
2230
2847
3468
3668
3295
2506
1783
1705
1360
1034
1166
1232
1516
1635
1363
1439
1279
892
713
596
475
428
436
348
543
494
94
-96
-218
-491
-695
-1131
-1472
-1201
-1108
-1107
-905
-911
-673
-445
-691
-790
-922
-1262
-1452
-1719
-1981
-1907
-1970
-2130
-2159
-2021
-1858
-1963
-2290
-2580
-2574
-2494
-2654
-2644
-2303
-1866
-1509
-1458
-1421
-1279
-1315
-1514
-1772
-1916
-2004
-1955
-1645
-1540
-1310
-1071
-931
-552
-273
-221
-488
-875
-1039
-1193
-1153
-1013
-549
117
722
1456
1574
1296
1211
1241
1375
1234
1224
1734
2485
3030
3150
3138
3057
2927
2714
2240
1853
1620
1052
72
403
1435
1602
1733
2225
2946
3693
3318
2404
2167
1905
1491
891
540
929
1457
1301
1242
1686
1587
1104
811
514
604
465
59
359
583
426
332
-18
-120
-165
-794
-1327
-1231
-1210
-1224
-1256
-1153
-573
-370
-561
-402
-404
-659
-910
-1370
-1884
-2229
-2310
-2284
-2436
-2226
-2167
-2287
-1855
-1732
-2141
-2248
-2418
-2464
-2180
-2460
-2480
-2070
-1771
-1509
-1461
-1395
-1121
-1012
-1234
-1686
-1868
-1534
-1314
-1340
-1270
-987
-564
-351
-192
-280
-438
-646
-941
-1202
-1272
-1040
-747
-135
690
1417
1852
1435
1186
1456
1489
1372
1188
1439
2224
2936
3121
2945
3051
3003
2714
2373
1974
1838
1564
292
60
1307
1816
1831
1980
2410
3342
3628
2509
1770
1702
1453
950
468
458
1186
1486
1067
1304
1733
1273
1027
680
565
814
246
-69
311
360
164
-205
-674
-611
-722
-1307
-1453
-1307
-1311
-1056
-850
-592
-358
-521
-637
-536
-445
-921
-1434
-1771
-1829
-1673
-2095
-2626
-2749
-2557
-2151
-1831
-2045
-2061
-1898
-1933
-1892
-2147
-2597
-2361
-1906
-1661
-1209
-1189
-1486
-1294
-1233
-1646
-1605
-1761
-1986
-1400
-923
-763
-341
-365
-320
239
226
-177
-503
-986
-1196
-1180
-1154
-1017
-522
248
1059
1770
2153
2055
1462
1170
1385
1356
1088
1081
1567
2598
3124
2977
2877
3028
2948
2651
2223
1845
1568
984
308
804
1655
1614
1650
2078
2684
3047
2523
1718
1479
1287
1041
664
547
915
1106
1092
1130
1328
1196
704
692
627
577
427
131
194
260
-15
-359
-673
-930
-1105
-1332
-1439
-1329
-1013
-842
-549
-76
-5
-141
-280
-676
-1015
-1362
-1878
-2096
-2154
-2348
-2339
-2137
-2169
-2146
-1850
-1913
-2035
-1736
-2138
-2385
-2077
-2421
-2545
-1940
-1870
-1647
-1023
-1092
-1115
-500
-991
-1566
-1360
-1894
-1645
-1215
-1573
-1137
-536
-304
165
2
-159
145
16
-538
-573
-705
-671
-170
6
523
1601
1734
1974
1954
1086
1131
1084
705
893
1126
1479
2500
3063
2928
3211
3178
2933
2969
2370
1746
1581
771
156
657
957
1068
1536
1815
2268
2784
2319
1929
1627
1076
1105
909
656
1035
1079
928
1097
1073
759
588
385
192
352
272
125
382
322
88
-80
-579
-891
-944
-1282
-1551
-1361
-1206
-1020
-680
-457
-397
-527
-814
-961
-1301
-1671
-1927
-2130
-2082
-2052
-2141
-2139
-1958
-1909
-2000
-2186
-2106
-1958
-2171
-2231
-1925
-1868
-2110
-2006
-1827
-1696
-1344
-1325
-1407
-1001
-812
-1049
-818
-900
-1057
-922
-967
-657
-387
-465
-470
-74
311
243
-284
-850
-696
-117
-35
97
524
1181
2116
2411
2211
1759
1035
897
1065
935
1017
1318
1785
2656
3180
3026
2884
2822
2690
2636
2253
1427
685
382
924
1319
1086
1172
1652
2374
2759
2249
1491
1294
1114
865
673
487
523
791
899
1105
1364
903
569
604
453
365
-34
-314
6
141
-79
-323
-630
-666
-757
-1155
-1324
-1318
-1397
-1409
-1231
-962
-720
-994
-1302
-1134
-989
-1357
-1725
-1765
-1784
-1564
-1800
-2278
-2016
-1867
-1964
-1830
-1841
-1821
-1743
-2017
-2425
-2230
-2290
-2548
-2201
-1712
-985
-458
-821
-848
-268
-370
-747
-1030
-1340
-1081
-645
-768
-675
-317
-242
161
414
343
371
-225
-547
-193
-89
-55
114
577
1437
2105
2166
1694
1391
1424
1567
1488
1206
1364
2016
2486
2866
3014
2791
2881
2903
2554
2278
1862
1073
334
-22
369
800
621
908
1747
2438
2658
2109
1418
1355
1261
597
-54
-155
221
489
618
688
961
1095
765
724
710
400
81
-251
-216
4
-237
-685
-977
-937
-849
-1186
-1513
-1483
-1380
-1246
-1104
-939
-808
-902
-947
-951
-1123
-1259
-1605
-1893
-1975
-2025
-1912
-2171
-2254
-2014
-2111
-1931
-1697
-1874
-1792
-1544
-1587
-1677
-1621
-1708
-1737
-1475
-1467
-945
-491
-874
-644
-284
-401
-267
-633
-938
-346
-114
-284
-163
-14
376
704
307
-201
-249
-468
-536
-187
-99
406
1245
1796
2374
2261
1533
1609
1706
1448
1359
1162
1438
2294
2569
2496
2598
2618
2586
2506
2009
1671
1492
749
116
237
647
919
914
1046
1824
2376
2185
1558
991
932
782
73
-461
-360
-5
381
653
727
1001
1157
859
687
457
-24
-442
-704
-790
-689
-881
-1127
-1156
-1036
-960
-1158
-1266
-1266
-1142
-914
-951
-971
-862
-853
-833
-854
-1094
-1505
-1543
-1587
-1876
-1831
-1926
-2101
-1726
-1537
-1618
-1444
-1359
-1223
-1247
-1544
-1596
-1654
-1760
-1726
-1565
-1287
-954
-903
-599
-163
-64
-41
-212
-356
37
32
-347
-265
-154
-84
302
325
236
410
134
-93
-87
-92
135
462
793
1455
2047
2091
1654
1094
1136
1297
923
715
1009
1713
2358
2524
2412
2502
2611
2441
2171
1761
1425
1308
835
103
-55
214
438
467
784
1333
1636
1823
1518
1039
823
563
131
-139
-301
-407
-229
113
326
569
574
448
639
510
165
-120
-398
-549
-573
-809
-1040
-1112
-1100
-1132
-1270
-1359
-1381
-1290
-1151
-917
-710
-615
-706
-556
-511
-742
-1169
-1585
-1721
-1676
-1729
-2010
-2094
-1666
-1330
-1312
-1320
-1321
-992
-829
-862
-1002
-1177
-1005
-869
-1082
-1024
-915
-1002
-769
-575
-611
-356
-141
-181
279
381
110
415
429
341
467
288
410
705
783
531
285
186
192
344
131
329
1100
1425
1603
1745
1541
1285
841
561
537
491
546
939
1444
1963
2275
2151
2094
2268
2066
1509
1123
625
133
-66
-223
118
544
419
694
1362
1490
1290
881
372
317
238
-213
-491
-314
-250
-117
206
288
370
345
113
232
189
-229
-520
-639
-622
-534
-743
-985
-886
-815
-983
-1049
-1096
-1119
-960
-915
-636
-315
-369
-489
-521
-631
-816
-1029
-1392
-1623
-1386
-1260
-1395
-1205
-990
-798
-610
-698
-713
-540
-715
-1065
-1161
-1037
-860
-683
-744
-663
-249
-164
-207
-261
-374
-369
-324
-387
-99
62
62
303
505
665
668
521
520
698
823
818
843
803
901
864
495
295
301
289
349
469
640
946
1021
623
289
232
214
268
246
384
862
1352
1382
1378
1313
1093
965
599
483
838
909
874
906
756
710
486
-84
-379
-343
-314
-278
-16
176
445
691
668
855
687
340
188
-26
-247
-374
-568
-572
-369
-309
-240
-152
-123
-176
-190
-416
-531
-691
-921
-949
-1107
-1108
-999
-767
-543
-475
-362
-340
-453
-587
-652
-632
-861
-888
-604
-682
-402
-384
-716
-471
-522
-931
-858
-950
-846
-506
-555
-435
-139
51
-52
-151
-267
-319
-217
-143
-137
-53
188
377
584
688
624
640
480
165
32
-142
-128
39
183
448
672
910
1152
1097
975
831
543
47
-556
-742
-711
-355
41
421
944
1231
1276
1100
802
665
746
576
107
-295
-629
-893
-991
-1284
-1449
-860
-168
441
934
1136
1396
1669
1634
1427
1341
1086
811
534
4
-350
-666
-1056
-1067
-814
-553
-98
496
1082
1549
1727
1438
1073
556
-202
-794
-1380
-1636
-1595
-1477
-1166
-670
-265
60
313
433
128
-229
-622
-1160
-1221
-1230
-1353
-983
-490
-295
85
177
-81
-256
-679
-1104
-1092
-1096
-1090
-670
-146
432
818
652
604
703
292
-229
-399
-638
-528
-149
-48
314
812
879
874
834
614
445
122
-192
-156
-107
-100
244
566
689
781
623
482
598
292
66
-585
-1790
-1629
-498
239
988
1332
1556
2645
2635
1283
79
-981
-1673
-2113
-2727
-2750
-2042
-1525
-1149
-451
142
650
1017
1105
1628
1976
1583
1235
1023
754
208
-740
-1418
-1468
-1459
-1445
-1155
-595
32
679
1125
1567
1988
1883
1566
1325
906
333
-334
-974
-1107
-986
-1067
-995
-428
222
859
1278
1289
1269
1114
636
82
-538
-1151
-1241
-998
-1027
-771
-566
-563
-114
72
-62
96
-45
-32
270
264
437
560
240
-4
-15
-338
-682
-913
-1122
-915
-556
-421
-27
529
679
712
577
373
224
-257
-773
-711
-554
-559
-283
-90
205
495
175
-99
-45
-132
-252
-464
-480
-151
3
18
200
466
551
479
427
297
266
44
-243
-178
-234
-323
-258
-212
-58
-16
-223
-394
-385
-411
-594
-654
-575
-417
-207
-131
15
221
218
137
75
2
-109
-202
-263
-151
48
110
289
589
725
715
557
456
379
261
120
124
282
379
493
750
962
961
805
594
506
407
170
5
50
176
364
503
603
722
650
452
349
179
-153
-391
-595
-435
-139
-67
24
235
525
856
813
431
366
220
-111
-369
-649
-871
-554
-436
-471
-139
-179
-221
87
103
144
200
-331
-603
-540
-778
-1088
-1178
-1231
-897
-501
-419
-235
-53
91
105
97
59
87
0
-194
-245
-414
-744
-1039
-1329
-1291
-989
-888
-629
-121
259
454
507
345
128
-95
-400
-347
-308
-463
-522
-575
-427
-214
-405
-683
-460
-304
-332
-360
-565
-547
-196
-58
95
456
628
897
1185
1237
1065
728
297
49
-61
-210
-210
-30
445
998
1282
1413
1487
1288
1057
662
246
29
-105
-109
59
368
660
929
1166
1272
1272
1156
977
797
561
419
301
290
344
384
478
438
400
376
302
260
222
187
220
214
208
239
292
272
232
176
30
-92
-257
-491
-731
-826
-875
-952
-905
-744
-571
-366
-254
-384
-425
-455
-501
-567
-796
-898
-814
-694
-859
-1161
-1284
-1270
-1164
-1162
-1209
-984
-631
-414
-402
-460
-483
-496
-483
-528
-568
-708
-743
-693
-667
-625
-698
-801
-619
-265
-229
-357
-349
-268
-99
64
-64
-73
14
103
329
415
401
463
465
471
498
323
106
104
247
367
466
473
658
900
864
854
851
806
914
844
718
828
854
788
776
836
982
1074
1004
974
1147
1117
990
1013
964
981
1086
944
878
878
778
709
515
286
164
133
148
278
209
161
403
470
360
223
-59
-102
-44
-365
-615
-672
-697
-594
-551
-635
-542
-417
-430
-359
-371
-419
-455
-608
-712
-795
-905
-1040
-1113
-1115
-1130
-1126
-1191
-1090
-819
-744
-704
-688
-712
-631
-659
-824
-816
-792
-766
-821
-982
-957
-900
-960
-983
-881
-812
-615
-365
-250
-79
-6
-170
-313
-204
-74
-98
-123
14
428
727
496
230
198
217
180
-24
-192
26
389
545
533
636
945
1162
1132
1036
1010
987
848
739
603
537
491
482
705
970
1056
1081
1101
1185
1316
1175
883
845
908
802
685
553
440
600
644
515
576
649
724
688
432
136
89
205
147
60
52
188
465
392
91
-115
-306
-324
-388
-684
-645
-419
-350
-151
-157
-321
-323
-483
-645
-540
-781
-1113
-1006
-1105
-1180
-1175
-1361
-1278
-940
-907
-875
-679
-660
-686
-924
-1180
-1085
-1080
-1152
-1019
-916
-784
-543
-612
-752
-599
-636
-808
-815
-747
-564
-358
-227
-80
61
47
-51
-52
-57
18
198
274
452
668
636
603
625
486
357
267
206
255
329
371
525
807
1067
1241
1245
1136
1046
853
557
372
221
177
306
509
734
968
1103
1207
1338
1329
1188
1006
821
819
801
548
413
478
502
444
388
354
403
502
474
409
390
233
101
34
-19
-30
-127
-165
18
117
-21
-119
-204
-269
-275
-386
-416
-309
-360
-457
-530
-670
-847
-1057
-1137
-1085
-950
-899
-919
-799
-659
-606
-729
-853
-900
-891
-881
-794
-647
-637
-693
-640
-666
-760
-896
-1012
-972
-817
-709
-681
-684
-588
-521
-605
-652
-607
-575
-404
-145
63
259
320
215
104
55
-83
-110
-28
187
470
595
562
557
590
579
488
324
362
633
804
814
847
836
808
733
559
457
510
613
681
750
885
1030
1098
1063
966
896
847
809
921
1020
978
907
879
749
530
336
191
129
195
286
327
415
527
496
420
252
67
48
-8
-11
64
21
-88
-128
-221
-354
-472
-631
-648
-495
-377
-310
-275
-316
-409
-558
-801
-919
-925
-910
-978
-989
-883
-845
-790
-768
-828
-844
-774
-747
-680
-606
-595
-635
-654
-649
-655
-782
-858
-742
-683
-636
-496
-450
-423
-471
-595
-556
-422
-381
-233
-114
4
115
5
-146
-155
-140
-177
-64
10
253
473
535
643
601
493
478
352
349
481
556
633
776
845
855
916
802
695
680
617
541
515
496
553
594
628
751
901
998
988
958
914
888
786
539
361
345
391
341
300
266
278
351
330
231
164
177
213
210
162
95
32
-38
-55
-72
-117
-112
-59
-10
3
-145
-294
-294
-347
-432
-431
-401
-339
-290
-446
-645
-694
-816
-911
-923
-895
-776
-606
-518
-460
-396
-497
-617
-677
-726
-801
-896
-825
-704
-587
-570
-630
-545
-434
-428
-487
-472
-469
-401
-426
-557
-533
-488
-408
-288
-129
-22
35
126
144
131
16
-58
-59
-81
-32
23
144
326
505
551
602
622
602
592
541
570
578
518
505
542
530
501
457
387
442
544
558
634
758
876
918
792
710
807
815
705
618
565
589
626
487
343
373
318
208
189
174
286
364
271
184
225
176
37
11
-18
34
24
-38
7
81
28
-48
-189
-301
-308
-393
-471
-415
-347
-296
-234
-263
-346
-424
-558
-645
-652
-748
-804
-760
-737
-717
-681
-693
-670
-565
-483
-486
-445
-398
-411
-454
-523
-624
-681
-715
-725
-634
-557
-472
-396
-258
-195
-175
-190
-250
-292
-291
-237
-185
-101
-31
31
23
75
133
114
97
130
203
344
386
281
300
342
290
226
193
263
387
448
349
326
351
344
299
231
252
359
462
541
582
653
764
724
611
625
627
545
540
492
467
498
410
289
294
283
248
282
314
359
469
535
536
577
522
384
365
307
212
103
-32
-52
-29
-76
-170
-170
-79
8
45
18
12
-14
-101
-239
-353
-395
-433
-460
-500
-440
-401
-444
-502
-518
-485
-479
-501
-544
-483
-350
-337
-410
-420
-396
-372
-391
-466
-476
-499
-484
-493
-491
-438
-427
-430
-440
-443
-448
-447
-473
-394
-338
-320
-273
-233
-164
-77
-38
-88
-64
6
-10
-79
-112
-110
-113
-77
-68
3
173
296
311
318
330
278
181
61
31
121
192
203
240
369
485
565
512
487
558
531
503
400
360
367
359
301
289
307
307
425
474
440
428
420
395
406
341
224
237
272
254
267
259
235
329
354
307
314
340
303
264
224
155
125
108
103
109
101
55
19
-18
-83
-144
-185
-209
-234
-202
-209
-217
-247
-307
-345
-383
-441
-430
-351
-317
-337
-351
-342
-347
-425
-539
-519
-399
-355
-372
-350
-271
-187
-296
-494
-614
-572
-508
-528
-503
-427
-254
-97
-77
-95
-80
-88
-134
-134
-132
-129
-141
-170
-192
-142
-116
-114
-64
25
93
117
86
70
116
87
33
-9
-1
55
115
154
206
288
288
245
184
175
259
278
231
265
329
384
387
294
232
243
273
242
222
247
303
319
264
226
185
168
197
236
269
314
325
325
315
260
185
165
171
214
226
210
212
212
134
48
37
-40
-105
-102
-108
-82
-11
14
29
12
-62
-115
-138
-126
-117
-99
-80
-71
-51
-77
-196
-250
-298
-318
-260
-242
-189
-75
9
-36
-48
-94
-215
-279
-316
-359
-304
-262
-250
-210
-147
-161
-205
-260
-270
-222
-183
-213
-239
-202
-220
-225
-232
-230
-230
-183
-146
-92
-41
-33
-53
-68
-132
-145
-127
-129
-62
33
89
174
210
160
135
138
87
47
51
56
151
286
320
334
441
512
466
350
218
165
181
163
112
123
171
194
270
293
296
301
331
279
229
164
48
39
17
-50
-20
61
122
189
232
236
244
193
74
2
-88
-153
-192
-203
-164
-61
5
70
110
98
75
36
-42
-146
-213
-267
-296
-304
-292
-260
-230
-209
-179
-164
-166
-164
-191
-186
-186
-201
-217
-236
-242
-251
-229
-231
-213
-155
-144
-159
-120
-103
-99
-90
-98
-80
-56
-105
-159
-151
-179
-138
-128
-120
-7
87
84
93
90
66
37
-34
-57
-46
-18
-11
38
107
159
190
153
115
91
71
42
26
12
33
87
143
194
256
280
340
360
361
337
278
230
167
114
66
57
90
147
189
220
251
275
314
348
352
356
309
282
196
107
75
53
42
7
-5
1
76
59
-3
-40
-44
-30
-62
-118
-109
-83
-66
-79
-137
-201
-206
-214
-251
-270
-229
-214
-220
-185
-182
-154
-186
-201
-200
-244
-268
-281
-293
-299
-265
-272
-278
-223
-206
-169
-85
-130
-129
-86
-107
-118
-100
-105
-84
-58
-81
-81
-60
-86
-98
-83
-48
-3
27
14
56
82
82
20
-34
-16
46
58
40
72
78
94
80
67
46
46
80
75
89
86
71
88
83
132
134
154
193
253
295
298
280
253
261
190
159
153
103
119
142
150
198
251
278
311
343
314
286
235
152
85
16
-14
-40
2
75
133
181
190
178
152
105
14
-55
-117
-153
-117
-92
-106
-116
-104
-139
-149
-172
-214
-219
-196
-201
-208
-177
-180
-207
-191
-205
-223
-252
-290
-293
-302
-287
-275
-266
-256
-224
-177
-161
-166
-147
-144
-142
-146
-154
-184
-219
-220
-219
-217
-189
-142
-107
-49
-15
-8
-36
-19
-21
-79
-98
-120
-110
-97
-66
-35
-5
52
85
92
95
123
149
170
197
203
188
169
131
112
122
158
178
235
250
265
329
341
343
342
279
254
265
230
232
226
220
217
229
214
266
286
265
291
273
273
257
191
116
53
38
29
36
38
101
150
192
211
177
150
127
109
68
10
2
-7
-5
-23
-58
-96
-122
-125
-174
-180
-210
-225
-225
-249
-267
-320
-327
-310
-295
-295
-251
-225
-253
-258
-291
-333
-347
-361
-352
-329
-302
-260
-228
-196
-180
-187
-185
-231
-242
-266
-288
-272
-210
-166
-163
-119
-76
-40
-32
-29
-33
-31
-19
-42
-40
-28
-42
-43
-43
-49
-1
29
50
53
63
76
67
35
26
64
85
123
171
199
233
256
240
230
233
250
260
238
234
181
178
199
188
203
257
285
315
390
383
340
307
249
191
147
82
56
122
172
191
259
303
339
353
338
302
234
169
93
36
-9
-53
-51
-31
-3
67
74
62
62
49
-12
-80
-150
-209
-217
-229
-228
-214
-196
-143
-115
-115
-117
-118
-140
-197
-202
-186
-169
-154
-160
-173
-160
-183
-234
-280
-325
-326
-364
-315
-303
-263
-208
-168
-149
-128
-129
-198
-232
-273
-304
-328
-303
-295
-257
-207
-161
-128
-100
-116
-116
-138
-151
-143
-144
-129
-113
-32
30
95
104
98
102
63
89
101
106
106
158
229
307
356
326
335
349
325
261
204
192
182
183
202
253
317
361
369
347
325
292
221
146
137
150
185
193
217
241
253
239
205
164
92
34
16
25
53
73
68
67
111
107
52
35
9
35
2
-49
-101
-105
-85
-66
-17
-11
34
37
30
-3
-53
-126
-158
-205
-249
-233
-239
-225
-186
-128
-121
-136
-152
-186
-211
-219
-239
-226
-212
-188
-170
-143
-162
-195
-229
-266
-288
-290
-299
-288
-207
-151
-133
-131
-108
-109
-97
-125
-180
-181
-148
-148
-156
-145
-96
-37
20
41
61
56
60
41
5
3
-13
-6
33
58
110
168
179
170
121
89
97
99
109
130
178
267
343
349
347
339
309
271
210
146
137
153
170
199
217
253
291
318
284
260
205
145
126
99
105
121
127
139
140
109
58
18
-9
-18
-35
-62
-69
-47
-22
-26
-35
-38
-31
-7
-14
-29
-69
-121
-153
-169
-177
-233
-259
-213
-165
-144
-138
-170
-189
-184
-179
-190
-180
-158
-135
-108
-117
-128
-137
-155
-161
-160
-154
-144
-142
-115
-121
-131
-130
-136
-157
-158
-153
-154
-155
-169
-159
-127
-103
-73
-53
-24
-6
16
19
5
28
27
33
29
51
43
43
53
52
60
76
77
75
122
167
190
207
207
235
271
254
241
229
217
199
164
125
124
131
152
190
192
198
218
207
157
116
72
49
68
88
99
106
122
124
104
103
99
108
86
35
15
11
-9
-14
-35
-19
18
30
32
37
53
47
9
-21
-67
-124
-161
-173
-189
-194
-153
-132
-127
-97
-111
-147
-149
-177
-219
-235
-245
-234
-217
-215
-184
-145
-122
-116
-114
-127
-150
-199
-228
-223
-236
-257
-230
-191
-139
-104
-103
-65
-33
-4
-12
-44
-46
-39
-59
-67
-74
-80
-58
-38
8
20
13
42
82
111
123
146
170
152
196
216
183
188
195
184
183
206
216
191
181
182
177
148
102
111
98
107
130
148
154
161
179
171
174
173
156
161
172
153
132
113
81
60
46
25
14
22
33
2
33
62
65
71
58
58
69
50
23
-1
-41
-28
-51
-56
-36
-35
-41
-72
-75
-87
-96
-99
-130
-121
-129
-141
-175
-201
-214
-219
-209
-211
-190
-154
-132
-122
-109
-128
-164
-190
-239
-259
-270
-274
-276
-223
-209
-171
-97
-67
-47
-31
-22
-26
-13
-51
-41
-41
-74
-89
-90
-105
-80
-30
-32
11
30
44
63
54
66
86
102
98
118
108
102
123
101
84
104
104
114
140
155
197
209
219
213
219
203
164
132
104
87
40
30
36
67
81
90
105
129
158
179
174
171
181
190
172
140
131
115
68
32
18
15
16
-9
-5
5
22
29
40
42
35
22
-4
-20
-38
-53
-61
-70
-71
-52
-53
-60
-68
-61
-57
-71
-93
-129
-140
-164
-187
-178
-179
-155
-137
-153
-161
-208
-238
-282
-323
-334
-313
-258
-200
-125
-60
-11
-14
-27
-32
-49
-98
-135
-143
-156
-157
-154
-120
-68
-28
3
18
22
43
64
39
60
59
36
58
74
79
63
60
71
72
89
101
96
119
127
136
145
146
168
175
177
188
175
162
142
147
151
137
139
144
145
167
168
145
147
133
127
143
134
116
113
111
113
114
99
107
108
114
98
66
47
37
56
55
29
26
18
14
31
32
17
10
-6
-20
-54
-99
-130
-157
-142
-123
-113
-93
-92
-83
-87
-128
-156
-193
-203
-230
-263
-267
-271
-259
-248
-234
-234
-234
-227
-221
-215
-223
-209
-197
-215
-200
-164
-145
-118
-120
-144
-143
-141
-162
-190
-184
-168
-132
-100
-75
-45
-1
-3
8
25
16
16
37
66
100
100
106
108
131
134
123
100
83
116
122
121
146
170
192
219
243
268
267
282
258
269
269
248
230
258
258
231
224
217
235
234
209
192
217
231
224
225
228
217
222
180
136
142
129
114
106
81
99
125
116
95
81
82
62
38
17
22
-7
-40
-62
-84
-84
-102
-115
-146
-127
-137
-136
-141
-167
-174
-178
-219
-253
-256
-286
-262
-256
-256
-289
-312
-328
-344
-339
-361
-335
-329
-304
-285
-280
-253
-236
