-7
-5
-14
-12
-10
-6
-5
-14
-9
-16
-15
-14
-9
-13
-15
-17
-25
-18
-25
-20
-20
-18
-2
4
-7
-6
-3
-6
-14
-15
-16
-1
-3
-1
4
-4
-1
-16
-17
-19
-16
-12
-13
-1
-3
0
2
6
2
9
5
11
10
2
7
15
23
13
13
13
8
16
3
6
3
1
8
9
10
7
3
-2
3
-4
1
-5
-7
3
-4
-4
7
18
16
12
17
19
12
10
13
15
8
11
0
10
3
0
12
9
7
7
11
11
4
-1
-3
-11
-4
-4
-10
-10
1
-4
-10
-4
-11
-2
-4
-10
-3
3
4
-4
-6
-16
-17
1
-6
-6
-1
-1
4
12
11
11
8
-6
2
-13
-12
-10
-3
8
6
8
-2
6
8
-9
-2
4
-6
-10
-6
-6
-4
1
-4
-10
-9
-5
-5
-10
-9
-6
-10
-7
-15
-8
-4
-4
0
4
-6
-15
-11
-21
-16
-12
-11
-6
-13
-9
-4
1
-2
6
8
16
19
9
14
11
3
13
8
10
14
18
22
10
6
9
5
7
8
3
2
0
-1
-1
3
-2
-1
-2
-3
-5
-4
2
0
4
6
-11
-3
-233
-485
-270
151
335
96
-336
-441
-318
-72
221
263
145
-89
-229
-52
279
482
392
146
79
78
251
507
662
614
168
-124
11
262
487
416
67
-207
-386
-242
41
133
-32
-433
-692
-530
-243
-93
-209
-387
-489
-522
-327
-158
-81
-109
-293
-304
-69
76
159
189
128
130
115
236
396
451
369
173
124
229
326
321
171
25
-104
-160
0
63
-44
-237
-438
-507
-386
-266
-236
-250
-366
-457
-572
-573
-290
15
12
-277
-384
-114
68
166
169
212
343
265
263
345
334
392
332
261
347
254
230
247
223
129
-107
-152
-89
11
10
-224
-272
-317
-413
-302
-266
-232
-151
-199
-79
76
154
247
258
316
424
497
598
706
784
825
797
833
812
802
840
750
739
684
532
514
446
319
159
-119
-218
-136
-132
-251
-518
-725
-788
-747
-622
-627
-721
-849
-901
-839
-791
-701
-621
-649
-623
-595
-588
-521
-446
-399
-415
-414
-334
-224
-250
-523
-796
-742
-551
-348
-250
-330
-524
-1030
-1438
-938
38
339
-273
-883
-698
-339
-101
309
709
577
22
35
737
1368
1627
1498
1290
1190
1099
1441
1932
2087
1891
1354
898
1048
1395
1522
1164
698
234
-10
-203
-557
-194
189
-374
-1386
-2032
-1489
-711
-850
-1121
-1486
-1610
-1386
-1167
-710
-424
-490
-554
-423
178
512
613
916
1020
1264
1172
1175
1742
1861
1698
1481
1329
1477
1422
1407
1349
929
658
476
412
490
96
-423
-759
-782
-629
-857
-1034
-1189
-1527
-1539
-1533
-1437
-1215
-1449
-1689
-1627
-1551
-1355
-1219
-1228
-1199
-1590
-2013
-1955
-1479
-915
-940
-1362
-1522
-1799
-1891
-1398
-304
-46
-1425
-2248
-1392
-91
306
-216
-82
355
-115
9
1148
2203
2197
1469
1545
2042
2294
2689
3001
3070
2679
2111
2112
2455
2858
2707
1782
1210
1112
1128
1101
659
324
-117
-802
-1068
-1011
-793
-854
-1388
-1895
-2137
-2000
-1897
-1600
-1194
-1307
-1517
-1577
-1252
-503
20
169
309
341
463
912
1501
2053
2128
1793
1599
1846
2128
2322
2336
2008
1592
1173
1066
1346
1349
866
365
-112
-401
-384
-482
-657
-919
-1306
-1557
-1581
-1481
-1449
-1527
-1673
-1823
-1823
-1634
-1419
-1257
-1295
-1250
-1238
-1322
-1108
-999
-918
-849
-1076
-1208
-1284
-1319
-1145
-956
-1005
-1316
-1593
-1772
-1790
-1277
-606
-956
-2120
-2392
-1194
-136
-444
-923
-506
-255
-494
-95
1195
2026
1506
1017
1552
2132
2443
2873
3255
3141
2502
2206
2570
3158
3422
2859
2021
1508
1409
1666
1546
1281
858
34
-883
-1142
-450
-15
-630
-1681
-2267
-2238
-2167
-1668
-1068
-1090
-1527
-2097
-1906
-910
4
276
118
74
273
638
1348
2077
2429
2064
1429
1685
2255
2564
2612
2215
1882
1334
1007
1438
1546
1157
510
-144
-354
-489
-634
-858
-1136
-1445
-1883
-1918
-1718
-1767
-1783
-2033
-2185
-2084
-2006
-1685
-1506
-1475
-1483
-1630
-1497
-1062
-747
-635
-771
-993
-1146
-841
-496
-552
-763
-1071
-1129
-965
-974
-1206
-1370
-1399
-961
-865
-1863
-2572
-1764
-393
-261
-1278
-1450
-700
-603
-469
479
1375
1128
449
918
2060
2609
2547
2653
2976
2831
2563
2920
3364
3583
3350
2620
2268
2215
2232
2230
1861
1473
873
205
-349
-631
-190
84
-577
-1629
-2388
-2068
-1971
-2034
-1329
-1370
-1731
-2020
-2282
-1312
-370
-14
155
-155
23
484
1084
2051
2348
1991
1387
1386
2231
2739
2898
2451
1878
1541
1128
1601
1970
1282
718
-92
-626
-384
-478
-646
-1017
-1552
-1993
-2295
-2026
-1915
-2059
-2181
-2600
-2639
-2565
-2331
-1741
-1811
-1892
-1914
-2326
-1706
-1115
-1134
-745
-1101
-1395
-1306
-1892
-1391
248
993
134
-1602
-2056
-1081
-213
200
117
107
-538
-2045
-2131
-598
1298
1172
-1002
-1565
-804
-225
595
1072
1585
1173
-437
-258
1564
2686
2619
1922
1650
1535
1609
2367
3100
3485
2713
1434
1527
2167
2651
2439
1236
1040
1240
1043
1007
426
-65
-327
-848
-470
-63
-531
-1170
-1638
-1549
-1156
-662
-475
-817
-868
-971
-795
257
764
895
596
63
585
1386
1933
2316
1961
1360
1049
1271
1979
2282
1851
1130
621
470
469
682
524
-162
-748
-1402
-1432
-965
-1218
-1540
-1897
-2484
-2596
-2526
-2275
-2045
-2326
-2635
-2694
-2482
-2087
-1820
-2001
-2253
-2037
-1748
-1434
-1027
-934
-906
-907
-1125
-887
-507
-407
-461
-914
-1122
-981
-538
-103
118
-405
-1752
-2093
-902
524
703
-342
-813
-503
-295
148
839
1331
1329
847
809
1511
2356
2821
2730
2526
2292
2237
2518
3050
3568
3155
2168
1654
1814
2153
2406
1708
623
467
585
701
159
-585
-786
-1349
-1229
-521
-516
-952
-1841
-1866
-1117
-642
-268
-440
-508
-285
-237
575
1259
1443
1621
1058
1222
1866
2317
2768
2571
2259
1631
1176
1655
1917
1848
1211
148
-246
-289
-104
-176
-848
-1384
-1996
-2310
-1945
-1933
-2198
-2443
-2740
-2668
-2455
-2422
-2378
-2270
-2199
-2248
-2189
-1816
-1636
-1702
-1746
-1644
-1201
-713
-533
-753
-1237
-1442
-1170
-678
125
316
-772
-1999
-2261
-1203
113
227
-499
-961
-2052
-2862
-1901
146
1170
-28
-1836
-2079
-1023
335
1249
1392
1089
291
-26
947
2778
3911
3358
2327
1958
2360
3287
3949
4403
4189
2806
1973
2323
2955
3270
2826
1875
859
20
175
633
610
-52
-1460
-2100
-1787
-1235
-1009
-1552
-2031
-2274
-2279
-1478
-871
-516
-294
-525
-256
286
839
1461
1667
1777
1859
2079
2476
2666
2944
2714
2108
1805
1789
1921
1683
1148
612
-33
-487
-651
-795
-1043
-1600
-2315
-2404
-2341
-2436
-2632
-2855
-2814
-2882
-2855
-2766
-2640
-2243
-2145
-2170
-1870
-1774
-1497
-1218
-1098
-877
-839
-600
-356
-514
-657
-666
-298
-89
-693
-1098
-1162
-1000
-871
-1264
-1636
-1760
-1680
-1732
-2471
-2372
-1413
-1041
-1452
-1824
-1402
-907
-598
-104
441
829
1085
1230
1863
2553
2930
3259
3295
3534
3913
4005
4077
4216
4379
4085
3373
3215
3525
3349
2706
2011
1273
897
581
126
-38
-239
-842
-1643
-2231
-1996
-1948
-2055
-2104
-2193
-1980
-1868
-1605
-1086
-609
-506
-458
118
895
1311
1618
1813
2121
2403
2344
2535
2762
2746
2470
2021
2077
1969
1513
1208
788
281
-294
-728
-908
-1123
-1452
-2043
-2413
-2424
-2671
-2857
-2785
-2833
-2823
-3033
-3160
-2817
-2571
-2198
-2097
-2049
-1821
-1573
-1382
-1264
-909
-693
-540
-326
-245
-122
-103
-374
-137
192
44
-378
-874
-1274
-1023
-1001
-1270
-1104
-930
-1135
-1785
-2474
-2537
-1881
-1234
-598
-788
-1517
-1748
-1158
-155
735
1039
690
578
1009
1690
2706
3387
3319
3094
2779
2987
3822
4342
4326
4045
3341
2648
2598
3128
3574
2948
1652
881
748
794
775
299
-618
-1085
-1220
-1241
-1020
-1366
-1937
-1980
-1736
-1274
-910
-964
-895
-608
-243
280
839
1162
1213
1240
1458
1980
2424
2477
2432
2075
1610
1689
1672
1649
1473
747
80
-294
-425
-482
-805
-1463
-2134
-2487
-2466
-2448
-2521
-2685
-2905
-3031
-2899
-2752
-2748
-2750
-2518
-2306
-2062
-1725
-1414
-1150
-1328
-1209
-712
-492
-145
-208
-215
33
-235
-74
158
-72
-17
-365
-882
-951
-1181
-1014
-1004
-1345
-1676
-1900
-1583
-1911
-2682
-2617
-1828
-806
-960
-1676
-1338
-1032
-486
199
535
1230
1461
1412
2000
2662
3297
3620
3568
3809
3947
4013
4109
4286
4470
3741
3221
3434
3380
3031
2159
1546
1500
936
294
10
-478
-866
-1198
-1509
-1416
-1546
-2188
-2470
-2145
-1693
-1304
-1145
-1115
-824
-516
-344
409
1206
1407
1476
1454
1632
2363
2557
2568
2646
2119
1779
1707
1617
1733
1291
372
-80
-339
-610
-909
-1210
-1742
-2238
-2679
-2901
-2698
-2656
-3009
-2901
-2895
-3074
-2848
-2685
-2247
-2056
-2309
-2150
-1725
-1310
-1026
-880
-646
-697
-574
-337
-108
385
58
-270
-175
-361
40
78
-540
-697
-1228
-1482
-1052
-976
-1022
-1427
-1791
-1735
-2129
-2571
-2201
-1051
-394
-1092
-1704
-1331
-567
328
674
980
1269
1059
1495
2432
3115
3642
3430
3119
3404
3596
4032
4305
4328
4043
3071
2642
2941
3326
3067
1933
1158
598
275
451
391
-285
-1254
-1962
-1875
-1318
-1264
-1630
-2040
-2129
-1766
-1282
-813
-477
-360
-433
-79
728
1321
1568
1542
1669
1959
2172
2318
2539
2404
1810
1498
1439
1546
1461
835
99
-429
-717
-869
-914
-1197
-1924
-2632
-3039
-2808
-2330
-2328
-2753
-3228
-3310
-3007
-2511
-2140
-2034
-2064
-2165
-1861
-1204
-960
-844
-680
-706
-343
-311
-494
127
305
293
56
-471
-229
-30
-8
-298
-1009
-1256
-1284
-1189
-968
-1454
-1719
-1747
-1868
-2161
-2789
-2117
-894
-679
-1176
-1710
-1142
-257
153
733
1171
1349
1366
1558
2556
3377
3561
3441
3216
3480
3907
4071
4317
4400
3820
3093
2754
3133
3256
2520
1727
1192
847
458
-6
-191
-433
-901
-1455
-1874
-1663
-1463
-1682
-1861
-1802
-1570
-1177
-945
-594
-226
-100
165
709
1224
1353
1467
1695
2051
2321
2214
2028
1919
1802
1638
1388
1062
843
373
-219
-518
-746
-1114
-1483
-1938
-2186
-2313
-2648
-2886
-2818
-2743
-2890
-2839
-2662
-2492
-2442
-2487
-2145
-1627
-1569
-1339
-1098
-839
-442
-520
-383
180
195
241
187
88
254
61
-136
11
-166
-465
-688
-1086
-1279
-1542
-1550
-1440
-1597
-1831
-2101
-1945
-2296
-3024
-2493
-1452
-691
-877
-1709
-1279
-551
-53
675
1145
1648
1839
1656
2357
3281
3781
3911
3747
3922
3886
3926
4147
4327
4451
3587
2686
2790
2909
2787
2094
1040
711
475
204
59
-845
-1542
-1693
-1803
-1408
-1334
-1832
-2224
-2374
-1896
-1241
-629
-402
-508
-435
-351
420
1486
1750
1683
1449
1429
1948
2179
2521
2617
1960
1387
1048
1113
1334
983
284
-422
-880
-1207
-1426
-1358
-1716
-2350
-2770
-3030
-2783
-2629
-2863
-2787
-2596
-2443
-2275
-2125
-1908
-1633
-1520
-1319
-829
-610
-511
-255
-184
-10
229
154
263
283
5
2
-81
-222
-271
-602
-741
-877
-1291
-1613
-1761
-1606
-1718
-2057
-2092
-1764
-1862
-2808
-3131
-1905
-773
-640
-1245
-1420
-769
-231
325
1018
1610
1778
1545
1781
2769
3611
3789
3502
3439
3660
3773
3900
4186
4322
3796
2783
2314
2708
2836
2341
1566
796
432
110
-36
-118
-729
-1399
-1967
-2006
-1430
-1252
-1597
-1913
-1995
-1705
-1261
-746
-230
14
-9
0
577
1287
1595
1767
1707
1730
1856
1911
2227
2307
1849
1407
943
770
831
473
92
-368
-895
-1258
-1604
-1612
-1795
-2250
-2537
-2711
-2425
-2298
-2492
-2404
-2248
-2088
-1802
-1640
-1348
-1221
-1109
-727
-494
-160
23
-95
62
23
61
253
325
599
120
-466
-464
-466
-409
-564
-1011
-1319
-1868
-2223
-2078
-1871
-1851
-2376
-2637
-2275
-2510
-3152
-3201
-2040
-766
-997
-1713
-1451
-749
-64
477
1101
1852
1793
1711
2339
3282
3963
3915
3716
3846
4008
4126
4149
4351
4389
3660
3021
2737
2650
2683
1746
1018
916
459
158
-525
-1123
-935
-1378
-2005
-2179
-2137
-1767
-2018
-2213
-1873
-1474
-1253
-1265
-968
-387
-1
560
870
1160
1454
1205
1750
2316
2395
2481
2134
2002
2069
1859
1711
1468
1060
552
107
-44
-267
-584
-992
-1511
-1664
-1965
-2132
-2051
-2312
-2285
-2268
-2282
-1984
-1876
-1897
-1764
-1537
-1139
-745
-631
-816
-862
-468
-157
-12
-143
-384
-277
-188
-270
-179
-363
-643
-832
-1216
-1300
-1162
-1526
-1971
-2297
-2364
-2147
-2264
-2513
-2380
-2136
-2699
-3398
-2787
-1540
-724
-1070
-1719
-1075
-413
93
874
1407
1755
1813
1835
2699
3678
4002
3852
3655
3850
4038
4279
4312
4249
4018
3185
2649
2750
2730
2521
1838
625
215
287
308
-25
-985
-1461
-1556
-2004
-2165
-2103
-1975
-1932
-1901
-1804
-1570
-1085
-937
-801
-211
101
515
1117
1240
1617
1846
1822
2289
2555
2547
2396
2261
2171
2037
1894
1530
1241
789
256
91
-188
-594
-894
-1388
-1650
-1619
-1987
-2069
-2179
-2484
-2229
-1961
-1978
-1868
-1814
-1797
-1464
-1178
-905
-732
-842
-727
-369
-143
-215
-315
-251
-241
-128
-332
-476
-557
-1025
-1123
-1289
-1563
-1455
-1827
-2332
-2538
-2660
-2523
-2565
-2627
-2424
-2635
-3341
-3611
-2513
-1078
-901
-1604
-1831
-1144
-282
374
1102
1603
1669
1698
2116
3123
3969
4118
3844
3772
3863
4104
4364
4426
4462
3935
3034
2578
2637
2735
2357
1677
959
279
-52
-812
-963
-387
-674
-1423
-2233
-2482
-1983
-2414
-2056
-1248
-1167
-1128
-1649
-1408
-395
326
673
762
1079
1231
1264
2109
2566
2901
2767
1892
2215
2564
2493
2500
1973
1655
1040
473
514
381
23
-714
-1389
-1546
-1582
-1652
-1957
-2286
-2245
-2546
-2381
-1793
-1848
-1797
-1902
-1986
-1396
-964
-814
-753
-811
-711
-462
-88
78
-151
-257
-405
-559
-325
-206
-282
-733
-1442
-1703
-1730
-1622
-1744
-2322
-2713
-2705
-2764
-2750
-2754
-2613
-2634
-3377
-3681
-2739
-1294
-834
-1568
-1794
-1162
-484
406
1098
1634
1825
1618
2021
3033
3950
4320
3907
3759
3850
3955
4326
4437
4472
3933
2927
2421
2531
2732
2458
1612
949
188
-679
-590
-204
-247
-961
-2259
-2537
-1852
-1507
-1735
-2297
-2005
-1446
-1333
-959
-652
-116
28
-64
630
1331
1823
2034
1876
2258
2434
2257
2709
2799
2731
2304
1766
1772
1709
1620
1028
513
211
-382
-740
-796
-975
-1245
-1812
-2204
-2075
-2068
-1969
-2058
-2261
-2060
-2026
-1849
-1504
-1247
-1149
-1231
-1116
-970
-727
-337
-303
-314
-280
-672
-652
-307
-367
-390
-658
-1114
-1217
-1415
-1516
-1448
-1718
-2262
-2690
-2879
-2521
-2302
-2470
-2677
-2643
-2663
-3232
-3149
-2265
-1209
-717
-1429
-1472
-680
-278
536
1149
1527
1983
1919
2149
3004
3668
4013
3832
3735
3949
3930
4028
4095
4213
3871
2967
2594
2454
2402
2120
1412
983
541
-254
-820
-570
-436
-790
-1393
-1962
-1800
-1715
-2095
-1698
-1180
-975
-838
-921
-725
-72
246
602
1209
1529
1514
1587
1876
2361
2928
2651
2451
2550
2178
2083
2097
1886
1696
1085
458
270
63
-364
-674
-1007
-1256
-1564
-2069
-2305
-2176
-2021
-2165
-2203
-2226
-2159
-1859
-1843
-1762
-1322
-1241
-1184
-892
-832
-754
-622
-576
-366
-290
-380
-618
-789
-827
-835
-785
-958
-1180
-1563
-1960
-1778
-1790
-2323
-2625
-2825
-2690
-2455
-2739
-2769
-2464
-2308
-2680
-3195
-2599
-1421
-618
-673
-1139
-664
-191
195
1077
1792
2228
2174
2030
2768
3550
3955
4066
3798
3893
3886
3855
3952
4082
4013
3271
2588
2445
2204
1991
1709
1197
704
40
-401
-294
-430
-658
-1073
-1690
-1572
-1196
-1202
-1440
-1473
-1202
-586
-173
-121
43
199
471
1153
1660
1834
1903
1785
1866
2298
2389
2465
2535
2029
1776
1665
1369
1314
1124
522
51
-320
-846
-914
-928
-1233
-1543
-1933
-2245
-2195
-2069
-2022
-1931
-2054
-2150
-1887
-1755
-1514
-1308
-1431
-1245
-911
-836
-747
-663
-758
-717
-742
-846
-773
-671
-916
-1046
-1223
-1505
-1517
-1675
-1785
-1888
-2243
-2484
-2672
-2758
-2542
-2539
-2669
-2683
-2562
-2294
-2444
-2922
-2695
-1623
-613
-528
-980
-777
-400
208
1063
1679
2211
2175
2095
2602
3325
4015
4143
3881
3846
3778
3849
4033
4190
4291
3581
2766
2444
2504
2597
2049
1272
608
263
209
64
-262
-624
-870
-1179
-1180
-991
-1098
-1424
-1269
-738
-284
43
-58
-169
163
628
1190
1740
1829
1746
1750
1840
2247
2484
2515
2324
1803
1510
1455
1488
1333
1029
318
-342
-550
-756
-821
-940
-1470
-2010
-2275
-2342
-2048
-1907
-2107
-2372
-2497
-2207
-1863
-1695
-1560
-1631
-1416
-1241
-1215
-1092
-1051
-681
-742
-1005
-869
-983
-945
-947
-1198
-1124
-1282
-1590
-1747
-1929
-1972
-2202
-2488
-2601
-2860
-2857
-2754
-2625
-2476
-2611
-2504
-2192
-2225
-2650
-2647
-1556
-317
-154
-685
-542
-12
565
1285
1828
2390
2573
2465
2688
3319
3974
4196
4040
3899
3791
3767
3819
3867
4102
3684
2810
2294
2192
2393
2106
1463
789
307
248
264
114
-270
-677
-977
-951
-568
-573
-794
-735
-562
-244
123
293
483
573
907
1267
1511
1946
1887
1840
1945
1951
2094
2114
2042
1840
1445
1100
759
744
653
76
-424
-849
-1240
-1291
-1448
-1647
-1961
-2430
-2545
-2505
-2301
-2092
-2251
-2451
-2334
-2182
-1866
-1516
-1527
-1554
-1403
-1224
-1098
-1111
-939
-893
-929
-961
-1118
-1162
-1105
-1204
-1192
-1470
-1875
-1946
-2133
-2006
-1968
-2264
-2593
-3012
-2976
-2658
-2489
-2408
-2374
-2231
-2106
-2337
-2493
-2088
-959
14
-17
-345
-92
437
1048
1698
2244
2689
2675
2635
2988
3705
4210
4179
3968
3942
3861
3881
3883
3856
3834
3264
2654
2384
2334
2229
1753
1098
715
512
393
258
6
-383
-762
-1038
-945
-394
-93
-470
-772
-739
-331
504
824
857
828
684
1001
1577
2005
2189
1891
1527
1548
1739
1967
2023
1713
1034
563
331
267
339
-61
-769
-1098
-1519
-1736
-1708
-1768
-1871
-2352
-2747
-2727
-2347
-2025
-2076
-2231
-2180
-2053
-1812
-1646
-1457
-1318
-1475
-1487
-1183
-981
-818
-919
-1196
-1182
-1211
-1354
-1244
-1161
-1493
-1741
-2005
-2010
-1882
-1999
-2203
-2523
-2830
-2879
-2765
-2491
-2369
-2376
-2424
-2075
-1716
-2262
-2450
-1676
-597
170
-51
-251
323
644
1161
1968
2579
2979
2860
2918
3406
3921
4270
4270
4241
4203
3944
3895
3878
4049
3941
3146
2700
2458
2259
2117
1718
1289
726
320
324
269
-4
-462
-717
-616
-496
-434
-535
-817
-736
-525
-118
606
730
544
355
473
1189
1625
1829
1861
1636
1462
1378
1551
1919
1715
1209
594
224
334
212
156
-266
-929
-1340
-1785
-1680
-1460
-1736
-2085
-2593
-2737
-2484
-2416
-2165
-2234
-2365
-2133
-2178
-1913
-1673
-1709
-1377
-1349
-1338
-1124
-1084
-895
-1020
-1114
-1015
-1145
-1132
-1154
-1235
-1165
-1583
-1917
-1920
-1881
-1674
-1976
-2424
-2645
-2938
-2819
-2449
-2362
-2239
-2304
-2178
-2192
-2648
-2302
-1210
-105
86
-531
-266
358
859
1714
2187
2582
2784
2741
3182
3744
4279
4528
4291
4255
4198
4176
4269
4182
4142
3772
3130
2837
2580
2398
2029
1480
1176
725
279
80
-61
-176
-437
-896
-1112
-994
-834
-789
-781
-819
-763
-408
129
522
631
493
633
1035
1505
1764
1825
1812
1691
1559
1585
1824
1774
1345
872
418
288
266
-13
-181
-674
-1279
-1663
-1886
-1841
-1882
-2167
-2476
-2725
-2761
-2628
-2449
-2265
-2242
-2282
-2264
-2023
-1631
-1526
-1473
-1467
-1531
-1282
-1038
-813
-712
-890
-1158
-1342
-1313
-1073
-1029
-1167
-1496
-1728
-1824
-2009
-1927
-1862
-2185
-2611
-2979
-2738
-2253
-2256
-2235
-2080
-1842
-2039
-2483
-2043
-885
103
200
-309
30
566
939
1684
2371
2970
3037
2815
3187
3785
4235
4426
4322
4373
4221
3987
3992
4026
4118
3640
2964
2734
2511
2302
1863
1425
1254
819
344
161
-66
-388
-522
-574
-556
-701
-917
-893
-888
-669
-411
-353
-26
116
208
433
474
798
1079
1112
1267
1312
1281
1274
1228
1256
1118
867
660
391
293
-16
-293
-455
-903
-1028
-1320
-1742
-1832
-1995
-2050
-2048
-2276
-2433
-2449
-2370
-2176
-1956
-1829
-1766
-1820
-1762
-1492
-1185
-972
-900
-1075
-1103
-911
-786
-727
-860
-972
-1151
-1282
-1220
-1369
-1357
-1475
-1916
-2009
-2086
-2081
-2168
-2676
-2826
-2739
-2507
-2222
-2281
-2149
-1830
-2030
-2369
-2087
-1023
65
183
-169
41
553
1010
1622
2381
2924
2896
2875
3212
3910
4471
4477
4444
4408
4231
4202
4211
4311
4372
3664
3031
2804
2674
2517
1990
1496
1167
691
408
288
232
-125
-571
-1010
-1430
-925
-241
-259
-652
-1422
-1452
-700
-286
357
431
115
161
177
487
1047
1212
1161
959
743
689
1020
1237
921
799
154
-284
-72
-254
-378
-576
-1230
-1533
-1692
-1726
-1612
-1791
-2052
-2349
-2413
-2211
-2023
-1822
-1993
-1991
-1699
-1679
-1232
-1072
-1297
-1072
-1100
-1039
-641
-695
-914
-817
-716
-834
-1033
-1208
-1360
-1375
-1527
-1641
-1508
-1755
-2005
-2105
-2351
-2379
-2508
-2845
-2605
-2280
-2367
-2094
-1757
-1554
-1714
-2276
-1878
-421
683
627
252
463
705
1251
2222
3009
3437
3283
2876
3247
3946
4573
4813
4403
4152
3890
3730
3930
4158
4106
3484
2670
2251
2175
2109
1723
1421
1115
544
232
137
-24
-91
-334
-586
-963
-975
-535
-457
-475
-634
-776
-363
-265
-345
-369
-294
205
540
479
466
323
277
340
458
703
703
508
-16
-133
-36
-185
-274
-425
-773
-999
-1239
-1388
-1197
-1074
-1383
-1780
-1867
-1794
-1691
-1566
-1547
-1526
-1593
-1683
-1481
-1205
-1009
-1000
-1278
-1315
-909
-907
-958
-890
-1142
-987
-884
-1175
-1116
-1359
-1699
-1645
-1683
-1603
-1669
-1943
-1924
-2047
-2146
-2260
-2509
-2480
-2189
-1857
-1827
-1918
-1589
-1372
-1699
-1872
-1401
-93
784
417
200
540
848
1504
2252
2864
3241
3071
2960
3359
4103
4635
4523
4309
4137
3989
3929
3930
4246
4168
3503
2841
2422
2354
2227
1749
1489
1157
557
216
-18
-10
-95
-394
-680
-715
-645
-646
-1270
-1843
-1368
-633
-31
-79
-895
-1201
-1057
-585
374
647
389
-109
-397
-132
461
863
693
245
-243
-548
-137
222
248
236
-711
-1276
-1161
-1055
-599
-587
-1141
-1687
-1929
-1603
-1259
-996
-1123
-1628
-1821
-1717
-1270
-793
-982
-1226
-1308
-1345
-956
-903
-1026
-1071
-1247
-1202
-1120
-1172
-1347
-1490
-1539
-1622
-1589
-1481
-1602
-1634
-1795
-2055
-2126
-2176
-2162
-1962
-1611
-1538
-1670
-1593
-1240
-1066
-1399
-1461
-663
311
659
296
257
661
1097
1770
2368
2819
2879
2689
2922
3516
4122
4431
4108
3866
3759
3706
3829
3946
4123
3781
2990
2464
2250
2323
2166
1767
1462
971
414
207
183
180
-9
-514
-737
-777
-736
-803
-855
-746
-814
-904
-792
-653
-667
-951
-952
-346
77
4
-400
-687
-486
-206
-68
92
65
-229
-526
-554
-302
-126
-251
-573
-762
-919
-950
-721
-528
-478
-819
-1226
-1229
-981
-776
-676
-805
-1044
-1162
-1116
-787
-422
-504
-927
-1244
-1150
-865
-850
-1068
-1170
-1288
-1482
-1426
-1358
-1277
-1494
-1936
-1946
-1869
-1731
-1661
-1916
-1896
-1886
-2025
-1972
-1946
-1636
-1359
-1246
-1235
-1317
-1038
-616
-703
-936
-673
215
1027
940
620
818
1211
1578
2065
2513
2740
2672
2584
2935
3537
3901
3757
3429
3297
3267
3362
3468
3585
3500
2768
2164
2078
2146
2299
1983
1495
1101
602
425
506
631
520
128
-291
-355
-288
-101
-186
-285
-795
-1410
-825
-204
-165
-625
-1501
-1239
-669
-619
-365
-679
-785
-730
-882
-527
-190
-298
-669
-1040
-806
-505
-219
-152
-379
-285
-777
-900
-215
-70
-86
-518
-1052
-773
-629
-465
-446
-682
-902
-1137
-1057
-742
-590
-804
-1263
-1287
-1211
-1368
-1338
-1541
-1660
-1625
-1921
-1902
-1708
-1705
-1825
-2051
-2097
-1889
-1671
-1523
-1535
-1591
-1590
-1412
-1238
-1081
-1009
-961
-802
-613
-457
-205
146
-155
-680
-357
547
1336
1459
818
816
1112
1351
1845
2226
2630
2603
2295
2469
2948
3401
3434
3142
3043
3051
3174
3144
3148
3254
2743
2181
2200
2339
2354
1962
1444
1207
1020
924
814
686
569
148
-275
-255
-118
-120
-549
-804
-812
-985
-770
-720
-922
-1068
-1310
-1245
-867
-798
-824
-890
-975
-763
-693
-652
-533
-506
-576
-602
-406
-212
-160
-250
-431
-325
-301
-471
-305
-253
-476
-526
-646
-607
-483
-651
-809
-880
-897
-947
-957
-863
-998
-1188
-1407
-1618
-1447
-1500
-1543
-1439
-1802
-1863
-1795
-1923
-1614
-1643
-1850
-1632
-1631
-1643
-1362
-1315
-1220
-1139
-1140
-926
-783
-802
-912
-744
-450
-254
-18
130
227
-212
-876
-284
952
1575
1363
635
528
862
1250
1922
2433
2467
2103
1785
2242
3015
3449
3324
2920
2883
2854
2864
3227
3514
3425
2718
2039
2185
2389
2354
2110
1660
1224
826
694
851
786
324
-642
-882
-237
14
-167
-1006
-1518
-1339
-1457
-1206
-855
-889
-1077
-1593
-1652
-1047
-599
-535
-701
-734
-773
-639
-193
-21
155
-118
-698
-381
-92
54
227
-106
-320
-508
-589
-358
-197
-308
-689
-1063
-1094
-861
-715
-972
-1283
-1314
-1428
-1221
-1043
-1262
-1356
-1594
-1842
-1675
-1579
-1639
-1562
-1574
-1752
-1832
-1628
-1388
-1297
-1347
-1508
-1350
-1189
-1081
-762
-763
-699
-475
-562
-546
-524
-542
-116
215
313
425
284
109
-63
-167
210
929
1503
1189
560
581
835
1355
1871
1964
1887
1657
1686
2191
2667
2962
2869
2517
2426
2491
2783
3113
3112
2968
2501
2242
2244
2191
2333
2047
1630
1339
689
575
865
799
483
3
-473
-477
-580
-550
-640
-1315
-1590
-1487
-1020
-634
-948
-1547
-1726
-1467
-948
-617
-443
-632
-871
-821
-665
-155
160
-2
-231
-476
-470
-79
156
293
-23
-623
-759
-584
-284
-198
-533
-1115
-1409
-1252
-996
-898
-1035
-1646
-2023
-1853
-1554
-1112
-1217
-1731
-2044
-2186
-1873
-1298
-1082
-1241
-1541
-1690
-1490
-1088
-946
-860
-904
-1088
-1056
-719
-400
-107
-49
-334
-389
-284
-333
-197
92
246
470
397
272
346
168
-87
-26
457
1143
1221
714
433
682
1029
1402
1770
1737
1603
1636
1771
2242
2788
2769
2557
2406
2379
2724
3053
3139
3122
2829
2315
2100
2170
2338
2293
1878
1325
933
631
363
431
461
170
-218
-850
-1149
-947
-1078
-1141
-1156
-1286
-1303
-1411
-1616
-1410
-1222
-1256
-1170
-939
-827
-752
-636
-615
-330
-281
-347
4
69
-130
-132
-144
-10
71
-175
-341
-351
-365
-573
-662
-686
-889
-1050
-1299
-1409
-1255
-1447
-1561
-1596
-1740
-1591
-1591
-1689
-1561
-1698
-1861
-1726
-1510
-1382
-1464
-1459
-1445
-1152
-890
-972
-798
-638
-609
-438
-366
-190
48
35
110
169
298
469
290
149
118
366
753
870
702
300
108
170
117
293
620
785
770
501
388
654
843
1088
1232
1329
1594
1688
1923
2208
2404
2483
2437
2507
2752
2927
2926
2847
2802
2751
2444
2260
2297
2112
1806
1364
1102
878
349
144
111
-77
-419
-1040
-1411
-1422
-1243
-1113
-1369
-1688
-1843
-1838
-1581
-1343
-1163
-1180
-1349
-1137
-963
-624
-290
-286
-189
-249
-239
135
372
380
221
-60
-165
-91
141
19
-299
-605
-974
-918
-703
-815
-1068
-1522
-1754
-1640
-1555
-1456
-1558
-1765
-1935
-2021
-1833
-1459
-1338
-1423
-1551
-1487
-1338
-1015
-660
-573
-641
-751
-733
-462
-85
135
132
94
87
38
182
450
582
521
353
358
575
434
122
84
307
607
456
195
150
-20
-177
-245
-21
394
542
345
214
446
715
934
1260
1519
1576
1663
1801
2215
2653
2726
2633
2558
2630
2788
2899
2942
2835
2525
2108
1861
1835
1814
1675
1241
667
230
-46
-253
-495
-899
-1115
-1025
-1089
-1378
-1753
-2041
-1945
-1594
-1462
-1464
-1440
-1423
-1254
-1114
-827
-520
-469
-429
-300
-117
83
214
339
379
319
117
-4
177
178
-10
-258
-572
-653
-774
-906
-998
-1162
-1478
-1682
-1569
-1465
-1500
-1758
-1947
-1838
-1602
-1439
-1389
-1376
-1402
-1348
-1221
-943
-609
-499
-491
-354
-313
-298
-106
65
327
484
317
198
244
380
569
594
505
414
356
285
352
520
579
505
353
110
12
71
180
385
391
183
145
-50
-4
163
265
513
612
632
638
737
893
1107
1297
1476
1575
1716
1817
1859
2047
2129
2220
2205
2046
2021
2019
2002
1999
1701
1331
1159
715
580
713
399
118
-457
-816
-575
-805
-984
-1210
-1426
-1392
-1421
-1393
-1352
-1389
-1365
-1444
-1171
-862
-804
-535
-648
-421
-127
-177
112
212
114
130
12
105
188
103
3
-206
-310
-420
-580
-727
-864
-1022
-1211
-1439
-1414
-1431
-1459
-1467
-1708
-1685
-1502
-1425
-1224
-1103
-1092
-994
-906
-765
-523
-356
-154
-113
-12
31
118
343
438
587
497
326
382
435
609
725
595
501
290
153
194
287
472
474
375
163
-48
108
195
370
471
205
84
13
151
502
626
605
389
181
269
555
860
902
773
751
703
794
958
1048
1206
1175
1054
1052
1137
1330
1276
1119
1133
1125
963
759
773
849
739
558
460
361
220
-79
-276
-266
-276
-264
-359
-517
-555
-744
-729
-508
-387
-410
-590
-628
-528
-361
-353
-294
-220
-291
-310
-243
-223
-209
-195
-364
-419
-466
-650
-751
-779
-759
-834
-1018
-1186
-1192
-1191
-1218
-1130
-1081
-1120
-1171
-1230
-1225
-1109
-963
-790
-741
-772
-647
-499
-306
-147
-39
-34
-84
-5
92
304
447
440
366
250
302
525
562
526
429
232
280
409
469
512
403
211
-240
-486
-184
336
762
552
88
-135
-184
275
841
976
951
652
486
768
1024
1235
1119
838
786
786
955
1014
1009
873
495
311
231
258
349
167
50
16
0
71
40
54
56
-25
16
131
229
226
64
2
35
180
341
353
291
178
4
73
181
208
148
-41
-148
-125
-156
-135
-126
-195
-264
-443
-430
-373
-350
-433
-649
-827
-895
-886
-834
-856
-905
-1020
-1179
-1220
-1069
-926
-854
-915
-1031
-983
-883
-827
-728
-548
-519
-446
-454
-391
-225
-172
-64
137
123
16
-6
42
259
397
329
299
314
285
314
298
364
470
375
241
343
475
477
389
205
231
385
509
543
445
335
225
303
461
540
620
504
445
389
262
398
479
537
569
341
246
188
207
230
177
157
46
18
69
2
17
-51
-145
-54
27
96
41
-32
16
60
152
274
348
362
267
210
294
387
454
435
360
282
147
132
200
271
312
186
30
-13
-34
8
-11
-33
-100
-221
-286
-299
-250
-244
-340
-483
-535
-613
-640
-632
-641
-662
-724
-797
-878
-916
-905
-838
-742
-714
-703
-663
-681
-619
-527
-509
-359
-239
-179
-82
-229
-146
113
174
220
184
241
207
64
96
195
367
394
212
69
-11
129
281
203
265
115
-16
53
47
175
234
144
185
142
157
296
233
261
249
243
354
357
345
412
388
430
474
370
283
186
200
238
264
284
122
-8
-136
-190
-67
-97
-109
-157
-271
-252
-320
-237
-79
-113
-130
-161
-87
51
129
236
271
278
313
353
501
589
532
485
418
498
531
472
431
308
317
293
245
236
116
-14
-104
-150
-68
-69
-155
-253
-374
-406
-404
-379
-401
-430
-482
-567
-535
-494
-486
-419
-471
-477
-395
-390
-313
-221
-254
-216
-162
-152
-66
-58
-102
-7
63
117
163
64
-50
-78
-55
36
70
-3
-113
-139
-74
32
82
-129
-289
-212
-31
143
141
-93
-235
-178
-42
142
200
137
-23
-74
41
217
310
243
113
5
14
134
249
315
285
123
-30
76
265
293
205
-16
-150
-101
-34
24
-17
-262
-408
-298
-152
-31
-66
-237
-387
-329
-228
-90
-10
-178
-169
-146
-40
181
149
118
166
108
166
344
450
460
392
341
379
488
488
419
418
375
347
334
188
173
80
-24
15
-16
-2
-18
-185
-294
-345
-279
-194
-151
-261
-428
-363
-277
-132
18
-92
-142
-52
-9
145
233
225
226
188
197
266
300
317
354
366
333
211
45
100
174
91
57
-57
-118
-156
-297
-315
-233
-250
-251
-313
-340
-309
-336
-302
-203
-115
-139
-227
-309
-246
-38
101
59
-2
-134
-134
-8
112
220
138
-26
-29
-121
-138
-44
-64
-15
-90
-242
-321
-303
-258
-203
-224
-274
-276
-325
-306
-221
-175
-137
-118
-190
-323
-364
-254
-38
116
58
-15
4
82
192
264
237
198
193
166
283
361
341
303
272
350
411
380
298
259
280
265
254
237
144
87
70
9
46
-7
-93
-119
-168
-131
-50
-52
-64
-69
-153
-137
-50
47
107
165
140
128
172
274
418
367
253
176
196
329
448
391
253
135
73
168
268
267
117
-71
-122
-50
13
-45
-20
-16
-103
-180
-223
-116
26
26
-30
-60
-84
-57
-59
-57
-10
-26
-71
-6
16
-54
-106
-181
-102
-15
-100
-191
-281
-368
-387
-386
-327
-305
-378
-506
-568
-531
-523
-492
-456
-487
-494
-509
-507
-448
-382
-332
-273
-237
-216
-176
-83
66
177
179
37
77
274
329
402
324
183
280
266
326
459
359
285
265
183
195
219
155
170
161
36
50
102
-2
-1
-34
-83
88
68
-39
13
-50
-27
110
197
195
156
120
72
200
279
249
335
248
231
295
344
501
506
344
203
196
275
384
467
348
180
54
-20
122
189
65
-31
-212
-227
-83
-65
-29
-143
-262
-285
-260
-87
-41
-57
-18
-84
-80
-81
-37
78
42
-18
11
-9
56
109
61
33
-57
-101
-109
-93
-78
-154
-312
-400
-362
-243
-234
-290
-389
-506
-463
-391
-357
-310
-418
-494
-469
-432
-313
-320
-289
-302
-293
-262
-237
-161
-149
-129
-131
-107
25
110
112
150
123
151
225
259
300
306
237
192
200
243
223
172
104
18
66
89
143
181
129
56
4
-18
13
-17
-7
78
123
120
61
62
82
167
208
196
254
299
281
361
387
336
320
240
249
291
247
227
250
235
178
107
20
56
103
52
-3
-24
-42
-13
-13
-68
-93
-133
-165
-65
-69
-94
-69
-125
-62
-10
13
21
67
58
35
52
72
98
116
105
49
14
-87
-74
-64
-48
-29
-121
-255
-373
-390
-300
-210
-220
-333
-443
-528
-518
-380
-334
-310
-321
-426
-450
-356
-191
-74
-63
-179
-224
-168
-80
52
54
61
36
62
138
220
255
203
150
120
122
169
192
143
123
36
5
11
18
94
79
58
33
-30
13
8
6
-48
-96
-55
-22
42
62
43
67
95
133
180
181
183
214
242
263
253
338
359
343
333
266
292
346
387
425
363
250
127
100
197
252
248
114
-20
0
-27
12
-30
-153
-198
-272
-219
-146
-137
-172
-224
-268
-261
-169
-59
11
-27
-112
-182
-159
-98
-23
12
-52
-107
-138
-140
-60
3
-12
-81
-202
-277
-284
-233
-143
-137
-214
-292
-351
-371
-303
-277
-285
-287
-276
-269
-298
-270
-209
-144
-154
-160
-146
-68
23
56
78
47
29
62
112
229
248
239
194
145
123
108
100
159
169
165
149
49
31
66
121
100
50
35
13
0
70
75
68
98
102
142
146
147
155
209
279
360
345
284
194
187
314
417
477
416
278
181
143
257
383
364
289
130
63
76
105
99
86
9
-85
-115
-106
-1
-4
-150
-293
-332
-214
-71
-4
-107
-286
-397
-327
-107
15
-12
-207
-369
-412
-283
-98
-40
-60
-208
-327
-306
-239
-186
-127
-172
-259
-305
-316
-281
-260
-284
-343
-370
-342
-320
-287
-284
-317
-323
-337
-288
-213
-191
-205
-216
-163
-20
109
145
106
51
55
170
288
358
351
300
261
301
404
480
491
386
263
219
229
321
381
364
221
42
-10
55
143
129
98
35
-5
16
34
60
82
66
19
78
159
190
172
52
51
106
190
210
199
189
130
129
207
307
327
242
163
120
152
212
199
173
127
12
-36
-41
-40
-17
-48
-97
-122
-158
-155
-174
-175
-195
-206
-177
-171
-145
-154
-142
-175
-193
-185
-212
-228
-208
-164
-121
-69
-92
-166
-251
-256
-213
-168
-143
-169
-198
-274
-294
-262
-228
-214
-291
-350
-336
-303
-266
-277
-268
-263
-289
-286
-272
-226
-233
-261
-243
-163
-114
-68
-89
-84
-24
68
152
238
262
209
178
220
333
422
417
367
307
304
375
400
417
373
250
170
183
265
345
310
189
97
38
51
175
240
215
117
31
35
128
190
216
175
118
107
197
324
375
375
310
293
325
361
346
305
257
212
177
175
169
150
126
71
51
22
10
-26
-94
-159
-202
-230
-275
-297
-359
-412
-449
-428
-345
-324
-354
-363
-348
-361
-375
-342
-227
-205
-240
-230
-204
-156
-148
-181
-176
-133
-148
-150
-116
-92
-103
-189
-230
-221
-171
-153
-160
-187
-284
-342
-328
-301
-269
-278
-310
-294
-273
-271
-258
-239
-259
-230
-220
-201
-100
4
59
61
29
51
128
200
261
262
245
208
245
276
350
390
350
299
285
338
382
432
393
341
291
287
321
362
364
314
258
264
293
300
277
236
222
235
262
270
265
244
238
230
291
315
300
275
241
259
239
206
190
188
159
96
33
70
94
86
91
55
-11
-68
-71
-76
-37
-82
-164
-224
-225
-252
-248
-214
-228
-260
-300
-317
-332
-310
-332
-336
-318
-281
-274
-277
-281
-331
-342
-304
-259
-267
-278
-280
-296
-274
-294
-284
-257
-237
-226
-281
-313
-316
-311
-337
-352
-319
-284
-266
-271
-297
-322
-286
-228
-141
-152
-213
-273
-279
-141
-8
67
60
1
-45
-7
116
221
245
239
192
201
260
357
398
395
383
346
353
381
386
349
380
365
359
368
324
326
299
260
235
243
283
279
249
221
204
213
259
342
365
319
308
314
293
338
335
327
268
207
188
187
255
293
274
238
214
192
147
