4
-2
0
9
9
19
17
18
13
15
12
-9
-9
-3
2
2
5
4
2
10
6
7
-4
-8
-14
-14
-5
-2
2
7
5
-1
-3
-12
1
-4
4
-8
-6
8
3
4
12
6
6
-2
-5
-4
-11
-4
-6
-6
-12
-12
-4
3
11
12
-1
5
13
10
0
3
-10
-14
-15
-13
-12
-23
-20
-3
-12
-14
-19
-17
-12
-26
-21
-18
-4
-2
-13
-5
-6
-10
-9
-13
-7
-8
-11
-6
-6
9
8
7
12
11
6
0
6
-3
6
0
2
1
-13
-1
-2
-5
9
6
4
-1
12
15
15
17
14
18
11
5
-5
-1
-11
-16
-6
-8
-3
7
-6
1
12
8
15
13
9
14
6
-4
-6
-3
-3
4
15
9
9
7
3
4
2
-6
-17
-15
-10
-7
-3
-12
-10
-5
-5
-9
0
5
6
5
5
3
0
-3
-16
-7
0
2
14
15
12
12
4
2
-9
-7
0
-5
3
6
-4
4
10
0
9
0
0
-3
-7
-5
-3
8
5
7
6
-7
-13
-15
-15
-13
3
15
13
12
10
11
-3
-4
-5
-3
-11
0
-2
-5
-6
-4
-7
-9
-10
-11
-4
-9
11
1
0
0
4
7
1
4
11
10
-1
4
-2
4
4
8
11
9
15
17
11
11
13
6
11
5
9
4
5
11
0
-3
-9
-15
-15
-17
-14
-13
-17
-17
-12
-2
2
5
9
12
21
1
-2
-9
-10
-3
-8
15
7
12
6
2
13
20
25
14
17
13
12
4
-1
-1
-5
-7
9
15
7
-2
-4
-1
1
-1
-16
-8
-26
-18
-19
-11
-15
-15
-16
-23
-10
-15
-9
-13
-11
-21
-25
-25
-20
-17
-23
-13
-6
1
10
10
8
6
-1
-8
-5
-5
-3
1
-4
8
-2
5
1
0
8
-1
11
19
15
11
25
17
8
13
-4
-2
7
18
21
12
12
14
10
9
7
6
3
3
-9
-1
-10
-11
-8
-18
-20
-27
-34
-26
-15
-10
-2
1
10
11
13
12
14
19
10
7
4
7
4
8
10
15
22
25
30
17
16
11
6
6
0
-3
-8
-5
0
5
-11
-139
-243
-126
135
203
-52
-298
-272
-124
5
-17
-103
-69
-7
15
-21
-41
29
40
45
133
151
168
193
255
317
234
133
135
189
299
271
176
108
80
155
161
129
74
-63
-125
-80
9
34
-123
-218
-237
-210
-98
-70
-114
-126
-170
-171
-123
-87
-27
-44
-35
-13
-71
-51
-11
38
90
76
32
-29
-38
7
-2
-32
-93
-180
-181
-133
-99
-110
-192
-250
-276
-327
-456
-554
-382
-148
-106
-290
-456
-491
-603
-653
-370
140
312
-52
-372
-202
-8
10
174
453
575
345
198
377
608
633
547
492
484
629
730
680
559
400
308
263
279
400
361
126
-58
-127
-166
-162
-101
-87
-256
-411
-465
-344
-44
111
40
-165
-259
-73
183
445
585
464
271
207
361
617
724
651
555
456
421
474
636
697
564
362
143
115
134
88
18
-154
-359
-464
-535
-538
-521
-549
-644
-768
-804
-714
-622
-692
-824
-868
-889
-823
-731
-780
-778
-857
-1080
-1177
-1179
-985
-750
-851
-1084
-1181
-1142
-955
-739
-504
-580
-1058
-1125
-461
268
257
-88
134
478
445
465
908
1584
1669
1359
1422
1642
1677
1733
1866
2052
1798
1328
1153
1259
1257
548
-10
328
988
737
-506
-1118
-796
-730
-868
-780
-497
-457
-989
-1411
-1095
-580
-223
-153
-122
71
49
54
475
1284
1575
1052
605
814
1304
1536
1420
1403
1254
812
641
763
952
855
261
-161
-53
87
-89
-415
-484
-495
-766
-951
-817
-562
-560
-836
-855
-757
-696
-746
-729
-455
-441
-707
-741
-577
-524
-612
-776
-845
-812
-839
-909
-855
-864
-1182
-1519
-1506
-1229
-1116
-1437
-1680
-1703
-1694
-1593
-1402
-921
-524
-569
-906
-1296
-1188
-291
817
1225
703
384
705
956
1179
1707
2298
2382
1936
1738
1989
2229
2251
2367
2316
1990
1098
23
178
1444
2211
1176
-727
-1315
-761
-423
-356
-304
-388
-870
-1356
-1300
-859
-575
-510
-534
-238
46
-32
39
457
1167
1264
880
825
1194
1664
1622
1376
1359
1250
1169
1355
1433
1303
761
280
352
675
742
183
-480
-746
-764
-764
-694
-745
-947
-1327
-1544
-1410
-1144
-985
-1152
-1274
-1168
-1178
-1330
-1140
-904
-863
-988
-1233
-1277
-1029
-779
-652
-787
-1020
-1102
-1179
-1051
-837
-959
-1196
-1230
-1293
-1312
-1257
-1167
-1062
-945
-653
-227
-187
-646
-1180
-1098
-194
801
1092
691
331
477
785
960
1393
1951
2205
1751
1450
1646
1803
1924
2124
2208
1796
807
-187
718
2622
2845
970
-1079
-1007
131
343
316
235
-107
-602
-1152
-996
-312
-87
-260
-484
-252
67
-103
106
691
1230
844
49
415
1207
1693
1466
976
963
949
1002
1503
1632
1211
507
-29
455
1167
1049
160
-592
-601
-557
-603
-519
-491
-697
-1250
-1694
-1525
-1228
-1131
-1226
-1496
-1501
-1683
-1850
-1407
-1081
-1232
-1508
-1717
-1605
-1188
-1006
-944
-892
-1153
-1326
-1355
-1159
-759
-652
-817
-821
-797
-946
-1047
-1014
-764
-371
-118
20
27
-396
-885
-1036
-943
-141
1230
1946
1094
-472
-667
605
1628
1872
2074
2096
1716
1161
1159
1789
1974
1691
1523
1768
1895
1311
853
881
1084
1176
493
-90
5
147
34
-332
-576
-495
-637
-542
-176
-219
-413
-404
137
725
817
434
79
431
1168
1613
1729
1474
1214
1199
1261
1539
1831
1659
1228
914
822
834
621
471
351
19
-427
-758
-879
-780
-734
-1056
-1541
-1782
-1806
-1682
-1552
-1659
-1671
-1827
-2054
-1886
-1614
-1532
-1487
-1518
-1380
-1387
-1506
-1264
-1010
-940
-1028
-1199
-1140
-935
-864
-842
-822
-627
-483
-592
-755
-929
-1008
-678
-162
321
260
-455
-965
-1131
-635
246
800
922
497
-78
-69
203
806
1406
1580
1417
971
737
1099
1517
1674
1767
1851
1852
1415
1170
1405
1764
1890
1534
1102
918
800
775
671
375
207
113
153
228
28
-228
-389
-285
163
380
347
148
15
182
458
798
1013
1037
1071
1041
1005
1104
1201
1272
1212
1081
979
854
568
451
428
294
144
-211
-487
-620
-843
-1012
-1092
-1291
-1436
-1579
-1736
-1721
-1922
-2032
-1888
-1890
-1841
-1909
-2126
-2055
-1993
-1827
-1579
-1690
-1726
-1671
-1535
-1232
-1295
-1302
-1173
-1037
-723
-915
-1075
-502
254
765
306
-486
-287
402
1058
1278
1096
1061
432
-364
-191
846
1795
1503
517
226
260
153
162
452
850
381
-411
-674
-188
621
684
277
90
39
200
535
1097
1733
1619
1228
1278
1582
1931
1766
1582
1815
1944
2065
2039
2043
1920
1427
969
872
1159
1441
1205
683
247
-128
-251
-75
355
451
-150
-719
-952
-603
-74
-105
-281
-505
-781
-482
-134
-204
-456
-1130
-1011
-453
-571
-657
-864
-963
-797
-1312
-1546
-1167
-1104
-1297
-1658
-1862
-1633
-1602
-2479
-3020
-2193
-987
-271
-695
-1850
-1772
-1401
-961
50
176
505
553
-460
-710
-506
125
1336
1541
992
-57
-1357
-1614
-543
1182
1493
132
-1483
-2201
-1508
-601
-116
194
-185
-606
-597
-385
439
638
409
1127
1818
1861
1496
1338
1895
2537
2691
2310
2139
2347
2321
1959
1663
1424
1421
1486
1469
1348
563
-173
-190
258
776
556
-449
-989
-927
-581
-12
210
5
-290
-482
-410
-29
414
502
457
528
585
621
499
647
1009
1108
901
450
102
150
206
134
52
-166
-582
-947
-943
-1026
-1152
-1195
-1344
-1524
-1634
-1841
-2006
-1794
-1672
-1470
-1558
-1971
-1856
-1578
-1408
-1192
-1214
-1226
-963
-979
-993
-787
-728
-540
-458
-682
-807
-628
-447
-332
-194
-265
-279
-192
-127
-61
-447
-1021
-924
-200
618
826
84
-470
-221
100
510
943
1096
1132
1003
807
1017
1228
1265
1562
1996
2029
1453
872
1124
1920
2295
1894
1199
852
903
1043
985
796
626
344
104
186
152
80
100
91
318
276
-127
-323
-26
545
838
720
450
314
464
654
762
932
969
822
608
582
698
610
492
579
482
216
-193
-523
-406
-147
-68
-321
-729
-1096
-1155
-1103
-986
-936
-1137
-1271
-1288
-1478
-1644
-1678
-1560
-1324
-1265
-1383
-1516
-1612
-1732
-1569
-1205
-1111
-1157
-1203
-1331
-1163
-1139
-1188
-904
-712
-598
-721
-1166
-1132
-790
-541
-255
-156
-104
-184
-442
-490
-384
-241
-105
303
874
803
297
120
438
940
1069
1051
1254
1316
1190
1158
1385
1470
1360
1419
1655
1724
1326
1075
1390
1710
1609
1156
760
851
1126
1015
854
678
447
263
208
505
748
597
297
265
475
507
404
465
721
926
829
631
560
629
749
870
762
674
439
186
243
384
448
88
-298
-376
-449
-538
-717
-749
-679
-871
-1049
-1131
-1252
-1164
-952
-955
-955
-1278
-1410
-1254
-1272
-1159
-1118
-1389
-1465
-1543
-1326
-971
-1162
-1501
-1637
-1537
-1151
-885
-1199
-1252
-1218
-1155
-1031
-1050
-957
-806
-683
-805
-1046
-1054
-746
-328
-225
-443
-388
-356
-480
-569
-667
-108
603
675
411
104
238
631
696
908
1228
1486
1510
1424
1517
1673
1609
1528
1803
2236
2259
1819
1601
1860
2097
1834
1437
1396
1571
1455
1072
767
643
567
497
610
722
495
56
-155
36
432
517
299
220
260
352
337
456
626
680
742
655
460
296
261
399
604
562
259
-269
-519
-335
-274
-207
-420
-798
-868
-995
-1043
-1105
-1234
-1152
-1203
-1272
-1327
-1578
-1570
-1458
-1360
-1288
-1553
-1717
-1677
-1467
-1240
-1400
-1529
-1492
-1351
-1139
-1287
-1504
-1397
-1123
-870
-779
-897
-946
-1102
-1058
-665
-426
-551
-819
-824
-547
-365
-437
-300
71
164
-292
-918
-1053
-194
924
1329
740
91
-38
175
669
1253
1723
1635
1162
1025
1388
1729
1878
1662
1792
2122
2028
1795
1645
1965
2267
1947
1585
1311
1174
1249
1188
1227
1036
553
445
550
692
589
253
291
465
663
653
323
250
250
401
684
714
543
308
103
223
412
415
442
212
-13
-138
-229
-253
-182
-159
-386
-702
-904
-970
-837
-772
-940
-1104
-1189
-1199
-1166
-1301
-1453
-1410
-1379
-1298
-1212
-1309
-1400
-1419
-1529
-1450
-1268
-1166
-1118
-1353
-1640
-1547
-1354
-1080
-944
-1135
-1279
-1304
-1269
-1147
-858
-675
-583
-757
-1188
-1225
-909
-583
-295
-257
-297
-305
-495
-529
-525
-399
169
814
1052
581
7
219
675
1105
1316
1381
1464
1342
1385
1604
1809
1997
1767
1590
1949
2157
2097
1767
1743
2121
1897
1598
1387
1274
1475
1332
1032
885
654
618
647
622
650
365
143
255
560
730
362
60
86
336
587
529
419
248
145
316
497
555
467
211
181
286
226
83
-47
-75
-185
-452
-632
-717
-787
-743
-874
-1113
-1369
-1354
-1277
-1344
-1459
-1612
-1684
-1668
-1693
-1699
-1625
-1747
-1759
-1749
-1729
-1560
-1650
-1811
-1885
-1725
-1362
-1225
-1333
-1530
-1433
-1266
-919
-651
-826
-889
-690
-715
-758
-697
-668
-113
188
161
-33
-349
-210
-182
-510
-265
441
862
671
135
93
455
706
871
1145
1489
1538
1367
1351
1526
1943
2102
1920
1503
1674
2171
2424
2486
2136
1838
1669
1531
1720
1746
1556
1431
981
694
813
839
788
710
538
347
164
317
468
700
500
43
-26
45
396
591
491
337
35
-81
177
266
336
235
-12
-155
-143
8
-111
-286
-501
-603
-505
-513
-612
-807
-1058
-1302
-1356
-1220
-1081
-1129
-1326
-1519
-1779
-1697
-1505
-1487
-1500
-1609
-1811
-1807
-1644
-1387
-1264
-1426
-1585
-1619
-1604
-1456
-1248
-1173
-1164
-1185
-1283
-1099
-893
-844
-834
-976
-1044
-960
-718
-562
-376
-327
-357
-431
-398
-407
-613
-481
151
922
906
386
366
658
928
1214
1431
1831
2069
1871
1750
1916
2138
2380
2303
1869
1936
2330
2552
2350
1971
1872
1889
1707
1431
1366
1391
1247
996
607
341
444
451
465
511
243
37
159
302
501
389
3
55
237
507
655
526
374
172
133
295
369
336
198
15
-156
-247
-104
-149
-369
-551
-699
-849
-858
-912
-1054
-1132
-1241
-1409
-1481
-1501
-1485
-1420
-1601
-1588
-1661
-1697
-1585
-1618
-1429
-1537
-1738
-1554
-1588
-1445
-1427
-1616
-1410
-1593
-1566
-1403
-1631
-1382
-1201
-1195
-1007
-1241
-1141
-920
-841
-777
-983
-764
-339
-141
-176
-285
-121
73
-157
-320
-178
643
1473
1304
798
578
868
1248
1499
1746
2007
1981
1817
1839
2077
2368
2419
2143
1868
2005
2448
2538
2324
2100
1939
1710
1482
1491
1570
1415
1107
784
462
217
-150
-23
384
515
209
-402
-460
61
231
188
-65
-171
171
256
400
508
312
174
223
385
537
430
325
174
165
130
-65
-125
-335
-440
-621
-878
-968
-1006
-957
-1060
-1315
-1469
-1680
-1841
-1758
-1462
-1227
-1394
-1738
-1883
-1940
-1729
-1535
-1434
-1408
-1586
-1717
-1746
-1596
-1466
-1527
-1543
-1411
-1393
-1428
-1449
-1349
-1047
-901
-873
-857
-884
-923
-966
-855
-624
-225
-7
-41
-59
-64
92
244
0
-139
498
1300
1579
1100
630
913
1331
1507
1720
1875
1937
1894
1919
2055
2234
2247
2124
2010
1796
1836
2202
2364
2236
1903
1352
1166
1196
1234
1270
1117
947
580
86
-117
116
410
398
95
-215
-240
28
99
70
94
-86
-81
171
439
578
401
114
81
349
451
384
349
258
125
-75
-151
91
89
-220
-410
-732
-875
-891
-960
-902
-1009
-1395
-1701
-1701
-1449
-1353
-1453
-1633
-1675
-1741
-1827
-1755
-1642
-1568
-1419
-1564
-1772
-1681
-1722
-1508
-1380
-1475
-1451
-1502
-1404
-1171
-1168
-1114
-1051
-999
-759
-686
-695
-644
-754
-674
-444
-128
59
69
237
132
70
-266
-495
330
1431
1685
1162
597
755
1118
1349
1797
2042
2090
1940
1762
2012
2268
2158
2061
2199
2332
2029
1471
1517
2081
2335
1900
981
613
880
982
884
894
529
-30
-262
-99
183
182
-13
-131
-56
109
53
-66
131
352
424
242
373
523
608
734
554
482
449
339
439
602
436
65
-266
-278
-146
-224
-498
-875
-1067
-1097
-1227
-1351
-1312
-1406
-1583
-1847
-1832
-1661
-1597
-1584
-1666
-1785
-1759
-1774
-1681
-1362
-1284
-1350
-1488
-1544
-1432
-1351
-1222
-1058
-1076
-1162
-1287
-1226
-1107
-1057
-972
-850
-731
-837
-1018
-1039
-1009
-847
-579
-451
-220
-4
-163
-456
-759
-703
12
954
1550
1295
733
705
1107
1535
1945
2289
2432
2287
2156
2341
2589
2898
2811
2396
2362
2420
2286
1929
1884
2486
2316
1284
526
500
955
955
434
-91
-512
-532
-438
-527
-478
-715
-929
-772
-411
13
-133
-396
-160
170
388
347
456
828
927
892
895
872
938
897
837
883
673
401
112
194
230
-194
-789
-1114
-1010
-961
-1123
-1336
-1664
-1883
-1979
-2080
-1836
-1713
-1911
-1985
-2000
-1903
-1888
-1989
-1742
-1316
-1053
-1111
-1451
-1673
-1482
-1017
-720
-631
-794
-1046
-1006
-807
-664
-533
-604
-695
-731
-827
-917
-973
-710
-430
-385
-364
-286
-143
-208
-589
-952
-668
206
958
937
640
525
683
931
1226
1761
2229
2309
2075
1934
2186
2516
2758
2768
2405
2221
2248
2326
2229
1916
1785
1750
1375
1083
746
443
463
165
-223
-492
-463
-246
-358
-737
-1035
-1080
-620
-199
-22
-140
-369
-203
126
524
867
798
789
835
872
1064
1103
1067
1052
889
615
412
354
398
214
-4
-453
-811
-989
-1080
-939
-1040
-1461
-1804
-2106
-2000
-1698
-1605
-1566
-1796
-2019
-1941
-1706
-1524
-1477
-1404
-1261
-1068
-964
-1122
-1083
-857
-716
-586
-764
-760
-498
-590
-625
-749
-827
-562
-564
-605
-607
-880
-1150
-1250
-917
-520
-441
-469
-554
-915
-1547
-1617
-484
814
977
263
-193
234
749
1085
1523
2023
2206
2043
1869
2216
2791
3123
3126
2888
2675
2430
2468
2455
2439
2327
2105
1819
1097
587
459
441
395
-50
-520
-778
-862
-821
-934
-1226
-1345
-1277
-961
-607
-602
-531
-481
-260
196
443
595
615
763
1004
1159
1278
1290
1193
1240
1181
987
801
579
460
296
214
-15
-503
-840
-1043
-1087
-1139
-1445
-1674
-1853
-1873
-1878
-2050
-1961
-1821
-1875
-1672
-1681
-1806
-1758
-1579
-1065
-946
-948
-1050
-1182
-850
-762
-549
-406
-589
-580
-777
-804
-506
-400
-388
-520
-726
-714
-914
-1016
-813
-707
-606
-752
-621
-298
-385
-845
-1465
-960
378
1034
782
282
381
760
938
1353
1993
2374
2410
2178
2177
2570
2779
2940
2982
2772
2422
2175
2160
2225
2117
1760
1477
1106
739
360
8
-43
-198
-695
-1014
-1003
-916
-953
-1210
-1507
-1433
-1020
-628
-473
-357
-333
-273
135
604
935
909
902
1083
1232
1398
1381
1252
1269
1214
920
778
692
511
244
-110
-362
-596
-883
-1123
-1250
-1335
-1510
-1865
-1989
-1915
-1905
-1930
-1969
-1954
-1866
-1733
-1593
-1541
-1488
-1319
-1155
-856
-595
-713
-907
-844
-634
-339
-107
-275
-501
-642
-592
-301
-94
-270
-464
-669
-869
-986
-1064
-962
-922
-870
-755
-629
-784
-1412
-1782
-1177
-38
602
174
-310
167
657
857
1166
1550
2185
2418
2372
2557
2792
2965
3122
3209
3365
3095
2573
2477
2574
2668
2042
1334
1331
1279
953
286
-389
-531
-753
-1017
-1016
-1134
-1300
-1569
-1940
-1808
-1395
-1080
-959
-912
-615
-446
-288
85
565
874
751
734
1074
1366
1571
1481
1281
1282
1113
1001
1002
957
626
37
-312
-405
-449
-744
-1119
-1320
-1536
-1774
-1898
-1925
-1852
-1827
-2076
-2115
-1980
-1818
-1608
-1524
-1586
-1584
-1317
-1019
-497
-368
-675
-778
-741
-338
141
32
-243
-463
-680
-526
-138
3
-111
-578
-1022
-1128
-985
-906
-916
-707
-573
-492
-774
-1495
-1836
-1234
-83
695
250
-421
-55
458
809
1159
1508
2001
2359
2358
2398
2559
2789
3133
3426
3442
3034
2578
2380
2448
2561
2311
1748
1412
1079
707
302
-192
-368
-578
-1071
-1182
-1295
-1577
-1653
-1799
-1816
-1441
-1183
-1140
-1059
-856
-499
-208
180
434
694
842
903
1146
1285
1487
1600
1441
1344
1201
881
955
942
621
296
-102
-378
-569
-802
-1019
-1314
-1347
-1520
-1868
-1971
-2089
-1982
-2002
-2054
-1895
-1784
-1645
-1478
-1579
-1588
-1302
-1129
-733
-484
-525
-572
-694
-637
-414
-40
43
-247
-460
-584
-499
-228
-173
-265
-660
-1108
-1097
-1058
-1029
-765
-495
-207
-446
-1536
-2225
-1577
28
1042
652
-95
-156
268
716
1247
1925
2396
2333
2098
2187
2691
3120
3274
3412
3288
2953
2423
2031
2320
2657
2283
1651
1294
1211
557
-408
-537
-369
-408
-871
-1417
-1505
-1603
-1947
-2099
-1992
-1355
-958
-1149
-1223
-1036
-590
-113
290
675
765
474
593
1096
1756
1900
1575
1368
1314
1335
1256
1148
1101
930
457
-82
-363
-421
-599
-877
-1084
-1199
-1490
-1898
-2055
-1936
-1931
-1957
-2054
-1984
-1838
-1824
-1748
-1538
-1383
-1237
-1112
-1041
-812
-769
-689
-573
-391
-269
-385
-544
-556
-414
-167
-64
-126
-364
-818
-1051
-920
-760
-574
-635
-633
-451
-433
-852
-1733
-1555
-165
996
782
-61
-135
363
688
1156
1712
2141
2281
2012
2010
2394
2817
3059
3070
3019
2903
2350
1912
2075
2514
2518
1719
692
663
770
285
-193
-658
-845
-1030
-1402
-1448
-1407
-1640
-1815
-1974
-1569
-1096
-1135
-1142
-882
-353
-19
193
570
833
1013
941
947
1402
1685
1738
1588
1327
1223
1048
964
1058
965
582
56
-299
-473
-574
-820
-1171
-1333
-1500
-1750
-1842
-1908
-1863
-1872
-1915
-1828
-1848
-1822
-1724
-1633
-1257
-1094
-1127
-1056
-1138
-752
-624
-673
-482
-576
-420
-390
-583
-377
-274
-279
-110
-391
-618
-860
-957
-573
-591
-626
-483
-360
-90
-346
-1054
-1354
-749
567
1135
715
323
383
678
960
1326
1957
2357
2297
2157
2117
2439
2759
2950
3071
2803
2465
1963
1614
2063
2210
1571
870
838
987
150
-764
-824
-660
-808
-1159
-1451
-1389
-1413
-1653
-1858
-1668
-1049
-945
-1125
-934
-538
-120
50
334
779
845
662
711
1172
1554
1515
1290
1221
1098
1030
932
873
790
351
-14
-323
-285
-267
-790
-1120
-1177
-1321
-1450
-1584
-1569
-1486
-1621
-1769
-1837
-1554
-1270
-1341
-1304
-1292
-1230
-1175
-1085
-780
-664
-703
-701
-662
-516
-463
-602
-603
-476
-403
-402
-436
-462
-636
-776
-807
-649
-486
-623
-529
-246
-155
-303
-986
-1356
-511
625
1087
669
302
650
911
950
1312
1864
2275
2246
2091
2126
2278
2480
2696
2819
2765
2391
1823
1248
1266
1991
2280
1825
640
-244
-615
-643
-242
-250
-605
-1051
-1511
-1644
-1594
-1505
-1361
-1324
-1090
-883
-1003
-877
-471
91
428
422
446
590
922
1208
1362
1453
1298
1094
1097
1225
1246
986
583
288
185
236
75
-353
-757
-1079
-1143
-1044
-1013
-1246
-1725
-1934
-1858
-1704
-1465
-1560
-1674
-1500
-1543
-1569
-1402
-1094
-692
-735
-1095
-1119
-1079
-697
-193
-180
-446
-633
-780
-549
-152
-134
-133
-409
-780
-861
-728
-462
-378
-464
-383
-221
-245
-922
-1577
-1055
186
1095
707
-42
224
571
680
1151
1543
1991
2265
2130
2168
2334
2483
2707
2920
3096
2788
2218
1650
1326
1831
2176
2091
1451
426
-155
-455
-437
-50
-350
-954
-1185
-1533
-1693
-1716
-1553
-1345
-1156
-1075
-1305
-1179
-708
-265
169
300
255
348
405
779
1278
1368
1368
1145
944
1100
1093
1000
871
633
441
165
-5
-161
-371
-675
-1079
-1152
-1048
-1083
-1267
-1588
-1772
-1718
-1681
-1429
-1376
-1437
-1363
-1429
-1385
-1175
-986
-858
-821
-836
-931
-885
-782
-616
-436
-482
-607
-731
-720
-470
-244
-350
-627
-920
-999
-882
-706
-511
-524
-369
-210
-171
-378
-1108
-1208
-223
914
1293
662
219
565
809
1068
1563
2025
2343
2187
2026
2231
2442
2678
2844
2919
2840
2322
1558
1466
2092
2627
1854
548
373
658
475
-184
-622
-570
-791
-1225
-1272
-1161
-1123
-1429
-1808
-1438
-823
-750
-954
-929
-340
36
106
255
532
951
762
591
916
1189
1354
1263
1051
855
536
301
435
582
521
-82
-857
-979
-888
-857
-1063
-1258
-1266
-1486
-1751
-1811
-1801
-1621
-1625
-1707
-1448
-1331
-1359
-1326
-1221
-1018
-991
-1077
-930
-631
-462
-559
-800
-747
-572
-531
-608
-439
-190
-394
-578
-668
-579
-522
-768
-783
-601
-436
-222
-98
22
-75
-966
-1417
-413
1059
1511
738
216
576
985
1151
1473
2078
2541
2406
2059
2112
2522
2873
2905
2810
2731
2228
1507
1495
2030
2345
2098
1307
618
100
-356
-201
40
-131
-549
-1152
-1223
-1011
-1174
-1439
-1460
-972
-590
-680
-867
-870
-419
49
180
499
449
276
410
577
991
1128
956
795
616
497
356
147
251
331
53
-296
-640
-727
-983
-1124
-939
-1118
-1261
-1522
-1842
-1816
-1725
-1574
-1461
-1413
-1455
-1563
-1497
-1324
-1279
-1031
-1028
-1029
-933
-950
-604
-639
-804
-637
-741
-740
-625
-636
-368
-205
-346
-554
-782
-958
-864
-604
-402
-308
-388
-300
-98
-262
-1042
-1298
-364
979
1413
679
168
599
1014
1265
1737
2099
2456
2455
2271
2353
2687
3045
3189
3123
2964
2628
2049
1670
1963
2534
2366
1685
933
157
-150
-246
-65
193
-454
-1002
-1116
-1359
-1335
-1514
-1606
-1141
-778
-824
-1103
-1113
-629
-62
294
321
314
359
244
610
1019
1090
1100
716
579
585
290
298
290
147
-48
-417
-722
-915
-996
-1090
-1137
-1135
-1319
-1669
-1948
-1996
-1680
-1518
-1409
-1374
-1612
-1589
-1615
-1303
-911
-938
-944
-1014
-992
-741
-734
-578
-440
-528
-560
-786
-930
-719
-467
-108
-232
-663
-1003
-1333
-1062
-799
-620
-511
-539
-432
-421
-910
-1556
-1270
-123
1065
1036
318
252
515
883
1398
2054
2518
2575
2394
2356
2631
3080
3348
3448
3428
3131
2719
2292
2079
2274
2488
2052
1208
620
538
490
-21
-541
-823
-994
-1033
-1016
-1124
-1336
-1550
-1715
-1477
-957
-783
-888
-809
-511
-111
296
425
523
715
748
810
886
1100
1219
1157
943
595
376
382
475
401
-96
-590
-904
-1035
-879
-940
-1329
-1677
-1807
-1813
-1642
-1677
-1732
-1761
-1850
-1795
-1666
-1580
-1297
-1178
-1207
-1066
-1176
-1020
-728
-705
-570
-633
-787
-686
-688
-633
-603
-779
-621
-524
-614
-707
-1043
-1104
-1067
-975
-999
-1094
-573
-175
-368
-1129
-1741
-1008
555
1201
807
234
447
948
1103
1612
2221
2666
2734
2526
2648
2952
3211
3404
3443
3535
3298
2637
2444
2583
2382
2185
1845
1450
1031
268
204
200
-433
-932
-1450
-1222
-848
-1332
-1743
-1952
-1775
-1209
-1214
-1116
-946
-878
-476
-363
197
584
410
627
736
1041
1166
939
1228
1221
1024
799
368
493
590
285
-61
-558
-799
-963
-1158
-1055
-1322
-1678
-1741
-1846
-1803
-1875
-1990
-1937
-1925
-1712
-1703
-1788
-1344
-1207
-1238
-1215
-1240
-944
-870
-733
-501
-602
-632
-614
-703
-520
-615
-859
-634
-548
-631
-744
-995
-1156
-1259
-1077
-977
-987
-819
-747
-469
-387
-1103
-1439
-706
596
1343
704
287
860
1127
1439
1897
2271
2807
2932
2710
2769
3055
3453
3583
3588
3476
3061
2809
2597
2797
2478
1793
1423
1073
1027
967
535
18
-855
-1391
-1248
-1119
-930
-1107
-1569
-1722
-1733
-1449
-1219
-1116
-731
-529
-261
-143
73
557
628
730
846
817
914
1078
1234
1176
860
642
447
560
526
17
-598
-899
-801
-771
-1007
-1258
-1739
-2072
-1810
-1748
-1771
-1803
-2020
-2107
-1930
-1837
-1729
-1565
-1298
-1190
-1302
-1290
-1103
-825
-709
-554
-657
-809
-768
-695
-485
-299
-575
-940
-883
-600
-483
-667
-1094
-1390
-1355
-1083
-954
-1099
-1010
-780
-410
-506
-1254
-1588
-789
640
1172
673
442
920
1207
1496
1982
2462
2909
2907
2752
2936
3304
3551
3568
3602
3577
3217
2857
2655
2688
2383
1832
1312
1008
1004
759
332
-170
-929
-1409
-1441
-1222
-936
-1172
-1541
-1722
-1763
-1453
-1207
-1047
-729
-590
-301
-97
291
710
724
865
918
967
1190
1307
1339
1191
889
801
667
540
394
-90
-468
-640
-649
-796
-1142
-1426
-1851
-1939
-1761
-1740
-1798
-1954
-2142
-2111
-2064
-2049
-1746
-1463
-1299
-1259
-1469
-1365
-1147
-944
-581
-454
-569
-773
-887
-573
-313
-343
-504
-820
-708
-569
-758
-784
-957
-1049
-1051
-1236
-1209
-1393
-1266
-570
-111
-485
-1629
-1997
-791
659
1025
556
460
950
937
1177
1890
2589
3123
2895
2707
2990
3319
3590
3685
3750
3744
3231
2751
2487
2611
2548
1816
1299
1237
1219
763
-321
-862
-864
-1086
-1073
-1052
-1191
-1324
-1772
-2081
-1744
-1235
-873
-933
-813
-492
-271
85
551
1013
1114
821
689
1002
1408
1593
1323
1133
1056
737
609
588
372
47
-406
-652
-747
-952
-1333
-1748
-1797
-1689
-1721
-1873
-2074
-2185
-2292
-2245
-1986
-1701
-1428
-1471
-1689
-1802
-1717
-1297
-886
-631
-576
-907
-1095
-1004
-678
-345
-262
-544
-820
-817
-717
-609
-571
-663
-830
-1166
-1266
-1123
-1018
-817
-658
-406
-308
-966
-1791
-1487
-49
1117
949
368
449
840
1014
1354
1992
2632
2911
2701
2544
2825
3186
3370
3433
3577
3412
2962
2618
2473
2462
2303
2001
1676
1242
570
267
248
65
-439
-1206
-1281
-961
-945
-1109
-1338
-1465
-1159
-923
-909
-722
-476
-257
-134
287
735
808
775
713
928
1233
1108
992
1097
1124
915
492
218
237
164
-49
-232
-460
-1006
-1582
-1688
-1470
-1215
-1457
-2055
-2254
-2220
-2236
-2063
-1931
-1756
-1633
-1882
-2004
-1887
-1719
-1417
-1147
-963
-1018
-1255
-1301
-1041
-654
-623
-706
-758
-883
-806
-695
-687
-616
-742
-993
-1033
-999
-1050
-1147
-1053
-486
-35
-166
-1003
-1697
-1153
161
1092
972
619
856
977
996
1414
2042
2757
3048
2784
2665
2727
2912
3308
3591
3684
3417
2838
2460
2197
1905
1857
2078
2120
1611
495
-328
-529
-519
-358
-435
-539
-727
-1292
-1692
-1677
-1272
-750
-565
-520
-583
-673
-412
-9
679
1181
896
629
565
904
1318
1390
1361
1113
800
635
500
428
334
-64
-350
-376
-393
-894
-1617
-1784
-1518
-1224
-1342
-1846
-2088
-2057
-2126
-2068
-1925
-1658
-1628
-1723
-1680
-1686
-1781
-1599
-1187
-900
-822
-1381
-1631
-1372
-961
-550
-717
-1084
-1109
-1089
-945
-726
-749
-942
-1180
-1321
-1195
-1151
-1097
-774
-289
19
-767
-1707
-1568
-258
1149
1127
447
395
682
944
1346
1822
2509
2753
2561
2575
2793
3067
3208
3349
3489
3469
3111
2703
2462
2212
2058
2006
1915
1581
1075
578
120
-324
-570
-579
-468
-308
-612
-1275
-1539
-1355
-857
-467
-394
-527
-654
-476
-53
528
1038
1112
892
816
846
990
1210
1360
1408
1075
740
501
375
475
270
-124
-434
-621
-846
-1233
-1518
-1605
-1648
-1512
-1590
-1977
-2062
-2148
-2274
-2052
-1812
-1604
-1455
-1715
-1773
-1762
-1644
-1264
-1123
-995
-1138
-1287
-1222
-1206
-867
-914
-1153
-1048
-1090
-979
-821
-978
-985
-1122
-1439
-1303
-1227
-1117
-888
-642
-214
-378
-1383
-1946
-1034
548
1280
734
196
377
787
1113
1457
2149
2660
2677
2535
2572
2839
3100
3178
3381
3598
3285
2729
2299
2036
1947
2137
2536
2367
1334
129
-256
9
129
-9
-243
-341
-505
-1132
-1623
-1305
-543
-72
-163
-498
-631
-427
1
666
1190
1223
754
519
979
1428
1480
1251
1159
1161
957
720
516
340
247
-145
-476
-491
-601
-934
-1441
-1714
-1777
-1608
-1436
-1648
-1985
-2311
-2373
-2104
-1824
-1552
-1514
-1871
-1979
-1829
-1755
-1343
-1071
-1120
-1179
-1446
-1489
-1118
-962
-880
-1016
-1347
-1240
-1100
-1055
-931
-1177
-1481
-1668
-1639
-1372
-1237
-956
-807
-742
-616
-1168
-1744
-1388
-246
986
1146
485
415
624
887
1408
1911
2663
2931
2664
2524
2587
2936
3206
3491
3704
3404
2977
2414
2000
2141
2174
2198
2290
1876
937
-191
-495
-37
195
3
-353
-546
-839
-1317
-1469
-985
-185
215
-139
-530
-425
-102
490
1139
1487
1315
862
630
1027
1576
1679
1487
1193
992
798
562
462
474
244
-121
-493
-705
-808
-1047
-1401
-1639
-1720
-1632
-1690
-1828
-1996
-2165
-2239
-2129
-1874
-1628
-1489
-1570
-1743
-1859
-1663
-1257
-858
-932
-1216
-1522
-1446
-1098
-1077
-1028
-1182
-1352
-1144
-1194
-1215
-1111
-1333
-1465
-1609
-1693
-1553
-1485
-1224
-697
-529
-943
-2030
-2166
-967
370
1007
408
182
498
556
876
1509
2180
2809
2695
2483
2687
2783
3035
3287
3594
3752
3326
2739
2475
2470
2299
1785
1575
2058
2186
1206
-48
-834
-646
-219
-67
50
-390
-1083
-1575
-1746
-1028
-11
250
-11
-373
-404
-25
537
1396
1766
1647
1160
730
1124
1645
2111
2087
1492
1078
697
526
806
778
442
-138
-806
-870
-861
-998
-1359
-1868
-1915
-1884
-1768
-1796
-2099
-2276
-2449
-2352
-1969
-1763
-1531
-1571
-1822
-1691
-1562
-1391
-1000
-976
-1092
-1339
-1460
-1252
-1037
-825
-971
-1108
-1160
-1323
-1266
-1278
-1278
-1327
-1576
-1510
-1446
-1588
-1233
-682
-547
-998
-2054
-2075
-826
517
914
316
217
481
599
901
1557
2358
2771
2641
2584
2687
2795
3023
3167
3569
3694
3117
2534
2373
2413
2336
1967
1799
1452
897
833
622
286
-402
-1088
-702
-452
-491
-753
-1421
-1288
-802
-532
-151
-145
-246
-101
70
716
1216
1483
1537
1264
1453
1364
1401
1779
1832
1822
1331
671
569
533
771
672
-175
-610
-1076
-1254
-1030
-1140
-1359
-1946
-2215
-1950
-1970
-1779
-1875
-2242
-2062
-1943
-1819
-1482
-1454
-1358
-1463
-1648
-1238
-1159
-1026
-849
-1199
-1269
-1112
-1068
-983
-864
-975
-1307
-1458
-1315
-1121
-1089
-1454
-1898
-1963
-1925
-1729
-1260
-830
-483
-919
-2018
-2337
-1286
363
1305
795
93
294
526
928
1705
2476
2918
2740
2529
2544
2854
3246
3484
3599
3576
3156
2661
2378
2568
2933
2087
1132
750
1026
1693
1055
-158
-814
-1108
-769
-535
-564
-495
-958
-1469
-1282
-813
-164
-67
-239
-128
60
584
902
1451
1924
1547
1164
1011
1305
1901
2035
1660
1181
578
467
679
1012
978
26
-943
-1290
-1095
-758
-741
-1222
-1992
-2359
-2186
-1913
-1710
-1696
-2005
-2261
-2245
-2089
-1675
-1351
-1252
-1351
-1650
-1564
-1251
-1008
-907
-908
-1118
-1182
-1038
-1016
-821
-956
-1256
-1351
-1303
-1048
-878
-1076
-1488
-1749
-1816
-1559
-1251
-846
-601
-757
-1250
-2008
-1888
-629
779
1224
309
-184
266
693
1211
1837
2408
2705
2428
2158
2328
2805
3325
3485
3487
3226
2719
2399
2375
2873
2882
1839
1023
965
1084
778
539
647
325
-997
-1660
-1003
-302
-249
-832
-1206
-939
-495
-450
-519
-46
513
575
547
948
1420
1535
1397
1410
1765
1750
1583
1520
1560
1435
792
469
707
756
413
-286
-952
-1013
-1011
-1040
-1130
-1383
-1627
-2208
-2468
-1963
-1742
-1726
-1917
-2296
-2260
-2155
-1841
-1390
-1322
-1218
-1605
-1877
-1321
-1152
-896
-796
-1092
-959
-1253
-1322
-883
-894
-821
-1149
-1499
-1196
-1243
-1397
-1532
-1637
-1520
-1618
-1428
-839
-680
-939
-1894
-2195
-937
367
868
413
50
413
506
791
1661
2431
2926
2675
2263
2473
2776
3249
3673
3672
3530
2863
2371
2665
2974
3225
2351
695
240
865
1756
1673
406
-580
-1145
-1494
-969
-352
-177
-378
-1138
-1470
-1166
-709
-266
-96
122
248
338
652
1017
1604
1779
1365
1138
1237
1638
1994
1658
1279
894
568
820
887
665
154
-614
-1073
-1092
-655
-538
-1189
-1888
-2476
-2480
-1954
-1574
-1364
-1842
-2506
-2612
-2375
-1645
-1210
-1248
-1365
-1627
-1792
-1643
-1226
-631
-538
-837
-1262
-1518
-1084
-876
-720
-605
-995
-1210
-1379
-1425
-1139
-1195
-1304
-1368
-1617
-1438
-1062
-757
-643
-1044
-1701
-1794
-910
405
803
355
113
338
709
1015
1571
2361
2633
2468
2372
2396
2871
3299
3398
3395
3025
2700
2620
2671
2900
2881
2175
985
260
815
1566
1257
270
-568
-761
-783
-878
-572
-476
-625
-882
-1229
-866
-350
-294
-295
-89
278
513
647
1062
1567
1740
1447
1145
1387
1745
1687
1433
1207
1170
957
618
566
407
84
-367
-800
-868
-787
-1088
-1656
-1966
-1931
-1902
-1894
-1927
-2039
-2109
-2313
-2219
-1911
-1600
-1508
-1640
-1670
-1466
-1366
-1251
-1114
-1117
-1077
-1143
-969
-923
-937
-856
-904
-899
-918
-1223
-1292
-1162
-1215
-1268
-1567
-1594
-1470
-1417
-1104
-795
-795
-867
-1349
-1578
-977
81
767
582
398
637
842
1019
1519
2228
2871
2825
2519
2521
2732
3153
3370
3343
3298
2966
2630
2457
2472
2620
2207
985
80
504
1536
1734
515
-821
-1354
-1314
-820
-335
-125
-393
-990
-1428
-1198
-579
-69
56
31
180
233
519
1007
1565
1834
1412
944
938
1307
1767
1810
1630
1141
522
288
471
728
509
-174
-967
-1286
-989
-741
-1125
-1734
-2090
-2098
-1989
-1922
-1838
-1944
-2116
-2208
-2187
-1927
-1562
-1620
-1599
-1434
-1370
-1242
-1130
-827
-696
-905
-1188
-1258
-861
-339
-259
-715
-1166
-1351
-1300
-1051
-676
-587
-1108
-1585
-1820
-1594
-1014
-712
-495
-457
-725
-1254
-1658
-1249
5
1050
1152
566
229
591
1023
1553
2152
2553
2635
2429
2475
2726
2867
3070
3086
3051
3004
2708
2442
2298
2291
2164
1261
575
780
1210
1160
142
-670
-603
-499
-539
-644
-766
-720
-906
-1060
-678
-284
-92
-279
-303
130
453
772
955
1265
1519
1148
974
1087
1363
1734
1560
1093
824
490
457
632
584
244
-464
-1034
-1158
-860
-834
-1230
-1651
-1966
-2041
-2137
-2191
-2004
-1893
-1837
-1966
-2129
-2151
-2029
-1726
-1223
-993
-1094
-1368
-1360
-982
-900
-868
-873
-694
-385
-430
-711
-974
-1023
-952
-770
-558
-575
-883
-1338
-1545
-1354
-1030
-819
-759
-670
-530
-633
-817
-948
-934
-306
560
1035
912
518
639
1068
1464
1951
2247
2381
2563
2613
2602
2625
2780
2977
2978
2883
2595
2343
2158
1997
2091
1770
1270
446
-205
304
1051
1123
-103
-1538
-1554
-912
-558
-447
-638
-745
-752
-963
-811
-460
-65
221
186
472
694
923
1084
1165
1516
1353
1011
973
1183
1405
1247
821
594
471
357
209
-220
-607
-901
-1184
-1209
-1068
-1156
-1804
-2473
-2507
-2097
-1735
-1743
-2037
-2278
-2400
-2316
-1971
-1453
-1083
-1182
-1438
-1449
-1207
-988
-742
-455
-272
-392
-774
-952
-705
-248
-206
-509
-705
-774
-705
-612
-438
-321
-801
-1230
-1207
-761
-206
-273
-387
-364
-403
-470
-565
-480
182
876
1260
1238
783
874
1275
1629
2115
2355
2454
2378
2373
2560
2656
2618
2602
2570
2498
2373
2105
1797
1384
1369
1235
781
488
382
602
386
-346
-900
-1115
-934
-626
-559
-562
-722
-1004
-953
-746
-204
112
117
151
153
509
790
1073
1288
1085
877
716
751
1041
1149
1062
763
240
-97
-199
-176
-210
-470
-802
-1257
-1477
-1428
-1548
-1689
-1960
-2147
-2130
-2130
-1927
-1823
-1968
-2085
-2082
-1812
-1383
-1114
-1127
-1310
-1172
-911
-795
-549
-515
-376
-290
-461
-358
-217
-162
-131
-357
-526
-468
-392
-224
-191
-212
-479
-914
-982
-749
-262
-39
-177
-82
-143
-256
-130
-45
139
476
845
1252
1254
1042
1147
1276
1599
1936
2194
2306
2300
2274
2188
2227
2375
2350
2195
2090
1749
1420
1295
1269
967
687
680
816
500
-245
-704
-704
-534
-464
-502
-666
-663
-704
-724
-565
-354
-206
-224
-143
40
360
619
677
751
767
704
661
757
955
978
752
457
219
208
249
47
-248
-588
-931
-1191
-1250
-1137
-1364
-1762
-1971
-2109
-2055
-1982
-1951
-1820
-1835
-1885
-1921
-1843
-1437
-1131
-1059
-1010
-1040
-927
-618
-462
-372
-354
-281
-212
-198
-54
-44
-138
-209
-119
30
15
-133
-148
-90
-64
-145
-579
-775
-589
-229
120
150
-20
-94
-169
-95
137
455
654
678
788
949
956
1048
1187
1355
1578
1640
1691
1668
1797
2002
1946
1740
1618
1497
1491
1395
1292
1371
1358
1219
981
766
560
293
74
120
140
60
-158
-433
-526
-400
-151
-99
-180
-268
-407
-360
-35
217
291
146
4
95
251
382
369
295
221
93
-36
-60
24
-37
-295
-536
-761
-818
-809
-934
-1034
-1177
-1437
-1640
-1780
-1598
-1368
-1413
-1489
-1718
-1730
-1524
-1428
-1227
-1050
-1014
-1030
-1151
-981
-576
-453
-467
-537
-473
-191
-66
-122
-182
-61
88
89
100
183
284
306
226
171
124
64
5
104
100
59
198
245
344
367
255
346
438
542
717
731
757
688
509
567
753
986
1095
1027
1035
1006
1052
1183
1216
1341
1332
1162
1107
1014
1057
1113
1056
1071
934
779
607
479
485
443
495
529
322
163
-21
-203
-135
-49
38
0
-143
-246
-345
-371
-180
14
16
-147
-306
-299
-216
-174
-240
-320
-373
-523
-547
-516
-560
-597
-709
-836
-934
-1097
-1093
-913
-881
-985
-1235
-1328
-1240
-1168
-1038
-1064
-1169
-1240
-1264
-1045
-850
-815
-778
-839
-904
-768
-589
-341
-256
-332
-305
-334
-168
-51
14
141
142
155
221
214
320
485
336
322
-5
-134
372
738
1066
661
279
381
279
669
769
754
1000
942
964
804
516
639
664
863
1136
897
842
720
627
823
658
734
771
657
549
124
171
366
558
768
539
237
89
149
375
532
528
544
275
142
217
216
395
356
277
90
27
62
63
233
211
49
-53
-141
-222
-155
-212
-365
-475
-506
-456
-582
-656
-675
-736
-902
-951
-958
-1039
-968
-1078
-1219
-1173
-1108
-878
-847
-944
-964
-986
-993
-880
-782
-682
-661
-704
-737
-677
-564
-572
-489
-422
-329
-168
-277
-316
-209
-134
-21
37
135
273
254
266
415
450
508
578
630
699
741
798
773
865
814
646
641
639
727
816
762
643
498
355
288
328
368
352
301
125
66
81
105
232
233
110
81
172
270
429
502
425
459
445
381
427
580
690
735
728
649
644
550
474
511
478
541
513
340
171
-5
-96
-68
-6
-47
-175
-362
-513
-568
-522
-487
-429
-397
-527
-628
-719
-644
-504
-521
-531
-666
-711
-670
-698
-574
-499
-456
-533
-709
-642
-545
-543
-463
-470
-695
-823
-948
-844
-590
-579
-647
-821
-866
-735
-475
-467
-562
-515
-406
-234
-164
-101
-102
29
89
111
285
367
575
758
615
554
513
553
889
1121
1065
853
637
572
637
709
779
742
602
356
305
343
361
387
186
23
0
-95
-56
31
17
11
-150
-229
-140
96
251
275
313
337
320
335
408
646
831
759
709
731
752
728
615
598
677
605
482
382
275
180
42
-37
-9
-19
-174
-392
-482
-473
-475
-448
-510
-592
-651
-732
-730
-604
-486
-484
-620
-811
-731
-552
-527
-476
-485
-497
-491
-649
-620
-443
-350
-349
-520
-566
-535
-568
-545
-567
-573
-579
-719
-680
-514
-403
-423
-629
-612
-459
-370
-219
-149
-87
-83
-146
-25
170
399
484
443
490
599
660
710
745
820
886
895
916
887
887
792
781
811
802
726
544
517
506
430
311
293
279
165
-33
-133
-80
-11
-50
-174
-260
-277
-226
-193
-156
-48
-25
-44
-30
51
219
287
256
236
224
324
401
446
406
320
239
202
350
465
378
177
-13
-137
-200
-195
-56
-19
-134
-333
-488
-540
-452
-346
-333
-372
-391
-465
-441
-255
-245
-239
-280
-349
-219
-160
-201
-232
-324
-303
-115
-142
-183
-213
-344
-270
-263
-298
-298
-322
-358
-462
-490
-480
-404
-293
-433
-493
-417
-453
-361
-279
-146
-9
-92
-108
1
137
292
352
358
338
293
382
470
661
716
551
550
597
644
607
557
551
504
438
401
376
332
240
186
171
69
-24
-123
-121
74
113
-12
-73
-173
-176
-108
-159
-162
-108
-112
-148
-155
-130
-147
-177
-78
66
180
150
6
-35
-48
35
73
62
156
118
50
0
-55
-89
-71
13
64
30
-118
-228
-164
-114
-157
-167
-171
-170
-160
-221
-232
-121
-42
-21
21
7
-7
3
-21
22
87
102
206
197
72
50
55
5
52
112
49
10
-77
-113
-90
-75
-35
-15
-95
-181
-183
-183
-214
-36
-310
-741
-516
-96
400
566
140
-38
-167
-250
224
482
661
677
335
204
269
475
577
472
405
288
266
294
304
569
294
-60
-137
-324
-166
-74
-313
-386
-577
-585
-359
-268
-136
-380
-608
-654
-475
-54
-72
-246
-327
-499
-288
-42
30
149
-144
-366
-295
-159
185
257
130
-74
-283
-215
-92
103
118
-150
-370
-482
-383
-107
-24
-3
-193
-489
-391
-213
6
95
-55
-115
-109
32
207
280
314
213
111
210
297
431
463
292
249
250
355
450
360
364
294
188
214
271
343
359
310
186
218
354
342
365
366
339
374
427
463
545
443
310
260
200
343
434
412
258
72
-22
56
172
170
87
-17
-68
-148
-253
-359
-334
-292
-350
-409
-483
-465
-386
-359
-381
-456
-477
-430
-363
-259
-215
-246
-293
-310
-306
-297
-313
-258
-262
-198
-168
-255
-185
-205
-146
-140
-258
-201
-177
-173
-211
-342
-386
-306
-238
-208
-249
-296
-329
-418
-423
-403
-325
-304
-302
-294
-339
-343
-280
-108
47
45
-57
-94
-4
137
269
287
270
221
212
307
409
474
485
400
390
391
363
411
384
448
516
444
372
361
372
369
339
381
447
408
367
278
296
331
362
414
380
381
336
323
392
441
441
428
444
389
364
340
329
360
299
197
137
209
245
145
-13
-163
-146
-77
-90
-90
-178
-276
-335
-374
-375
-366
-427
-465
-472
-501
-423
-401
-426
-529
-602
-581
-477
-310
-318
-438
-570
-589
-485
-371
-270
-326
-408
-447
-439
-325
-272
-233
-192
-245
-257
-325
-380
-283
-219
-196
-222
-330
-350
-258
-195
-185
-216
-224
-201
-140
-100
-141
-238
-267
-171
49
222
235
120
-37
-3
184
309
367
291
190
190
154
177
316
413
448
408
334
274
273
427
565
618
527
380
309
379
570
671
628
523
486
533
641
686
674
681
621
597
605
546
499
511
511
476
380
317
266
284
260
144
83
46
22
-17
-167
-303
-395
-377
-213
-155
-266
-386
-501
-514
-372
-250
-277
-451
-538
-574
-498
-349
-307
-301
-455
-603
-561
-482
-337
-269
-373
-475
-530
-553
-504
-450
-389
-363
-476
-510
-530
-404
-299
-323
-421
-528
-473
-394
-259
-250
-373
-476
-477
-366
-200
-91
-126
-192
-185
-88
-47
21
59
54
104
77
125
232
248
260
226
231
262
279
283
395
389
303
308
301
333
375
342
329
340
362
471
537
525
487
422
476
668
743
742
682
591
558
620
646
733
869
775
611
444
381
437
446
406
321
267
233
143
13
-71
-114
-132
-124
-81
-123
-208
-232
-285
-336
-388
-358
-233
-175
-165
-291
-411
-376
-271
-196
-163
-292
-405
-411
-373
-273
-215
-262
-365
-508
-562
-547
-428
-292
-290
-398
-627
-780
-773
-625
-474
-441
-482
-579
-638
-656
-634
-544
-521
-519
-521
-489
-406
-335
-291
-276
-224
-127
-2
41
12
-35
2
113
264
387
406
315
224
183
208
336
493
576
466
313
276
350
443
476
450
363
310
316
384
468
527
468
424
406
410
463
496
534
571
588
545
547
592
558
573
550
516
467
449
455
411
330
191
172
197
252
178
18
-88
-127
-123
-36
-32
-119
-194
-248
-286
-295
-247
-210
-254
-307
-279
-272
-231
-225
-183
-231
-304
-318
-330
-241
-209
-248
-349
-460
-470
-416
-341
-295
-326
-408
-552
-599
-565
-500
-501
-502
-508
-544
-522
-548
-591
-563
-530
-406
-347
-354
-355
-392
-291
-188
-136
-92
-61
-74
-87
-56
-9
93
198
258
180
95
85
132
259
322
331
272
213
189
258
365
436
424
372
287
212
238
334
389
456
472
456
415
335
335
430
549
600
606
581
556
548
556
592
628
627
593
533
429
391
391
391
356
305
233
139
85
92
151
123
27
-97
-181
-207
-157
-145
-161
-145
-238
-303
-320
-385
-347
-259
-217
-160
-203
-325
-411
-385
-260
-154
-122
-175
-339
-420
-437
-371
-272
-253
-296
-410
-534
-639
-634
-594
-515
-491
-544
-618
-687
-699
-683
-689
-679
-607
-547
-541
-533
-517
-495
-421
-317
-184
-100
-33
-77
-121
-96
-22
147
204
206
174
113
131
233
321
377
429
362
310
339
405
464
493
492
462
473
407
395
480
501
528
507
512
481
479
486
495
519
539
573
597
669
707
665
598
555
519
496
499
437
406
433
391
383
322
218
102
57
103
94
47
-8
-34
-70
-151
-203
-184
-147
-126
-162
-252
-267
-273
-231
-196
-219
-280
-343
-336
-294
-202
-162
-261
-381
-436
-417
-336
-290
-343
-445
-577
-682
-650
-523
-432
-424
-526
-661
-725
-726
-624
-522
-515
-554
-685
-725
-642
-536
-430
-431
-487
-476
-430
-301
-180
-158
-175
-237
-207
-117
-14
42
21
13
-34
19
119
194
234
162
121
184
263
397
490
456
406
377
403
483
590
603
514
428
423
503
578
642
687
694
602
530
534
637
716
700
642
560
547
545
493
446
441
474
443
410
363
262
254
266
294
338
269
143
50
-9
58
112
151
128
37
-104
-211
-217
-98
11
37
-55
-203
-251
-239
-154
-90
-114
-207
-336
-438
-468
-432
-372
-390
-438
-504
-611
-652
-648
-675
-676
-644
-613
-591
-596
-634
-685
-657
-598
-560
-514
-498
-533
-534
-515
-426
-313
-265
-293
-331
-349
-307
-215
-115
-18
-40
-125
-206
-234
-190
-89
-28
1
6
-46
-43
-11
74
159
159
137
143
153
210
299
334
366
425
450
422
414
427
496
587
608
598
520
471
517
570
612
612
606
599
595
578
550
498
515
515
524
490
411
393
361
357
327
292
290
249
220
206
203
199
166
95
107
74
54
67
20
41
11
-62
-116
-148
-112
-62
-36
-96
-174
-238
-236
-166
-167
-205
-265
-335
-418
-450
-454
-455
-459
-528
-600
-634
-651
-677
-619
-558
-537
-542
-592
-583
-573
-537
-518
-510
-476
-426
-358
-280
-270
-310
-370
-410
-403
-291
-155
-101
-103
-147
-189
-144
-86
-50
-41
-55
-85
-95
-36
28
91
136
122
128
150
196
286
361
383
377
328
358
426
505
554
454
368
374
462
532
559
538
429
351
369
424
458
452
384
314
265
242
282
308
302
283
184
137
137
152
221
243
223
202
222
223
169
169
124
116
167
211
239
222
119
57
38
79
129
129
63
-39
-104
-120
-98
-77
-124
-225
-317
-374
-395
-377
-373
-392
-468
-522
-559
-551
-466
-441
-450
-502
-554
-582
-519
-457
-438
-442
-448
-425
-418
-390
-354
-302
-249
-220
-190
-156
-112
-107
-129
-88
-70
-64
-67
-52
-82
-114
-73
-29
40
51
35
17
39
79
89
57
36
37
49
95
176
256
306
287
225
230
303
382
453
463
412
346
320
332
384
433
372
291
255
240
238
237
257
257
236
194
143
130
143
168
187
211
239
183
148
126
126
135
126
164
205
241
208
127
109
109
136
155
143
122
69
35
39
17
2
-34
-86
-123
-187
-240
-256
-254
-255
-288
-360
-420
-431
-429
-429
-446
-473
-471
-432
-431
-414
-391
-407
-377
-331
-292
-233
-196
-181
-188
-172
-137
-69
1
-2
-43
-83
-94
-77
-7
20
17
-35
-102
-118
-89
-40
-32
-24
-46
-104
-101
-34
19
44
23
13
15
26
78
116
152
148
130
140
173
226
245
261
261
213
218
214
227
264
275
254
224
233
223
234
228
211
206
161
151
170
172
179
148
172
216
224
194
147
108
114
154
209
216
150
104
102
99
120
141
138
111
33
15
19
58
70
34
-15
-97
-146
-163
-144
-118
-191
-283
-327
-336
-299
-278
-310
-347
-411
-404
-371
-295
-230
-260
-325
-378
-341
-272
-228
-190
-172
-191
-185
-173
-144
-105
-114
-121
-106
-96
-46
-13
2
-29
-50
-6
43
84
77
28
-16
-1
49
115
107
67
6
-24
22
80
136
147
66
8
40
88
201
211
202
171
94
82
95
162
204
196
173
150
144
164
141
104
85
78
121
125
105
80
28
-2
31
84
135
155
124
76
73
106
131
146
129
105
103
113
130
145
178
175
139
130
119
106
105
110
78
75
37
-12
-52
-92
-85
-130
-122
-137
-193
-209
-257
-246
-245
-247
-246
-266
-299
-302
-305
-318
-295
-276
-240
-183
-142
-141
-149
-157
-133
-109
-105
-97
-72
-86
-110
-131
-106
-53
-32
-25
-53
-78
-59
-48
-28
-1
-12
-3
-15
19
23
21
5
-18
28
55
103
139
130
108
91
90
100
123
126
87
67
81
102
124
129
105
71
63
85
117
149
124
86
49
43
86
110
134
134
86
45
29
50
106
138
135
146
158
167
176
203
186
145
134
140
159
173
146
131
130
146
143
124
124
104
94
55
27
18
36
31
15
-26
-65
-62
-51
-84
-144
-164
-183
-186
-209
-221
-230
-235
-253
-276
-246
-240
-232
-260
-242
-197
-211
-252
-239
-231
-207
-165
-177
-176
-175
-182
-180
-153
-136
-121
-118
-93
-97
-53
-26
-29
-51
-80
-98
-82
-12
29
28
17
4
3
34
52
80
83
62
35
2
30
32
45
89
72
101
101
71
67
30
50
55
64
130
140
84
51
25
38
54
62
95
109
132
129
144
188
183
165
148
149
166
207
221
218
220
174
176
207
233
248
227
174
175
186
203
213
162
130
101
75
47
45
32
-20
-47
-30
-20
-21
-35
-39
-60
-102
-104
-123
-105
-96
-116
-155
-172
-160
-169
