SAMPLES:	9461
BITSPERSAMPLE:	16
CHANNELS:	1
SAMPLERATE:	16000
NORMALIZED:	FALSE
0
0
0
0
0
0
0
0
0
0
0
1
1
1
0
-1
0
0
0
0
0
0
1
-1
-1
0
0
0
0
0
1
0
-1
0
0
0
0
0
0
0
0
-1
0
0
0
0
1
0
0
0
0
0
-1
1
1
0
0
0
0
1
0
0
0
0
0
0
0
0
0
0
0
0
1
0
0
0
0
0
0
1
0
0
0
0
0
0
0
0
1
0
1
0
-1
0
0
0
0
-1
0
0
0
0
0
0
-1
0
0
-1
0
0
0
-1
1
0
0
0
0
0
0
0
0
0
0
0
0
0
-1
0
-1
0
0
0
0
0
0
0
0
0
1
0
0
0
0
0
0
0
0
0
0
0
1
0
0
0
0
0
0
0
0
0
-1
0
0
1
0
0
0
0
0
0
0
1
0
0
0
0
0
0
-1
0
1
0
0
0
0
0
0
0
0
-1
0
0
0
0
0
0
0
0
1
0
-1
0
1
0
0
-1
0
0
0
0
-1
0
0
0
0
1
0
0
0
0
0
0
0
0
-1
0
0
0
0
0
0
0
0
0
1
0
0
0
0
0
1
0
0
1
0
1
-1
0
0
0
0
0
0
0
0
-1
0
-1
-1
0
0
0
0
0
0
0
0
0
0
-1
0
-1
0
0
0
0
0
0
-1
0
0
0
0
0
0
0
0
0
0
0
0
0
0
0
0
0
1
1
0
-1
0
0
0
0
0
0
0
0
0
0
0
0
0
0
0
0
0
0
0
0
0
0
1
0
0
0
0
0
0
0
-1
-1
0
0
0
0
0
-1
-1
0
0
0
-1
1
0
0
-1
0
0
0
0
0
0
0
0
1
0
0
0
1
0
0
0
1
0
1
-1
0
0
0
0
0
1
1
0
0
-1
-1
0
0
0
0
-1
0
0
1
0
0
1
0
0
1
1
2
2
2
2
1
2
2
1
3
2
2
2
3
2
2
1
1
1
1
1
0
0
0
0
-1
0
-1
-1
-1
-1
-1
-1
0
0
-1
-1
0
-1
0
-1
0
-1
-1
0
0
-1
0
0
-1
0
-1
-1
-1
0
-1
-2
0
-2
-1
-1
-1
-2
-1
-1
-2
-2
-1
-2
-2
-2
-2
-2
-1
-2
-2
-2
-2
-2
-1
-1
-2
-1
-1
-1
-2
-1
-1
-1
-1
-1
-1
-1
-1
-1
-2
-2
-2
-2
-2
-2
-2
-3
-3
-2
-2
-2
-2
-1
-1
0
0
0
0
1
1
1
1
1
1
2
1
2
3
2
2
3
3
2
3
3
3
4
4
4
3
4
5
4
5
4
5
5
4
4
6
5
4
6
6
4
5
4
3
3
5
3
3
3
3
2
2
3
1
1
1
0
0
0
0
-2
-1
-1
-3
-4
-3
-5
-5
-3
-5
-6
-6
-6
-6
-6
-6
-8
-7
-7
-7
-7
-7
-6
-7
-6
-5
-5
-6
-5
-5
-6
-3
-3
-4
-2
-1
-4
-1
-1
0
1
0
1
1
1
2
2
0
4
2
1
5
3
4
4
3
3
4
4
7
3
5
6
4
4
6
7
4
3
4
4
4
4
3
1
4
1
2
1
4
1
-1
3
0
1
-2
0
-1
3
-1
1
-1
1
-1
-2
0
2
-1
-2
3
-2
1
-4
-2
-4
0
-2
-4
0
-2
-1
-3
-2
1
-4
-7
0
0
-4
4
-6
-1
4
-4
-3
2
-1
-4
1
-3
4
-2
-5
-4
0
-3
-1
-2
-3
0
-2
-5
-1
3
-7
-1
-1
2
2
-3
-1
-2
-1
-2
-2
-3
5
-2
-2
6
-3
3
1
-4
2
3
-4
4
2
0
5
-1
-1
4
-1
0
6
3
4
3
0
1
4
3
-1
1
-2
4
1
0
1
-1
1
-4
4
-1
6
-1
-1
0
1
3
-5
1
-1
0
0
3
5
-1
-2
3
0
5
2
2
5
5
-2
1
-1
5
-3
-8
7
-1
-3
3
-1
-2
5
-8
-3
3
0
-3
1
-1
3
-4
-9
10
-2
-3
0
1
2
7
-5
-1
4
-5
1
0
2
2
0
0
0
3
2
-4
3
2
-1
1
-1
6
-6
-5
0
-3
1
0
-7
5
0
-4
3
-8
-3
-6
-7
4
1
-1
8
-12
-7
4
-16
-7
-1
-2
3
7
-8
-3
-7
-11
-11
-12
-13
-6
-6
-21
-12
-16
-16
-18
-15
-10
1
-23
-5
4
-23
6
-2
-11
33
-2
20
28
5
13
0
24
5
24
19
16
-3
12
17
-14
13
14
-4
-29
6
-4
-5
-15
-22
-16
-25
-6
-7
5
1
-1
-3
11
21
8
37
32
44
68
52
71
59
79
67
43
68
76
87
50
84
51
12
35
16
26
-3
5
-17
-15
-28
-49
-32
-85
-27
-64
-58
-53
-61
-5
-32
-30
-55
-22
-48
-35
-15
-19
-13
-6
0
-22
2
-39
-19
-11
-44
-31
-52
-54
-87
-49
-79
-102
-67
-79
-60
-96
-52
-44
-72
-22
-52
-40
-3
34
7
28
20
-28
49
26
33
45
71
10
22
50
23
71
13
56
36
8
98
50
56
46
20
60
40
74
49
23
30
-25
-3
10
12
46
26
26
-23
-14
5
-5
15
43
22
18
52
48
67
91
42
77
91
59
111
47
88
43
35
69
-18
24
-19
-48
-39
-73
-88
-149
-96
-98
-133
-80
-169
-61
-57
-108
-56
-124
-49
-129
-66
-28
-67
6
-82
-15
14
-3
13
-11
7
-8
-9
-24
-7
-78
-5
-23
-25
4
9
2
20
9
-12
29
-35
34
-31
60
41
62
82
51
57
22
49
86
97
183
141
127
126
220
116
129
180
72
34
88
-24
-20
-13
-130
-144
-188
-202
-227
-230
-201
-231
-283
-251
-287
-223
-209
-179
-167
-148
-91
-46
-8
157
102
121
135
165
153
196
208
116
256
99
232
175
174
158
83
87
15
10
27
-149
-20
-177
-99
-244
-132
-303
-174
-277
-234
-249
-249
-110
-244
-5
-106
66
-26
123
1
180
63
229
-6
172
40
35
78
-102
66
-139
17
-75
60
62
189
194
312
335
392
454
525
586
634
624
652
727
656
825
761
765
696
631
433
378
171
60
-100
-269
-341
-548
-622
-760
-881
-910
-956
-941
-959
-913
-882
-884
-769
-767
-650
-546
-463
-356
-298
-123
-105
-22
61
72
95
98
176
168
133
81
8
-33
-121
-123
-220
-292
-383
-414
-530
-558
-606
-660
-692
-773
-739
-753
-663
-530
-328
-202
-47
34
116
218
305
444
594
699
818
895
1057
1163
1292
1375
1409
1489
1551
1651
1686
1734
1781
1820
1741
1687
1586
1439
1257
1068
801
545
261
-19
-384
-663
-841
-1157
-1359
-1518
-1555
-1660
-1634
-1539
-1509
-1332
-1132
-915
-711
-521
-370
-199
-24
95
209
211
250
209
204
200
198
230
202
112
13
-144
-295
-372
-501
-540
-619
-710
-826
-862
-955
-1023
-1066
-1184
-1198
-1254
-1267
-1302
-1270
-1232
-1226
-1217
-1154
-1145
-1095
-1011
-861
-676
-517
-235
9
224
433
609
713
856
993
1092
1182
1299
1399
1461
1611
1717
1873
1986
2227
2393
2596
2846
2939
3121
3253
3229
3193
3056
2844
2560
2235
1842
1327
756
192
-434
-1023
-1641
-2126
-2645
-2994
-3297
-3352
-3366
-3281
-3092
-2915
-2620
-2424
-2056
-1683
-1256
-886
-511
-241
-18
195
327
456
554
643
733
776
820
830
812
695
617
596
566
596
602
583
482
369
170
-56
-337
-602
-887
-1238
-1422
-1720
-1944
-2180
-2404
-2573
-2808
-2888
-3006
-2891
-2801
-2536
-2271
-1941
-1563
-1292
-896
-592
-197
74
462
772
1004
1308
1512
1739
1852
2076
2259
2453
2703
2961
3222
3388
3699
3853
4130
4183
4286
4290
4247
4224
4016
3854
3480
3118
2537
1995
1317
640
-123
-802
-1587
-2184
-2721
-3164
-3434
-3713
-3789
-3968
-3872
-3681
-3399
-3086
-2588
-2223
-1807
-1341
-1008
-694
-396
-88
43
243
400
494
535
629
675
717
786
763
859
904
988
1021
961
888
703
523
302
79
-228
-611
-947
-1353
-1712
-2036
-2355
-2664
-2916
-3138
-3295
-3373
-3374
-3301
-3259
-3049
-2845
-2656
-2353
-2073
-1744
-1446
-1120
-817
-506
-175
124
387
683
955
1274
1539
1929
2260
2610
3041
3414
3826
4237
4573
4943
5222
5490
5689
5767
5831
5713
5613
5241
4863
4345
3722
3014
2287
1347
591
-393
-1163
-1922
-2716
-3226
-3896
-4129
-4488
-4487
-4563
-4389
-4149
-3847
-3427
-3031
-2555
-2077
-1685
-1247
-871
-564
-280
-124
113
259
421
509
603
728
769
895
954
976
947
933
752
677
480
222
14
-321
-601
-981
-1299
-1633
-1984
-2267
-2548
-2775
-2923
-3097
-3157
-3191
-3211
-3133
-3072
-2935
-2787
-2570
-2401
-2080
-1834
-1516
-1161
-856
-514
-192
98
420
791
1161
1554
1928
2329
2770
3214
3764
4213
4706
5078
5419
5829
6119
6321
6441
6453
6358
6222
5871
5594
5098
4596
3916
3176
2377
1556
728
-114
-1069
-1843
-2771
-3460
-4054
-4500
-4845
-5099
-5177
-5162
-4919
-4669
-4160
-3702
-3239
-2653
-2095
-1630
-1102
-807
-407
-174
61
153
158
182
194
250
208
211
138
115
145
122
7
-149
-229
-410
-568
-783
-1010
-1316
-1464
-1894
-2139
-2378
-2930
-3130
-3509
-3836
-3967
-4161
-4129
-4117
-4028
-3725
-3443
-3086
-2588
-2119
-1530
-984
-543
54
632
1163
1901
2358
2902
3382
3780
4328
4686
5137
5455
5647
6008
6373
6621
7011
7188
7399
7525
7663
7638
7254
6978
6270
5575
4637
3517
2255
1034
-400
-1678
-2982
-4034
-5099
-5822
-6229
-6530
-6472
-6195
-5614
-4823
-3988
-3141
-2285
-1523
-784
-174
221
514
734
682
777
559
417
286
-23
-243
-501
-683
-774
-785
-1057
-1052
-1072
-1108
-1086
-1027
-1109
-1200
-1291
-1707
-1839
-2293
-2796
-3334
-3761
-4318
-4684
-4892
-5269
-5399
-5483
-5343
-5157
-4704
-4262
-3608
-3029
-2146
-1330
-553
335
1255
1894
2578
3383
3780
4294
4659
4998
5317
5712
5970
6427
6855
7154
7620
7760
8173
8423
8426
8350
7891
7395
6648
5481
4173
2762
1066
-578
-2212
-3731
-5109
-6216
-6953
-7341
-7475
-7309
-6603
-5955
-4701
-3631
-2448
-1305
-365
642
1267
1979
2227
2326
2306
2119
1825
1362
917
383
-97
-450
-731
-930
-960
-791
-724
-518
-279
-134
60
-18
1
-202
-533
-885
-1461
-2228
-3122
-3882
-4899
-5742
-6350
-6991
-7411
-7863
-7804
-7637
-7373
-6659
-5973
-5074
-4018
-2850
-1842
-524
607
1731
2792
3501
4437
5149
5875
6321
6856
7316
7669
8318
8592
9109
9436
9542
9710
9449
9226
8589
7810
6704
5356
3960
2401
729
-892
-2431
-3976
-5244
-6323
-7035
-7348
-7451
-7163
-6609
-5783
-4878
-3749
-2467
-1255
-75
961
1870
2442
2856
3069
3043
2858
2321
1727
1081
448
-196
-551
-1019
-1233
-1271
-1355
-1032
-904
-517
-294
-33
8
99
-29
-311
-692
-1347
-2266
-3169
-4131
-5106
-5841
-6617
-7132
-7548
-7821
-7676
-7422
-6897
-6194
-5448
-4418
-3383
-2202
-1087
63
1189
2250
3207
4240
5221
6162
6868
7649
8311
8782
9194
9380
9426
9293
8949
8523
7893
7025
6138
4811
3768
2426
1092
-318
-1672
-2814
-4174
-5080
-5929
-6426
-6594
-6629
-6357
-5795
-5115
-4216
-3145
-2133
-1048
-88
879
1675
2278
2588
2805
2679
2392
1978
1455
935
348
-128
-546
-773
-924
-878
-764
-449
-97
133
429
635
704
668
338
-166
-921
-1659
-2584
-3561
-4490
-5364
-5931
-6585
-6723
-6744
-6706
-6075
-5552
-4670
-3751
-2821
-1767
-727
342
1355
2398
3299
4457
5319
6115
7035
7739
8316
8856
9071
9193
9015
8788
8287
7585
6754
5614
4469
3190
1799
327
-1048
-2427
-3670
-4824
-5776
-6541
-7177
-7353
-7366
-7093
-6519
-5830
-4874
-3833
-2685
-1573
-364
717
1606
2350
2934
3267
3333
3253
2957
2443
1829
1226
640
-58
-583
-1081
-1222
-1347
-1334
-1153
-985
-588
-468
-138
-6
-101
-294
-627
-1060
-1623
-2375
-3201
-3953
-4793
-5364
-5833
-6111
-6240
-6092
-5817
-5322
-4612
-3704
-2723
-1690
-484
581
1740
2917
4051
5135
6310
7317
8367
9231
10047
10744
11178
11249
11230
10781
10171
9220
8073
6654
5089
3308
1459
-303
-2021
-3648
-5263
-6497
-7685
-8570
-9086
-9342
-9230
-9012
-8307
-7448
-6340
-5190
-3781
-2516
-1195
-42
972
1928
2622
3061
3322
3403
3329
3042
2747
2353
1829
1320
812
387
69
-218
-359
-578
-788
-807
-1044
-1157
-1392
-1830
-2253
-2819
-3394
-4003
-4841
-5338
-6009
-6646
-6838
-7072
-7009
-6826
-6382
-5667
-4877
-3828
-2785
-1374
-70
1375
2784
4139
5547
6873
8308
9587
10779
11938
12776
13696
14084
14295
14218
13585
12884
11526
10050
8142
6018
3855
1428
-702
-2909
-4992
-6845
-8620
-9963
-11183
-11908
-12328
-12411
-12116
-11453
-10522
-9421
-7960
-6542
-4888
-3310
-1769
-477
730
1687
2385
2890
3147
3365
3303
3232
3097
2903
2760
2535
2303
2150
1969
1801
1647
1515
1138
849
285
-244
-1087
-1924
-2885
-3905
-5081
-6058
-7054
-7969
-8661
-9226
-9406
-9419
-8917
-8340
-7363
-6224
-4836
-3364
-1591
187
2034
3838
5655
7417
9099
10868
12264
13766
14943
15969
16743
17062
17153
16802
16047
15091
13567
11770
9702
7319
4823
2248
-212
-2681
-4969
-7101
-9016
-10554
-11961
-12677
-13246
-13243
-12906
-12399
-11339
-10207
-8871
-7440
-5935
-4509
-3298
-2162
-1328
-476
-123
340
427
567
645
610
753
735
774
911
988
1170
1419
1674
2016
2232
2130
2067
1873
1412
638
-91
-1095
-2207
-3325
-4512
-5622
-6711
-7633
-8369
-8927
-9084
-9029
-8634
-7895
-6998
-5770
-4454
-2752
-1145
793
2615
4598
6388
8274
10176
11550
13378
14367
15676
16279
16684
16851
16505
15962
14971
13543
12135
10001
7928
5724
3417
1063
-1286
-3306
-5337
-6944
-8489
-9623
-10190
-10838
-10748
-10732
-9985
-9258
-8640
-7432
-6309
-5342
-4463
-3511
-2959
-2263
-2144
-1810
-1525
-1432
-1339
-1363
-1198
-1118
-968
-948
-722
-543
-375
-61
210
523
732
803
687
606
32
-351
-1042
-1817
-2565
-3486
-4403
-4973
-5959
-6365
-6755
-7012
-7042
-6699
-6295
-5526
-4596
-3671
-2199
-1017
457
2036
3587
5300
6943
8367
10229
11593
12831
14279
14948
15681
15976
15922
15711
14916
13767
12314
10653
8392
6370
4051
1686
-621
-3008
-4895
-6393
-8066
-9022
-9866
-10096
-10189
-9952
-9311
-8327
-7285
-6276
-5206
-3956
-2936
-2152
-1489
-785
-494
-484
-283
-497
-460
-654
-937
-1013
-1270
-1452
-1577
-1607
-1588
-1531
-1316
-1150
-1088
-1065
-1107
-1333
-1789
-2374
-2819
-3570
-4227
-5183
-5972
-6648
-7554
-8064
-8296
-8345
-8204
-7784
-7125
-6075
-4862
-3528
-1947
-365
1341
3299
4947
6803
8498
9863
11505
12585
13675
14720
15392
15866
15936
15833
15491
14861
13634
12324
10792
8749
6800
4518
2217
-14
-2412
-4502
-6066
-7673
-8563
-9442
-9858
-9837
-9585
-9016
-8012
-6961
-5802
-4448
-3297
-2042
-1066
-328
513
844
1081
1126
1045
743
396
13
-338
-648
-1165
-1442
-1698
-1717
-1759
-1636
-1456
-1317
-1339
-1406
-1732
-2206
-2760
-3448
-4199
-5060
-5879
-6769
-7824
-8830
-9615
-10235
-10530
-10437
-10096
-9204
-8253
-6846
-5123
-3136
-901
1092
3472
5509
7802
9688
11265
12997
14154
14963
15885
16286
16456
16404
16078
15548
14534
13463
11966
10419
8624
6740
4900
2791
522
-1599
-3632
-5163
-6773
-7947
-8644
-9164
-9246
-9181
-8723
-8102
-7319
-6338
-5367
-4011
-2845
-1712
-929
-50
580
805
981
911
786
503
16
-321
-789
-1179
-1675
-1903
-2158
-2080
-2008
-2054
-1621
-1739
-1525
-1603
-2018
-2521
-3065
-3686
-4283
-5073
-5878
-6797
-7831
-8905
-9620
-10386
-10848
-10699
-10496
-9636
-8311
-7008
-4965
-2789
-807
1895
4031
6441
8526
10250
12238
13706
14686
15805
16383
16690
16723
16432
16121
15363
14148
12654
11295
9395
7596
5662
3748
1979
-269
-2239
-3754
-5242
-6604
-7402
-7982
-7952
-7913
-7941
-7148
-6620
-5996
-5218
-4326
-3279
-2224
-1438
-549
490
625
981
847
650
719
100
-285
-601
-1213
-1679
-2000
-2347
-2546
-2521
-2803
-2489
-2479
-2501
-2336
-2740
-2964
-3452
-3920
-4265
-4757
-5470
-6097
-6779
-7820
-8494
-9238
-9828
-10104
-10193
-9693
-8740
-7645
-6051
-4221
-2181
-80
2254
4734
6723
8904
10651
12564
13960
15162
16207
16798
16956
16782
16332
15885
14777
13458
11807
10303
8052
6282
4326
2344
512
-1582
-3319
-4725
-6047
-7142
-7758
-8004
-7924
-7717
-7220
-6351
-5436
-4684
-3690
-2725
-1702
-725
-19
915
1497
1768
1827
1744
1443
1033
560
-84
-610
-1271
-1770
-2162
-2469
-2702
-2854
-2895
-2727
-2808
-2841
-2750
-3287
-3579
-4025
-4614
-5101
-5844
-6533
-7335
-8043
-8975
-9453
-9932
-10385
-10213
-10145
-9312
-8359
-7279
-5304
-3327
-1319
1007
3419
5618
7747
9718
11536
13019
14456
15285
16065
16477
16371
16245
15692
14917
13859
12258
10775
9083
7030
5397
3452
1373
-440
-2440
-4367
-5665
-7199
-8271
-8550
-8945
-8695
-8032
-7461
-6204
-5162
-4024
-2690
-1472
-427
911
1587
2377
2793
2844
2858
2586
2142
1542
1042
113
-483
-1399
-1836
-2415
-2940
-3049
-3154
-3181
-2832
-2825
-2819
-2692
-2959
-3314
-3621
-4159
-4976
-5586
-6844
-7782
-8546
-9537
-9997
-10486
-10590
-10462
-10162
-9632
-8659
-7479
-6051
-4063
-2112
300
2701
5292
7415
9839
11540
13428
14871
15863
16657
17133
16951
17139
16738
15837
15282
13529
12072
10324
8211
6517
4488
2271
385
-2082
-4087
-5722
-7679
-8971
-9628
-10352
-10350
-9789
-9280
-7914
-6530
-5550
-3609
-2393
-763
773
1766
3081
3638
3877
4017
3921
3346
3082
2364
1527
1108
2
-759
-993
-1989
-2002
-2307
-2450
-2251
-2450
-2547
-2587
-3068
-3519
-3967
-4797
-5447
-6543
-7725
-8674
-9750
-10953
-11245
-12029
-12079
-11901
-11677
-10985
-9993
-9049
-7555
-5812
-4020
-1515
778
3416
6189
8376
10785
12846
14587
15912
16818
17560
17738
17599
17274
16980
16226
15130
13596
11872
10053
7935
5861
3875
1724
-455
-2801
-4796
-6559
-8160
-9270
-10346
-10546
-10621
-10132
-9530
-8183
-6763
-5592
-3631
-2542
-543
903
2042
3411
3992
4606
4536
4326
3752
3233
2363
1561
929
-251
-771
-1408
-1785
-1940
-1925
-2000
-1925
-1832
-2128
-2011
-2565
-3152
-3629
-4539
-5452
-6369
-7503
-8547
-9530
-10490
-11067
-11364
-11685
-11445
-11102
-10399
-9472
-8181
-6839
-4854
-2835
-664
1945
4295
6793
9020
11154
13067
14583
15940
16756
17353
17507
17420
16895
16429
15747
14681
13284
11535
9974
7982
6043
3959
1918
-261
-2324
-4687
-6229
-7886
-9426
-10383
-11033
-11033
-10778
-10116
-9093
-7607
-6342
-4830
-3038
-1633
313
1343
2566
3472
3703
3890
3400
2958
2103
1235
429
-483
-1410
-1942
-2462
-2842
-2868
-2887
-2766
-2527
-2398
-2483
-2382
-2773
-3259
-3564
-4360
-4867
-5837
-6579
-7485
-8225
-8971
-9673
-9910
-10442
-10266
-10229
-9626
-8899
-7858
-6408
-4608
-2752
-638
1927
4096
6396
8658
10759
12602
14247
15274
16546
17091
17375
17486
17127
16710
16077
14891
13759
12097
10585
8766
6819
4820
2806
773
-1400
-3482
-5536
-7272
-8991
-10237
-11003
-11339
-11329
-10644
-9953
-8532
-7038
-5589
-3560
-1969
-15
1676
2826
3864
4486
4626
4412
4023
3114
2189
1080
-272
-877
-2037
-2710
-3297
-3651
-4001
-4135
-4109
-3993
-4005
-4133
-4033
-4346
-4548
-4726
-5149
-5591
-6124
-6747
-7452
-8078
-8895
-9426
-9945
-10365
-10403
-10297
-9871
-9151
-8056
-6624
-4830
-2860
-656
1797
4297
6663
9334
11198
13661
15075
16552
17898
18609
19084
19079
19410
18365
17746
16418
14863
13246
11037
9126
7141
4619
2811
190
-1506
-3819
-5808
-7242
-8796
-9632
-10657
-10556
-10623
-10116
-9229
-8332
-6387
-5170
-3378
-1325
235
1984
2968
4211
4490
5057
4496
4136
3632
2301
1477
192
-564
-1477
-2287
-2861
-3274
-3822
-4185
-4361
-4612
-4655
-4975
-5201
-5250
-5705
-6059
-6442
-7011
-7716
-8274
-9278
-9884
-10580
-11330
-11644
-11865
-11986
-11810
-11188
-10530
-8995
-7697
-5733
-3463
-1413
1311
3772
6484
9042
11279
13688
15519
17055
18442
19375
19975
20097
20034
19468
18652
17458
15814
14105
12014
9737
7494
5088
2844
420
-1742
-3544
-5739
-7087
-8775
-9552
-10225
-10616
-10336
-10023
-9033
-7961
-6361
-4677
-3140
-1253
260
2082
3161
4120
4914
4964
5209
4559
4163
3242
2392
1227
380
-424
-1474
-2020
-2888
-3537
-3909
-4728
-4963
-5234
-5656
-5627
-6041
-6191
-6408
-6880
-7181
-7535
-8140
-8643
-9245
-9753
-10287
-10566
-11022
-11028
-11114
-10769
-10104
-9415
-8028
-6687
-4970
-2893
-984
1498
4014
6405
8835
11239
13380
15083
16797
17706
18802
18941
19095
18890
18464
17477
16474
15023
13377
11734
9435
7637
5618
3416
1512
-409
-2201
-3686
-5522
-6662
-7659
-8485
-8995
-9224
-9055
-8471
-7684
-6661
-5092
-3669
-2434
-694
505
1922
2728
3298
3654
3428
3109
2604
1857
807
-116
-1243
-2181
-2988
-4058
-4549
-5035
-5563
-5660
-5988
-5759
-5677
-5494
-5092
-4929
-4722
-4739
-4718
-4907
-5101
-5694
-6366
-6919
-7937
-8567
-9124
-10007
-9921
-10580
-10206
-9778
-9166
-7774
-6525
-4571
-2491
-198
2149
4885
7341
9744
12087
13914
15707
16932
17912
18600
18474
18499
17669
17365
16149
14828
13741
12050
10724
8614
7113
5636
3782
2198
685
-681
-2245
-3639
-4824
-5962
-6640
-7825
-8370
-8359
-8531
-8259
-7741
-6547
-5453
-4631
-3178
-1706
-640
372
1285
2020
2084
2141
1858
1703
764
-295
-982
-2112
-2912
-4024
-4556
-5115
-5529
-5879
-5751
-5494
-5421
-5053
-4540
-4272
-3893
-3838
-3834
-3741
-4285
-4654
-5344
-6039
-6829
-7782
-8452
-9111
-9456
-9856
-9815
-9122
-8473
-6995
-5777
-3355
-1192
1000
3588
6051
8686
10776
12589
14591
15814
16694
17267
17533
17758
16781
16377
15375
14339
13100
11505
10563
9080
7618
5987
4873
3886
2095
1133
-181
-1202
-2387
-3949
-4658
-5756
-6686
-7707
-8350
-8402
-8717
-8662
-8069
-7255
-6448
-5424
-4066
-2730
-1541
-565
531
1464
1540
1799
1708
1444
682
-184
-886
-1861
-2703
-3633
-3964
-4391
-4921
-4949
-4823
-4509
-4268
-4131
-3477
-3400
-3169
-3091
-3022
-3263
-3699
-4225
-4861
-5356
-6527
-7067
-7585
-8544
-8794
-9031
-8881
-8399
-7867
-6544
-5038
-3422
-1211
877
3218
5745
7772
9829
11492
13286
14277
15318
15835
15978
16139
15582
15334
14546
13626
12977
11795
10900
9788
8579
7642
6070
5132
3548
2389
622
-683
-2217
-4028
-5240
-6851
-7945
-9061
-10049
-10423
-10741
-10561
-10262
-9453
-8331
-7152
-5580
-4246
-2486
-1071
128
1457
2164
2758
2875
2785
2461
1708
875
-47
-1051
-2050
-3126
-3866
-4564
-5107
-5283
-5338
-5186
-4877
-4521
-4116
-3597
-3063
-2786
-2631
-2372
-2456
-2669
-2933
-3369
-3810
-4403
-4936
-5353
-5786
-5887
-6012
-5672
-5319
-4485
-3663
-2433
-845
679
2578
4490
6164
8176
9648
10911
12225
12974
13384
13921
13696
13634
13417
12710
12438
11604
11147
10573
9798
9355
8593
7739
6904
5704
4537
3278
1796
-177
-1818
-3638
-5595
-7142
-9198
-10283
-11567
-12579
-12765
-13117
-12517
-11843
-10641
-9180
-7351
-5502
-3800
-1781
-254
1395
2361
3160
3625
3559
3244
2722
1816
646
-374
-1568
-2775
-3600
-4699
-5206
-5470
-5713
-5495
-5253
-4658
-3977
-3122
-2453
-1669
-1298
-668
-294
-396
-463
-647
-1250
-1811
-2367
-3153
-3678
-4294
-4508
-4583
-4584
-4123
-3448
-2500
-1395
148
1599
3185
4986
6459
8129
9275
10331
11047
11569
11848
11539
11530
10688
10388
9474
8704
8161
7077
6725
5826
5496
4822
4056
3619
2846
2221
1285
25
-749
-2390
-3564
-5197
-6649
-7548
-9141
-9746
-10708
-10773
-10735
-10500
-9448
-8466
-6745
-5378
-3574
-1594
-165
1716
2579
3941
4267
4335
4161
3516
2825
1422
267
-1014
-2247
-3306
-4212
-4905
-5135
-5286
-4805
-4510
-3566
-2800
-1717
-644
314
1464
2269
2737
3137
3254
3077
2688
2086
1149
99
-873
-1945
-2946
-3802
-4466
-4945
-4791
-4780
-4106
-3530
-2466
-1313
-379
1056
2204
3236
4228
5007
5892
6212
6671
6949
6793
6929
6703
6690
6445
6096
6291
5800
5976
5573
5445
5486
4791
4613
3871
3400
2382
1361
425
-1185
-2350
-4042
-5498
-6693
-8298
-8825
-9664
-9920
-9656
-9277
-8349
-7232
-5660
-4066
-2185
-475
957
2380
3302
4281
4264
4192
3921
2730
1605
252
-1145
-2486
-3775
-4702
-5203
-5483
-5309
-4672
-3620
-2545
-1041
289
1859
3473
4202
5373
5957
6190
6235
5738
5149
3979
2822
1440
-34
-1539
-3279
-4437
-5780
-6621
-7392
-7934
-7919
-7764
-7128
-6392
-5343
-4205
-3256
-1706
-607
406
1496
2246
3015
3499
3825
4207
4313
4441
4691
4752
5164
5301
5808
6196
6610
7147
7506
7871
8141
7994
7741
7440
6428
5521
4175
2752
926
-760
-2713
-4396
-6104
-7518
-8422
-9291
-9260
-9213
-8592
-7640
-6463
-4975
-3340
-1574
-341
1091
1915
2790
3184
2988
2769
2069
1249
125
-825
-1934
-2792
-3351
-3571
-3363
-2940
-1972
-645
849
2472
4276
5908
7325
8416
9202
9668
9215
8574
7415
5794
3982
1866
-327
-2697
-4609
-6921
-8604
-10043
-11196
-11959
-12475
-12242
-12073
-11244
-10494
-9289
-8011
-6635
-5399
-4007
-2654
-1595
-510
446
1338
1989
2634
3155
3697
4147
4611
5259
5716
6526
6987
7962
8640
9206
10099
10383
10883
10621
10729
9944
8945
7952
6127
4452
2366
380
-1823
-4024
-5590
-7614
-8667
-9488
-9982
-10017
-9458
-8483
-7255
-5676
-3956
-2180
-350
1316
2860
4044
4876
5458
5446
5439
4792
4015
3021
1749
706
-351
-1104
-1708
-1982
-1882
-1464
-731
122
1223
2472
3323
4183
4854
5304
5268
4506
3700
2349
615
-1357
-3392
-5382
-7538
-9574
-10993
-12287
-13401
-13794
-13971
-13761
-13189
-12255
-11086
-9836
-8353
-6825
-5290
-3857
-2433
-1178
-202
799
1406
2105
2568
2856
3574
3912
4411
5008
5468
6543
7387
8414
9413
10453
11748
12323
13550
14081
14381
14526
13867
13411
12016
10306
8345
6035
3611
973
-1178
-3812
-5690
-7348
-8883
-9171
-9736
-9310
-8505
-7310
-5610
-3901
-1737
160
2198
3771
5153
6292
6669
7058
6388
5660
4679
3062
1433
-390
-1968
-3355
-4611
-5356
-5642
-5748
-5232
-4386
-3348
-2063
-681
527
1520
2370
2778
2817
2317
1362
24
-1695
-3573
-5587
-7799
-9778
-11584
-13298
-14013
-14762
-15011
-14656
-13965
-12822
-11643
-10086
-8360
-6797
-5048
-3451
-2114
-873
252
1023
1531
2355
2610
3141
3448
3948
4367
4938
5757
6516
7353
8233
9376
10152
11526
12396
13518
14261
14870
15425
15355
15138
14468
13349
11988
10356
8235
5932
3850
1614
-483
-2316
-4054
-5235
-6313
-6644
-6661
-6446
-5713
-4978
-3616
-2613
-1282
-85
903
2050
2293
2989
2821
2779
2333
1180
555
-903
-1990
-3136
-4071
-4971
-5801
-6070
-6114
-5856
-5384
-4861
-3881
-3133
-2073
-1282
-744
-36
-114
-264
-781
-1551
-2793
-4064
-5638
-7201
-8784
-10232
-11485
-12280
-13052
-13032
-12892
-12335
-11396
-10337
-8816
-7296
-5784
-4296
-2760
-1449
-351
734
1355
2178
2806
3111
3912
4293
5118
5680
6436
7281
8038
8944
9742
10433
11017
11537
11908
12274
12633
12918
13007
13424
13324
13731
13711
13539
13420
12663
12181
10912
9643
8069
6315
4589
2256
340
-1769
-3439
-4922
-6467
-7315
-8181
-8557
-8527
-8399
-7821
-7136
-6200
-5165
-3995
-3158
-2197
-1402
-878
-578
-540
-831
-1225
-1873
-2712
-3513
-4448
-5502
-6352
-7087
-7485
-7735
-7876
-7767
-7351
-6897
-6019
-5183
-4646
-3682
-3178
-2533
-2318
-2338
-2275
-2866
-3428
-4377
-5297
-6259
-7347
-8083
-8921
-9198
-9373
-9007
-8351
-7316
-6279
-4718
-3075
-1622
82
1360
2685
3450
4238
4652
4948
5191
5100
5206
5166
5359
5901
6335
6869
7347
7966
8896
9466
10058
10475
10685
11167
11019
11528
11421
11558
11773
11925
12268
12308
12629
12612
12315
11904
10958
9899
8441
6601
4606
2385
207
-2119
-4172
-6059
-7697
-9056
-9954
-10407
-10502
-10253
-9723
-8786
-7600
-6365
-5138
-3910
-2814
-1970
-1238
-993
-1093
-1376
-2149
-3007
-4321
-5504
-6920
-8370
-9343
-10377
-10819
-11195
-11170
-10515
-9525
-8324
-6886
-5094
-3593
-1942
-530
717
1680
1984
2268
1995
1423
640
-432
-1628
-2804
-3946
-4732
-5299
-5603
-5536
-5143
-4320
-3251
-2135
-691
698
1873
3171
3859
4507
5015
4963
5024
4731
4367
3962
3508
3363
3150
3282
3325
3648
4004
4380
4999
5402
6015
6344
6575
6923
6991
7461
7607
7824
8323
8598
9036
9520
10008
10304
10557
10543
10373
10110
9229
8325
7039
5464
3855
1760
-91
-2185
-4209
-5892
-7453
-8812
-9711
-10317
-10638
-10588
-10411
-9627
-8942
-8044
-7120
-6294
-5495
-4877
-4346
-4385
-4435
-4821
-5404
-6000
-6984
-7816
-8524
-9089
-9267
-9347
-9035
-8334
-7275
-5971
-4460
-2729
-952
764
2405
3882
5025
5800
6295
6293
6093
5488
4468
3255
1922
470
-994
-2356
-3611
-4432
-5146
-5536
-5463
-5078
-4463
-3562
-2649
-1430
-363
605
1574
2270
3032
3312
3561
3709
3706
3678
3609
3333
3471
3451
3501
3581
3461
3839
3788
3939
3970
3972
4235
4251
4496
4651
5050
5368
5904
6682
7142
7965
8629
9434
10180
10355
10639
10645
10293
9685
8693
7367
5756
3952
1852
-129
-2403
-4508
-6436
-8267
-9614
-10820
-11727
-12244
-12251
-12093
-11552
-10817
-9834
-8669
-7663
-6366
-5311
-4370
-3519
-3082
-2616
-2514
-2629
-2685
-3076
-3435
-3895
-4185
-4260
-4242
-4060
-3742
-3024
-2148
-1211
3
1099
2390
3336
4160
4915
5177
5269
5070
4684
3858
3155
2044
1030
25
-1064
-2038
-2763
-3519
-4083
-4335
-4496
-4322
-4145
-3617
-3048
-2441
-1595
-802
-93
440
1091
1391
1818
1829
1689
1691
1395
1298
1165
1148
1119
1380
1744
2197
2945
3349
4113
4793
5242
5847
5877
6106
6025
5817
5433
4986
4432
4084
3619
3496
3452
3471
3855
4165
4872
5157
5593
5936
5876
5681
5004
4145
2864
1303
-399
-2354
-4231
-6260
-7980
-9494
-10772
-11524
-12147
-12020
-11730
-10928
-9718
-8497
-6942
-5515
-4008
-2500
-1411
-303
283
707
812
882
476
69
-345
-1023
-1291
-1656
-1689
-1652
-1358
-881
-148
705
1595
2538
3409
4267
4968
5588
5948
6010
6026
5623
5217
4400
3416
2371
1234
-91
-1378
-2576
-3810
-4798
-5720
-6210
-6600
-6582
-6391
-5863
-5286
-4461
-3450
-2605
-1686
-826
-260
355
806
1131
1167
1395
1336
1419
1469
1542
1854
2154
2422
3044
3449
4093
4640
4952
5319
5471
5453
5226
4888
4221
3611
2792
2054
1222
512
27
-276
-381
-294
76
658
1470
2309
3286
4321
5034
5842
6270
6509
6351
5763
4817
3620
1916
150
-1899
-3892
-6112
-7990
-9588
-10981
-11971
-12580
-12705
-12411
-11703
-10574
-9253
-7575
-6015
-4263
-2644
-1042
341
1364
2193
2729
2988
2949
2807
2368
1835
1256
778
471
177
91
288
719
1390
2049
2988
3862
4860
5685
6344
6999
7228
7233
6967
6445
5716
4624
3449
2230
807
-480
-1738
-2764
-3716
-4502
-4910
-5246
-5231
-5136
-4955
-4621
-4333
-3951
-3731
-3459
-3260
-3239
-3274
-3244
-3367
-3559
-3479
-3404
-3170
-2928
-2333
-1774
-981
-114
711
1764
2510
3235
3861
4371
4569
4534
4367
3840
3344
2469
1669
854
3
-712
-1333
-1673
-1797
-1644
-1246
-549
429
1307
2469
3693
4824
5755
6539
7005
7171
7084
6713
5815
4696
3249
1633
107
-1831
-3335
-5095
-6497
-7558
-8538
-8871
-9068
-8828
-8322
-7456
-6384
-5086
-3680
-2343
-717
448
1700
2689
3418
4118
4363
4464
4390
4077
3701
3217
2722
2251
1961
1588
1332
1430
1434
1811
2132
2636
3144
3662
4249
4703
5065
5071
5190
4774
4379
3712
2691
1886
568
-485
-1659
-2743
-3641
-4513
-5053
-5575
-5634
-5738
-5497
-5182
-4824
-4322
-3809
-3319
-3046
-2672
-2549
-2462
-2462
-2675
-2888
-3157
-3428
-3549
-3705
-3703
-3688
-3377
-2854
-2267
-1658
-963
-216
531
1347
1832
2200
2426
2345
2049
1611
1015
157
-819
-1733
-2698
-3507
-4144
-4666
-4699
-4683
-4328
-3625
-2721
-1490
-301
1088
2543
3892
5333
6501
7510
8460
8869
9459
9364
9454
8993
8324
7809
6647
5881
4647
3479
2356
1237
111
-803
-1701
-2468
-3169
-3679
-4113
-4435
-4478
-4669
-4476
-4361
-3915
-3466
-2889
-2206
-1613
-561
131
1106
1922
2778
3602
4271
4985
5418
5999
6102
6281
6268
6110
5978
5457
5092
4461
3878
3279
2549
1945
1336
824
290
-110
-626
-923
-1211
-1540
-1904
-2170
-2493
-2816
-3140
-3643
-4028
-4577
-5022
-5511
-5972
-6313
-6689
-6966
-7097
-7150
-7080
-6867
-6569
-6230
-5785
-5325
-4760
-4294
-3717
-3269
-2846
-2436
-2163
-1811
-1499
-1260
-881
-722
-308
-80
406
711
1105
1437
1560
1827
1760
1673
1426
991
469
-199
-916
-1677
-2416
-3142
-3833
-4282
-4613
-4713
-4576
-4400
-3783
-3116
-2230
-1161
-121
1057
2243
3340
4493
5500
6405
7258
7912
8469
8952
9223
9458
9332
9322
9014
8507
8115
7246
6589
5590
4703
3578
2573
1540
486
-318
-1167
-1802
-2241
-2557
-2610
-2557
-2285
-1895
-1378
-718
-63
663
1346
1908
2429
2787
3064
3207
3115
3023
2662
2328
1896
1407
855
336
-191
-628
-940
-1247
-1307
-1416
-1424
-1333
-1231
-1046
-926
-814
-774
-710
-843
-983
-1264
-1654
-2106
-2606
-3227
-3767
-4424
-4922
-5391
-5784
-5957
-6147
-6093
-5960
-5732
-5373
-5012
-4546
-4156
-3769
-3404
-3180
-2931
-2882
-2813
-2898
-3002
-3094
-3251
-3356
-3425
-3366
-3355
-3155
-2966
-2647
-2219
-1846
-1351
-892
-368
42
430
720
995
1089
1134
1130
934
799
551
308
137
-108
-162
-197
-18
168
494
976
1553
2217
2914
3616
4280
4959
5526
6078
6421
6756
6970
7081
7230
7185
7316
7366
7432
7492
7593
7708
7844
7866
7861
7777
7510
7192
6602
6075
5254
4364
3325
2202
1190
49
-917
-1876
-2625
-3300
-3688
-3896
-3999
-3787
-3566
-3059
-2517
-1896
-1228
-682
-80
308
711
1003
1083
1145
927
733
363
-22
-467
-992
-1448
-2022
-2390
-2737
-3078
-3284
-3478
-3480
-3470
-3404
-3329
-3169
-3013
-2873
-2734
-2721
-2654
-2735
-2740
-2876
-3015
-3189
-3383
-3547
-3799
-3930
-4210
-4264
-4527
-4650
-4693
-4900
-4854
-5062
-5030
-5132
-5202
-5293
-5344
-5332
-5396
-5394
-5405
-5249
-5131
-4921
-4596
-4288
-3812
-3268
-2664
-1877
-1159
-263
565
1437
2283
3087
3888
4456
5007
5386
5614
5788
5743
5561
5323
4908
4497
4001
3468
3079
2623
2346
2061
1996
2019
2184
2442
2795
3231
3693
4178
4634
5055
5385
5670
5766
5902
5824
5745
5563
5369
5114
4878
4699
4512
4381
4272
4167
4046
3917
3650
3430
3021
2561
1980
1256
590
-239
-986
-1737
-2426
-2921
-3430
-3586
-3725
-3593
-3281
-2865
-2316
-1710
-1071
-349
247
786
1205
1465
1611
1543
1356
991
562
1
-658
-1330
-1970
-2659
-3238
-3722
-4130
-4400
-4662
-4693
-4757
-4629
-4523
-4354
-4126
-3968
-3768
-3596
-3385
-3291
-3220
-3131
-3107
-3013
-2989
-2951
-2850
-2816
-2729
-2593
-2549
-2349
-2322
-2139
-2054
-2023
-1902
-1972
-1916
-2037
-2127
-2291
-2457
-2684
-2926
-3145
-3363
-3531
-3664
-3711
-3646
-3480
-3234
-2856
-2423
-1820
-1268
-514
123
871
1537
2165
2786
3258
3706
4055
4321
4514
4582
4660
4600
4511
4320
4145
3943
3706
3490
3237
3124
2886
2822
2741
2739
2787
2857
2966
3170
3339
3486
3673
3789
3927
3946
3983
3870
3845
3655
3615
3453
3359
3232
3177
3166
3106
3189
3143
3266
3203
3158
3079
2960
2696
2410
1990
1610
1147
666
135
-352
-796
-1225
-1512
-1750
-1909
-1970
-1943
-1869
-1696
-1492
-1297
-1037
-824
-627
-447
-337
-256
-260
-341
-471
-632
-884
-1122
-1422
-1687
-2013
-2285
-2541
-2770
-2971
-3107
-3248
-3200
-3227
-3126
-3042
-2868
-2701
-2543
-2386
-2269
-2128
-2107
-2054
-2122
-2166
-2330
-2463
-2611
-2810
-2948
-3132
-3189
-3235
-3257
-3196
-3151
-2968
-2848
-2608
-2432
-2188
-2019
-1825
-1664
-1517
-1492
-1451
-1441
-1501
-1597
-1667
-1781
-1788
-1894
-1878
-1753
-1660
-1434
-1185
-840
-440
-21
396
902
1267
1699
2040
2397
2647
2810
2971
3023
3078
2976
2931
2795
2657
2505
2311
2200
2019
1921
1755
1697
1586
1482
1364
1263
1162
1001
873
760
581
462
335
210
195
129
151
272
388
612
894
1260
1657
2115
2590
3072
3620
4044
4514
4967
5282
5598
5819
6023
6164
6164
6118
6004
5833
5600
5219
4882
4365
3873
3342
2730
2129
1421
786
127
-482
-1112
-1671
-2149
-2585
-2899
-3173
-3351
-3477
-3530
-3542
-3516
-3458
-3416
-3318
-3233
-3139
-3062
-2971
-2913
-2833
-2734
-2646
-2508
-2385
-2236
-2126
-2008
-1929
-1895
-1897
-1969
-2033
-2203
-2353
-2587
-2821
-3047
-3294
-3498
-3647
-3787
-3842
-3838
-3780
-3656
-3536
-3340
-3205
-2999
-2877
-2705
-2596
-2514
-2454
-2455
-2440
-2481
-2495
-2524
-2512
-2483
-2392
-2272
-2057
-1827
-1493
-1147
-745
-306
106
593
1035
1469
1875
2262
2562
2848
3023
3159
3226
3240
3195
3088
3008
2835
2722
2551
2432
2318
2227
2197
2189
2224
2254
2347
2401
2552
2624
2730
2798
2874
2922
2927
2914
2819
2772
2630
2480
2364
2191
2057
1941
1823
1740
1706
1708
1712
1781
1855
1929
2046
2111
2218
2262
2296
2295
2224
2164
2082
1938
1811
1672
1502
1373
1225
1096
966
887
784
695
607
534
418
322
172
-3
-188
-396
-639
-862
-1138
-1421
-1755
-2031
-2409
-2688
-3030
-3305
-3589
-3810
-4010
-4160
-4261
-4331
-4341
-4302
-4226
-4111
-3962
-3803
-3596
-3423
-3196
-3017
-2764
-2573
-2317
-2074
-1821
-1581
-1306
-1071
-823
-576
-372
-130
47
232
386
498
594
614
639
603
551
468
384
277
187
71
-31
-124
-194
-219
-251
-207
-210
-140
-55
22
141
220
305
386
455
520
549
581
566
556
499
438
335
230
111
3
-102
-209
-276
-345
-386
-403
-402
-392
-332
-233
-175
-58
44
138
259
341
456
539
650
729
833
881
951
983
998
1004
976
915
852
751
646
521
374
261
93
-17
-138
-190
-247
-240
-218
-168
-92
12
132
257
378
515
657
789
933
1028
1160
1250
1329
1408
1462
1518
1570
1597
1598
1590
1543
1496
1427
1327
1215
1124
1003
896
804
702
614
551
500
454
434
434
446
480
521
545
591
619
662
693
683
692
634
572
463
333
146
-48
-283
-516
-785
-1043
-1304
-1565
-1810
-2054
-2257
-2445
-2581
-2702
-2784
-2823
-2818
-2785
-2741
-2629
-2531
-2390
-2227
-2075
-1902
-1755
-1589
-1474
-1364
-1283
-1216
-1178
-1155
-1132
-1145
-1148
-1148
-1151
-1131
-1089
-1027
-931
-805
-635
-438
-229
33
278
527
776
987
1188
1340
1451
1504
1519
1487
1432
1326
1204
1074
936
813
726
649
627
627
665
756
857
1009
1169
1332
1513
1676
1845
1982
2102
2186
2257
2290
2320
2304
2285
2257
2215
2173
2120
2074
2007
1977
1916
1859
1803
1697
1620
1481
1347
1168
953
716
445
166
-149
-450
-772
-1073
-1360
-1617
-1850
-2051
-2204
-2308
-2391
-2412
-2414
-2388
-2320
-2263
-2183
-2105
-2027
-1966
-1904
-1861
-1825
-1801
-1785
-1769
-1750
-1742
-1723
-1708
-1693
-1658
-1619
-1574
-1542
-1483
-1438
-1381
-1326
-1268
-1212
-1150
-1077
-1017
-929
-856
-743
-649
-536
-408
-275
-123
38
208
383
584
772
996
1201
1417
1640
1833
2034
2216
2384
2524
2648
2734
2797
2842
2850
2848
2804
2759
2707
2625
2545
2457
2361
2268
2172
2061
1949
1838
1708
1574
1436
1286
1136
977
816
659
497
367
235
131
34
-14
-50
-68
-41
-12
44
111
188
271
339
422
478
525
553
568
563
539
485
421
337
226
113
-26
-176
-328
-503
-664
-848
-1004
-1181
-1332
-1462
-1598
-1700
-1785
-1856
-1910
-1940
-1971
-1985
-2001
-2006
-2015
-2024
-2028
-2042
-2056
-2064
-2072
-2094
-2098
-2112
-2118
-2122
-2119
-2096
-2083
-2045
-2012
-1956
-1907
-1841
-1778
-1693
-1619
-1522
-1416
-1326
-1208
-1096
-990
-856
-730
-612
-477
-350
-233
-111
-2
102
200
288
362
423
477
519
545
559
568
560
538
533
506
499
487
487
508
515
556
592
636
691
739
797
851
904
955
999
1046
1072
1107
1118
1145
1159
1164
1186
1188
1196
1212
1219
1237
1253
1260
1282
1272
1283
1279
1257
1241
1198
1171
1120
1073
1028
974
934
897
871
845
853
855
873
903
928
968
1003
1045
1077
1112
1142
1160
1179
1188
1190
1174
1160
1126
1083
1041
982
910
845
757
675
589
506
416
340
256
177
97
30
-46
-111
-171
-247
-307
-372
-439
-507
-573
-646
-707
-781
-846
-907
-966
-1031
-1084
-1134
-1179
-1218
-1252
-1283
-1307
-1327
-1346
-1369
-1379
-1400
-1424
-1444
-1473
-1501
-1533
-1566
-1603
-1636
-1672
-1711
-1741
-1769
-1802
-1819
-1830
-1846
-1844
-1830
-1818
-1787
-1742
-1700
-1643
-1576
-1521
-1438
-1365
-1287
-1198
-1114
-1032
-946
-863
-783
-702
-631
-558
-489
-423
-352
-296
-228
-162
-106
-30
40
104
194
264
348
441
517
618
699
794
876
949
1028
1079
1138
1182
1222
1251
1275
1298
1305
1320
1326
1333
1346
1347
1371
1382
1404
1434
1451
1485
1515
1538
1575
1599
1634
1665
1689
1720
1749
1766
1781
1794
1780
1774
1749
1717
1681
1626
1578
1512
1444
1366
1285
1199
1114
1019
925
827
721
625
509
399
293
180
68
-32
-147
-247
-343
-437
-519
-599
-676
-742
-800
-860
-911
-972
-1023
-1086
-1149
-1219
-1289
-1365
-1432
-1506
-1563
-1622
-1666
-1702
-1735
-1741
-1751
-1733
-1722
-1686
-1643
-1606
-1539
-1498
-1413
-1365
-1291
-1224
-1170
-1090
-1048
-989
-938
-902
-847
-806
-764
-719
-674
-627
-571
-521
-459
-409
-342
-294
-236
-185
-139
-89
-52
-3
24
67
94
119
151
177
207
227
262
281
322
350
385
423
463
514
558
617
662
714
768
822
863
918
958
981
1029
1042
1057
1070
1059
1056
1029
1006
969
929
881
831
776
720
666
601
563
498
458
410
363
330
290
254
226
200
165
148
125
102
86
73
61
54
46
43
40
43
51
46
59
65
65
80
75
83
81
78
81
76
69
55
52
38
29
15
10
-5
-16
-24
-46
-46
-56
-60
-61
-66
-69
-73
-70
-87
-88
-100
-116
-125
-151
-167
-198
-220
-258
-289
-327
-373
-411
-461
-508
-558
-599
-651
-693
-730
-770
-796
-823
-844
-854
-860
-853
-845
-824
-799
-770
-730
-688
-646
-601
-547
-507
-459
-420
-382
-343
-308
-281
-247
-218
-193
-158
-134
-100
-67
-27
13
57
109
158
218
280
342
409
478
556
622
702
772
849
923
988
1058
1114
1170
1220
1261
1296
1325
1348
1364
1372
1371
1364
1345
1324
1294
1254
1223
1178
1137
1093
1046
997
953
899
848
801
746
699
645
590
537
480
420
362
299
236
173
105
37
-34
-107
-179
-254
-332
-408
-485
-561
-639
-717
-786
-864
-929
-996
-1059
-1121
-1178
-1232
-1285
-1337
-1383
-1427
-1467
-1503
-1535
-1561
-1581
-1596
-1603
-1607
-1606
-1594
-1585
-1569
-1549
-1526
-1500
-1470
-1441
-1404
-1366
-1314
-1264
-1202
-1138
-1070
-990
-914
-834
-751
-663
-582
-499
-415
-337
-260
-183
-110
-44
25
93
152
222
278
344
409
472
535
601
659
730
787
850
910
969
1027
1082
1132
1180
1225
1268
1304
1334
1367
1385
1411
1421
1438
1441
1448
1449
1443
1439
1430
1419
1402
1386
1359
1339
1306
1271
1233
1186
1136
1080
1016
949
872
798
710
622
535
441
350
259
168
81
-4
-82
-166
-235
-303
-372
-422
-483
-531
-572
-614
-648
-681
-706
-734
-748
-766
-781
-785
-795
-794
-789
-790
-777
-768
-750
-732
-711
-686
-665
-638
-613
-590
-569
-544
-528
-505
-491
-482
-466
-463
-457
-453
-448
-449
-437
-433
-423
-413
-400
-388
-376
-361
-344
-332
-313
-296
-283
-261
-248
-232
-217
-206
-193
-181
-170
-161
-151
-141
-132
-121
-112
-102
-89
-76
-65
-52
-39
-26
-14
-4
4
15
22
29
40
46
58
70
82
92
106
122
137
152
168
181
199
211
224
235
242
256
262
272
279
284
291
289
290
287
279
278
271
272
271
276
280
287
297
306
321
332
349
362
382
393
410
423
437
447
461
473
481
492
498
504
506
511
505
508
502
497
497
484
475
463
444
425
402
376
345
315
284
249
218
182
152
119
86
62
28
4
-25
-49
-77
-102
-126
-153
-175
-204
-221
-250
-267
-291
-309
-328
-349
-367
-388
-409
-435
-454
-486
-509
-539
-566
-595
-623
-651
-675
-700
-721
-739
-758
-768
-781
-785
-790
-788
-784
-776
-766
-750
-734
-716
-699
-677
-659
-638
-616
-592
-570
-543
-514
-484
-450
-419
-378
-343
-302
-262
-218
-179
-136
-93
-54
-8
31
78
123
168
217
264
313
359
405
448
484
521
552
580
601
622
635
648
659
667
675
682
690
699
706
713
725
731
736
745
747
749
747
746
740
732
723
712
699
681
664
645
617
593
564
528
495
458
418
378
338
294
254
209
167
121
79
37
-9
-48
-88
-129
-166
-205
-242
-278
-315
-348
-384
-416
-446
-480
-507
-535
-559
-582
-601
-617
-634
-646
-657
-668
-677
-683
-689
-698
-696
-701
-699
-697
-694
-685
-680
-666
-655
-639
-622
-606
-582
-566
-537
-514
-487
-455
-425
-390
-357
-317
-284
-247
-204
-169
-125
-87
-45
-3
38
84
121
165
209
247
290
332
373
411
448
487
518
552
585
612
643
665
693
711
728
747
755
763
768
769
765
759
749
734
719
701
680
660
638
616
592
567
545
517
490
465
432
402
373
340
308
276
246
210
178
149
113
82
50
18
-18
-47
-80
-114
-142
-173
-203
-232
-257
-286
-312
-336
-359
-382
-402
-419
-435
-454
-463
-479
-491
-504
-514
-528
-539
-549
-560
-573
-582
-588
-598
-601
-601
-607
-604
-600
-591
-584
-570
-558
-543
-524
-506
-481
-462
-433
-409
-385
-354
-327
-298
-266
-232
-200
-167
-129
-93
-57
-18
17
53
82
119
145
172
202
219
240
256
270
282
290
298
304
305
311
310
308
306
304
295
290
289
279
279
274
271
266
265
262
259
254
250
244
235
228
220
209
200
191
176
165
152
140
128
115
105
91
84
73
63
57
49
44
36
34
25
22
19
17
15
16
19
18
24
26
33
37
45
51
57
66
71
79
83
90
92
99
99
105
108
109
114
114
119
120
126
126
129
134
134
137
138
138
137
133
130
122
117
109
97
86
74
62
47
34
22
7
-7
-16
-28
-38
-43
-55
-62
-70
-77
-89
-94
-105
-116
-128
-140
-152
-169
-181
-199
-212
-229
-243
-260
-274
-286
-302
-314
-324
-334
-345
-349
-358
-361
-367
-367
-370
-367
-368
-364
-357
-356
-346
-340
-333
-324
-315
-308
-298
-289
-279
-270
-258
-247
-239
-221
-214
-197
-186
-173
-155
-144
-125
-112
-94
-83
-63
-50
-33
-15
-1
16
35
51
70
90
106
131
149
170
193
212
235
256
281
298
322
342
358
383
395
413
428
442
452
463
473
477
489
490
494
497
498
495
496
490
485
479
469
460
448
436
419
407
386
370
350
328
308
286
262
239
216
189
166
140
115
91
66
39
18
-7
-30
-49
-73
-91
-109
-127
-144
-157
-174
-186
-197
-212
-218
-231
-239
-247
-252
-262
-265
-270
-276
-277
-281
-284
-286
-288
-295
-292
-298
-301
-304
-307
-312
-315
-321
-324
-330
-333
-338
-339
-340
-343
-341
-341
-337
-335
-331
-327
-323
-316
-310
-301
-293
-284
-270
-263
-246
-233
-218
-201
-187
-169
-155
-139
-125
-109
-95
-82
-67
-55
-41
-25
-16
-1
12
20
37
44
56
66
80
88
101
115
121
141
149
162
176
188
198
211
222
228
243
248
256
267
269
276
282
286
286
290
292
291
294
293
291
293
288
286
285
278
276
268
263
255
248
240
231
221
214
201
193
181
172
162
149
143
127
121
108
100
88
81
69
59
49
37
27
17
5
-4
-12
-25
-33
-42
-53
-61
-69
-82
-88
-100
-111
-118
-132
-140
-147
-161
-166
-175
-181
-187
-190
-196
-198
-199
-203
-203
-202
-205
-204
-202
-205
-202
-201
-199
-196
-191
-188
-182
-175
-168
-160
-152
-144
-135
-126
-120
-110
-104
-96
-87
-79
-74
-63
-56
-48
-39
-30
-22
-13
-3
2
14
18
25
31
34
41
43
46
50
50
55
54
58
60
62
65
67
71
74
76
78
82
82
86
86
88
89
89
89
88
88
87
85
85
84
82
81
79
79
76
76
76
74
74
72
71
73
70
72
69
71
69
71
69
67
69
65
64
63
59
56
54
47
47
41
37
33
29
26
19
19
12
8
4
-1
-6
-8
-16
-18
-23
-30
-31
-37
-39
-43
-47
-49
-51
-53
-55
-58
-57
-62
-59
-64
-63
-64
-65
-63
-66
-62
-64
-64
-63
-62
-62
-59
-60
-58
-58
-56
-58
-56
-56
-59
-57
-60
-61
-60
-62
-65
-63
-66
-67
-67
-66
-67
-64
-63
-62
-57
-55
-50
-47
-40
-39
-31
-27
-23
-16
-15
-9
-5
0
3
7
10
13
15
19
20
24
25
26
29
28
30
31
31
32
33
33
33
34
35
36
37
39
41
44
43
48
48
50
54
54
59
58
62
64
66
67
70
71
71
75
74
75
75
75
74
73
71
66
67
62
61
58
53
51
48
43
41
38
33
31
26
23
19
15
11
7
3
0
-5
-6
-13
-14
-18
-22
-25
-28
-29
-34
-34
-39
-39
-42
-42
-44
-47
-47
-50
-50
-55
-53
-56
-57
-59
-61
-64
-64
-66
-69
-68
-72
-70
-71
-72
-71
-71
-71
-70
-69
-68
-65
-65
-61
-59
-58
-53
-53
-48
-47
-44
-41
-41
-37
-35
-33
-31
-28
-28
-25
-24
-20
-20
-17
-13
-12
-9
-6
-3
-2
4
6
8
12
15
19
21
26
28
31
35
36
41
41
47
47
50
54
55
58
60
61
64
66
66
70
71
72
72
73
73
74
73
74
72
71
74
69
70
66
66
63
61
61
56
56
52
51
47
45
41
40
37
33
32
27
26
21
19
16
13
10
6
6
0
-1
-6
-7
-11
-14
-19
-20
-25
-28
-30
-35
-37
-41
-44
-49
-52
-57
-59
-62
-67
-68
-74
-76
-80
-82
-86
-88
-91
-92
-95
-95
-96
-97
-98
-97
-97
-98
-95
-94
-93
-90
-88
-85
-82
-79
-76
-71
-69
-63
-57
-55
-47
-44
-37
-33
-25
-21
-15
-8
-3
4
7
17
19
27
31
36
42
47
51
57
59
65
67
71
74
77
80
81
85
84
88
86
89
87
89
89
86
89
85
85
84
82
81
78
77
74
71
71
66
65
60
58
54
52
47
44
43
37
37
32
28
26
23
20
16
13
9
8
3
0
-2
-8
-10
-14
-19
-21
-26
-29
-33
-35
-40
-42
-45
-48
-51
-52
-55
-56
-58
-58
-59
-61
-60
-63
-62
-61
-61
-62
-60
-61
-58
-58
-57
-53
-54
-51
-49
-47
-45
-44
-40
-41
-36
-35
-33
-31
-31
-26
-27
-24
-22
-21
-18
-18
-15
-13
-10
-10
-7
-3
-4
0
0
3
4
7
9
11
11
15
15
18
20
21
23
24
27
28
28
31
31
34
34
35
34
36
35
36
39
35
38
33
36
33
35
32
31
32
28
30
27
27
25
25
24
23
23
20
22
19
19
18
16
18
14
15
12
12
10
10
8
6
6
3
2
1
-2
-2
-4
-4
-6
-6
-9
-8
-11
-8
-11
-10
-11
-12
-12
-13
-11
-14
-12
-13
-12
-14
-13
-13
-15
-13
-15
-13
-14
-16
-13
-15
-14
-14
-15
-14
-14
-14
-15
-14
-14
-15
-13
-16
-13
-15
-15
-12
-15
-13
-14
-14
-14
-14
-13
-14
-13
-14
-12
-14
-12
-11
-14
-10
-13
-10
-10
-11
-7
-11
-6
-8
-6
-4
-6
-2
-4
-2
-2
1
0
2
5
3
7
6
8
8
8
10
11
10
15
12
13
15
12
15
14
13
13
13
13
13
13
11
14
10
12
11
11
12
11
13
12
13
13
15
12
15
15
15
16
15
17
14
15
16
15
15
14
16
13
14
14
14
13
13
13
9
12
9
8
9
7
7
8
4
5
3
2
3
-1
0
-1
-3
-3
-3
-5
-4
-6
-7
-7
-8
-9
-8
-11
-10
-13
-11
-12
-14
-12
-14
-14
-14
-14
-18
-14
-19
-17
-17
-20
-17
-21
-21
-20
-22
-23
-21
-23
-23
-24
-23
-23
-25
-23
-22
-25
-21
-23
-23
-20
-22
-21
-18
-19
-17
-17
-18
-13
-17
-13
-13
-13
-9
-11
-8
-8
-8
-6
-3
-5
-1
-1
-1
3
2
5
6
8
10
11
12
15
15
14
19
18
19
21
22
22
22
25
25
23
26
26
25
28
27
26
28
27
28
29
27
28
27
27
27
27
26
27
25
24
25
23
25
22
21
21
19
20
17
17
17
14
16
14
12
11
11
8
9
6
5
7
2
3
2
-1
0
-4
-4
-4
-9
-9
-9
-13
-13
-13
-17
-17
-18
-22
-20
-25
-23
-27
-28
-26
-31
-30
-32
-32
-35
-34
-36
-36
-37
-36
-35
-38
-36
-35
-36
-35
-33
-34
-33
-32
-31
-28
-28
-25
-24
-24
-21
-20
-19
-16
-14
-11
-11
-10
-5
-6
-3
-2
1
2
2
7
5
9
10
11
13
13
16
15
18
18
20
20
23
22
23
25
22
25
26
25
26
26
26
27
27
25
27
24
24
26
23
24
22
24
21
20
20
20
17
18
19
16
16
15
15
13
14
13
13
10
11
10
7
9
6
6
4
4
1
2
0
-1
-1
-6
-1
-5
-6
-4
-10
-6
-10
-8
-10
-10
-11
-10
-11
-12
-10
-13
-10
-11
-12
-11
-12
-12
-12
-11
-12
-10
-13
-11
-12
-13
-10
-12
-11
-11
-12
-11
-10
-11
-10
-9
-12
-8
-12
-8
-9
-9
-9
-8
-9
-9
-7
-7
-6
-8
-5
-7
-8
-4
-5
-6
-5
-5
-5
-4
-5
-3
-5
-3
-1
-4
-1
-2
-1
-1
0
0
0
2
1
2
3
3
3
6
4
6
4
5
7
5
6
5
6
6
6
5
6
5
5
8
5
5
6
4
6
5
7
3
7
5
5
7
5
8
3
9
4
7
5
6
7
4
7
4
7
5
8
6
5
8
4
7
6
9
6
6
8
7
9
8
10
8
11
10
10
10
10
8
10
10
9
9
7
9
7
7
5
4
6
2
4
2
1
-1
0
-1
-3
0
-6
-4
-5
-8
-5
-9
-6
-10
-8
-10
-9
-11
-12
-10
-13
-11
-13
-13
-15
-13
-15
-17
-14
-16
-17
-16
-15
-18
-16
-15
-17
-16
-14
-15
-16
-13
-15
-14
-13
-14
-10
-12
-10
-8
-10
-8
-7
-8
-5
-6
-5
-3
-3
-2
-1
-1
0
2
1
2
5
2
5
5
6
7
7
7
9
10
8
11
10
9
