SAMPLES:	13680
BITSPERSAMPLE:	16
CHANNELS:	1
SAMPLERATE:	16000
NORMALIZED:	FALSE
0
0
0
-1
0
0
0
-1
-1
0
-1
0
0
0
0
0
0
-1
1
-1
1
0
0
0
0
1
0
1
-1
1
1
-1
0
0
0
0
0
0
0
0
0
0
0
0
0
1
-1
1
0
0
-1
0
0
0
0
0
0
-1
0
0
0
0
-1
0
0
0
0
0
0
0
0
0
0
0
0
0
0
0
0
0
0
0
0
1
0
1
0
-1
-1
-1
0
0
0
0
0
0
1
-1
1
0
1
-1
0
1
0
0
0
1
0
0
0
0
0
0
0
0
0
0
0
0
0
0
0
0
0
0
0
0
0
0
0
0
0
0
1
0
1
0
0
0
1
0
0
-1
1
0
-1
0
0
-1
0
0
0
0
-1
0
0
0
0
1
0
0
0
1
0
0
1
-1
0
0
0
0
0
0
-1
0
1
0
0
0
0
-1
0
0
-1
0
0
0
0
-1
0
0
0
-1
0
-1
0
-2
0
0
0
0
-1
-1
-1
0
0
0
0
0
0
0
0
0
1
0
0
-1
1
0
0
0
0
0
-1
0
0
0
0
0
-1
-1
1
0
0
0
0
0
1
0
0
-1
0
1
0
0
0
0
0
1
-1
0
0
0
-1
0
0
0
1
0
0
0
0
0
0
0
0
0
0
0
0
0
0
0
1
1
-1
0
0
0
1
0
0
0
-1
0
0
1
0
0
0
0
0
-1
0
0
0
-1
0
0
1
0
0
0
0
0
-1
0
1
0
-1
0
0
0
0
-1
0
0
1
0
0
-1
-1
0
0
0
0
1
0
1
0
0
-1
0
0
0
1
0
0
0
0
0
0
-1
0
0
-1
0
-1
0
0
0
0
1
-1
0
0
0
1
0
0
0
0
-1
0
0
0
-1
0
0
-1
0
-1
0
0
0
1
-1
0
0
-1
0
0
0
-1
0
0
0
0
0
-1
1
-1
0
0
-1
0
0
0
0
0
0
0
0
0
0
-1
1
1
0
0
1
0
0
0
0
0
0
0
0
0
0
0
0
0
-1
0
0
-1
-1
0
1
0
0
1
0
0
0
1
0
1
0
0
0
0
1
-1
0
0
0
1
0
-1
0
0
1
0
0
-1
0
0
0
0
1
0
0
1
0
0
0
1
0
0
0
0
0
1
0
0
1
-1
1
0
0
1
0
0
0
0
-1
0
0
0
-1
0
-1
0
0
0
1
0
0
0
0
-1
1
0
0
0
0
1
0
1
0
0
1
1
0
0
1
0
0
-1
0
-1
0
0
-1
0
0
1
0
0
0
0
0
1
0
0
0
0
-1
0
0
-1
0
0
-1
0
0
0
0
1
1
0
-1
0
0
1
0
0
-1
1
0
0
-1
0
0
0
0
0
0
0
0
0
0
0
0
0
1
0
0
0
-1
1
0
1
0
1
-1
0
0
-1
0
0
0
0
0
0
0
0
0
0
-1
1
-1
1
0
0
-1
0
0
0
1
0
0
0
0
0
0
0
0
0
0
-1
0
0
0
0
-1
0
-1
1
0
0
1
0
1
0
0
0
0
1
1
0
0
0
0
0
0
1
-1
1
-1
0
0
0
0
-1
-1
0
0
0
0
0
1
0
1
-1
0
0
-1
0
0
0
1
0
1
0
1
0
0
1
0
0
0
0
0
0
-1
-1
0
0
-1
0
1
0
0
-1
1
-1
0
1
0
-1
0
0
0
0
1
1
0
0
0
0
-1
0
0
-1
1
-1
1
0
-1
0
0
0
0
0
0
0
0
0
0
0
-1
0
0
0
0
0
0
0
-1
0
0
0
-1
0
1
0
0
0
0
1
0
0
0
0
0
0
0
0
-1
0
-1
0
0
0
0
-1
1
0
0
0
0
0
0
0
0
0
0
-1
1
0
0
0
0
1
0
1
0
-1
0
0
0
0
0
0
0
0
-1
0
0
-1
-1
-1
-1
0
0
1
0
0
0
0
0
1
0
-1
-1
0
0
0
0
0
0
0
-1
0
-1
0
0
0
0
0
0
1
0
0
0
0
0
-1
0
0
0
0
0
0
0
1
-1
1
0
0
0
-1
0
0
0
0
-1
0
0
0
0
0
0
0
0
-1
0
0
0
1
0
1
0
-1
0
1
0
0
-1
0
0
-1
0
0
0
1
0
1
-1
0
0
-1
0
1
0
1
0
0
0
1
0
0
1
-1
0
-1
0
0
0
1
0
0
0
0
0
0
-1
0
-1
0
0
0
1
0
0
0
0
1
1
0
0
0
0
0
1
0
0
1
0
0
1
-1
0
0
0
0
0
0
0
0
0
0
1
0
0
0
0
0
-1
0
-1
0
0
1
1
0
0
1
-1
0
1
-1
0
-1
0
1
0
0
-1
0
0
0
0
-1
0
1
-1
0
-1
0
0
-1
0
0
0
0
0
0
0
1
1
0
0
0
0
-1
0
0
0
0
1
0
0
0
0
0
0
1
-1
1
0
-1
1
-1
1
0
0
1
0
-1
0
-1
0
-1
0
0
-1
1
0
0
0
0
1
-1
0
0
1
0
-1
0
0
0
1
-1
0
0
0
0
0
0
0
0
1
-1
0
0
-1
1
0
0
0
0
1
1
0
-1
0
-1
-1
0
0
0
1
0
0
0
0
0
0
1
0
0
-1
0
0
0
0
0
0
1
-1
1
0
0
0
0
0
0
0
0
-1
0
0
0
0
0
0
0
0
0
0
0
1
0
0
0
0
0
-1
-1
0
-1
0
0
0
0
0
1
0
0
-1
1
-1
0
0
0
0
-1
1
0
0
0
0
0
1
1
0
0
0
1
-1
0
-1
0
0
-1
0
0
0
1
-1
0
0
0
1
0
0
0
0
0
0
0
0
-1
1
0
0
0
-1
0
1
-1
0
0
0
0
0
0
0
-1
0
-1
1
-1
1
0
0
0
0
0
1
0
1
0
0
0
0
0
0
0
0
0
0
0
1
0
0
-1
0
0
0
0
0
0
0
0
0
0
-1
0
0
1
0
0
-1
0
0
-1
0
0
0
0
0
-1
0
0
0
0
0
0
1
0
0
0
0
0
-1
0
0
-1
0
0
0
0
0
0
1
0
0
0
0
1
0
1
1
0
0
0
0
0
-1
0
0
0
1
0
0
0
0
1
0
1
0
-1
1
-1
1
0
0
2
0
0
0
0
1
-1
0
-1
0
1
0
1
0
0
0
0
-1
-1
0
0
0
1
1
0
0
0
1
0
0
1
0
1
0
1
0
0
1
0
0
1
-1
0
0
0
1
0
-1
0
-1
0
0
0
1
0
0
0
1
1
0
0
1
1
-1
0
-1
0
0
0
1
0
0
0
0
0
0
0
0
0
0
-1
-1
1
0
0
0
0
0
-1
1
0
0
1
-1
1
0
1
1
0
0
0
0
1
-1
1
0
1
1
0
0
0
0
0
0
1
-1
0
0
-1
0
-1
1
0
-2
1
-2
1
0
-1
1
-1
0
0
-1
1
-2
1
1
-1
2
-1
1
1
-1
2
-2
1
2
-2
1
-1
0
0
-1
1
1
0
1
-1
1
0
-1
0
-1
1
-1
0
0
-1
0
0
-1
1
0
0
-1
0
1
0
0
-1
1
0
0
1
-1
1
0
0
0
0
0
0
-1
0
-1
-1
0
-1
1
-2
0
0
-1
0
0
0
0
0
1
0
0
0
-1
0
0
0
0
-1
0
-1
1
0
0
0
-1
-1
0
0
-1
0
0
-1
-1
0
-1
0
0
0
-1
-1
0
0
0
0
1
0
1
0
0
0
1
1
1
1
2
1
1
2
0
0
1
0
1
1
0
1
0
0
0
0
1
0
0
0
0
1
-1
1
-1
1
1
0
1
-1
2
0
0
2
-1
1
1
-1
1
-1
0
0
-1
0
-2
0
-2
-1
-2
-2
0
-2
-1
-1
-1
0
0
-1
0
-1
1
-1
0
1
-1
0
-1
0
0
-1
1
0
-1
0
-1
0
0
-1
1
-1
1
-1
1
0
-1
1
0
0
0
0
0
0
0
0
0
1
0
0
0
0
1
1
1
0
2
0
1
2
2
2
1
1
1
1
1
-1
1
0
0
0
-2
0
-2
0
-2
-3
-1
-3
-2
-4
-2
-3
-5
-2
-5
-3
-3
-4
-1
-4
-1
-3
-2
0
-2
1
0
1
2
1
2
1
3
1
3
3
2
1
2
2
0
1
1
1
2
1
1
1
1
2
1
2
1
2
1
2
2
1
2
1
1
1
1
1
0
1
0
0
0
1
1
0
1
0
0
0
0
1
0
2
0
0
3
0
3
0
2
2
-1
2
-1
1
-1
-1
2
-2
0
-1
-1
0
-3
0
-2
-1
0
-1
1
-2
1
0
-1
1
-1
2
0
0
2
-1
1
-1
1
0
0
1
0
0
0
0
1
-1
-1
2
-1
-1
1
-2
0
-3
-1
-1
-3
-1
-2
-1
-3
-3
-1
-3
-2
-2
-2
-1
-2
0
-1
-1
0
0
1
-2
1
0
0
1
-2
2
-1
-1
3
-3
0
-1
0
-1
-3
1
-2
-2
0
-1
1
-3
-1
1
-1
-1
1
1
0
2
3
2
3
2
3
4
-3
6
1
0
3
1
4
2
2
5
1
3
1
2
1
-2
3
-3
-1
1
-2
3
-2
0
2
-2
2
1
3
0
1
4
-1
2
3
1
5
-1
2
3
-3
2
-1
-1
-3
-1
-2
-4
-1
-6
-2
-7
-8
-2
-10
-6
-5
-8
-2
-10
-2
-4
-6
0
-4
2
-2
0
6
-2
3
4
0
6
0
6
4
1
5
2
4
0
2
5
-3
1
1
-1
-2
-2
0
-4
0
-4
1
-1
-4
5
-1
0
4
-2
4
-3
0
3
-4
2
-1
-1
0
-3
3
-1
-1
3
2
4
3
4
6
1
4
4
2
1
0
2
-1
-1
-1
1
-1
-2
5
-1
1
5
-1
6
0
2
8
-3
6
3
0
3
-4
4
-1
-6
4
-3
-2
0
-3
1
-2
-1
1
-2
-1
0
0
-4
-2
-2
-3
-2
-4
2
-4
-5
1
-5
-3
-4
-2
0
-6
-1
-1
-2
-1
-2
1
0
0
0
6
-2
-2
6
-6
1
1
-5
2
-5
2
-1
-3
-3
2
2
-4
7
4
1
1
3
-1
5
-2
1
8
-4
6
3
-2
-3
-3
-8
-6
-4
-15
-2
-9
-13
2
-16
2
0
-1
13
-3
18
-1
5
14
-5
15
4
4
16
-2
2
9
-1
3
-3
8
-4
5
-5
-3
1
-16
8
-9
-2
9
-7
8
2
-5
15
-14
13
-1
-4
15
-18
12
-6
-6
0
-4
0
-4
4
-8
8
-6
-1
6
-6
7
3
-1
8
5
0
12
4
10
14
-2
17
5
8
12
-2
15
-9
10
-7
-8
9
-27
14
-17
-14
13
-24
3
-16
2
-9
-17
12
-28
-3
0
-29
12
-16
-18
19
-30
20
-6
-6
26
-18
24
-7
5
24
-33
42
-19
-4
32
-41
39
-20
-2
24
-25
20
4
-16
13
2
-11
10
4
-6
12
-7
5
2
-7
0
-5
-4
0
-12
-13
5
-36
6
-16
-30
15
-41
-4
7
-39
25
-11
-2
38
-21
40
1
-1
22
-20
5
-1
-15
-2
4
-12
21
-5
3
45
-23
47
12
-2
58
-26
35
25
-14
47
-5
11
35
-26
22
-9
-23
4
-31
-9
-14
-21
-3
-15
-11
-7
-16
-4
-10
-16
-1
-4
-5
-3
8
-3
12
15
3
26
26
4
33
21
7
30
0
2
22
-25
4
-8
-37
13
-36
-21
-8
-46
-6
-34
-20
-8
-35
19
-33
22
5
-7
52
-25
43
26
-5
46
5
5
51
-15
25
15
-17
27
-42
-2
-21
-24
-31
-14
-32
-27
-7
-46
10
-24
13
3
0
36
1
22
19
-9
52
-8
19
13
-2
18
4
-10
-8
46
-48
46
-10
-11
47
-47
37
-10
-8
36
-33
21
0
8
-10
8
2
-47
69
-74
16
15
-62
48
-62
0
6
-32
14
7
-2
12
4
-13
12
-9
-6
-17
2
-12
-16
-6
-6
-25
23
-21
15
-10
10
9
-35
30
-52
32
-31
-16
28
-46
48
-39
18
15
-23
32
-14
19
9
-6
16
12
-22
36
-16
-8
46
-62
55
-41
-37
50
-84
29
-17
-17
55
-7
25
19
56
-9
43
-19
8
54
-100
60
-35
-63
85
-116
51
-6
-35
70
-46
35
21
1
24
2
30
13
22
21
3
37
-12
4
-14
20
-52
43
-80
13
-9
-95
66
-134
45
-34
-61
31
-60
26
-5
-31
39
12
48
57
30
121
20
94
31
9
62
-56
44
-69
11
-29
-72
21
-115
58
-116
38
-47
-78
87
-214
104
-118
-26
87
-117
125
14
53
56
70
42
36
116
-71
143
-19
-30
144
-184
150
-42
-83
137
-169
59
-52
-100
38
-169
35
-78
-101
62
-159
77
-90
-34
54
-123
115
-70
14
122
-75
113
-1
28
53
-23
57
-33
54
-33
27
34
-58
145
-170
174
-49
-45
207
-265
192
-111
-48
103
-201
135
-86
-63
128
-222
193
-134
2
54
-140
175
-203
178
-120
31
94
-172
263
-204
147
29
-176
243
-210
11
57
-180
81
-18
-118
159
-88
20
151
-107
155
120
-124
301
-86
22
176
-197
194
-99
7
25
-32
-23
58
-15
38
61
-55
135
-79
76
17
-56
57
-48
-112
83
-153
-85
-38
-183
-65
-87
-185
-41
-98
-94
-1
-124
107
-19
66
140
38
234
66
141
176
-20
202
-17
-27
126
-116
52
-22
-154
88
-104
-32
43
-137
44
-70
-120
39
-100
-25
40
-121
70
0
-87
137
-72
-45
198
-236
162
56
-239
391
-239
90
296
-274
421
1
-33
409
-168
192
194
-193
273
-115
-108
135
-322
9
-156
-279
-159
-193
-315
-144
-219
-351
-23
-245
-158
94
-274
238
24
-5
419
-79
504
188
257
457
86
551
74
327
264
-30
392
-294
285
-218
-210
88
-734
100
-657
-351
-261
-752
-53
-626
-248
-178
-468
147
-336
191
-19
76
395
-20
608
30
508
398
218
652
49
514
247
40
411
-155
152
-52
-245
-35
-450
-215
-408
-307
-495
-313
-302
-415
14
-299
66
96
-12
436
98
350
409
130
567
195
230
366
38
205
124
-141
70
-72
-126
-32
-243
-7
-41
-178
85
14
-111
273
-34
63
233
111
263
138
177
200
188
105
135
54
-54
124
-196
-119
17
-394
122
-216
-215
174
-246
277
-2
44
300
-49
347
-30
144
-15
18
75
-221
-20
-143
-260
-190
-280
-327
-277
-261
-263
-329
-114
-229
-45
-112
49
81
55
263
104
233
332
77
121
241
-257
80
-236
-327
71
-690
-13
-172
-480
216
-380
-17
162
-231
110
-167
-89
-210
-34
-497
46
-202
-293
526
-510
306
229
-101
264
-188
53
143
-231
73
110
-116
144
272
-225
246
7
-258
326
-796
221
-464
-511
195
-767
92
-105
4
338
52
587
510
593
687
611
837
361
947
227
520
432
132
796
-273
520
352
-40
396
-239
94
-165
-620
-233
-995
-513
-972
-714
-817
-992
-318
-1052
-95
-656
-437
73
-566
299
-66
57
540
129
810
455
674
899
528
951
376
841
256
304
598
-420
384
-210
28
146
-297
528
-44
505
524
160
767
374
369
422
-179
398
-420
-254
-286
-729
-386
-909
-444
-843
-850
-430
-955
-546
-628
-721
-291
-710
-63
-249
-292
528
47
594
535
262
974
156
609
404
-20
678
-17
161
282
-80
176
-54
-183
-221
-385
-712
-459
-988
-1201
-165
-1636
164
-520
-500
1266
-391
1855
1051
943
2414
608
1848
1326
118
1561
-264
177
-174
-1215
-616
-1741
-2075
-1944
-2742
-2609
-2505
-3049
-2082
-2214
-1622
-797
-737
400
560
1193
1672
1722
2310
2211
2659
2636
2661
2861
2483
2695
1973
1629
1423
291
313
-705
-1249
-1285
-2397
-1723
-2368
-2601
-1550
-2461
-1073
-1537
-1026
-98
-990
630
35
478
1137
894
1641
1214
1922
1970
1427
2543
1224
2060
1851
1136
1933
273
1434
901
54
1008
43
496
357
-584
227
-893
-1757
-951
-2266
-2286
-2122
-2544
-1477
-2042
-1469
-1
-974
198
420
221
1339
392
966
1012
778
948
848
1185
1251
785
1310
1281
102
439
-355
-1578
-1787
-3002
-3506
-4478
-4837
-4360
-5529
-4555
-3811
-3577
-2231
-1545
-266
208
991
2352
1808
2631
3382
3759
3526
3517
4267
3351
3251
2540
2321
1442
127
256
-1502
-2225
-2513
-3758
-2951
-4066
-3431
-2564
-3029
-2070
-1714
-837
-885
-76
1113
1254
1908
2698
4148
3871
4706
5770
4742
5486
4982
4926
3608
3721
3720
2060
2411
2022
997
817
-1106
-927
-2878
-4364
-3220
-5994
-4843
-4376
-4908
-2937
-3036
-1849
-459
-1664
879
-301
-613
1729
-243
1317
2488
2183
3838
3686
4735
5240
3304
4600
2636
513
575
-1550
-2662
-3317
-3718
-3725
-4633
-3829
-3086
-4210
-3582
-3140
-3662
-4223
-3829
-3504
-4494
-3791
-2906
-2212
-1449
-806
929
990
1432
2233
1689
2196
1659
1180
1082
616
758
400
464
656
155
90
241
-235
-840
-415
-1028
-930
-1236
-921
-68
-1486
497
172
498
1920
984
2159
1841
1639
2642
1348
1972
1869
1567
2040
1328
1872
1451
1747
1185
1317
997
1559
1663
1957
2506
3010
4119
3990
4693
4690
4250
3460
2508
1132
624
-1690
-2283
-3200
-4399
-3368
-4091
-4513
-3059
-3267
-2676
-2636
-3170
-1624
-3576
-2038
-115
-1125
1140
3485
4426
5668
6569
7937
6648
5343
6189
3588
1036
935
-514
-3626
-4753
-4752
-5766
-7367
-6972
-6297
-7823
-7859
-6774
-7136
-8088
-6647
-5156
-5145
-3562
-1542
-372
107
1323
3631
3843
4044
4660
3711
3078
2277
2100
1339
380
446
-470
-1124
-830
-1345
-1736
-1705
-2285
-2954
-3233
-3493
-3481
-2769
-2306
-514
-19
1342
2898
2223
4190
3432
3078
3809
1708
2050
1563
1195
2005
916
1999
2920
2563
3226
3103
4324
4633
5161
6608
6894
7483
7347
8583
7156
5837
6662
3705
1476
881
-909
-4002
-5215
-5741
-7745
-9370
-7717
-8546
-9191
-6745
-5416
-6046
-5673
-2332
-1735
-157
2688
4213
4694
7186
8420
8530
9257
9321
8516
6112
4937
2553
-1146
-2399
-3690
-7627
-9450
-9939
-11450
-12728
-12542
-11045
-11992
-11743
-9227
-8651
-8106
-5740
-3292
-1523
44
1605
2974
3870
5274
7294
7527
6862
7185
5750
4293
3468
2165
697
-465
-481
-1444
-2676
-2369
-2378
-3919
-4260
-3390
-3590
-4186
-2611
-891
-437
801
2936
3832
3586
5052
5533
4113
3572
3826
3065
2407
1545
2433
1586
1120
2600
969
3437
3860
4406
5769
5333
8916
9077
8752
11502
10455
10321
10061
8809
6912
2504
1175
-810
-4807
-9061
-8728
-11416
-15701
-12903
-13266
-15011
-12384
-10427
-8831
-8989
-6172
-942
-2315
1942
7229
6577
9717
13135
12929
13975
13594
13354
11592
7085
5589
920
-3345
-4566
-8909
-11742
-12195
-14607
-16958
-17216
-15794
-15871
-15585
-12995
-11338
-10521
-8416
-3724
-2018
-625
3326
5389
6667
9450
11239
12313
12235
10537
9997
7103
4972
4086
1162
-802
-1273
-4017
-4625
-5558
-6880
-5831
-7234
-7121
-5718
-5741
-3861
-2223
-807
1254
1710
4375
6459
6649
7770
8428
7531
7087
6270
5476
4639
4040
3693
3054
1943
2693
2650
2847
4036
3836
5772
5264
6019
8636
7956
10263
11598
9574
10850
8563
4567
-182
-6028
-7049
-13261
-16320
-11430
-17920
-16045
-10696
-15761
-13448
-11684
-9235
-5800
-9951
-3104
78
-1902
8794
9944
11477
18656
18778
20094
19552
15288
15024
8391
4135
432
-7522
-7699
-9938
-15239
-15297
-15914
-18089
-19831
-18551
-16753
-19642
-16830
-13712
-13757
-11658
-8973
-2856
-1013
3739
11684
11498
16625
17811
14035
16369
13172
10966
8826
5105
5073
-473
-1730
-414
-5511
-5515
-5576
-8585
-10197
-9940
-9196
-10448
-8837
-6079
-5395
-3525
1347
3582
4715
9093
10828
10243
12718
12634
10614
9700
9195
7855
5772
6649
6335
4845
5366
5151
3163
4830
5316
4739
7640
9017
10807
13568
13522
12515
12131
3756
-2206
-7698
-15817
-15352
-17976
-17488
-14855
-15899
-10979
-11948
-14609
-8251
-9010
-7530
-6019
-6928
-3020
-597
5011
11521
13553
18762
22286
19840
20749
16278
12404
9157
2981
-2529
-9273
-12119
-13611
-18078
-17011
-16041
-19789
-19568
-19233
-19304
-20587
-19141
-16685
-17266
-16142
-10867
-6062
-1747
4386
8834
13126
16655
16773
16903
17636
15152
12907
10741
8320
4584
1697
2481
-215
-4087
-4705
-6728
-9834
-11697
-11762
-11135
-12068
-10360
-8665
-8656
-4892
19
3084
5845
9716
12356
13759
15044
15860
15551
14196
13537
11836
10288
9682
8670
7918
6730
3473
5102
2989
3543
6190
5130
9945
9974
14363
13739
8960
10986
1077
-6525
-8439
-16649
-15405
-16004
-13435
-8885
-13524
-7957
-7878
-12514
-8392
-7842
-7706
-5314
-6799
-2004
1927
5353
14557
16293
19112
20755
17120
17294
12309
6441
5264
-1134
-6668
-13104
-15751
-15296
-21102
-19503
-16125
-19579
-20935
-19881
-18530
-20973
-21204
-13210
-14614
-14951
-6636
-3255
1029
5403
10311
13522
12429
14956
15355
12425
13381
10279
6425
4719
2020
-370
-853
-534
-2979
-5290
-5761
-7299
-9793
-9537
-8273
-8846
-9191
-6971
-5987
-4052
890
4414
7990
12482
14757
15532
17308
17122
17364
16263
13472
13074
10150
9958
9439
6916
7518
6860
4680
6212
6575
9062
11948
12112
13010
7919
4079
-1334
-7281
-11785
-14531
-14160
-14300
-13187
-13516
-12377
-10645
-11257
-8223
-8218
-10462
-7374
-7827
-4617
-1402
1494
9740
12191
16170
20051
18941
18232
16377
13074
8885
1923
-3407
-8027
-13602
-17297
-17944
-18200
-21058
-22584
-22120
-21505
-20882
-20243
-18155
-15179
-16219
-12376
-6719
-5644
-207
3967
7405
10984
10109
13876
14515
11152
13356
9350
7046
6349
1912
2092
1259
-1586
-2424
-3667
-4832
-5821
-7805
-5860
-5833
-7634
-4756
-2546
-3338
-287
2820
5238
7173
8115
12421
12610
12502
15059
15681
14826
14687
13552
12776
11137
8919
8795
7701
7248
6350
5998
9659
10075
14294
16503
9095
9508
5953
61
-6797
-14480
-13060
-15974
-17511
-12085
-15754
-14073
-8353
-8850
-8564
-11615
-9719
-7224
-9324
-6514
-2232
1142
8951
11882
16489
20551
19090
19829
18206
13300
7252
340
-569
-8705
-18141
-15736
-17943
-22388
-23034
-22210
-20512
-25000
-24443
-19708
-22437
-20303
-15654
-11943
-6832
-4820
1771
7747
8986
14051
16032
16085
15547
10811
10008
8660
4174
1879
676
-38
-2821
-5254
-5380
-5542
-8059
-8972
-7794
-10026
-9892
-6105
-4737
-1417
1520
4940
9040
9253
12639
14277
15089
16663
16152
16655
15653
14866
15179
13377
12122
10336
10133
10052
6929
7519
6968
9921
11361
10455
14741
9953
5287
3865
-5523
-13470
-13997
-14272
-13215
-11670
-11090
-9259
-8583
-8255
-8803
-12781
-12898
-10055
-10043
-8006
-7344
-1806
5758
10748
15755
20070
21902
19968
17252
14167
6093
-469
99
-6874
-14091
-14891
-15015
-15280
-18363
-18447
-16931
-22284
-25525
-23912
-27284
-27231
-24499
-21392
-13897
-10037
-2451
8125
9871
15999
17431
15083
18572
11570
8640
9626
3431
2425
1182
-41
461
-2369
-917
-887
-5818
-6938
-8284
-11245
-11147
-10178
-8303
-5345
-2143
4025
9529
12562
17255
19571
20290
21490
19047
17483
17436
15340
13884
13584
13756
11789
11385
13557
13119
12406
14095
12682
13835
13145
4930
2959
-3173
-12110
-15867
-16367
-17604
-15301
-8725
-5012
-6903
-7565
-5432
-6426
-10265
-12010
-12244
-13242
-9936
-8466
-4361
1830
7652
13649
19448
20235
16447
14519
13325
5874
-4360
-6363
-7713
-14101
-16932
-14976
-13292
-14700
-15092
-13466
-16232
-21513
-20473
-20132
-25105
-25953
-22873
-17939
-11598
-5065
5237
12273
16085
18580
16318
16723
13850
9067
6766
1880
-1010
-2277
-2921
-1385
-983
-1210
-985
-3527
-6280
-6839
-8631
-11562
-9936
-8898
-7286
-962
3260
7379
13040
17895
20316
19990
22030
22184
18449
16743
15278
13748
12880
11809
14058
14283
13826
16193
14874
12636
15327
17439
14506
6396
2175
-4671
-21534
-18233
-19401
-25882
-12641
-10302
-8769
-5082
-9976
-3146
-6778
-10783
-3311
-9732
-7027
-3260
-5537
4567
9622
11171
20474
19674
16460
12815
9818
8597
-4718
-10837
-10802
-19866
-22801
-20648
-17495
-15913
-19012
-14881
-13846
-20471
-18254
-17601
-18058
-19772
-24288
-17910
-14105
-10538
1305
8599
16567
17666
17260
23198
17238
11959
12147
6369
-1091
-6999
-7018
-5995
-6974
-4645
-2512
-4332
-6837
-7173
-8384
-9658
-10017
-8268
-5912
-5375
-16
6220
11163
17816
22652
25111
27005
26819
24715
22880
19216
13880
12128
9922
6710
7858
9720
10954
11589
14657
14770
16578
19945
14996
9302
4738
-9450
-20141
-16672
-23044
-19239
-7771
-9237
-3786
-3881
-6568
-2231
-9997
-8378
-6590
-13287
-7580
-10010
-5488
6971
10642
17394
23558
22568
20078
15177
14003
6548
-6855
-10264
-17320
-26401
-27041
-24053
-18669
-19240
-19563
-14276
-18031
-21301
-18878
-20986
-21494
-23866
-25266
-19373
-17487
-10709
1260
8658
16202
16934
19808
24232
16509
14938
15011
4948
-1623
-4918
-6744
-7794
-8852
-5133
-5247
-9656
-8595
-9100
-12075
-11944
-10780
-10049
-8907
-5696
0
5664
11261
19034
24079
26430
30383
30376
29596
27768
22504
18368
14538
11629
9993
10192
10339
11214
12722
12594
14288
18151
16453
14090
9559
1171
-13123
-21700
-18475
-22298
-16003
-3696
-1961
1935
851
1225
256
-9022
-6554
-6909
-12872
-11400
-10646
-3187
5992
10219
19492
24259
19061
16343
14348
8441
-1133
-10184
-13426
-20891
-29625
-27032
-21055
-18902
-18855
-16764
-12895
-18491
-22134
-17795
-18521
-21887
-24018
-21414
-16769
-16301
-8527
5230
11428
15311
16669
20183
20839
12042
11169
11573
1757
-3571
-4070
-5479
-6079
-6339
-3358
-3444
-8990
-9802
-10179
-13613
-13418
-11986
-11157
-9245
-5810
411
6878
12973
19848
24471
26463
27821
28496
28949
25332
21158
18973
14465
11881
11266
12067
12409
11154
13488
12768
14764
16234
13422
12405
3497
-9338
-16920
-22066
-24983
-19569
-12229
-7725
371
2825
2976
5390
2071
1912
212
-4274
-6005
-7564
-3506
3682
9775
15402
19579
20664
16838
13119
9356
-14
-6997
-13546
-24287
-29643
-31912
-28912
-23903
-23239
-17948
-14751
-17420
-16522
-16944
-17688
-16443
-19695
-18347
-17254
-17969
-8968
26
6798
12836
17543
20795
17807
16772
15909
10304
4484
-1033
-5560
-8917
-10132
-8960
-6782
-7740
-8559
-7695
-10757
-11382
-11032
-11585
-10231
-9420
-6682
-2820
3373
10622
16273
23347
27294
29287
30431
30084
28867
24238
20466
16389
12604
10171
8181
9802
9237
9292
11236
13926
14543
13815
14551
9093
-1947
-11791
-17391
-20785
-19925
-14247
-7834
-1751
485
1728
3361
411
1329
2403
846
-1389
-5217
-1045
5672
10265
16190
21499
22920
20284
13487
10285
4996
-5494
-11845
-18209
-26195
-31349
-31911
-26366
-24121
-23952
-18369
-16641
-19366
-19206
-17338
-15307
-16689
-18255
-14513
-12442
-11485
-4077
6002
10748
13313
17799
18357
17308
14281
11131
9207
147
-6768
-8287
-11648
-12160
-10739
-9278
-7779
-11155
-11752
-10966
-11858
-11841
-10233
-7311
-6370
-2476
3143
8746
13610
18489
25328
27189
26857
29761
27864
24401
21360
17227
15460
11321
9698
9823
7088
6747
7687
6067
7691
10794
9410
11174
8113
-628
-8634
-12020
-12986
-16727
-9154
-2479
-2721
4103
2915
2601
4113
-1402
2606
-209
-5290
-1472
-1842
3772
9534
12211
20694
20855
15757
15291
9849
4179
-3693
-11448
-15139
-25128
-29627
-26140
-26863
-26303
-23287
-20414
-18491
-21904
-19968
-17254
-19039
-17324
-17863
-15514
-12093
-13636
-3101
5111
5181
14029
16572
17738
17473
13179
16507
8778
246
959
-8263
-11681
-11410
-14273
-10148
-12580
-13685
-10495
-14236
-12590
-9330
-8988
-4972
-1761
1403
6223
10082
13629
19088
22629
24931
27971
27683
27221
25387
20292
18312
15909
11472
9939
9435
5255
3987
5754
3620
4895
8546
11384
11372
11769
9096
-1455
-6869
-8481
-15416
-11781
-6169
-4121
1606
874
1326
117
-3617
227
-1303
-4223
-1649
-4366
526
4790
6060
14856
18101
17446
16805
12863
12109
4467
-2778
-4707
-15313
-23875
-24749
-26683
-26290
-26883
-24255
-20943
-25239
-24948
-22112
-22229
-20444
-19733
-18431
-15683
-15502
-10216
-1424
4957
10824
14359
19960
20826
15069
16534
15013
7275
2738
-3419
-8763
-13096
-16354
-13857
-14301
-16640
-14739
-14033
-15331
-13057
-9013
-5479
-1879
181
3635
8173
11404
16021
21171
24939
27808
28122
29349
27975
23925
22589
19329
13875
8810
5966
3673
-826
-434
265
-48
4021
7077
14640
16280
15017
19668
8244
-5366
-3669
-11775
-16523
-7621
-6083
-3137
-738
-2349
730
-2599
-3860
1522
-2155
-4973
-6358
-4806
-1168
836
7051
14049
14940
14953
14716
15374
10935
3325
1228
-6163
-18407
-22673
-23403
-22883
-23092
-22298
-16981
-19869
-23753
-20347
-20367
-20397
-20339
-20490
-18121
-19937
-16618
-6462
846
8943
14834
19519
24143
20697
18751
19184
10619
3338
-2089
-10263
-12963
-14519
-14203
-11107
-13347
-12683
-10390
-11134
-8437
-5877
-5268
-1696
-624
-1122
3503
7707
12606
18688
22464
26140
26857
27096
28126
23737
19461
16608
9926
5239
1852
-1084
-860
-1166
-62
3219
6237
9047
17195
23705
19795
20567
17478
1837
-7006
-9274
-14835
-16381
-11051
-6760
-5951
-3081
-1007
-1307
-2364
-3649
-2754
-6838
-12712
-11563
-8259
-5566
118
6949
14374
15706
15746
18813
16045
7198
2037
-2641
-12596
-22421
-24907
-21433
-21598
-23459
-17843
-14744
-19219
-20308
-18242
-18875
-22004
-23906
-20985
-19563
-20124
-13162
-1887
6951
12178
17862
25147
23986
18835
18111
13326
4694
-2732
-8243
-10510
-14100
-15285
-9365
-7848
-9429
-5850
-4252
-4597
-3221
-3488
-2647
-1590
-2464
1026
5708
10014
16310
21513
24749
26959
25913
25296
23696
17308
13039
8683
3832
2433
486
1931
4709
3657
8040
12079
13473
18671
22230
24365
23465
17738
13843
2204
-10601
-12273
-15736
-17523
-14646
-9702
-5662
-5214
-1986
-2661
-7063
-6238
-9677
-11842
-14734
-17134
-9791
-4509
582
9881
16158
20920
21344
18942
18243
8978
55
-3146
-12638
-22182
-24888
-22892
-21641
-23231
-19825
-16303
-18493
-21208
-20430
-19805
-22182
-23135
-20152
-17278
-15438
-9318
1149
10407
14815
18092
23233
22060
15586
11001
7111
97
-8669
-11664
-11909
-16075
-14684
-9255
-7293
-5759
-4053
-2119
-1392
-3521
-3726
-2895
-2980
-618
2307
6991
13599
17448
22149
26586
25494
24415
22549
17400
11461
5853
2286
938
-562
2022
6440
7694
11618
14846
17744
20084
20457
24122
22548
16815
13846
8340
-3509
-12395
-12549
-16296
-14922
-10148
-6570
-3033
-3810
-1221
-2550
-8296
-8551
-10835
-11995
-15602
-14886
-5975
-2494
3728
13557
17659
19689
19237
16667
13888
3342
-3022
-6190
-15943
-21902
-23233
-20914
-18742
-19952
-17251
-14086
-16648
-19318
-17871
-17657
-18257
-19971
-17025
-12495
-11625
-4567
5150
11560
14932
16047
19315
18418
10845
7254
3944
-4616
-11738
-13817
-14246
-14714
-12447
-7673
-4436
-3984
-3203
-1948
-1904
-3883
-4952
-3731
-3556
-1795
3507
8332
14119
18511
21221
24993
23487
21487
20498
14558
9557
7178
4498
2969
4006
7574
9836
12112
14800
15163
16785
17099
15901
16356
15554
11182
8582
7308
-563
-9087
-8806
-11811
-14402
-7517
-6676
-7083
-1182
-3459
-3894
-4403
-8823
-5260
-8015
-11473
-8459
-7816
-3994
2348
6500
12267
11943
10914
11613
6243
596
-2906
-6117
-10055
-17509
-18838
-17265
-18835
-17008
-15895
-14780
-14943
-18629
-17821
-17028
-17933
-15530
-12577
-9709
-9441
-5984
1926
5247
8824
11146
11029
12186
6795
4629
4242
-2543
-4530
-6824
-9715
-9561
-9902
-6524
-4201
-4522
-2613
-2730
-3391
-2813
-2567
-2340
-879
159
2799
7241
9816
13601
16779
17435
18093
16824
15687
14272
11162
11168
10765
9677
11016
13280
15403
16692
16683
16437
14115
11320
10357
9255
10691
10765
9277
10658
7253
-564
-6837
-8721
-11481
-15306
-9602
-8374
-9549
-5098
-5057
-4620
-4381
-6316
-3422
-5338
-8868
-7346
-6840
-3602
390
2682
8335
8610
6259
8224
6693
2911
-1007
-3712
-7320
-14728
-17484
-17042
-17183
-17690
-18650
-15330
-15467
-19644
-16669
-14330
-15477
-13487
-12219
-8328
-7300
-8834
-51
2853
728
6548
5988
5588
6095
3670
6330
-106
-1868
760
-5832
-4348
-3243
-3565
-1331
-3726
-1552
-1295
-3611
-414
235
-1127
-861
1442
4380
5466
7525
11129
12735
12365
13171
14021
14440
14975
13983
15164
15582
14076
17471
17865
16690
17042
13988
13283
11917
7406
7599
8718
6664
10632
11956
10049
12984
7241
-1695
-4597
-9627
-14855
-12680
-9668
-10008
-8384
-4662
-5810
-7535
-7471
-6453
-6864
-9651
-11850
-11774
-10006
-8502
-3284
2050
4676
6405
8254
9510
8067
4345
3415
-706
-8857
-12554
-14955
-15574
-15223
-17883
-16310
-15913
-19923
-18326
-15621
-15602
-14375
-13335
-11127
-10628
-12271
-7350
-2769
-1927
919
1654
3211
5002
4361
8842
8255
4384
6295
2025
-149
1010
-824
140
-1298
-3798
-3670
-5769
-4930
-1753
-2776
-1982
1073
696
1821
4222
6287
7877
7429
8819
10352
11103
14376
16882
19546
21204
19403
21159
20215
16923
17694
15570
12662
9035
4867
4770
5339
6884
11358
15813
16978
16669
14857
10226
-1041
-7385
-7648
-16576
-16984
-13140
-14548
-8119
-8810
-7450
-5659
-12536
-9658
-9661
-15864
-15783
-14607
-10429
-6610
-4979
5029
10107
10382
14703
15429
13954
9828
6978
6317
-2985
-9673
-11669
-14291
-16214
-20035
-19118
-17059
-21715
-22212
-19454
-18746
-17924
-18902
-14554
-12478
-15333
-10105
-5377
-3247
382
3035
9513
10579
8411
13910
13553
10461
9946
6335
4251
817
-2989
-1113
-2991
-6651
-4067
-4065
-6338
-3621
-1995
-1262
-1113
-2877
-120
379
-935
3183
5938
7116
10338
14515
19197
20871
22081
24145
21957
18360
17405
15991
12417
10429
8451
5155
5681
4999
5252
10800
11298
13905
18160
15763
15099
12714
6420
-3669
-12058
-13670
-19803
-19175
-15247
-16103
-12574
-13453
-13098
-12300
-16590
-13977
-12637
-16011
-14378
-13411
-8232
-1425
3165
12174
17660
18445
21415
20747
19160
13266
6742
3281
-6320
-14051
-17540
-20325
-19747
-23641
-25414
-20369
-22571
-23381
-19058
-17561
-15681
-16876
-15207
-10465
-13141
-9644
-1299
1831
5075
8429
14492
17446
15725
17887
16863
12274
7234
3568
3531
-1805
-4484
-2727
-4169
-5526
-5540
-4016
-2541
-3867
-3727
-2524
-4484
-5053
-4575
-2630
255
964
6016
12088
14204
17985
22269
23347
23104
21203
18963
17964
14594
12749
12235
10579
8131
6814
10382
8444
7858
12191
12225
13366
14082
14937
13294
8835
5260
-5279
-14775
-18295
-22005
-22284
-17725
-16507
-16121
-13467
-13680
-13356
-15210
-15403
-10965
-12348
-14115
-10989
-6926
-38
7030
13487
21312
21947
21064
22631
18492
12102
6082
794
-6424
-16809
-22060
-22377
-22839
-24137
-24131
-22096
-21534
-21760
-18949
-15069
-13355
-14705
-13876
-10830
-12036
-10550
-2920
2673
5767
8742
12414
15691
16310
16604
17783
15866
10717
6570
4562
1723
-508
-1304
-2567
-2135
-4680
-5592
-3052
-4772
-4964
-4785
-6811
-7761
-8676
-7363
-4078
-369
3852
8396
13821
17155
20201
22629
23105
22389
19855
19713
16492
13313
13477
12161
10754
9664
9281
9772
9264
8175
10352
9425
8092
11468
12914
7907
5526
2188
-7400
-17269
-19651
-24303
-23043
-20781
-20078
-16971
-17744
-16226
-12510
-14356
-12669
-8297
-9921
-8329
-7475
-3515
4272
9512
16720
21061
21173
21052
19560
17785
11061
3870
-632
-9010
-17805
-21713
-23705
-21638
-21905
-23252
-18332
-18652
-19265
-15174
-12537
-11772
-13671
-13610
-10541
-11150
-10309
-2786
4334
7371
8514
13392
17484
16270
17364
19204
15880
11055
6963
4918
2617
-2080
-1596
-1083
-4290
-4666
-5177
-5429
-5256
-7429
-6809
-7032
-9833
-7106
-5194
-3515
1723
6140
10766
15497
17334
22068
24915
22934
23535
21830
18597
17831
14526
12993
12082
7174
7000
6667
3740
2394
2732
3893
1726
1406
5583
8246
7199
5804
5240
-1110
-9014
-17101
-19484
-20329
-23359
-18357
-18561
-17790
-13780
-13353
-7925
-8895
-8667
-3174
-4403
-4736
-4273
466
5161
6915
10706
14793
14000
15269
13953
11366
8258
445
-1899
-6668
-13833
-15410
-16702
-14937
-15360
-18492
-14647
-12870
-15295
-14135
-12374
-11311
-13393
-15577
-11205
-10586
-9863
-3287
2247
5533
5482
10211
15692
15087
16092
16793
15373
12534
7285
5292
2794
-1750
-2410
-4380
-7494
-7130
-7863
-8436
-6872
-5563
-6171
-7055
-5529
-3376
-3029
135
5947
9321
12992
17094
23104
26762
26379
28103
27629
23060
19233
16169
12311
7592
3801
1979
-1646
-2689
-3465
-3898
-665
-2967
-346
2824
3062
10001
8408
7405
6552
-1672
-6319
-16802
-18056
-17560
-24130
-16268
-13599
-14715
-9418
-9580
-5946
-6398
-12172
-6495
-9425
-13120
-7848
-7424
-1468
2836
5939
16210
16031
17151
20075
16219
14016
5919
1059
-916
-10657
-12502
-12188
-14925
-12904
-14602
-12892
-8792
-13526
-12247
-9458
-13866
-15124
-15709
-14187
-12129
-11823
-4725
813
2477
8209
12760
16370
16770
16144
17501
12925
9372
6428
2325
1249
-3320
-3931
-1853
-4418
-2745
-2368
-3591
-2325
-4133
-5026
-5012
-5383
-3940
-1087
2818
6879
10819
14833
20017
22274
22258
22367
19156
16377
13300
8194
5743
3421
-418
235
-1381
-3711
-75
-1988
-820
1013
-1451
1157
3310
5248
8239
10584
10589
6317
3601
-801
-9356
-15126
-15355
-17837
-18802
-15938
-15108
-13269
-13838
-9852
-9788
-13915
-11684
-11095
-10294
-11005
-7180
261
3796
8007
15594
20124
19989
21070
20194
17949
10360
4322
1914
-3618
-9344
-14250
-12021
-11238
-16580
-14834
-10698
-11301
-13983
-12477
-8362
-12369
-17385
-13864
-11333
-13550
-12278
-5015
1780
2249
6880
15084
15508
13845
15645
16850
13030
8567
6918
6494
3049
724
2444
2484
1803
1083
815
1202
-733
-1394
-1929
-3810
-3511
-3228
-2574
477
3314
6144
10665
12016
13453
13019
10148
9661
7423
4253
3227
2461
1937
2017
811
2001
4338
2906
2104
4783
3307
3423
4898
4762
5957
6592
11024
8150
3499
2666
-3160
-10560
-16056
-19963
-21419
-22336
-19251
-18435
-17876
-13971
-9528
-10087
-8883
-5658
-4075
-3690
-2860
2422
5003
9112
15501
19959
21834
20967
21896
21728
14820
9275
6874
107
-6339
-11407
-14953
-13210
-15836
-17639
-13355
-13716
-15672
-15128
-13500
-13972
-17102
-17437
-16432
-16428
-16514
-13972
-4984
-1602
1644
12900
15859
18875
22548
21638
23408
16352
13685
12613
5319
5091
3298
1511
1550
126
1427
-677
-2320
-783
-3087
-5482
-7262
-7323
-7632
-7798
-4570
-2476
714
4367
7498
11323
11319
12282
13523
10505
8577
7047
5853
4814
4043
2836
2544
3520
3706
2933
3059
3737
1196
2026
2034
693
953
2578
4917
539
-1925
-902
-6631
-12398
-15893
-16803
-17205
-19307
-13558
-11223
-12265
-8137
-4394
-4261
-4665
-3375
973
1462
-358
5401
8526
10105
14430
17565
19587
16974
15573
15451
10456
3797
632
-2357
-6589
-11373
-14182
-11730
-15089
-18589
-16255
-16096
-17626
-20744
-18781
-15645
-19193
-18238
-12545
-9875
-7408
-2659
5096
11976
13402
18406
24472
23051
22367
21484
20244
16409
10700
10292
8226
3561
1762
401
-518
-2639
-5791
-6047
-8238
-10939
-11424
-12008
-12249
-12150
-8981
-4930
-2663
-684
3413
8558
10974
12350
13549
15421
14883
11447
10154
9325
6135
4311
4424
3176
1518
-34
597
-133
-4536
-5564
-5100
-6443
-6837
-7280
-3388
1495
2993
4989
6962
7062
3435
-310
-5360
-9380
-11257
-12276
-8696
-8537
-9694
-4148
-990
-365
-1231
-90
4108
2381
-1406
455
1358
1654
3160
6088
10969
9685
10978
14404
10715
6310
2209
598
-1934
-10324
-13436
-10229
-12553
-15639
-15306
-14242
-11732
-14690
-14703
-10106
-12020
-13557
-10131
-5732
-4576
-4450
1893
8359
9921
11321
15686
20116
18022
16323
18273
15465
11367
9111
7334
5139
1134
-966
-1769
-4845
-7288
-8011
-9212
-8593
-10011
-10770
-9243
-8252
-6937
-7096
-5280
-1237
-206
1785
5635
7836
9348
9980
11574
10732
7185
4935
3799
1230
-1155
-2493
-3578
-4256
-5576
-4971
-4048
-4276
-2754
-1984
-2047
213
383
2482
6831
9996
15166
14081
13333
14219
8740
4237
-2257
-5419
-4789
-8973
-7142
-5729
-7509
-4743
-3537
-2405
-3040
-5830
-3735
-2660
-7070
-7206
-6031
-4366
-779
1471
6730
9855
12622
17083
16938
14351
11601
8844
6097
217
-4950
-5455
-8894
-12832
-13746
-14425
-13993
-15289
-14073
-10162
-11750
-12131
-10338
-9440
-8311
-7868
-4365
556
1544
5503
10747
13029
15963
17617
19749
20386
17723
16021
12846
7685
3970
-660
-5706
-7350
-9368
-11614
-11165
-10364
-9193
-9626
-11700
-9813
-9755
-12901
-10963
-8494
-7379
-4604
-1440
4019
6673
7480
10987
10862
8608
6475
3440
1128
-2178
-5348
-5042
-4426
-4272
-2387
334
2818
4002
5783
7221
7526
7471
7377
9740
11399
14254
16367
15759
16445
14674
10754
6661
-282
-2319
-5012
-8975
-8066
-11993
-13196
-11801
-13212
-14340
-16741
-16008
-11880
-12056
-11035
-6676
-3152
2981
7780
13366
18311
18309
23256
24430
20610
18996
15094
12826
9423
210
-2905
-4508
-12502
-16182
-18608
-21287
-22796
-27317
-25334
-22751
-25579
-22308
-17084
-13758
-11786
-7953
2376
8357
10522
18977
25612
27470
27947
27235
27252
21536
14556
10560
4543
-2544
-7109
-9525
-12069
-14467
-16282
-16824
-17429
-17994
-18224
-18142
-17143
-15917
-15070
-13350
-8382
-5218
-2209
3578
7731
11221
12482
13502
15584
12884
9204
7298
4316
1437
-1006
-1485
22
445
1652
4810
6656
7190
7463
8347
9569
8504
6701
7451
10854
11387
13160
19185
20533
18788
18518
15429
8485
-2587
-9036
-11508
-18013
-21966
-20601
-19513
-16579
-14668
-11168
-8853
-10207
-6560
-3113
-2847
-1569
-694
4684
10220
12116
17159
21079
23844
25609
22469
19328
15386
6816
1732
-5746
-14366
-18532
-23547
-26418
-27674
-29751
-27356
-24829
-23630
-17639
-14645
-11593
-5752
-2694
872
4431
7890
13292
16513
18693
21231
22136
21484
18949
15724
11791
6337
125
-4544
-8379
-13293
-16825
-17642
-18125
-19784
-20744
-18238
-16967
-17126
-16065
-13758
-10549
-9457
-7220
-2939
668
4280
7652
12062
15556
15078
15718
15884
13041
9817
6604
5245
2986
562
1216
2173
2085
3245
5098
6611
6601
5874
6692
6878
6705
7226
8653
10528
11399
14913
17418
19590
22368
19373
17843
16614
8939
1203
-7046
-11837
-15966
-21923
-20645
-19939
-21416
-17910
-15226
-15379
-14959
-13896
-8755
-7969
-8404
-2503
1693
5501
11004
15678
20418
21766
21901
23378
19241
13218
9406
3430
-3657
-11165
-16928
-17830
-21425
-23862
-21201
-19246
-17717
-16652
-13086
-8814
-7847
-5857
-3093
-2661
-1832
10
3619
6566
6847
10620
13287
13444
14015
12140
10265
6831
1436
-2486
-7579
-11894
-13096
-14455
-14867
-14210
-13257
-10750
-8827
-7741
-6477
-6105
-5212
-3389
-3037
-2108
1010
3442
6021
8787
10678
12774
13717
13426
12597
9958
7093
4656
1581
-953
-2329
-3191
-3058
-1276
724
2911
5375
8127
11200
11797
12650
15534
16012
15306
15415
16248
15462
14050
15083
15493
13978
11503
8734
5584
-2245
-12440
-18309
-23153
-30406
-32221
-29167
-27645
-24735
-19607
-13340
-10248
-8442
-2665
1041
2333
4875
8218
11666
14193
17329
22200
22680
21980
22713
19779
15348
9352
3946
-899
-8827
-14845
-18200
-21953
-24375
-25062
-23896
-21148
-20649
-18556
-13803
-12820
-11864
-9035
-5543
-2702
-2489
1464
6946
10164
13541
15447
18157
16821
14497
13972
9402
5650
1380
-2346
-5316
-11481
-11643
-11025
-12000
-9616
-9041
-7792
-6529
-6369
-4859
-5213
-4989
-2732
-2739
-1586
614
2829
6376
8191
10124
11783
11255
10726
10247
9153
6311
4082
2698
1129
-397
-1544
957
2294
3492
5580
7308
9928
9825
10719
11582
9631
8232
7141
5981
5125
4286
4069
4588
4705
4222
6549
6109
1734
1136
-3704
-10933
-16571
-20328
-21743
-21931
-19185
-13634
-10266
-6667
-965
1408
2042
4159
5920
4723
3006
4357
7086
7355
10025
13696
15294
14714
13019
12905
9557
2748
-922
-5684
-13214
-17641
-20892
-20894
-20054
-21436
-18133
-14921
-14375
-12798
-10170
-6765
-5729
-6229
-2653
65
1608
4986
9129
14554
16417
18332
21003
17840
15233
11517
6397
3546
-3301
-6687
-9341
-12469
-12693
-15209
-12419
-10746
-11125
-7723
-7019
-4958
-3242
-3181
-211
715
1495
3179
4795
7466
7938
8994
10916
10226
8913
7294
5629
3581
413
-960
-907
-1925
-3235
-2595
-1489
-1361
-1674
-669
1375
1228
969
2876
3262
3796
4836
5783
6616
6137
5245
6543
6483
4990
5522
6648
8022
7487
8421
8390
7246
3005
-1973
-3652
-7959
-12476
-12153
-12629
-11021
-11151
-10343
-7035
-7562
-7510
-3963
-2719
-3541
-2701
-1608
1774
1280
2411
8009
10574
11791
12040
13393
13247
8453
6163
4215
-1833
-7623
-10395
-11946
-14232
-16407
-13755
-9961
-10783
-8910
-5224
-3233
-2276
-509
2236
1834
919
2433
3419
2930
4312
6639
7671
6864
7335
8939
5987
3266
2740
-666
-4842
-7594
-9198
-10162
-12056
-10465
-7229
-6172
-3493
-553
987
2273
2083
1508
938
-264
-1591
-1542
-950
-1308
-952
-82
2173
2173
669
2075
1565
-1001
-1610
-1222
-1127
-2076
-1757
767
1080
1138
4035
6082
6298
6757
7309
7548
6741
5652
6556
6998
6839
8726
8638
9165
10321
10344
11015
10160
10361
8618
4706
3106
-2377
-8380
-11843
-15257
-16891
-19316
-19602
-15693
-15970
-15613
-12553
-10895
-9131
-6906
-3110
2113
3662
6877
13093
15253
16725
18170
19920
18768
15679
14042
11295
6282
2426
-334
-3846
-7274
-10188
-10879
-12891
-14843
-13534
-14051
-14495
-13032
-11874
-9514
-7660
-4498
-1186
-533
2082
4717
6610
8640
10072
11338
11203
10476
10119
7412
3308
2444
-2315
-6379
-6091
-9224
-9652
-10131
-11083
-9043
-12052
-10230
-6874
-8842
-6144
-5683
-5653
-3646
-3992
-1511
900
1711
4550
6225
6932
8243
8479
7955
7803
6047
4006
3662
1742
801
937
7
93
-1347
-2824
-2824
-4521
-4666
-2815
-1671
-142
2351
4727
7258
9117
10425
11004
10358
10301
9279
7035
6243
5951
5002
4219
5161
5975
4680
4981
4179
1825
-4402
-9361
-12136
-16499
-19479
-18701
-15560
-12643
-10026
-4365
796
2694
5530
8760
9592
8002
7274
8262
8194
7214
9063
11380
11436
10882
10723
9736
7495
4083
1101
-2242
-7363
-11205
-12790
-13798
-14625
-14478
-12448
-10905
-10926
-9354
-6846
-5251
-4416
-3551
-2183
-2157
-1955
-306
2406
3784
5175
7657
8301
8545
6713
5308
4132
-531
-3846
-6448
-8913
-9534
-11091
-9541
-8480
-8454
-5140
-4198
-2855
-1414
-2427
-1253
-776
-1080
339
649
2627
4833
5982
7983
8950
8768
7789
6414
4413
1743
-1142
-3281
-3737
-4928
-5324
-3824
-3194
-1951
-321
483
1232
1704
2099
1919
1621
1023
850
1652
2287
4195
5917
7488
10027
11773
12814
11552
9669
8548
6290
5070
4459
3442
4113
2094
818
62
-3874
-6046
-6696
-7565
-9171
-11041
-9525
-8648
-9573
-6389
-4908
-3565
-1167
87
1889
2502
4108
7665
7274
7651
9168
8085
8411
7428
6193
4903
2365
1257
-914
-4786
-6785
-7757
-9925
-12087
-12357
-11840
-11834
-11735
-9605
-7979
-8187
-6546
-4678
-4255
-4448
-2914
-1208
-497
1085
3818
5678
6286
8464
9429
8389
7246
6181
4192
754
-1449
-2242
-3953
-5351
-4680
-3589
-3888
-3042
-939
-532
-1046
-299
1215
1221
492
1549
3115
2722
2636
3963
4279
4121
4115
4257
4425
3419
2343
2658
1973
238
-618
-950
-1304
-2070
-2664
-2010
-1311
-1646
-1506
-818
-453
-603
-513
509
989
1324
2383
3659
4731
4571
5425
7062
6406
5814
6183
6265
5355
4701
5619
5957
5219
4375
3857
1348
-2441
-4738
-6951
-10057
-11101
-10966
-10816
-10210
-9797
-8298
-6264
-6965
-5026
-3254
-4127
-2194
-1671
22
2201
2967
6029
8093
7340
9089
9381
7221
6047
4096
2209
-715
-3464
-4663
-6757
-8804
-9674
-10591
-11261
-11972
-11763
-10778
-10610
-9274
-7147
-5592
-3695
-2174
-130
2654
3803
6229
8282
9597
11362
12323
13127
13557
13152
12382
10875
6985
4344
1010
-2629
-4250
-7477
-8846
-8944
-9962
-8547
-9135
-7517
-4546
-5158
-2590
-221
307
2210
4449
7250
7931
9035
12214
12459
11466
11400
10968
8358
4822
2420
-389
-4809
-7768
-9134
-11346
-13349
-13618
-13025
-13229
-12454
-9977
-8686
-6672
-3385
-1107
1497
3971
6694
9057
10370
12215
13183
12639
12600
11739
9716
7881
5947
3864
1761
-88
-804
-2132
-2849
-2252
-2728
-3533
-3779
-5483
-6818
-8302
-9471
-8723
-10188
-9764
-7752
-8284
-6927
-4683
-3334
-194
783
2443
4279
3306
5026
6107
5415
6318
6675
6928
7270
6900
8425
7881
6405
6320
4500
2502
-45
-2531
-3924
-7331
-9530
-9452
-11179
-11210
-9705
-8030
-5666
-4656
-1645
1889
2318
4212
6442
7113
7331
7517
9427
9740
9046
10568
10409
8939
7533
5543
3429
118
-2718
-4598
-6935
-8984
-9715
-9157
-9371
-8321
-6042
-4965
-4113
-2573
-1156
-513
-212
1521
2252
1378
2329
3390
3320
2834
3519
3445
1084
-158
-518
-2999
-5607
-6650
-7163
-8832
-9815
-8423
-7593
-7685
-6359
-4275
-3494
-3014
-1528
-164
-309
-115
775
908
705
1562
2350
2638
3297
3621
3759
3972
4162
4937
4534
4975
5798
4578
5327
5301
4787
4640
3315
4104
2771
-551
102
-1672
-3924
-4267
-5370
-4078
-5362
-5528
-2754
-3409
-2542
315
937
2979
3326
4680
6730
4769
6541
7781
6015
6963
7183
6607
6745
5373
6179
5219
2548
3076
1351
-466
-1652
-3281
-3519
-4992
-5707
-4589
-5897
-5144
-3983
-4197
-2754
-2662
-1636
-459
-542
880
1528
1729
3206
3548
3987
4529
4118
4096
3102
1836
1060
-926
-2510
-3696
-5229
-6119
-7046
-7714
-7853
-7462
-7654
-7019
-5969
-6148
-4472
-4003
-3199
-1700
-1374
709
1351
1313
2732
2726
2349
1801
1031
618
-1212
-2444
-3188
-4423
-5383
-5477
-5907
-6262
-6280
-5448
-4037
-3777
-2554
-888
-636
-24
1042
1095
1460
1127
1034
1207
234
228
656
415
306
377
547
603
377
923
1719
2461
2909
3957
5400
6049
6843
8137
8584
9279
9129
8819
8731
6708
6219
4658
2403
2144
-196
-1013
-501
-1721
-692
-933
-1144
113
-1155
-845
-330
-1498
-197
12
686
2431
2702
5397
6747
7094
8835
8742
8358
8075
6176
5158
2879
509
-352
-2877
-4383
-5237
-6139
-5954
-6876
-6912
-6048
-6898
-6051
-5743
-6166
-5470
-5777
-5250
-4812
-5210
-3566
-2493
-1121
1290
2384
4575
6085
6441
7100
6496
5415
3830
1705
-167
-2392
-4357
-5587
-6847
-7560
-7854
-8006
-8028
-7959
-7591
-7403
-6847
-6107
-5549
-4414
-3157
-1843
-721
498
2306
3014
3285
3836
3692
3160
2251
1249
348
-1172
-2611
-3260
-4234
-5150
-5300
-4850
-4512
-3986
-3166
-2505
-1754
-1654
-1368
-236
111
439
1437
2150
3529
4429
5531
7478
7427
7340
7806
6974
5725
4545
3611
2649
1670
1489
2204
2611
3333
4665
5771
6286
6631
7219
6950
5868
5544
5211
4281
3822
3525
3544
3159
3012
3432
2912
2041
1673
783
-700
-2413
-3734
-4395
-5221
-5673
-5096
-4193
-3303
-1754
-242
1027
2095
2789
3751
3933
3399
3680
3318
2842
2516
2217
1966
1106
244
-601
-1916
-3059
-3748
-4854
-5581
-6049
-6266
-5952
-6076
-5721
-5132
-5340
-4920
-4663
-4732
-4319
-4014
-3294
-2653
-2042
-1356
-962
-813
-1017
-1583
-2198
-3059
-4159
-4805
-5327
-5685
-5752
-5472
-4899
-4424
-4183
-3600
-3116
-3478
-3455
-3123
-3668
-3580
-3108
-2525
-1602
-897
516
1555
1631
2578
2971
2407
2365
1822
891
330
-470
-712
-1100
-1418
-641
-638
-517
457
686
926
1677
1789
1962
2404
2646
2966
3265
3818
4510
4631
5144
5703
5529
5449
5286
5015
4108
3953
3787
2925
3095
3272
3278
3666
3807
4585
4900
4898
5621
5580
5379
5181
4835
4621
4047
3713
4276
3993
4010
4833
4535
4064
3674
3152
1971
196
-809
-1888
-3579
-3991
-4483
-4766
-4627
-4231
-3260
-3333
-2755
-1264
-1257
-811
250
714
1308
1638
2726
3160
2649
3377
3322
1725
1372
581
-931
-2573
-4099
-4461
-6204
-7719
-7380
-8023
-8849
-8792
-8519
-8236
-8571
-8298
-7079
-7117
-6715
-5002
-4122
-3067
-1480
-400
598
1347
1577
1919
1331
297
0
-1467
-2712
-2812
-3982
-4322
-4378
-4602
-3973
-4246
-3777
-2896
-3339
-3081
-2378
-2280
-2063
-1341
-180
539
1133
2336
3718
3938
4041
4916
4606
3804
3462
2945
2654
2042
1937
2418
2122
2105
2621
3107
2830
2796
3139
2843
2352
2198
2297
2036
1743
1916
1982
1847
1751
1731
1521
1078
621
179
-33
-141
-373
216
946
1380
2626
3647
4257
5175
5842
6265
6362
6340
6631
6233
5829
5697
4862
4146
3495
2836
1812
759
269
-768
-1700
-2189
-2259
-2531
-2935
-2371
-1845
-1495
-840
-344
483
739
577
1015
726
-14
-368
-907
-1245
-1866
-2681
-2142
-2206
-2943
-2482
-2493
-2617
-2912
-3507
-3020
-3669
-4483
-3765
-3634
-3872
-3489
-2877
-2263
-2436
-2428
-2121
-2652
-3268
-3598
-3986
-4321
-4346
-3830
-3137
-2739
-1785
-679
-273
260
637
513
146
-705
-1117
-1601
-2264
-2593
-2763
-2536
-2547
-2370
-1828
-1352
-1227
-1038
-315
-81
-74
359
914
1211
1122
1712
2154
1769
1556
1323
1125
437
-186
-233
-547
-988
-991
-726
-763
-1102
-715
-227
-456
-273
406
751
1278
2116
3018
3831
4646
5641
6128
6267
6324
6125
5515
4522
3645
2610
1407
498
-193
-972
-1434
-1475
-1614
-1590
-1365
-776
-217
217
1131
1736
2272
2749
3159
3675
3859
4233
4482
4479
4670
4430
4008
3482
2768
2118
1071
149
-488
-1241
-1855
-2108
-1866
-1722
-1592
-799
-204
-154
360
726
611
420
241
587
474
90
1018
1263
795
1295
1404
1023
266
-291
-356
-1427
-2446
-2125
-2821
-3215
-2696
-2701
-2207
-2190
-1833
-1366
-2118
-1912
-1799
-2649
-2892
-3149
-3129
-3228
-3622
-2989
-2725
-2892
-2379
-2194
-2253
-2325
-2555
-2576
-3071
-3352
-2915
-3056
-2882
-1945
-1280
-595
193
752
1352
1230
952
1014
20
-527
-807
-1602
-1464
-1525
-1383
-905
-1287
-881
-903
-1444
-1199
-1413
-1389
-1387
-1146
-382
71
512
1401
2312
2436
2841
3388
2935
2528
2739
2397
1706
1365
1672
1632
974
1452
2034
1463
1530
2082
1980
1681
1871
2137
1899
1832
2290
2391
2097
2576
3001
2800
2852
3149
2957
2556
2192
1863
1551
541
23
-22
-880
-1271
-1320
-1384
-1192
-1301
-801
-290
-251
128
676
989
1164
1567
1822
2132
2081
2093
2610
2370
2266
2126
1895
1583
282
-98
-561
-1788
-2517
-3084
-3050
-3655
-3936
-2823
-2853
-2586
-1781
-1060
-569
-973
-337
-21
-882
-669
-973
-1282
-1477
-2401
-2024
-2456
-3204
-2501
-2992
-3097
-2707
-3192
-2561
-2860
-2952
-2202
-2776
-2184
-1782
-2105
-1021
-957
-971
33
-56
280
267
56
575
-164
-272
67
-519
-416
-437
-628
-359
-341
-14
239
155
691
875
944
1439
1551
1684
1936
1854
2112
2057
1801
2322
2069
1757
2058
1743
1677
1577
1291
1412
1081
865
936
765
791
746
744
871
785
848
883
846
911
946
735
759
690
613
670
617
957
1000
900
1193
1338
1225
1181
1106
1018
743
476
407
-59
-377
-468
-767
-1096
-1417
-1582
-1780
-2022
-1883
-2297
-2345
-2133
-2175
-1901
-2033
-1438
-856
-995
-270
417
440
739
944
1148
769
256
403
-130
-977
-1167
-1483
-2048
-2381
-2427
-2503
-2656
-2586
-1998
-1804
-1612
-707
-291
181
665
1006
1353
1228
1481
1525
1346
1736
1617
1824
2043
1841
2180
1857
1664
1675
909
744
525
20
202
261
521
901
939
1365
1441
1368
1530
1177
803
609
501
198
219
747
698
1122
1652
1931
2366
2376
2795
2703
2122
2306
1792
1411
1278
901
1091
623
611
691
256
248
-271
-543
-828
-1642
-1789
-1941
-2483
-2500
-2354
-2233
-2176
-1949
-1427
-1402
-1618
-1063
-1034
-1664
-1426
-1496
-1933
-2046
-2083
-2015
-2280
-2220
-1798
-2182
-2253
-1907
-2121
-2449
-2417
-2334
-2560
-2677
-2439
-2212
-2436
-2299
-1796
-1888
-1853
-1446
-1374
-1515
-1385
-1200
-1163
-1216
-1034
-608
-801
-708
-231
-356
-417
-131
-91
-115
-175
11
260
184
411
801
815
838
1351
1467
1297
1561
1715
1901
1849
1870
2403
2128
2135
2489
2216
2236
2175
2216
2268
1934
2123
2224
2009
2122
2295
2198
2092
2334
2226
2390
2437
2497
2671
2367
2895
2865
2629
3035
2899
2991
2723
2502
2704
2104
1782
1879
1446
1246
1046
904
1030
473
426
533
-31
-204
-579
-746
-1066
-1714
-1589
-1874
-2148
-1688
-1895
-1742
-1150
-1061
-599
-433
-188
424
114
314
683
136
74
-148
-602
-1049
-1674
-1832
-2439
-3043
-3028
-3325
-3727
-3861
-3647
-3628
-3958
-3623
-3223
-3314
-3326
-2808
-2288
-2545
-2221
-1622
-1689
-1764
-1515
-1326
-1750
-1850
-1709
-2020
-2298
-2281
-2242
-2490
-2493
-2168
-2325
-2293
-1998
-1990
-1713
-1594
-1291
-855
-831
-333
113
334
793
1107
1423
1496
1531
1647
1645
1495
1379
1422
1138
1022
1196
982
1098
1274
1189
1514
1557
1625
1925
1934
2248
2429
2561
2705
2793
2986
2972
3098
3169
3121
3056
2860
2936
2720
2445
2336
2066
1874
1630
1599
1502
1333
1478
1340
1441
1439
1275
1471
1261
1376
1420
1238
1588
1541
1495
1706
1613
1788
1706
1384
1557
1184
919
956
470
407
243
-100
-54
-399
-506
-469
-833
-763
-839
-1051
-943
-1030
-1068
-1047
-1072
-1067
-1137
-1266
-1426
-1576
-1829
-2084
-2194
-2543
-2556
-2606
-2800
-2428
-2476
-2300
-1962
-1916
-1541
-1504
-1446
-1171
-1288
-1222
-1082
-1301
-1353
-1340
-1561
-1518
-1713
-1926
-1788
-2156
-2235
-2203
-2476
-2303
-2266
-2173
-1894
-1870
-1594
-1271
-1159
-823
-564
-649
-395
-375
-371
-102
-156
-1
65
3
158
-22
-82
98
-148
-156
-189
-290
-163
-156
1
152
353
595
605
825
1173
1234
1430
1678
1663
1708
1785
1750
1655
1545
1549
1422
1186
1116
1102
1019
993
1149
1120
1177
1306
1376
1442
1489
1777
1765
1728
1982
1975
2047
2091
2071
2182
1928
1828
1789
1479
1385
1169
988
890
684
631
549
568
595
588
644
701
801
774
868
942
794
975
948
811
967
998
975
858
804
731
471
310
103
-96
-244
-387
-496
-646
-662
-720
-785
-878
-848
-883
-1005
-893
-1029
-1147
-1065
-1132
-1066
-1073
-1136
-982
-1020
-1022
-883
-895
-841
-844
-887
-822
-914
-942
-896
-1023
-1137
-1269
-1328
-1399
-1673
-1671
-1709
-1811
-1825
-1860
-1752
-1665
-1559
-1474
-1335
-1278
-1134
-1040
-1032
-913
-936
-829
-738
-776
-628
-557
-459
-370
-346
-130
-164
-154
-64
-92
-136
-195
-180
-209
-256
-271
-272
-183
-228
-116
21
63
135
272
379
397
498
475
467
428
363
330
384
417
443
587
699
862
974
1062
1185
1181
1263
1281
1170
1261
1181
1141
1200
1128
1176
1173
1199
1192
1070
1129
1005
876
818
665
627
493
540
593
545
693
797
829
939
1033
1051
1075
1053
1030
1011
935
807
677
525
420
277
99
43
-34
-15
-61
-110
-4
-98
-120
-145
-180
-143
-247
-213
-223
-269
-223
-241
-275
-360
-380
-389
-508
-594
-653
-784
-870
-936
-1096
-1157
-1214
-1220
-1261
-1300
-1175
-1170
-1212
-1116
-1143
-1173
-1117
-1147
-1089
-1067
-1017
-923
-926
-810
-725
-723
-691
-659
-645
-647
-613
-637
-662
-631
-678
-608
-544
-523
-338
-279
-193
-50
22
109
112
115
173
162
143
186
181
234
250
298
355
310
366
320
242
302
229
190
193
164
251
286
359
450
439
538
600
518
537
569
563
644
739
857
960
1133
1275
1269
1317
1325
1225
1056
905
776
551
369
263
87
-31
-99
-166
-199
-174
-59
-42
40
186
225
333
367
418
474
405
495
434
372
389
252
204
48
-59
-161
-357
-448
-586
-725
-820
-873
-906
-956
-927
-853
-828
-723
-629
-583
-443
-371
-284
-200
-156
-12
-33
25
149
56
68
62
-35
-35
-78
-91
-63
-80
11
115
105
188
217
175
185
120
88
65
27
-4
27
78
112
204
242
354
457
467
573
618
595
637
634
674
692
668
747
761
756
777
690
644
538
362
289
107
-34
-91
-222
-260
-304
-327
-290
-296
-242
-194
-147
-93
-63
-25
6
33
11
-21
-38
-54
-104
-135
-165
-240
-264
-318
-393
-425
-475
-515
-548
-559
-560
-569
-585
-596
-636
-678
-685
-799
-849
-867
-958
-958
-975
-975
-943
-956
-881
-855
-832
-757
-752
-711
-666
-614
-548
-515
-432
-390
-337
-270
-245
-212
-204
-166
-133
-101
-79
-31
-4
-4
39
48
50
28
30
25
54
90
102
173
234
326
386
452
528
583
646
676
731
764
825
864
891
942
950
954
937
926
891
838
827
787
775
764
773
821
838
916
970
1015
1075
1110
1138
1137
1104
1060
1026
962
919
875
839
811
785
752
700
652
571
502
410
295
228
140
50
8
-41
-67
-54
-50
-46
-67
-74
-72
-108
-167
-224
-300
-345
-427
-508
-527
-611
-634
-659
-695
-741
-773
-780
-846
-863
-890
-903
-909
-937
-954
-968
-976
-991
-989
-988
-998
-978
-964
-968
-971
-968
-992
-1044
-1038
-1066
-1075
-1096
-1073
-1059
-1059
-996
-987
-948
-895
-900
-836
-803
-769
-681
-638
-557
-482
-387
-317
-223
-133
-96
-47
-25
-15
-21
-35
-31
-20
5
52
101
168
273
357
452
535
607
701
743
792
831
845
865
876
889
920
948
986
1023
1053
1104
1137
1125
1133
1141
1094
1096
1053
1013
1019
960
951
937
909
918
917
908
915
909
903
916
872
859
822
770
736
677
648
617
597
581
559
522
516
463
393
355
251
153
55
-48
-117
-181
-258
-292
-360
-415
-428
-491
-523
-547
-586
-601
-612
-628
-626
-637
-644
-650
-678
-709
-724
-762
-791
-826
-874
-891
-923
-938
-963
-997
-1009
-1041
-1066
-1103
-1116
-1104
-1108
-1091
-1036
-1003
-966
-894
-848
-815
-781
-751
-702
-647
-622
-553
-487
-416
-351
-282
-189
-139
-66
-16
1
34
63
65
56
51
32
4
1
-11
-39
-37
-29
-20
-10
20
64
114
169
224
322
384
468
578
629
713
786
811
849
866
860
849
817
781
737
697
669
609
564
549
522
506
506
531
548
572
614
615
659
680
693
726
734
746
768
782
775
785
771
761
746
703
673
625
562
516
448
389
346
275
258
210
159
159
138
104
106
101
56
57
60
30
24
27
8
-4
-29
-66
-112
-170
-233
-295
-372
-423
-464
-509
-520
-520
-517
-516
-508
-484
-461
-464
-461
-447
-448
-442
-428
-433
-433
-424
-426
-438
-466
-467
-500
-548
-572
-616
-642
-662
-675
-666
-650
-622
-583
-538
-504
-473
-426
-414
-394
-377
-362
-360
-349
-319
-306
-285
-258
-236
-216
-211
-209
-217
-224
-228
-257
-262
-260
-266
-248
-224
-208
-161
-136
-113
-81
-62
-30
-18
8
43
58
99
121
146
189
206
246
279
288
330
344
366
384
389
398
387
403
386
379
389
384
376
376
376
376
377
367
384
383
389
399
383
413
407
396
421
408
420
418
414
418
410
413
419
413
412
419
406
403
394
378
358
363
338
309
317
284
268
238
234
200
181
177
150
149
136
137
123
130
119
97
93
62
26
-10
-46
-97
-128
-182
-208
-237
-266
-265
-283
-289
-290
-286
-303
-293
-296
-304
-290
-295
-300
-310
-310
-338
-357
-386
-414
-429
-462
-466
-495
-499
-493
-509
-505
-519
-518
-535
-545
-558
-569
-574
-562
-559
-533
-501
-474
-436
-399
-368
-332
-286
-263
-215
-192
-160
-113
-99
-60
-38
-15
10
24
25
21
34
8
12
4
6
7
11
37
40
79
104
145
174
210
259
268
314
339
364
407
415
447
452
469
468
454
464
440
433
419
404
387
379
359
343
345
329
326
338
311
343
343
317
345
322
335
327
303
312
296
274
265
240
222
220
181
161
157
118
110
86
65
67
40
29
27
-3
-4
-8
-30
-30
-43
-66
-71
-91
-123
-124
-147
-171
-164
-186
-180
-197
-203
-194
-208
-204
-210
-205
-211
-220
-218
-227
-231
-233
-242
-240
-235
-249
-248
-231
-251
-234
-211
-236
-217
-208
-230
-211
-210
-216
-198
-202
-190
-175
-170
-156
-143
-143
-112
-114
-115
-75
-90
-80
-69
-63
-52
-45
-24
-10
-3
11
27
33
48
60
58
75
88
69
85
82
79
83
67
76
63
58
59
57
51
65
75
75
102
108
127
145
155
167
181
188
183
192
189
180
172
160
150
138
113
97
92
66
63
57
36
47
41
24
39
31
17
44
26
17
50
21
13
37
-6
-2
7
-45
-16
-28
-52
-22
-34
-43
-21
-34
-48
-22
-44
-50
-34
-53
-49
-47
-52
-43
-43
-46
-44
-40
-42
-43
-39
-38
-30
-33
-32
-26
-35
-41
-33
-40
-49
-44
-47
-54
-47
-48
-54
-33
-46
-51
-30
-48
-48
-37
-48
-38
-30
-32
-8
-1
2
28
22
33
43
34
47
42
35
40
34
46
41
41
62
52
65
82
64
74
84
64
65
76
60
66
66
50
77
60
63
82
68
78
87
65
68
84
53
69
68
51
58
52
41
44
25
13
13
-1
-6
-17
-25
-27
-37
-49
-53
-66
-72
-81
-89
-90
-106
-93
-107
-110
-90
-111
-93
-93
-98
-90
-85
-100
-98
-87
-114
-99
-109
-115
-105
-120
-118
-111
-118
-107
-102
-105
-81
-84
-79
-67
-64
-61
-58
-47
-54
-46
-41
-36
-34
-29
-14
-11
3
4
16
22
32
39
43
53
67
73
72
90
95
97
110
119
118
129
128
132
133
137
142
133
144
134
144
138
141
145
132
149
138
139
137
132
124
119
110
100
96
88
83
73
80
69
67
68
58
64
53
43
45
40
22
25
7
9
5
-11
0
-17
-18
-23
-27
-33
-33
-48
-50
-49
-66
-53
-65
-62
-69
-72
-77
-84
-87
-101
-102
-114
-119
-126
-124
-131
-126
-125
-129
-122
-131
-129
-137
-139
-150
-153
-160
-169
-170
-175
-170
-176
-164
-157
-148
-141
-128
-116
-109
-88
-85
-70
-62
-44
-44
-28
-19
-20
-10
-14
0
-5
6
4
6
10
12
16
12
20
18
25
23
32
30
45
58
61
85
92
104
118
131
130
143
143
147
160
152
158
156
150
141
141
126
124
115
107
121
114
120
120
121
115
118
110
105
111
108
112
117
123
115
120
109
106
102
94
104
95
105
103
100
95
89
86
77
73
72
67
66
66
45
46
22
2
-4
-24
-40
-41
-54
-69
-53
-81
-86
-81
-105
-99
-94
-97
-92
-76
-85
-83
-80
-94
-97
-101
-100
-98
-90
-95
-83
-90
-103
-105
-122
-131
-135
-133
-133
-129
-129
-124
-130
-133
-134
-141
-130
-129
-112
-98
-87
-78
-81
-77
-84
-95
-88
-91
-85
-67
-65
-48
-49
-44
-46
-51
-44
-53
-29
-30
-21
-2
-7
-5
-2
-7
-13
7
5
19
53
56
64
86
73
71
85
73
80
91
94
94
101
94
80
77
63
62
64
73
77
84
94
93
82
87
80
69
84
81
87
100
105
94
97
91
65
67
65
56
68
75
65
71
70
43
42
33
17
29
30
32
44
49
34
31
20
-3
4
-1
-1
7
9
4
-4
-9
-27
-42
-46
-54
-46
-41
-33
-28
-32
-31
-46
-54
-58
-60
-54
-43
-35
-32
-29
-39
-46
-52
-70
-68
-63
-64
-53
-41
-42
-49
-43
-61
-66
-54
-61
-56
-34
-32
-29
-22
-33
-38
-45
-53
-44
-42
-32
-15
-20
-9
-17
-28
-30
-35
-30
-26
-10
1
15
17
13
9
-1
-14
-9
-4
-4
13
19
23
27
20
12
9
9
8
14
28
28
38
32
27
22
12
16
12
20
24
31
36
38
37
24
18
18
16
23
36
38
43
52
44
37
38
19
22
30
32
43
50
44
39
43
21
26
22
12
30
30
32
37
33
20
16
15
1
12
10
14
30
26
32
24
16
11
2
3
5
7
7
17
13
6
10
-13
-15
-9
-23
-12
-3
-13
-10
-3
-20
-21
-20
-37
-30
-19
-23
-17
-10
-25
-31
-29
-44
-49
-43
-47
-42
-26
-24
-29
-22
-30
-40
-29
-34
-34
-25
-22
-20
-12
-14
-23
-25
-24
-26
-23
-12
-17
-15
-9
-18
-21
-18
-28
-31
-17
-15
-14
-3
-6
-12
-2
-7
-15
-11
-10
-16
0
6
-3
9
3
0
5
7
2
7
13
11
21
21
11
8
4
-1
5
7
6
9
15
16
20
18
14
12
15
17
20
27
24
24
30
30
26
23
21
17
24
29
25
29
24
21
24
23
21
16
19
20
21
25
21
16
16
14
14
18
12
9
10
9
10
6
6
0
-2
3
0
-4
-2
-10
-11
-3
-7
-15
-9
-13
-17
-5
-8
-12
-10
-12
-13
-7
-5
-11
-10
-4
-6
-5
-1
-9
-14
-11
-13
-15
-10
-17
-24
-12
-18
-22
-15
-23
-23
-17
-18
-17
-16
-16
-17
-7
-2
-7
-2
-2
-4
-1
1
-1
-4
-2
-4
1
3
0
-2
1
2
3
5
-1
-2
-2
-2
5
2
2
3
5
12
14
14
16
13
14
18
17
13
13
9
11
14
7
9
3
-3
3
-2
-3
-3
-5
-5
2
1
0
2
1
3
6
10
8
4
7
3
3
7
0
-3
2
4
2
8
5
0
3
4
2
-2
-1
-9
-6
-1
-3
-5
-2
-3
-11
0
-5
-12
-7
-11
-10
-9
-7
-12
-12
-7
-10
-6
-3
-10
-5
-4
2
2
2
8
-1
6
9
-3
4
-1
-4
2
2
2
-3
1
-2
-5
1
-1
-1
3
3
9
6
8
10
2
14
8
7
12
2
10
6
8
12
1
11
4
3
10
4
5
4
6
3
4
9
2
4
9
2
8
5
3
6
2
9
0
7
7
-3
9
2
2
3
1
2
-4
4
-4
-11
0
-11
-14
-3
-15
-10
-8
-12
-8
-11
-5
-12
-12
-6
-13
-11
-6
-9
-13
-5
-10
-15
-11
-14
-19
-15
-14
-19
-15
-15
-15
-16
-10
-10
-15
-3
-10
-9
-2
-9
-5
-8
-3
-2
-4
4
-4
-3
4
-7
-1
2
-3
1
2
3
0
3
4
2
4
8
8
9
12
11
9
12
13
9
14
14
9
16
14
13
15
15
16
14
16
14
10
13
9
9
15
11
12
13
12
11
8
12
8
6
13
7
5
11
5
6
10
10
7
8
13
7
8
12
4
7
8
3
4
3
4
-3
-1
0
-9
-3
-3
-7
-2
-4
-5
-7
-5
-9
-14
-8
-15
-14
-12
-14
-13
-15
-13
-17
-19
-14
-17
-17
-10
-14
-10
-8
-9
-8
-8
-6
-10
-7
-6
-9
-2
-5
-2
-1
-3
1
-4
-2
-1
-8
-1
-5
-5
-1
-5
0
-2
0
0
-4
1
-4
-4
-1
-3
-1
1
2
2
2
5
-1
0
0
-5
-3
-4
-3
-4
-2
1
-2
3
4
0
5
4
3
6
4
5
3
4
3
-1
4
-1
0
0
-3
-1
-4
-1
-4
-3
1
-2
-1
1
-2
2
1
2
3
3
6
4
6
6
2
4
2
0
0
0
0
-1
-1
-1
-3
0
-3
-3
0
-3
0
-1
1
2
2
6
5
6
7
7
6
7
8
7
10
11
10
10
12
10
10
8
11
7
7
8
6
8
7
7
7
8
7
7
6
7
8
6
8
8
8
7
7
4
4
3
3
4
3
4
3
3
2
1
-1
0
-3
-2
-1
-3
0
-4
-4
-3
-6
-6
-7
-8
-7
-8
-9
-9
-12
-11
-12
-12
-13
-13
-13
-13
-12
-13
-13
-12
-12
-13
-12
-11
-12
-12
-12
-11
-13
-10
-9
-10
-8
-9
-7
-5
-7
-7
-7
-8
-6
-6
-5
-3
-3
-1
0
-1
0
0
0
0
-1
0
0
-1
1
2
1
1
3
3
3
4
5
5
6
6
6
7
7
8
9
10
11
11
11
11
10
9
11
9
10
12
10
11
11
9
12
10
11
11
10
11
10
11
12
10
10
10
9
11
10
11
11
10
8
7
8
7
6
7
7
5
6
3
2
1
0
-1
-3
-3
-4
-5
-5
-5
-8
-5
-7
-7
-5
-7
-5
-6
-6
-5
-8
-7
-7
-9
-7
-8
-10
-9
-11
-9
-10
-11
-11
-9
-9
-9
-10
-10
-12
-12
-13
-14
-13
-15
-13
-11
-13
-12
-10
-13
-11
-11
-9
-8
-7
-6
-7
-7
-7
-6
-6
-5
-4
-4
-2
1
-1
0
2
0
0
2
1
1
2
3
4
5
6
8
7
8
8
6
8
8
6
9
10
9
10
11
9
11
12
12
13
12
13
12
12
13
12
13
14
14
12
15
14
12
12
11
9
9
8
8
6
5
4
2
1
2
3
1
2
2
1
2
0
-1
-2
-1
-1
-3
-2
-1
-3
-3
-2
-5
-6
-6
-7
-9
-8
-7
-9
-6
-6
-8
-7
-9
-8
-11
-11
-9
-12
-11
-9
-10
-10
-10
-9
-12
-11
-11
-13
-13
-12
-12
-12
-10
-11
-11
-11
-11
-12
-13
-11
-13
-11
-10
-10
-7
-6
-6
-6
-5
-4
-3
0
0
1
4
3
2
6
4
5
5
6
7
7
8
6
7
7
6
7
7
8
8
8
10
10
9
12
11
11
13
11
10
10
9
8
8
8
8
8
8
9
8
5
8
7
4
8
7
5
6
5
3
3
2
1
1
2
2
1
2
1
0
-1
-2
-2
-3
-3
-3
-3
-3
-1
-3
-1
-2
-2
0
-4
-3
-2
-5
-6
-4
-6
-7
-4
-6
-7
-4
-5
-7
-4
-5
-5
-4
-4
-2
-4
-3
-1
-4
-4
-1
-3
-4
1
-2
-2
2
-1
-3
-1
-2
-4
-3
-3
-4
-4
-4
-4
-5
-6
-3
-5
-4
-2
-2
-3
-2
-2
-2
-1
-1
-2
-1
-1
-1
-1
0
0
1
-1
0
1
-2
2
0
-2
2
1
0
2
1
1
2
3
3
3
2
3
3
3
2
4
2
1
3
0
1
2
0
1
2
0
2
0
0
2
0
1
3
2
2
3
3
1
3
3
2
3
5
4
5
3
4
3
1
3
3
2
6
3
1
5
2
3
4
4
3
4
5
3
4
4
2
4
3
2
3
1
1
2
-2
1
2
-1
2
3
0
3
2
0
-1
0
-2
-3
-1
-3
-4
-3
-4
-5
-5
-4
-5
-6
-4
-5
-6
-4
-5
-5
-3
-3
-5
-4
-2
-4
-1
-2
-5
-4
-3
-6
-5
-5
-4
-4
-3
-3
-3
-2
-3
-2
-2
-3
-1
-2
-2
2
-2
-1
0
-3
0
0
-1
0
-1
-1
-1
-2
0
1
0
2
2
1
2
2
1
1
2
0
2
3
2
3
4
1
3
3
0
3
1
0
4
1
3
5
3
4
4
4
3
4
4
3
3
2
-1
1
0
-1
1
-1
1
1
0
2
1
2
3
1
2
0
-1
0
-2
-1
-1
-2
0
-2
0
-2
-2
-2
-4
-4
-3
-4
-3
-3
-4
-1
-1
0
-1
0
0
1
2
2
2
4
4
4
4
3
3
3
2
2
1
2
2
1
2
2
1
2
2
1
2
2
1
0
0
0
-1
0
1
0
-1
0
2
0
1
1
1
1
0
0
0
-1
-1
-1
-1
1
-1
1
-1
-1
0
-2
-2
-3
-4
-4
-5
-4
-5
-5
-4
-6
-5
-3
-4
-4
-3
-3
-3
-4
-2
-3
-3
-3
-4
-3
-4
-4
-4
-4
-3
-4
-3
-3
-3
-2
-4
-4
-3
-4
-3
-2
-1
-1
0
1
-1
2
1
0
1
0
0
1
1
1
1
2
1
3
3
2
2
3
2
2
3
3
2
3
3
3
4
4
4
5
6
5
6
5
6
5
5
6
5
6
6
6
5
5
5
5
5
5
3
3
4
3
4
3
2
4
2
1
2
0
1
1
0
0
0
1
1
-1
0
-1
-2
-1
-4
-3
-2
-4
-3
-4
-4
-3
-3
-3
-4
-5
-4
-5
-5
-5
-5
-4
-4
-5
-4
-4
-4
-5
-4
-4
-5
-4
-6
-5
-3
-3
-2
-1
-1
0
-1
-1
1
-1
-1
-2
-2
0
-2
-1
0
-1
0
0
0
0
-1
1
0
0
2
1
2
1
1
2
2
2
3
2
3
2
1
2
0
2
2
1
2
0
2
2
0
2
0
1
2
0
2
2
2
3
2
4
3
3
3
2
2
2
1
3
1
1
2
-1
1
0
-1
0
-1
0
0
0
1
0
-1
0
-2
0
-2
-2
-1
-1
-1
-1
-2
-1
-1
-3
-1
-3
-4
-4
-4
-4
-4
-2
-2
-3
-1
-1
-1
-1
-2
-2
-2
-2
-1
-1
-2
0
-1
0
-1
-1
0
-1
-1
-1
-1
0
-1
0
0
-1
2
1
1
2
1
2
1
2
3
2
3
3
3
2
2
2
2
1
2
0
1
1
-1
1
0
1
1
1
1
1
0
2
1
1
2
2
2
2
3
3
3
3
3
2
2
3
3
3
2
1
1
1
1
1
0
0
1
0
0
1
0
0
0
0
-1
-1
0
-1
0
1
0
0
0
1
1
0
1
-1
-1
0
0
0
1
2
1
0
2
1
0
2
1
1
0
-1
0
-1
1
-2
-1
0
-2
-1
0
-2
-2
-4
-2
-2
-3
-2
-3
-3
-3
-4
-2
-3
-4
-4
-4
-3
-4
-3
-3
-3
-4
-3
-4
-2
-2
-4
-1
-2
-3
-2
-1
0
-3
0
0
-2
-1
-1
0
-2
-2
-2
-2
-2
-3
-1
-1
-1
-1
-1
0
0
0
0
0
1
0
1
2
-1
2
1
0
1
0
2
2
0
1
1
2
1
0
2
1
2
2
3
3
2
2
3
2
3
1
2
4
2
2
4
2
2
2
3
1
2
2
2
2
3
2
3
3
2
1
3
3
2
3
4
1
3
3
2
2
1
3
2
2
3
2
4
2
1
1
2
1
0
1
1
0
1
0
1
0
-2
-1
-1
-1
-2
-1
-2
-3
-2
-2
-2
-2
-2
-2
-3
-3
-1
-2
-2
-2
-2
-2
0
-2
-3
-1
-2
-3
-3
-2
-3
-5
-2
-3
-4
-4
-3
-3
-3
-4
-3
-3
-2
-2
-2
-1
-1
-3
-2
-2
0
-2
-1
0
0
-1
1
1
-1
0
2
1
0
2
2
1
2
2
2
2
3
3
3
3
3
2
3
3
1
2
3
2
3
3
3
2
1
2
1
1
1
2
1
2
2
1
3
2
2
3
2
2
1
2
1
2
1
2
3
2
1
1
0
0
-1
1
0
-1
-2
-1
-1
-2
-1
-1
0
-1
-1
-2
-1
-1
-2
-1
-1
-1
-3
-1
-2
-3
-1
-2
-1
-3
-2
-2
-3
-3
-3
-3
-2
