SAMPLES:	13168
BITSPERSAMPLE:	16
CHANNELS:	1
SAMPLERATE:	16000
NORMALIZED:	FALSE
0
0
0
0
1
0
0
0
0
-1
0
0
0
0
0
0
0
0
-1
0
-1
0
1
0
0
1
0
0
0
1
0
0
1
0
0
0
1
-1
0
-1
0
0
-1
0
0
0
0
-1
0
-1
-1
0
0
0
0
0
0
0
0
0
0
0
1
1
0
0
0
0
-1
0
0
0
-1
-1
0
-1
-1
-1
-1
-1
-1
-1
0
0
0
1
0
0
0
0
1
1
0
0
1
1
0
0
1
1
1
1
0
0
0
0
0
-1
0
0
1
1
-1
0
0
0
1
1
0
0
0
0
-1
0
0
0
-1
0
-1
0
-1
-1
0
-1
-1
-1
0
-1
0
0
0
0
-1
-1
0
0
0
0
0
-1
0
0
-1
0
0
0
0
0
0
1
0
0
1
-1
2
1
0
0
0
1
1
1
1
0
1
0
0
0
0
1
1
1
0
0
0
1
1
1
1
1
1
1
0
1
0
1
2
0
1
1
0
1
2
1
1
0
-1
-1
0
0
1
1
0
-1
-2
-2
-1
0
-1
0
0
-1
-1
0
0
2
2
0
1
1
1
1
1
1
1
0
1
-1
0
0
-1
0
-1
-2
-1
-3
-1
-2
-3
-1
-3
-2
-2
-4
-2
-3
-1
0
-1
-2
-4
-4
-2
-2
-1
-1
-1
-3
-4
-3
-2
3
0
2
1
-1
1
0
3
5
2
2
2
0
2
1
1
1
-2
-1
-3
-3
-1
-3
-1
1
0
3
2
2
3
3
6
6
6
7
5
4
4
4
5
3
3
0
-2
-1
-2
-1
-2
-3
-3
-5
-4
-4
-5
-1
-1
-1
-2
-3
-2
-1
-1
1
1
1
1
0
-1
0
1
2
3
3
2
2
1
-1
0
2
2
2
0
-1
-1
-1
-1
2
2
2
1
0
1
0
0
2
3
1
1
0
3
4
0
-2
-3
-4
-3
-4
-2
-2
-2
-3
-4
-1
-2
0
-1
0
3
1
2
2
0
0
-2
2
2
2
4
0
0
-2
-2
0
2
3
2
-2
-2
-3
-3
0
2
2
-1
-4
-5
-6
-5
-2
-3
1
0
-1
0
-2
0
0
-4
-1
-1
-3
-3
-6
-2
-1
-5
-3
0
3
4
1
2
2
-2
-5
-4
0
0
1
0
0
0
-10
-7
-1
-1
6
4
7
11
3
4
6
6
5
5
0
2
2
-4
1
1
-1
3
-2
-3
-5
-6
-8
-7
0
0
8
12
6
12
8
2
6
1
8
9
7
7
3
0
-13
-15
-13
-16
-11
-13
-7
-4
-7
-4
0
7
13
16
19
21
21
13
12
13
10
7
0
-1
-6
-13
-16
-18
-12
-9
-9
-2
4
6
6
6
10
14
16
13
15
18
10
6
1
-5
-3
-13
-16
-14
-12
-11
-14
-9
-4
-3
-6
-7
-1
2
-4
-3
1
2
8
1
7
13
-4
-8
-12
-12
-11
-13
-1
8
9
-2
-5
-3
-10
-6
-8
4
11
2
0
-6
-3
-7
-11
-7
-2
-4
-5
-4
-9
-2
-3
-6
0
4
1
2
-1
-8
-6
-11
-11
-5
0
2
5
2
1
4
-6
-5
2
4
8
9
8
11
6
-1
-1
-4
4
-1
1
5
5
3
-4
0
3
0
0
3
0
8
-3
5
16
8
15
10
12
11
-5
-2
4
-6
6
1
1
13
-5
-3
-7
-1
9
7
22
36
36
35
34
31
28
20
18
9
14
-6
-11
-19
-27
-25
-43
-29
-42
-37
-33
-41
-33
-28
-20
-10
3
16
35
24
31
24
21
24
10
13
7
10
-10
-14
-16
-29
-29
-28
-38
-28
-28
-33
-22
-31
-8
-18
-5
-2
4
3
-3
8
-5
12
-1
6
7
19
12
6
23
17
20
11
11
-2
14
-6
-10
-6
-9
-11
-32
-14
-21
-22
-12
-8
5
11
21
26
17
49
33
26
52
34
35
22
23
10
15
9
-20
-6
-24
-25
-28
-30
-23
-26
-22
-7
-8
1
26
17
31
30
22
22
19
17
-1
6
6
-3
-7
-10
-21
-29
-42
-57
-46
-48
-40
-29
-13
6
-1
18
32
42
42
38
43
45
30
13
4
-5
-13
-41
-49
-50
-44
-55
-55
-43
-29
-16
-20
12
19
39
34
42
45
31
31
3
11
-17
-23
-16
-34
-28
-32
-23
-38
-10
-16
1
21
2
35
14
35
25
31
26
33
36
17
20
3
-3
7
-14
-10
11
-3
-11
-20
-6
-28
-23
-21
-2
3
10
20
16
35
19
21
2
27
23
11
50
31
45
52
27
25
11
-5
-7
-15
-11
-4
-23
-5
-16
-33
-26
-36
-29
-5
7
14
34
32
48
18
17
9
-18
-3
-18
-20
-29
-24
-15
-38
-40
-34
-37
-37
-39
-39
-19
-22
-21
2
15
10
-2
-7
13
-26
-23
-16
-34
9
-55
-49
-49
-81
-66
-65
-67
-38
-42
-44
1
-41
-23
10
-5
41
10
38
39
13
39
18
10
37
36
22
30
22
-3
4
-26
-39
-44
-28
-18
-14
18
11
26
3
-3
-40
-55
-41
-71
-18
6
35
65
90
118
94
107
133
162
131
135
113
75
65
-1
-15
-11
-39
-42
-16
-38
-39
-49
-38
-70
-58
-39
-21
-13
24
43
76
103
135
152
143
156
98
79
29
-25
-7
-29
-52
-24
-60
-32
-76
-106
-88
-97
-82
-107
-90
-44
-42
-19
16
31
72
70
71
64
59
23
4
6
-36
-14
-60
-59
-48
-82
-66
-85
-86
-65
-57
-51
-69
-25
-19
-8
33
-2
55
10
23
21
-43
-5
-49
24
-42
-30
3
-72
-27
-87
-88
-102
-64
-42
-12
-11
27
46
61
37
20
41
38
51
46
88
31
78
27
-4
-39
-71
-105
-113
-84
-58
-79
-32
-9
17
-6
10
48
36
143
130
171
177
188
177
136
117
12
31
-45
-100
-142
-183
-144
-130
-82
-29
5
100
90
118
174
147
196
172
245
166
156
112
109
82
6
10
-31
18
-89
-109
-123
-126
-118
-149
-152
-129
-119
-182
-168
-164
-149
-148
-198
-185
-212
-219
-203
-174
-128
-102
-76
2
-38
3
62
57
116
107
128
142
146
101
53
23
33
-36
-69
-59
-94
-53
-87
-21
-20
-18
-1
19
59
21
79
79
107
107
101
102
104
137
101
55
18
-11
-100
-105
-164
-164
-104
-139
-108
-34
47
82
199
283
382
431
466
564
567
564
516
479
389
237
162
-9
-84
-241
-318
-350
-443
-437
-457
-381
-376
-314
-227
-167
-62
-28
59
163
237
300
359
346
356
427
344
351
305
258
179
40
13
-68
-140
-183
-143
-75
-23
49
103
138
154
132
89
66
6
-53
-172
-200
-291
-388
-449
-523
-540
-625
-651
-662
-602
-564
-585
-463
-385
-314
-274
-159
-99
-61
-33
-16
26
23
-2
-17
9
-31
-18
-109
-83
-116
-142
-235
-263
-157
-227
-146
-142
-39
-18
22
59
38
91
10
11
-54
-46
-76
-156
-157
-190
-186
-331
-339
-297
-374
-295
-271
-201
-56
-24
127
244
344
449
519
655
725
792
824
848
894
940
928
961
1033
1052
1030
1004
917
855
743
591
462
343
209
21
-111
-187
-295
-418
-471
-523
-552
-554
-563
-534
-450
-411
-311
-184
-57
63
223
339
449
541
613
645
673
745
670
630
611
523
434
327
229
99
48
-15
-120
-136
-222
-262
-373
-449
-510
-597
-633
-712
-719
-737
-711
-745
-760
-702
-765
-788
-740
-744
-726
-680
-765
-727
-775
-923
-968
-1026
-1118
-1213
-1231
-1227
-1141
-1183
-1175
-1043
-1031
-986
-914
-816
-680
-633
-530
-394
-295
-143
-60
73
251
292
426
525
648
754
779
890
913
995
1036
1065
1165
1192
1200
1282
1338
1386
1463
1443
1480
1463
1425
1439
1393
1408
1402
1303
1278
1288
1178
1067
957
834
707
436
230
9
-231
-461
-738
-888
-1021
-1135
-1189
-1215
-1156
-1021
-900
-698
-492
-264
-90
48
229
342
418
363
341
310
175
40
-96
-172
-302
-467
-621
-739
-856
-1028
-1172
-1282
-1401
-1574
-1622
-1653
-1688
-1649
-1635
-1543
-1391
-1247
-1059
-817
-656
-429
-154
55
291
488
679
875
1017
1161
1301
1358
1327
1262
1220
1113
1028
962
833
771
746
689
771
839
929
1139
1274
1414
1633
1882
2044
2168
2288
2343
2313
2200
2013
1793
1500
1081
624
230
-198
-644
-1044
-1420
-1703
-1912
-2118
-2199
-2149
-2102
-2022
-1833
-1601
-1303
-1020
-821
-537
-302
-205
-133
-62
-83
-135
-295
-482
-541
-638
-732
-822
-900
-911
-952
-915
-926
-869
-744
-804
-881
-977
-1063
-1185
-1385
-1673
-1892
-2049
-2243
-2360
-2403
-2375
-2348
-2249
-2191
-2051
-1776
-1552
-1251
-988
-612
-160
202
608
1018
1487
1914
2298
2662
2934
3198
3331
3448
3483
3560
3594
3500
3465
3432
3494
3549
3577
3607
3637
3471
3324
3148
2754
2406
1852
1234
675
-54
-686
-1150
-1677
-2155
-2464
-2657
-2804
-2847
-2675
-2452
-2053
-1574
-1086
-427
181
659
1108
1425
1577
1683
1562
1344
1088
671
228
-233
-678
-1032
-1427
-1766
-1954
-2055
-2103
-2149
-1996
-1783
-1591
-1448
-1283
-1008
-855
-862
-956
-1060
-1292
-1653
-2010
-2434
-2770
-3106
-3380
-3513
-3543
-3411
-3239
-2971
-2644
-2171
-1624
-1151
-609
-108
346
720
975
1313
1595
1834
2061
2217
2455
2622
2785
2987
3168
3364
3494
3690
3856
4061
4324
4491
4704
4854
4915
4881
4717
4480
3988
3385
2709
1855
924
-92
-1081
-2059
-2967
-3763
-4233
-4454
-4559
-4438
-4095
-3499
-2798
-1951
-916
104
1082
1895
2474
2980
3141
3061
2754
2169
1548
848
43
-699
-1344
-1977
-2522
-3054
-3417
-3602
-3679
-3597
-3405
-3044
-2586
-2181
-1708
-1244
-968
-677
-578
-687
-846
-1131
-1479
-1916
-2345
-2705
-2990
-3217
-3384
-3324
-3141
-2974
-2685
-2411
-2076
-1693
-1384
-984
-674
-474
-286
-85
94
195
328
472
522
536
584
645
732
832
1049
1405
1808
2253
2803
3586
4455
5287
6116
6933
7745
8320
8695
8886
8842
8612
7922
6934
5843
4509
2987
1332
-300
-1796
-3154
-4369
-5257
-5717
-5937
-5776
-5238
-4442
-3331
-1952
-501
806
2065
3028
3662
4062
3990
3683
3128
2307
1372
445
-504
-1348
-2172
-2977
-3595
-4313
-4780
-4924
-5024
-4868
-4546
-4063
-3491
-3000
-2416
-1793
-1278
-965
-846
-852
-911
-1148
-1513
-1863
-2184
-2527
-2873
-3077
-3149
-3097
-2966
-2846
-2589
-2260
-2060
-1792
-1462
-1222
-1061
-981
-977
-821
-782
-945
-933
-835
-746
-697
-576
-307
-23
256
543
998
1634
2182
2784
3629
4490
5353
6175
6882
7681
8285
8691
8886
8924
8924
8514
7825
7006
6039
4739
3208
1631
72
-1407
-2888
-4109
-4901
-5382
-5637
-5343
-4598
-3539
-2292
-1096
212
1272
2086
2572
2726
2735
2483
2061
1509
950
398
-241
-958
-1642
-2236
-2940
-3571
-4091
-4571
-4705
-4776
-4806
-4448
-3986
-3498
-2882
-2455
-2150
-1892
-1884
-2139
-2595
-3054
-3436
-3909
-4238
-4324
-4266
-4090
-3900
-3505
-3007
-2473
-2007
-1654
-1204
-781
-557
-262
-63
-14
78
9
-57
-36
136
162
107
294
456
583
840
1099
1537
2156
2593
3383
4383
5232
6153
7069
8004
8812
9491
9976
10268
10442
10277
9879
9401
8547
7434
6143
4581
2956
1209
-511
-2133
-3510
-4579
-5462
-5740
-5592
-5058
-4002
-2820
-1400
-1
997
1895
2528
2803
2854
2537
2128
1625
930
186
-585
-1419
-2229
-3008
-3980
-4753
-5389
-6179
-6668
-6915
-6973
-6801
-6425
-5877
-5223
-4464
-3831
-3406
-3204
-3138
-3295
-3671
-3941
-4325
-4720
-4851
-4936
-4999
-4834
-4386
-3900
-3266
-2642
-1951
-1090
-433
125
652
1016
1153
1139
991
793
604
358
199
131
35
45
105
250
572
998
1662
2440
3254
4267
5332
6390
7489
8396
9200
9977
10459
10810
11068
11070
10937
10489
9628
8641
7442
5920
4158
2350
610
-1196
-2757
-4006
-4907
-5231
-5328
-4961
-3883
-2779
-1603
-138
956
1927
2766
3079
3268
3223
2797
2251
1617
778
-209
-1150
-2211
-3240
-4191
-5352
-6357
-7220
-8022
-8507
-8731
-8795
-8388
-7722
-7064
-6106
-5249
-4494
-3841
-3470
-3271
-3292
-3333
-3490
-3780
-4013
-4265
-4412
-4357
-4320
-4183
-3830
-3453
-3062
-2528
-1854
-1294
-790
-333
-67
183
431
568
713
918
972
984
1095
1109
1238
1469
1613
1961
2486
3124
3876
4740
5805
6844
7845
8785
9528
10313
11044
11503
11812
12108
12113
11749
11152
10273
9171
7694
5813
3842
1916
74
-1705
-3169
-4175
-4901
-5102
-4864
-4246
-3190
-2027
-813
383
1371
2275
2892
3246
3335
3013
2546
1891
1001
-9
-1131
-2204
-3395
-4792
-5952
-6975
-7938
-8705
-9350
-9597
-9415
-9258
-8775
-7878
-7071
-6269
-5602
-5010
-4419
-4178
-4246
-4378
-4536
-4779
-5120
-5394
-5567
-5601
-5618
-5598
-5318
-4896
-4333
-3811
-3204
-2500
-1747
-921
-203
484
1243
1721
1854
2171
2332
2292
2326
2220
2307
2621
2929
3560
4470
5338
6293
7294
8179
9192
10008
10584
11200
11680
12002
12178
12189
12007
11625
10897
9717
8353
6723
4748
2786
905
-1002
-2631
-3782
-4696
-5115
-5077
-4657
-3832
-2812
-1644
-422
883
1907
2592
3235
3623
3506
3220
2751
1877
984
-158
-1458
-2683
-4028
-5251
-6309
-7248
-8014
-8510
-8766
-8791
-8518
-7973
-7319
-6493
-5657
-4940
-4314
-3860
-3610
-3637
-3881
-4401
-4985
-5657
-6442
-7038
-7408
-7582
-7645
-7392
-6775
-6116
-5173
-4019
-2957
-1695
-403
571
1466
2102
2462
2734
2669
2476
2236
1891
1537
1350
1468
1731
2373
3233
4120
5211
6378
7600
8801
9804
10731
11599
12245
12922
13353
13545
13587
13161
12453
11343
9764
7932
5929
3677
1182
-952
-2816
-4550
-5748
-6556
-6713
-6380
-5614
-4458
-3076
-1395
167
1733
2979
3795
4549
4726
4520
4028
3103
2065
609
-957
-2376
-3836
-5239
-6455
-7513
-8291
-8686
-8790
-8712
-8356
-7578
-6607
-5567
-4542
-3608
-2723
-2051
-2063
-2278
-2582
-3395
-4280
-5398
-6665
-7634
-8528
-9312
-9715
-9782
-9618
-9024
-8152
-6985
-5585
-4085
-2425
-1011
288
1478
2379
2910
3246
3304
3178
3074
2779
2518
2436
2588
2828
3297
4084
5041
6168
7345
8538
9853
10997
12034
13003
13635
14219
14488
14274
13733
12882
11542
9708
7635
5278
2892
486
-1885
-3819
-5265
-6297
-6800
-6812
-6283
-5236
-3874
-2237
-490
1184
2759
3974
4969
5706
5860
5575
4721
3464
1944
-13
-2081
-4086
-5928
-7453
-8932
-9869
-10153
-10081
-9495
-8719
-7599
-6085
-4729
-3469
-2268
-1229
-470
-186
-185
-643
-1399
-2428
-3789
-5216
-6842
-8427
-9763
-10910
-11583
-11849
-11616
-10789
-9691
-8098
-6181
-4046
-1918
26
1766
3134
4180
4819
4989
4935
4703
4286
3769
3330
3240
3388
3799
4434
5240
6294
7457
8579
9789
10883
11940
12875
13414
13747
13687
13244
12403
11013
9311
7231
4669
2015
-702
-3144
-5124
-6829
-7915
-8328
-8248
-7605
-6403
-4675
-2583
-665
1361
3370
5014
6626
7464
7720
7716
6761
5345
3542
1324
-947
-3335
-5602
-7504
-8922
-9886
-10297
-10207
-9619
-8713
-7561
-6174
-4658
-3137
-1884
-667
240
703
815
413
-180
-1210
-2916
-4636
-6380
-8010
-9592
-11078
-11781
-12008
-11779
-11035
-9620
-7722
-5704
-3698
-1706
309
1940
3159
4000
4612
4839
4567
4312
4103
3734
3344
3162
3288
3611
3933
4606
5665
6767
7916
8947
10348
11604
12296
12899
13264
13350
12742
11582
10062
8354
6151
3245
639
-1821
-4158
-6131
-7719
-8400
-8486
-8062
-7174
-5740
-3678
-1481
691
2552
4547
6466
7544
8157
8152
7787
6864
5142
3198
1028
-1011
-3140
-5370
-7113
-8275
-8965
-9526
-9482
-8888
-8075
-6766
-5600
-4262
-2495
-1127
-104
746
1124
1085
547
-648
-1982
-3567
-5490
-7267
-8958
-10252
-11283
-11963
-11925
-11415
-10541
-9377
-7872
-6060
-4083
-2167
-412
1148
2726
3967
4635
5128
5498
5633
5430
5088
4755
4752
5110
5119
5488
6486
7460
8428
9330
10131
10982
11677
11706
11468
11222
10589
9613
8171
6156
4214
2137
-319
-2635
-4717
-6444
-7571
-8380
-8603
-7979
-6700
-5085
-3467
-1408
900
2839
4492
5856
6789
7495
7442
6697
5894
4703
3083
1343
-516
-2294
-3909
-5504
-6838
-7578
-7972
-8060
-7673
-6948
-5885
-4764
-3643
-2338
-1134
-252
193
136
-226
-894
-1973
-3301
-4622
-5907
-7286
-8575
-9589
-10264
-10358
-10092
-9822
-9009
-7680
-6194
-4562
-2928
-998
872
2302
3379
4139
4856
5375
5406
5192
5172
5288
5317
5578
6050
6637
7612
8369
9018
9802
10358
10914
11244
11183
10840
10157
9219
8087
6495
4500
2454
283
-1996
-4115
-6044
-7280
-8060
-8720
-8708
-7932
-6676
-5270
-3802
-1989
41
1710
3066
4223
5226
5961
5847
5492
4918
4034
3125
1512
-69
-1504
-2941
-4155
-5380
-6064
-6417
-6427
-6025
-5460
-4437
-3204
-2034
-1029
-201
573
878
669
122
-761
-1770
-3176
-4595
-5954
-7207
-8202
-9075
-9272
-9095
-8793
-8056
-6896
-5372
-3884
-2357
-720
732
2076
2967
3736
4432
4590
4780
4817
4879
5046
4956
5269
5598
5884
6411
6747
7332
7753
7945
8274
8242
8298
7900
6993
6315
5121
3690
1977
127
-1409
-3110
-4720
-5992
-6796
-7102
-7265
-7053
-6272
-5057
-3801
-2443
-855
730
2357
3423
4167
4967
5423
5331
4844
4196
3462
2425
1092
-213
-1321
-2292
-3536
-4448
-4873
-4998
-4941
-4872
-4327
-3384
-2464
-1843
-1188
-438
133
145
-241
-716
-1362
-2338
-3597
-4699
-5492
-6339
-7036
-7400
-7276
-6675
-6128
-5331
-4055
-2793
-1603
-298
864
2014
2797
3448
4121
4541
4699
4612
4849
4971
4941
4949
4986
5484
5587
5621
6006
6258
6610
6490
6122
6155
5948
5080
4097
3148
2175
871
-693
-1920
-2931
-3889
-4832
-5541
-5609
-5264
-4917
-4227
-3051
-1711
-260
916
2092
3304
4049
4473
4377
3991
3547
2671
1635
471
-696
-1634
-2734
-3572
-4133
-4513
-4505
-4510
-4249
-3642
-3020
-2311
-1601
-989
-393
34
175
130
-303
-958
-1666
-2470
-3352
-4366
-5288
-5937
-6314
-6486
-6441
-6046
-5252
-4317
-3466
-2496
-1268
-24
981
1745
2401
3140
3806
4044
4113
4448
4563
4669
4799
4749
5319
5561
5709
6104
6386
6995
6878
6873
7050
6514
6123
4978
3986
3220
1448
-45
-1600
-2872
-3963
-5492
-6387
-6708
-6714
-6707
-6328
-5088
-3577
-2009
-767
881
2825
4158
4986
5226
5651
5671
4823
3754
2347
1211
-113
-1821
-3309
-4374
-5031
-5688
-6093
-6185
-5664
-5019
-4455
-3682
-2850
-1654
-812
-468
-111
32
161
-193
-982
-1647
-2396
-3175
-4169
-4936
-5356
-5482
-5379
-5092
-4451
-3510
-2209
-1005
119
1311
2629
3668
4582
5221
5531
6117
6094
5819
5751
5615
5520
5319
5134
4924
5337
5478
5464
5832
5616
6171
6232
5499
5279
4320
3885
2773
845
-297
-1861
-2934
-4480
-6352
-7128
-7679
-7796
-8024
-7842
-6653
-4978
-3329
-2180
-321
1725
3523
4627
4975
5807
6179
5519
4330
2892
1881
633
-1776
-3755
-5024
-5966
-6750
-8025
-8293
-7552
-6902
-6355
-5729
-4214
-2599
-1631
-1025
-457
370
713
125
-580
-1058
-1664
-2625
-3928
-4750
-4984
-5137
-5174
-4952
-4131
-2968
-1761
-421
1115
2740
4271
5591
6741
7677
8281
8735
8836
8899
8655
8086
7674
7425
7158
6361
6110
5690
5732
5765
4875
5160
4737
4486
4097
2690
2586
1491
78
-1267
-3015
-3962
-5567
-7261
-8503
-9096
-9307
-9724
-9462
-8570
-6898
-5304
-4182
-1942
330
2461
3887
4534
5979
6715
6578
5711
4436
3608
2113
-188
-2264
-3821
-5100
-6521
-7819
-8487
-8177
-7715
-7482
-6683
-5543
-4115
-3120
-2502
-1762
-1242
-967
-1243
-1885
-2465
-3172
-3897
-4520
-5196
-5460
-5369
-4896
-4234
-3452
-2098
-461
1370
2924
4449
6275
7817
9018
9839
10521
11292
11453
11281
11226
10777
10813
10196
9349
9419
8438
8275
7593
6447
6572
5089
4417
3320
1590
1008
-972
-2555
-4218
-6056
-7197
-8913
-10183
-11092
-11345
-11295
-11130
-10133
-8951
-6906
-5047
-3360
-977
1093
3194
4419
5193
6267
6658
6504
5402
4249
3362
1944
134
-1769
-3085
-4128
-5181
-6285
-6783
-6472
-6244
-6040
-5652
-4773
-3790
-3385
-3042
-2656
-2510
-2533
-3062
-3623
-3902
-4663
-5253
-5474
-5701
-5535
-5215
-4551
-3461
-2327
-1081
640
2368
3734
5245
6362
7863
8983
9296
10323
10658
11168
11462
10998
11830
11504
11276
11385
10314
10830
9671
8294
8059
6272
5557
3517
1471
595
-1776
-3374
-5392
-7177
-8045
-9842
-11006
-11734
-11558
-11392
-11321
-10595
-9389
-6985
-5677
-4364
-2409
-673
1508
2165
2555
3678
3995
3900
2846
1842
1748
933
-492
-2021
-2616
-2534
-3179
-3865
-4091
-3408
-2616
-2677
-2609
-1838
-955
-839
-1363
-1666
-1755
-2155
-3165
-4397
-5117
-5548
-6237
-6728
-6880
-6228
-5290
-4418
-3119
-1684
290
1963
3401
4922
5981
7365
8251
8690
9360
9539
10062
10535
10607
11158
11384
11741
12385
11885
12020
11680
10871
10556
8648
7472
5535
3333
1683
-1091
-3136
-5511
-7425
-9147
-11011
-12089
-13088
-12756
-12823
-12840
-11815
-10620
-8443
-7021
-5844
-3781
-2029
-67
747
972
2158
2331
2408
1387
90
174
-853
-1867
-3213
-4102
-3451
-3530
-3954
-3815
-2766
-1348
-615
-422
379
1827
2290
1658
913
783
591
-753
-2726
-4012
-4456
-5439
-6617
-7277
-6912
-5761
-5310
-4629
-2816
-814
1146
2509
3877
5845
7536
8510
9330
10150
10941
11900
12090
12631
13305
13432
14427
14194
14233
14302
13295
13468
11810
10111
8322
5572
4026
855
-2319
-5004
-7892
-9782
-12310
-14392
-15559
-15818
-15531
-15533
-14739
-13270
-10937
-8698
-7072
-5098
-2850
-623
564
970
1630
2140
2146
1139
-562
-1281
-1885
-3088
-4666
-5909
-5671
-5467
-5705
-5925
-5005
-3162
-2290
-2000
-1370
57
1084
590
-334
-436
-164
-1313
-3072
-4331
-4635
-4756
-6090
-6675
-6181
-4894
-3769
-3244
-1539
856
3004
4810
6417
8179
10391
11934
12830
13734
14378
15338
15963
16051
15861
15774
16328
16014
15444
14418
13513
13532
11841
10088
7835
5923
4716
1648
-1057
-3750
-5722
-7441
-10214
-12264
-13608
-13845
-14056
-14686
-14479
-13263
-11411
-9950
-8763
-7138
-5057
-2977
-2021
-1709
-808
-171
-100
-1105
-2658
-3135
-3756
-5036
-6810
-8078
-7853
-7765
-8259
-8506
-7747
-6093
-5012
-4891
-4148
-2901
-2060
-2031
-2858
-2897
-2694
-3516
-4679
-5636
-5662
-5643
-6108
-6251
-5552
-4177
-2971
-1720
-83
2015
4157
5963
7628
9351
11245
12807
14278
14960
16013
17202
17823
18691
18265
18672
19036
18639
18254
16530
16118
15043
13017
11012
8209
6821
4413
1466
-1136
-3701
-4847
-7113
-9314
-10622
-11426
-11161
-11907
-12294
-11626
-10388
-9081
-8626
-7868
-6400
-4592
-3779
-3923
-3454
-2618
-2195
-2889
-4378
-4675
-4500
-5309
-6711
-7912
-7459
-6873
-7295
-7557
-6940
-5205
-4303
-4266
-3880
-2956
-2027
-2560
-3597
-4096
-4346
-5118
-6750
-7974
-8305
-8334
-8605
-8800
-8160
-6674
-5316
-4032
-2440
-415
1742
3425
4892
6319
8002
9304
10564
11311
12259
13616
14538
15908
16144
17216
18399
18979
19698
18726
19083
18815
17534
16060
13096
11693
9549
6257
2983
-334
-2208
-4390
-7242
-9521
-10503
-10424
-10826
-11347
-10902
-9220
-7303
-6497
-5883
-4382
-2545
-1334
-1601
-1948
-1404
-1357
-2201
-3936
-5008
-5191
-6008
-7131
-8459
-8259
-7450
-7434
-7170
-6664
-4941
-3813
-3196
-2812
-2274
-1498
-2182
-2981
-4180
-4966
-5989
-7958
-9289
-10303
-10566
-10834
-11023
-10217
-8739
-6872
-5255
-3294
-940
1620
3799
5304
6993
8482
9824
10639
10832
11560
12076
12778
13160
13090
13946
14550
15400
15551
15321
15828
15753
15323
13851
12163
10973
9099
6591
3285
631
-1267
-3745
-6229
-8639
-9578
-9630
-10232
-10483
-9963
-8165
-6182
-5163
-3998
-2265
-278
836
806
968
1217
1055
-332
-2122
-2997
-3946
-5271
-6933
-8077
-7831
-7907
-8067
-7709
-6735
-5149
-4495
-3814
-2804
-1799
-1513
-2203
-2638
-3282
-4058
-5735
-7488
-8530
-9548
-10257
-11062
-11013
-10173
-8916
-7337
-5559
-3354
-697
1978
4199
6427
8216
10049
11710
12437
12903
13346
13682
14186
13798
13210
13470
13546
13749
13042
12399
12640
12296
11511
9747
8576
7793
6022
3676
914
-743
-2388
-4683
-7005
-8614
-9023
-9490
-10033
-10358
-9343
-7696
-6465
-5448
-4346
-2472
-852
-108
13
390
857
527
-785
-2141
-2574
-3222
-4484
-6016
-6663
-6184
-6210
-6537
-6293
-5130
-3835
-3484
-3181
-2387
-1259
-1330
-2269
-2731
-3174
-3803
-5516
-7123
-7789
-8387
-9219
-9971
-9668
-8701
-7436
-6277
-4627
-2046
264
2676
4792
6855
9106
10579
11992
12912
13506
14201
14331
14699
14302
14021
14178
13958
14059
13173
12785
12763
11999
10956
9102
8127
6892
4848
2277
-226
-1568
-3549
-5860
-8050
-9023
-9088
-9880
-10420
-10048
-8495
-6873
-6120
-5091
-3419
-1469
-530
-438
-149
400
436
-759
-2196
-3148
-3488
-4590
-6103
-7129
-7199
-6654
-7071
-7104
-6556
-5193
-4222
-4324
-3818
-3160
-2384
-2877
-4014
-4335
-4806
-5740
-7368
-8662
-9062
-9529
-10131
-10431
-9827
-8644
-7360
-5918
-3917
-1460
1070
3580
5737
8104
10077
12066
13522
14110
15200
15409
16091
16081
15163
15491
14849
14962
14219
12911
13174
12202
11600
10008
8278
7704
5984
3996
1542
-237
-1561
-3464
-5586
-7396
-7695
-7915
-8645
-8858
-8275
-6443
-5086
-4698
-3382
-1557
176
767
271
698
1288
801
-862
-2640
-3297
-3777
-5309
-7267
-8012
-7538
-7328
-7827
-8083
-6937
-5288
-4901
-4877
-4469
-3503
-2943
-4015
-5009
-5388
-5788
-6930
-8702
-9681
-9913
-10195
-10602
-10704
-9696
-8307
-7015
-5458
-3524
-1136
1189
3400
5214
7451
9165
10892
12136
12710
13960
14227
15075
14772
14640
15111
14499
14836
13638
13323
13165
12016
11397
9492
8546
7341
5419
3537
1212
-237
-1700
-3628
-5410
-6577
-6870
-7100
-7471
-7415
-6285
-4503
-3403
-2470
-1063
840
2588
2790
2654
3058
3295
2692
504
-1305
-1953
-3076
-5039
-7342
-8296
-7627
-7974
-8841
-8886
-7591
-5687
-5723
-5739
-4823
-3659
-3396
-4885
-5857
-6089
-6774
-8632
-10660
-11555
-11922
-12504
-13336
-13030
-11808
-10280
-8724
-7091
-4347
-1845
702
3380
5397
7853
9690
11330
12979
13402
14305
15031
15416
15511
14789
14927
15076
14543
13572
12735
12563
11936
10426
8657
7693
6713
4963
2712
612
-501
-1898
-3820
-5517
-6274
-6328
-6634
-6938
-6692
-5189
-3629
-2634
-1453
11
2052
3467
3640
4058
4519
4599
3892
2062
705
-204
-1537
-3472
-5521
-6429
-6551
-7098
-7792
-7926
-6894
-5635
-5354
-5147
-4343
-3275
-3010
-3953
-4843
-5227
-6002
-7757
-9656
-10962
-11768
-12470
-13622
-13791
-12899
-11937
-10452
-8983
-6892
-4069
-1690
792
3356
5389
7637
9455
10894
12127
12670
13550
14191
14433
14058
13950
14305
14072
13585
12551
12383
12261
10995
9777
8212
7627
6397
4102
2365
432
-506
-2326
-4385
-5572
-6376
-6470
-7181
-7324
-6738
-5479
-4136
-3357
-2040
-468
1458
2515
2838
3430
3829
4176
3271
1747
737
-196
-1273
-3221
-4966
-5637
-5747
-6297
-7089
-6973
-5888
-4657
-4542
-4394
-3438
-2343
-2107
-3294
-4153
-4312
-5059
-6917
-8984
-10175
-10811
-11753
-13071
-13200
-12263
-11283
-10175
-8995
-6723
-4057
-1857
360
2376
4655
6626
8034
9327
10183
11011
11610
11884
12286
12343
12419
12842
12655
12821
12595
12279
12547
11542
10968
9817
8449
7663
5405
3694
1664
-304
-1800
-3958
-5527
-6806
-7246
-7609
-7875
-7364
-6393
-4691
-3363
-1967
-53
1750
3585
4520
5048
5781
5856
5497
4283
2637
1520
91
-1721
-3662
-5412
-5944
-6397
-7055
-7500
-7050
-5638
-4819
-4536
-4055
-2738
-1789
-2294
-3135
-3655
-3833
-5057
-7317
-9021
-9751
-10552
-11885
-12936
-12828
-11678
-10724
-9943
-8330
-5978
-3446
-1362
329
2542
4697
6133
7360
8183
9186
9902
9957
10444
10858
11105
11339
11599
11895
12358
12219
12058
12417
11668
10952
9722
8245
7308
5122
2903
747
-1247
-2935
-5053
-6688
-7856
-8188
-8472
-8555
-7786
-6638
-4670
-3189
-1479
572
2585
4687
5677
6398
7127
7315
6921
5682
4023
2703
1181
-976
-2930
-4719
-5677
-6145
-7102
-7394
-6909
-5807
-4813
-4370
-3789
-2551
-1562
-1789
-2531
-3133
-3512
-4599
-6812
-8861
-9878
-10821
-12228
-13458
-13572
-12616
-11577
-10890
-9229
-6556
-4046
-1580
132
2410
4967
6359
7612
8189
9157
9869
9745
10063
9757
10538
10810
10636
11612
11410
12413
12749
12186
12869
12139
11794
10593
8402
7327
5369
3202
449
-2135
-3813
-5732
-7541
-9093
-9409
-9351
-9460
-8790
-7647
-5405
-3592
-2381
-166
2010
3785
4944
5373
6109
6460
5591
4648
3197
1883
382
-1745
-3229
-4780
-5730
-6411
-7034
-6967
-6935
-5944
-5235
-4514
-3804
-3313
-2313
-2531
-2885
-3699
-4334
-5121
-6996
-8593
-10062
-10896
-11775
-12745
-12854
-12167
-11010
-9733
-8165
-5920
-3094
-621
1467
3597
5736
7634
8968
9281
10037
10525
10727
10917
10226
10788
11078
11739
11880
12049
13276
13644
14455
13791
13839
13894
12624
11253
8625
7116
4955
1904
-1098
-4004
-5647
-7900
-10117
-11487
-11789
-11277
-11422
-10785
-9073
-6710
-4506
-3040
-800
1829
3889
5050
5578
6543
7066
6417
4909
3278
2104
424
-1914
-4374
-6085
-7229
-8473
-9451
-9855
-9403
-8604
-8034
-7185
-5899
-4548
-3539
-3103
-2903
-2923
-3341
-4226
-5433
-6777
-8086
-9469
-10553
-11390
-11839
-11424
-10669
-9419
-7887
-5882
-3333
-713
1777
3918
6129
8064
9684
10607
11036
11724
11813
11957
11626
11264
11625
11590
11912
11864
12288
13025
13287
13644
13244
13564
13285
12245
11084
9129
8014
5718
2976
583
-1961
-3614
-6123
-8446
-9788
-10499
-10743
-11151
-11010
-9703
-7917
-6514
-5077
-3010
-611
1442
2587
3474
4635
5398
5096
3975
2905
1600
250
-2023
-4515
-6115
-7828
-9012
-10341
-11147
-10943
-10428
-9739
-9051
-7709
-6314
-4887
-4091
-3622
-3021
-3003
-3227
-4247
-5298
-6315
-7379
-8398
-9651
-10042
-10166
-9494
-8730
-7864
-5864
-3889
-1261
808
2919
5683
7765
9648
10745
11989
13374
13767
13855
13765
13845
13916
13312
12924
12751
12395
12319
11922
11718
11589
10919
10772
10262
9340
8211
6697
5781
3907
1811
-311
-2170
-3359
-5630
-7454
-8406
-8561
-8578
-9052
-8520
-7013
-5085
-3952
-2945
-786
1249
2682
2877
3080
3961
3868
2612
759
-621
-1790
-3775
-6396
-8526
-9744
-10790
-12102
-13148
-13124
-12423
-11629
-11012
-9967
-8126
-6620
-5456
-4670
-3842
-3017
-3079
-3499
-4043
-4670
-5475
-6494
-7336
-7852
-8231
-8219
-7623
-6749
-5581
-4037
-2130
182
2147
3990
6294
8176
9927
10981
11687
12846
13168
13286
12851
12643
12723
12089
11508
11028
11208
11292
10844
10760
11290
11595
11368
11060
10942
10916
9997
8322
7190
5685
3767
1480
-942
-2509
-4448
-6554
-7996
-8862
-8915
-9024
-9037
-7946
-6355
-5044
-3674
-2151
-495
1042
1347
1495
1765
1439
405
-1215
-2869
-4514
-6264
-8309
-10027
-11139
-12153
-12688
-12916
-12613
-11702
-10607
-9149
-7811
-6352
-4846
-3561
-2593
-2313
-2008
-2019
-2594
-3470
-4497
-5296
-6117
-6969
-7521
-7541
-7165
-6473
-5531
-3887
-1980
-66
2018
4055
6327
8095
9607
10816
11682
12444
12251
12235
11902
11166
10768
9882
9357
9000
8442
8533
8743
9018
9623
10081
10826
11390
11414
11739
11574
10983
9873
8104
6808
4662
2198
-238
-2804
-4580
-7023
-8958
-10137
-10764
-10800
-11057
-10341
-9124
-7451
-5785
-4543
-2695
-868
251
907
881
955
875
-500
-2185
-3776
-5198
-6660
-8602
-10116
-10769
-10998
-11322
-11244
-10352
-8763
-7199
-6118
-4459
-2641
-941
60
380
1103
1323
978
-39
-1017
-1690
-2649
-3851
-5135
-5506
-5580
-5642
-5608
-5126
-3773
-2305
-956
359
2125
3901
5583
6625
7680
8796
9425
9680
9471
9312
9063
8701
8127
7711
7350
7195
7368
7608
8224
8768
9516
10353
10902
11336
11295
11389
10855
9844
8405
6447
4814
2369
-234
-2830
-5300
-7131
-9073
-10714
-11598
-11857
-11532
-10905
-10073
-8550
-6662
-4792
-3184
-1693
-155
1150
1839
1948
1857
1338
539
-848
-2567
-3965
-5460
-6931
-8572
-9606
-9951
-10211
-10154
-9948
-8853
-7170
-5960
-4679
-2987
-1078
506
1094
1634
2402
2918
2588
1403
860
397
-440
-1823
-3218
-3519
-3715
-4076
-4350
-3959
-2736
-1563
-490
732
2438
4263
5475
6333
7180
8003
8436
8103
7480
6771
6160
5391
4290
3719
3167
3226
3657
3899
4909
5912
6962
8346
9110
9974
10565
10369
10243
9321
7897
6269
4060
1953
-647
-3409
-5697
-7720
-9274
-10915
-11722
-11724
-11262
-10367
-9498
-7549
-5370
-3305
-1496
23
1944
3267
3909
3890
3407
3026
1896
76
-1872
-3593
-4914
-6537
-8050
-9113
-9186
-8793
-8664
-7837
-6390
-4266
-2330
-1159
824
2749
4285
5140
5052
5576
5515
4819
3498
2320
1378
43
-1380
-2947
-3520
-4057
-4463
-4480
-4189
-3193
-2258
-1133
-56
1306
2385
3249
3987
4119
4368
4052
3512
2737
1559
622
-282
-1121
-1730
-2011
-1676
-1169
-222
951
2570
4492
5779
7364
8749
9610
10469
10114
9833
9361
7747
6221
3846
1997
292
-2285
-4060
-5868
-6704
-7364
-8363
-8275
-7882
-6638
-5818
-4932
-3287
-1620
174
991
1812
2931
3604
3667
2771
2175
1627
548
-927
-2626
-3466
-4190
-5121
-5793
-6010
-5195
-4429
-3729
-2424
-764
1140
2544
3655
5142
6370
6856
6656
6408
6002
5142
3675
1843
443
-1122
-2792
-4425
-5813
-6509
-7063
-7485
-7485
-7200
-6495
-5755
-5079
-4225
-3456
-2643
-2091
-1812
-1685
-1756
-1833
-2193
-2695
-3180
-3593
-3620
-3519
-3248
-2673
-1591
-34
1512
3183
4907
7152
9094
10424
11581
12396
13403
13309
12344
11676
10430
9164
6939
4508
3064
1199
-649
-2645
-4043
-4322
-5031
-5496
-5511
-4849
-3594
-2823
-1867
-568
936
2080
2523
3024
3526
3683
3072
2050
1418
644
-481
-1912
-3006
-3137
-3732
-4245
-4175
-3746
-2410
-1891
-1188
315
1506
2790
3096
3623
4429
4597
4071
2943
2229
1240
-125
-2223
-4301
-5553
-7273
-8868
-10561
-11666
-11829
-12318
-12395
-12170
-11430
-10131
-9077
-8129
-6982
-5652
-4584
-3859
-3564
-3236
-2659
-2459
-2554
-2726
-2499
-1983
-1467
-1076
-175
1203
2699
4297
5832
7780
10042
11776
13387
14823
15834
17018
17236
17190
16785
15495
14414
12569
10665
8381
5739
3958
1745
-133
-2042
-3393
-3754
-4371
-4667
-4628
-3679
-2428
-1837
-1042
201
1742
2745
2864
3156
3539
3573
2852
1789
1181
459
-639
-1909
-2972
-3383
-3818
-4248
-4302
-4040
-3316
-2778
-2177
-1447
-565
282
432
483
368
62
-508
-1846
-3308
-4804
-6357
-8163
-10199
-11798
-13071
-13968
-14881
-15355
-15061
-14387
-13359
-12218
-10747
-8862
-7007
-5335
-3868
-2503
-1532
-885
-539
-586
-456
-703
-985
-1105
-1053
-688
-214
599
1770
3322
4943
6707
8645
10579
12430
13856
15065
16161
16910
17124
17023
16662
15959
15092
13701
12420
11275
9598
8210
6546
5391
4510
3250
2413
1604
1394
1197
897
890
1082
1571
1689
1605
1695
1783
1810
1160
275
-190
-885
-1804
-3180
-4262
-4787
-5600
-6616
-7601
-7777
-7629
-7826
-8092
-7888
-7143
-6592
-6492
-6317
-5674
-5030
-4986
-5276
-5254
-5017
-5252
-5954
-6662
-6979
-7233
-7986
-8925
-9386
-9434
-9649
-10069
-10313
-9982
-9365
-9026
-8888
-8257
-7310
-6465
-5901
-5451
-4626
-3720
-3041
-2555
-1966
-996
-88
753
1635
2637
3965
5282
6561
7941
9319
10662
11992
12946
13859
14575
15051
15547
15282
15221
14997
14854
14619
13739
13445
13084
12896
12417
11577
11519
11058
10423
9513
8353
7869
6618
5127
3782
2414
1415
-111
-1544
-2540
-3258
-3911
-4797
-5214
-5325
-5243
-5377
-5713
-5476
-5267
-5273
-5653
-6118
-6110
-6458
-7138
-8061
-8773
-9124
-9863
-10735
-11270
-11327
-11279
-11497
-11394
-10726
-9759
-9024
-8546
-7464
-6267
-5287
-4768
-4483
-3746
-3419
-3524
-3844
-4225
-4383
-5087
-5774
-6181
-6496
-6601
-6927
-6744
-6284
-5824
-5084
-4348
-3192
-2090
-1180
-64
991
2111
3054
3864
4767
5556
6280
6965
7672
8399
9050
9553
10190
10799
11287
11744
12060
12479
12802
12978
13229
13343
13469
13665
13561
13693
13546
13350
13350
12736
12439
11667
10810
10084
8656
7467
5807
4240
2758
898
-699
-2342
-3447
-4616
-5835
-6525
-7028
-6980
-7220
-7348
-6919
-6600
-6091
-6125
-5953
-5514
-5503
-5704
-6446
-6763
-7101
-8018
-9103
-10168
-10775
-11442
-12424
-13119
-13249
-13009
-12847
-12562
-11777
-10630
-9456
-8537
-7388
-5966
-4748
-3873
-3275
-2529
-1826
-1604
-1528
-1503
-1362
-1397
-1707
-1656
-1728
-1643
-1435
-1307
-776
-453
175
951
1550
2355
2865
3631
4193
4502
4936
5162
5526
5496
5517
5702
5819
6006
6017
6335
6791
7004
7328
7659
8122
8622
8573
8789
9029
9010
9088
8743
8895
8982
8588
8564
8457
8676
8639
8224
8296
8321
8125
7533
6911
6511
5700
4758
3402
2402
1434
-126
-1273
-2614
-3401
-4347
-5662
-6191
-6692
-6885
-7371
-7884
-7612
-7482
-7550
-7791
-7751
-7544
-7814
-8358
-8908
-9060
-9637
-10501
-11207
-11732
-11976
-12565
-12929
-12749
-12175
-11598
-11042
-9843
-8228
-6468
-5080
-3477
-1479
338
1846
2808
4004
5018
5406
5394
5147
5046
4585
3764
2952
2272
1768
1047
438
141
-68
-237
-440
-504
-350
-218
-193
-107
8
275
484
767
1065
1456
2045
2324
2985
3584
4237
4956
5326
6068
6614
7112
7489
7801
8200
8279
8310
8342
8324
8161
7924
7643
7524
7312
6892
6699
6557
6449
6132
5792
5665
5417
5031
4462
3961
3456
2648
1681
769
-111
-1114
-2352
-3512
-4335
-5298
-6271
-7105
-7638
-7872
-8328
-8597
-8595
-8375
-8226
-8322
-8107
-7862
-7763
-7883
-8091
-8006
-8085
-8457
-8736
-8709
-8444
-8419
-8441
-7963
-7067
-6267
-5645
-4733
-3385
-1972
-955
-6
1243
2457
3283
3802
4260
4771
4952
4726
4378
4092
3691
3019
2369
1752
1256
742
265
-56
-311
-458
-414
-257
-119
50
341
820
1172
1332
1535
1897
2192
2254
2237
2298
2498
2439
2360
2447
2552
2770
2859
3142
3633
4026
4418
4827
5407
5921
6201
6402
6539
6618
6507
6202
5915
5633
5183
4697
4310
4041
3816
3485
3225
3270
3198
3021
2740
2522
2384
1801
1054
235
-468
-1346
-2632
-3823
-4863
-5799
-6821
-7849
-8426
-8693
-8983
-9270
-9158
-8599
-8043
-7767
-7402
-6498
-5685
-5352
-5157
-4791
-4093
-4008
-4403
-4392
-4156
-3947
-4303
-4609
-4167
-3679
-3458
-3335
-2722
-1622
-862
-364
413
1559
2541
3008
3352
3969
4578
4549
4287
4099
3887
3544
2733
2025
1474
861
180
-508
-913
-1335
-1506
-1576
-1613
-1396
-1310
-859
-397
-6
480
807
1422
1807
2101
2448
2642
2948
3065
3180
3340
3470
3620
3751
3921
4002
4196
4403
4477
4543
4520
4566
4570
4302
3945
3706
3534
3154
2711
2225
2052
1934
1586
1378
1259
1506
1583
1499
1621
1774
2002
1986
1769
1643
1449
912
303
-432
-1173
-2043
-3290
-4177
-5094
-6042
-6894
-7786
-8104
-8356
-8740
-8797
-8490
-7895
-7473
-7129
-6342
-5314
-4466
-4045
-3373
-2392
-1670
-1413
-1313
-675
-152
-169
-370
-205
320
438
224
320
981
1498
1539
1748
2388
3138
3464
3499
3861
4433
4609
4428
4238
4270
4130
3518
2872
2341
1849
1067
279
-323
-884
-1296
-1856
-2155
-2251
-2442
-2426
-2379
-2215
-2079
-1971
-1755
-1554
-1346
-1269
-1105
-880
-667
-533
-409
-110
187
446
695
1108
1534
1906
2154
2533
2970
3184
3299
3311
3440
3388
3045
2750
2473
2124
1659
1130
838
674
432
223
258
526
802
981
1364
1793
2280
2508
2463
2635
2560
2348
1750
1005
465
-367
-1304
-2409
-3338
-4011
-4929
-5779
-6344
-6534
-6589
-6731
-6657
-6095
-5350
-4677
-3993
-3079
-1967
-1072
-359
353
1228
1909
2102
2287
2466
2633
2535
2163
2012
1895
1766
1480
1344
1500
1686
1870
2035
2424
2888
3278
3550
3810
4043
4125
4012
3713
3374
2824
2164
1408
605
-154
-1060
-1803
-2419
-2919
-3340
-3774
-3964
-3987
-3912
-3872
-3788
-3661
-3447
-3188
-3045
-2896
-2760
-2568
-2374
-2297
-2174
-1952
-1652
-1389
-1232
-899
-454
66
510
858
1420
1916
2359
2703
2918
3186
3186
2996
2761
2414
1913
1299
584
21
-496
-1092
-1520
-1806
-1767
-1710
-1544
-1172
-591
172
730
1459
2185
2918
3566
3753
4120
4324
4322
4114
3517
3165
2607
1850
1116
337
-196
-837
-1484
-1839
-1994
-1993
-2089
-2011
-1640
-1186
-799
-550
-50
405
698
808
734
871
671
272
-142
-623
-941
-1507
-1976
-2267
-2355
-2242
-2131
-1697
-1109
-319
587
1492
2533
3438
4211
4927
5423
5720
5649
5364
4945
4284
3368
2275
1315
245
-900
-2017
-2933
-3533
-4263
-4899
-5293
-5479
-5433
-5587
-5561
-5391
-5284
-5245
-5305
-5230
-5252
-5417
-5677
-5871
-5957
-6098
-6180
-6074
-5868
-5498
-4946
-4201
-3231
-2214
-1158
56
1264
2396
3340
4154
4847
5294
5508
5388
5149
4714
4137
3512
2768
2099
1486
991
644
435
456
663
1013
1445
1975
2664
3429
4095
4661
5129
5491
5796
5801
5697
5405
4824
4233
3383
2578
1684
673
-163
-1064
-1790
-2387
-2884
-3087
-3280
-3302
-3105
-2818
-2302
-1856
-1297
-633
9
680
1195
1774
2225
2575
2811
2852
2890
2691
2444
2116
1760
1426
1049
729
467
420
386
499
708
966
1408
1693
2037
2364
2597
2745
2583
2363
2069
1684
1064
297
-476
-1235
-1953
-2809
-3480
-4115
-4604
-5052
-5530
-5659
-5852
-5914
-5969
-6105
-5938
-5911
-5824
-5714
-5685
-5536
-5396
-5245
-5059
-4828
-4590
-4190
-3840
-3420
-2951
-2463
-1812
-1273
-646
-48
586
1253
1747
2294
2694
3063
3317
3361
3374
3235
3030
2654
2152
1659
1155
656
204
-167
-425
-551
-578
-354
30
532
1100
1736
2500
3212
3889
4473
4971
5386
5561
5564
5457
5245
4902
4352
3677
3097
2486
1794
1117
445
65
-354
-841
-1081
-1234
-1135
-1103
-1084
-787
-473
-11
345
774
1329
1776
2233
2474
2892
3184
3257
3299
3112
3126
2901
2508
2229
1939
1816
1489
1231
1151
1198
1291
1180
1187
1224
1308
1170
798
488
59
-455
-1202
-2030
-2712
-3365
-4078
-4775
-5302
-5581
-5695
-5823
-5771
-5583
-5237
-4871
-4607
-4245
-3941
-3725
-3643
-3695
-3742
-3926
-4222
-4548
-4910
-5204
-5524
-5677
-5695
-5562
-5398
-5112
-4549
-3901
-3153
-2516
-1765
-976
-261
287
659
1120
1361
1481
1462
1329
1206
968
689
388
130
-202
-473
-635
-788
-895
-1012
-971
-774
-627
-401
-82
464
1120
1650
2295
3069
4020
4887
5570
6389
7198
7937
8461
8717
9023
9164
9009
8653
8146
7554
6843
5865
4923
3984
2977
2082
1156
478
-97
-530
-776
-844
-697
-458
52
615
1294
1978
2630
3393
3959
4420
4632
4675
4609
4162
3506
2663
1739
733
-386
-1528
-2501
-3289
-3937
-4439
-4702
-4665
-4455
-4070
-3643
-3075
-2457
-1959
-1504
-1225
-1041
-1083
-1319
-1594
-2088
-2576
-3236
-3832
-4302
-4831
-5129
-5402
-5458
-5368
-5334
-5064
-4712
-4364
-3978
-3742
-3434
-3151
-3080
-3025
-3124
-3210
-3352
-3696
-3911
-4156
-4349
-4504
-4686
-4613
-4525
-4317
-3981
-3627
-3084
-2590
-2075
-1446
-930
-403
30
415
858
1109
1341
1485
1635
1852
1893
1995
2081
2228
2448
2606
2854
3121
3441
3826
4189
4624
5102
5568
6062
6505
7007
7494
7898
8306
8548
8782
8920
8945
8890
8656
8403
7962
7428
6759
5996
5246
4400
3451
2437
1497
571
-276
-1140
-1909
-2464
-2950
-3236
-3448
-3449
-3218
-2947
-2536
-2093
-1551
-954
-440
43
442
716
894
968
925
804
554
245
-92
-422
-757
-1072
-1330
-1558
-1729
-1801
-1839
-1843
-1827
-1791
-1703
-1667
-1689
-1770
-1842
-1945
-2177
-2506
-2886
-3241
-3699
-4205
-4731
-5227
-5619
-6098
-6477
-6768
-6924
-6953
-6973
-6851
-6676
-6369
-6078
-5706
-5369
-5154
-4864
-4748
-4607
-4581
-4660
-4693
-4806
-4852
-4868
-4785
-4562
-4263
-3805
-3174
-2434
-1567
-686
206
1160
2029
2823
3401
3838
4245
4443
4493
4349
4167
4004
3740
3407
3122
2951
2915
2887
2878
3095
3363
3739
4143
4497
4987
5405
5865
6254
6605
7041
7306
7629
7861
8098
8341
8469
8684
8710
8790
8721
8521
8334
7875
7425
6662
5847
4994
3905
2872
1702
618
-390
-1402
-2256
-2946
-3499
-3849
-4111
-4131
-3960
-3738
-3372
-3031
-2591
-2162
-1799
-1454
-1312
-1179
-1158
-1268
-1400
-1702
-1974
-2268
-2607
-2852
-3144
-3288
-3375
-3452
-3369
-3291
-3121
-2924
-2783
-2523
-2336
-2211
-2118
-2153
-2181
-2276
-2532
-2842
-3163
-3510
-3859
-4330
-4783
-5082
-5341
-5539
-5734
-5804
-5651
-5395
-5101
-4681
-4132
-3492
-2812
-2219
-1591
-951
-428
-55
169
301
347
254
40
-196
-447
-696
-902
-1025
-982
-828
-563
-187
306
927
1519
2128
2707
3221
3666
3921
4083
4136
4068
3869
3566
3278
2882
2535
2181
1930
1830
1705
1747
1872
2154
2532
2905
3353
3818
4315
4772
5127
5491
5781
6012
6138
6170
6217
6168
6101
5994
5836
5654
5415
5125
4820
4445
3961
3411
2749
2006
1202
299
-662
-1641
-2629
-3582
-4453
-5267
-5942
-6481
-6852
-7005
-7033
-6885
-6547
-6042
-5377
-4683
-3942
-3115
-2296
-1537
-892
-355
135
474
684
756
738
661
539
374
156
21
-63
-80
-68
-64
85
259
406
515
568
661
643
517
312
64
-215
-562
-1037
-1495
-1916
-2307
-2659
-3060
-3283
-3440
-3552
-3520
-3507
-3327
-3139
-2988
-2716
-2524
-2349
-2200
-2175
-2143
-2236
-2453
-2649
-2951
-3223
-3557
-3904
-4121
-4274
-4305
-4301
-4145
-3791
-3311
-2765
-2165
-1416
-624
145
793
1412
1996
2429
2708
2773
2783
2679
2443
2102
1694
1371
1043
721
466
322
365
475
665
976
1384
1902
2461
3054
3682
4292
4852
5417
5891
6285
6644
6858
7010
7044
6995
6896
6661
6379
5990
5521
5023
4404
3778
3116
2381
1698
937
293
-313
-858
-1294
-1710
-1917
-2057
-2078
-2014
-1867
-1548
-1210
-845
-440
-25
482
874
1239
1562
1786
2027
2073
2074
1985
1812
1627
1305
997
674
357
32
-261
-515
-772
-927
-1146
-1297
-1448
-1657
-1783
-2019
-2242
-2491
-2806
-3085
-3420
-3727
-4007
-4345
-4567
-4790
-4920
-5017
-5108
-5053
-5035
-4940
-4840
-4746
-4616
-4580
-4519
-4486
-4529
-4567
-4702
-4817
-4944
-5153
-5290
-5464
-5553
-5607
-5661
-5556
-5396
-5088
-4713
-4287
-3687
-3037
-2294
-1555
-781
52
821
1587
2240
2846
3372
3778
4103
4319
4470
4568
4605
4611
4613
4612
4684
4753
4854
5053
5234
5484
5761
6039
6401
6660
6976
7294
7535
7814
7989
8158
8301
8314
8363
8290
8150
7967
7640
7326
6835
6283
5679
4959
4223
3380
2520
1648
733
-116
-949
-1709
-2353
-2915
-3329
-3624
-3783
-3781
-3638
-3429
-3137
-2798
-2375
-1944
-1600
-1272
-1020
-796
-654
-666
-733
-877
-1091
-1341
-1689
-1994
-2297
-2609
-2869
-3131
-3286
-3412
-3488
-3527
-3560
-3516
-3484
-3424
-3409
-3435
-3410
-3491
-3558
-3719
-3908
-4040
-4288
-4484
-4743
-4986
-5143
-5362
-5474
-5566
-5600
-5525
-5477
-5282
-5069
-4798
-4463
-4156
-3792
-3436
-3088
-2738
-2448
-2191
-1961
-1764
-1577
-1456
-1333
-1233
-1116
-961
-837
-629
-414
-174
161
434
802
1189
1496
1879
2197
2531
2839
3027
3256
3430
3565
3682
3729
3810
3873
3919
3970
4036
4145
4249
4365
4494
4697
4906
5090
5289
5454
5674
5844
5939
6031
6053
6052
5972
5794
5605
5356
5048
4670
4267
3895
3471
3019
2563
2114
1713
1265
797
376
-83
-510
-943
-1371
-1726
-2096
-2411
-2645
-2851
-2961
-3031
-3044
-2948
-2801
-2602
-2359
-2089
-1787
-1460
-1173
-873
-609
-398
-205
-80
2
8
-48
-143
-284
-484
-711
-949
-1187
-1400
-1612
-1774
-1901
-1937
-1928
-1905
-1757
-1653
-1457
-1274
-1117
-900
-818
-722
-681
-716
-765
-942
-1139
-1350
-1648
-1897
-2212
-2485
-2705
-2932
-3057
-3164
-3201
-3154
-3115
-2985
-2860
-2728
-2563
-2494
-2376
-2293
-2252
-2226
-2268
-2282
-2276
-2291
-2266
-2217
-2106
-1949
-1796
-1570
-1312
-1023
-715
-420
-81
250
552
845
1103
1367
1619
1820
2009
2161
2280
2389
2438
2491
2507
2486
2466
2423
2381
2355
2296
2280
2276
2250
2304
2312
2390
2453
2456
2524
2504
2541
2529
2445
2436
2362
2360
2334
2308
2361
2408
2536
2656
2834
3031
3205
3397
3543
3683
3756
3766
3743
3640
3473
3227
2919
2581
2190
1765
1356
960
592
233
-65
-273
-425
-522
-572
-532
-450
-356
-233
-117
16
109
127
137
61
-73
-241
-498
-746
-1055
-1411
-1733
-2074
-2366
-2637
-2878
-3025
-3137
-3225
-3246
-3250
-3190
-3133
-3102
-3040
-3013
-2972
-2958
-3004
-3032
-3092
-3170
-3250
-3386
-3476
-3579
-3673
-3754
-3840
-3858
-3871
-3854
-3812
-3767
-3672
-3575
-3471
-3353
-3249
-3127
-3005
-2908
-2782
-2681
-2565
-2433
-2330
-2178
-2040
-1884
-1692
-1508
-1293
-1065
-814
-525
-231
91
437
776
1149
1496
1830
2172
2451
2719
2946
3113
3283
3383
3430
3487
3489
3508
3508
3478
3484
3475
3473
3474
3440
3430
3430
3360
3316
3232
3142
3077
2926
2829
2710
2595
2552
2438
2421
2437
2476
2585
2648
2812
2993
3154
3342
3480
3615
3715
3728
3707
3593
3403
3189
2875
2520
2119
1683
1270
834
400
15
-327
-607
-849
-1059
-1185
-1266
-1315
-1345
-1355
-1338
-1335
-1347
-1360
-1381
-1459
-1540
-1640
-1786
-1926
-2103
-2257
-2431
-2612
-2743
-2888
-3003
-3100
-3160
-3182
-3200
-3197
-3152
-3103
-3037
-2984
-2929
-2823
-2755
-2661
-2589
-2521
-2416
-2353
-2285
-2233
-2188
-2152
-2140
-2150
-2189
-2233
-2267
-2337
-2416
-2497
-2548
-2587
-2634
-2630
-2612
-2556
-2488
-2383
-2236
-2098
-1921
-1761
-1560
-1349
-1168
-941
-739
-507
-279
-75
175
430
672
936
1187
1446
1733
1963
2211
2430
2607
2792
2910
2988
3033
3046
3036
2980
2895
2794
2693
2580
2465
2360
2261
2189
2129
2071
2056
2040
2041
2074
2120
2184
2239
2330
2435
2529
2623
2734
2860
2938
3020
3105
3176
3225
3237
3244
3227
3171
3115
3018
2889
2759
2611
2444
2252
2062
1896
1709
1529
1347
1162
1014
862
710
551
412
298
157
21
-97
-208
-316
-432
-519
-599
-691
-756
-850
-936
-1043
-1153
-1271
-1442
-1610
-1785
-1991
-2206
-2429
-2647
-2856
-3060
-3243
-3406
-3533
-3627
-3703
-3733
-3710
-3678
-3620
-3551
-3454
-3350
-3285
-3208
-3132
-3116
-3104
-3137
-3182
-3260
-3377
-3482
-3616
-3740
-3859
-3945
-4026
-4053
-4038
-3991
-3872
-3705
-3486
-3234
-2933
-2578
-2203
-1828
-1437
-1044
-664
-296
16
326
588
829
1035
1165
1325
1470
1586
1683
1786
1906
2014
2113
2225
2346
2446
2538
2618
2674
2720
2731
2734
2708
2687
2654
2602
2585
2569
2570
2579
2603
2663
2715
2758
2831
2891
2957
2987
3023
3024
2996
2969
2902
2819
2701
2593
2452
2299
2148
2002
1869
1735
1617
1516
1445
1411
1392
1374
1401
1445
1478
1520
1537
1563
1574
1536
1484
1403
1301
1198
1071
926
799
672
557
436
356
277
196
121
6
-89
-234
-392
-586
-831
-1089
-1381
-1689
-2018
-2345
-2644
-2933
-3216
-3447
-3652
-3795
-3901
-3986
-4014
-4003
-3953
-3888
-3819
-3718
-3593
-3476
-3363
-3248
-3145
-3044
-2969
-2902
-2858
-2816
-2790
-2778
-2766
-2774
-2733
-2693
-2643
-2553
-2459
-2324
-2158
-1988
-1781
-1573
-1346
-1100
-870
-623
-383
-148
92
301
508
686
857
1032
1159
1266
1351
1425
1477
1503
1515
1522
1520
1505
1488
1459
1460
1457
1458
1456
1456
1485
1499
1535
1570
1608
1659
1697
1739
1776
1809
1848
1880
1895
1909
1923
1924
1923
1897
1881
1848
1812
1769
1712
1674
1626
1600
1573
1549
1549
1561
1580
1612
1648
1712
1778
1821
1882
1923
1976
2011
2013
2013
1988
1964
1908
1858
1793
1745
1693
1624
1583
1545
1535
1517
1490
1485
1479
1462
1436
1372
1311
1225
1089
927
732
525
307
36
-234
-508
-775
-1052
-1341
-1592
-1832
-2062
-2285
-2485
-2652
-2792
-2935
-3043
-3137
-3221
-3279
-3354
-3401
-3442
-3480
-3509
-3556
-3588
-3623
-3658
-3689
-3716
-3730
-3745
-3746
-3720
-3677
-3624
-3540
-3454
-3330
-3213
-3078
-2918
-2762
-2596
-2458
-2309
-2183
-2054
-1941
-1843
-1739
-1640
-1547
-1456
-1354
-1250
-1121
-991
-852
-683
-513
-335
-145
65
297
532
771
1014
1274
1537
1810
2084
2340
2599
2843
3056
3274
3436
3591
3723
3802
3867
3890
3909
3905
3877
3833
3770
3713
3628
3556
3486
3418
3359
3293
3227
3180
3133
3074
3029
2962
2915
2850
2778
2706
2626
2556
2450
2351
2234
2106
1984
1826
1676
1527
1346
1176
994
801
634
465
288
148
-6
-142
-251
-381
-481
-590
-711
-820
-942
-1069
-1200
-1342
-1487
-1647
-1817
-1991
-2171
-2353
-2550
-2744
-2934
-3120
-3302
-3464
-3609
-3740
-3836
-3928
-3977
-4000
-4017
-3993
-3967
-3920
-3846
-3792
-3711
-3623
-3540
-3437
-3346
-3252
-3150
-3043
-2947
-2838
-2725
-2620
-2501
-2391
-2269
-2134
-2005
-1862
-1709
-1546
-1372
-1203
-1024
-831
-650
-469
-297
-132
37
185
330
475
602
742
870
1008
1166
1317
1502
1680
1874
2086
2295
2512
2718
2924
3108
3274
3409
3498
3568
3593
3584
3551
3470
3380
3267
3132
3006
2866
2735
2615
2491
2379
2290
2205
2132
2084
2025
1992
1963
1930
1914
1891
1870
1850
1829
1811
1786
1761
1732
1698
1658
1607
1541
1483
1405
1322
1235
1130
1047
948
849
767
677
604
539
457
399
332
269
207
133
50
-33
-119
-239
-353
-495
-637
-778
-955
-1119
-1288
-1454
-1618
-1798
-1957
-2114
-2263
-2408
-2558
-2686
-2803
-2915
-3014
-3112
-3175
-3218
-3242
-3228
-3195
-3116
-3016
-2898
-2760
-2598
-2409
-2238
-2055
-1881
-1722
-1555
-1434
-1329
-1223
-1158
-1104
-1078
-1072
-1056
-1055
-1071
-1081
-1085
-1075
-1060
-1041
-1010
-943
-867
-787
-693
-601
-489
-382
-287
-189
-100
-19
46
104
162
213
277
333
400
488
570
673
779
886
1010
1117
1223
1328
1414
1493
1549
1590
1612
1625
1620
1602
1585
1547
1521
1494
1470
1461
1454
1461
1483
1514
1550
1604
1667
1731
1806
1864
1926
1983
2023
2063
2084
2094
2085
2067
2038
1999
1956
1894
1828
1750
1662
1577
1474
1372
1262
1148
1032
908
785
656
548
426
304
196
83
-11
-119
-224
-312
-405
-489
-575
-649
-718
-793
-855
-914
-962
-1012
-1072
-1118
-1173
-1226
-1282
-1350
-1404
-1468
-1532
-1596
-1659
-1716
-1763
-1809
-1860
-1895
-1937
-1979
-2013
-2054
-2090
-2130
-2172
-2212
-2252
-2290
-2322
-2350
-2373
-2385
-2391
-2397
-2387
-2366
-2338
-2304
-2277
-2251
-2209
-2175
-2147
-2105
-2070
-2034
-1986
-1946
-1890
-1826
-1753
-1649
-1537
-1410
-1265
-1108
-935
-745
-552
-357
-150
50
257
466
669
877
1083
1285
1483
1681
1870
2054
2231
2400
2564
2725
2860
2998
3126
3228
3325
3405
3472
3539
3587
3624
3655
3664
3677
3689
3680
3672
3653
3618
3583
3523
3460
3384
3290
3185
3064
2933
2790
2637
2476
2301
2122
1924
1721
1519
1309
1097
881
662
450
252
49
-130
-306
-468
-607
-749
-870
-982
-1088
-1177
-1267
-1347
-1424
-1492
-1547
-1608
-1652
-1704
-1751
-1791
-1841
-1882
-1926
-1987
-2032
-2087
-2143
-2183
-2240
-2273
-2304
-2335
-2346
-2361
-2369
-2374
-2372
-2376
-2377
-2379
-2378
-2367
-2364
-2349
-2338
-2324
-2292
-2268
-2224
-2184
-2147
-2097
-2058
-2004
-1953
-1906
-1840
-1786
-1729
-1664
-1606
-1527
-1443
-1369
-1273
-1175
-1070
-943
-818
-679
-529
-384
-229
-67
96
268
435
603
777
948
1109
1271
1426
1588
1733
1867
1993
2111
2227
2321
2413
2492
2554
2619
2662
2706
2748
2768
2794
2810
2820
2829
2821
2816
2807
2784
2756
2714
2669
2614
2540
2459
2366
2260
2144
2010
1875
1724
1562
1401
1228
1057
882
704
530
357
188
28
-124
-269
-401
-529
-639
-741
-836
-897
-961
-1000
-1029
-1055
-1061
-1067
-1060
-1049
-1044
-1024
-1016
-1004
-987
-974
-961
-951
-943
-941
-936
-944
-948
-959
-972
-988
-1013
-1036
-1062
-1092
-1119
-1152
-1184
-1214
-1238
-1270
-1295
-1321
-1341
-1366
-1388
-1407
-1427
-1446
-1461
-1477
-1478
-1478
-1470
-1449
-1423
-1383
-1341
-1283
-1211
-1137
-1050
-964
-873
-780
-695
-604
-518
-437
-362
-294
-222
-154
-98
-38
8
60
103
141
178
214
245
272
296
318
339
356
372
390
410
436
462
496
540
577
631
683
740
799
862
923
987
1039
1091
1134
1170
1195
1207
1216
1220
1206
1200
1179
1161
1141
1113
1091
1063
1034
1012
982
960
940
916
904
879
865
845
825
808
781
753
731
697
667
629
592
555
507
464
425
375
339
294
256
226
190
163
137
112
96
75
63
55
46
49
43
47
51
48
40
38
22
5
-19
-45
-79
-120
-162
-210
-262
-313
-368
-424
-481
-539
-598
-657
-711
-768
-823
-870
-917
-961
-999
-1037
-1068
-1096
-1123
-1141
-1159
-1173
-1183
-1190
-1191
-1185
-1176
-1161
-1140
-1119
-1088
-1061
-1023
-993
-960
-925
-892
-857
-830
-796
-766
-733
-702
-671
-626
-596
-553
-511
-471
-421
-387
-334
-287
-246
-195
-148
-102
-50
-2
48
105
152
209
268
325
401
463
539
620
686
776
845
926
1003
1065
1146
1204
1264
1317
1351
1388
1407
1418
1426
1419
1412
1399
1380
1370
1348
1335
1324
1308
1303
1296
1285
1278
1263
1240
1217
1177
1135
1077
1010
943
859
774
684
591
509
416
334
259
190
132
76
32
-3
-34
-63
-87
-113
-129
-153
-186
-214
-256
-299
-354
-416
-478
-542
-612
-684
-753
-817
-877
-940
-991
-1043
-1086
-1130
-1172
-1205
-1240
-1269
-1298
-1329
-1353
-1380
-1405
-1425
-1446
-1454
-1462
-1462
-1457
-1449
-1428
-1417
-1389
-1359
-1330
-1290
-1258
-1215
-1170
-1137
-1086
-1048
-1004
-958
-918
-872
-831
-785
-741
-701
-657
-617
-589
-545
-515
-479
-445
-419
-373
-341
-299
-244
-193
-126
-52
26
118
209
315
420
528
645
755
868
976
1075
1176
1264
1350
1426
1489
1547
1593
1633
1663
1683
1696
1702
1705
1697
1683
1667
1645
1616
1574
1537
1491
1445
1391
1337
1284
1230
1186
1131
1086
1038
992
945
893
842
791
730
671
602
525
457
375
301
220
142
72
-3
-64
-125
-181
-220
-260
-289
-309
-334
-344
-354
-364
-370
-378
-384
-392
-409
-417
-436
-451
-474
-502
-525
-560
-593
-630
-674
-714
-756
-801
-845
-891
-936
-981
-1021
-1063
-1101
-1129
-1152
-1173
-1185
-1196
-1198
-1194
-1190
-1177
-1165
-1152
-1131
-1116
-1098
-1078
-1059
-1037
-1014
-987
-965
-935
-905
-879
-844
-810
-774
-731
-692
-641
-590
-537
-473
-409
-339
-259
-184
-104
-20
67
156
240
326
409
489
568
641
715
781
846
903
956
1006
1048
1082
1110
1133
1141
1146
1138
1124
1102
1069
1035
993
953
909
861
820
771
733
690
650
620
581
549
525
494
474
451
432
420
401
390
381
372
375
376
377
386
391
401
410
421
431
434
441
444
441
441
432
426
415
401
388
368
350
333
311
290
272
247
231
212
192
178
153
135
115
90
63
28
-10
-48
-95
-142
-192
-249
-301
-357
-408
-462
-513
-556
-600
-635
-668
-697
-717
-736
-754
-768
-787
-804
-825
-849
-876
-906
-937
-977
-1015
-1055
-1096
-1131
-1170
-1197
-1219
-1236
-1242
-1242
-1238
-1220
-1193
-1166
-1127
-1080
-1029
-967
-905
-836
-762
-688
-608
-530
-449
-373
-294
-220
-145
-71
-6
67
129
191
248
298
348
391
427
462
488
514
536
551
563
573
580
581
583
580
578
571
563
556
545
531
518
505
492
482
471
461
461
459
458
459
464
470
480
486
501
510
520
536
545
562
575
587
604
616
631
647
658
673
684
694
702
704
705
703
700
693
686
677
669
663
654
647
637
627
617
599
581
561
530
501
467
423
383
331
279
228
165
105
47
-18
-76
-134
-196
-251
-308
-368
-417
-472
-525
-571
-620
-666
-712
-759
-804
-853
-901
-948
-993
-1038
-1079
-1116
-1150
-1174
-1194
-1210
-1219
-1220
-1220
-1215
-1200
-1188
-1160
-1139
-1111
-1075
-1041
-1002
-956
-913
-865
-809
-755
-695
-632
-570
-502
-432
-366
-294
-225
-158
-85
-18
47
119
186
249
321
380
443
507
559
616
670
719
769
816
854
898
931
959
989
1012
1029
1047
1055
1060
1072
1070
1070
1072
1065
1059
1053
1039
1030
1013
992
976
951
922
894
859
816
777
729
674
626
569
511
457
392
335
278
217
164
111
58
10
-35
-80
-117
-154
-193
-224
-259
-292
-319
-349
-378
-401
-427
-447
-464
-483
-496
-508
-519
-526
-529
-531
-533
-535
-536
-537
-533
-533
-528
-528
-526
-521
-519
-517
-516
-520
-526
-533
-547
-558
-573
-596
-615
-635
-661
-681
-705
-731
-749
-773
-792
-800
-814
-817
-812
-810
-791
-771
-746
-714
-677
-642
-598
-553
-511
-460
-413
-368
-315
-270
-225
-175
-135
-89
-46
-9
32
74
108
149
191
231
282
329
381
437
491
545
605
657
712
765
812
858
900
935
968
995
1015
1033
1047
1052
1058
1062
1056
1058
1047
1041
1030
1019
1005
988
969
946
923
892
861
826
790
749
711
665
620
575
522
474
422
366
312
254
192
134
68
4
-59
-125
-190
-250
-315
-376
-433
-493
-547
-601
-655
-703
-745
-788
-820
-852
-880
-896
-913
-922
-923
-926
-921
-907
-899
-882
-864
-846
-824
-803
-783
-762
-741
-725
-704
-689
-676
-662
-649
-636
-620
-611
-597
-579
-568
-552
-539
-530
-518
-509
-500
-490
-480
-468
-453
-435
-415
-390
-366
-337
-308
-276
-244
-212
-181
-149
-114
-85
-52
-22
7
39
70
95
120
144
164
185
201
217
234
255
273
298
318
343
371
396
426
454
482
510
545
573
607
642
674
712
749
785
821
857
891
926
954
984
1008
1030
1052
1070
1084
1094
1104
1105
1107
1106
1096
1087
1074
1055
1034
1006
974
939
900
856
810
759
707
653
598
546
493
441
393
346
298
250
200
147
96
40
-14
-71
-129
-184
-239
-292
-346
-399
-447
-493
-535
-580
-620
-657
-693
-720
-753
-777
-799
-821
-837
-856
-873
-891
-907
-922
-936
-951
-965
-977
-987
-996
-1006
-1011
-1016
-1016
-1017
-1010
-1005
-994
-984
-967
-950
-930
-908
-886
-858
-832
-805
-780
-751
-722
-694
-662
-634
-602
-570
-537
-502
-468
-433
-400
-360
-321
-282
-245
-205
-164
-125
-84
-49
-12
23
60
93
122
153
180
208
231
251
271
285
301
313
327
339
350
369
385
407
426
451
477
504
535
566
598
629
665
698
731
763
798
830
862
895
925
955
980
1008
1031
1050
1065
1079
1087
1094
1096
1097
1091
1083
1073
1061
1043
1020
999
973
946
919
888
856
828
794
761
718
678
636
587
535
483
426
366
302
242
176
107
41
-28
-93
-163
-230
-293
-360
-417
-477
-533
-584
-635
-678
-724
-764
-802
-838
-874
-906
-936
-963
-992
-1017
-1038
-1060
-1081
-1099
-1116
-1133
-1147
-1162
-1171
-1183
-1190
-1190
-1194
-1189
-1185
-1173
-1161
-1149
-1127
-1110
-1085
-1058
-1029
-994
-961
-921
-876
-833
-783
-734
-681
-629
-574
-515
-457
-400
-338
-276
-212
-148
-83
-17
46
110
172
230
289
346
399
452
501
551
596
636
676
713
746
773
799
827
847
869
889
909
928
944
960
975
987
1001
1011
1016
1022
1024
1026
1019
1016
1008
998
984
969
955
936
915
896
870
847
819
793
763
736
707
675
639
604
570
533
492
453
414
371
332
289
249
208
165
123
77
32
-12
-60
-106
-152
-192
-237
-277
-315
-349
-388
-422
-458
-491
-524
-557
-590
-619
-649
-675
-701
-726
-746
-768
-784
-803
-816
-828
-838
-846
-850
-852
-856
-854
-852
-851
-844
-844
-834
-830
-822
-811
-798
-784
-766
-745
-722
-699
-672
-644
-613
-582
-552
-518
-485
-451
-417
-383
-348
-313
-277
-243
-208
-168
-131
-93
-57
-12
28
66
107
148
188
225
260
296
327
357
386
414
443
467
493
517
536
560
577
592
609
625
640
649
663
673
683
690
695
703
699
697
696
688
679
671
660
645
633
616
600
583
562
541
518
492
465
438
406
377
347
315
283
253
223
191
158
129
96
62
30
-3
-34
-65
-96
-126
-153
-182
-210
-236
-261
-285
-308
-330
-352
-370
-387
-405
-421
-432
-447
-462
-473
-486
-495
-506
-515
-524
-530
-536
-543
-545
-547
-548
-550
-547
-543
-538
-534
-523
-512
-504
-489
-477
-464
-449
-430
-416
-399
-381
-361
-344
-325
-302
-283
-262
-242
-218
-197
-174
-152
-128
-105
-83
-55
-33
-7
20
48
70
99
125
146
172
197
219
241
265
287
307
325
348
365
383
400
413
425
438
450
456
465
472
475
474
476
475
471
465
462
454
443
436
427
417
406
397
388
376
365
360
350
340
335
326
316
307
301
288
281
275
261
252
243
230
219
204
192
180
161
147
130
114
97
80
66
47
29
13
-6
-25
-42
-63
-82
-101
-120
-140
-159
-173
-194
-210
-228
-243
-261
-278
-291
-305
-322
-336
-347
-363
-376
-387
-393
-407
-411
-418
-427
-428
-431
-432
-433
-431
-427
-425
-422
-414
-408
-401
-393
-383
-375
-365
-354
-347
-331
-323
-310
-298
-290
-274
-264
-253
-239
-228
-215
-205
-190
-176
-162
-147
-130
-111
-97
-77
-53
-40
-15
6
21
46
63
81
102
123
140
158
176
194
214
228
248
269
282
301
319
333
351
366
382
393
407
418
429
437
445
455
456
460
464
464
464
465
465
461
458
455
449
444
436
431
422
411
402
389
377
366
351
337
320
309
292
274
258
242
224
202
186
166
145
127
106
87
66
42
22
2
-19
-39
-59
-80
-97
-117
-137
-152
-170
-190
-202
-221
-237
-249
-263
-279
-290
-304
-313
-323
-340
-346
-356
-368
-373
-382
-393
-393
-405
-411
-413
-421
-424
-424
-431
-428
-429
-433
-426
-429
-430
-423
-424
-423
-417
-415
-411
-404
-402
-396
-386
-381
-374
-361
-355
-344
-335
-325
-308
-301
-288
-272
-260
-246
-231
-218
-201
-181
-171
-147
-128
-116
-88
-71
-54
-28
-12
12
36
52
75
99
114
138
159
173
195
215
229
251
266
282
301
316
327
345
359
370
384
392
405
418
421
432
443
446
455
462
464
475
477
476
486
485
485
487
487
483
486
478
475
475
462
460
452
438
433
422
405
398
383
367
355
338
321
307
289
269
253
234
214
195
175
156
135
112
96
75
53
35
12
-5
-25
-49
-66
-86
-107
-127
-145
-165
-182
-202
-220
-236
-255
-274
-288
-305
-321
-334
-354
-366
-379
-395
-408
-419
-433
-444
-456
-468
-477
-485
-496
-501
-506
-516
-515
-521
-523
-524
-524
-521
-520
-516
-511
-506
-499
-488
-481
-468
-456
-444
-427
-413
-395
-379
-359
-338
-321
-297
-275
-252
-228
-206
-177
-153
-128
-99
-74
-48
-17
5
30
61
84
108
136
158
179
206
223
243
267
282
300
318
331
348
364
371
387
398
405
415
424
428
434
438
441
444
445
444
444
440
437
433
428
424
416
408
401
389
379
371
357
345
335
319
307
294
278
264
249
233
219
204
187
172
157
138
126
107
90
77
57
44
25
11
-4
-22
-36
-50
-66
-81
-93
-109
-122
-134
-150
-161
-173
-185
-197
-207
-217
-228
-237
-246
-254
-260
-270
-274
-282
-287
-291
-297
-299
-303
-304
-307
-306
-306
-307
-304
-303
-301
-297
-293
-289
-284
-279
-271
-266
-259
-251
-245
-235
-227
-218
-208
-200
-188
-178
-168
-158
-147
-136
-128
-115
-105
-95
-81
-71
-60
-47
-36
-23
-11
2
13
26
40
52
64
78
92
103
116
129
140
152
164
175
185
196
206
216
223
233
240
246
255
260
265
269
275
275
278
281
279
279
280
276
273
271
269
260
258
252
244
238
230
226
215
209
201
190
185
174
167
156
147
141
128
121
111
102
92
82
75
62
54
45
33
26
15
8
-4
-13
-20
-31
-39
-49
-57
-67
-75
-83
-92
-98
-108
-114
-124
-131
-137
-147
-151
-159
-166
-171
-179
-182
-189
-193
-198
-204
-208
-211
-215
-218
-220
-224
-226
-224
-228
-227
-226
-225
-226
-221
-220
-217
-212
-209
-203
-198
-191
-184
-177
-170
-160
-152
-143
-134
-122
-114
-103
-93
-82
-71
-60
-48
-38
-25
-16
-3
7
17
30
39
50
61
69
82
89
99
109
117
127
133
143
149
158
166
171
180
184
193
196
203
209
213
220
220
226
229
231
238
236
240
240
243
243
242
245
241
243
240
237
236
230
229
222
218
214
205
200
191
185
175
167
159
149
140
129
121
109
99
89
75
68
53
44
31
17
8
-7
-17
-30
-44
-55
-69
-81
-94
-106
-119
-132
-143
-157
-167
-180
-191
-201
-214
-223
-236
-244
-253
-264
-270
-281
-287
-294
-302
-304
-312
-316
-319
-323
-323
-327
-327
-329
-328
-327
-326
-323
-320
-315
-311
-304
-299
-291
-281
-274
-262
-253
-241
-228
-217
-202
-190
-174
-159
-145
-128
-113
-96
-80
-62
-46
-29
-10
5
25
39
58
75
91
110
123
142
156
169
185
196
212
222
234
247
256
268
276
285
293
300
308
314
320
325
330
332
336
338
338
341
338
340
337
333
333
326
325
318
312
308
297
293
284
274
265
254
243
232
220
208
196
183
169
157
142
128
113
98
85
68
55
38
25
9
-6
-19
-37
-49
-64
-77
-92
-105
-119
-133
-144
-158
-168
-180
-194
-201
-214
-222
-231
-239
-244
-254
-258
-266
-269
-273
-279
-280
-284
-285
-288
-289
-288
-289
-287
-286
-283
-280
-277
-272
-268
-262
-256
-249
-243
-236
-227
-221
-213
-202
-194
-184
-174
-163
-154
-142
-130
-119
-106
-96
-84
-71
-59
-46
-35
-22
-10
2
15
26
38
49
61
73
83
94
103
114
122
132
141
148
157
163
170
176
180
187
191
195
198
201
203
206
207
208
208
208
207
206
204
203
200
198
194
190
187
181
178
171
167
160
153
148
141
133
125
119
111
102
96
88
81
72
63
56
47
40
30
23
15
7
0
-7
-15
-22
-29
-35
-42
-47
-52
-58
-63
-68
-71
-75
-80
-83
-85
-88
-89
-91
-93
-94
-94
-95
-96
-94
-96
-96
-96
-97
-96
-96
-95
-94
-93
-93
-91
-90
-88
-87
-84
-83
-81
-80
-78
-77
-75
-74
-72
-71
-67
-66
-65
-63
-62
-59
-56
-55
-53
-51
-49
-46
-44
-41
-39
-36
-33
-31
-28
-24
-22
-18
-14
-11
-8
-6
-1
2
4
8
11
14
18
20
23
26
30
33
36
38
42
44
46
49
51
53
55
57
59
62
63
65
66
67
68
69
70
71
71
71
72
72
72
71
72
71
71
71
69
68
69
67
65
65
62
60
59
56
53
51
47
46
42
39
36
31
28
25
20
18
14
10
7
2
0
-4
-7
-10
-13
-15
-17
-21
-22
-25
-26
-28
-30
-30
-32
-34
-33
-35
-36
-36
-37
-36
-37
-38
-37
-38
-37
-38
-36
-37
-36
-36
-35
-36
-35
-34
-35
-33
-34
-33
-33
-32
-31
-32
-31
-30
-29
-28
-28
-28
-27
-27
-25
-24
-23
-22
-22
-21
-20
-19
-17
-17
-15
-14
-13
-11
-11
-9
-7
-6
-4
-4
-2
1
0
2
4
4
6
7
8
10
11
12
14
14
17
16
17
18
19
21
21
21
23
23
23
24
24
24
25
25
25
24
25
24
23
24
24
24
24
24
23
23
23
23
22
22
21
21
20
20
20
19
19
19
18
17
18
16
17
16
15
15
14
15
14
12
13
11
9
8
7
6
6
4
3
1
1
-1
-2
-4
-5
-6
-7
-8
-9
-10
-11
-12
-12
-13
-15
-15
-15
-18
-18
-18
-19
-20
-20
-20
-20
-23
-21
-22
-24
-22
-24
-24
-24
-25
-24
-25
-25
-24
-24
-24
-22
-23
-22
-22
-22
-20
-20
-20
-18
-17
-15
-15
-13
-12
-11
-10
-8
-8
-5
-5
-2
-1
0
2
3
6
6
7
9
10
12
12
14
15
16
17
18
19
20
21
21
22
22
22
23
23
24
23
23
24
24
23
23
22
23
21
21
21
20
19
18
18
18
15
14
14
13
12
10
10
9
8
6
5
3
3
1
-1
-1
-2
-3
-5
-6
-5
-8
-8
-9
-9
-10
-11
-12
-12
-13
-13
-13
-13
-14
-16
-16
-15
-16
-16
-16
-17
-16
-19
-16
-17
-16
-16
-16
-15
-16
-16
-15
-15
-15
-15
-15
-13
-13
-13
-12
-11
-11
-11
-10
-9
-9
-9
-8
-7
-6
-6
-5
-4
-3
-3
-2
-1
0
1
1
3
4
4
3
6
6
7
8
8
10
10
9
11
11
12
12
12
14
14
13
14
15
14
15
13
15
15
14
15
16
15
15
13
15
14
13
13
14
14
13
12
13
13
11
11
11
10
10
9
10
9
8
7
6
7
6
5
4
4
3
1
1
0
0
-2
-2
-2
-2
-4
-5
-4
-6
-7
-8
-8
-9
-10
-11
-11
-11
-12
-14
-14
-14
-15
-16
-16
-17
-18
-18
-18
-18
-20
-20
-20
-19
-19
-21
-20
-19
-19
-19
-19
-18
-19
-18
-19
-18
-17
-18
-17
-17
-16
-16
-14
-15
-14
-14
-13
-12
-11
-10
-11
-10
-9
-9
-8
-7
-6
-6
-4
-3
-2
-2
-2
0
2
2
3
4
6
6
7
8
11
11
12
12
13
15
16
16
17
19
19
20
21
22
22
23
24
24
24
25
26
26
26
26
26
27
26
25
25
27
26
25
25
24
24
23
23
23
21
20
20
20
18
17
16
16
15
13
12
12
11
9
8
7
6
5
3
2
1
-1
-2
-3
-4
-6
-7
-8
-8
-10
-12
-12
-14
-14
-17
-17
-18
-19
-20
-21
-22
-22
-25
-24
-24
-25
-26
-27
-26
-26
-27
-28
-27
-27
-28
-27
-28
-27
-27
-27
-26
-25
-25
-25
-24
-22
-23
-22
-22
-20
-19
-19
-18
-17
-15
-15
-13
-12
-12
-10
-10
-8
-6
-6
-4
-3
-1
-1
1
2
4
3
5
6
8
9
10
11
13
13
14
15
16
16
17
19
19
20
21
22
21
22
23
24
23
24
24
24
25
25
24
24
24
24
24
24
24
23
22
23
23
21
21
20
19
18
18
17
16
15
15
13
14
11
11
9
9
7
7
5
3
2
1
-1
-1
-3
-3
-4
-6
-7
-8
-8
-9
-11
-12
-12
-15
-15
-16
-15
-17
-17
-18
-19
-19
-19
-21
-21
-21
-22
-21
-21
-22
-22
-21
-21
-21
-21
-20
-20
-21
-19
-19
-19
-18
-18
-17
-16
-15
-15
-14
-13
-12
-12
-11
-9
-9
-8
-7
-6
-5
-4
-3
-3
-2
-1
1
1
2
3
4
4
5
5
7
8
8
9
9
9
11
12
12
12
13
13
14
14
14
14
13
15
15
15
15
15
14
15
14
15
13
15
16
14
13
14
13
12
13
11
11
11
10
10
9
10
9
8
7
7
6
6
6
5
5
4
3
3
2
1
1
1
0
0
0
-1
-2
-2
-2
-2
-3
-3
-4
-5
-4
-5
-5
-5
-5
-6
-6
-6
-7
-6
-7
-7
-7
-8
-7
-8
-7
-8
-8
-7
-8
-8
-8
-8
-8
-7
-9
-7
-8
-7
-7
-7
-6
-7
-7
-7
-7
-6
-6
-7
-5
-5
-5
-4
-5
-5
-4
-4
-4
-3
-3
-3
-2
-2
-2
-1
-1
-2
0
-1
0
0
0
0
1
1
2
1
1
1
2
2
1
1
2
2
2
3
3
2
3
3
3
3
2
3
2
3
2
3
2
2
2
2
3
3
2
2
2
1
3
2
2
2
2
2
2
2
2
3
2
1
1
1
1
0
1
1
1
0
2
1
1
0
0
0
0
0
0
0
-1
-1
0
-1
-1
-1
0
-1
-1
-2
-1
-2
-2
-1
-2
-1
-2
-2
-2
-2
-2
-1
-2
-1
-1
-2
-1
-1
0
-2
-1
-2
-2
-1
-1
-1
-2
-1
0
-1
-1
-1
0
-1
0
0
1
0
0
0
0
0
0
1
0
1
0
2
1
1
1
1
1
0
1
0
1
1
1
1
0
1
1
1
0
1
1
1
1
1
2
1
2
0
1
1
1
0
1
1
0
0
1
0
1
1
0
0
0
0
0
-1
0
0
0
-1
0
-1
0
0
0
-1
-1
-1
0
0
0
0
0
0
-1
0
-1
-1
-1
0
-1
-1
0
-2
-1
0
0
-1
-1
0
0
0
-1
0
0
-1
-1
-1
0
-1
0
-1
0
0
0
0
1
0
1
1
0
1
-1
1
0
0
0
0
0
0
1
1
-1
0
0
0
1
0
0
0
0
0
0
1
1
0
0
0
0
0
1
0
1
0
0
0
0
1
0
1
0
0
0
1
1
0
0
0
0
0
0
0
0
-1
1
0
0
0
0
0
0
0
1
0
0
-1
0
0
0
-1
-1
0
0
1
0
-1
0
0
0
0
0
0
-1
-1
0
0
-1
1
0
1
0
0
0
0
0
0
1
0
0
0
0
0
0
