SAMPLES:	9940
BITSPERSAMPLE:	16
CHANNELS:	1
SAMPLERATE:	16000
NORMALIZED:	FALSE
2
-2
7
-3
3
0
1
1
-1
3
-2
3
-4
0
1
-5
0
-5
-3
-5
-5
-4
-7
-5
-6
-4
-4
-3
-1
-1
-1
1
3
0
5
-1
5
2
0
5
-2
5
-2
4
-1
4
0
2
3
-1
6
-1
3
3
2
2
1
2
1
0
3
1
0
5
-2
3
2
-3
4
-3
2
0
0
0
1
-1
1
1
-1
3
-2
2
1
-1
4
-1
0
2
-4
3
-3
0
2
-3
0
-3
1
-3
0
-1
-1
-2
1
0
-1
2
-2
4
1
2
6
-1
6
0
5
1
2
6
-3
9
0
3
4
0
6
0
4
4
0
5
1
5
2
-1
6
-1
0
3
-5
1
-5
-3
-5
-5
-6
-7
-6
-9
-2
-10
-5
-1
-11
3
-5
-5
5
-9
5
-3
-1
5
-7
8
-5
7
-2
1
7
-5
8
0
0
4
-3
3
-1
-5
1
-7
-5
-3
-9
-1
-3
-8
4
-10
0
-1
-6
6
-7
3
1
-6
9
-6
4
5
-4
12
-6
13
-4
6
9
-10
16
-12
8
-1
-5
9
-11
8
0
-2
11
1
8
6
2
10
1
6
5
-2
2
1
-4
6
-5
2
4
-7
8
0
-4
6
-9
3
1
-11
6
-8
-7
-1
-10
1
-4
-5
-1
1
-11
7
-5
-6
4
-8
3
-8
4
-9
6
-3
3
3
-1
8
-8
12
-8
13
-2
3
10
-8
7
1
-2
3
2
-1
-1
3
-9
2
-3
-10
7
-16
0
-8
-11
0
-12
-2
-6
-9
6
-11
3
-5
-3
0
-7
7
-7
8
2
3
13
5
13
10
14
10
10
7
7
5
-7
2
-7
-19
2
-14
-7
-7
1
15
8
25
37
33
50
49
42
63
24
48
32
11
25
-17
14
-35
-21
-13
-42
-14
-34
-17
-14
-5
-4
14
13
26
20
24
46
11
53
18
34
23
-3
16
-15
-19
-29
-69
-61
-85
-116
-103
-150
-155
-147
-171
-161
-156
-146
-114
-108
-77
-50
-47
32
13
46
63
69
67
52
46
36
28
-19
-7
-61
-52
-61
-46
-64
-30
-18
15
69
51
152
140
198
238
224
315
229
307
273
227
256
165
166
75
75
21
-69
-42
-163
-134
-187
-221
-164
-241
-166
-193
-137
-98
-96
5
-20
57
61
93
70
94
91
41
31
-26
-64
-121
-176
-206
-272
-270
-298
-314
-293
-274
-216
-201
-91
-108
59
94
176
231
289
375
337
428
371
380
313
291
188
102
57
-58
-166
-181
-299
-357
-362
-468
-401
-439
-408
-349
-343
-259
-149
-154
-6
7
47
190
155
267
275
349
340
420
429
464
519
483
588
515
581
595
522
600
479
436
501
328
326
205
183
75
-11
-1
-167
-200
-280
-348
-388
-506
-477
-574
-591
-656
-688
-657
-750
-677
-750
-641
-650
-644
-556
-546
-421
-384
-267
-179
-121
-14
93
91
211
264
299
341
337
304
308
282
209
193
58
46
-27
-133
-108
-169
-197
-159
-211
-61
-92
-2
153
173
374
318
467
534
498
632
572
584
511
445
424
309
260
234
112
70
54
-57
-55
-82
-118
-49
-56
-30
-13
-8
69
220
189
280
306
310
382
263
255
169
-37
-129
-357
-457
-519
-813
-960
-925
-1138
-1072
-926
-1007
-711
-805
-583
-361
-312
42
-5
63
221
173
254
277
275
326
70
89
161
-99
8
-145
-177
-145
-273
-17
-80
-66
187
135
220
561
564
649
746
655
848
610
776
928
644
632
647
621
633
504
755
709
424
551
414
318
375
222
227
-221
-468
-263
-886
-769
-1075
-1217
-1407
-1663
-1549
-2001
-1656
-1997
-1610
-1647
-1438
-1075
-1100
-446
-470
367
550
1075
1322
1610
2113
1737
2324
2210
2427
2110
1904
2098
1506
1738
1737
1376
1607
1653
1539
1398
1546
1879
1510
1623
931
1096
-140
-160
-773
-1794
-1915
-3532
-3578
-4660
-4946
-5185
-5351
-5050
-5204
-4597
-3896
-3437
-2390
-1561
-369
122
1225
1980
2586
3270
3539
4015
3659
3983
3822
3335
3209
2782
2408
1831
1033
1121
212
-416
-699
-1294
-2193
-2941
-3007
-3802
-4008
-4858
-4392
-4645
-4867
-3736
-3764
-3043
-2158
-1396
-172
524
1600
2225
2487
3544
3727
3772
4311
4043
3853
3491
3485
3472
2299
2645
2013
1343
893
605
121
-672
-1097
-1822
-2546
-2995
-3481
-3539
-4389
-3650
-4101
-3983
-2433
-1845
-898
1166
1906
4785
5729
7414
10336
9275
12013
11565
10710
11167
7793
7693
4164
1069
-811
-5633
-7065
-10073
-12486
-13486
-14664
-14867
-14455
-13585
-11411
-9050
-7655
-4107
-2347
52
2708
3311
6010
6525
7231
8010
7129
8060
7098
7236
7313
6271
6301
5441
5304
4503
3682
3335
2006
660
-936
-2113
-3740
-5122
-6581
-7813
-8860
-9947
-9560
-9300
-8990
-7978
-6774
-5302
-3882
-2587
-659
1161
1766
2773
3436
3332
3746
3457
3826
2995
2151
2066
865
852
843
460
435
83
529
79
225
926
713
484
597
159
341
184
-11
126
-336
149
11
-111
552
1085
1386
1249
1599
2204
2287
2757
3589
4084
3995
5192
5400
6035
7395
7538
9267
8336
8900
8976
6672
7307
4468
2775
1124
-2106
-4098
-8504
-10539
-12407
-15528
-15991
-16953
-17851
-17921
-17038
-15051
-12232
-10148
-6776
-3975
-1518
1864
3563
6901
9018
9914
11566
11161
11605
11611
11245
11668
10122
9167
7792
6611
5683
3736
2243
573
-1599
-3933
-6268
-8015
-9451
-10933
-11959
-12760
-12952
-12790
-11817
-10296
-8198
-6279
-3815
-1847
987
2691
4460
7253
6589
8364
7607
7452
7584
5180
6394
3370
2691
3181
-548
508
-274
-335
-467
-1911
108
-1444
-2138
-663
-1361
-1836
-1856
-2426
-2575
-3202
-2788
-2265
-2441
-1146
-385
-279
1033
2271
3726
4216
6235
7327
7900
9254
9824
11432
11089
11501
12040
11323
11116
10430
10327
7866
4479
3873
139
-1877
-5785
-7437
-10055
-15948
-17005
-18657
-20858
-21370
-21632
-20412
-20777
-19592
-15636
-12708
-9597
-5256
-1614
1766
5400
7663
11498
13648
15463
16975
15943
16413
15578
14702
14064
12187
11134
8567
5867
4253
2353
-93
-2481
-4054
-6606
-9382
-11994
-12521
-13237
-14959
-14940
-14606
-14074
-13371
-10563
-7308
-4976
-2585
928
3730
5958
7883
9654
11384
10684
10420
10409
8520
7301
5801
4217
1766
507
368
-2008
-2788
-2350
-2462
-3840
-3375
-2277
-3806
-3865
-2344
-2139
-3374
-3626
-2451
-3122
-3282
-1426
-389
-908
-318
923
782
2167
3820
4764
5748
6067
7101
8091
9429
11136
12232
11564
12724
12045
12339
12677
12406
10771
6330
5772
450
-1569
-5400
-8713
-11130
-19194
-20418
-23020
-25851
-24513
-26337
-23692
-23529
-22428
-16983
-12732
-8354
-3407
731
4757
8897
10921
15857
17830
18528
20057
18472
18931
17510
16573
16711
13333
11738
9339
6491
4866
1982
-106
-3057
-5789
-8500
-11704
-13852
-15132
-16074
-17546
-17874
-17544
-16387
-14518
-11660
-8137
-5104
-2230
1293
5455
7164
9705
12155
12872
13475
11150
12562
10406
6909
8528
3972
2217
1067
-1262
-662
-3870
-2832
-2242
-4883
-3668
-3075
-4937
-4224
-3332
-3968
-4409
-4870
-4426
-4238
-4427
-2653
-1728
-1680
-801
625
1325
3669
5643
5985
8213
8323
9691
11962
11794
13755
14020
13135
15054
13106
13512
13925
12184
8473
6335
2586
-623
-4408
-9912
-10525
-18185
-24025
-23599
-28687
-27967
-29189
-28774
-24900
-26168
-21040
-15032
-10930
-4675
-44
3802
9342
12114
15214
19920
20719
21721
21235
20461
20810
17947
18261
16630
13190
10582
7072
5170
1422
-918
-3080
-6666
-9205
-12507
-14700
-15454
-16589
-17203
-17893
-17596
-17262
-15561
-13437
-10001
-6728
-4572
-1168
2275
5261
8484
10811
13134
14676
13539
13666
13489
11879
11024
8841
6235
3963
934
27
-1156
-2978
-3270
-4613
-5697
-6552
-5879
-6157
-5924
-5264
-5945
-5606
-5979
-5189
-3882
-4242
-2256
-1144
-1232
1048
1711
3520
6178
6987
9661
10906
12052
14502
14424
16359
16851
17335
16564
16101
14854
13705
9661
6069
4249
-1643
-5226
-10938
-13889
-18616
-25578
-25702
-29131
-30570
-30158
-30504
-26460
-25711
-21956
-15424
-10693
-5222
-562
4457
9221
12597
14615
19173
21012
20659
20931
20020
20471
18069
16851
16628
14241
11318
8072
5795
3423
186
-2639
-5775
-8392
-11812
-14680
-15259
-16160
-16858
-17544
-16685
-16004
-14196
-12067
-8957
-6266
-3666
-1118
1494
5208
6503
9452
10607
11505
13401
11032
12761
12285
9660
10584
6726
6162
4133
953
1948
-1571
-2928
-2603
-5267
-5524
-5630
-6834
-5906
-6091
-6188
-5317
-6079
-5031
-3592
-4423
-2778
-1417
-807
580
1559
2734
4601
6609
7911
11123
11428
13147
15550
15932
17390
17408
17460
17180
16145
11744
9362
6667
613
-3041
-10192
-12647
-18101
-26559
-26066
-30316
-31228
-31169
-31943
-26936
-26147
-22506
-15486
-10301
-4638
268
4566
10798
14005
15180
20004
20880
20134
20068
19058
19650
16489
15563
14741
12232
9629
6967
5965
3416
141
-2948
-6439
-7984
-12240
-15316
-15846
-17700
-18720
-19941
-19149
-17930
-15877
-13804
-10891
-7376
-4387
-1771
1117
5273
7831
9839
11254
13138
14738
13150
14465
14667
12611
12608
9916
9013
6522
3780
3412
754
-1655
-3091
-4694
-6431
-7482
-7879
-7916
-7653
-8683
-7307
-6590
-5959
-3500
-3140
-1411
401
1612
3377
4794
6999
8196
9170
11068
13017
14471
13858
15543
17228
16480
16519
15407
15699
13332
7407
6488
2817
-2366
-7442
-12552
-15999
-22781
-27184
-28509
-31007
-31781
-32506
-30957
-27687
-24604
-20176
-13658
-7700
-2310
1944
6571
13047
15231
17888
21285
21745
21437
20107
20419
20655
18310
16630
15241
13499
10238
8269
6773
4274
748
-3550
-6302
-9704
-14013
-16165
-18059
-20675
-22701
-23330
-22548
-21858
-19797
-17044
-13938
-10127
-7038
-2760
978
4910
9172
10362
13515
16089
14758
16678
16914
16035
15738
12605
12038
10459
6932
6548
3623
1033
644
-3002
-5021
-5200
-6919
-7936
-8596
-9047
-8763
-9243
-8842
-6664
-6118
-5260
-2888
-1224
417
2507
4003
7638
9710
9998
13967
14539
15847
17749
18073
19884
18632
17087
17471
12819
9738
7574
2556
-585
-8839
-12650
-16268
-24029
-25466
-27945
-29841
-30147
-32508
-29108
-26470
-25048
-18925
-14598
-9467
-3789
-801
5477
11086
13040
16801
19767
20694
20818
20766
21793
21264
19292
16965
15867
14376
10747
8721
6936
4063
713
-3501
-5300
-7966
-12695
-14806
-16160
-18880
-21431
-22035
-21658
-21164
-20534
-18591
-15125
-12791
-9357
-4770
-622
3314
7555
10640
13504
16898
17419
18330
19886
18370
17500
15314
13556
12668
7945
6332
4902
1086
-846
-2744
-4474
-5444
-6928
-7798
-7488
-8659
-8632
-7423
-8067
-6386
-5586
-5626
-3009
-2035
-855
1228
3057
6431
7582
9879
13075
14703
16152
17688
19282
19611
18407
18215
15050
10816
8817
3207
270
-6626
-11625
-14561
-22292
-24222
-26757
-29951
-28464
-30668
-28831
-25912
-24630
-19162
-14406
-10755
-5441
-2245
2858
8042
8991
13380
16477
16881
17707
17239
19031
18707
16296
16309
15011
13184
10875
8976
8298
5843
2433
474
-1494
-4822
-7689
-10675
-12142
-14967
-18320
-19199
-20649
-21437
-21136
-20589
-18742
-16474
-13767
-9910
-5530
-1579
2997
6824
11063
15047
16554
18987
20967
21456
20130
19092
17853
15681
12645
9599
7862
4775
961
-1087
-2744
-4372
-6075
-7283
-7527
-8027
-8914
-8837
-7966
-7401
-7291
-7328
-5987
-4088
-3922
-2151
533
3549
4453
7815
11658
14591
16754
18929
22961
22235
22087
22712
20371
16219
12477
7608
3690
-5477
-10689
-14776
-22581
-25140
-27876
-30767
-29067
-31949
-30119
-26055
-24933
-19746
-16181
-11044
-5016
-2603
2269
8189
9924
11957
15357
17472
17884
17479
17692
18467
17183
15207
14896
14831
11904
9637
8720
7391
4981
1035
-229
-1778
-6919
-10066
-11138
-14268
-17124
-20155
-20533
-21019
-22219
-20776
-19859
-16257
-14288
-11599
-5435
-2766
2371
6099
9212
15306
15056
17178
20763
19696
19864
18374
16373
16110
12205
8664
7932
4210
995
-786
-3619
-4370
-5957
-8499
-7843
-8137
-9614
-8251
-8595
-8097
-5990
-7568
-5546
-3701
-3693
-600
675
2354
6365
7343
10779
14019
15766
19088
20068
20751
20890
21756
16400
14834
11735
5061
1891
-7990
-10379
-15422
-25424
-24585
-29060
-30952
-30473
-32564
-27569
-25980
-24387
-17873
-12886
-8758
-3666
-384
5750
10355
10002
14744
17215
17631
17843
17662
19463
17728
16724
15805
15644
14476
11034
10901
9743
7184
4735
1186
217
-3164
-7846
-9619
-12194
-15993
-18986
-20554
-22336
-21880
-23487
-22298
-19956
-18642
-14028
-12707
-6771
-1487
169
5765
9852
14344
15487
17449
21934
20195
19808
20071
18527
16177
13342
11447
8295
4643
2173
-51
-3173
-4769
-5774
-7935
-8578
-8371
-8373
-8879
-7833
-6190
-5790
-5037
-3661
-599
-172
926
4366
6180
8845
9534
12551
15614
15562
17487
17843
19877
16389
13420
13458
8148
4296
-2633
-5334
-10561
-19873
-21791
-26098
-28499
-30247
-32539
-29280
-28840
-27269
-21971
-16810
-11843
-6758
-3250
3150
9195
9576
14766
17887
18960
19428
18240
20337
19201
17156
15932
15092
13624
9826
9262
8002
6227
3710
300
92
-2852
-6962
-8260
-9627
-13031
-15939
-17363
-18490
-19746
-19956
-19573
-17936
-16807
-15105
-11293
-8936
-4456
-80
1404
6820
10449
10909
14606
16288
17826
18033
16229
16606
15533
12153
11145
9804
6008
4268
1496
-319
-548
-3777
-4833
-4173
-6116
-6208
-6470
-7447
-5134
-6196
-7466
-4812
-4679
-4737
-3563
-3131
264
1197
948
7036
7631
9227
12533
14139
17775
16865
16496
19270
16480
11921
11152
6548
3495
-3720
-8952
-10804
-18653
-22554
-24072
-27343
-27291
-29422
-27525
-23981
-22880
-18850
-13893
-8981
-4846
-1589
3304
8790
10237
12483
16037
17752
17835
17413
18879
18815
17226
15765
15104
14841
11466
9316
9254
6566
3445
754
-902
-2694
-7802
-9993
-10405
-13906
-16665
-17879
-18610
-19080
-19673
-18912
-16792
-15362
-13196
-10488
-6281
-2476
628
4206
7381
11432
12788
14492
17469
17223
17055
16099
14997
13885
11090
9085
7274
3867
1363
-254
-2537
-3715
-5334
-6774
-6907
-7436
-7597
-7529
-7788
-6468
-5960
-5958
-4947
-3507
-2455
-1724
179
2332
4430
5954
8442
11536
12994
15135
16990
18505
18207
17425
18370
14285
11519
7846
3781
-296
-8844
-10362
-15769
-23177
-23991
-28174
-28807
-29277
-30809
-26205
-24224
-22331
-16341
-11813
-6909
-1455
559
6632
11456
11069
15289
17491
17927
17928
16948
18267
17178
15467
14081
13317
12040
8869
8004
6597
4497
2081
-1112
-1491
-3999
-8526
-9414
-10294
-13446
-15585
-16701
-17146
-17191
-18414
-17221
-14754
-13860
-12021
-8870
-5413
-1999
857
3727
8388
10898
11000
14903
16365
15916
16468
15006
15028
12997
9733
9276
6299
3111
1751
-907
-2956
-3680
-5376
-6418
-5818
-6805
-6404
-6198
-6256
-3571
-4227
-4670
-1919
-1908
-1064
-288
886
3381
3447
4605
7652
9745
10524
12661
14985
15751
15949
15827
16038
15815
10880
8750
5893
557
-3383
-9951
-11800
-17206
-24004
-24336
-27311
-29071
-28549
-28654
-24655
-23247
-21110
-14227
-9759
-5511
-758
2841
8360
11491
12339
16274
18611
18293
17676
18310
17996
16509
15589
13942
13648
11087
7558
7662
5605
2913
1148
-2079
-3247
-6273
-9949
-10370
-12265
-14467
-15717
-17069
-17494
-16775
-16395
-15649
-12491
-11133
-9411
-6308
-3828
806
2215
4250
9337
9715
10506
13056
14195
14732
13746
13092
12876
10458
8520
7486
4784
2278
432
-1976
-3671
-4482
-5893
-6846
-6294
-6829
-6712
-6236
-5124
-3003
-3681
-2827
-458
-294
597
2130
3351
5218
5410
6716
9782
10183
12197
13818
14875
16168
14786
15299
16141
13287
9177
7193
3258
-561
-7806
-11014
-13755
-22261
-24714
-27124
-29935
-29201
-31456
-27835
-24851
-24430
-17779
-12291
-7332
-1928
1869
6971
12824
13690
15959
20488
20211
18883
18828
18418
17669
15437
13344
13171
11259
7384
7158
6353
3730
2785
-438
-1868
-3079
-7338
-8744
-9854
-12877
-14581
-16089
-17325
-17278
-16841
-16522
-14438
-12589
-11539
-7596
-4926
-2230
2600
2991
6626
10783
9106
12620
14110
12846
14264
12213
11581
10897
7211
6835
4907
1061
434
-1379
-4415
-4058
-5207
-6742
-5141
-6199
-5520
-4334
-5206
-1977
-914
-2886
313
1223
795
2961
2607
4907
6248
4546
8317
10638
9544
12792
13101
14311
15754
12886
16065
14211
9150
8854
3820
980
-4187
-11101
-11633
-19225
-24549
-25424
-29476
-29055
-29848
-29928
-25263
-23787
-20125
-13153
-8763
-3162
1441
5400
11390
13252
15513
18961
19578
18913
18038
18262
16800
15364
14022
12036
11663
8811
6849
6906
4632
3084
1018
-1612
-2692
-5745
-8762
-9613
-12254
-15200
-15313
-17202
-17895
-16883
-17063
-15020
-13335
-11073
-8197
-5125
-2038
1495
4727
6106
10109
11250
11656
14325
12966
13604
13139
10183
10566
7981
5310
4510
1784
246
-913
-3565
-4039
-3744
-5742
-4999
-4400
-5282
-3958
-3831
-2912
-1627
-2233
-993
597
154
1276
2771
2712
5085
5104
6365
9062
9610
11169
11932
13686
14165
13964
14002
13566
12226
8226
6248
3422
-1511
-5901
-10457
-12999
-19418
-23393
-24234
-27006
-27424
-28184
-26458
-23561
-21796
-17368
-12278
-7892
-3477
945
4814
9444
11696
13105
16907
17085
16363
16706
16603
16178
14639
13378
12895
12330
9409
8536
8425
5968
4226
1706
408
-1366
-5924
-7929
-9037
-11826
-14654
-15862
-16812
-17906
-17567
-17335
-15171
-13336
-12137
-8911
-5582
-2468
928
3713
6344
9618
10482
11591
14114
13425
13427
13051
11183
10369
8015
6313
5373
2970
533
-444
-2327
-3409
-3710
-5527
-4947
-5620
-6451
-5361
-6066
-5016
-4358
-4794
-3060
-2511
-1999
-373
927
2525
4249
4639
6994
9344
9912
11986
13443
14833
15019
15147
16106
14641
13892
13044
8412
6565
2247
-529
-5099
-11428
-12057
-18475
-23130
-23029
-27346
-26929
-27154
-27475
-23396
-22639
-18878
-13111
-9833
-4586
-367
2515
8222
10962
12337
15783
17421
17093
16850
17352
16922
15906
14921
13444
13300
10578
8815
8736
6259
4612
2556
-664
-1684
-4924
-8360
-8903
-11448
-14510
-15413
-16788
-17109
-17150
-17799
-14544
-13957
-12055
-9820
-6555
-2904
-2241
3272
4768
6821
9932
8930
13064
12461
11706
13539
10592
11492
9719
6671
7871
5872
2807
2600
1187
-857
-1093
-3238
-3417
-3497
-6134
-5339
-6004
-7117
-5555
-6131
-6195
-4058
-4681
-3799
-1100
-987
1521
3055
3559
7039
7075
8680
12157
11320
13811
13997
13555
14822
13026
13417
11725
8070
6416
2565
301
-4323
-8278
-9866
-15933
-18912
-20185
-22983
-23178
-24743
-24250
-21350
-21506
-18548
-13313
-10830
-6739
-3073
284
5231
7235
9605
13337
15159
15241
15440
16855
16666
16086
15298
14346
14470
11537
9996
10456
7483
5473
4012
998
-497
-3900
-7350
-7522
-10659
-14087
-15015
-16646
-17369
-17841
-18179
-16437
-14886
-14412
-11576
-8012
-5858
-2374
93
3367
7367
7329
10130
13559
12741
13322
14206
13735
13192
11524
10653
10165
7282
5487
5189
2090
503
-250
-3096
-3553
-4883
-6823
-6771
-7949
-8481
-7797
-8819
-8103
-6694
-7179
-5624
-4048
-3229
-797
426
2297
4909
6317
8364
10775
12222
14410
15318
15835
17594
16390
15901
15376
13228
10182
6989
3664
753
-4682
-8891
-10980
-16725
-19889
-21633
-24363
-24300
-25890
-25764
-22636
-21841
-19190
-15192
-11200
-7408
-4565
-732
4622
7436
8597
13014
15334
15329
16601
17683
18606
18065
16751
16387
16361
13794
12063
11301
8748
6377
3011
72
-1432
-5710
-9353
-10892
-13897
-16756
-18576
-19567
-19788
-19736
-19937
-17908
-15409
-13471
-10774
-7206
-3396
-55
2604
5559
9711
11020
12125
15128
15353
15195
15159
14147
14492
11951
9594
9463
6708
4134
2288
-31
-1330
-3214
-6043
-6231
-7021
-9164
-8843
-9572
-8879
-8066
-9153
-6850
-5611
-5411
-3199
-1345
517
2516
4077
6739
9272
10079
12959
15047
15831
16967
17342
17700
17174
15438
13893
11415
7439
4180
523
-3702
-8655
-11649
-15604
-20106
-22002
-24121
-25146
-24897
-25940
-23505
-21343
-19673
-15481
-11999
-8010
-3750
-1062
3027
7191
9059
11847
14540
15788
16170
16542
17191
17377
16139
14807
14298
12928
9893
8578
7240
4532
2119
-912
-2724
-4735
-8567
-10537
-11205
-13661
-15657
-16841
-16737
-16188
-16478
-15608
-13038
-11151
-9770
-6435
-3109
-72
2790
4885
8403
11201
11548
13635
15416
15234
15098
14122
13378
12878
10042
8094
6860
3919
1918
-520
-2571
-3635
-6227
-7700
-8069
-9598
-10118
-10045
-10154
-9264
-9161
-8406
-6399
-5565
-4422
-2089
-410
1791
3072
5025
7823
9610
11211
12831
15036
16005
16685
16919
17197
17517
14782
13159
11954
7793
4608
322
-2426
-6388
-12306
-14243
-17615
-21375
-22857
-24326
-24176
-24357
-24202
-21494
-19283
-16532
-12702
-9342
-5574
-1884
1009
5074
8210
10367
12640
14403
15654
15850
16561
16989
16117
15111
13863
12710
10857
8690
7243
4827
2500
-61
-2420
-4186
-6507
-8962
-10498
-11765
-13407
-14778
-15070
-15162
-15186
-14376
-13785
-11694
-9871
-8421
-5423
-2682
323
2999
5320
8811
10868
11986
14201
15344
15731
15321
14205
14039
12165
9651
7648
5448
3075
-98
-2377
-4059
-5789
-8060
-9229
-8865
-9942
-10379
-9543
-8836
-7604
-7288
-5714
-3416
-2651
-1580
657
2538
3906
5420
6784
9283
10057
11283
13249
14425
14930
15256
15477
15438
14388
12426
11277
9164
4610
1979
-1254
-5313
-9058
-13431
-15406
-19269
-22123
-22956
-24163
-23942
-23537
-22266
-19856
-17511
-14283
-10458
-6551
-2932
-142
3338
7327
9135
11190
13558
14445
14924
14386
14941
15125
12949
12206
11006
9496
7478
5326
4598
2739
401
-1628
-2931
-4259
-6371
-7880
-8404
-9667
-11435
-11665
-12216
-11776
-11761
-11622
-9672
-8982
-7362
-5136
-2800
90
1901
4304
7120
9237
10548
12095
13510
13337
13449
12428
11813
10483
8056
6509
3818
1872
-533
-3246
-4693
-6153
-7658
-9354
-9590
-9450
-9795
-9201
-8379
-7240
-6183
-5294
-3360
-1259
-195
1428
3212
4512
6604
7441
9198
11330
11397
12817
13743
14546
15506
14481
14792
14487
12140
10907
9057
6161
3278
-882
-3990
-7071
-12103
-14376
-17544
-21051
-22361
-24506
-24514
-23858
-23681
-21456
-19067
-16085
-12620
-8913
-4356
-529
2399
5863
9527
11588
13126
15318
15944
15347
15145
14840
13974
12467
10831
9385
8023
5571
4128
3007
1392
323
-2047
-3218
-3776
-5690
-6611
-7445
-8504
-9623
-10563
-10717
-10542
-10541
-10324
-9146
-8163
-6636
-4673
-2571
-65
2028
4081
6061
8362
9671
10274
11389
11142
10650
9968
8646
7343
5189
3204
1746
-519
-2214
-3742
-5491
-6210
-6841
-7743
-7595
-7450
-7443
-6750
-5923
-4846
-4032
-3139
-1520
-608
416
2128
3313
4211
5369
6565
7510
8826
9317
10308
11211
10793
12458
12060
11374
12329
10631
10089
8662
6593
5827
2132
-466
-2078
-5967
-8530
-11551
-13855
-16014
-18526
-19618
-20061
-20160
-20069
-19121
-16956
-14808
-12652
-9460
-6086
-3027
-421
2322
5710
7560
9179
10937
11573
12637
12262
11909
12243
11250
10332
9078
8347
7425
5775
5069
4058
2810
1383
116
-313
-1868
-3405
-4146
-5303
-6381
-7604
-8333
-8462
-8824
-9184
-8853
-7839
-6874
-5936
-4360
-2393
-461
567
2389
4690
5370
6104
7136
7484
7436
6840
6159
5554
4193
2979
1925
506
-864
-1795
-2915
-3553
-3983
-4708
-4578
-4450
-4559
-4141
-3654
-3184
-2267
-1992
-1078
-84
127
1313
1964
2634
3675
4226
4972
5872
6795
7256
8003
8537
9137
9750
9293
9433
9672
8537
7682
6615
5296
3647
718
-561
-2625
-5619
-7973
-9949
-12044
-13738
-15471
-15931
-16304
-16666
-16289
-15118
-13289
-11825
-10040
-7633
-4999
-3034
-1210
1271
3629
4341
5493
7381
8008
8025
8542
8951
9154
8539
8306
8698
8050
7545
7281
6825
6208
5279
4267
3741
2582
919
-241
-1311
-3009
-4374
-5497
-6576
-7304
-8510
-8668
-8487
-8577
-7863
-7231
-6021
-4231
-3477
-1702
391
1357
2746
3820
5006
5598
5261
5577
5477
4428
3695
3179
1965
840
-133
-1057
-1498
-2378
-2765
-2908
-3323
-2994
-3124
-2912
-2362
-2215
-1967
-1690
-801
-741
-330
626
1162
1886
2213
3474
4614
5000
6207
7143
8109
8599
9377
10211
10191
10278
9890
9769
8683
7167
6580
4377
1995
818
-2000
-3729
-6380
-8553
-9644
-12588
-13851
-14180
-15430
-15471
-15798
-15200
-13795
-13027
-11439
-9148
-7307
-5700
-3703
-1351
972
2272
3805
5542
6739
7360
8354
9495
9476
9697
9910
9800
9898
9119
8854
8323
7281
6451
5217
3959
2752
1261
-613
-1935
-3336
-4732
-6973
-7400
-8303
-9791
-9328
-10893
-8882
-9660
-9717
-5817
-7139
-4462
-2566
-1979
1586
932
3678
5343
4798
6373
6332
6115
5835
5777
4011
3732
2848
858
849
-823
-1345
-1803
-3497
-2736
-2974
-4503
-3410
-3196
-4044
-2940
-3253
-2459
-1648
-2405
-349
115
298
2276
2863
4008
5456
6398
7623
9128
9685
10522
11970
11316
12475
11966
11257
11367
8954
8845
6370
3881
2658
-955
-2831
-5845
-8618
-10510
-13793
-14916
-16582
-18119
-18208
-18571
-18239
-16884
-15678
-14027
-11419
-9588
-6993
-4280
-2175
946
2824
4703
6975
8738
9664
10928
12549
12553
13363
13296
13285
13907
12278
12048
11692
9806
8690
6861
5488
3632
1301
-552
-2520
-4490
-6741
-8470
-9446
-11082
-12252
-12369
-13473
-12179
-12843
-11820
-9131
-10425
-6439
-5653
-4626
-540
-1209
2068
3260
3778
6073
5416
6816
7148
6142
6184
6413
4916
3821
4215
2252
1332
524
-665
-875
-2592
-3000
-2977
-4556
-4517
-4027
-5147
-4272
-3535
-4165
-2512
-2088
-1174
452
1019
3044
3988
5122
6620
8015
8937
9746
11136
11223
12093
12444
11799
12855
11993
10898
10981
8913
8043
5999
3691
1711
-978
-4431
-6948
-9697
-13408
-15296
-18046
-20518
-21052
-22906
-22976
-22273
-21717
-19994
-17988
-15174
-12126
-8819
-5903
-1604
1802
4475
8503
11126
13269
15341
16955
18025
18921
19048
18199
18463
16642
15318
13937
11365
10063
7215
4496
2867
-149
-2181
-4125
-6587
-8104
-9855
-11260
-12581
-12844
-13877
-14290
-14043
-13929
-12911
-12607
-11020
-9139
-8070
-5994
-3536
-1486
562
2768
5198
6732
7994
9465
10418
10763
10944
10594
9902
8802
7603
6148
4282
2778
632
-1132
-2577
-4023
-5414
-6618
-7063
-7524
-7941
-7527
-6951
-6263
-5683
-4360
-2765
-1926
-78
1127
2653
4274
5485
6873
7970
9188
10109
11156
11756
12570
13071
12920
13502
13260
12521
12218
10591
9703
7265
5166
2983
-420
-3089
-7186
-9672
-13472
-17168
-18883
-22226
-23985
-24946
-26064
-25193
-24613
-23062
-19740
-17128
-13766
-9045
-5128
-731
3862
7467
11828
14860
17478
19864
21090
22156
22064
21956
20535
19422
17589
14480
13264
10184
6976
5070
1900
-339
-3016
-5216
-6794
-9094
-10718
-12063
-13028
-14291
-14750
-14758
-15990
-14802
-14607
-14249
-12211
-11779
-8802
-7792
-5553
-1608
-852
2621
5213
7227
9482
10498
12889
12896
13099
13570
12556
11271
9723
8548
5490
3702
2025
-1109
-2935
-4640
-6218
-7953
-8841
-9097
-9748
-10035
-9024
-8351
-8060
-6378
-5128
-3869
-2318
-731
1102
2136
3883
5527
6340
7897
8665
9899
10449
11119
12004
11547
12484
12187
12221
11852
11245
10627
9579
8238
6861
5232
2413
976
-2386
-4959
-7451
-11445
-13100
-16785
-19330
-20439
-23382
-23128
-23841
-23750
-21597
-20460
-17246
-13888
-10360
-5966
-1674
2655
7006
10867
14152
17428
19692
20995
21987
22280
21344
20236
18781
16203
14248
11215
8066
6282
2850
460
-1272
-4067
-5305
-7128
-8642
-9233
-10651
-11587
-12031
-12695
-13259
-13254
-13556
-13224
-12659
-12252
-10702
-9381
-7675
-5249
-3097
-497
2408
4749
7556
10080
11717
13365
14546
14890
14567
13992
12688
10937
8582
6163
3763
697
-1869
-3763
-6489
-8178
-9318
-10701
-11065
-11450
-11153
-10575
-10228
-8906
-7652
-6752
-5022
-3545
-2148
-677
1012
2499
3813
5173
6423
7804
8630
9264
10620
10732
10851
11433
10949
11161
10131
10043
9321
8192
7020
6367
5284
3428
2715
634
163
-3032
-3892
-5660
-8340
-9243
-12722
-13414
-15109
-18092
-17317
-19071
-19194
-18516
-18525
-15562
-14121
-12031
-7864
-4297
-1355
3006
6838
10560
13811
15819
18875
20318
20465
20680
20217
19090
16244
14339
11451
8657
5390
1597
-317
-3325
-6022
-7418
-9113
-10056
-11012
-11354
-11037
-11056
-10451
-10344
-9344
-8793
-8276
-7311
-6545
-5353
-4699
-3475
-1830
-220
1114
3113
4975
6863
8709
9906
11798
12627
12937
13241
12644
11638
10196
8348
5777
3373
495
-2490
-4837
-7807
-9791
-11482
-13268
-13840
-14170
-14238
-13460
-12406
-11073
-9479
-7668
-5716
-3480
-1695
154
2355
3602
5223
6700
7619
8641
9484
9567
10280
10167
9724
10168
9055
8807
8079
6624
6562
5246
3804
3861
2296
1878
1065
206
542
-839
-713
-1263
-1743
-2529
-2985
-3817
-4475
-5720
-7231
-7341
-9388
-10320
-10635
-11874
-11443
-12176
-11722
-9885
-9345
-7225
-4917
-2446
14
2668
5592
8093
10337
11657
13491
14337
14031
13851
13025
11401
9204
7518
4913
2776
245
-2259
-3368
-5265
-6312
-6696
-7108
-6860
-6410
-5876
-4717
-4141
-3382
-2541
-2130
-1790
-1650
-1454
-1845
-1585
-1815
-1936
-1375
-1102
-448
117
1112
2587
3484
4191
5579
6121
6426
6513
5942
5297
3893
2081
380
-1548
-3978
-6045
-7866
-9435
-10505
-11435
-11675
-11009
-10551
-9346
-7344
-5751
-3498
-1810
349
2575
3532
4941
6024
6601
6585
6833
6663
6073
5832
4922
4961
4280
3933
3902
3565
3797
3515
3579
3772
3885
3417
3797
3535
3487
3259
2889
3399
2375
2710
2090
2312
1679
775
1221
-425
-637
-1933
-3402
-3606
-6143
-7005
-8130
-9829
-10011
-11714
-11387
-11237
-11241
-9918
-8435
-6586
-4567
-1994
315
3349
5382
7511
9800
10980
11995
12075
12376
11679
10357
9299
7544
6173
3957
2512
1511
-472
-872
-1697
-2158
-1892
-2586
-2193
-1926
-2003
-1981
-2123
-2312
-2964
-3526
-4220
-4755
-5364
-6234
-6446
-6493
-6706
-6087
-5389
-4782
-3461
-2372
-1147
479
1384
2580
3406
3641
4203
3992
3436
2807
1789
727
-229
-1463
-2471
-3068
-3979
-4203
-4005
-4072
-3364
-2708
-1796
-716
-65
939
1839
2177
2368
2541
2473
2069
1426
1007
655
186
-412
-242
-30
-171
444
1121
1889
2544
3027
4331
4691
5012
5741
5824
6551
6104
6312
6504
6273
6317
5778
5848
5526
4559
3743
3129
1669
303
-1730
-3820
-5060
-8215
-10076
-11331
-13915
-14605
-15955
-16118
-15202
-15184
-13182
-11013
-8563
-5578
-2467
1355
4432
7228
10058
12701
14495
15169
15883
16169
14905
13691
12553
10571
8762
6126
4356
3097
682
-462
-1531
-2792
-3074
-4211
-4545
-4726
-5533
-5976
-6816
-7136
-8190
-8733
-9722
-10552
-10376
-11403
-10864
-10245
-9962
-8333
-7094
-5210
-2659
-861
1578
3809
5559
7371
8561
9390
9654
9522
8684
7507
6407
4444
2649
961
-692
-2005
-3776
-4197
-4492
-5297
-4805
-4340
-3782
-3102
-2618
-1657
-1122
-1071
-587
-379
-706
-939
-845
-1242
-1189
-960
-947
29
553
1365
2813
3905
5108
6539
7353
8413
9231
9470
9986
9597
9383
9200
8147
7323
7047
5384
4793
3777
2292
1627
-374
-948
-2767
-4710
-5337
-7791
-9176
-10253
-12323
-12724
-13664
-14369
-13515
-13466
-12490
-10198
-8589
-6231
-3152
-529
2574
5311
7932
10587
12406
13719
14524
15170
14410
13923
12847
10805
9349
6745
4613
3056
562
-1178
-2479
-4294
-5327
-6231
-6898
-7235
-7922
-8261
-8455
-8629
-9159
-9045
-9063
-9799
-9367
-9350
-9117
-8247
-7885
-6705
-5191
-3938
-2101
-52
1755
3857
5626
7097
8792
9558
10012
10466
9988
9057
8076
6401
4723
3033
588
-883
-2728
-4464
-5186
-6638
-6893
-6924
-7174
-6523
-6130
-5473
-4630
-4000
-3081
-2302
-1859
-1357
-685
-321
185
834
1261
2002
2371
3140
4242
4912
5600
6422
7013
7719
7976
8247
8672
8369
8265
8101
7609
7496
7180
6666
6494
5836
5648
5144
4626
3928
2882
2237
231
-911
-2662
-4855
-6283
-9223
-10470
-12010
-14234
-14321
-15172
-15020
-14202
-13591
-11214
-8917
-6893
-3916
-776
1753
4586
6995
9094
10804
11349
12185
12164
11532
10491
9144
7690
5643
4219
2293
742
-484
-2024
-2674
-3487
-3986
-4239
-4715
-4654
-4923
-5110
-5318
-5678
-5922
-6243
-6650
-6658
-6873
-6940
-6402
-6181
-5220
-4271
-3110
-1365
-341
1490
3094
4305
5671
6425
7053
7289
7171
6423
5659
4389
2643
1438
-468
-2042
-3462
-5133
-5845
-6777
-7266
-7124
-7106
-6685
-6008
-5285
-4245
-3427
-2637
-1983
-1427
-826
-721
-209
-154
-63
185
353
1008
1363
1992
2991
3666
4767
5895
6691
8012
8692
9344
10008
10308
10277
10379
10062
9710
9577
8648
8440
8093
7219
7068
6317
5621
5396
3560
3026
1826
-465
-1572
-4300
-6160
-8344
-11543
-12692
-14921
-16695
-17343
-18320
-17474
-17196
-16020
-13229
-11093
-8141
-5174
-1847
1853
4366
7173
9787
11331
12532
12853
13006
12765
11197
10111
8469
6621
5142
3043
2062
794
-323
-681
-1294
-1258
-1499
-1640
-1285
-1617
-1964
-2288
-3079
-3694
-4823
-5620
-6452
-7461
-7927
-8507
-8180
-7960
-7271
-5876
-4784
-2904
-1190
601
2623
4040
5390
6454
7057
7375
7213
6720
5787
4662
3468
1997
643
-838
-1987
-3126
-4372
-4755
-5268
-5691
-5604
-5791
-5423
-5259
-4978
-4313
-4188
-3724
-3315
-3078
-2594
-2108
-1726
-1180
-500
250
1019
2120
3316
4265
5316
6649
7663
8422
9248
9942
10170
10112
10032
9519
9408
8468
7577
7207
6245
5869
5193
4746
4531
3986
3576
3394
2463
1734
741
-918
-2206
-4508
-6311
-8579
-11188
-12948
-15243
-16543
-17634
-18645
-18137
-17699
-16244
-14060
-11806
-8473
-5275
-1998
1655
4619
7719
10226
11932
13452
13913
14175
13793
12735
11677
10009
8159
6470
4649
3185
1721
439
-443
-1480
-1868
-2311
-2913
-3169
-3649
-4184
-4529
-5237
-5594
-6144
-6933
-7149
-7623
-7573
-7345
-7050
-6091
-5202
-3934
-2309
-838
1173
2738
4182
5672
6583
7458
7702
7691
7318
6431
5368
4214
2779
1138
-204
-1650
-2818
-3927
-4753
-5130
-5713
-5884
-5752
-5730
-5404
-5116
-4921
-4459
-4202
-3957
-3543
-3270
-2706
-2227
-1672
-921
-157
887
1918
2964
4185
5185
6224
7199
7949
8690
8981
9032
9054
8731
8189
7511
6635
5901
4949
4057
3499
2873
2476
2141
2384
2300
2430
2899
2743
3072
2577
2541
1912
590
-440
-2224
-3766
-5612
-7740
-9189
-11027
-12212
-13104
-13621
-13268
-12908
-11767
-10228
-8341
-6229
-3832
-1582
685
2723
4355
5930
6787
7503
7540
7208
7058
6188
5737
4679
3825
3280
2467
2293
1935
1873
1562
1395
1579
1254
1142
748
352
-195
-1093
-1701
-2594
-3292
-4049
-4683
-5118
-5465
-5458
-5357
-4885
-4268
-3602
-2736
-1757
-724
291
1143
1879
2476
2990
3044
3101
2952
2499
1941
1280
696
-233
-958
-1714
-2297
-2807
-3226
-3367
-3584
-3551
-3298
-3184
-2751
-2405
-2244
-1754
-1670
-1203
-1175
-1153
-767
-875
-572
-519
-206
396
470
1056
1707
2267
2967
3434
4238
4736
5041
5355
5702
5862
5733
5742
5376
5278
4981
4705
4818
4468
4477
4684
4568
5089
5242
5404
5916
5583
5879
5347
4736
4428
2745
1911
129
-1931
-3462
-5780
-7344
-9376
-11356
-12203
-13582
-14208
-14245
-14359
-13454
-12563
-11192
-9218
-7578
-5271
-3160
-1189
1198
2744
4525
5894
6850
8084
8183
8573
8862
8436
8373
7825
7442
7017
6054
5738
5137
4372
3858
3143
2586
1654
826
138
-977
-1983
-3078
-4087
-5029
-6219
-7041
-7528
-8131
-8450
-8304
-8078
-7684
-7150
-6145
-5073
-4216
-3179
-2036
-1043
-266
614
1287
1715
2025
2282
2480
2423
2528
2334
1993
1920
1685
1453
1093
892
649
241
43
-164
-359
-714
-944
-1260
-1575
-1790
-2123
-2364
-2663
-2787
-3021
-2992
-2716
-2649
-2232
-1606
-840
-57
769
1967
3002
3980
5033
5874
6763
7257
7619
7992
7871
7802
7449
6833
6359
5582
5027
4418
3691
3247
2740
2409
2360
2214
2190
2151
2124
2167
1846
1631
1005
171
-733
-2000
-3133
-4777
-6220
-7721
-9230
-10338
-11335
-12020
-12523
-12366
-11960
-11327
-10007
-8599
-6920
-5125
-3260
-1159
606
2279
3863
5249
6328
7007
7646
8028
8255
8296
8121
7862
7524
7211
6808
6332
5738
5172
4391
3622
2977
2087
1200
180
-834
-1709
-2589
-3474
-4343
-4998
-5668
-6147
-6293
-6469
-6517
-6289
-6060
-5568
-5013
-4420
-3666
-3021
-2242
-1519
-726
6
466
1117
1614
2053
2399
2445
2833
2849
2714
2762
2509
2437
2065
1802
1585
945
718
228
-222
-454
-1092
-1365
-1731
-2083
-2243
-2535
-2493
-2618
-2649
-2466
-2229
-1913
-1623
-1152
-586
-71
427
1115
1678
2102
2621
3008
3282
3459
3500
3530
3445
3155
2971
2676
2327
2019
1554
1395
1084
857
780
605
784
674
826
1164
1375
1533
1863
2076
2248
2481
2241
2326
1810
1617
1063
141
-312
-1555
-2217
-3493
-4462
-5213
-6438
-6982
-7809
-8237
-8560
-8738
-8389
-8115
-7522
-6656
-5540
-4162
-2920
-1302
428
2010
3599
5099
6606
7765
8644
9328
9804
9774
9648
9254
8448
7586
6488
5374
4031
2892
1751
608
-475
-1523
-2234
-2898
-3427
-3967
-4298
-4560
-4722
-4709
-4942
-4872
-4825
-4902
-4628
-4514
-4232
-3953
-3615
-2954
-2518
-1696
-957
-170
701
1419
2379
2922
3501
3989
4286
4426
4221
4087
3606
3193
2701
1902
1351
696
167
-327
-812
-984
-1372
-1647
-1716
-1938
-2110
-2346
-2459
-2613
-2899
-3014
-3171
-3240
-3237
-3197
-3028
-2764
-2394
-1949
-1408
-852
-293
212
831
1330
1698
2027
2177
2437
2399
2292
2130
1845
1757
1375
1079
798
406
284
22
-75
-103
-212
-70
29
221
545
849
1161
1549
2029
2351
2797
3111
3457
3639
3660
3937
3588
3492
3073
2317
2033
773
54
-796
-2037
-2867
-4292
-4809
-5680
-6609
-6581
-7171
-6933
-6653
-6244
-5156
-4520
-3122
-1831
-640
1042
2288
3589
4774
5705
6638
7147
7414
7704
7354
7005
6590
5782
5222
4181
3371
2595
1504
951
167
-506
-984
-1652
-2011
-2477
-2847
-3162
-3720
-3978
-4323
-4665
-4823
-5049
-5108
-5148
-5015
-4714
-4341
-3772
-3115
-2372
-1650
-828
100
821
1580
2227
2657
3086
3170
3262
3253
2900
2599
2050
1553
1046
326
-136
-768
-1259
-1526
-2011
-2231
-2492
-2708
-2762
-3030
-3036
-3053
-3264
-3294
-3349
-3369
-3332
-3354
-3242
-3096
-2898
-2574
-2257
-1747
-1175
-747
-137
477
896
1436
1875
2233
2496
2587
2822
2775
2688
2825
2609
2477
2413
2268
2319
2211
2310
2362
2254
2592
2648
2663
2891
2917
3065
3065
3109
3304
3185
3316
3364
3185
3371
3286
3236
3256
3040
3056
2813
2557
2327
1764
1417
780
-41
-630
-1543
-2322
-3190
-4107
-4715
-5584
-6054
-6406
-6837
-6735
-6674
-6321
-5774
-5204
-4207
-3333
-2298
-1119
-78
1122
2007
2930
3851
4293
4848
5143
5191
5249
4998
4781
4410
3959
3545
2921
2472
1890
1241
792
127
-452
-1022
-1635
-2067
-2655
-3183
-3578
-3982
-4280
-4535
-4617
-4702
-4706
-4442
-4194
-3859
-3409
-2821
-2220
-1634
-843
-159
472
1102
1663
2158
2428
2720
2838
2705
2701
2417
2025
1650
1138
688
43
-490
-1004
-1685
-2114
-2608
-3068
-3394
-3739
-3906
-4155
-4300
-4196
-4188
-4061
-3914
-3644
-3249
-2982
-2534
-2048
-1582
-1050
-557
15
589
1128
1695
2168
2673
3163
3505
3854
4077
4299
4450
4389
4403
4325
4147
3969
3724
3474
3177
2906
2659
2335
2082
1811
1507
1289
956
669
472
219
-7
-149
-214
-293
-286
-144
12
204
518
881
1243
1612
1976
2348
2603
2801
2963
2977
2861
2648
2389
1996
1450
932
309
-393
-1041
-1733
-2378
-3043
-3611
-4055
-4513
-4754
-4925
-5018
-4913
-4765
-4427
-4040
-3539
-2854
-2309
-1651
-876
-213
438
1017
1609
2060
2360
2742
2931
2985
3075
3019
2915
2764
2564
2335
2035
1811
1531
1137
847
540
188
-141
-483
-792
-1105
-1417
-1697
-1971
-2206
-2414
-2585
-2700
-2812
-2896
-2897
-2839
-2766
-2665
-2484
-2245
-2023
-1777
-1424
-1081
-825
-481
-145
47
247
493
629
651
715
724
578
502
449
230
27
-84
-241
-451
-592
-632
-708
-791
-793
-759
-714
-672
-584
-464
-393
-292
-161
-92
0
151
303
445
648
853
1012
1277
1599
1833
2059
2334
2548
2664
2786
2868
2767
2579
2395
2095
1643
1184
746
203
-362
-814
-1252
-1710
-2032
-2202
-2337
-2406
-2329
-2147
-1919
-1623
-1247
-832
-433
-40
386
790
1123
1446
1761
2007
2206
2396
2542
2644
2736
2812
2860
2880
2860
2784
2685
2594
2441
2191
1922
1654
1332
960
599
217
-198
-590
-969
-1354
-1688
-1980
-2256
-2493
-2703
-2877
-2964
-3016
-3072
-3047
-2974
-2939
-2823
-2592
-2390
-2201
-1918
-1630
-1365
-1051
-709
-404
-112
152
357
550
733
866
934
936
912
898
856
775
688
591
484
412
361
289
226
176
111
74
86
71
5
-52
-90
-136
-204
-252
-316
-425
-490
-496
-522
-519
-420
-292
-166
54
340
609
903
1214
1476
1717
1903
1969
1938
1841
1628
1323
940
450
-86
-613
-1148
-1657
-2065
-2404
-2702
-2888
-2947
-2900
-2746
-2540
-2308
-2021
-1704
-1377
-1059
-777
-568
-409
-269
-171
-129
-152
-202
-249
-308
-374
-405
-424
-439
-404
-326
-257
-167
-17
129
258
398
546
688
827
946
1055
1186
1289
1331
1371
1444
1463
1425
1399
1346
1225
1101
1009
843
604
395
216
-13
-244
-439
-655
-867
-1018
-1124
-1224
-1310
-1388
-1431
-1406
-1361
-1331
-1271
-1179
-1102
-985
-794
-595
-425
-239
-12
243
525
807
1077
1343
1625
1914
2198
2462
2685
2881
3080
3262
3397
3492
3550
3546
3478
3400
3269
3038
2767
2472
2117
1725
1345
921
446
23
-351
-747
-1104
-1385
-1654
-1891
-2028
-2099
-2179
-2207
-2161
-2093
-1985
-1807
-1601
-1391
-1137
-821
-464
-101
258
619
1003
1375
1702
1985
2187
2295
2335
2297
2144
1895
1562
1122
610
91
-451
-1040
-1633
-2193
-2691
-3101
-3416
-3666
-3821
-3863
-3811
-3668
-3442
-3176
-2893
-2579
-2248
-1923
-1614
-1343
-1115
-904
-693
-505
-351
-228
-101
37
169
287
394
467
510
553
570
508
398
265
82
-132
-339
-565
-830
-1091
-1296
-1457
-1581
-1662
-1682
-1620
-1489
-1295
-1043
-752
-424
-65
297
656
1010
1318
1542
1740
1943
2072
2113
2127
2120
2061
1982
1923
1855
1755
1655
1579
1517
1439
1349
1266
1174
1071
962
829
661
500
355
204
50
-87
-204
-297
-346
-363
-363
-349
-309
-231
-137
-61
16
107
166
208
270
327
346
371
420
467
529
603
654
715
814
904
979
1067
1144
1191
1252
1323
1381
1441
1488
1500
1527
1593
1632
1633
1632
1623
1594
1565
1516
1431
1343
1245
1131
1041
964
854
732
636
534
418
307
157
-47
-251
-459
-712
-981
-1251
-1561
-1884
-2150
-2390
-2639
-2849
-3002
-3119
-3180
-3173
-3129
-3047
-2905
-2719
-2496
-2245
-1987
-1703
-1382
-1077
-799
-512
-244
-37
151
318
386
384
380
313
147
-30
-206
-451
-727
-947
-1152
-1390
-1593
-1719
-1817
-1900
-1919
-1875
-1814
-1724
-1582
-1416
-1239
-1028
-804
-615
-435
-228
-38
102
210
289
340
393
439
441
423
414
405
399
410
398
381
396
400
368
374
419
413
380
393
400
370
370
389
361
328
336
340
327
336
346
345
380
444
487
547
652
752
840
967
1112
1225
1335
1467
1570
1633
1692
1749
1763
1747
1734
1701
1633
1568
1510
1429
1330
1257
1201
1136
1081
1037
991
965
969
957
920
898
886
850
817
793
742
674
636
604
543
497
493
475
440
446
483
491
500
544
567
557
562
560
499
413
324
191
35
-111
-304
-544
-747
-925
-1125
-1314
-1463
-1606
-1721
-1785
-1839
-1883
-1881
-1858
-1848
-1835
-1816
-1797
-1779
-1779
-1808
-1835
-1855
-1881
-1902
-1916
-1936
-1935
-1893
-1839
-1778
-1685
-1572
-1445
-1297
-1142
-994
-837
-681
-549
-431
-324
-251
-203
-158
-146
-179
-216
-244
-291
-363
-441
-512
-582
-660
-730
-784
-830
-876
-900
-892
-875
-846
-775
-666
-550
-413
-241
-43
170
398
629
858
1087
1310
1514
1691
1838
1950
2032
2087
2101
2067
1996
1907
1803
1671
1514
1351
1188
1031
885
753
631
521
440
390
360
349
361
391
422
468
541
613
667
725
797
860
901
950
993
1008
1012
1010
988
946
894
824
736
639
525
397
269
138
-13
-161
-296
-435
-576
-698
-808
-914
-997
-1040
-1053
-1054
-1035
-984
-903
-816
-727
-624
-514
-418
-334
-251
-180
-122
-82
-66
-51
-34
-39
-61
-66
-76
-114
-137
-131
-152
-196
-205
-202
-227
-248
-251
-272
-298
-296
-304
-343
-372
-395
-441
-487
-521
-576
-634
-656
-672
-706
-714
-692
-671
-633
-563
-488
-413
-304
-186
-88
17
141
244
329
431
520
575
629
691
718
721
735
727
687
655
635
587
534
509
486
451
444
448
436
439
468
479
468
467
455
408
351
300
225
133
47
-49
-150
-236
-303
-362
-397
-403
-388
-348
-280
-202
-126
-41
48
120
168
198
211
199
163
111
36
-57
-146
-231
-320
-410
-489
-560
-615
-645
-672
-713
-737
-736
-742
-749
-723
-694
-686
-650
-578
-524
-477
-387
-276
-178
-53
100
231
350
497
627
713
787
853
876
873
853
793
694
587
469
321
164
16
-137
-289
-410
-510
-601
-664
-701
-729
-734
-688
-624
-558
-457
-318
-196
-81
63
199
304
416
548
653
732
818
893
935
965
1003
1017
1007
992
975
945
905
854
782
697
602
497
386
269
147
30
-65
-153
-248
-323
-360
-380
-389
-357
-287
-195
-70
78
227
376
539
701
845
983
1109
1211
1286
1330
1336
1312
1261
1178
1078
970
838
692
552
412
266
121
-14
-138
-239
-327
-414
-481
-512
-531
-553
-567
-582
-604
-615
-608
-614
-634
-652
-669
-701
-751
-814
-886
-963
-1035
-1099
-1155
-1205
-1251
-1286
-1306
-1317
-1312
-1283
-1241
-1198
-1136
-1046
-956
-881
-798
-701
-621
-563
-506
-459
-436
-421
-409
-422
-463
-512
-574
-654
-726
-782
-848
-915
-956
-980
-999
-1006
-1004
-988
-927
-830
-738
-645
-523
-406
-301
-181
-58
33
115
212
295
358
424
472
487
505
537
540
526
536
563
579
595
624
646
661
681
704
726
753
789
831
876
917
945
968
993
1019
1048
1083
1120
1143
1153
1156
1148
1120
1079
1030
973
918
878
845
818
809
825
852
889
944
1007
1069
1142
1220
1286
1334
1360
1354
1326
1285
1218
1128
1035
937
824
705
579
435
292
166
44
-77
-185
-291
-406
-511
-607
-711
-818
-911
-1003
-1093
-1165
-1230
-1294
-1339
-1371
-1409
-1435
-1432
-1430
-1427
-1385
-1319
-1258
-1183
-1093
-1023
-962
-876
-792
-732
-666
-581
-521
-489
-454
-428
-430
-442
-456
-476
-495
-513
-547
-589
-618
-646
-690
-739
-780
-815
-841
-865
-897
-923
-932
-930
-931
-931
-924
-900
-852
-786
-721
-646
-558
-469
-373
-262
-149
-42
77
208
332
440
543
633
700
756
802
827
836
838
822
778
718
656
590
509
430
367
310
255
218
208
204
207
240
286
321
362
432
508
567
629
686
716
732
749
743
711
685
657
604
539
480
411
330
255
185
114
55
7
-41
-84
-111
-131
-153
-163
-158
-144
-121
-92
-62
-20
37
95
153
214
271
329
395
456
503
547
589
616
629
638
642
635
629
620
598
572
544
506
463
424
379
322
265
205
138
72
10
-56
-126
-189
-250
-301
-338
-367
-393
-411
-417
-413
-404
-390
-378
-366
-343
-315
-299
-286
-264
-237
-222
-214
-200
-188
-181
-176
-172
-175
-181
-184
-190
-206
-223
-238
-252
-268
-290
-317
-334
-344
-363
-383
-395
-406
-416
-422
-427
-436
-433
-422
-421
-424
-416
-401
-396
-389
-378
-372
-364
-347
-334
-331
-323
-310
-296
-291
-285
-278
-271
-268
-266
-266
-263
-257
-252
-253
-254
-252
-250
-247
-241
-241
-247
-244
-233
-230
-226
-210
-196
-189
-169
-137
-117
-96
-53
-8
22
60
117
164
197
233
268
290
305
314
313
305
299
295
285
269
258
261
270
278
292
317
350
388
429
473
521
569
617
662
704
742
779
813
837
849
852
859
854
837
817
800
776
753
734
713
690
675
657
636
621
610
586
557
535
507
468
443
424
389
351
334
324
301
284
282
276
258
248
246
234
207
187
178
156
121
98
85
56
14
-14
-41
-82
-121
-154
-196
-248
-286
-325
-377
-432
-473
-511
-557
-600
-638
-667
-693
-714
-729
-741
-747
-744
-732
-718
-701
-677
-646
-614
-582
-546
-504
-459
-421
-385
-342
-305
-279
-255
-238
-237
-240
-241
-262
-298
-321
-347
-396
-437
-462
-500
-544
-565
-577
-598
-603
-590
-578
-559
-523
-483
-443
-396
-349
-302
-250
-203
-167
-120
-81
-63
-47
-21
-12
-18
-19
-21
-39
-54
-63
-77
-95
-103
-108
-116
-118
-110
-100
-88
-71
-47
-17
18
57
103
150
198
251
306
356
405
458
508
549
587
628
659
677
696
718
722
715
714
709
682
649
628
595
543
498
460
402
337
288
242
180
122
83
41
-7
-43
-63
-87
-110
-115
-111
-109
-105
-88
-68
-56
-43
-19
-1
7
23
49
66
76
94
121
139
156
176
194
203
209
213
209
197
181
169
153
128
103
83
63
42
26
15
7
4
15
32
45
63
88
112
127
142
158
166
170
174
173
163
154
148
133
117
106
97
86
73
64
58
52
45
43
45
48
49
50
49
41
32
25
8
-22
-43
-64
-102
-142
-171
-208
-260
-310
-350
-395
-444
-484
-517
-555
-589
-615
-638
-658
-676
-688
-694
-698
-703
-701
-697
-701
-702
-695
-693
-702
-696
-682
-683
-685
-673
-665
-670
-664
-652
-651
-646
-625
-610
-607
-588
-555
-531
-514
-483
-448
-420
-390
-357
-324
-294
-263
-235
-204
-172
-149
-120
-85
-57
-36
-2
35
65
100
147
189
231
283
331
369
411
453
484
516
554
583
606
636
658
673
695
717
726
742
770
784
790
808
825
822
825
835
834
828
833
834
820
811
809
792
769
758
747
729
714
701
682
664
649
632
615
604
592
575
566
564
553
540
528
511
490
472
454
428
404
378
340
299
262
219
171
125
80
30
-15
-60
-113
-162
-205
-252
-299
-334
-370
-409
-441
-472
-508
-540
-564
-595
-623
-638
-657
-683
-696
-705
-729
-746
-749
-760
-775
-770
-769
-776
-772
-757
-756
-755
-735
-720
-718
-702
-678
-667
-655
-628
-609
-599
-580
-556
-537
-515
-485
-458
-438
-415
-390
-368
-352
-336
-318
-302
-287
-273
-262
-254
-240
-226
-214
-198
-176
-155
-139
-117
-90
-70
-55
-28
3
24
44
73
100
121
143
166
180
195
218
237
248
267
297
319
335
359
391
415
439
468
496
518
541
559
570
584
595
595
591
594
595
590
582
575
566
561
555
547
539
536
536
529
516
507
499
484
468
453
438
417
395
376
357
331
306
285
261
240
227
210
184
167
161
144
119
106
98
82
69
62
44
24
15
1
-26
-46
-63
-91
-120
-134
-158
-195
-219
-234
-258
-279
-287
-301
-324
-329
-328
-343
-359
-356
-352
-360
-359
-353
-355
-361
-358
-359
-369
-375
-379
-385
-392
-396
-401
-408
-410
-402
-394
-385
-368
-344
-323
-300
-270
-243
-225
-200
-167
-144
-129
-107
-82
-68
-56
-39
-33
-31
-20
-10
-14
-18
-9
-6
-9
-4
3
1
3
19
23
26
43
63
70
89
120
136
146
178
207
215
229
258
269
273
291
304
295
293
304
304
293
289
286
273
264
260
247
231
224
216
199
186
178
159
139
130
120
98
76
65
53
34
22
15
1
-9
-7
-8
-22
-28
-24
-30
-39
-34
-32
-41
-38
-22
-25
-33
-25
-18
-23
-16
-10
-15
-19
-10
-10
-25
-32
-34
-46
-60
-67
-81
-104
-118
-127
-147
-171
-182
-195
-212
-222
-219
-229
-245
-243
-232
-232
-234
-221
-210
-205
-192
-175
-170
-165
-146
-131
-125
-117
-102
-95
-90
-75
-66
-66
-55
-35
-30
-26
-12
-2
0
10
29
33
33
43
56
55
58
71
79
87
102
122
133
143
162
182
195
209
225
235
245
259
263
257
257
258
249
236
232
222
202
189
182
163
146
142
137
124
121
121
114
110
115
115
107
105
111
108
101
102
98
87
80
80
73
58
49
43
27
13
5
-8
-21
-29
-34
-46
-60
-65
-73
-79
-83
-92
-105
-108
-111
-125
-135
-134
-140
-152
-151
-146
-157
-166
-158
-158
-172
-177
-174
-189
-200
-201
-207
-225
-233
-232
-242
-255
-252
-253
-266
-269
-261
-264
-272
-266
-256
-258
-256
-245
-236
-233
-219
-201
-190
-185
-173
-157
-149
-146
-137
-125
-120
-120
-111
-103
-107
-106
-98
-95
-96
-88
-82
-81
-76
-66
-60
-55
-43
-28
-16
-1
15
30
45
62
80
95
111
124
141
154
164
174
185
197
206
217
230
239
247
256
265
271
278
286
293
295
300
306
306
300
300
301
297
290
288
283
274
268
264
257
250
249
247
241
239
238
239
237
237
239
240
238
236
235
231
221
214
213
206
193
187
182
167
153
144
131
112
100
88
71
55
42
25
9
0
-9
-19
-27
-33
-39
-46
-55
-66
-75
-86
-102
-114
-126
-148
-169
-180
-198
-221
-234
-245
-263
-279
-287
-301
-317
-325
-331
-341
-348
-349
-351
-353
-353
-350
-347
-341
-334
-326
-314
-305
-296
-283
-270
-262
-254
-243
-237
-237
-231
-228
-228
-228
-221
-214
-209
-204
-193
-185
-180
-168
-154
-147
-143
-133
-123
-123
-125
-121
-122
-130
-134
-136
-144
-150
-152
-156
-160
-159
-153
-146
-137
-125
-110
-93
-75
-56
-34
-13
10
32
55
77
96
117
139
160
177
192
207
222
234
244
254
260
262
267
268
266
265
265
260
254
255
254
251
253
260
259
256
262
271
272
276
287
293
296
300
308
310
309
311
313
309
306
303
299
291
284
278
269
260
252
243
231
220
213
203
192
185
181
171
158
152
145
130
116
109
101
83
70
63
49
30
19
12
-2
-16
-27
-37
-54
-68
-77
-92
-107
-118
-129
-144
-159
-170
-182
-195
-203
-210
-219
-225
-228
-230
-232
-234
-235
-235
-233
-231
-226
-221
-219
-215
-207
-201
-197
-192
-183
-179
-177
-170
-164
-163
-161
-155
-152
-151
-150
-148
-149
-149
-150
-150
-150
-151
-154
-155
-154
-156
-159
-158
-155
-155
-153
-149
-144
-140
-134
-125
-117
-108
-101
-92
-83
-74
-66
-55
-45
-38
-28
-21
-16
-12
-9
-6
-6
-4
-1
0
3
9
14
20
30
36
43
52
65
73
82
95
106
112
119
128
134
137
141
147
150
153
157
161
164
170
175
180
183
185
188
192
194
196
198
200
200
201
201
199
196
193
188
185
180
174
169
163
156
150
145
134
124
120
114
104
99
98
92
89
92
90
83
85
88
84
82
83
79
75
78
79
76
76
78
75
72
73
68
60
58
56
46
41
40
32
23
19
16
6
-1
-5
-13
-21
-27
-35
-43
-51
-60
-66
-71
-79
-84
-87
-89
-91
-91
-88
-88
-88
-84
-81
-78
-74
-72
-75
-74
-73
-77
-84
-86
-90
-102
-109
-112
-120
-130
-135
-140
-147
-151
-154
-161
-164
-163
-168
-174
-173
-174
-179
-180
-179
-183
-186
-183
-182
-186
-183
-182
-183
-182
-179
-176
-173
-166
-161
-159
-154
-146
-144
-141
-139
-136
-133
-133
-129
-123
-120
-120
-113
-105
-104
-102
-93
-92
-93
-87
-84
-86
-82
-76
-76
-74
-67
-60
-54
-44
-34
-26
-16
-5
7
19
36
51
64
81
100
116
135
154
170
184
201
215
224
235
248
254
256
261
267
263
261
265
264
256
253
253
249
245
245
243
239
237
234
231
229
226
222
217
214
210
206
199
194
187
176
166
162
153
139
134
129
117
108
106
100
88
81
75
64
53
47
37
26
18
7
-4
-10
-18
-30
-39
-46
-58
-69
-76
-83
-88
-94
-102
-104
-105
-111
-118
-119
-124
-134
-140
-148
-157
-163
-168
-179
-186
-187
-193
-205
-207
-208
-217
-224
-224
-228
-235
-236
-232
-235
-236
-232
-229
-226
-222
-217
-212
-205
-198
-191
-184
-175
-166
-161
-155
-147
-138
-133
-128
-121
-114
-109
-101
-94
-87
-81
-77
-71
-64
-58
-52
-44
-36
-30
-23
-14
-6
0
7
11
15
20
23
27
33
38
41
48
54
59
66
72
75
79
86
88
91
98
100
101
106
111
110
110
115
117
111
113
117
117
114
116
117
118
118
118
119
120
119
118
117
117
116
116
115
112
112
111
107
106
109
106
104
105
104
102
101
102
99
96
93
92
89
88
86
85
85
85
85
82
81
81
77
74
70
68
64
60
55
54
51
46
42
39
36
30
25
23
19
14
9
6
3
-2
-6
-11
-13
-16
-22
-28
-31
-34
-41
-47
-48
-51
-57
-61
-62
-63
-65
-67
-69
-69
-72
-75
-77
-77
-78
-80
-80
-81
-82
-83
-81
-80
-81
-78
-76
-75
-73
-71
-70
-69
-67
-65
-67
-67
-65
-67
-70
-70
-72
-75
-77
-77
-80
-80
-78
-79
-84
-86
-86
-88
-92
-93
-96
-97
-96
-91
-90
-88
-84
-80
-78
-74
-70
-67
-63
-59
-52
-45
-37
-29
-22
-13
-3
4
7
15
26
31
36
44
50
55
61
68
70
72
76
77
77
80
80
77
79
81
78
75
78
78
75
75
78
77
75
78
81
83
86
91
95
100
107
112
116
121
123
122
120
119
116
112
109
102
97
93
86
79
76
72
63
53
52
48
41
38
39
33
29
30
28
20
18
18
13
9
7
5
1
-1
-4
-7
-9
-12
-15
-17
-19
-23
-26
-27
-30
-34
-35
-33
-36
-40
-39
-42
-48
-47
-47
-51
-53
-52
-54
-58
-58
-57
-58
-59
-59
-59
-60
-60
-59
-57
-56
-57
-58
-57
-58
-59
-60
-60
-61
-62
-63
-65
-65
-64
-63
-64
-61
-56
-58
-58
-54
-51
-52
-48
-48
-49
-47
-42
-43
-42
-35
-35
-38
-34
-31
-34
-34
-26
-28
-31
-28
-24
-27
-29
-22
-21
-24
-21
-16
-18
-18
-12
-9
-9
-3
2
3
6
15
19
22
29
33
33
37
42
43
44
50
50
49
52
55
54
54
59
58
55
60
63
59
59
62
59
56
57
55
46
46
45
39
32
33
30
26
26
25
23
24
27
27
28
34
35
33
38
41
39
39
45
45
40
43
45
38
36
38
35
27
28
27
17
14
15
10
2
0
-3
-11
-16
-20
-25
-28
-31
-35
-38
-39
-41
-43
-38
-38
-42
-40
-38
-42
-44
-39
-38
-43
-41
-38
-46
-47
-42
-43
-47
-43
-42
-47
-45
-38
-39
-40
-32
-30
-35
-31
-24
-27
-26
-18
-20
-27
-22
-20
-27
-27
-19
-24
-31
-25
-22
-32
-29
-20
-25
-30
-21
-19
-27
-21
-12
-14
-16
-5
-3
-7
-2
4
2
1
4
2
-2
2
2
0
1
3
3
4
8
10
12
17
17
17
22
23
20
22
26
23
21
26
27
25
28
35
33
32
38
38
37
40
40
36
36
37
34
32
34
30
25
24
23
18
16
17
14
9
9
8
2
3
7
6
5
7
9
6
7
10
9
10
11
8
7
7
5
3
5
5
3
2
5
4
2
5
5
2
0
1
-1
