SAMPLES:	14536
BITSPERSAMPLE:	16
CHANNELS:	1
SAMPLERATE:	16000
NORMALIZED:	FALSE
-1
1
-1
0
-1
0
0
0
0
0
0
0
0
0
0
0
0
0
0
0
0
0
-1
1
1
0
0
1
0
0
0
-1
0
-1
0
0
0
1
0
0
-1
0
-1
1
0
1
1
0
0
0
0
0
1
0
0
0
-1
0
0
0
0
1
0
-1
0
0
0
-1
0
0
-1
0
1
-1
0
0
0
0
0
0
0
1
1
0
0
0
0
0
0
0
-1
0
0
0
0
0
0
-1
-1
0
0
0
0
0
1
0
2
-1
0
0
0
0
0
0
1
0
0
0
0
0
0
0
1
0
1
0
0
-1
-1
-1
0
0
0
0
1
0
-1
0
0
0
0
1
0
-1
0
0
0
0
0
1
0
0
0
0
0
0
0
0
0
0
1
0
0
0
0
0
0
0
0
0
0
0
0
0
-1
-1
0
0
0
0
0
0
-1
0
0
-1
0
0
0
0
0
0
0
0
0
0
0
0
0
0
0
0
0
-1
0
0
0
0
0
-1
1
0
0
0
0
0
0
0
0
0
0
-1
1
0
0
-1
0
1
0
1
0
-1
0
0
0
1
0
0
0
1
-1
0
-1
-1
-1
-1
0
0
0
1
0
-1
0
0
0
1
0
-1
-1
0
0
0
0
0
0
0
-1
0
-1
0
0
0
0
0
0
1
0
0
0
0
0
-1
-1
1
0
0
0
-1
0
1
-1
1
0
0
1
-1
-1
0
-1
0
-1
0
0
0
0
0
0
0
0
-1
0
0
0
1
0
1
0
-1
0
1
0
0
-1
0
0
-1
1
0
0
1
0
1
-1
0
0
-1
0
1
0
1
0
0
0
1
0
1
0
-1
0
-1
0
0
0
1
0
0
0
0
1
-1
-1
0
-1
0
0
0
1
0
0
0
1
1
0
0
0
0
0
0
1
0
0
1
0
0
1
0
-1
1
0
-1
1
0
0
1
-1
0
1
-1
1
-1
0
1
-1
0
-1
0
0
1
0
0
1
0
-1
0
0
0
-1
0
1
0
0
0
-1
0
0
0
0
-1
0
1
0
-1
0
0
0
0
0
0
1
0
1
0
-1
1
0
0
0
0
-1
0
-1
0
1
0
0
1
-1
1
0
0
1
0
-1
1
0
-1
1
-1
1
0
0
0
0
-1
0
-1
0
0
0
0
-1
1
0
-1
1
0
0
-1
0
1
0
1
-1
-1
1
0
0
0
-1
0
0
-1
0
0
0
-1
2
-1
0
1
-2
1
0
0
1
0
1
1
0
1
-2
0
-1
-1
1
0
1
0
0
0
-1
0
0
0
2
-1
0
1
-1
1
0
0
-1
1
0
0
1
0
-2
2
-1
0
1
0
0
0
1
0
0
2
-2
0
2
-3
2
0
0
1
0
0
-1
1
-1
-1
1
-2
-1
2
-1
1
1
0
0
-1
1
-1
0
0
-2
2
-1
-2
2
0
0
0
0
0
0
3
-2
0
2
-2
0
1
-2
1
1
-1
-1
0
0
-1
2
-1
-1
3
-1
-1
2
-1
0
1
0
-1
1
0
-1
2
0
-2
1
0
0
1
-1
0
-1
1
-1
0
1
-2
0
0
-1
0
1
0
-1
0
1
-1
3
0
-1
2
0
-1
2
-1
-1
1
0
-1
0
1
-1
2
0
-3
2
0
-1
1
0
-1
0
1
-1
0
1
-2
0
2
-2
1
-1
0
0
0
0
0
2
-1
-1
1
0
0
2
-2
1
0
1
-1
0
1
-1
1
0
-2
1
0
-1
1
0
0
0
2
0
-1
1
-1
0
2
-1
1
2
-1
0
0
1
-2
1
0
-1
2
0
0
1
0
0
1
-1
1
0
1
0
0
2
-2
1
1
0
0
1
0
1
0
1
-2
2
0
-1
3
-1
0
1
0
-2
1
-1
-1
1
1
-1
1
0
-2
3
-1
-1
2
0
-1
1
1
-2
1
1
-1
1
0
-2
1
-1
0
1
1
-1
0
0
0
-1
1
1
-1
2
-1
0
1
1
-2
2
2
-4
3
-1
-2
3
-2
0
2
-2
0
1
-1
0
1
-1
1
0
-1
-2
2
-1
1
0
-1
1
-2
1
2
-2
1
0
-2
2
0
-1
2
0
-2
2
0
-2
2
0
-1
3
-1
-1
3
-3
1
1
-2
1
0
0
0
0
-1
2
0
-1
1
-1
0
2
-1
-1
2
-3
1
1
-3
1
0
-1
2
0
-1
2
-1
0
2
-1
-1
3
-2
0
1
-2
0
0
-1
2
0
-1
2
-1
1
0
-1
0
1
-1
0
1
-2
1
1
-2
1
1
-2
2
-1
-1
2
-1
-1
2
-2
0
1
-2
0
1
-1
0
1
-2
1
0
-1
1
0
-1
1
0
-1
1
-1
0
0
0
0
0
0
1
0
0
0
-1
-1
1
0
0
0
-1
0
1
-1
1
0
-1
0
-1
1
0
0
1
-1
0
0
-1
0
0
0
-1
-1
1
0
0
0
0
0
0
0
0
-1
1
-1
1
1
0
1
0
0
1
0
0
1
-1
1
1
0
1
0
0
1
0
0
0
0
0
1
-1
-1
0
-1
0
0
-1
-1
1
0
0
1
0
0
2
0
0
1
-2
1
0
-1
1
-1
0
1
-2
0
1
-2
1
-1
-1
1
-1
-1
1
-1
0
0
-1
0
0
-1
0
0
-1
-1
0
-1
0
0
-1
0
0
-1
0
-1
-1
0
0
0
1
-1
0
1
-2
1
0
-1
1
-1
-1
2
-1
-1
1
-2
1
2
-1
0
0
-1
1
0
1
1
0
0
0
0
0
0
0
0
0
0
-1
1
0
0
2
-1
1
1
-1
1
0
-1
1
0
0
0
0
0
1
-1
1
0
-1
0
-1
0
1
-1
1
0
-1
0
0
-1
1
0
1
-1
0
0
-1
0
0
0
1
0
0
1
0
1
0
-1
0
0
0
1
-1
0
0
0
0
0
0
0
0
0
0
-1
0
1
0
0
0
0
0
0
0
-1
1
0
0
0
1
0
1
-1
0
0
-1
0
-1
0
-1
-1
1
0
0
0
1
-1
0
-1
0
-1
0
1
0
-1
1
0
0
1
-1
0
0
0
1
-1
0
0
0
0
1
0
0
0
0
1
0
0
-1
0
1
-1
1
0
0
0
0
-1
1
-1
1
0
-1
1
-1
1
0
-1
0
0
0
1
0
0
1
0
0
0
-1
1
0
-1
0
0
0
0
0
0
0
0
1
-1
0
0
0
0
-1
0
0
-1
0
0
0
0
0
0
0
0
0
1
0
1
0
0
0
0
0
-1
-1
1
0
0
0
0
0
1
-1
1
0
0
0
0
0
1
0
1
0
-1
0
-1
1
0
0
0
0
-1
0
-1
0
0
0
0
0
-1
1
0
0
0
0
0
0
0
1
0
1
-1
0
0
0
0
0
0
0
0
-1
0
0
-1
0
0
-1
1
0
0
0
0
-1
0
-1
0
1
0
0
0
0
0
0
0
0
0
0
0
0
0
0
0
0
-1
0
0
-1
0
0
0
0
-1
0
0
0
0
0
1
0
0
0
0
0
0
-1
0
0
1
0
0
0
0
-1
0
0
0
0
-1
0
-1
-1
-1
0
-1
0
-1
1
0
0
0
0
0
0
0
0
1
0
0
0
1
0
0
0
0
1
1
-1
0
1
0
0
0
0
0
1
0
-1
-1
0
0
0
1
0
0
0
0
-1
0
0
0
-1
0
0
1
0
0
0
0
0
0
1
-1
1
0
0
0
0
0
0
1
0
1
0
0
0
0
-1
1
0
1
0
0
0
1
0
1
1
-2
1
1
0
-1
1
-1
1
0
-1
0
0
-1
1
0
0
1
0
0
1
0
0
1
-1
0
1
1
0
1
-1
0
0
-1
1
0
-1
1
1
-1
0
0
-1
0
0
-1
1
0
0
1
0
0
1
0
0
1
-1
1
1
0
1
0
-1
0
0
-1
0
0
-1
-1
-1
-1
0
0
-1
0
0
-1
0
0
0
0
-1
0
1
-1
0
0
0
0
0
-1
0
0
-1
0
0
-1
0
0
0
-1
-1
-1
0
0
0
0
-1
1
0
0
0
0
0
-1
0
0
0
0
0
0
1
1
1
1
0
0
0
0
0
0
0
0
0
0
0
0
-1
-1
0
0
0
0
1
0
0
1
1
0
1
1
0
1
1
0
0
0
0
0
0
0
0
-1
0
1
0
-1
0
0
-1
0
1
0
0
1
0
1
1
0
0
1
0
1
1
-1
0
0
-1
0
-1
-1
0
0
-1
-1
1
-1
0
0
0
0
0
-1
1
1
-1
1
0
0
1
0
-1
0
-1
0
0
-1
-1
1
0
0
1
0
0
0
0
0
0
0
0
1
-1
1
0
-1
1
0
-1
0
0
-1
0
0
0
1
0
-1
0
-1
0
1
0
0
1
0
0
2
-1
1
1
0
1
0
-1
0
1
-1
0
1
-1
1
1
0
0
0
0
1
0
0
1
0
0
0
0
-1
0
1
0
-1
0
0
-1
-1
0
-2
0
0
0
0
1
0
0
1
0
0
1
0
1
1
1
1
1
-1
0
1
0
1
0
0
1
1
0
1
0
0
1
0
0
0
0
0
0
0
-1
0
-1
0
-1
0
-1
-1
-2
0
0
-1
0
-1
0
0
-1
0
0
0
0
0
0
-1
1
-1
1
2
0
0
0
0
-1
1
-1
0
0
0
0
-1
-1
-1
0
0
-1
1
-1
0
-1
0
0
-1
0
-1
0
0
0
-1
0
0
0
1
-1
-1
0
0
0
0
0
0
1
0
1
1
0
1
1
1
0
0
1
0
1
0
0
1
0
0
1
0
0
0
0
0
-1
0
0
0
-1
0
-1
-1
0
0
1
0
0
-1
0
0
-1
0
0
0
0
0
1
0
0
0
0
0
0
1
-1
0
-1
0
0
-1
0
0
0
-1
0
0
-1
0
0
0
0
0
-1
-1
0
-1
0
0
0
-1
0
-1
0
0
-1
-2
-1
-1
0
0
0
-1
-2
0
0
-2
0
1
-1
0
1
0
0
0
0
0
0
1
0
-1
1
0
0
2
0
-1
0
0
-2
0
-1
-2
0
-2
0
0
0
-2
2
-1
0
1
0
0
0
3
0
3
1
1
0
2
2
-1
2
0
-1
1
2
-1
0
2
-1
-2
3
0
-2
1
0
0
0
1
-2
1
0
1
0
0
0
0
0
1
0
1
0
-2
1
0
-2
2
0
-3
2
0
-3
1
1
-2
1
2
0
1
2
-1
0
2
2
-2
0
2
-2
0
4
-2
-2
2
-2
0
1
0
-2
-1
0
-1
0
0
-2
-1
-2
0
-2
-1
0
-3
-1
0
-1
-1
-1
-2
-1
-1
1
-3
0
0
-2
0
1
-2
0
1
-2
1
1
-1
-2
1
-1
0
2
-1
-1
0
0
1
1
0
0
0
0
1
2
-2
1
2
-3
4
1
-4
3
0
-3
5
-1
-3
1
0
-1
2
0
-1
0
3
1
2
4
0
0
4
-1
3
3
-1
1
3
0
2
3
-2
2
0
-2
0
0
-5
0
0
0
1
3
2
1
4
0
1
-2
-1
-5
-5
-4
1
-5
-1
1
-5
6
-6
-4
3
-9
-2
6
-7
4
4
-5
4
2
2
-2
7
1
3
12
-4
9
1
2
-1
-3
2
-13
-4
-6
-11
-2
-3
-4
-3
3
6
-7
9
-4
0
11
-7
15
1
9
1
7
4
-1
0
0
-4
-6
9
-14
4
-4
-8
-3
-10
-14
-8
-3
-7
-6
13
1
-3
19
-14
15
5
-3
7
3
12
-2
3
10
0
5
12
-8
12
-11
-5
-12
-16
-1
-25
-7
4
-5
1
23
0
11
21
-11
0
10
-28
-3
12
-27
24
0
-10
19
-6
11
3
-3
6
-9
-3
-9
-13
11
-18
11
9
-6
11
2
10
-23
21
-15
-16
11
-31
17
7
-9
35
-2
13
7
-22
23
-34
-2
9
-21
30
-7
23
19
16
37
-7
11
-11
-23
-33
-17
-16
-16
7
-5
10
24
-7
11
11
-10
5
-2
6
-12
0
13
-4
12
-2
14
-13
4
-12
-3
-1
-14
7
-14
14
-24
26
-20
3
26
-34
23
-22
6
-2
-19
33
-13
13
6
-28
22
-43
-14
12
-38
31
-7
-5
29
-19
13
1
-8
19
-9
-8
24
-21
10
21
-14
18
6
-4
-2
-17
3
-34
-8
20
-46
39
-9
-6
5
-10
15
-30
21
6
-19
18
2
-17
2
7
6
5
39
11
12
26
-1
20
-25
29
9
-30
24
-9
0
3
-28
19
-22
-35
20
-14
-34
20
-29
3
-3
-18
29
-32
36
12
-43
30
-44
-24
-1
-33
6
-28
17
-2
17
-9
12
39
18
14
58
51
14
56
42
-34
25
9
-49
-25
-11
-46
-39
-9
-39
-6
-55
2
-16
-35
18
8
20
38
69
63
14
76
9
-42
6
5
-42
-56
49
13
-32
22
23
-18
39
-33
-7
-9
-52
-22
-35
44
-28
48
71
21
77
-38
15
31
-69
31
4
-64
90
-42
-51
79
-121
-28
2
-114
25
-82
4
39
-49
69
12
13
-1
31
-17
-1
61
-85
80
27
-64
12
-17
-89
-76
-24
-177
-22
-9
-115
121
15
110
182
0
176
26
-28
4
-111
-21
-118
-22
-15
-71
40
20
-52
8
-20
-109
-37
-102
-104
19
-25
91
124
123
221
142
102
136
19
-22
36
-63
-53
-45
-98
36
-80
64
92
-62
183
-53
84
-188
-2
45
-474
345
-252
-99
311
-349
435
-237
51
341
-596
514
-192
-158
356
-356
237
-62
71
22
-125
179
-176
-33
-95
98
-191
35
249
-254
250
72
-25
285
-79
312
-60
126
305
-364
351
-191
-133
123
-415
143
-399
-96
92
-603
315
-295
-173
229
-302
173
-112
110
43
5
257
-175
487
-23
199
326
-209
651
-335
-8
427
-591
229
-65
-454
211
-438
-118
-149
-376
31
-172
-190
197
-142
-23
400
-290
390
153
-139
527
-161
229
102
-121
343
-277
224
80
-127
242
-56
-41
-81
-25
-257
-107
-182
-217
-11
-240
164
-60
-190
401
-341
235
63
-330
535
-420
254
87
-288
542
-364
340
94
-220
466
-407
229
22
-406
449
-391
163
28
-262
505
-550
290
7
-377
523
-367
196
55
-130
233
-420
279
-320
-86
234
-575
600
-369
121
331
-673
838
-623
54
614
-1023
934
-396
-247
921
-974
808
-28
-431
911
-785
262
245
-677
590
-332
-175
332
-232
25
149
-157
-30
127
-357
221
-154
-234
437
-464
217
192
-314
498
-61
118
180
-105
114
-106
-42
-112
-22
-21
102
85
12
250
-22
-49
145
-298
29
-22
-236
183
-109
139
92
-34
294
-71
52
225
-179
103
94
-115
82
-43
-6
30
-131
16
-94
-143
58
-196
-68
-132
-53
-123
-186
38
-314
-59
-23
-217
-6
-50
-6
176
166
238
390
228
362
206
93
170
-110
94
14
-76
131
-39
15
-13
-101
-21
-208
-140
-225
-326
-268
-220
-189
-219
14
17
69
276
131
113
179
-145
40
-39
-362
187
-338
-40
176
-427
266
-125
-285
199
-361
-94
49
-381
166
-35
-1
300
165
137
423
65
131
258
-201
243
59
-170
349
-92
-38
399
-244
300
191
-199
424
-121
-54
221
-236
115
75
-332
265
-180
-324
267
-349
161
73
-282
601
-240
23
338
-440
342
-5
-51
525
0
463
455
185
560
229
302
372
71
147
196
-84
46
23
-309
-87
-456
-469
-287
-668
-497
-446
-642
-449
-584
-581
-191
-519
-21
55
-282
398
2
136
566
35
747
415
304
748
-140
425
76
-589
84
-622
-540
-361
-933
-336
-743
-686
-214
-904
-244
-515
-668
-26
-692
-95
43
-134
337
145
561
620
605
1027
852
1102
1120
899
1096
790
700
747
361
544
292
-108
343
-106
-172
99
-220
59
-277
-279
104
-500
-57
289
-230
335
351
123
468
41
338
390
-214
340
123
-25
427
53
349
331
125
393
-39
149
79
-335
39
-235
-380
-153
-146
-111
-197
-24
120
-153
-54
155
-185
-209
-167
-470
-578
-617
-729
-721
-798
-818
-881
-1106
-1121
-1208
-1424
-1428
-1507
-1649
-1651
-1681
-1500
-1434
-1281
-827
-635
-270
214
429
755
1083
1348
1512
1455
1663
1613
1367
1381
1107
781
667
221
-19
-242
-742
-644
-834
-777
-494
-593
-39
129
251
768
777
1276
1470
1603
2187
1783
2102
2155
1719
2160
1623
1619
1938
1239
1415
1150
541
540
-208
-388
-639
-1469
-1442
-2037
-2476
-2314
-2906
-2651
-2493
-2810
-2330
-2161
-1939
-1643
-1361
-725
-480
-250
325
635
907
1291
1440
1550
1774
1737
1612
1503
1214
859
376
163
-306
-804
-859
-1272
-1549
-1765
-2007
-1774
-2082
-1908
-1350
-1500
-944
-791
-590
-106
-210
384
853
930
1439
1643
1777
1879
1762
1707
1499
1284
1153
1077
775
1013
1234
1090
1644
1788
1888
2456
2418
2719
2756
2461
3219
2762
2311
2999
1915
1593
1465
-180
-425
-1421
-2740
-2378
-3677
-4010
-3412
-4594
-3997
-4125
-4406
-3412
-4017
-3304
-2325
-2510
-886
83
366
2082
2552
3157
3707
3322
3585
2806
1951
1553
349
-727
-1254
-1842
-2610
-3210
-3397
-3877
-4453
-4513
-4953
-5169
-5410
-5275
-4451
-4418
-3337
-2026
-1553
-152
858
1434
2344
2655
3188
3364
2921
3493
3262
2635
2953
2421
1769
1640
1231
754
215
19
-31
-640
-594
-285
-830
-720
-511
-865
-626
-248
224
681
1223
2091
2138
2474
2667
2040
2348
1980
1601
2052
1533
1445
1671
1618
2094
2128
2312
3117
3023
3420
4019
3841
4258
4126
3854
3639
2628
1781
466
-530
-1579
-3499
-3908
-4593
-5221
-4890
-5467
-5120
-4974
-5125
-4174
-4365
-3783
-2508
-2341
-594
627
1039
3212
4169
4422
5499
5390
4848
4169
2991
1985
444
-771
-1616
-2920
-3604
-4093
-4740
-5171
-5625
-5805
-6304
-6391
-5943
-5966
-5230
-4144
-3095
-2040
-842
945
732
1322
2834
1699
2529
3135
2553
2997
2047
2446
1453
125
1313
-823
-992
-180
-2185
-1333
-1428
-1612
-570
-1162
47
248
-370
1119
655
429
1369
1313
1799
2296
2325
2325
2615
2099
1676
1835
916
687
620
457
494
419
1775
2111
2163
4361
4534
4931
6854
6509
6628
6588
5679
4750
2519
1790
87
-2888
-2682
-4809
-6862
-6227
-8163
-8190
-7714
-8432
-6811
-7075
-6248
-3999
-4001
-1087
813
1757
5505
6412
7841
10236
9722
10272
10044
8408
6883
4069
2385
-376
-3476
-4258
-6467
-8110
-8403
-9333
-10067
-10861
-10204
-10070
-10744
-8681
-7446
-6659
-3903
-1220
1831
3870
5558
7990
7509
6368
7081
5387
3221
3209
2080
992
73
-658
-818
-3172
-3808
-3812
-6254
-5817
-5782
-6902
-5352
-4920
-4093
-1986
-844
1358
2852
3742
5442
5618
6071
6963
6733
6461
5986
5429
4417
3141
2451
1247
-10
-1172
-2170
-2046
-2401
-1873
-452
347
2531
4284
5699
8018
8347
9453
10774
9326
8805
8241
5454
3406
2559
-1629
-4151
-4132
-8687
-9662
-9079
-11983
-10475
-9949
-10291
-8213
-9106
-6454
-3555
-3558
1059
3895
4840
8536
10473
11580
13146
13594
13302
11682
9641
6382
3277
603
-3501
-5724
-7960
-10712
-11894
-13846
-14586
-14345
-15229
-13651
-12623
-12725
-9372
-7456
-5580
-742
1690
4624
8747
9118
10455
10991
8090
8502
6402
3608
4217
828
827
532
-4063
-3172
-5655
-8291
-6700
-9678
-9201
-8745
-10119
-6562
-7030
-5856
-836
-794
1969
5507
5789
8048
8623
8839
9829
8113
7972
7783
4883
3771
2658
428
-574
-1725
-2110
-1612
-1775
-593
1556
2313
3323
6131
7158
7634
9985
10338
10993
10961
9807
9999
5191
2942
2710
-4808
-5442
-6359
-12281
-9994
-11192
-13000
-11235
-12596
-9811
-10063
-10380
-4501
-4983
-2644
3441
3760
7144
11073
12548
14541
14900
15561
14337
12034
10264
5373
2557
-121
-4958
-7238
-10837
-13666
-14489
-17306
-17287
-16843
-18132
-15325
-14199
-13944
-9901
-8065
-4803
-157
1674
6320
9575
10034
13138
12826
11238
12238
9891
7584
6581
3709
2529
80
-3311
-3657
-7424
-9832
-8169
-11374
-11654
-9568
-10922
-8303
-6602
-4992
-894
-92
3792
6457
5700
9790
10104
9409
12183
10118
9725
9837
6588
6379
4003
1568
1332
-1792
-1950
-1777
-2810
-640
574
1972
4277
5364
7655
8770
10188
12138
11562
12353
11589
8887
6216
609
-1936
-4722
-10373
-9012
-11669
-15230
-11377
-13481
-14728
-13084
-14332
-12183
-11797
-10289
-5298
-4244
1080
7204
9127
13380
16849
18416
19397
18054
15492
12019
9036
5276
345
-3082
-7781
-11136
-13183
-17221
-18843
-19602
-21082
-20537
-21269
-20246
-17290
-16317
-11709
-6745
-4377
1093
6231
7966
11212
14365
15027
15689
14917
14208
13133
9776
8487
6198
1493
-528
-3918
-6983
-8302
-10818
-11338
-11942
-12914
-11713
-10741
-9779
-6983
-5042
-2773
318
2432
5913
8763
10102
13369
14804
13939
14891
13962
12580
11641
9082
7422
4027
1272
1058
-1793
-1867
375
-45
2041
3758
5701
8745
10171
13416
13675
12462
11486
6948
2920
-2937
-7342
-8688
-12274
-11594
-10397
-11097
-8242
-8192
-9356
-9779
-12144
-10920
-9452
-8739
-5216
-2307
2107
7344
11705
16512
18634
19582
19455
15250
10918
6588
2266
-1255
-6145
-9183
-11171
-14065
-14574
-14659
-15760
-16309
-17855
-19501
-20740
-21298
-19812
-17280
-13649
-8927
-3961
470
5051
9010
12694
15895
16668
17309
16295
13191
11401
8551
5410
3631
986
-760
-3020
-4734
-5171
-8644
-10105
-10237
-13172
-13698
-12812
-12501
-10440
-8082
-4836
-1281
1844
6130
9017
11152
14263
15578
15584
15304
14058
12842
11200
9456
7421
5176
4264
2256
701
1154
1048
1252
2537
4604
6233
8261
12118
13456
12236
11684
8757
3962
-2705
-8117
-9971
-13482
-13381
-10452
-10654
-9124
-7272
-7053
-7506
-10035
-9289
-7502
-8050
-6035
-2499
995
5261
10472
15737
18223
18582
19484
17182
12128
7646
3474
-1081
-6466
-9928
-12359
-15096
-15921
-15792
-16015
-15778
-16489
-17506
-17616
-18095
-17180
-15669
-13782
-10133
-7237
-3318
2247
5347
9460
14192
14877
16287
16491
14024
12941
9616
6749
4506
296
-534
-2198
-4894
-3502
-4740
-7232
-6917
-8748
-10476
-10455
-10178
-8792
-7234
-5597
-3300
-15
2887
5624
9527
12263
13634
14927
14677
13335
12034
10181
9322
7560
5232
5124
4062
3103
2832
2471
3292
2589
2837
6218
7201
9965
15059
15281
13331
10465
6001
-2435
-10454
-12500
-16042
-17490
-12924
-11422
-10547
-8118
-6958
-7046
-8765
-8716
-8593
-9600
-7982
-5856
-2781
4318
10751
16393
22250
24408
23355
21331
17319
10537
4171
-585
-6617
-12046
-14858
-17356
-18298
-17632
-17294
-16622
-16300
-16833
-17204
-18027
-17560
-16081
-15884
-12135
-8341
-6274
1022
4933
8247
14093
13942
16427
16552
13545
14026
8799
6417
4458
-2030
-112
-1695
-4634
-1288
-3506
-4652
-4869
-6624
-5978
-7521
-7751
-6596
-7579
-6384
-4931
-2863
1668
4460
8198
12566
13334
14401
15566
13687
12640
11238
8622
7443
5270
4801
5105
3602
5232
5697
4028
5104
5863
8082
9758
12965
16792
13870
11263
7470
-1760
-10950
-15398
-18202
-20985
-19092
-15171
-14169
-12122
-10149
-9783
-9472
-9425
-8208
-7406
-6415
-4417
-361
5631
12372
18207
24851
28373
27150
25979
22199
15548
8466
2162
-4391
-11826
-17141
-19579
-21937
-22427
-21373
-21181
-20474
-20072
-19866
-18895
-17248
-15680
-14625
-11478
-8243
-6120
-1232
5156
10081
14080
17588
19313
18508
16082
14213
10819
6045
2471
-1255
-4198
-5751
-6869
-6366
-5734
-6874
-5965
-5495
-6517
-5924
-5841
-6518
-6431
-5443
-4053
-2267
972
5475
9125
12102
15245
16738
15927
14728
13535
11361
8723
6752
5768
4370
3833
4843
4204
5152
6192
5606
7753
9842
10604
15326
17319
14759
11539
6117
-3023
-13103
-16188
-20218
-22353
-17656
-16032
-15431
-11567
-11762
-11380
-10109
-9898
-8886
-8519
-5360
-2982
-517
7926
15438
18717
26290
29929
28134
26033
22698
17177
8815
1534
-4076
-12251
-19361
-21965
-24212
-25700
-26224
-25387
-23966
-24380
-22950
-19995
-17321
-15185
-13980
-9459
-5458
-4014
2571
9951
13403
17945
20882
21409
19814
15753
13410
9183
4305
1269
-3580
-6567
-7858
-11712
-11795
-10515
-11773
-10507
-9250
-7669
-6820
-7223
-4394
-2687
-3500
29
3874
5744
9549
13962
16735
17867
18185
18320
17334
14583
12367
10803
8198
5527
4341
4265
3577
3567
5467
4079
4028
7743
9492
12290
18792
18951
15045
11940
4515
-8426
-15646
-17895
-22955
-20873
-17358
-17168
-15357
-13324
-14159
-12887
-12345
-11720
-11153
-8704
-6281
-4715
2814
11298
17202
23707
30948
31488
29668
27783
23790
15418
7889
1894
-7554
-15047
-20387
-24982
-26300
-27254
-28356
-27254
-26383
-25671
-24948
-22377
-17600
-16929
-14175
-7189
-2969
-2090
3561
11978
13271
17217
21432
21580
21391
17171
15701
12574
3417
2124
-1930
-8019
-8255
-13885
-13752
-12088
-14611
-11231
-9358
-8516
-5854
-5412
-1803
-1731
-2022
4143
4375
6757
13989
15639
18199
21945
21371
19911
17571
15574
13193
7817
5661
4393
1230
53
1248
1305
1940
3265
7147
10072
12498
18791
18774
15920
12034
4990
-6455
-13721
-17879
-21705
-19462
-16544
-16044
-12770
-12011
-13984
-12104
-13208
-14206
-14431
-11708
-10635
-8103
-908
7932
14974
22661
29435
30836
30167
27968
24629
16732
9709
3100
-5521
-12643
-18206
-22761
-24136
-25520
-27559
-26370
-26924
-27955
-26435
-23834
-21415
-20486
-16333
-10596
-8808
-3726
5868
10152
14763
20594
22020
22563
21625
18879
16115
11753
7721
2895
-2119
-3820
-8310
-11341
-10416
-12172
-13344
-13185
-13274
-11850
-12181
-9925
-5527
-4578
-570
4223
7025
11869
15221
19050
23276
23902
24027
23858
22000
19340
16943
14203
11249
7930
5970
2700
471
-269
-709
392
3332
7382
12647
15699
16305
15286
9383
1330
-9742
-14100
-19095
-21331
-16126
-14824
-14638
-10202
-11280
-12192
-11272
-13695
-13233
-13431
-13196
-12835
-8456
-661
7581
14594
24258
28524
28989
29254
27170
21930
14590
9617
1452
-7719
-13672
-19129
-22608
-23003
-25219
-25686
-25324
-27358
-27682
-26737
-23832
-22231
-21168
-15914
-11089
-10235
-5142
4587
8607
13590
20058
21413
22481
20293
17817
16945
9013
5778
3666
-3505
-3570
-8557
-10951
-8179
-12717
-12397
-11300
-13518
-12013
-11478
-9249
-6502
-6038
-64
3470
5083
11139
15833
19699
23679
25890
27085
26196
23879
22543
18834
15303
12230
10409
5923
2314
1187
-2430
-1574
798
2568
8757
13648
14229
14361
9578
3127
-8080
-14704
-16976
-21893
-17313
-12714
-14060
-9202
-6563
-10465
-9364
-8834
-10756
-13513
-12411
-12044
-13613
-6833
2754
7060
15181
23936
25366
25247
25364
23135
15851
9702
4869
-4206
-11203
-15701
-18947
-18518
-19358
-20667
-18752
-20181
-22982
-22563
-20402
-19678
-21029
-17051
-11947
-12536
-8242
61
5213
9851
14156
17813
18624
17081
16258
14225
9953
6187
2071
-1805
-3037
-5242
-8018
-5778
-6074
-8674
-7818
-8088
-7898
-7346
-7573
-4573
-3423
-2511
591
3502
7542
9919
13826
19454
20484
21326
24175
23078
21156
19553
16761
14049
12310
9078
6758
4195
1484
1877
644
2255
7434
10729
12404
12633
8506
3046
-8454
-15165
-18467
-22574
-18657
-15342
-13406
-9688
-9129
-9230
-7926
-9868
-9872
-11586
-11312
-12864
-13779
-6539
382
5573
14659
22072
23883
24359
23968
22777
15792
8617
4688
-3980
-13261
-17772
-19437
-19955
-21312
-21279
-18544
-19982
-22562
-20967
-18382
-18118
-18894
-15201
-11079
-10656
-9059
253
6716
7139
14244
17988
15894
16472
15701
14093
9333
4086
1287
-6145
-7364
-7025
-11719
-8042
-7744
-10584
-8115
-8350
-6311
-3918
-3604
75
525
1437
4837
5589
10556
14196
15102
20267
22425
21405
23527
23685
21355
20027
17125
15139
13204
11226
10484
7785
4459
3736
2481
1485
6605
11442
12678
15893
12962
5760
-2672
-16069
-19142
-22827
-25480
-18434
-17811
-14982
-10321
-12362
-10001
-10353
-11961
-10919
-13799
-13876
-15424
-12310
-3121
2107
10982
20547
22747
26265
25957
23792
20367
12249
7646
-870
-11753
-16829
-21408
-23255
-21863
-23271
-22174
-20651
-22252
-21391
-18713
-15275
-14898
-14011
-10397
-9258
-8942
-2838
4366
9766
14230
16688
18643
17632
15663
13427
10572
6127
-196
-5213
-7616
-10059
-11790
-10671
-9347
-10701
-11631
-9417
-8412
-7714
-4320
-1728
-552
1646
4216
6813
10030
13587
16845
19422
20653
20742
21788
21497
19390
19828
17345
14528
14185
14132
12290
10569
9756
6607
4008
5155
4945
8845
14526
13306
14360
8635
-634
-12579
-18147
-21282
-24554
-20624
-17019
-14286
-12126
-11631
-10276
-9329
-10635
-9242
-11864
-11902
-15218
-13535
-5127
1121
7034
16300
22475
22078
21542
21584
19355
10841
6893
1338
-8710
-15649
-19343
-20679
-19755
-20517
-21249
-18777
-20748
-22482
-20263
-15008
-14025
-14916
-10032
-6991
-8642
-5154
2911
8893
11558
13206
16980
16592
11769
10020
9686
5218
-499
-4624
-5390
-7804
-11514
-9676
-7426
-9024
-10891
-10077
-7356
-8407
-7681
-2899
-2034
647
3738
5656
10515
13037
14976
19233
20654
19340
20246
21252
19089
17559
16780
15697
14702
15246
15778
14198
14663
12277
8957
11091
8825
11991
17457
14258
15180
10030
-1136
-13068
-19455
-21835
-27526
-20459
-14976
-17597
-11227
-11526
-14243
-11298
-14276
-13231
-13447
-14891
-15519
-14810
-6194
2378
8832
20250
27393
26303
27708
26028
21420
13750
7851
1663
-9534
-16444
-21303
-24708
-22027
-21815
-23446
-20129
-21319
-23250
-21617
-18293
-14999
-14759
-12010
-6662
-6199
-6426
3669
8988
11328
16415
16525
18740
15190
9453
11840
4521
-1290
-2017
-9128
-7894
-11018
-14212
-7369
-11363
-12788
-9137
-11527
-9124
-8212
-7318
-2960
-3352
1358
4878
4971
12769
14488
15545
20760
20181
20691
21239
18410
18394
16273
13208
14410
15224
14263
14651
16346
14006
12486
13471
12893
14373
19794
18807
15571
13907
2149
-12573
-18188
-23004
-30134
-24315
-18508
-19551
-13676
-12984
-16457
-13609
-14827
-16303
-13803
-13799
-15923
-14778
-5629
762
6546
19907
28700
28102
28622
30850
24515
15485
12664
5615
-8016
-14901
-20557
-26481
-25749
-26929
-27404
-23356
-24546
-25709
-20894
-18253
-15508
-12819
-8221
-3422
-5357
-1809
7970
8796
12555
18493
17751
18432
15827
12769
11862
6322
1939
-2083
-7175
-8908
-12360
-12611
-9776
-11848
-13012
-11964
-12867
-11631
-9625
-7681
-3741
-773
1253
4306
8084
11884
15073
17634
21131
22164
21282
21749
21455
18586
16490
14684
12880
11562
10898
11480
11218
10189
9560
8605
9332
11986
14783
20666
19392
16521
14500
-1067
-10404
-15307
-23392
-22886
-23538
-18781
-15655
-18014
-13580
-14875
-14560
-11419
-16473
-13049
-14077
-20394
-11984
-6162
-641
9100
16633
24831
26494
25687
29033
24536
18487
12516
4537
-4404
-16440
-21436
-21486
-26816
-28483
-25769
-26106
-25936
-26360
-23038
-17255
-16785
-14145
-8830
-6811
-6567
-2502
5348
8920
10984
15085
18041
17898
16053
14633
13036
9127
2363
-2493
-5027
-9543
-12537
-10600
-10666
-12933
-14375
-12796
-11749
-12589
-9460
-5700
-3791
-2556
-768
3109
5071
8414
15109
17731
20941
24165
24337
25191
23993
20726
19011
15782
12774
11919
10455
10144
9448
9392
8457
8053
11379
12313
15976
22111
20330
18654
10944
1667
-6259
-18425
-19984
-24439
-24786
-17055
-19857
-14699
-11855
-17044
-10603
-13688
-17757
-15561
-20040
-17254
-14126
-9674
1858
7767
15146
24910
26051
27550
27677
26012
21400
11402
5954
-4514
-14557
-17516
-24195
-26554
-24802
-28112
-25547
-24093
-24708
-19205
-16554
-14426
-11560
-10605
-7810
-7716
-4523
2343
3482
8431
15162
16679
17997
18374
19371
15757
7963
5341
-628
-6797
-8121
-9378
-9888
-10910
-12120
-10463
-10183
-11646
-9093
-5574
-4763
-4939
-3147
-775
-1076
811
8161
10632
12987
20816
23406
24286
24544
23880
22439
17457
15965
16473
11735
10935
11031
9168
9397
7550
9529
11888
13003
16633
20436
18015
14343
10774
1862
-10116
-15942
-23358
-28663
-21985
-23348
-20865
-14065
-15131
-13496
-12503
-15711
-15785
-17842
-17711
-15823
-13909
-7920
-2083
6721
14911
21154
23995
26009
26631
21781
14564
9488
374
-8585
-12466
-20400
-22788
-21226
-24507
-22778
-18923
-21192
-18799
-16171
-14298
-12046
-13566
-10769
-7064
-9293
-5336
1930
5370
12459
15501
18476
20998
17449
16329
13810
7060
3009
-3400
-5681
-6199
-12056
-9681
-7366
-10590
-8045
-7873
-8780
-4351
-5238
-4177
-1267
-2748
-1688
82
2031
6342
8907
13787
19595
20826
22359
22833
21755
20225
17613
17053
15925
12264
11947
11529
8186
8972
7153
7286
10215
9970
13354
17282
18100
14546
13143
3326
-9300
-14355
-22632
-25946
-22087
-21607
-16571
-13438
-13386
-12442
-15526
-14554
-17180
-17566
-16444
-17250
-14240
-7940
-1689
8087
16165
22189
28141
27167
26336
22406
15479
8653
1467
-6889
-14090
-20494
-22613
-22474
-22597
-20516
-19349
-18396
-18764
-18075
-14831
-14256
-13616
-10002
-9338
-9879
-6937
-2384
4464
10999
16705
20900
21156
19798
15317
12028
8126
1764
-1613
-4263
-8250
-9499
-8915
-7524
-6977
-6580
-6518
-6325
-5535
-6629
-4528
-2797
-3195
-1548
236
1714
5605
9676
14989
19122
21225
21779
21322
20360
16580
15600
14605
13591
12225
10772
11227
9157
7928
8659
7454
8782
9018
12003
17520
15445
14735
11697
2128
-8989
-16290
-22526
-24785
-22161
-20618
-16682
-14033
-16236
-15349
-14765
-17828
-17337
-17197
-17564
-17819
-15481
-9871
-1155
7895
16222
24295
27557
27426
25624
21163
14720
8325
484
-7360
-13310
-19082
-21566
-20492
-18825
-18043
-16580
-16490
-15282
-14848
-14707
-11894
-12152
-12178
-11587
-12835
-8286
-5544
-67
11590
14693
19061
22444
18975
19343
12935
7074
6638
-1907
-3932
-6049
-9389
-7105
-9109
-7192
-3765
-6714
-4715
-3823
-4913
-2647
-3872
-1538
-921
-1066
3045
5797
9473
15147
18175
21387
22697
21109
20116
17282
15297
13666
11617
10378
11115
10094
9074
10682
9943
9172
10889
10735
12517
14929
14105
14267
10158
2448
-5473
-14120
-20291
-23036
-22209
-19407
-16611
-14285
-13160
-13885
-14774
-16214
-16155
-15781
-15963
-14245
-13154
-10176
-3113
4330
12332
21072
23777
24747
25087
20918
14744
8256
1975
-4537
-11539
-18425
-20545
-20491
-20811
-19052
-15539
-15267
-15193
-13271
-12267
-10779
-11299
-12897
-10989
-11692
-13252
-7291
-599
4936
11508
16389
18661
18661
15962
12076
8850
4289
-2264
-5112
-7002
-10246
-10263
-8380
-6756
-6646
-6453
-5251
-3372
-3249
-3550
-1313
-43
-1356
18
2353
3468
7694
12152
17011
19710
19834
20549
19562
18597
16623
13356
14669
12490
8895
9230
6474
5699
6747
5594
8407
8211
8741
12580
14775
18493
16772
13930
10229
-1002
-12362
-17455
-24636
-23977
-22535
-19033
-15055
-16485
-15148
-15048
-18153
-16781
-16567
-16374
-13708
-16127
-10615
-6067
1388
10574
18369
25525
27502
25608
24377
18549
11416
7818
-1946
-7289
-13277
-20817
-20776
-18643
-18653
-15304
-13317
-13773
-13220
-15617
-14715
-12653
-14006
-14985
-12981
-12834
-9997
-4301
3276
11969
15470
17548
19384
16685
12209
9224
7026
4169
-1280
-3719
-5644
-8217
-7479
-6097
-3917
-2370
-2594
-2036
-1341
-1702
-763
-1572
-285
-147
-1973
1263
4602
7918
14431
18072
20523
22640
20185
19384
19316
17419
14996
13242
11597
8355
5104
4806
5613
5403
5141
6961
8100
8707
12149
15616
18976
16575
10969
6300
-5119
-17916
-21417
-23968
-26537
-23423
-20961
-20207
-19916
-19466
-17993
-17811
-18861
-17081
-15785
-16106
-15604
-9501
55
6334
14559
23042
26032
25102
24287
23399
18729
10587
5575
1182
-7750
-15402
-18470
-17101
-16191
-17852
-15309
-12056
-15210
-17349
-15402
-13872
-14439
-17544
-14084
-10934
-15572
-10850
-2250
2786
8558
10056
15020
17832
13718
14018
12230
10002
6056
-1768
769
-1748
-7501
-2971
-2524
-2016
-1355
-4656
-822
-17
-3541
-1737
-2794
-3714
-4887
-6363
-1095
3648
6426
13224
18846
20639
21384
21466
22296
21937
18681
16057
14571
10853
6560
5189
5576
4932
4427
3804
6762
7270
8392
14883
17930
19685
16740
11564
5314
-7802
-19307
-23682
-29425
-31911
-29470
-26318
-23525
-20632
-16454
-14502
-13356
-13094
-13101
-12057
-11966
-12455
-7001
-351
5286
13766
21975
27234
28023
29067
29008
21869
14651
9317
1228
-6476
-12822
-18024
-17714
-18128
-20320
-15950
-13329
-16550
-15354
-12416
-13398
-15740
-17437
-14813
-14542
-17623
-12668
-5895
-2012
3616
8603
14310
17577
15902
17753
16851
11843
8090
3532
1955
-1478
-5478
-2417
-1870
-3260
-1775
-2451
-1485
-1725
-4569
-4277
-5460
-7497
-8053
-7380
-3380
1178
5706
13905
20134
21889
24798
25506
24564
22460
18540
15284
12214
7380
4573
3848
3053
4258
5188
5833
5793
7203
8021
10709
12295
14323
16385
10544
5503
1019
-12644
-23391
-24331
-30715
-31521
-26339
-23473
-19850
-17373
-16059
-14503
-14931
-14016
-12155
-11111
-9497
-10064
-4035
1807
5850
15138
23909
26777
27978
28284
26111
20487
14073
10495
2684
-5038
-11295
-16189
-17160
-19126
-19591
-15488
-14794
-17215
-16985
-16484
-16298
-18279
-19094
-16574
-16700
-18240
-14131
-7689
-1917
5242
11356
17289
21038
18865
19329
20077
15830
12458
8148
5571
1918
-4099
-2612
-1658
-3861
-1784
-3161
-4286
-3542
-8275
-9134
-9222
-11842
-11947
-10877
-6427
229
5804
13712
21810
25017
26256
26353
25135
22964
18385
13665
12077
8108
3587
3674
4780
5962
6284
6792
8021
6524
4975
5709
5891
6601
7339
5973
2973
1937
-8158
-18983
-19180
-26143
-28989
-23319
-21266
-16236
-13312
-13914
-10321
-10865
-10342
-6997
-4467
-2294
-4052
-1611
4263
8087
13953
21685
27535
29365
26526
25545
21149
13849
10698
3381
-4293
-10259
-19133
-22214
-20509
-23155
-20883
-16495
-17963
-19054
-19435
-19679
-19479
-20383
-19661
-16740
-17275
-15566
-8247
-1298
6265
13620
18866
23601
23620
20730
20249
18382
13074
7283
4679
1498
-4843
-5116
-3051
-4737
-4372
-6305
-8161
-7923
-11773
-12960
-10455
-10722
-11020
-8760
-3428
2552
8233
17636
24938
27360
28953
26341
22953
20803
14721
10902
9953
5215
1451
1307
140
1640
3454
3490
3917
2237
-73
-1626
-1617
-1343
-227
2360
4901
5629
2594
-385
-4278
-13717
-16844
-19908
-23215
-17951
-15562
-12246
-8970
-9346
-6184
-5229
-5535
-2108
-1420
-282
896
2073
6178
10125
16292
22806
25378
25354
22598
19782
14987
8305
4684
-1007
-8681
-13792
-19642
-23089
-22691
-22990
-21731
-19530
-21447
-22893
-21110
-20250
-18705
-17462
-14655
-11543
-10841
-7883
-1111
6709
13690
18776
24039
26833
23133
21926
20259
14959
9900
3456
-497
-4495
-11027
-11012
-8898
-10544
-9917
-9289
-9183
-7754
-7192
-5564
-3521
-1994
-427
1167
5509
10328
14195
19085
22868
23566
22138
19236
17041
15245
10863
7512
5704
2408
-2020
-3811
-3240
-4118
-3198
-2692
-2384
-1318
-3425
-2454
-141
377
2807
5538
8766
8700
6652
6472
1344
-6332
-11311
-12602
-13455
-14524
-9986
-6735
-7419
-6511
-6012
-5691
-5404
-3835
291
692
-108
2041
4301
7917
11473
15192
19346
17857
15705
14170
9068
4938
844
-3049
-7486
-14372
-18446
-19262
-19399
-19268
-18776
-15966
-15721
-19763
-18773
-16841
-17926
-16781
-13851
-10402
-9432
-7884
61
7868
11911
16138
20642
23056
19141
15188
15801
10887
4914
2629
-2213
-6156
-9573
-11533
-8085
-6986
-7358
-3501
-1711
-1644
-251
685
650
93
-267
-1227
-414
1846
5465
10592
14019
17118
18781
16444
15565
13515
8942
6701
3202
-72
-3008
-6189
-5218
-6084
-6660
-4356
-3807
-2774
-2289
-366
1856
3092
5083
8394
11280
12647
12255
12034
9739
1271
-3627
-6055
-10337
-8941
-5807
-2864
-1888
-3886
-2285
-4209
-7399
-5105
-4304
-4056
-4578
-5729
-2351
-353
2178
8553
12404
13237
11798
10620
10500
4987
2521
2868
-1373
-5093
-9330
-11826
-10350
-12013
-14555
-11978
-13799
-19730
-21219
-20634
-20817
-21572
-18519
-13448
-11518
-10390
-5623
1257
6060
8496
11421
16471
14966
11597
14151
13639
11201
10380
9398
8687
5228
2341
4859
4253
2209
1417
-925
-2011
-4884
-7114
-6526
-7531
-8423
-8003
-7208
-4614
-2515
2069
8871
10938
12729
14049
12397
11487
8035
4414
4070
1176
-2604
-2487
-2788
-4023
-3318
-807
202
479
2289
4007
4035
4711
6153
7259
10740
12473
16234
16255
14767
12229
2562
-1082
-4584
-9532
-7902
-6483
-7630
-8375
-9801
-9157
-11038
-11722
-8345
-7756
-8779
-10335
-10193
-6576
-6052
-2457
5900
7826
9265
11511
15128
14486
11870
14731
12857
7245
1828
-3586
-6188
-9718
-15941
-16425
-16821
-22919
-25836
-24361
-22932
-23327
-22370
-17679
-14985
-16069
-13995
-7969
-2487
1761
6169
13338
18954
18620
21651
26523
27628
25952
23236
22392
17248
8567
4776
1477
-3628
-7666
-11834
-11749
-12138
-14149
-12921
-11329
-10011
-11108
-11325
-8762
-6931
-4798
-314
4571
8210
10491
12146
14025
14162
13137
10767
9045
7946
3613
1304
38
-2277
-2409
-2832
-2491
1023
1286
3662
7717
7420
9983
9273
11903
16476
16936
17951
15387
14868
8966
-79
-1755
-4681
-7596
-6809
-6837
-6501
-10038
-12991
-11230
-13675
-16091
-16006
-15576
-13774
-14507
-12314
-5165
-981
5817
12392
16468
19356
19242
19452
19038
15378
10409
7187
3171
-3020
-9787
-12277
-13227
-19283
-22772
-22764
-26321
-29827
-29550
-27947
-27443
-27475
-25265
-18677
-14689
-10868
-725
9531
16766
21498
27478
32268
31804
30843
30808
28284
22126
15047
10049
4739
-2192
-6840
-8473
-10671
-13735
-15442
-16235
-15782
-16442
-17852
-16586
-16166
-16521
-15688
-12152
-7143
-2088
3932
10756
17043
19978
20306
21380
21467
16952
12988
9805
5591
1555
-2250
-3867
-2581
-2814
-1284
3407
5574
7781
8151
10018
9777
7329
8747
9576
12499
15515
13682
13264
12848
7408
1904
81
-2065
-5906
-7630
-9113
-12691
-16891
-18049
-16539
-15778
-16175
-13606
-9387
-8747
-6973
-2966
671
5082
8286
11506
14223
14320
14177
16028
14785
11937
8844
5250
1652
-5135
-10686
-14114
-18133
-23257
-26860
-26935
-28480
-29538
-27165
-24574
-22019
-18937
-13975
-6938
-1269
4813
12983
19630
24060
25721
27706
30236
26606
22963
20734
14645
8353
2993
-1772
-5615
-10321
-13401
-13676
-16261
-18939
-18802
-18201
-17623
-17295
-15979
-13734
-12391
-10249
-6034
-1689
3484
8825
14411
19289
20872
22146
22007
19853
16532
11158
6929
3577
-706
-2573
-2543
-1094
539
1342
4160
5713
4864
5067
6389
5719
4148
5653
8265
11052
13932
17630
21282
20666
16100
11499
6894
-2142
-7749
-10280
-14927
-16615
-17234
-17447
-16261
-16236
-14176
-11968
-11575
-10444
-10450
-9724
-8713
-6640
-2667
846
5282
10970
14443
17792
18944
18454
18356
14512
9115
3970
-2645
-9431
-14662
-19304
-21854
-24241
-25580
-22684
-21199
-20152
-16170
-11570
-8384
-5784
-1793
520
2716
4962
7651
11520
13090
15935
17896
17517
16564
13690
10816
7883
2484
-1112
-5081
-10913
-12928
-15886
-15960
-14493
-14470
-10765
-9185
-8412
-5241
-5108
-4433
-2611
-2912
-1282
348
2558
6316
10254
14537
16962
17716
16450
14016
10334
5705
2158
-633
-2352
-2632
-651
1186
2776
5625
8149
8344
7793
7432
6503
5878
5105
6403
8902
10828
14531
17574
19897
19773
15844
14120
6653
-1975
-8006
-13957
-18496
-21189
-21888
-20669
-20655
-19862
-16800
-17027
-15581
-13852
-12140
-10384
-9041
-5851
-1015
3101
9650
15295
19986
23287
23684
24630
23022
17267
12569
7125
-425
-7512
-14294
-17354
-19975
-23990
-23410
-21339
-21272
-19997
-16004
-10909
-8707
-7297
-3909
-950
-2147
-3543
721
3740
4950
7597
11894
15015
13319
12545
14265
10279
6547
4402
-555
-3664
-9260
-11705
-10219
-11389
-9400
-7236
-6784
-3183
-2864
-3295
-686
-1153
-935
-1463
-1999
352
1012
3469
8458
9839
10259
11715
10838
9764
7470
5280
4212
2132
492
-307
246
1230
1966
3760
6367
6546
7121
9207
10556
11813
11593
12076
13369
11899
11301
12355
12132
11755
8277
6270
467
-8706
-11821
-17008
-21298
-23172
-24446
-22933
-23147
-22864
-18972
-17998
-14352
-7896
-5375
-979
3243
6546
11467
14334
17541
20674
20895
21881
20004
17329
16092
11347
7989
4166
-2482
-7761
-13179
-17322
-19851
-24901
-25589
-23839
-25091
-22928
-20288
-16658
-12101
-9200
-4682
-1032
-526
1095
4586
5513
7454
10733
13532
15513
15275
15340
14509
11406
8997
6386
1572
-1626
-4366
-6125
-6708
-8141
-7615
-7059
-8133
-6785
-5836
-5625
-3887
-4143
-3215
-2136
-2109
707
2470
4474
6874
6828
7694
8121
7144
7373
7209
6081
5518
4002
2713
2339
2010
2955
4081
4660
6305
6434
7192
8192
7357
8417
8304
7460
6622
4903
4471
3709
3797
4999
5268
6125
4327
2435
-2374
-8516
-13330
-18291
-20354
-21545
-20803
-17959
-14762
-11344
-7901
-5127
-759
3763
6192
8504
9549
9319
10014
10364
12326
13826
14297
15698
14542
11419
8157
4326
806
-3168
-9283
-14357
-18391
-22992
-25497
-25602
-22442
-20300
-17972
-12807
-9919
-8090
-4999
-1292
1670
2124
3078
5553
6350
6890
9263
12313
14099
14630
14805
14800
12590
8781
6081
2199
-3445
-7418
-10737
-13279
-13876
-14158
-12989
-9978
-6886
-5747
-4033
-1901
-1204
-2165
-2293
-1702
-1770
-851
260
3065
5492
6919
9790
11917
11638
10344
8742
6131
2855
-85
-2603
-3630
-3906
-4403
-3123
-1043
232
2846
4850
5884
6963
6595
7035
6950
7018
6897
6579
7929
7549
7387
9054
8677
9574
9331
6760
4735
-646
-4995
-8884
-15065
-14368
-13874
-14002
-8407
-7075
-4769
-1522
-2433
499
728
-782
2962
1891
654
2632
2547
4314
6947
8374
10454
9490
7979
7693
3985
1167
-1208
-3895
-6589
-11638
-13563
-14326
-16668
-15885
-14054
-13300
-11199
-10616
-7088
-3316
-2477
2585
6355
7859
9435
9972
11508
9417
7371
6787
3475
2343
537
-614
-189
-2575
-3189
-4765
-6925
-7684
-10178
-10067
-9315
-9535
-8522
-8162
-5490
-2694
-2667
205
3201
2856
3898
5555
5845
5591
5153
5240
3902
1461
-128
-1197
-2328
-3870
-4311
-4505
-4762
-3902
-2680
-1378
1271
3444
4591
5656
5735
6159
6643
7640
8967
9552
10355
11054
10945
10442
10388
11108
9954
8628
8440
6383
4652
5298
5109
4414
2318
-857
-4011
-8524
-12627
-15099
-14890
-14339
-13863
-12551
-10751
-9677
-8456
-4753
-633
1144
2835
5047
5927
5380
5790
7858
9735
11293
11775
12385
11575
9269
7598
5935
2025
-3080
-6892
-10671
-15162
-17654
-17989
-17019
-15604
-14246
-10941
-7460
-4895
-2216
794
2475
2708
2616
2785
2974
2920
4067
4705
4150
3995
1981
2114
2067
-823
-1065
-3629
-6094
-7453
-11539
-11355
-9829
-9413
-5592
-3304
-2017
124
266
1814
1672
-395
-202
-2223
-3626
-3392
-4213
-1969
1281
3233
5120
5740
6868
7186
6000
5518
4372
2446
1427
562
661
1719
2851
5359
7194
7531
7139
7408
7178
5753
4806
3833
4013
4676
4997
6757
8435
8955
9011
8917
9416
8385
6283
5964
5129
3275
495
-1706
-4597
-8820
-11891
-13336
-15038
-16273
-14404
-13435
-12538
-11394
-9864
-7113
-4192
570
4877
7343
10612
12671
12966
13568
13495
13025
12072
10193
8266
5837
2274
600
-1162
-3637
-5599
-8383
-10050
-12310
-14633
-15414
-15659
-15500
-14771
-13833
-12158
-9901
-8043
-4371
-1135
203
2472
4272
5750
5960
4809
4842
3219
618
381
-791
-1148
-83
105
422
-1371
-2305
-3954
-7993
-9070
-10105
-11635
-10702
-9578
-7664
-5314
-2446
2426
4014
4644
7384
6398
5369
6565
6547
7500
8632
9434
10631
10572
10517
10656
9110
7098
3683
-1133
-4296
-7011
-9208
-8884
-7400
-5092
-2237
66
2806
5430
6934
8251
8667
7742
6812
5823
5049
4961
5327
6251
7139
7383
8875
9238
8466
9197
8085
5926
4898
2646
-588
-4256
-8096
-10160
-12333
-12364
-10413
-9100
-5678
-3332
-2653
-687
-1293
-2268
-1168
-1000
-572
-1393
-1397
1616
1879
3053
7248
9151
10776
10899
9898
9680
5293
1446
-319
-4973
-9157
-12649
-14556
-15036
-17158
-16678
-13516
-12912
-12341
-10357
-7893
-6038
-6040
-4160
-1791
-1905
-1760
243
2276
3263
4550
7038
8856
8729
7005
6236
4938
1119
-532
-1512
-2996
-4100
-5535
-5245
-5830
-7499
-5710
-4057
-3683
-1779
-2
1714
3194
4219
6123
6377
5730
6869
5730
4529
4805
3914
3912
3471
2130
1334
353
-146
-814
-2324
-2755
-3300
-5171
-5647
-5966
-5957
-4303
-2246
416
2641
4163
6164
7232
7508
8226
7020
5941
5566
3850
2673
1806
1972
2661
973
1413
3206
2393
2625
4060
4399
3792
3174
3538
3235
1608
267
-537
-2876
-5414
-6991
-6799
-6812
-7696
-5557
-4711
-5728
-5615
-6175
-5870
-5637
-5503
-3126
-2678
-2525
686
2321
3291
6191
7433
8260
8803
8612
8491
6239
5236
4860
1926
-910
-2461
-4511
-6507
-8122
-9410
-10236
-11334
-12107
-12034
-11208
-9991
-7881
-4610
-2028
137
2446
4825
7707
9624
11520
13437
13544
13016
11845
9597
8440
6397
4405
2978
-95
-2288
-4301
-6036
-7270
-8890
-9655
-9447
-10397
-10490
-8732
-7718
-5571
-2754
300
2769
4504
7463
9822
10448
11499
11814
10719
9177
6612
4283
1607
-1034
-2876
-5217
-7433
-9022
-10570
-11624
-12449
-13119
-12313
-11248
-10519
-8471
-5976
-3091
-118
2968
6480
8802
10178
11558
12129
11189
10571
9821
8379
6749
5151
3604
1470
89
-548
-1334
-1596
-1462
-1422
-1348
-1379
-1265
-968
-593
-584
-943
-1735
-2558
-2795
-2462
-1504
-794
78
928
877
755
831
1044
651
701
932
255
-284
170
1588
2515
3779
5178
5411
5411
5092
4480
3887
2471
1299
-38
-2160
-4008
-5178
-5858
-6151
-6678
-6295
-5353
-5062
-3244
-1446
107
1889
3313
4788
5367
5291
5627
5685
4650
4042
3476
2758
2077
978
686
-401
-1595
-1410
-2552
-3192
-2760
-3430
-3516
-3621
-4235
-4361
-4774
-4300
-3546
-4037
-2961
-2431
-3727
-3793
-4267
-4856
-5068
-5511
-4817
-4629
-4834
-3305
-2718
-2494
-985
-1126
-1455
-2002
-3209
-3980
-5479
-5972
-5494
-5997
-5596
-3872
-3454
-2768
-590
500
959
1885
1811
1664
1836
1478
1499
1609
1663
2413
2983
3808
5319
5828
6802
8064
7584
7444
7695
6713
6113
5566
4412
3605
2811
2619
3356
3610
3989
4786
4497
3799
3283
2084
1573
972
174
627
8
-722
-231
-201
74
381
604
1503
1263
950
1732
2510
3792
5064
6362
7924
8037
7875
8284
7577
6084
4640
2985
1331
-793
-2160
-2759
-4144
-4862
-5353
-6045
-6286
-6991
-7265
-6845
-7045
-6802
-5864
-5310
-4387
-3391
-2315
-884
-577
-30
779
426
452
232
-384
-334
-1307
-2262
-2810
-3875
-4590
-5772
-6677
-6827
-8118
-8922
-8372
-8411
-8470
-7496
-6384
-5504
-4725
-3370
-1605
-724
383
1711
2036
1767
1510
972
334
-326
-621
-623
-982
-802
-574
-293
-95
-297
-67
-326
-1301
-2029
-2883
-3940
-4669
-4690
-4501
-4316
-3518
-2192
-1012
384
1872
3112
4004
4526
5683
6110
6507
7595
8074
8771
8909
9317
9857
9373
9309
8826
7804
6800
5510
4617
4020
3790
3839
4200
4607
5129
5714
6103
6468
6108
5644
5125
4088
3445
2782
2503
2341
1801
1626
1129
724
309
-184
-392
-844
-1377
-1606
-1877
-2072
-2009
-1332
-399
358
1140
2017
2423
2878
3338
2965
2542
2048
418
-1515
-3043
-5014
-6751
-8126
-9150
-9658
-9889
-9295
-7955
-6547
-4907
-3174
-1761
-628
-292
12
-170
-1080
-1399
-1959
-2928
-3117
-2864
-2706
-2719
-2737
-2554
-3183
-4175
-4794
-5784
-6931
-7622
-8024
-8280
-8264
-7731
-6633
-5561
-4846
-3578
-2202
-1687
-981
-371
-710
-1350
-2059
-2628
-3221
-4032
-4263
-4002
-3705
-3016
-2254
-1056
213
823
1635
2213
2022
1753
1506
1044
869
890
1081
1760
2355
2943
3520
3916
4230
4148
3946
3964
3959
3704
3847
4337
4778
5174
6004
7264
7679
7919
8239
7942
7369
6736
6062
5590
5003
4525
4362
4147
4202
4706
5264
5542
5919
6155
6196
6189
6039
5843
5596
5508
5338
4464
3770
3234
1857
561
-438
-2079
-3664
-4810
-6190
-7186
-7445
-7240
-6459
-5445
-3885
-2145
-940
279
1597
2657
3253
3835
3751
3310
2844
1874
754
-199
-1299
-2734
-3699
-4767
-6152
-7191
-8146
-9016
-9553
-10417
-11067
-11208
-11847
-11768
-11069
-10425
-9490
-8273
-6155
-4252
-2767
-421
1444
2409
3309
3820
4030
3624
2817
2362
1240
-353
-1139
-2255
-3501
-4113
-4708
-5103
-5668
-6067
-5444
-5227
-4991
-3578
-2558
-1616
-556
296
1330
1611
1733
2445
2375
2302
2561
2456
3060
3367
3530
4495
5017
4855
4697
4422
3622
2596
1513
728
275
-356
-503
369
951
1623
3281
4768
5881
6620
7200
7551
6968
6108
5615
4756
3804
3056
2791
2924
2818
3231
4009
4379
4421
4481
4515
4055
3143
2480
1760
1003
530
247
522
785
1225
2167
2738
3167
3598
3705
3878
3565
3077
2739
2038
1693
1343
649
691
655
-16
-327
-568
-1119
-2072
-2903
-3438
-4419
-5575
-6294
-6733
-7279
-7686
-7295
-6822
-6472
-6085
-5568
-5067
-4684
-4242
-3470
-2683
-2757
-2680
-2005
-1776
-1877
-1605
-1346
-1454
-1916
-2275
-2726
-3295
-3946
-4364
-4601
-5178
-5644
-5761
-5948
-6106
-5972
-5757
-5632
-5370
-4816
-4363
-3738
-2725
-1615
-791
-42
935
1676
2234
3129
4041
4675
5072
5635
6084
5958
5857
5541
4828
3901
2886
1811
719
-393
-894
-1094
-1187
-944
-475
487
1180
1614
2363
2914
2571
2204
2095
1313
608
452
356
189
193
676
1101
1310
1877
2365
2264
2408
2887
2898
3170
3702
3841
3988
4017
4034
3713
3119
2795
1985
1010
353
-516
-1292
-1563
-1643
-1476
-1035
-529
238
879
1485
2352
2642
2818
2987
2510
2084
1521
580
-290
-974
-1447
-1909
-2155
-2115
-2249
-2436
-2241
-2214
-2495
-2367
-2297
-2341
-1981
-1463
-948
-126
853
1464
2174
2969
3193
3137
2833
2227
1601
890
-14
-662
-889
-1380
-1791
-1924
-2185
-2453
-2532
-2340
-2356
-2424
-2032
-1665
-1422
-1036
-559
15
374
839
1329
1614
1721
1818
1675
1327
1224
898
331
-173
-709
-1395
-2014
-2563
-3096
-3912
-4763
-5201
-5544
-5658
-5471
-5181
-4672
-4157
-3535
-2891
-2411
-1581
-791
-304
354
1023
1537
2228
2946
3682
4455
5216
5672
5742
5831
5536
4901
4178
3278
2225
1080
110
-724
-1639
-2341
-2816
-3177
-3392
-3224
-2822
-2464
-1692
-794
-32
853
1535
2116
2740
2998
3050
3037
2735
2258
1589
995
535
-286
-1034
-1369
-1796
-2555
-2985
-2945
-3310
-3688
-3470
-3320
-3397
-3110
-2377
-1677
-1023
55
1110
1874
2421
2892
3211
3140
2910
2811
2401
1877
1784
1484
1311
1545
1601
1784
2032
2101
2166
2140
1990
1537
999
589
143
-325
-494
-693
-816
-683
-724
-509
-264
-305
-237
-66
168
410
713
1178
1594
2143
2666
2810
2846
2588
2033
1351
332
-569
-1490
-2300
-2440
-2679
-2540
-1998
-1687
-1220
-797
-658
-513
-957
-1560
-1955
-2934
-3322
-3548
-3690
-2885
-2317
-1671
-586
-75
600
838
514
570
-12
-736
-1017
-1381
-1407
-1234
-866
32
632
1067
1665
1913
1671
1056
329
-575
-1996
-3046
-3673
-4551
-5012
-4527
-3730
-2746
-1425
165
1823
2853
3788
4500
4397
3949
3682
3001
2131
1666
1181
971
831
632
710
496
-95
-452
-1044
-2035
-2826
-3423
-3762
-3700
-3379
-2610
-1489
-435
701
1734
2187
2540
2682
2234
1731
1299
736
272
-164
-303
-341
-480
-320
-372
-828
-1311
-1907
-2750
-3509
-4328
-4649
-4527
-4493
-3967
-2827
-1974
-1168
17
940
1558
1858
2006
1776
1104
149
-604
-1052
-1493
-1511
-1303
-1012
-554
115
755
1143
1330
1470
1500
1150
619
12
-502
-845
-851
-714
-373
301
936
1739
2658
3414
4064
4372
4392
4250
3606
2882
2254
1756
1602
1458
1886
2509
3014
3870
4523
4935
5176
5169
4979
4577
4047
3525
3073
2662
2490
2622
2975
3395
3820
4202
4440
4259
3997
3605
2679
1937
1279
374
-267
-939
-1477
-1736
-2173
-2199
-2012
-2034
-1910
-1845
-1686
-1559
-1591
-1133
-949
-912
-544
-351
-252
-258
-410
-557
-1191
-2104
-2700
-3685
-4646
-5055
-5412
-5587
-5383
-5023
-4719
-4549
-4468
-4489
-4698
-5106
-5530
-5785
-5956
-6059
-5786
-5151
-4565
-3699
-2725
-1997
-1524
-1334
-1212
-1377
-1841
-2164
-2454
-2777
-3144
-3452
-3680
-3923
-4133
-4191
-4278
-4234
-3987
-3790
-3458
-3080
-2539
-1715
-1005
-284
495
1127
1680
2199
2782
3252
3468
3713
4075
4071
3839
3836
3792
3336
2966
2744
2318
1998
2074
2300
2284
2567
3229
3632
3881
4451
4838
4785
4815
4874
4707
4334
4360
4479
4353
4492
4855
5022
5151
5420
5517
5433
5291
5113
4778
4413
4150
3855
3599
3460
3161
2948
2837
2636
2452
2304
1977
1589
1241
864
485
-23
-239
-249
-429
-360
70
116
122
219
102
-51
-341
-634
-874
-1301
-1632
-1702
-1814
-1867
-1780
-1792
-1940
-2133
-2491
-2861
-3454
-4040
-4422
-5043
-5259
-5350
-5438
-5033
-4756
-4401
-3975
-3638
-3311
-3326
-3328
-3313
-3690
-4036
-3993
-4140
-4326
-4159
-3940
-3657
-3625
-3553
-3381
-3680
-3890
-3881
-4035
-4133
-4054
-3665
-3328
-2946
-2168
-1462
-894
-271
219
416
596
661
435
204
173
32
-112
74
339
557
920
1436
1835
2023
2201
2287
2195
2176
2038
1839
1807
1786
1778
1933
2164
2463
2795
3189
3595
3661
3740
3902
3805
3600
3596
3592
3344
3172
3222
3159
3084
3282
3433
3390
3320
3346
3168
2628
2221
1895
1168
660
436
38
-158
-120
225
593
768
1261
1668
1695
1757
1784
1597
1214
863
689
340
19
-34
-191
-397
-542
-671
-1070
-1423
-1595
-2006
-2316
-2471
-2803
-2879
-2895
-2856
-2621
-2433
-2020
-1481
-982
-515
-29
341
579
766
722
496
200
-159
-576
-1131
-1643
-1997
-2367
-2822
-2887
-2963
-3208
-3187
-3103
-3059
-2983
-2707
-2446
-2245
-1942
-1620
-1319
-1065
-808
-621
-544
-380
-291
-322
-289
-252
-329
-391
-393
-428
-560
-627
-567
-760
-823
-750
-595
-299
-78
396
928
1192
1577
1988
2247
2352
2290
2288
2058
1607
1418
1053
717
471
118
17
-102
-333
-280
-174
-189
-13
245
512
511
558
728
618
443
473
454
440
489
559
752
755
867
1021
1017
1107
912
721
636
205
-237
-445
-666
-953
-1169
-1135
-1087
-1238
-995
-753
-757
-476
-262
-157
64
257
385
442
422
301
139
-145
-468
-721
-1020
-1203
-1312
-1293
-1230
-1212
-1035
-813
-605
-289
71
405
683
1094
1490
1680
1962
2276
2226
2182
2166
1912
1544
1008
664
182
-592
-989
-1206
-1514
-1715
-1568
-1224
-1123
-847
-252
78
309
674
1031
1212
1164
1360
1501
1258
1257
1324
1091
849
728
570
173
-181
-237
-465
-893
-1009
-915
-978
-1057
-778
-331
-145
105
623
878
956
1155
1289
1278
1070
915
954
705
397
464
265
-21
-5
-85
-185
-397
-430
-344
-661
-724
-526
-619
-705
-523
-379
-279
-153
74
356
267
225
379
230
-89
-19
13
-364
-396
-212
-327
-395
-328
-253
-211
-486
-488
-517
-940
-940
-1019
-1232
-1160
-1276
-1188
-1041
-1070
-589
-524
-544
-25
-46
57
412
444
754
912
1090
1536
1511
1627
1849
1587
1576
1357
1030
777
182
-52
-421
-971
-1158
-1440
-1553
-1482
-1547
-1413
-1166
-1003
-883
-548
-309
-294
-98
167
218
151
270
545
552
541
702
625
521
355
165
-29
-304
-543
-600
-714
-882
-770
-666
-567
-589
-587
-423
-613
-882
-725
-685
-902
-753
-337
-311
-266
19
164
84
104
286
260
5
67
287
80
86
456
655
723
966
1382
1444
1358
1525
1519
1277
1127
947
787
585
350
316
218
7
22
107
-20
78
193
160
206
225
268
353
449
626
620
737
1008
1107
1224
1476
1672
1649
1688
1922
1757
1340
1287
956
351
121
-22
-426
-608
-431
-350
-419
-212
153
162
85
289
160
-152
-156
-369
-636
-781
-919
-885
-1074
-1031
-757
-976
-935
-767
-1062
-1075
-966
-1190
-1431
-1427
-1271
-1524
-1746
-1263
-1250
-1722
-1344
-1101
-1503
-1580
-1398
-1396
-1798
-1794
-1397
-1858
-1962
-1399
-1572
-1737
-1538
-1369
-1438
-1566
-1235
-1204
-1465
-1300
-1033
-1020
-970
-592
-351
-295
-25
315
503
520
666
867
815
770
822
805
659
497
505
402
291
376
365
480
597
649
930
1179
1428
1754
1898
2199
2514
2600
2742
2980
3050
3058
3095
3074
3127
2839
2706
2675
2217
1932
1852
1638
1360
1210
1222
1045
785
838
757
516
498
544
488
459
579
678
574
526
668
634
503
549
659
462
279
401
329
94
-43
27
-85
-409
-361
-359
-590
-633
-520
-681
-1065
-1090
-1083
-1472
-1759
-1574
-1639
-2015
-1959
-1659
-1642
-1798
-1597
-1280
-1448
-1654
-1346
-1410
-1859
-1820
-1758
-2107
-2189
-2057
-2133
-2387
-2384
-2216
-2404
-2487
-2155
-2063
-2143
-1968
-1779
-1734
-1712
-1524
-1380
-1483
-1339
-998
-882
-708
-404
-179
-121
22
242
184
47
-124
-245
-372
-616
-602
-546
-604
-507
-304
-130
-56
136
499
575
586
938
1141
1228
1573
1855
1973
2152
2383
2517
2572
2574
2469
2293
2263
2106
1941
1972
1970
1828
1792
1927
1921
2009
2075
2093
2046
2036
2122
2086
2112
2189
2138
2049
2022
2000
1805
1645
1518
1260
1031
831
636
409
347
214
134
155
149
136
108
81
31
16
-124
-221
-247
-378
-543
-532
-682
-792
-845
-985
-1104
-1301
-1489
-1765
-2033
-2151
-2333
-2507
-2582
-2619
-2620
-2537
-2340
-2254
-2205
-2110
-1983
-2026
-2047
-1901
-1888
-1951
-1838
-1667
-1688
-1642
-1479
-1459
-1485
-1388
-1311
-1337
-1361
-1270
-1188
-1190
-1077
-906
-881
-708
-456
-393
-282
-153
-130
-138
-96
-77
-135
-115
-12
47
170
478
704
804
1052
1282
1333
1372
1448
1380
1273
1349
1420
1386
1452
1716
1804
1857
2128
2252
2270
2351
2250
2137
2067
1921
1791
1576
1459
1315
1226
1224
1170
1138
1119
1160
1160
1194
1219
1151
1130
1214
1172
1139
1174
1141
1101
1088
1122
1098
981
903
849
658
473
370
146
-97
-224
-288
-391
-530
-532
-609
-740
-736
-708
-830
-957
-967
-1003
-1103
-1156
-1093
-1177
-1280
-1197
-1197
-1248
-1246
-1261
-1323
-1331
-1279
-1273
-1378
-1467
-1452
-1523
-1685
-1688
-1742
-1934
-1960
-1935
-1924
-1966
-1922
-1808
-1820
-1697
-1523
-1455
-1371
-1210
-1098
-973
-767
-601
-436
-299
-139
-25
36
47
-9
-112
-223
-334
-453
-491
-571
-570
-459
-381
-231
12
179
327
596
821
1020
1180
1346
1492
1591
1679
1790
1850
1767
1765
1703
1632
1517
1354
1262
1058
858
770
634
458
317
261
201
112
242
319
281
431
575
697
843
969
1100
1148
1226
1345
1300
1252
1233
1029
897
798
594
392
266
100
-2
-37
-149
-237
-301
-280
-266
-245
-211
-151
-106
-66
-9
23
26
-21
-88
-167
-218
-361
-502
-580
-715
-823
-881
-925
-959
-1078
-1161
-1107
-1117
-1204
-1206
-1196
-1221
-1175
-1071
-1017
-970
-890
-766
-695
-635
-491
-408
-370
-231
-84
-39
90
220
250
325
414
451
420
408
447
446
429
463
479
427
425
448
428
419
391
358
328
284
297
305
282
316
315
340
372
387
385
381
378
373
456
449
430
494
524
520
557
543
552
524
436
416
364
255
133
40
-45
-139
-209
-235
-278
-317
-325
-317
-373
-343
-357
-428
-387
-354
-339
-337
-298
-238
-235
-222
-189
-185
-191
-204
-228
-261
-296
-316
-391
-445
-415
-474
-502
-453
-485
-480
-404
-391
-409
-325
-277
-290
-254
-244
-221
-224
-181
-159
-194
-181
-152
-139
-175
-111
-59
-78
-28
64
37
37
130
108
76
74
90
75
38
71
76
51
74
174
159
162
304
292
275
379
400
365
424
517
499
511
590
599
574
589
565
481
403
319
221
90
4
-45
-131
-173
-124
-130
-113
-3
25
96
160
185
204
202
200
168
146
100
61
36
-20
-57
-102
-193
-195
-259
-328
-325
-314
-300
-251
-227
-175
-72
-71
7
75
91
153
193
219
204
242
254
226
206
164
148
82
26
-49
-135
-179
-253
-367
-413
-430
-492
-502
-484
-437
-377
-284
-172
-103
-8
77
105
171
191
195
246
233
187
182
160
113
107
66
23
-3
-17
-27
-59
-76
-68
-83
-99
-87
-139
-160
-109
-123
-158
-103
-79
-91
-74
-75
-69
-66
-71
-59
-86
-69
-77
-119
-124
-127
-141
-154
-151
-160
-149
-154
-157
-144
-163
-164
-130
-136
-150
-161
-148
-177
-188
-163
-205
-236
-230
-249
-305
-314
-325
-340
-349
-369
-379
-398
-373
-367
-378
-355
-323
-316
-304
-249
-251
-210
-169
-122
-88
-55
22
34
106
143
174
234
276
315
343
401
424
456
497
510
532
563
602
606
644
675
691
694
737
758
747
814
807
792
807
814
793
773
771
754
702
651
650
591
540
553
503
442
460
420
358
355
360
318
297
316
304
275
279
301
300
266
271
273
194
167
148
79
-17
-48
-113
-209
-289
-342
-411
-489
-495
-529
-566
-579
-572
-615
-643
-622
-648
-687
-673
-668
-681
-684
-669
-660
-688
-679
-700
-732
-769
-807
-835
-862
-858
-884
-901
-880
-891
-928
-912
-895
-914
-931
-905
-905
-913
-879
-844
-822
-778
-674
-631
-599
-507
-477
-439
-381
-329
-271
-206
-148
-61
-4
55
130
184
248
297
339
377
408
403
411
437
441
432
433
427
399
394
377
368
379
375
391
407
446
481
509
586
622
668
745
806
851
882
943
951
962
964
959
956
920
906
868
846
821
784
749
747
710
659
650
620
593
581
582
556
524
516
475
448
407
383
345
269
241
198
119
82
59
5
-51
-77
-121
-178
-211
-242
-293
-350
-371
-427
-484
-509
-555
-588
-607
-615
-619
-614
-612
-603
-603
-604
-601
-603
-612
-620
-632
-655
-693
-719
-740
-767
-793
-799
-793
-791
-782
-759
-726
-701
-654
-620
-563
-548
-524
-461
-446
-395
-335
-308
-279
-242
-229
-210
-189
-167
-158
-140
-109
-102
-79
-55
-29
-8
37
83
117
182
242
306
364
418
484
533
563
624
652
679
717
746
755
769
789
775
766
762
757
744
737
743
719
716
712
688
657
640
630
589
584
576
549
542
537
507
476
461
427
383
350
325
274
250
211
149
101
61
18
-40
-81
-113
-159
-214
-250
-289
-342
-387
-430
-453
-468
-495
-513
-509
-530
-529
-536
-548
-560
-558
-546
-546
-531
-524
-528
-533
-524
-529
-544
-537
-540
-545
-543
-548
-566
-564
-577
-592
-579
-564
-563
-552
-526
-508
-481
-486
-471
-453
-445
-429
-412
-384
-374
-341
-324
-296
-261
-261
-222
-178
-157
-101
-64
-44
14
36
56
97
123
138
164
204
233
257
288
309
320
344
352
333
352
364
358
379
373
384
389
394
399
390
388
400
397
398
423
424
443
458
463
477
477
489
484
479
488
477
470
452
440
413
399
394
373
369
354
352
340
320
329
312
302
299
276
266
253
251
232
204
179
138
97
64
28
-18
-37
-54
-110
-125
-140
-175
-187
-212
-229
-244
-244
-252
-250
-237
-235
-233
-214
-208
-222
-217
-227
-240
-249
-257
-271
-275
-284
-317
-325
-348
-367
-362
-377
-370
-366
-375
-369
-368
-374
-361
-361
-363
-345
-348
-336
-331
-326
-314
-307
-298
-292
-289
-276
-266
-264
-247
-221
-217
-203
-171
-171
-148
-121
-106
-85
-58
-40
-28
-12
7
24
35
62
90
101
121
138
141
148
161
152
167
181
173
187
191
196
214
222
241
256
261
283
283
292
307
305
319
311
305
316
299
300
307
299
290
308
294
287
295
278
271
269
261
248
247
241
222
220
215
197
194
174
161
151
134
122
106
93
83
62
43
40
14
-2
-12
-26
-41
-57
-71
-94
-105
-123
-147
-158
-168
-187
-197
-204
-227
-229
-246
-269
-266
-276
-292
-296
-305
-315
-323
-326
-327
-326
-330
-325
-324
-320
-299
-304
-291
-266
-268
-256
-234
-221
-206
-196
-178
-163
-151
-140
-132
-135
-125
-113
-125
-105
-95
-103
-89
-77
-70
-65
-53
-38
-29
-17
-21
-1
15
14
30
47
56
63
84
96
103
117
122
132
137
139
143
139
147
148
146
158
162
156
162
158
158
161
157
162
162
162
159
160
167
171
165
169
175
168
161
165
163
157
157
158
151
146
142
126
120
108
90
84
77
69
52
46
36
28
18
11
10
3
6
-10
-8
1
-10
-8
-3
3
-5
-5
6
-9
-5
-13
-24
-20
-31
-37
-42
-37
-44
-48
-43
-40
-40
-45
-40
-42
-44
-46
-51
-49
-51
-54
-54
-54
-52
-61
-59
-51
-60
-62
-54
-61
-70
-73
-76
-71
-74
-83
-78
-69
-66
-68
-57
-45
-50
-54
-49
-50
-49
-50
-48
-54
-42
-47
-56
-44
-52
-56
-57
-51
-49
-51
-51
-41
-38
-34
-34
-28
-22
-26
-27
-26
-18
-21
-22
-13
-8
-9
-11
-4
3
2
2
3
8
8
1
4
8
8
9
11
19
24
19
22
36
31
37
37
45
52
44
54
53
62
54
58
59
61
61
54
63
59
57
54
54
52
48
46
52
42
46
46
49
56
50
53
55
56
49
50
48
49
41
33
33
29
26
18
19
16
9
5
2
3
-5
-12
-16
-20
-23
-31
-34
-38
-43
-51
-53
-57
-56
-60
-70
-63
-74
-80
-72
-75
-79
-75
-70
-66
-58
-60
-53
-49
-51
-51
-48
-44
-42
-37
-44
-34
-30
-39
-36
-34
-33
-33
-32
-25
-19
-13
-17
-6
-3
-9
0
1
4
10
8
16
23
20
21
21
31
22
22
28
28
27
24
27
27
30
23
26
31
32
30
30
38
41
39
42
49
49
50
50
58
58
54
57
55
57
55
50
52
50
45
42
41
38
34
33
34
33
30
29
27
28
23
15
18
16
11
5
10
3
-4
-8
-10
-12
-14
-18
-20
-20
-26
-32
-37
-38
-44
-55
-53
-51
-59
-60
-61
-61
-59
-60
-59
-55
-52
-55
-52
-50
-54
-47
-45
-43
-34
-36
-34
-30
-34
-35
-34
-36
-37
-36
-33
-29
-28
-28
-24
-21
-19
-12
-13
-6
-2
-3
2
4
5
7
13
12
19
19
23
28
25
29
30
28
30
28
29
28
26
25
25
25
21
20
22
22
25
26
22
27
28
29
28
29
33
31
32
34
36
33
36
34
30
33
28
28
26
24
22
20
19
9
17
9
7
10
1
5
2
-3
-3
-3
-7
-10
-8
-14
-15
-18
-23
-20
-26
-24
-23
-23
-24
-22
-24
-23
-20
-21
-21
-17
-12
-18
-14
-15
-19
-17
-19
-19
-20
-18
-22
-24
-23
-28
-29
-30
-32
-34
-32
-32
-36
-37
-36
-34
-36
-32
-32
-27
-26
-24
-22
-20
-18
-19
-12
-15
-10
-9
-6
-1
-6
0
1
0
3
3
8
9
7
8
10
13
9
11
14
10
14
13
12
10
12
12
10
13
10
10
12
10
9
12
11
15
14
18
21
20
25
25
28
31
31
31
32
33
30
32
30
30
31
27
28
26
22
23
17
18
16
13
17
12
10
9
6
3
3
-1
-3
0
-3
-3
-1
0
-5
-2
-5
-7
-5
-9
-5
-7
-6
-4
-6
-6
-7
-8
-7
-9
-8
-7
-9
-5
-8
-9
-6
-11
-10
-8
-11
-11
-11
-12
-14
-14
-15
-14
-15
-15
-15
-15
-15
-15
-18
-16
-15
-19
-15
-17
-18
-14
-15
-15
-12
-11
-9
-9
-5
-3
-2
4
2
5
10
7
11
13
11
13
13
11
12
10
12
11
8
8
4
5
5
1
4
3
3
6
4
7
5
6
7
6
8
7
7
6
5
5
4
2
2
1
-1
-1
-1
-3
-3
-3
-3
-4
-4
-4
-4
-5
-2
-2
-4
-2
-2
-5
-3
-1
-5
-4
-1
-4
-2
-1
-2
-1
-1
-1
-2
-3
-3
-3
-5
-3
-3
-6
-2
-4
-5
-3
-5
-3
-2
-1
-1
1
0
0
-1
0
-1
-1
-1
-2
1
0
2
3
0
2
3
-1
3
-1
-1
-2
-3
-3
-6
-2
-7
-3
-4
-5
-2
-3
-4
-1
-3
-1
-2
-4
1
-1
3
3
5
4
7
6
8
6
12
7
10
13
7
14
8
11
9
6
6
4
3
5
1
3
1
0
2
-1
3
-2
2
-2
-1
-2
-2
-2
0
-1
0
2
1
3
1
4
0
4
3
4
6
5
6
6
3
6
3
2
5
1
3
0
4
0
3
2
1
0
-2
-2
-2
-2
-5
-2
-8
-4
-7
-6
-7
-5
-8
-6
-5
-7
-4
-4
-2
-3
0
-5
-1
-3
-1
-4
-1
-5
-2
-2
-3
1
-3
0
-2
-3
-3
0
-6
-3
-6
-5
-6
-4
-6
-7
-2
-8
-2
-4
-4
0
-1
-4
3
-6
0
-1
-4
2
-4
0
-3
0
-4
0
-2
-2
-2
1
-3
3
0
-3
2
-6
-1
-5
-3
-5
-3
-5
-1
-3
0
0
4
1
1
6
-3
6
-2
1
1
-1
-2
3
-4
1
0
-3
0
-4
0
-4
3
-3
1
1
-1
3
3
1
6
1
1
6
-1
6
2
6
2
7
3
6
7
5
6
4
4
3
4
2
7
2
6
3
7
4
7
6
4
7
3
5
4
8
3
8
2
7
3
5
3
3
3
0
3
0
4
2
2
3
4
-1
6
-2
2
0
-1
1
-2
2
-2
2
-1
-1
0
-2
-3
0
-6
-1
-3
-4
0
-5
-1
-4
-2
-6
-4
-7
-7
-9
-7
-12
-7
-11
-11
-7
-13
-9
-13
-10
-14
-10
-12
-12
-10
-10
-10
-7
-11
-7
-6
-12
-4
-11
-6
-5
-6
-5
-2
-3
1
-1
2
1
0
3
-3
3
-3
2
1
-1
3
3
1
6
4
5
7
3
6
3
6
3
6
3
6
4
3
5
6
4
5
5
3
9
5
9
8
8
9
9
8
9
7
6
8
5
7
7
8
6
8
5
8
6
7
4
5
4
1
5
1
3
3
1
1
1
-2
2
-1
0
1
0
0
-1
1
-2
0
-2
-3
-2
-2
-5
-2
-5
-4
-3
-5
-2
-4
-3
-2
-3
-3
-2
-4
-3
-4
-3
-4
-4
-3
-5
-4
-4
-3
-3
-3
-4
-3
-3
-3
-4
-4
-5
-4
-4
-3
-3
-3
-2
-4
-2
-3
-2
-1
-2
-1
0
0
0
1
-1
0
1
1
1
1
1
2
2
1
1
3
1
1
3
2
3
3
3
3
4
5
4
4
4
4
5
3
4
4
3
4
3
2
3
1
1
1
0
0
-1
0
-1
-2
0
-3
0
0
-2
0
-1
-3
-1
-3
-3
-1
-2
-3
-2
-2
-2
-1
-2
-2
-1
-2
-2
0
-1
-2
-1
-1
-2
0
0
-2
-1
0
-2
-1
-1
-3
0
-2
-2
-1
-1
-1
-1
-1
0
0
-1
0
1
1
-1
0
0
-2
0
-1
-1
1
0
-2
0
-1
-1
-1
-1
0
0
-1
-2
1
-1
0
0
-1
0
1
-1
0
1
0
-2
2
1
0
3
1
1
4
1
3
3
2
2
3
2
2
3
1
3
3
1
1
3
1
1
2
0
1
3
1
2
3
2
3
2
1
3
3
1
4
3
2
4
3
3
5
4
1
4
3
1
3
3
0
2
3
-1
1
1
-1
2
0
-1
1
0
0
1
-1
-2
1
0
-3
0
-1
-3
-1
-2
-4
-1
-3
-4
-2
-2
-5
-3
-3
-4
-3
-5
-5
-3
-5
-6
-3
-4
-6
-3
-6
-5
-3
-4
-5
-3
-5
-5
-2
-3
-4
-1
-5
-4
-1
-3
-4
-2
-3
-3
0
-3
-3
1
-2
-2
0
-1
-1
2
-1
0
3
0
1
4
1
0
3
1
3
4
1
2
5
2
2
6
3
4
5
3
4
6
3
4
5
3
4
6
3
3
4
1
4
3
0
2
3
1
2
3
0
2
3
0
1
2
0
1
2
0
3
2
-1
2
0
-1
1
0
-2
1
0
-2
1
0
-3
1
0
-3
1
0
-2
1
-1
-2
1
0
-1
1
-1
-1
1
-1
-2
2
-2
-3
1
0
-2
0
-2
-4
0
-3
-4
0
-2
-3
-1
-2
-3
-1
-3
-2
0
-2
-2
0
-2
-2
1
-3
-1
2
-1
-1
2
-1
-1
2
0
1
3
-1
0
2
-1
0
2
1
1
2
-1
1
2
-1
0
2
0
-1
1
-2
0
1
-2
0
0
-2
-1
0
-2
0
0
-3
0
0
-3
-1
1
-1
0
1
-1
0
1
-1
1
2
0
0
2
0
2
1
0
1
1
-1
1
0
-1
1
1
0
1
0
-1
1
0
-1
1
1
0
1
0
-1
2
1
0
1
1
0
2
1
0
2
1
0
1
1
0
1
1
1
2
1
0
2
1
1
2
1
1
3
0
1
2
1
0
2
1
2
1
1
1
2
1
0
1
0
1
1
1
0
0
0
0
-1
0
-1
-1
-2
-2
-1
-2
-2
-2
-2
-2
-2
-2
-3
-2
-2
-2
-2
-2
-2
-2
-3
-2
-2
-3
-2
-2
-2
-3
-2
-2
-2
-2
-1
-1
-1
-1
-1
-1
-1
-1
-1
-1
0
0
0
0
0
0
1
1
0
1
0
0
1
1
1
1
1
1
0
2
0
1
2
1
1
0
2
1
1
1
2
1
2
2
1
1
2
1
3
2
3
2
2
3
1
2
1
2
1
3
1
2
2
1
1
1
1
1
0
1
1
1
0
0
0
0
0
0
-1
-1
0
-1
0
0
-1
-1
0
-1
-1
-1
-1
-1
0
-1
-1
-1
-2
0
-3
-1
-1
-2
-1
-2
-1
-2
-2
-1
-2
-1
-2
-1
-1
-2
0
-2
0
-1
-1
-1
-1
0
-1
0
0
0
0
-1
1
-1
0
0
0
0
-1
1
0
0
-1
0
0
0
0
0
0
1
1
0
1
1
1
2
1
0
2
0
2
1
3
2
1
2
0
2
0
1
1
0
1
0
1
0
0
2
-1
1
0
1
0
-2
2
-2
1
-1
0
0
-1
0
-1
0
0
-1
0
-2
0
-1
0
-1
-1
0
-1
-1
-1
-1
0
-1
-1
-2
0
-2
-1
-2
-1
0
-2
0
-2
0
-1
-1
0
-1
0
-1
0
1
-1
2
-1
2
0
1
1
1
2
0
2
0
2
2
2
1
1
1
1
0
2
-1
3
0
1
0
1
1
0
1
0
1
0
0
1
0
0
0
0
1
0
2
0
1
0
0
1
-1
2
0
1
0
1
1
0
1
0
0
1
0
1
-1
1
0
0
0
0
1
-1
1
-1
1
0
-1
0
0
0
-1
1
-1
0
-1
0
-1
0
-1
1
-2
-1
-1
-2
1
-3
0
-3
0
-1
-2
0
-2
0
-2
-1
-1
-2
0
-1
-1
-1
-2
0
-2
0
-2
-1
0
-1
0
-1
-1
0
-1
0
0
0
-1
-1
0
0
0
-1
0
0
0
0
1
1
1
0
0
0
0
1
-1
1
1
0
1
0
1
1
1
1
1
1
1
1
1
1
2
1
2
1
1
1
1
1
1
2
0
1
0
1
0
1
1
1
0
1
0
1
1
0
0
0
0
0
0
1
0
1
-1
1
-1
0
0
0
0
0
0
0
0
0
-1
0
0
-1
1
-1
1
0
0
-1
0
-1
0
1
-1
0
0
-1
0
-1
0
-1
0
0
0
-1
-1
1
-2
0
-2
0
-1
-1
0
-1
0
0
-1
-1
-1
-1
-1
0
0
0
-1
0
-1
0
-1
-1
-1
0
1
0
0
0
0
-1
0
1
0
0
0
1
-1
0
0
0
0
0
1
1
1
0
1
1
1
1
0
1
1
0
0
1
1
0
1
1
1
1
1
0
1
1
0
1
0
0
0
0
1
0
-1
0
0
1
0
0
-1
0
-1
-1
0
-1
0
-1
0
0
1
-1
-1
0
-1
-1
0
0
-1
0
0
-1
0
-1
0
0
0
0
0
0
0
0
0
-1
0
0
0
0
0
0
1
0
0
0
-1
0
0
-1
-1
-1
0
0
0
-1
0
0
0
0
0
0
1
0
1
0
0
1
0
0
0
1
1
1
1
-1
0
0
0
1
0
0
1
1
0
0
0
0
0
0
0
1
0
1
0
0
0
0
0
0
0
0
1
1
0
1
0
0
0
1
0
0
0
0
-1
0
0
0
0
0
0
0
-1
0
0
1
-1
-1
0
0
-1
0
0
-1
0
0
-1
-1
0
-1
0
0
-1
0
-1
0
-2
-1
-1
0
0
0
0
-1
1
-1
0
0
0
0
-1
0
0
0
0
1
0
1
0
1
1
0
0
0
0
0
0
0
1
0
0
1
0
0
0
1
-1
0
0
1
-1
0
0
0
0
-1
0
0
1
0
0
-1
0
0
-1
0
0
-1
-1
1
0
0
0
0
0
0
1
0
0
0
0
0
1
0
0
0
1
0
1
2
0
1
1
0
1
0
1
0
0
0
0
1
1
0
0
1
0
0
0
1
0
1
0
0
0
1
-1
-1
0
-1
0
0
0
-1
0
0
0
0
0
1
-1
0
0
0
0
0
0
0
1
-1
0
0
0
-1
0
1
0
0
0
1
0
1
0
0
-1
0
1
0
0
0
1
-1
0
0
1
0
0
1
-1
-1
0
1
-1
-1
0
0
0
0
0
0
-2
-1
1
0
-1
0
0
0
-1
0
-1
0
1
0
0
0
0
-1
1
-1
-1
1
0
0
0
1
0
-1
0
1
-1
1
1
1
0
1
1
1
-1
0
1
0
0
0
1
0
0
1
0
0
0
2
0
-1
1
1
0
-1
1
0
0
0
1
0
0
0
1
-1
0
0
1
0
-1
1
1
-1
0
1
0
-1
-1
1
0
-1
0
1
0
-1
0
0
-1
0
0
0
0
0
1
1
-1
-1
1
0
-1
0
1
-1
0
1
0
0
0
0
1
-1
0
1
0
-1
0
1
1
-1
0
0
0
-1
0
0
-1
-1
1
0
-1
-1
1
0
-1
0
0
0
-1
0
0
-1
-1
0
0
-1
0
1
0
-1
0
0
0
-1
1
0
-1
-1
1
0
-1
1
1
-1
-1
0
1
-1
-1
0
1
-1
0
1
0
-1
0
1
0
-1
1
1
0
-1
1
1
-1
0
1
0
-1
0
1
0
-1
0
1
0
-1
0
1
-1
-1
1
0
0
0
0
0
0
1
0
-1
-1
-1
1
0
-1
0
0
0
-1
0
0
0
0
1
0
0
0
0
-1
-1
1
0
0
-1
1
0
0
0
1
0
0
0
0
-1
-1
0
0
-1
-1
0
0
-1
0
0
0
-1
0
0
0
0
0
2
-1
0
1
1
-1
0
1
-1
-1
1
0
0
0
1
0
0
0
1
0
0
0
1
0
0
-1
1
0
0
0
0
-1
0
0
1
0
0
1
-1
0
0
0
0
0
0
1
0
-2
-1
1
0
-1
0
0
0
0
0
0
0
0
-1
0
0
0
1
-1
0
0
0
0
1
1
1
0
0
1
-1
0
0
0
0
-1
0
0
0
0
-1
0
-1
0
1
0
-1
0
0
0
-1
1
0
0
-1
0
0
0
1
0
0
0
0
0
0
0
0
1
0
0
0
1
1
0
0
0
0
0
0
0
0
0
1
0
0
0
0
0
0
0
1
0
0
-1
0
0
0
-1
0
-1
0
1
0
-1
0
0
0
0
0
0
-1
0
0
0
-1
1
0
1
0
0
0
