SAMPLES:	11448
BITSPERSAMPLE:	16
CHANNELS:	1
SAMPLERATE:	16000
NORMALIZED:	FALSE
3
-6
-2
3
4
-4
-6
4
2
-6
2
-2
3
-3
3
2
-8
6
6
-10
-1
6
1
-2
-4
5
6
0
-6
3
12
-4
-9
6
8
-3
-6
-1
7
0
-6
-4
9
2
-11
4
5
-3
2
-2
0
3
-3
3
-4
-3
6
2
-7
-1
11
3
-13
3
12
-3
-12
4
7
-4
-6
1
5
4
-4
-2
3
2
-2
-7
2
5
-4
-5
3
0
2
-1
0
1
1
4
-6
-4
8
1
-7
-4
7
9
-13
-4
14
-1
-6
-4
5
5
-7
-4
1
5
4
-15
3
11
-6
-6
-1
8
2
-10
4
3
-1
2
-8
3
3
-2
-1
-9
7
8
-13
-4
8
6
-9
-11
13
0
-9
-3
1
4
-3
-6
5
-2
6
-2
-9
5
4
-4
-10
2
15
-9
-8
10
1
1
-6
-3
10
-6
-1
-1
-1
8
-2
-7
2
6
3
-11
0
12
-5
-2
-6
6
6
-9
-3
4
6
2
-14
7
11
-6
-2
-4
11
4
-13
5
6
2
0
-7
5
9
-3
-4
-1
10
-1
-9
0
8
3
-11
0
10
-3
-2
-2
0
10
-5
-6
4
1
1
-4
-6
10
0
-4
-2
2
12
-8
-6
5
0
0
-8
-3
11
-2
-6
-1
6
7
-11
-1
3
6
-5
-10
7
6
-7
-1
2
2
5
-6
-1
1
6
-3
-9
6
5
-2
-6
-1
7
0
-12
4
4
1
-5
-5
8
0
-2
-5
1
11
-6
-6
4
0
7
-7
-6
16
-3
-4
0
0
9
-9
-4
6
-2
2
-5
-1
11
-5
-2
1
-3
9
-5
-8
9
0
-2
-3
1
9
-1
-5
3
3
2
-5
-1
7
-1
-2
-3
5
4
-3
0
2
3
-2
1
-1
3
2
-1
-5
0
8
-6
-4
6
3
-6
1
-1
6
-3
-4
6
-3
1
0
-4
1
6
-5
2
-2
2
7
-13
7
4
-5
1
-1
0
4
-8
5
-1
-4
7
-11
5
2
-4
1
-4
-1
3
-7
1
5
-5
2
-5
-2
3
-5
-1
0
-5
5
-6
-4
9
-9
2
-3
-6
7
-7
-3
6
-5
1
-1
0
1
-2
2
0
-2
2
0
-4
5
0
-3
3
-1
-1
1
2
2
-3
1
4
-7
5
-1
0
2
-3
6
-4
1
4
-3
1
2
-3
4
-1
1
4
-4
6
-2
-2
4
-1
-1
5
-3
2
2
-3
8
-4
3
5
-5
6
1
-2
7
-2
2
3
-5
5
-1
-1
5
-5
2
3
-5
5
1
-2
7
-6
1
4
-6
5
0
-2
4
-3
2
-1
-2
5
-2
0
5
-6
4
0
-3
4
-1
1
1
-4
5
1
-4
6
-5
-1
3
-5
5
-3
0
5
-6
2
2
-7
5
-1
-6
3
-3
1
-1
-2
4
-8
0
3
-7
1
3
-5
3
-3
0
2
-6
7
-3
-2
4
-6
1
1
-3
1
-3
0
2
-5
1
2
-3
-1
0
-5
3
-3
2
-3
0
4
-2
-6
6
-4
-2
3
-7
5
-3
3
0
-3
6
-2
1
2
-1
-1
7
-7
6
-3
0
5
-3
2
0
4
-3
3
-4
5
-4
7
-1
-5
9
-3
0
2
-2
-1
4
-4
0
-1
2
-1
0
1
-3
0
4
-5
1
2
-4
3
1
-4
2
3
-4
0
0
2
-2
2
1
-6
8
-3
0
0
2
-2
1
3
-5
2
-1
4
-3
4
-2
0
2
-1
-1
-2
5
-3
0
-3
5
1
-2
0
-1
3
-1
0
-2
1
0
1
-2
1
1
0
0
0
1
-2
1
1
-2
-1
1
1
-1
1
-3
1
-1
3
-4
1
-2
3
-3
-2
0
1
1
-2
1
-1
4
0
-2
2
1
1
1
2
-1
-2
7
-4
0
1
5
-7
3
2
-4
1
0
0
-4
3
-4
-2
4
-2
-8
6
0
1
-3
3
-1
1
0
2
-5
7
-4
-2
3
-4
9
-11
6
-3
1
-4
-2
8
-10
-4
1
3
-6
-5
7
-7
0
-2
4
-3
-2
9
-7
6
-4
4
6
-7
6
-2
0
-4
7
-5
-1
-1
1
-4
4
-5
-5
3
2
-9
-1
4
-2
2
-6
-2
1
13
-10
-4
6
13
-17
14
4
-1
5
2
3
0
8
0
0
4
-1
2
-7
11
-4
1
-7
0
9
-8
-3
-5
6
6
-9
-6
18
-10
8
-15
25
-3
-10
13
10
-4
-15
30
-6
-4
0
12
-4
-7
15
-8
7
-15
8
3
-9
-8
-3
17
-18
-16
6
11
-13
-12
2
12
-16
1
-6
17
-24
5
16
-14
4
1
-2
-4
12
-1
-6
-3
21
-18
-6
10
-3
6
-11
5
-20
14
4
-18
-2
7
1
-17
4
8
-2
-9
2
1
3
-5
-2
17
-4
-6
-11
23
8
-21
7
2
6
-10
0
-6
17
-7
-14
3
-1
7
-22
12
-10
4
-6
-8
11
-3
-1
-7
7
16
-19
1
5
20
-2
-17
21
18
-17
-2
34
-12
-2
11
9
-10
-9
31
-6
-8
7
2
2
-19
16
8
-19
1
4
7
-9
-7
9
3
-9
13
-19
15
-6
7
4
-4
-5
0
31
-45
31
-5
-4
2
-33
47
-36
5
-11
15
-21
-21
28
-18
8
-42
26
7
-22
8
-3
6
-8
0
4
-1
5
2
-23
22
24
-29
-3
13
6
-18
6
1
5
2
-13
4
2
9
0
-23
6
14
3
-25
7
26
-8
-5
17
-8
19
-8
-1
27
-4
-19
31
9
-18
23
-9
25
-23
32
-23
36
-16
-12
27
-49
36
-12
8
-23
-6
-4
11
-3
-19
12
-10
-12
1
6
-3
-11
-2
-17
31
-20
-24
16
5
6
-41
30
-1
-17
-22
8
4
-19
22
3
-38
16
2
-2
-18
-13
27
-24
-4
21
-12
16
-23
32
-19
4
7
-18
33
0
3
-22
4
33
-42
10
29
10
-37
24
16
-12
9
23
1
-67
69
-35
38
-25
14
17
-34
48
-46
46
-26
35
-15
-2
6
-1
-17
-1
6
18
-6
-23
28
-7
-16
-20
55
-11
-34
-7
29
-24
15
-4
-6
20
-46
60
-50
26
-12
9
21
-18
-16
5
15
-36
-1
7
-25
17
-8
-1
-5
-21
6
-16
10
1
-33
23
18
-33
4
31
-1
-29
67
-66
62
-40
69
10
-19
31
-14
67
-54
64
-30
6
8
36
5
-21
-13
45
-40
-10
32
-40
-9
-17
-36
29
-45
-32
-19
14
-66
-26
8
-47
-17
-45
6
-94
33
-12
-67
-27
-37
43
-63
-38
6
-55
28
-47
-16
-19
-19
12
19
-18
11
14
41
-14
-23
55
42
1
-24
119
18
36
-3
97
-7
31
20
73
98
-59
100
46
103
-9
78
60
44
55
-17
59
43
91
13
13
55
18
-12
-2
31
-18
17
24
-54
-19
-10
11
-50
-63
-4
-67
-60
-95
23
-117
-55
-77
-81
-90
-108
-7
-62
-125
-109
-22
-61
-173
-120
58
-54
-166
-97
8
-36
-115
-40
-8
24
-49
-5
55
21
-34
69
42
6
63
113
72
98
93
123
87
56
238
75
34
145
249
39
41
174
144
50
113
142
19
15
225
20
-110
99
168
-106
-157
131
51
-199
-9
-26
-21
-164
8
-68
-106
-60
-138
-68
-160
-64
-114
-69
-165
-69
-81
-46
-142
-131
4
-95
-56
-148
-1
-58
-29
-69
6
-63
-5
32
-57
-22
40
148
-33
-47
98
199
-99
9
153
151
-104
138
131
51
23
96
135
-87
163
62
24
-80
148
60
-12
45
-33
87
23
-53
-63
99
25
-113
-45
96
21
-121
95
29
-82
41
-9
-44
-45
-38
18
-78
-92
49
-21
-132
-170
39
-99
-116
-208
-94
-34
-177
-164
-117
-6
-181
-118
-170
-142
-53
-95
-55
-103
-31
9
-41
-76
80
18
46
35
59
211
78
118
102
288
156
109
185
204
248
138
159
243
293
22
197
192
62
103
144
57
37
104
-25
-9
-128
-74
-32
-170
-127
-183
-133
-231
-249
-168
-322
-187
-207
-354
-239
-254
-332
-246
-294
-300
-270
-164
-116
-275
-68
-11
8
-160
34
224
59
9
173
409
214
232
427
411
428
426
392
495
479
507
553
485
481
506
490
330
424
357
281
191
251
79
16
134
7
-105
-183
-130
-221
-306
-522
-316
-430
-590
-585
-524
-533
-716
-546
-547
-655
-606
-550
-648
-637
-536
-545
-512
-527
-406
-267
-441
-376
-231
-123
-246
-79
8
9
202
173
217
234
302
445
234
403
605
480
680
706
782
639
867
924
593
765
843
853
667
793
802
527
639
679
432
189
417
353
39
69
24
38
-80
-296
-318
-505
-601
-755
-762
-933
-1064
-843
-955
-1114
-1217
-1149
-1048
-1034
-1183
-1083
-808
-961
-1089
-790
-577
-561
-631
-431
-50
-97
-194
204
658
224
391
859
866
647
876
1394
867
1037
1370
1282
891
1232
1504
1079
1086
1290
1429
877
927
1046
1016
800
583
477
719
698
-13
23
370
149
-649
-374
-166
-619
-806
-697
-926
-1101
-774
-1242
-1670
-1417
-1115
-1706
-1990
-1416
-1425
-1789
-1736
-1372
-1449
-1516
-1391
-1313
-1217
-1100
-759
-748
-606
-235
-65
-108
-15
509
706
609
819
1032
1436
1255
1285
1681
1592
1592
2167
1864
1369
2296
2204
1470
1381
2335
1801
1141
1651
1572
1240
1135
1247
732
874
828
433
20
131
135
-541
-587
-606
-693
-1072
-1123
-1236
-1334
-1564
-1671
-1848
-2227
-2040
-2095
-2258
-2646
-2478
-2120
-2204
-2498
-2250
-1853
-1843
-1637
-1720
-1329
-1158
-986
-821
-610
-289
-58
504
450
632
1143
1546
1339
1535
2161
2130
2167
2331
2695
2289
2558
2934
2355
2500
3103
2944
2142
2426
3068
2229
1707
2025
1828
1146
1053
1081
516
434
533
185
-638
-909
-644
-1435
-2080
-1975
-1998
-2207
-2820
-2842
-2759
-3094
-3211
-3579
-3610
-3259
-3509
-3667
-3283
-3046
-3330
-3349
-2868
-2804
-2814
-2450
-1801
-1633
-1414
-696
-378
129
287
690
1194
1216
1621
2091
2585
2636
3146
3789
3687
3854
4130
4816
4166
3856
4506
4216
3939
4038
4458
3917
4298
4349
3363
2961
3453
2766
1576
1387
1471
1302
-55
0
350
-600
-1618
-1340
-1777
-2951
-2982
-3006
-3635
-4559
-4501
-4263
-5097
-5805
-5510
-5494
-5934
-6198
-5553
-5522
-5791
-5279
-5367
-5166
-4744
-4344
-4066
-3608
-2844
-2412
-2173
-1613
-742
-269
318
1065
1905
2604
3300
3635
4004
4851
4942
5030
5654
6169
6092
6464
7136
7142
7000
7190
7131
6745
6076
6084
5542
5525
5167
4184
4503
4246
3551
2702
2821
2347
1194
508
-517
-1527
-1959
-2128
-3103
-4181
-3658
-3269
-4677
-6123
-5343
-5064
-6740
-8207
-7636
-7039
-8238
-8683
-7937
-7405
-7701
-7557
-7193
-7084
-6730
-6237
-5978
-5553
-4932
-4090
-3435
-3017
-2124
-1007
97
682
1278
2124
3265
3563
3340
4615
5991
6229
6693
8360
8879
8352
8963
8853
8406
8063
8477
8277
8091
8492
8339
8503
7826
6645
6074
5972
4275
2816
3366
3303
2378
1236
1245
562
-1123
-2026
-2112
-2513
-4391
-4823
-4414
-5775
-7467
-7184
-6456
-7927
-8739
-7776
-7468
-8837
-9633
-8870
-8907
-10428
-10505
-8313
-7236
-7658
-7374
-5843
-5667
-6546
-6432
-5065
-4043
-3765
-2767
-1295
253
844
1266
2456
3057
3280
3765
4983
5487
6169
7291
8872
9404
9621
10276
9797
9244
9305
9872
9078
9393
10131
9725
9332
9619
8975
8038
7234
6747
5316
3192
3912
4112
2207
1039
2158
1789
-834
-1962
-2846
-4784
-5268
-5160
-5785
-5902
-5479
-6384
-8775
-9215
-9021
-9547
-10891
-10225
-8657
-9257
-9485
-9439
-9290
-9345
-9262
-9673
-8958
-7475
-6239
-5966
-5883
-4815
-5038
-5119
-4456
-2422
-1271
-1538
-565
404
973
2008
3182
3929
4288
4962
5741
6068
7044
8529
9469
9616
9185
9145
9790
11004
10082
9997
10709
10805
10339
9537
10285
9675
9527
9115
7526
6342
5391
6411
5209
2204
3424
4577
1734
-1740
-558
178
-3220
-5172
-4949
-4384
-5241
-6616
-7022
-6535
-7179
-8170
-10137
-10814
-9787
-8550
-10100
-11338
-8502
-8765
-10588
-11250
-9433
-8385
-8950
-8190
-7787
-7265
-5807
-5341
-5963
-6018
-4589
-3934
-4958
-4290
-1232
461
200
949
2496
2932
1600
2058
3776
5122
5341
6213
7591
8077
8756
8779
8991
8752
8442
8531
8294
8337
9645
11289
11075
9460
9299
9447
7392
5612
6574
8454
7178
5099
6159
7044
4719
1043
1965
3100
1185
-1878
-1505
-274
-1446
-3147
-3761
-3134
-2786
-5076
-7139
-7103
-6148
-6009
-7329
-8249
-8029
-6797
-7975
-9037
-9007
-7878
-7456
-7189
-8345
-8869
-6610
-6083
-8688
-9073
-4999
-4463
-7191
-6748
-4202
-3217
-4107
-4114
-2849
-2081
-1864
-1844
-1228
-237
1419
1886
1357
1666
2547
2990
2573
3407
4909
6001
5435
4924
5351
6345
7500
6737
6835
7665
7314
5648
6277
8149
7200
7521
9239
7592
5228
7071
7494
5668
5356
6258
6164
3018
3626
3966
3196
2815
1853
2166
-511
-417
95
-944
-1347
-2827
-2296
-4277
-4287
-4389
-3626
-3706
-6419
-6194
-5965
-6899
-7451
-6285
-6055
-6147
-6025
-7341
-6865
-6294
-6709
-7163
-7036
-5550
-5836
-5772
-5213
-3967
-3490
-4000
-3848
-3988
-3312
-2688
-2181
-2325
-1849
-713
-351
-1058
-586
976
1182
634
740
2141
2479
3301
3517
4248
4755
5204
5491
4818
5257
6085
5544
5048
6556
7469
7242
8240
9248
6878
3866
8000
10439
7185
5232
7798
10009
4099
4014
5253
6537
5025
2917
2146
744
2642
3299
220
-935
-1053
1302
-3246
-6452
-4832
-2102
-2226
-7623
-7636
-6937
-4849
-7389
-8748
-7615
-6363
-6947
-10794
-9918
-7607
-7529
-8325
-9270
-8601
-8508
-7659
-8704
-9133
-5323
-4332
-6169
-7951
-6397
-4585
-5274
-4769
-2860
-1151
-1763
-3076
-1237
-48
396
1454
1857
3141
3475
4412
5261
6253
6645
6132
7314
7146
7594
8614
10722
11371
9325
11078
13171
13671
8445
7257
12549
15494
10543
8150
12649
11954
7452
6203
8071
9931
7899
5233
894
1385
5612
3439
785
-2751
49
-42
-5173
-9302
-7138
-2120
-4532
-10404
-12517
-9532
-6885
-11295
-14291
-11424
-8065
-10976
-15699
-15419
-13603
-9683
-11950
-14410
-13678
-10472
-10193
-13970
-12560
-8701
-7399
-9787
-10454
-7413
-5237
-5662
-6443
-4379
-1648
-1352
-1980
-1260
1735
4409
4579
4465
4679
6581
8406
8588
9263
10562
12199
11956
12045
13136
14980
16829
15725
14671
16360
17609
11893
10534
20519
20492
11321
11047
18009
13838
6249
6999
10904
12591
9240
983
863
4523
5450
901
-3876
-3230
-515
-3139
-12452
-12087
-4192
-3394
-11161
-17082
-15213
-10102
-11747
-16995
-16994
-11591
-11575
-16731
-19947
-18034
-12289
-11519
-16791
-17905
-13305
-10703
-13722
-15589
-10722
-6414
-7228
-11757
-11385
-6098
-2206
-3729
-5033
-1385
1081
206
-1214
1802
7292
8100
6433
5991
7389
9708
10710
11770
13576
14791
14082
13449
13137
15210
17577
18212
16976
17374
17247
11014
13264
21971
18738
10916
12731
16365
9579
5121
8223
10255
10819
6021
-744
-829
2332
2837
-1587
-6828
-5956
-2320
-6118
-16150
-13477
-4952
-5886
-14307
-20677
-16564
-10514
-13786
-19636
-17123
-10276
-11566
-18361
-22206
-18458
-10097
-11261
-16700
-16725
-11604
-10359
-13734
-13355
-9095
-4121
-5144
-10734
-10485
-3812
1560
-1341
-3663
1361
5018
2616
-1109
4492
11892
10603
6282
7123
10997
12457
12325
13556
15597
15537
14921
13652
12916
16588
20037
18251
16837
15990
10422
12890
22073
19297
11133
12006
16355
9134
2731
7222
9628
11537
6706
-1776
-2274
836
2405
-1358
-6464
-6977
-3162
-4393
-15903
-16676
-6957
-4088
-11909
-21587
-18340
-10838
-12683
-19583
-18125
-9330
-10078
-18379
-24063
-19733
-10282
-10739
-15331
-16441
-12208
-10123
-12388
-13159
-9871
-3769
-3507
-8789
-10624
-5502
1973
609
-3228
888
5533
3953
-122
4177
11008
11311
7879
6986
10052
12252
12776
13938
14189
14902
15494
13996
12421
14576
18570
18527
17508
10973
6546
17708
22722
12919
8327
14441
16414
4838
2990
8404
10936
11026
1705
-3030
-763
2411
2879
-3720
-7426
-4383
410
-8216
-19062
-12317
-3212
-4221
-14832
-20378
-12202
-8035
-15018
-21573
-15858
-7522
-10423
-20115
-23767
-14892
-8433
-13019
-17374
-15106
-10578
-9936
-12681
-12868
-8115
-2920
-6266
-12063
-8751
-465
1070
-4357
-3255
3470
4501
800
1479
8134
11479
8774
6873
7817
10526
12814
14231
13940
14025
14602
15638
15637
14448
15804
19280
21200
11236
6460
19765
23391
11048
9122
18235
18081
5571
4764
8179
11534
11443
2526
-1795
652
4593
3302
-5116
-7006
-2759
574
-9211
-18821
-11093
-2753
-4156
-15575
-20493
-12513
-8026
-14626
-21221
-16779
-9784
-11902
-20101
-24908
-16821
-9134
-11748
-18698
-18348
-11698
-9140
-13857
-16287
-8994
-2796
-7578
-14207
-9969
-1458
291
-5344
-4293
1654
2973
723
1334
7064
10318
8690
6187
7377
10182
13244
14064
13062
13844
16543
17084
15752
14808
16987
22005
18044
7188
15449
26721
18234
7486
13683
22576
11592
5629
7424
11411
15784
6541
-478
1270
4981
6373
-1922
-6151
-4417
1729
-3909
-16516
-12392
-3293
-2260
-12700
-20773
-13316
-6994
-11535
-20280
-18208
-9874
-10413
-18156
-23780
-17080
-10771
-12747
-16292
-16027
-13467
-11209
-11916
-14263
-12462
-5722
-4659
-11927
-12373
-3833
1296
-4876
-7431
89
4736
1258
-1486
4634
11048
8618
4649
7119
11366
12475
12187
13082
14788
16385
17452
16489
14749
18016
22057
12997
9932
22588
24732
11889
9517
19192
19020
8082
7526
9001
14786
14031
1515
-1306
2968
8040
3490
-5548
-7237
-628
2349
-11836
-17903
-6645
-1180
-7072
-19710
-19479
-7985
-7062
-17846
-22384
-13543
-8604
-13893
-20929
-21790
-13355
-9648
-15213
-19926
-17124
-10682
-9114
-14389
-16521
-9020
-4664
-9233
-14261
-10421
-1346
156
-8377
-8319
1657
3503
-2301
-1794
6857
10351
5064
3132
8070
11676
11778
11110
12604
15490
16661
16001
14293
16074
21569
14984
9833
20600
25062
13415
9417
19298
20293
10721
10024
9031
14138
16808
5063
115
4442
9333
6664
-2509
-5808
1012
5963
-5868
-15178
-6195
1620
-2214
-15763
-18752
-6343
-2646
-12705
-20474
-13887
-6002
-9142
-18857
-21541
-10665
-7217
-13792
-19004
-18671
-12474
-7931
-11655
-18012
-12882
-4198
-8371
-16608
-13768
-2668
444
-9742
-11530
-1793
3388
-2678
-5311
2775
9497
5078
102
3833
11837
12270
9668
9857
12660
16662
15705
12512
14803
20770
12284
10452
22931
22910
11554
11027
19559
17526
9458
11268
10317
13811
15056
4921
1044
3627
9309
7101
-1599
-5630
1026
6751
-5785
-14324
-5581
1953
-2080
-16084
-17873
-6038
-2511
-13099
-19544
-12676
-6747
-9687
-18082
-21626
-12532
-6572
-13519
-20497
-18204
-12870
-9218
-12777
-18228
-13866
-6543
-7379
-15874
-16219
-4071
1230
-9341
-13620
-2503
4574
-2601
-6672
1878
9643
4876
-159
4184
11098
12751
10697
9559
13208
16393
15872
14662
16134
18403
10821
15394
26222
20975
10851
14476
23059
15032
8466
13443
15063
16129
12458
4433
4177
6926
10229
6588
-1225
-2324
5291
5008
-8404
-11534
-574
3882
-5940
-17899
-13783
-3278
-4246
-15241
-17706
-10571
-6292
-11639
-20183
-20029
-11356
-8188
-15583
-20666
-18320
-11999
-10382
-16881
-19459
-13080
-8027
-12196
-18713
-14729
-5130
-3434
-12888
-13411
-3803
-129
-5645
-7783
632
6408
1651
-3275
2834
9849
9846
7624
8576
12652
15731
14046
12105
17008
18005
10564
17432
25277
19438
12197
17897
22854
13647
12822
14806
17243
18465
12648
5968
8249
10824
11975
7173
1307
2998
9413
4267
-7222
-4727
3754
3698
-6344
-12798
-6721
-1315
-5016
-12434
-11687
-8064
-5183
-10367
-18134
-16142
-8782
-8588
-15873
-17344
-15181
-11753
-12478
-15455
-17355
-13822
-9876
-13303
-19791
-14544
-5126
-7509
-15714
-12757
-3299
-4324
-9568
-8131
1151
2844
-3195
-4178
2743
7890
6418
3453
6495
12090
12852
10487
10195
17033
14453
7218
17875
23114
13083
9614
19226
21100
9623
11194
13002
16894
17585
8618
4243
8486
12271
11357
4833
-382
4982
11767
794
-9174
-973
6454
2922
-8429
-11219
-2702
831
-6133
-12339
-9010
-5149
-4944
-12063
-17772
-12179
-7763
-10186
-14952
-15471
-15892
-11035
-9144
-17069
-18316
-10962
-7942
-15777
-20568
-11095
-2617
-8814
-15803
-9495
-1941
-4498
-7924
-4402
2110
1913
-1044
264
4331
6719
7712
7331
7554
11247
13745
12164
12696
17043
9300
11946
21930
18460
8922
11884
23321
15990
8050
10026
12998
18839
13475
3543
4936
10790
13642
6805
862
284
9822
9296
-7465
-7364
4500
7850
-3457
-12754
-5708
1239
-1287
-11520
-10489
-5534
-5016
-8216
-15154
-15365
-10648
-7753
-9991
-17927
-19583
-10846
-6390
-15944
-22383
-11810
-6743
-13325
-21250
-16817
-5796
-5205
-13304
-14240
-7005
-2857
-5203
-7448
-3262
1820
2147
-1289
-480
3668
8536
7767
5067
7625
13203
13094
9853
14531
11461
9694
18410
20138
10803
8177
20212
19864
8523
10179
11975
15958
15996
7652
3739
9291
14817
10390
3386
996
6410
12628
1529
-7401
1040
9252
3695
-8867
-7930
1857
3572
-6757
-10399
-3877
-3588
-4864
-9640
-13367
-9865
-6794
-6607
-14173
-17260
-13809
-6098
-8466
-19866
-16209
-7842
-8311
-16367
-20225
-11524
-3226
-8865
-17099
-12026
-3709
-3788
-8086
-8428
-1266
1411
-2543
-3927
-200
4973
5533
3427
2631
7824
10985
8808
10215
7835
5467
16378
17875
8257
5052
16149
19807
6616
7583
10033
14988
15168
6984
3618
7194
13801
10285
4619
2514
4142
11859
5412
-5579
-469
9750
7864
-5616
-8397
1670
7209
-2029
-10615
-1972
1623
-2296
-7908
-9662
-4930
-4153
-6082
-10229
-10129
-11798
-9144
-4265
-11218
-15933
-10928
-6367
-9669
-16798
-14751
-5742
-5092
-14692
-14471
-5856
-4429
-7452
-9100
-5133
-1846
-2869
-4198
-2179
1031
2737
2516
352
4437
8770
6804
7626
5948
2494
13590
18031
5883
1317
15239
20001
3989
5854
10603
13128
13825
6551
3663
6723
12707
9939
4332
3237
5179
11132
5214
-4157
1063
9482
8564
-2944
-6270
1572
7356
853
-8820
-1983
3184
715
-5132
-8809
-4125
-1677
-3370
-8906
-9129
-8592
-7804
-3684
-8974
-13801
-9756
-6190
-8553
-14173
-12429
-7022
-5715
-11796
-13977
-7266
-5454
-6927
-8486
-7044
-3786
-3015
-4045
-3995
-527
1880
700
-910
2092
7028
6147
5938
2929
-81
12179
16604
3407
-648
13560
18590
1884
2163
10873
12487
10696
3841
2414
6581
11027
8318
2180
2904
6581
9430
3123
-3347
2660
9051
6673
-1213
-3312
2341
6402
2422
-5622
-887
4230
2026
-2437
-4998
-2504
-897
-949
-6066
-7573
-5874
-5086
-2966
-6161
-10701
-9069
-6002
-5475
-10766
-11838
-7170
-4391
-8981
-13122
-8617
-5178
-5581
-7622
-7457
-5183
-3009
-3104
-4738
-2736
1078
1589
-2103
-1083
4635
6653
6247
-2393
-1860
14742
13232
-1894
-2130
14950
15708
-2018
699
8583
13579
9529
-844
297
7049
12932
5343
-1157
2532
8461
9185
29
-2639
5219
10064
5421
-2395
-272
5614
7147
2230
-3268
2338
4987
3206
-847
-1809
1636
1013
-461
-3655
-3050
-3757
-4318
-680
-2818
-8247
-9047
-4772
-3573
-8023
-9691
-6862
-4657
-7231
-10831
-9472
-5864
-4710
-6581
-7565
-6442
-3931
-2886
-4328
-3890
-1416
394
-2097
-2100
1332
4240
5526
-3605
-4335
11863
11459
-3141
-4899
12205
13422
-3891
-1429
5678
11351
7383
-2352
-2013
5073
10742
4095
-2357
68
7242
7169
-1611
-3732
4743
9293
3112
-3128
-699
5254
5311
868
-1402
2308
4050
1435
-1839
117
3675
1110
-1176
-1877
-25
-3207
-4110
719
119
-5371
-7917
-3751
-1507
-4208
-6995
-5979
-2209
-3346
-8066
-8924
-4336
-369
-3076
-6808
-5769
-1461
-768
-2295
-2824
-879
1728
-1041
-897
1181
4181
5783
-5892
-2139
11934
8579
-4981
-4530
12807
7897
-3849
-1173
2745
8357
5452
-3726
-4245
3766
9829
2077
-5579
-1485
7662
5090
-5618
-2988
5725
6862
-95
-3743
1998
4793
2525
-575
1361
3605
1958
416
-792
2281
3922
972
108
-295
713
-1278
-2176
1259
1436
-2493
-5934
-1964
-235
-1301
-4379
-5409
-981
-25
-4663
-8485
-2969
2537
-612
-5956
-5052
419
1353
-574
-2325
-130
889
127
1174
1474
4568
1234
-6406
3178
10567
1606
-6061
1323
10304
-927
-4066
-608
2855
5336
-209
-5887
-3748
3912
4323
-2549
-5734
-242
5262
-1007
-8110
-1085
5905
2334
-5157
-2774
4296
3364
-1836
-3628
4050
4536
-548
-3059
-438
4771
3425
-1002
-1770
1756
2719
-1708
-2967
1086
3357
-465
-5782
-2329
1887
1230
-4525
-5392
-52
2504
-2399
-7995
-2389
4440
2003
-5771
-5006
2764
4783
-211
-3067
1483
3025
1483
1589
2862
5194
-198
-4548
5694
9246
-1048
-4712
5430
7874
-4605
-3605
69
3055
4243
-2044
-6818
-2701
3399
1093
-4174
-5868
67
3867
-3733
-8740
-643
6305
321
-7263
-2976
4276
3360
-3350
-4220
4518
4213
-2363
-4015
667
4825
1972
-868
-1762
1692
2435
-1757
-2451
963
3455
-132
-4727
-3121
2603
3642
-3720
-6203
-401
4904
-598
-6785
-2019
5927
3722
-4825
-3637
3319
6330
1847
-1875
1441
4580
3656
2356
2411
5905
1846
-3790
4833
9651
849
-5315
5063
8745
-4341
-5172
353
3815
3372
-1548
-7523
-5145
3550
2511
-5838
-7821
-833
3712
-4285
-10939
-1815
6506
708
-8853
-6048
2292
3769
-1976
-6079
1997
4422
-2529
-5977
-1407
4088
2805
-1137
-3853
-526
2578
-3
-3044
-1195
2542
1568
-3840
-5515
1280
6442
-421
-6934
-2972
4907
2593
-4716
-2228
5242
5333
-2244
-4342
2393
7708
4259
-977
1074
3634
4363
3478
2112
5239
5020
-2592
1226
9204
3246
-3576
2650
9159
-1939
-6571
1121
3830
3485
-575
-6328
-5830
1624
3582
-4407
-7191
-2795
2946
-2083
-10722
-5663
4461
2824
-7560
-8595
-714
3311
-1483
-6664
-1364
3375
-560
-5972
-4814
957
3075
-312
-4079
-3295
1568
416
-3271
-2533
872
2331
-2773
-5569
-1531
4387
2183
-5059
-4842
2970
4587
-2696
-3550
3126
6648
1293
-4497
-6
7860
7184
757
179
4118
5683
5003
2813
4526
8587
5036
-2555
4145
10591
4377
-1449
4209
8402
-1881
-3472
3306
6532
2797
-2311
-5617
-2842
2556
2236
-4664
-6238
-1407
1638
-4411
-10248
-2949
4260
-141
-8786
-8171
517
2122
-3230
-6462
-635
2550
-3195
-6500
-2678
1540
829
-2498
-3509
-1977
-1073
-2475
-2023
-574
-540
-1959
-4420
-2968
-976
1466
-910
-5526
-4089
1532
2244
-4227
-3544
3968
4840
-3929
-5832
3702
8126
2609
-2592
1077
5446
4914
3238
3224
5704
8085
7311
-3135
2026
15110
9008
-2047
1111
11437
3814
-2489
2630
6382
6109
1707
-4777
-3336
3458
5469
-2852
-6727
-2134
3308
-1649
-10187
-4142
4435
2412
-7871
-10021
-1077
3587
-1095
-7507
-3743
2038
-838
-5472
-5757
-605
1977
-1678
-4367
-6415
-3496
-834
-1532
-4215
-4637
-653
-4079
-6721
-4197
1991
102
-7806
-6910
426
2313
-5506
-4821
2163
3705
-2554
-6103
1108
6015
4239
-1402
-905
3354
5556
4682
2863
5740
9147
9043
-640
-2990
15260
19951
-323
-6076
12277
17072
-1379
-4235
6958
13113
7874
-3682
-6620
3847
11530
2626
-7155
-4883
4761
4964
-7509
-10195
2970
8973
-2164
-13696
-8110
5885
4800
-7143
-10025
329
3583
-4995
-9714
-4634
3190
987
-7595
-10699
-4749
129
-3475
-7171
-7438
-3049
-2497
-9636
-10244
-838
3553
-7441
-12745
-5136
2713
-908
-9326
-4346
3659
1672
-6645
-5376
2932
6278
2508
-3541
-1668
4660
6730
3141
4689
7449
6463
8212
3474
-44
14134
19991
3341
-3556
11855
17121
632
-387
10303
14304
6258
-2626
-1450
6833
10525
3427
-2167
-2351
3630
6079
-4061
-7435
3436
8507
-1248
-11687
-6316
6351
4828
-5446
-7852
573
1528
-5747
-7563
-2562
2585
-2408
-9536
-8168
-4777
-3248
-4225
-7250
-7824
-5356
-6046
-10908
-9475
-2153
248
-8937
-14521
-6668
1526
-3376
-10308
-5044
1305
-347
-7589
-5448
3084
4443
-916
-3822
-1195
3165
5384
3728
3194
6102
7167
5280
6773
2365
5678
20614
13721
-4851
1583
20359
12602
-4591
5253
16516
10406
-5
-1315
4868
10391
8564
1326
-2118
630
7814
4000
-6764
-1987
8596
5624
-6476
-9143
1455
7991
645
-6824
-4445
1963
-1328
-7871
-5366
-512
-473
-7981
-9334
-7624
-6512
-4431
-5732
-10040
-11832
-5535
-5906
-13787
-12464
-1156
-2137
-14829
-15693
-4245
1808
-7458
-13082
-4938
1578
-2994
-9123
-3171
4151
2619
-3326
-4401
448
5997
6038
3517
3064
6333
8365
5901
8671
5742
7309
18313
14719
671
3477
19467
17106
-673
5038
16112
12901
5288
2118
5708
11288
11072
4593
720
1970
8758
7427
-1122
-3218
4875
9141
-99
-7511
-1882
6956
3633
-6035
-6612
165
-186
-6206
-6164
-3736
-3897
-7981
-9270
-8111
-9270
-8016
-8138
-10970
-13094
-10325
-8458
-13080
-14302
-8462
-5251
-13004
-16687
-8807
-2161
-7343
-14551
-8887
-796
-2768
-10394
-6419
1738
843
-3598
-4362
1353
4015
3722
2674
4631
6555
7421
6733
7223
12604
7862
6838
18132
17959
4427
5858
21409
16847
2921
9020
17637
14391
8477
6538
8699
11807
11692
7582
3911
4680
9559
7637
-1611
-589
8398
7327
-3035
-5727
841
4757
-1253
-7586
-5813
-77
-2801
-10335
-9208
-6481
-5303
-9530
-12374
-10909
-11084
-12011
-11738
-11442
-14810
-12402
-11271
-15866
-15561
-8535
-7075
-16020
-16375
-7589
-3303
-11716
-15520
-5238
973
-5817
-12376
-5124
3145
2041
-3721
-3263
3339
5104
2833
3105
7553
9867
8636
6509
8682
14106
13952
6329
11947
22800
14354
3653
14156
23927
11642
6571
14735
16969
13090
10343
8633
9558
13736
11827
5548
3909
6586
9210
5294
-1600
723
7846
4706
-5394
-6747
1463
3559
-4609
-10550
-6675
-1854
-7804
-12672
-9608
-8632
-9900
-13557
-13909
-13832
-13387
-11959
-12420
-15412
-17209
-12107
-12102
-17019
-15269
-7601
-10134
-17341
-14281
-6048
-5639
-12751
-11636
-2935
-647
-7725
-8478
-399
4642
646
-4345
568
6772
6682
3073
5720
10092
10183
9347
10105
13027
15357
16898
8960
10741
24250
20865
6728
10650
25616
19209
6116
11517
18110
16634
12724
7772
7203
12301
13336
6750
1832
2666
8820
5388
-4772
-3662
4811
4346
-6172
-10087
-4626
868
-5695
-12736
-10452
-4954
-8445
-16019
-13213
-10329
-11517
-15509
-14321
-13956
-16227
-13875
-12907
-16146
-17488
-10981
-11700
-18610
-16706
-6424
-7165
-18401
-16287
-4369
-1941
-11742
-12773
-2271
2489
-3334
-8349
-1811
5889
5478
1355
661
4830
8528
9162
8292
8943
11819
13849
12585
12615
14199
19052
20512
9560
11216
26730
23964
5098
9539
28244
21620
2808
7798
20663
18914
9275
3472
6239
12241
10585
3464
-1091
1256
6909
2580
-8072
-8287
2894
3622
-9793
-14078
-7487
-2140
-8320
-15455
-14212
-7844
-8016
-16392
-17562
-14524
-9470
-13363
-17312
-16170
-15400
-13461
-13635
-15282
-15679
-10442
-10372
-16734
-16064
-6920
-4662
-14344
-15668
-5192
172
-8250
-11339
-921
5367
-983
-6373
-164
6688
7375
2685
3394
7446
10440
10331
9367
11123
12921
14514
13769
15235
14608
16746
19645
19160
10066
12066
27115
21078
4792
11717
27244
16718
703
9432
20028
14067
4391
2260
5965
9816
5722
-1142
-901
1746
3484
-2063
-10126
-7167
556
-2066
-12752
-15477
-8081
-3802
-11744
-18166
-11908
-8109
-12972
-17544
-15935
-13411
-11725
-14119
-17235
-15970
-14199
-14148
-15306
-14649
-13018
-9799
-10743
-15133
-13490
-6483
-5220
-11534
-12067
-4278
-557
-6429
-7856
818
4965
504
-3167
1880
8226
7645
4724
6301
10233
10267
10973
11699
11882
14959
15767
14613
13474
14852
18217
18207
17075
13846
10349
20404
24682
10483
5238
19014
23245
4663
-98
13748
16329
5979
269
629
3213
5313
1151
-2982
-3161
-150
-277
-8898
-12737
-6065
-696
-7416
-16500
-14354
-7818
-7733
-14512
-16931
-10600
-8241
-13637
-17478
-14722
-10747
-9550
-13308
-17015
-15590
-11082
-10217
-14610
-14641
-9163
-5846
-11445
-13647
-6253
-1499
-5205
-10091
-6272
412
-186
-4656
-1599
5676
5630
-439
-786
8252
12264
8357
5006
8100
13563
12078
10786
11698
15852
15256
12497
13677
13526
14801
17515
17210
14584
14291
11460
13490
20795
17258
5670
8487
19014
11110
-2562
3939
13405
8639
-1870
-4601
1058
3334
-885
-4529
-5611
-5770
-2798
-6760
-13641
-11506
-3927
-5048
-16251
-18375
-10805
-6129
-12450
-16687
-12798
-9819
-12699
-15868
-13368
-13275
-10092
-10570
-14580
-16050
-12179
-7985
-11913
-12170
-7988
-5660
-8793
-10152
-5915
-590
-1381
-5952
-5940
-158
4460
483
-2371
4093
8411
4279
804
6481
12181
10841
7460
7700
10526
12442
11708
10681
12105
14590
13240
8928
10253
13427
14843
13262
12273
12887
14463
9460
7244
16073
17212
5798
3793
11110
9294
-339
2124
6641
5106
-152
-3321
-2089
-496
-1110
-4434
-5646
-7893
-6539
-5901
-10103
-11124
-7762
-5945
-11548
-15602
-12569
-6816
-8855
-14175
-12905
-8941
-10643
-14601
-11217
-9869
-9554
-10182
-10361
-11114
-11725
-6807
-5069
-7633
-9506
-4590
-2028
-6407
-6078
283
3476
-2985
-5250
1313
6192
2314
-671
5181
7189
4327
2669
7376
10432
9438
7608
7294
9045
8812
9262
10175
11249
9712
8518
9075
9241
9301
11714
12798
9569
7499
9257
11132
5996
5484
13375
12763
1541
-62
9086
7636
-974
-200
4782
3857
-2721
-5229
-2547
283
-2368
-6329
-6955
-7444
-5092
-6811
-10178
-8705
-5520
-7371
-12220
-11209
-7635
-6016
-9303
-11630
-9398
-7868
-9870
-10717
-7826
-7251
-6669
-7191
-8434
-8450
-5520
-1503
-3497
-6763
-5672
-438
-1175
-5688
-2858
4266
4173
-2975
-3599
4194
7311
1948
26
5582
7249
3381
1710
6722
9360
5805
4342
6381
7965
5849
7055
8237
6125
5862
5966
7288
6473
6004
6947
7414
5337
4169
5867
6848
6519
848
2098
8530
6652
-2407
-1073
8654
5416
-6011
-4013
3241
3231
-3587
-6174
-3494
-930
-3441
-7207
-7237
-5749
-2692
-4874
-9470
-9944
-3021
-1675
-8622
-9783
-5333
-2274
-7453
-9052
-6265
-4347
-4629
-6462
-5405
-4083
-3208
-3827
-1519
-3165
-3871
-1053
-467
-1788
-2510
395
489
-2320
-554
4658
3883
-735
104
5571
5656
-112
-842
5362
7620
3247
-507
3295
6659
4690
3042
4338
4563
2891
3659
5605
3444
1297
4353
5716
3160
770
3916
5883
4473
2225
2377
2960
3968
5079
-839
33
7640
5850
-4213
-2828
7706
4753
-5096
-3758
4303
4207
-3135
-5133
-2578
1411
-1362
-5278
-5032
-3016
311
-2507
-5949
-5266
-1121
-294
-4953
-5738
-3314
-1572
-3360
-4152
-3928
-1955
-1625
-2852
-2531
-2050
362
-947
-1892
-2722
-1658
712
-205
-3242
-3428
1090
364
-3928
-3189
3376
2520
-4057
-2939
2423
2036
-2724
-2475
1408
2343
-972
-2470
1016
2039
392
-332
413
682
-193
-574
271
946
805
-13
169
1896
1147
779
1513
2704
2359
877
908
2411
3949
2508
-1411
3124
6927
2644
-2625
1958
7712
3306
-1863
1255
7401
3509
-892
-223
3943
2569
-1434
642
1836
1206
432
209
-569
-1691
1969
1614
-1873
-2263
881
1540
-1403
-2662
-1601
834
-250
-1649
-1846
-1880
-426
-785
-1192
-3674
-1828
-799
-2674
-2716
-3004
-1921
-4141
-3829
-2698
-1424
-3911
-5001
-2892
-1225
-3173
-5886
-3809
-884
-1409
-5754
-3934
-552
-1190
-2494
-2361
-1311
-817
-1603
-2131
-803
-363
-658
843
798
-567
150
3956
3298
996
2132
4790
4258
2176
3352
7619
6306
1548
5812
8464
4992
3073
7750
9586
4481
1780
5186
8966
5726
2380
2812
6257
5265
765
1255
2867
4605
1861
-601
-337
997
1731
-572
-977
-2310
-1539
-826
-1841
-2967
-3533
-2576
-3516
-4413
-5881
-5202
-3250
-4325
-5985
-7238
-5440
-4585
-6162
-6443
-4966
-4947
-8085
-6547
-3230
-4014
-8201
-5893
-2352
-5142
-8047
-5291
-1469
-2867
-5064
-4738
-2223
-2387
-2418
-1245
-551
-1916
-2360
190
1466
-43
-172
3130
4000
1661
686
3649
6329
5016
4281
6309
7064
6284
5945
7888
8992
8913
8214
5825
8617
11780
7582
5712
9812
11310
5443
3686
8402
8151
4653
4079
5177
3210
2345
2993
3434
1360
98
517
-1007
-1570
-1707
-1489
-2915
-3733
-3514
-5422
-6023
-4590
-3329
-5979
-7739
-7171
-6575
-7273
-8988
-7392
-7199
-8309
-9166
-8285
-7542
-8189
-6887
-5859
-7141
-8967
-6918
-3773
-4324
-7113
-6874
-3516
-2988
-5340
-4943
-1134
463
-2147
-2833
-452
1388
993
1440
1847
1853
2757
3674
3239
2639
4709
6508
5088
3329
4853
7243
7124
5833
6318
8013
8098
6993
6845
7733
8920
9143
7443
6849
10150
8050
4841
8834
9555
4829
4472
8116
5876
1402
3621
5949
2899
-696
924
1603
200
-2226
-1526
-384
-3655
-5125
-4535
-3618
-4885
-5968
-5419
-5618
-6855
-7894
-6582
-6592
-7266
-7415
-7783
-7995
-8033
-7705
-7990
-6722
-6529
-8247
-8868
-6695
-5694
-6926
-6451
-4985
-4495
-5562
-4784
-2242
-2061
-3885
-3234
-142
-648
-2347
-406
1943
1105
145
1671
2756
2474
2806
4856
5080
3974
3709
5065
5675
5388
5306
5904
6535
5361
4858
5857
7149
6265
5920
6074
5491
4885
5687
6225
5294
5040
4671
4499
3774
3201
4875
4980
1390
1162
5006
3056
-2347
213
4719
1343
-3827
-589
2062
-1054
-4179
-2161
-1230
-2845
-4436
-3294
-2699
-5212
-4818
-3853
-4285
-5804
-5041
-2837
-4431
-6032
-6101
-3751
-3732
-5593
-4627
-3084
-3619
-5580
-4764
-3043
-2047
-2808
-3028
-3581
-2501
-1078
-1954
-2058
128
404
-2687
-2401
1174
2294
-477
-692
1913
1889
-237
-57
3120
4028
1468
798
2923
3384
1510
2684
3890
3046
1895
2742
4261
2847
1482
3700
5388
2734
603
2121
4505
3511
830
1306
3422
2230
-266
810
2484
1948
311
-87
509
1669
618
-928
-30
2078
1288
-3589
-1243
3352
651
-4068
124
3356
-2378
-4484
1214
2633
-2617
-3519
222
-28
-2804
-2852
1054
76
-2904
-1773
-356
-700
-2305
-43
510
-930
-2427
-1414
1144
-453
-1252
-171
574
-1408
-2093
-241
437
-4
-1029
-569
-938
-1400
-1669
-275
162
-579
-1102
-2834
-1710
248
-144
-2861
-1472
267
-1712
-2874
-1403
-522
-762
-1044
-1649
-1779
-2334
-1094
-624
-686
-1813
-1721
-310
-912
-1272
-634
994
501
-1701
-1917
547
1810
-269
-1089
729
1461
-173
-390
1395
2896
1830
1029
1578
1907
2338
3206
3479
2529
2609
3903
4372
4774
3974
2780
6381
7325
2528
2482
9317
6917
426
3089
7841
5166
412
4508
5058
1779
357
3931
4643
-1956
-356
3187
1500
-3434
-3148
2265
-252
-4452
-4745
-894
-1786
-5958
-4408
-2172
-3881
-6730
-5708
-4123
-4205
-6819
-6565
-4880
-4490
-6433
-7342
-5399
-5033
-5623
-6980
-6341
-4390
-5149
-7150
-5952
-3161
-4473
-5825
-2995
-1951
-4954
-4429
-248
-428
-2893
-2606
485
525
-583
-208
1559
2658
2066
1529
2061
3751
3821
3753
3770
4407
5059
5075
4661
5319
6243
6406
6255
5465
6089
7297
6638
6147
6917
6797
5597
5816
5676
6395
6661
5347
5130
6209
6248
2787
4301
7609
3999
-473
4686
6642
-186
-2123
4980
4314
-3749
-2133
3946
-613
-5131
-3065
1485
-2997
-7443
-3130
-2885
-6202
-8723
-4515
-4261
-8357
-8572
-6304
-6348
-9363
-8303
-6227
-7189
-9176
-8845
-6670
-6742
-8105
-7678
-5856
-6106
-6496
-6277
-4665
-3898
-4366
-4721
-4017
-1675
-2016
-2459
-1166
335
-51
-162
928
2182
3033
2707
2717
2842
4061
4449
4908
5094
4914
4866
5791
6786
5223
4726
7161
7508
4463
4446
6849
7158
5276
4772
5687
5734
4750
4463
4636
4626
4699
3546
2403
3274
3293
2772
1972
1537
1721
1823
949
125
575
675
334
-98
-1349
-259
-653
-2946
308
929
-3917
-4636
2093
-873
-7102
-2481
1664
-3903
-7475
-565
-1205
-6917
-6133
-850
-2488
-9018
-4976
-2183
-5417
-8198
-4423
-1893
-7163
-6885
-3684
-2863
-6093
-5734
-1348
-3016
-5359
-3622
-534
-1574
-2937
-1364
164
-947
-741
42
839
787
1305
1725
494
2304
3226
2590
1522
3493
4620
2678
2828
4265
4420
3602
3940
4025
3778
4259
4720
3876
3356
3792
3853
3752
3568
3452
3243
3695
3777
2288
1652
2621
3119
1830
900
1786
1503
171
-32
711
522
-596
-459
-435
-1444
-1987
-996
-504
-1683
-2191
-2462
-2141
-1557
-1844
-2593
-2407
-1214
-2530
-2832
-1525
-1828
-2267
-536
-1081
-3645
-1305
1138
-2290
-4129
2099
1235
-4847
-1939
2992
-868
-5328
1190
1539
-4207
-2213
1714
-677
-4830
190
1900
-3572
-3807
1318
1302
-3920
-2324
1270
-86
-1844
-324
1085
-149
-648
833
1009
-592
568
2173
757
-745
628
1564
734
606
1086
1232
221
560
2006
1325
240
749
1632
920
328
900
1372
1695
856
503
616
1088
1084
1268
1153
590
819
713
956
286
659
1352
287
-312
91
1019
661
-118
-55
694
503
-579
43
839
71
-149
190
230
-157
-240
117
192
146
-559
-357
259
-509
-844
-103
107
-953
-783
128
-339
-1028
-840
-169
-456
-228
-354
-1167
-458
513
-949
-1411
636
155
-1427
-994
400
-658
-1219
124
-240
-1408
-896
191
-682
-1258
-454
-340
-1068
-689
-166
-760
-676
-208
-624
-543
-24
-606
-547
378
268
-761
-178
769
417
-239
30
879
526
119
851
1118
395
506
1024
1009
744
522
961
1495
317
-89
1194
1435
26
71
1411
403
-592
376
1121
-167
-686
374
404
-624
-949
38
288
-547
-949
-867
-557
-507
-375
-327
-962
-1252
-368
172
-1067
-1376
-53
367
-1092
-1731
37
344
-734
-890
3
181
-541
-72
69
-56
17
249
306
-271
433
991
449
-15
860
1040
600
742
1030
987
775
1389
1126
1013
1218
1466
1251
1170
1453
1585
1521
1274
1205
1320
1757
1240
1075
1729
1425
883
670
1437
1393
689
475
521
509
246
415
128
-332
-64
-465
-706
-497
-763
-786
-1293
-1489
-1435
-1781
-1561
-1842
-2051
-2152
-2130
-2671
-3163
-2192
-2140
-3261
-3194
-2699
-3020
-3340
-2864
-2886
-3472
-2930
-2593
-3120
-3438
-2648
-2171
-2731
-2585
-1984
-1817
-1868
-1708
-1336
-771
-782
-501
-189
-3
406
801
1102
1116
1852
1975
2119
2506
2681
3358
3661
3400
3213
4167
4413
3652
4297
4981
4035
3700
4760
4770
3715
3855
4798
3910
2969
3642
3925
3131
2975
2722
2463
2374
1994
1986
1375
1352
1368
752
61
-24
398
-485
-1030
-308
-908
-1729
-1592
-1560
-1807
-2269
-2270
-2746
-2875
-2589
-2840
-3036
-3594
-3366
-3357
-3643
-3757
-3654
-3367
-3670
-3716
-3687
-3412
-3694
-3222
-2914
-3142
-3482
-2426
-2128
-2902
-2606
-1491
-1112
-2633
-2087
99
-431
-2179
-783
922
-207
-1251
262
1488
445
13
1041
1616
1044
1041
1557
1989
1737
1408
1968
2287
1814
1793
2741
2620
1641
1988
3130
2408
1619
2275
2937
2225
1808
2262
1994
2295
2053
1668
1922
2012
1593
1117
1948
1794
927
1136
1408
1071
577
888
1012
438
279
443
393
96
-137
-259
-125
-309
-728
-537
-734
-1195
-1196
-661
-1042
-1873
-1553
-1178
-1619
-2070
-1641
-1709
-2012
-1832
-1982
-2012
-1871
-1836
-1939
-1893
-1764
-1751
-1986
-1707
-1224
-1688
-1862
-1267
-812
-1805
-1682
-484
-877
-1407
-1036
-508
-943
-698
-439
-570
-405
-375
-117
-48
84
65
318
571
591
743
960
953
1096
1430
1347
1685
1885
1921
1946
2008
2146
2358
2605
2478
2413
2607
2780
2586
2349
2673
2814
2321
2230
2692
2383
1743
2003
2309
1714
1326
1503
1347
1175
751
559
394
302
98
-275
-556
-699
-573
-1126
-1400
-1498
-1376
-1651
-2241
-1971
-2142
-2444
-2304
-2302
-2928
-2789
-2266
-2850
-3105
-2501
-2627
-3079
-2555
-2330
-2897
-2675
-1967
-2523
-2624
-1590
-1790
-2414
-1784
-1128
-1539
-1548
-812
-860
-1097
-474
109
-267
-615
236
884
296
178
1008
1404
647
840
1715
1569
1313
1474
1993
1579
1553
2126
1987
1650
1975
2193
1834
1937
2037
1744
1956
2196
1672
1566
1778
1804
1659
1552
1419
1477
1411
1219
1320
1065
989
1128
1005
699
625
831
758
337
153
562
419
-165
140
148
-330
-393
-92
-388
-767
-757
-532
-523
-1233
-1238
-858
-1094
-1662
-1369
-1080
-1637
-1728
-1422
-1604
-1712
-1478
-1793
-1767
-1419
-1663
-1838
-1526
-1385
-1545
-1409
-1195
-1278
-1312
-927
-792
-922
-677
-535
-494
-275
-165
-198
85
258
121
281
643
625
516
706
851
791
706
893
928
954
910
955
1003
842
830
1010
940
662
827
884
586
740
700
511
499
581
517
370
498
487
414
164
485
489
224
171
473
686
-170
192
510
291
18
86
578
-115
235
174
-86
134
-60
-25
-61
61
-296
-228
-7
-305
-336
-274
-278
-338
-450
-493
-553
-247
-438
-794
-462
-287
-711
-985
-482
-438
-804
-994
-626
-484
-959
-992
-717
-605
-897
-951
-775
-725
-745
-856
-761
-569
-593
-690
-679
-570
-324
-337
-465
-365
-120
-178
-239
-25
88
37
74
329
148
210
534
481
430
529
701
698
636
773
1008
861
731
1108
1225
943
959
1223
1224
1139
1260
1203
1103
1388
1333
1136
1139
1222
1312
1140
1052
1089
1070
972
1063
849
609
851
682
445
513
569
269
80
196
80
-329
-253
-72
-387
-666
-600
-647
-905
-926
-1031
-1129
-1203
-1240
-1350
-1569
-1480
-1398
-1549
-1636
-1746
-1519
-1470
-1824
-1684
-1407
-1482
-1783
-1493
-1228
-1523
-1428
-1159
-1221
-1290
-1007
-863
-994
-780
-677
-574
-410
-511
-288
-70
73
-90
-4
459
553
276
409
924
851
614
989
1326
1102
1149
1496
1524
1271
1531
1818
1589
1545
1760
1861
1681
1683
1703
1716
1643
1602
1500
1464
1592
1261
1141
1194
1246
840
647
964
680
299
271
350
221
-152
-181
-66
-264
-623
-724
-530
-728
-973
-1024
-995
-1113
-1345
-1362
-1253
-1384
-1679
-1570
-1352
-1685
-1816
-1529
-1531
-1759
-1713
-1479
-1667
-1679
-1399
-1386
-1532
-1401
-1078
-1169
-1223
-961
-827
-725
-701
-564
-432
-247
-96
-100
59
223
365
464
490
691
901
932
898
1124
1350
1210
1203
1521
1662
1411
1519
1695
1681
1679
1530
1697
1785
1657
1554
1615
1639
1509
1506
1429
1459
1297
1178
1280
1102
925
884
914
651
556
544
381
280
146
19
-23
-191
-408
-299
-509
-774
-725
-798
-1044
-1101
-1031
-1251
-1431
-1332
-1373
-1580
-1608
-1551
-1573
-1778
-1681
-1515
-1737
-1784
-1615
-1557
-1692
-1524
-1455
-1454
-1357
-1303
-1267
-1195
-963
-1021
-985
-784
-730
-692
-537
-381
-355
-260
-96
-34
107
134
215
401
436
458
608
845
770
825
997
1082
1099
1173
1382
1288
1281
1473
1567
1432
1399
1717
1679
1387
1560
1816
1446
1417
1746
1511
1248
1351
1468
1142
1073
1170
1058
796
702
756
532
396
369
233
19
-52
-153
-220
-392
-529
-607
-678
-823
-999
-920
-1073
-1244
-1247
-1166
-1377
-1486
-1334
-1306
-1501
-1508
-1313
-1346
-1507
-1373
-1165
-1239
-1300
-1100
-900
-1042
-1022
-752
-649
-796
-698
-492
-419
-460
-390
-216
-256
-191
-41
-133
-54
117
86
30
223
250
144
319
367
284
268
503
515
270
421
607
511
382
543
651
507
548
688
601
542
681
750
546
587
891
720
516
767
856
606
635
843
761
533
708
766
569
605
733
638
410
594
668
358
331
603
503
119
299
485
241
21
206
259
-78
-30
77
-41
-304
-135
-28
-379
-463
-280
-399
-603
-547
-478
-620
-773
-688
-704
-805
-894
-838
-884
-1009
-966
-955
-955
-993
-993
-919
-1024
-989
-897
-856
-927
-939
-650
-699
-773
-634
-415
-472
-570
-358
-186
-189
-150
-33
74
153
206
319
349
498
554
510
663
792
803
822
966
1032
968
1002
1162
1136
1076
1159
1185
1180
1086
1168
1158
1078
1067
1033
950
871
935
770
655
672
568
459
378
343
198
111
37
-149
-217
-271
-339
-485
-602
-674
-737
-775
-989
-1027
-993
-1088
-1244
-1299
-1145
-1220
-1450
-1350
-1224
-1356
-1444
-1295
-1175
-1328
-1325
-1064
-1044
-1095
-980
-816
-803
-776
-644
-443
-368
-381
-266
-83
110
51
75
358
481
363
437
691
765
675
797
952
954
902
1001
1149
1086
1032
1126
1195
1079
1050
1165
1194
1045
1008
1097
1083
897
922
992
861
741
763
803
627
565
577
475
382
309
296
195
137
80
10
-8
-147
-193
-240
-252
-354
-422
-441
-491
-535
-602
-629
-607
-644
-765
-730
-732
-761
-806
-794
-758
-818
-836
-764
-731
-786
-793
-718
-656
-704
-736
-602
-524
-684
-590
-399
-467
-512
-360
-298
-388
-321
-184
-176
-189
-96
-24
-23
30
126
87
151
262
258
267
311
390
400
404
496
508
464
501
580
545
514
597
610
531
518
625
565
494
541
491
492
413
419
425
336
324
299
258
194
179
165
103
40
40
30
-45
-83
-104
-160
-177
-182
-257
-268
-281
-286
-307
-332
-370
-379
-329
-359
-392
-357
-312
-371
-388
-291
-282
-371
-306
-199
-261
-301
-171
-133
-204
-154
-57
-49
-150
-21
51
22
7
48
152
107
99
139
201
184
180
228
223
193
261
240
180
236
228
202
185
172
223
137
102
139
138
92
39
95
94
17
4
47
54
-8
-18
45
35
-46
30
108
10
-24
68
91
31
65
100
86
78
130
115
86
96
172
152
54
86
164
113
52
122
165
57
5
106
71
3
9
51
27
-37
-52
-28
-55
-102
-96
-105
-134
-180
-171
-194
-186
-221
-233
-271
-307
-273
-327
-366
-317
-331
-497
-403
-324
-517
-553
-414
-435
-624
-574
-453
-530
-667
-568
-459
-611
-610
-449
-470
-631
-501
-354
-424
-482
-326
-219
-319
-257
-137
-101
-109
-42
64
163
184
166
323
412
352
372
499
629
647
627
730
799
754
796
890
895
834
909
986
929
874
953
960
868
824
899
827
744
753
770
708
586
549
593
512
317
359
372
241
176
173
25
-43
-47
-82
-216
-322
-242
-340
-467
-507
-466
-572
-683
-665
-654
-734
-786
-787
-852
-856
-870
-839
-872
-880
-870
-883
-847
-854
-846
-818
-739
-731
-679
-653
-629
-546
-508
-450
-419
-364
-254
-166
-181
-56
33
47
58
187
314
290
350
464
497
495
609
666
651
682
762
768
788
849
801
782
819
881
795
779
843
821
720
745
743
650
591
602
573
494
472
407
421
294
207
196
158
86
32
-38
-107
-120
-151
-246
-315
-295
-390
-473
-460
-433
-532
-596
-532
-575
-687
-639
-610
-674
-685
-656
-703
-747
-679
-672
-682
-711
-676
-636
-685
-675
-603
-602
-600
-505
-555
-551
-472
-407
-396
-414
-374
-309
-265
-233
-200
-109
-68
-172
-57
111
82
12
121
243
231
208
277
415
314
245
476
472
363
445
555
518
396
504
579
535
410
525
587
461
439
447
507
407
349
405
376
281
275
304
296
209
151
159
153
93
77
65
87
-21
-68
22
-32
-116
-118
-36
-104
-152
-132
-129
-149
-158
-161
-161
-174
-126
-156
-173
-112
-159
-154
-89
-83
-119
-91
-59
-35
-54
-47
4
22
-30
23
80
46
52
64
106
62
113
135
80
133
149
131
112
123
100
98
143
155
86
92
113
73
75
73
62
39
25
51
21
-16
-9
-35
-28
-35
-68
-66
-31
-89
-131
-67
-92
-163
-153
-105
-147
-185
-160
-136
-172
-212
-179
-159
-195
-232
-173
-158
-201
-177
-183
-214
-155
-179
-190
-130
-147
-122
-154
-127
-116
-94
-93
-103
-54
-58
-47
-36
-1
15
-4
2
42
41
49
54
111
102
73
134
97
94
166
162
113
114
191
182
88
175
203
160
157
173
192
144
174
164
161
147
161
180
117
133
145
95
93
115
87
35
68
96
35
7
6
41
-13
-68
-12
-28
-82
-86
-67
-76
-105
-126
-128
-129
-126
-169
-136
-166
-184
-170
-148
-154
-240
-191
-159
-190
-245
-178
-164
-226
-218
-161
-166
-224
-197
-122
-203
-205
-92
-126
-213
-150
-66
-93
-139
-94
-21
-81
-103
3
14
-4
12
51
76
46
93
134
144
129
182
175
177
224
240
250
215
290
285
258
288
313
270
288
326
301
269
261
329
287
211
226
284
208
161
197
181
151
107
135
108
66
39
49
62
-19
-43
-7
-12
-105
-83
-40
-120
-131
-125
-144
-137
-179
-207
-138
-168
-248
-201
-214
-222
-239
-240
-208
-286
-267
-252
-222
-272
-279
-184
-265
-292
-231
-189
-218
-256
-194
-163
-196
-203
-137
-137
-155
-142
-106
-101
-118
-79
-49
-66
-64
-18
-11
-4
-11
35
51
14
48
107
94
70
110
132
125
127
183
164
147
159
204
225
172
186
237
216
196
220
250
219
208
235
221
207
213
236
209
191
190
179
177
168
176
156
116
126
120
102
107
92
61
60
21
41
26
-7
3
-22
-53
-50
-38
-74
-87
-97
-94
-122
-121
-141
-137
-145
-153
-172
-173
-167
-201
-147
-183
-211
-190
-175
-187
-186
-186
-165
-179
-188
-158
-154
-172
-133
-122
-154
-117
-96
-116
-91
-60
-75
-67
-42
-40
-43
-7
11
13
1
7
55
68
41
45
100
83
72
89
99
112
102
109
130
113
106
138
140
106
121
155
141
104
127
137
120
107
140
136
84
103
119
112
83
91
108
65
72
75
64
69
54
35
31
50
20
-21
18
43
-15
-57
-11
16
-80
-81
-13
-49
-97
-93
-52
-83
-113
-76
-86
-126
-119
-92
-115
-137
-96
-89
-127
-128
-112
-92
-130
-115
-97
-108
-97
-77
-93
-108
-67
-73
-75
-68
-48
-44
-60
-56
-15
-15
-49
-9
17
-18
1
20
13
32
35
37
31
45
78
47
40
60
72
57
71
87
71
72
85
92
61
86
97
75
82
75
63
58
87
87
46
53
70
62
22
41
66
33
7
29
39
-1
-8
21
8
-24
-14
-5
-22
-39
-23
-33
-44
-27
-32
-40
-60
-48
-47
-43
-26
-53
-58
-57
-41
-41
-49
-31
-34
-47
-48
-19
-35
-46
0
-25
-46
-15
-16
-29
-6
-1
-23
-7
-1
-4
-5
10
8
-13
7
18
23
10
15
25
16
23
36
16
13
30
20
14
6
36
32
-1
10
-4
19
14
9
16
-18
-13
14
16
-26
-9
3
-6
-14
-13
-5
-3
-13
-7
20
-17
-7
27
29
2
7
36
40
15
29
61
39
37
59
66
50
51
73
52
63
71
65
48
60
80
52
26
61
61
46
38
32
36
33
33
9
12
18
-6
-19
-4
3
-29
-42
-14
-31
-62
-66
-46
-69
-84
-69
-91
-113
-107
-97
-109
-147
-136
-120
-134
-140
-146
-131
-140
-159
-130
-138
-149
-142
-138
-132
-131
-127
-122
-121
-110
-94
-105
-102
-92
-66
-82
-86
-46
-59
-68
-40
-26
-31
-37
-33
-9
3
-8
-4
22
19
11
38
55
30
31
64
91
60
69
126
105
99
131
131
130
153
179
184
150
185
224
207
198
226
253
224
218
262
255
230
256
249
248
239
237
235
245
214
214
218
184
171
182
163
127
118
113
90
76
64
43
22
-4
-13
-25
-56
-89
-73
-97
-141
-146
-151
-171
-188
-196
-208
-230
-222
-218
-234
-269
-249
-239
-252
-263
-274
-244
-258
-268
-257
-236
-245
-246
-238
-245
-242
-225
-219
-215
-209
-195
-176
-194
-175
-152
-157
-156
-152
-114
-95
-123
-89
-67
-82
-68
-38
-11
-7
-4
19
39
54
60
68
86
120
136
115
133
187
184
188
189
205
234
224
222
227
250
252
241
251
278
240
248
270
265
243
228
256
255
235
215
222
213
207
185
178
170
163
143
116
106
112
79
43
41
31
5
-14
-10
-38
-57
-69
-83
-110
-138
-132
-138
-165
-203
-207
-186
-200
-249
-251
-216
-259
-267
-256
-241
-263
-256
-237
-252
-265
-241
-212
-235
-231
-193
-176
-197
-184
-141
-131
-143
-119
-87
-84
-75
-52
-32
-5
-9
4
28
35
52
74
91
105
116
140
146
148
180
203
194
208
226
240
252
257
255
272
274
274
274
267
279
288
248
251
261
244
235
213
199
195
181
158
152
132
131
120
93
45
60
75
31
-21
-19
3
-34
-81
-83
-71
-111
-145
-151
-149
-200
-208
-208
-216
-247
-260
-257
-268
-280
-322
-295
-285
-299
-311
-321
-304
-300
-313
-296
-284
-283
-283
-236
-214
-246
-233
-170
-152
-203
-163
-95
-98
-105
-75
-36
-29
-28
8
22
24
58
84
85
100
133
135
146
157
166
163
178
211
195
180
235
234
194
197
238
240
200
203
224
216
192
220
196
177
196
191
167
165
177
166
146
147
157
121
115
150
127
62
103
124
86
63
74
84
41
35
42
22
2
-2
0
-30
-41
-30
-54
-62
-57
-76
-83
-81
-81
-91
-120
-103
-82
-123
-117
-102
-106
-112
-124
-122
-94
-123
-119
-95
-114
-122
-103
-88
-114
-99
-102
-100
-107
-86
-94
-110
-74
-87
-104
-101
-76
-63
-105
-104
-55
-83
-103
-86
-68
-74
-93
-54
-68
-69
-52
-43
-60
-64
-34
-29
-44
-36
-13
-14
-8
-3
0
10
5
32
36
29
41
54
59
53
60
83
83
70
66
97
104
86
88
91
96
82
87
96
96
61
88
109
72
57
91
98
44
47
92
67
26
51
70
33
13
44
34
11
6
27
10
-13
8
1
-34
-16
3
-23
-33
-19
-21
-33
-38
-25
-25
-37
-32
-24
-21
-20
-23
-9
-22
-35
8
-3
-22
-9
13
8
-25
-14
8
-7
-21
-17
-11
-10
-18
-21
-12
-26
-40
-22
-29
-43
-32
-39
-49
-35
-41
-35
-43
-46
-34
-28
-36
-38
-24
-14
-19
-26
-3
-9
-1
7
-2
13
25
22
26
21
39
58
43
51
64
62
54
65
69
80
61
65
82
73
57
66
80
57
53
62
69
31
37
61
29
10
25
25
10
-17
8
22
-58
-13
7
-53
-61
-27
-26
-61
-73
-49
-54
-89
-63
-67
-71
-82
-76
-76
-74
-72
-83
-61
-71
-53
-78
-78
-45
-53
-71
-45
-37
-43
-57
-51
-24
-43
-38
-22
-19
-36
-29
-17
7
-23
-28
17
11
-10
2
18
16
15
15
46
27
28
47
51
59
50
46
86
77
51
78
81
83
95
94
86
95
99
92
99
70
95
103
58
69
99
61
56
54
63
42
22
41
25
20
11
6
-12
-2
-16
-29
-29
-22
-44
-60
-33
-46
-74
-66
-57
-79
-78
-77
-66
-96
-102
-65
-94
-86
-74
-81
-65
-91
-79
-42
-74
-73
-56
-34
-45
-55
-31
-1
-40
-7
29
-11
-3
22
33
2
28
60
31
19
63
54
31
44
62
82
27
54
72
52
58
51
68
56
33
70
76
19
36
81
42
16
48
50
33
6
47
33
9
19
34
29
-8
10
26
-2
-14
22
8
-14
-11
7
-13
-12
-15
-1
-9
-32
-21
-23
-15
-40
-36
-34
-47
-57
-32
-51
-81
-53
-61
-75
-65
-54
-83
-81
-62
-57
-94
-69
-50
-72
-87
-58
-50
-71
-60
-50
-42
-46
-40
-31
-17
-14
-33
-18
22
-2
-25
27
41
8
10
51
46
33
57
57
43
51
84
66
48
74
84
85
62
73
79
89
65
79
90
69
80
75
72
60
58
76
86
54
42
58
63
45
32
55
29
33
21
16
26
18
-10
16
4
-18
-19
-23
-10
-23
-44
-34
-23
-44
-42
-52
-49
-34
-53
-56
-49
-51
-75
-49
-50
-63
-72
-68
-36
-80
-86
-61
-47
-67
-82
-43
-63
-80
-67
-42
-58
-83
-45
-16
-77
-59
-26
-46
-39
-39
-32
-16
-34
-30
4
-20
-20
5
17
10
-15
7
24
25
17
14
49
29
28
57
50
40
64
69
53
53
57
76
68
69
61
62
80
66
47
75
72
52
65
65
51
34
35
101
49
-4
71
64
3
20
61
22
-1
25
42
-17
-32
28
16
-23
-25
3
-23
-31
-19
-30
-53
-15
-25
-75
-52
-46
-65
-54
-53
-61
-61
-55
-65
-66
-62
-46
-56
-46
-56
-55
-45
-51
-35
-38
-38
-10
-30
-44
-11
-2
-35
3
26
-33
-24
30
14
-33
14
53
6
-8
8
62
5
-22
61
44
-10
15
57
28
4
37
54
13
27
20
49
27
9
34
36
46
3
21
37
31
18
14
47
30
6
30
8
19
-2
18
28
-12
1
16
12
-13
11
13
-7
-2
12
-14
-19
25
-5
-39
-3
24
-34
-27
1
0
-20
-17
6
-4
-43
-23
17
-15
-31
-18
-10
-9
-24
-40
0
-10
-14
-13
-17
-12
-20
-4
-5
-14
-26
2
-3
-23
-15
-6
6
-16
2
-5
-4
-9
-7
9
-3
-11
-4
13
-7
-22
0
26
-5
-20
9
10
-10
1
4
12
-11
7
21
-18
-2
18
7
-7
8
22
-6
9
10
13
5
1
32
-1
4
15
10
1
11
16
-2
11
12
-3
0
5
22
-5
9
11
-13
5
8
5
-7
10
2
-3
-8
6
14
-27
11
27
-27
-11
11
13
-4
-18
21
-5
-11
6
6
0
-14
12
14
-7
-19
17
18
-11
-3
10
6
-1
-11
10
22
-16
-9
18
21
-33
2
25
-15
-24
22
15
-31
2
3
14
-17
-21
24
-4
-19
-4
0
-2
-1
-11
-5
2
-8
-18
11
-10
-13
-5
1
6
-22
12
-6
-8
-5
-9
3
6
-7
1
4
-7
4
-2
-1
-1
1
1
14
1
-14
2
11
4
-9
-9
2
17
-15
-5
13
-7
-19
20
12
-32
-7
25
-9
-13
8
8
-10
-4
10
-14
6
-1
2
8
-4
-2
-2
1
2
8
-2
-11
12
6
-8
1
-6
12
-6
-12
13
2
-22
12
11
-9
7
1
0
-5
-5
0
1
-1
-8
4
-2
-9
6
-2
-6
2
1
-9
-11
4
-1
-2
-14
-2
3
-15
3
-9
-6
2
3
-23
-2
16
-14
-9
1
11
-19
-6
20
-5
-17
6
2
8
-12
3
14
-11
12
-1
9
-2
0
11
8
10
-3
3
13
17
-8
7
15
-1
14
7
2
3
13
8
-2
5
8
4
4
4
8
3
6
8
-8
-1
11
-3
-8
8
3
-9
5
8
-14
-2
12
-21
-10
11
3
-16
-2
1
-13
2
-3
-9
-5
-9
-4
4
-4
-9
-14
13
-6
-12
5
-5
3
-10
3
2
-14
10
-3
-4
-4
11
-3
-5
8
-2
-5
5
3
-2
4
7
-2
-7
11
0
1
1
-3
1
18
-5
-15
24
-5
-8
8
-5
-2
0
10
-5
-9
9
5
-16
3
10
-11
-6
16
-6
-13
8
10
-9
-14
16
-9
-9
16
-9
-6
4
4
-9
2
5
-6
-5
10
-8
-7
6
4
-14
6
2
-10
1
5
1
-13
4
11
-19
3
12
-9
-8
6
7
-10
2
5
1
0
-3
9
-5
4
9
-15
12
5
-13
6
4
4
-7
0
13
-9
3
0
1
2
-7
-1
6
-1
-4
1
7
-5
-4
7
2
-7
2
8
-6
-4
8
-1
-6
3
-2
3
10
-12
-6
17
1
-19
-2
14
-12
-3
12
-13
3
-1
-1
1
-8
-2
0
0
7
-11
-7
9
-1
-8
0
1
-9
7
-3
0
-9
8
3
-15
5
8
-13
-7
8
0
-6
-2
9
-3
-5
2
2
-6
2
4
-12
11
1
-1
2
6
-5
6
5
-5
-2
6
5
-7
-3
11
4
-10
5
5
-1
-2
-2
15
-5
-2
4
13
-6
-9
10
9
-11
-1
16
-7
-2
8
5
-11
6
11
-1
-8
12
14
-10
3
8
4
-5
1
4
0
5
-4
2
12
-2
-10
12
-1
-7
-1
5
-2
-3
3
-2
-3
1
2
-7
-3
7
1
-6
-2
-2
-3
1
-4
-6
2
4
-6
-1
2
-6
-1
-7
-3
2
-7
-4
-2
-1
-2
-5
-3
0
-4
-3
-4
2
-3
-4
-3
-4
1
-3
-3
3
0
-6
-1
0
2
-4
-9
3
6
-7
-5
3
-2
1
0
-5
-1
7
-3
0
2
-5
6
6
-9
0
9
4
3
0
1
10
2
-5
8
3
-5
6
9
-2
-4
7
3
1
0
1
10
1
-6
0
0
5
-2
-7
4
3
-4
-1
-2
-4
3
-2
-4
5
0
-5
4
3
-6
-1
4
-3
-1
3
-9
1
2
-1
5
-2
0
7
-6
-7
10
3
-6
3
7
-2
4
-2
-5
4
3
0
3
-3
-2
1
1
-3
1
6
8
1
-8
-5
5
1
-6
1
4
7
-5
-7
4
-3
-3
5
-6
-1
6
-4
1
-3
-4
2
5
-7
-2
0
-5
0
5
-12
1
15
-6
-12
5
-1
-6
6
1
-2
3
9
-2
-13
4
7
-2
0
5
-5
6
2
-2
-6
1
14
1
-8
-9
6
5
-6
-13
14
5
1
-4
-13
-2
11
-6
-15
7
7
-2
-10
0
-4
-4
3
7
-13
-5
14
-3
-17
1
14
-3
-1
4
-6
-5
4
-3
-1
8
8
2
-1
-3
-5
8
2
2
6
7
4
2
-2
-8
8
18
-6
-11
21
1
-13
-1
6
0
7
7
-10
-4
10
1
-14
1
11
6
-5
0
-2
-3
2
-2
-2
1
10
-1
-6
-1
-1
-3
7
-2
-6
-3
3
4
-12
-6
11
7
-10
-6
8
-4
-16
4
9
-7
4
10
-11
-11
6
-2
-13
6
11
-3
-7
6
-9
-10
9
5
-8
2
9
-3
-7
-4
5
5
3
3
2
-7
-2
4
-2
-4
7
10
-5
-2
8
-7
-6
8
1
-8
7
4
-7
-8
5
3
-13
3
10
-3
-10
-4
-1
0
-5
10
-1
-6
4
-7
-9
-3
7
2
1
0
-2
-3
4
-8
-10
4
8
4
-14
0
6
1
-11
1
3
6
-2
2
-9
-11
15
10
-2
-10
10
5
1
-6
-5
2
17
4
-9
2
3
6
-5
3
-4
12
5
1
-3
-1
-2
1
6
4
2
8
7
-12
1
11
3
1
8
4
1
7
1
-2
6
8
3
4
3
2
1
2
6
-5
7
4
-8
1
0
-4
-2
-5
10
-1
-9
-7
-7
-3
-5
-5
-2
-6
-1
-1
-7
-14
-8
1
-3
-4
-5
-1
-4
-2
0
-10
-6
6
5
-11
-13
-2
8
2
-2
-5
5
11
-4
-6
-2
10
4
-1
-9
6
-4
3
-7
-10
-3
1
10
-8
-12
-3
8
-1
-3
-6
1
4
9
-3
-8
8
2
5
-6
3
2
-1
7
-1
-3
1
5
8
4
-7
3
5
10
-2
-2
7
7
4
-4
10
4
2
4
2
2
0
2
8
-8
5
4
4
4
-5
4
5
-4
6
0
-4
5
-7
5
-3
