SAMPLES:	9919
BITSPERSAMPLE:	16
CHANNELS:	1
SAMPLERATE:	16000
NORMALIZED:	FALSE
1
-2
1
-1
-1
1
-1
2
-1
3
-1
2
3
-1
4
-2
2
0
1
0
1
1
-1
0
0
-1
3
-2
0
1
-3
1
-3
3
-4
0
0
-5
0
-3
-2
-3
-1
-3
-1
-4
-1
-2
-2
2
-3
2
-2
1
0
1
3
2
1
4
1
3
2
4
3
2
6
-1
7
3
1
4
1
2
0
0
3
-4
0
-1
-2
-3
-2
-2
-5
-2
-1
-2
-4
2
-4
-1
0
0
1
0
2
-2
1
1
-1
1
0
2
0
-1
2
-3
2
0
-1
3
1
-2
1
0
-2
4
-5
3
1
-3
1
0
1
-2
4
-1
-3
4
-3
-1
1
-1
-2
0
-1
-2
-1
1
-2
-2
1
-4
-1
-3
-4
0
-6
-3
-2
-6
-1
-6
2
-7
3
0
-4
6
-4
4
-1
6
-1
2
8
-3
5
7
0
5
7
1
6
-2
8
-2
5
4
-1
5
-2
4
-2
2
-4
6
-7
0
0
-8
0
-8
1
-7
-2
-4
-8
1
-7
-7
3
-6
-3
-1
0
1
-6
9
-3
0
5
-4
8
-1
2
11
-5
10
3
0
9
-1
12
0
5
10
-6
12
-2
4
6
-3
9
-5
7
-2
2
3
-2
5
-3
3
1
-1
-1
4
-2
0
2
-3
-1
0
-7
3
-4
-5
-4
0
-3
-5
3
-8
6
-8
-9
6
-17
4
3
-8
14
-9
7
3
-8
6
-2
-4
5
-1
-2
2
-6
3
-7
4
-9
6
-3
-9
10
-22
4
-2
-9
11
-8
10
0
-1
8
-10
13
-17
7
-4
-12
3
-10
-1
-5
-7
3
3
-3
10
0
-9
14
-10
0
10
-2
2
6
-6
4
10
-26
31
-24
3
4
-20
10
-14
-6
1
-6
-10
7
0
-10
9
3
-17
22
-13
6
24
-12
29
14
-5
35
-2
12
23
-10
29
-10
3
15
-11
14
7
2
9
-3
-2
-9
-8
-21
4
-22
-9
-1
-20
3
-12
0
-1
-5
-13
8
-8
1
1
8
-1
15
13
8
40
8
26
47
-18
41
5
-14
45
-24
24
-2
-8
3
-19
-16
-22
-8
-41
4
-40
-11
-15
-38
20
-37
-4
7
-18
15
-7
-3
5
-25
16
-20
-1
10
-13
29
-14
4
13
-21
13
-5
-5
13
-19
13
-6
-3
12
-16
16
1
-10
17
-11
1
9
-4
-3
9
-8
3
14
-5
21
-5
8
15
-3
6
-15
11
-14
9
-1
-6
32
-29
26
-6
-18
26
-39
27
-16
-7
17
-27
27
-12
9
-1
5
10
-1
11
-13
12
-12
5
10
-23
13
-20
-15
4
-37
13
-25
-3
4
-14
20
-18
21
8
24
-2
54
11
18
41
-14
17
-10
-4
-1
-35
13
5
-33
10
-13
-19
9
-25
8
2
-8
-14
16
-33
-3
25
-34
55
-36
3
28
-30
16
-9
-21
8
5
-13
-3
-18
0
-32
-43
23
-57
-6
-26
-20
44
-36
11
26
25
22
6
64
45
7
33
17
20
7
-23
-10
1
-20
-35
-8
-5
-37
6
-43
10
-15
-50
68
-60
-8
82
-76
60
66
-3
76
42
84
57
46
40
62
30
44
0
9
-19
-15
-44
-69
27
-57
-87
-22
-38
-58
-26
-48
0
-46
-20
26
-18
28
-24
-1
43
36
60
1
63
69
-52
29
3
-51
36
-44
6
9
-26
-27
-10
-18
15
15
-47
36
-54
-23
-46
-170
76
-184
-15
2
-203
175
-211
77
73
-105
205
-62
57
93
-17
-7
60
30
-71
91
-59
45
-67
-28
27
-71
39
11
-14
5
65
-54
-57
33
-43
-19
57
-61
77
-19
-9
67
-37
79
9
-40
142
-71
53
27
-91
113
-64
18
19
-40
81
-91
87
9
-35
88
-10
107
37
44
56
-25
93
-83
84
-25
44
78
-62
117
-101
40
-36
-23
-37
-1
-48
-78
42
-72
-18
-117
45
-75
-144
163
-179
88
83
-158
359
-238
245
-12
-106
243
-217
187
6
22
70
12
86
-33
84
98
6
86
17
-3
11
-46
-84
47
-111
-56
-44
-144
-50
-137
-135
-128
-283
-129
-123
-297
-15
-100
-144
15
-70
-88
165
-183
202
158
-3
158
51
210
-76
201
22
18
33
-127
115
-128
-1
83
-89
261
-54
221
408
-60
599
-9
355
368
-144
534
-231
187
-85
-327
11
-484
-132
-348
-212
-262
-196
50
-258
87
215
-198
532
-30
247
332
-359
531
-348
-142
103
-567
-11
-254
-331
-48
-237
-229
40
-177
77
39
51
140
-17
151
4
10
-331
-205
-382
-585
-176
-783
-304
-479
-682
-179
-471
-76
-31
-24
456
394
396
729
704
579
688
590
681
325
505
397
14
185
-287
-128
-493
-304
-272
-339
-65
-50
8
62
321
173
387
384
419
312
304
353
184
104
84
-90
-378
-297
-535
-447
-638
-501
-506
-447
-358
-118
-178
-13
185
-24
262
138
162
300
222
331
514
370
694
428
847
799
631
968
917
833
743
806
547
524
223
99
18
-513
-473
-765
-909
-1028
-1362
-1181
-1389
-1437
-1175
-1298
-1021
-1045
-971
-741
-904
-489
-395
-348
-56
-54
202
-108
246
111
231
523
89
670
261
342
523
237
593
423
394
779
415
557
726
433
551
638
547
351
602
347
95
160
-85
-183
-513
-500
-332
-1024
-405
-748
-887
-378
-1128
-333
-529
-445
-50
-203
277
322
230
589
446
459
845
720
873
986
1009
1292
895
1265
969
810
705
318
451
-157
-328
-443
-600
-683
-850
-678
-632
-664
-698
-532
-335
-469
-91
-281
-16
197
-41
479
582
341
637
727
739
815
588
816
685
293
386
98
-115
-222
-577
-619
-673
-1031
-920
-954
-1020
-920
-1290
-1375
-1292
-1742
-1786
-1737
-2019
-1960
-2016
-1800
-1478
-1480
-1032
-528
-245
263
646
1209
1475
1809
1929
2171
2291
2002
2045
1793
1553
1305
934
806
535
104
181
-115
-253
-251
-501
-474
-654
-764
-525
-682
-840
-741
-530
-687
-609
-169
-103
267
102
396
1080
618
1165
1334
1501
1823
1676
2314
2468
2549
3196
3214
3728
3982
3973
4391
3988
4438
3917
3064
3291
2090
950
32
-1413
-2516
-4453
-6344
-7157
-8689
-10052
-10296
-10978
-10729
-10190
-9525
-7801
-6271
-4882
-2508
-656
976
2841
4048
5309
6362
6624
7097
7305
6860
6872
6362
5914
5643
4680
3887
3221
2333
1185
-47
-977
-2405
-3718
-4564
-5727
-6496
-7041
-7664
-7548
-7252
-6890
-6006
-4969
-3889
-2474
-1286
115
1667
2779
3677
4916
5421
5877
6382
6283
6337
6042
5234
4931
4186
3266
2428
1502
752
-194
-1071
-1861
-2206
-2948
-3413
-3636
-3816
-3850
-3959
-3312
-3212
-2916
-2215
-1650
-1115
-538
176
1161
1711
2678
3683
4414
5064
6195
7014
7529
8457
8596
9277
8972
8793
8793
7267
6476
4556
3069
909
-2225
-3635
-6823
-9240
-11463
-14113
-14697
-16675
-17567
-16390
-16468
-15199
-13341
-11378
-8039
-5906
-3294
619
2614
4816
7684
8910
10534
11698
11619
12793
12177
11400
11716
10356
9551
8460
6365
5297
3359
1257
-104
-2546
-4516
-6263
-8664
-10175
-11398
-12599
-12973
-13396
-12861
-11842
-10826
-8991
-6679
-4455
-2005
305
2885
5230
7116
8844
10164
10930
11209
11402
11227
10616
9547
8347
7017
5483
4120
2531
948
-253
-1575
-2695
-3746
-4488
-5051
-5658
-6174
-6369
-6386
-6500
-6485
-6064
-5683
-5146
-4396
-3379
-2230
-868
465
1969
3983
5216
7357
8699
10073
11746
12464
13259
13426
13316
12854
11507
10173
8404
5582
2420
-340
-3560
-7443
-10261
-13560
-16443
-18707
-20673
-21352
-21626
-21711
-19723
-17770
-15989
-12285
-8772
-5252
-1357
2254
5955
9218
11124
13562
15490
15872
16931
17111
16699
16250
14601
13531
11997
9710
8000
5444
2723
203
-3155
-6105
-8615
-11813
-14087
-16238
-17979
-18925
-19847
-19384
-17961
-16655
-14347
-11049
-8144
-4586
-994
2809
6327
9292
11797
13586
15006
15753
16041
15438
14384
13202
11248
9173
7058
4971
2894
788
-863
-2298
-3457
-4351
-4965
-5428
-5460
-5617
-5911
-5642
-5644
-4980
-4451
-4316
-3010
-2391
-1443
99
1458
3468
5175
6669
8863
10287
11698
13002
13655
14249
13930
13555
12824
10697
9110
7026
3937
687
-2373
-5202
-9003
-12684
-15347
-17766
-20305
-22300
-22663
-22768
-22798
-21696
-19236
-16047
-13734
-10350
-6069
-2371
955
4404
8235
11258
12655
14448
16510
16844
17269
17572
17232
16533
14555
13288
12159
9372
6960
4049
860
-2251
-6220
-9102
-12025
-15440
-17699
-19708
-21081
-21229
-20953
-19714
-17696
-15082
-11857
-8008
-3785
560
4701
8449
11760
14493
16517
17631
18464
18326
17171
15565
13704
11338
8778
6108
3392
1131
-1095
-3202
-4504
-5609
-6672
-7176
-7501
-7588
-7722
-7520
-6890
-6371
-5616
-5037
-3739
-2520
-1446
656
2231
4180
6400
8001
10310
12319
13418
15369
15920
16166
16279
15299
14156
12167
9612
6933
3134
-864
-4439
-8646
-13069
-16985
-19655
-22585
-25424
-26250
-26510
-26013
-24978
-22433
-18293
-15357
-12098
-6976
-1889
1952
5706
9940
13585
14989
15971
18087
19232
18564
17975
18505
17716
15549
14216
13136
11358
8655
5634
3112
-39
-4320
-7916
-11105
-14349
-17350
-20181
-21863
-22694
-23039
-22430
-20675
-17985
-15211
-11663
-7074
-2452
2190
6255
10087
13919
16677
18550
19955
20417
20314
19138
17323
15412
12824
9866
6895
4003
1410
-1199
-3882
-5796
-7477
-8774
-9792
-10204
-9962
-9894
-9638
-8462
-7280
-6060
-4573
-2968
-643
1359
3226
5226
8039
10350
12162
14758
16471
18084
18922
18709
18718
17801
15313
13221
10158
4522
1615
-4359
-9921
-12843
-19831
-22938
-25564
-30786
-29935
-31173
-32186
-28460
-26859
-23579
-18212
-15484
-9854
-3530
-651
5044
10247
12409
16309
18016
18831
21590
20684
20730
22068
19892
18628
17459
14870
13866
10808
6926
4855
307
-4436
-7954
-12651
-15662
-19157
-23262
-24681
-26102
-27135
-26351
-24793
-22271
-18596
-15361
-10684
-5065
-510
4900
9802
14358
18590
20958
23217
25260
25309
24947
24169
22014
19644
16522
13067
10226
6530
2969
20
-2805
-5402
-7681
-9370
-10074
-10927
-11402
-10701
-10661
-9817
-8625
-7387
-4885
-3082
-1134
1776
3739
6617
9143
11736
14643
16536
18129
19072
19688
18817
17914
15920
12656
8965
3532
-1541
-6875
-12607
-18162
-22424
-26022
-29714
-31653
-32276
-32435
-30754
-28370
-24898
-20385
-16625
-11830
-6091
-1675
2502
7166
10816
13519
15501
16894
18594
19582
19249
19942
20206
18667
17590
16617
15305
13719
10891
8490
6000
1762
-1969
-5727
-9315
-12685
-16880
-19623
-21900
-24033
-24621
-24389
-22792
-20547
-17894
-14081
-9948
-5288
-296
4578
9355
13533
16867
19458
21400
22536
22885
22380
21149
19102
16463
13611
10691
7704
4514
1514
-1141
-3686
-5893
-7646
-8956
-9746
-10599
-10826
-10514
-10441
-9733
-8601
-7504
-5472
-3754
-1733
1271
3090
5780
8859
11142
14032
15882
17393
18698
18608
18277
16993
14809
10808
6963
2538
-3799
-8329
-14234
-19272
-23003
-28302
-30424
-30821
-32390
-30940
-28381
-25419
-20968
-17339
-12875
-6525
-2285
1235
6590
10333
12789
15165
16992
18960
19758
19442
20760
20920
19138
18256
16845
15623
13496
10038
8276
4911
-10
-3537
-7766
-11401
-15028
-19397
-21818
-24304
-26329
-26575
-26005
-23882
-21371
-18303
-13994
-8987
-3602
1504
7198
12609
16996
20653
23166
25173
26483
25812
24843
23297
20567
17624
13786
10399
7189
3520
145
-2654
-4766
-7449
-9634
-10292
-10905
-11246
-11571
-11245
-9824
-9162
-8585
-6299
-4474
-2507
249
2249
5685
8646
10563
13927
16382
18229
20264
20098
20361
19585
16772
13533
9311
4797
-1000
-6913
-12959
-18309
-22717
-27407
-30223
-31109
-32442
-31840
-30320
-27746
-23319
-19674
-15334
-9421
-4530
-354
4041
7853
11615
13907
15306
17343
18325
18224
18482
18879
18359
17212
16169
15291
13673
11057
9033
7077
3035
-320
-3942
-7851
-10945
-15634
-18393
-20478
-23557
-24162
-24822
-24208
-21808
-20214
-16575
-12238
-7911
-2624
2215
7599
12528
16819
20423
22649
24985
25491
24739
23798
21657
19217
15699
11812
8936
5203
1417
-1026
-3527
-5728
-7474
-8794
-9312
-10032
-10302
-10076
-9681
-9208
-8328
-7232
-5841
-4471
-2667
-7
2373
4437
7827
10204
12487
15313
16613
18241
18529
18179
17308
15053
11645
7949
3393
-1571
-6912
-12491
-17469
-22015
-26860
-29580
-30968
-32189
-31495
-29831
-27163
-23049
-19183
-14747
-8773
-4160
202
4900
8668
11898
14326
16054
18122
18890
18745
19305
19394
18557
17960
17130
16101
14666
11780
9854
7899
3657
254
-3312
-7863
-11424
-16212
-19358
-21438
-24548
-25516
-25712
-25116
-22959
-20804
-16912
-12296
-7548
-2145
2968
8680
13706
17845
21770
24521
26542
26969
26194
25437
23029
19840
16394
12590
8938
4807
1196
-1462
-4414
-6549
-8140
-9365
-9997
-10886
-11051
-10962
-10730
-10028
-9585
-8136
-6674
-5395
-2975
-918
2143
4997
7465
11306
13749
16170
18542
19392
21086
19979
18957
17286
13226
9472
4213
-1275
-5996
-13244
-18537
-22472
-27051
-29804
-31629
-32516
-32046
-30429
-27947
-24102
-19892
-15522
-9893
-4842
-934
4032
7782
10650
13596
15128
17068
18346
18095
18655
19037
18342
17738
17078
16081
14679
12454
10072
8027
4903
951
-2245
-6392
-10339
-14315
-18334
-20148
-22915
-24663
-24542
-24977
-22875
-20961
-18151
-13433
-9245
-3938
962
6034
11370
15425
19644
22350
24640
26153
25127
24834
22970
20132
17588
13538
10340
6949
2982
271
-2452
-4919
-6678
-8211
-9201
-10010
-10639
-10884
-10536
-10045
-9821
-8763
-7120
-5891
-4257
-1741
525
3427
5827
8711
12088
14199
16200
18684
19589
19075
18754
17272
14778
10953
6229
2269
-2909
-9621
-14443
-19086
-23833
-27680
-30105
-30856
-30809
-30273
-27868
-23722
-20224
-16581
-11200
-5926
-1904
1837
5645
9389
11409
12894
14863
16275
16653
16696
17232
17653
16733
16014
15770
14360
12944
11069
8784
6662
3159
-370
-3415
-7689
-11578
-15002
-18270
-20468
-22601
-23722
-23690
-23031
-20939
-18543
-15095
-10492
-6056
-1036
3650
8590
13277
16442
19635
21845
22986
23459
22209
20987
18956
15741
12872
9738
6547
3282
194
-2224
-4577
-6155
-7770
-8904
-9162
-10262
-10267
-9958
-9888
-8817
-8260
-6847
-5106
-3888
-1322
326
3566
5918
8141
11405
13010
15832
16684
17683
18667
16998
16215
13817
10004
7262
1848
-2518
-7358
-13020
-17022
-21532
-25110
-27276
-28740
-29080
-28330
-25974
-23365
-19940
-15593
-11520
-6366
-2131
1643
6314
9007
11560
14247
15051
16634
17337
17199
17548
17024
16553
15823
14501
13130
11589
9881
7617
5070
2490
-301
-4073
-7045
-10356
-13857
-16084
-18945
-20325
-21198
-22216
-21214
-20405
-18149
-15066
-11994
-7192
-3123
1211
5915
10170
14577
17653
20069
22324
22890
22780
21931
20481
18606
15396
12427
9258
5778
2871
-267
-2657
-4555
-6878
-8340
-9309
-10297
-10477
-10847
-10693
-10147
-9710
-8570
-7526
-5578
-3904
-1991
1058
2799
6263
8643
11196
14486
15280
17666
18436
17846
18014
15727
13136
10406
5364
1431
-3243
-8979
-13641
-17738
-22679
-25711
-27721
-29431
-29378
-28537
-27272
-23917
-20492
-17418
-11999
-7516
-3710
1270
5067
8405
11831
13498
15856
17646
17648
18400
19027
18490
17962
17246
15903
14654
12874
10541
8135
5713
2663
-706
-4344
-7474
-10978
-14492
-16695
-19250
-20377
-21329
-22153
-20808
-19816
-17886
-14722
-11482
-6897
-3233
1209
5908
9771
13941
16883
19607
21415
21737
22000
20856
19332
17499
14306
11949
8470
4917
2413
-714
-2858
-4679
-6953
-8133
-9189
-10255
-10615
-10672
-10433
-10266
-9502
-8631
-7179
-5470
-4092
-937
1340
4084
7530
9689
13515
15432
17389
19581
19833
20061
18975
16903
14265
10399
6620
1146
-2959
-8197
-14229
-17248
-22068
-25460
-26296
-28719
-28525
-27243
-26592
-23430
-20121
-17031
-12420
-8221
-4704
-444
3284
6418
9399
12005
14069
15889
16772
17576
18527
18334
18198
17940
16761
15591
13545
11280
9069
5776
2916
-766
-4623
-7688
-11992
-15237
-17380
-20083
-21434
-22478
-22648
-21417
-20536
-18284
-14511
-10753
-6895
-2564
2465
6644
10968
14811
17772
20755
21623
21920
22271
20747
19242
17149
13992
11500
8007
4531
2059
-806
-3408
-5282
-7292
-9094
-10096
-11167
-11899
-11890
-11904
-11443
-10752
-9982
-8268
-6494
-4420
-1667
1168
4242
7009
10536
13148
15643
18504
18816
20994
20536
18898
18633
14656
11444
7943
2306
-1554
-7168
-12761
-16410
-21173
-24744
-26891
-28272
-29140
-28780
-27329
-25033
-21756
-18580
-14631
-9442
-5839
-1842
2903
6215
9641
12476
14777
17341
18242
19099
20371
20036
19908
19453
18298
17203
15092
12816
10813
7333
4117
1077
-2791
-6657
-10092
-13814
-16664
-19250
-21879
-22375
-23585
-23963
-22198
-20983
-17783
-14417
-10939
-5970
-1702
3147
7566
11959
16000
18661
21176
22280
22800
22780
21167
20154
17679
14410
12179
8428
5566
2846
-639
-2685
-5356
-7967
-9107
-11432
-12216
-12709
-13740
-13243
-13127
-11950
-10644
-9180
-6381
-3919
-1290
2455
5269
8945
11941
14454
17590
19350
20272
21408
20262
19555
17242
13583
10826
5121
946
-4250
-10072
-14632
-19278
-23589
-26689
-28642
-29879
-30511
-28872
-27684
-24488
-20958
-17961
-12500
-8371
-4690
108
4106
7283
10479
13176
15452
17411
18409
19052
20490
20095
19699
20063
18740
17521
16215
14026
11649
8854
5509
2157
-1857
-5760
-9716
-13829
-16793
-20077
-21955
-23571
-25070
-23494
-22962
-20958
-16749
-13825
-8561
-4224
261
5884
9677
14188
17394
19822
21696
21854
22409
21078
19441
17989
14763
12482
9377
6039
4137
895
-1583
-3390
-5965
-7308
-9194
-10617
-11207
-12364
-12803
-12808
-12534
-12037
-10800
-9166
-7530
-4806
-2226
246
4145
6663
9793
13265
14963
17667
19188
19218
20322
18732
16564
14464
10128
6313
1378
-4084
-9005
-14232
-18926
-23513
-26295
-28332
-30146
-29819
-28896
-26553
-23572
-20652
-15938
-11158
-7516
-3103
1124
4954
8071
10129
12928
15006
15837
16617
17780
18621
18310
18107
18681
17929
17106
16039
14326
12754
9722
6458
3458
-789
-5180
-9251
-13526
-16885
-20622
-23177
-24358
-25508
-24606
-23103
-20611
-16444
-12533
-7489
-2335
2774
8032
12140
16249
19403
21323
22759
22585
22364
21436
18795
17205
14577
11435
9205
6023
3843
1769
-965
-2368
-4063
-5831
-7129
-8257
-9646
-10645
-10978
-12133
-11652
-11500
-11352
-9464
-8291
-6062
-2967
-593
3325
6342
10091
13140
15896
19421
19557
21964
21688
20253
19904
15573
12429
9143
1740
-1836
-7881
-14453
-18608
-23990
-27882
-29950
-31743
-32593
-31530
-29853
-27825
-23399
-19465
-15716
-9446
-5667
-1220
3823
6633
10433
13178
14396
17271
18024
18203
19585
19207
19372
19077
17995
17868
16329
14241
12675
9681
6570
3372
-1169
-5267
-8983
-14274
-17613
-20804
-24456
-25276
-26871
-26780
-24342
-22742
-19029
-14491
-9694
-4283
805
6479
10913
15496
18749
20860
23277
22745
22710
22298
19189
17861
14902
11409
9496
5390
3007
1016
-2242
-3818
-5589
-7355
-8604
-10018
-10652
-11624
-12056
-12370
-12133
-11576
-10901
-9490
-7286
-5591
-2312
745
3760
7691
10862
13916
17567
19459
21010
23293
22244
22593
20727
18308
15605
11176
6467
2214
-3372
-8602
-14522
-18085
-22824
-27435
-28896
-30722
-31255
-31133
-29534
-26190
-23143
-20033
-14852
-9562
-5094
-1356
4147
8215
11145
14175
16772
19601
20275
20729
22512
22319
21438
21100
20133
18978
16276
13736
11559
8137
3843
235
-3793
-8134
-12416
-16843
-19506
-22642
-25320
-26137
-26928
-25927
-24271
-22143
-17783
-14046
-8884
-3823
1056
6895
10954
15468
18723
20961
23223
22884
22861
22092
19665
17838
14687
11695
8921
5187
2344
-314
-3211
-5469
-7535
-9279
-10894
-12267
-12998
-13714
-13931
-13820
-13586
-12484
-11457
-9628
-7392
-4969
-1854
1207
4803
8113
11461
15110
17547
20065
22010
22680
23187
22373
21054
18556
15413
11199
6675
1964
-3619
-8477
-14216
-18864
-22336
-27182
-29811
-30535
-32205
-31581
-30366
-27801
-24136
-20716
-16758
-10908
-5791
-2023
3304
8377
11718
15130
18032
20715
23100
23230
24351
25420
24505
23459
22673
20761
18679
15266
11854
8960
4366
-256
-4231
-8580
-12717
-17199
-20347
-22693
-25339
-26241
-26790
-25924
-24088
-22325
-18266
-14285
-9781
-4395
138
5793
10403
14407
18514
20756
23216
23884
23414
23158
20895
18613
15751
12111
9203
4925
1236
-1617
-5379
-7864
-10593
-12586
-13886
-15272
-16002
-15946
-15784
-15200
-13971
-12515
-10733
-8170
-6112
-3181
25
2866
6144
9392
12846
15149
18435
20088
21738
23493
22912
22774
22239
18704
17333
13228
7383
4629
-1537
-7703
-11637
-18381
-22149
-25150
-29886
-30423
-31084
-32508
-31480
-28749
-25957
-22823
-18018
-13284
-7200
-2265
1512
8505
12913
15258
19541
22097
24525
25388
25035
26731
25706
23628
22633
20337
18276
14891
10638
8453
4331
-847
-3975
-8178
-12284
-15622
-19744
-21766
-23450
-25808
-25970
-25313
-24281
-22213
-19246
-15292
-10902
-5710
-1064
4104
10081
13484
17819
21496
22791
25242
24565
23425
22900
19161
16467
12996
8471
5216
527
-3320
-6233
-9719
-12175
-14089
-15617
-16208
-16830
-16690
-15731
-14988
-13597
-11501
-9606
-7333
-4710
-2092
747
3539
6519
9373
12078
14686
17099
18698
20818
21496
22296
22208
21023
20565
17413
14379
12494
6255
2046
-2029
-8850
-12735
-19162
-23157
-25280
-30188
-32303
-32205
-32495
-32298
-29904
-25618
-22041
-17440
-12158
-6103
528
3988
9546
15623
17889
20681
23317
24740
25586
24372
23959
23601
20936
18789
16773
14421
11589
7840
5365
2696
-2038
-5122
-8595
-12403
-15406
-19245
-21628
-23273
-25511
-26010
-25714
-24744
-22378
-19771
-15666
-10949
-5740
-197
4975
10881
15877
19584
23553
25747
26852
27059
25344
23704
20469
16312
12701
7826
3598
-587
-5053
-7845
-10644
-12994
-14289
-15112
-15144
-15179
-14604
-13269
-12154
-10782
-8854
-7268
-4789
-2988
-789
1943
3867
6760
9051
11360
14137
15940
17883
19092
20531
21125
20123
20746
18683
17153
14112
10373
8309
1867
-2567
-6482
-12540
-16834
-22630
-25183
-27841
-32193
-32251
-32272
-31254
-29569
-27076
-21300
-17057
-12780
-6558
-320
5072
8715
13462
18226
19738
21287
22623
23587
23118
20809
20298
19252
16367
13837
12067
10290
6974
4045
1880
-1501
-4684
-8301
-11380
-13958
-17798
-20339
-22003
-24004
-24687
-24795
-23954
-21628
-19088
-15326
-10863
-5517
-240
4768
10447
15529
19588
22645
24996
26365
26079
24614
22362
19287
15555
10983
6444
2469
-1656
-5858
-8825
-10931
-12877
-13929
-14269
-13838
-12976
-12293
-10946
-9122
-7769
-5955
-4234
-2532
-758
966
2597
4423
6394
8396
10535
12257
13830
16289
17191
18282
19333
19435
19133
18002
16731
14013
11239
7784
3794
-1371
-5551
-10428
-14856
-20446
-23597
-26282
-29808
-31671
-31051
-30372
-29013
-26593
-22147
-16982
-13201
-8038
-1529
3968
7149
11830
15988
18522
19498
20465
21796
21705
19528
18368
18032
15859
13119
11433
10024
7700
5022
2299
502
-2400
-5941
-8680
-11564
-14506
-17659
-20216
-21605
-23164
-23762
-23596
-22407
-19653
-16986
-13146
-8303
-3224
2172
6730
12058
16639
19482
22458
23816
24432
23776
21440
19246
16115
12135
8309
4291
754
-2987
-6136
-8471
-10087
-11388
-12444
-12210
-12099
-11763
-10997
-9904
-8607
-7804
-6210
-4602
-3492
-1288
2
2294
4564
6004
9649
10897
13284
15799
16791
19125
18889
19970
20100
17808
17520
14551
11981
8799
3848
1689
-4521
-8442
-12121
-16523
-19961
-23709
-24938
-26841
-29202
-27152
-26847
-25131
-22130
-19227
-14399
-10495
-6670
-1245
3920
6931
10620
14126
16888
18222
19171
20071
20747
19711
18288
17784
16976
14305
12296
11168
8846
5918
3091
1016
-2113
-5718
-8983
-11939
-14758
-18341
-20570
-21830
-23817
-24005
-23587
-22223
-19580
-16912
-12810
-8133
-3317
1666
6371
11432
15079
18124
20899
21681
22205
21484
19450
17628
14396
10962
8059
3979
1053
-1526
-4678
-6292
-7567
-8788
-9311
-9694
-9482
-9417
-9196
-8517
-8038
-7380
-6801
-5590
-4408
-3867
-1869
183
1559
3916
6076
8213
10667
12132
14107
15859
16021
17213
16669
15845
15106
12793
10928
7467
4660
1526
-3261
-6111
-9680
-12983
-16418
-19397
-19985
-22800
-24256
-22976
-23122
-21674
-20089
-17655
-14046
-11116
-8007
-3655
488
3439
6387
9935
12571
14503
15836
17106
18620
18262
17780
18093
17397
15903
14261
13049
11775
8408
6321
4345
696
-1965
-5317
-8308
-10972
-14619
-16385
-17992
-20005
-20189
-20227
-19342
-17615
-15632
-12243
-8717
-4894
-429
3300
7442
11172
14071
16611
17973
18804
18881
17516
16276
14159
11637
9127
5958
3668
866
-1837
-3293
-4969
-6346
-7137
-8138
-8310
-8717
-9300
-8752
-8652
-8764
-8184
-7550
-6678
-5552
-4185
-2097
-89
1620
4165
6429
8340
10622
11687
13646
14109
14267
15026
13564
13108
11714
9796
8132
4912
3134
588
-3608
-5488
-8528
-11165
-13759
-16970
-17518
-20188
-22308
-21920
-22263
-22193
-21433
-20136
-16811
-14704
-12242
-8188
-3783
-207
2485
7039
11221
13353
15367
17969
20106
20502
19893
20778
20436
18417
16071
15152
13402
9267
6929
4791
918
-2152
-5349
-8087
-10660
-14009
-15997
-17389
-19021
-19688
-19382
-19023
-17722
-15574
-13046
-9759
-6049
-2208
2064
5905
9854
13340
16075
17999
19588
20141
19289
18515
17144
14585
12061
9208
6416
3956
811
-1458
-3243
-5275
-6777
-7859
-8816
-9383
-10169
-10570
-10412
-10446
-10283
-9555
-8701
-7283
-5469
-3914
-1591
1063
3597
5925
8166
10426
12313
13305
14434
14931
15208
14569
13472
12932
11162
9492
7342
5029
3065
-231
-3218
-5177
-8809
-11153
-14616
-17243
-18176
-21422
-23318
-22843
-23146
-23160
-22134
-19667
-16289
-14160
-10941
-5736
-1132
1344
5262
10448
13249
14879
17223
19695
20481
19767
19571
19907
18325
16026
14251
12815
10110
6419
4288
1833
-1917
-4888
-8210
-10990
-13369
-16600
-18326
-19558
-20935
-21108
-20896
-19371
-17157
-14748
-11259
-7483
-3043
1049
5245
9988
13271
16003
18635
20002
20900
20680
19407
18225
15945
13288
10588
7747
4931
2121
-397
-2523
-4463
-6225
-7555
-8604
-9422
-9918
-10622
-10865
-10481
-10341
-9622
-8644
-7573
-5912
-3886
-1936
756
3158
5094
8059
9870
11721
13657
13996
15367
15684
14962
14845
13339
13184
10980
8274
7363
4315
2320
-1677
-4528
-6251
-10843
-13806
-16529
-19035
-20771
-24277
-24350
-23834
-24678
-23688
-21949
-17921
-15619
-13172
-7830
-3067
172
3648
8276
12971
14744
16256
19802
21403
20907
20585
21406
20777
18005
16112
15155
12645
8674
5710
3759
-207
-4589
-7139
-10334
-13971
-17327
-19601
-21068
-23148
-23833
-23481
-22513
-20828
-18475
-14610
-10727
-6367
-1514
2927
7917
12187
15611
18962
21019
22462
22989
22341
21476
19535
16970
14189
11068
8209
5048
1816
-928
-3286
-5328
-7500
-8948
-10077
-11267
-12051
-12693
-12747
-12393
-12421
-11712
-10404
-8927
-6956
-5244
-2273
586
2859
5828
8357
11070
13400
14477
16363
16880
17000
17321
16354
15232
14251
12255
10308
7140
5475
3163
-1512
-3605
-6918
-9891
-13576
-17602
-18178
-21229
-24963
-24390
-24843
-24856
-24636
-23089
-18562
-16881
-14459
-8871
-3857
-521
2799
8032
12647
14704
17097
20547
22649
22142
21973
23248
21986
19696
17634
15593
13293
8708
5232
2774
-1721
-5857
-8845
-12782
-15536
-18177
-20886
-21771
-23175
-23489
-22457
-22169
-19566
-16671
-14164
-9896
-5947
-1178
2843
6624
11546
14535
17461
19950
21257
22568
21932
21235
20358
17620
15429
12242
8707
6220
2194
-919
-3239
-6842
-8928
-10762
-12725
-13221
-14421
-14805
-14189
-14336
-13061
-11545
-9997
-7784
-5506
-2647
-353
2704
5834
8167
11018
12696
14812
16518
16675
17624
18013
17016
16114
15036
13604
11528
9448
6655
4338
2244
-2449
-3987
-6573
-10933
-12809
-16552
-18659
-19777
-23558
-23979
-23294
-24408
-23905
-21752
-18761
-16316
-13299
-8850
-4122
286
3245
8495
13439
14964
17755
20754
22244
22379
21616
22017
20901
17837
15738
13561
10774
6760
3023
475
-2892
-7289
-10097
-12434
-15462
-17567
-19643
-20711
-20571
-21295
-20419
-18846
-17552
-14367
-11909
-8620
-4389
-1022
3283
6579
10194
14070
15858
18523
19924
20405
21238
19238
18627
17297
13533
11371
7911
4589
1586
-2928
-5193
-7654
-10868
-12421
-14040
-15005
-15187
-15663
-14656
-13434
-12449
-10574
-8545
-6179
-3642
-1158
1381
3956
6448
8816
10419
12651
14299
15189
15866
16343
16825
16423
15361
14852
13800
11819
10370
7769
5622
3437
440
-3064
-5682
-8300
-11788
-14618
-17594
-19194
-21132
-24059
-24055
-23178
-23845
-22667
-20212
-16910
-14098
-11097
-5938
-1042
2681
6207
11331
15082
17091
19213
21509
22401
21919
20979
20495
18738
15800
13388
10779
8173
4592
1648
-643
-3654
-6543
-8722
-10939
-12465
-14345
-15867
-16405
-17307
-17381
-17114
-16260
-14955
-13610
-11203
-8427
-5608
-2192
1102
4791
8424
11070
14062
16551
17863
18833
19047
18129
17083
14996
11895
9240
5939
2111
-1133
-4562
-7581
-9957
-12355
-13748
-14326
-15072
-14959
-14312
-13142
-11519
-10353
-8057
-6002
-3868
-1634
135
2951
4698
6127
8213
9407
11188
11807
12499
13641
13519
13931
13494
13373
13434
11756
11119
10292
8485
7309
4510
2962
1494
-3252
-4545
-6932
-10657
-12312
-16118
-17293
-18642
-22222
-21432
-21188
-21736
-20283
-18688
-15105
-12716
-9719
-5048
-663
3168
5770
10599
14082
15282
17814
19092
19715
19630
17616
17471
15851
12645
10748
8338
5856
3241
268
-1530
-3214
-6072
-7484
-8742
-10374
-11287
-12532
-13219
-13104
-13672
-13184
-12456
-11623
-9954
-8589
-6444
-3649
-1095
1708
4599
7413
10260
12188
14068
15425
15962
16015
14896
13468
11877
8682
5900
3143
-355
-3343
-6374
-8789
-10464
-12481
-13322
-13451
-13679
-12896
-12048
-10672
-9046
-7555
-5524
-3662
-2170
356
1849
3262
5390
6453
7807
8810
9730
10982
10716
11566
11792
11621
11789
10781
11417
10622
9092
9143
8226
6492
5492
3573
2303
855
-3090
-3974
-5798
-9706
-10984
-13950
-15532
-16525
-20035
-19497
-18964
-20016
-18987
-17424
-14324
-12391
-10155
-6175
-2075
1314
3032
7431
11385
12197
13751
15957
16967
16857
15141
15691
15079
12013
10560
9109
7286
4761
2391
1216
-226
-2937
-4053
-4991
-6696
-7842
-8554
-9685
-9879
-10574
-10935
-10127
-10287
-9355
-8212
-7403
-5110
-3708
-1710
771
2439
5280
6583
8411
10363
10548
11460
11232
10508
10122
7665
6329
4388
1497
-95
-2833
-4742
-6129
-8215
-8870
-9405
-10008
-9454
-9233
-8648
-7489
-6706
-5476
-4256
-3078
-1585
-421
839
2162
3415
4987
5727
7085
8412
8725
10002
10462
10689
11443
10693
10766
10705
9775
9469
8356
8048
6894
5773
5121
2905
3040
502
-1997
-1703
-5578
-7184
-9095
-12638
-12875
-16013
-18498
-17671
-19502
-19962
-19201
-17766
-16066
-14313
-11523
-7982
-4170
-1708
1614
6250
8556
10539
13427
14996
16360
16193
16145
16780
14854
13372
12442
10445
8730
6359
4606
3268
884
-786
-1782
-3374
-4956
-5879
-6890
-8252
-8700
-9952
-10125
-10590
-11645
-10451
-10916
-10460
-8675
-8235
-5760
-4331
-2379
905
1883
4868
6749
7775
10080
9634
10468
10576
8866
8500
6454
4941
3404
560
-494
-2221
-3781
-4677
-5956
-5778
-6208
-6534
-5985
-5705
-5041
-4605
-4171
-3326
-2583
-2055
-1499
-382
530
1302
2219
3305
4468
5318
6271
7073
8018
8533
8886
9645
9642
9633
10082
9557
9682
9171
8832
8491
7317
6343
5722
3796
1356
414
-2658
-5261
-8068
-11661
-13498
-16741
-20358
-20812
-22437
-23956
-24038
-22870
-20843
-19245
-16318
-12267
-7279
-3952
-328
5725
9799
12094
15684
19068
21061
21474
21727
22849
21503
19517
17942
16200
14009
10454
7892
6038
2814
-148
-1772
-4235
-6357
-7996
-9928
-11047
-11935
-13770
-13861
-14575
-15599
-14551
-15309
-14742
-13045
-12474
-10182
-8440
-5802
-2358
-589
3125
6041
8250
11138
12148
13964
14766
13917
14174
12348
10790
9085
5892
3941
1316
-1433
-3207
-5642
-7261
-8228
-9683
-10157
-10347
-10394
-10086
-9499
-8520
-7621
-6592
-4909
-3411
-1681
-58
1877
3957
5175
6932
8578
9597
10813
11586
12099
12732
12579
12702
12749
12603
12138
12016
11370
10492
9992
8539
6951
5712
3198
206
-1610
-5824
-8394
-11990
-16668
-18264
-21889
-25595
-25904
-27301
-27996
-27024
-25645
-22280
-19068
-15762
-10117
-4090
150
5030
11526
15943
19377
22561
25470
27598
27180
26392
26467
24623
21144
18031
15291
11935
7480
3672
920
-2103
-5889
-8231
-10312
-12299
-13882
-15734
-16221
-16485
-17968
-17821
-17558
-17975
-16539
-16394
-15146
-12582
-11311
-8246
-5203
-1948
2304
5058
9251
12821
15148
18184
19131
20486
20762
18882
17901
15147
11862
8750
4381
1141
-2579
-6501
-8840
-11479
-13418
-14435
-15175
-14994
-14514
-13789
-12242
-10949
-9212
-7171
-5790
-3370
-1619
79
2392
3735
5711
7401
8546
10094
11279
12092
12801
13572
13677
13512
13553
13155
12625
11446
10678
9783
8063
6786
5186
3724
1878
-935
-1639
-4232
-7425
-8271
-11502
-13429
-15755
-18808
-18682
-21251
-23446
-21963
-22279
-22010
-20221
-17234
-13492
-10394
-5921
-628
5110
9455
13461
19332
22736
24633
26566
27502
27762
25844
23003
21141
17366
13022
8681
4702
1405
-2880
-6354
-8423
-10750
-12706
-13704
-14944
-15179
-15246
-15879
-15587
-15296
-15405
-14432
-14495
-13712
-11895
-11162
-9227
-6785
-4319
-1088
1871
5098
8731
11813
14443
16687
18684
19478
19167
18987
17445
14660
12178
8552
4910
1360
-2991
-6016
-9068
-12010
-13602
-15277
-15808
-15574
-15521
-14377
-13096
-11336
-9480
-7860
-5385
-3347
-1813
389
2111
4190
5668
7037
9370
10309
11406
13029
13392
14235
14367
13889
14278
12510
11799
10525
8478
7260
4714
3368
1641
-432
-1125
-3102
-3833
-4268
-6410
-5619
-7167
-7957
-7692
-10408
-9851
-11252
-13458
-13025
-14776
-15534
-14732
-15759
-14004
-12315
-10558
-7401
-4136
-102
3623
8072
11585
15131
18402
20098
21390
22193
21233
20159
17656
14617
12045
7859
4071
795
-2703
-5652
-8382
-10354
-11562
-13039
-13640
-13665
-13755
-13193
-13067
-12440
-11407
-11139
-10123
-9016
-8082
-6830
-5202
-3678
-1702
776
2911
5265
7988
10277
12333
14195
15646
16633
16647
16121
15239
13658
10777
8099
5347
1620
-1946
-5160
-8279
-10930
-13369
-15234
-15870
-16586
-16605
-15535
-14550
-13039
-10905
-8948
-6413
-3891
-1594
795
3082
5233
7033
9074
10459
11715
12963
13262
13848
14211
13505
13161
12062
10941
9555
7658
5903
4313
2317
293
-885
-2339
-3651
-4266
-5169
-5130
-5146
-6188
-4903
-5033
-5861
-4975
-5831
-6369
-6138
-8282
-8332
-8415
-10667
-10446
-10087
-10601
-9460
-8078
-6599
-3869
-1476
881
4708
7741
9548
12485
14861
15655
16171
16077
15545
14119
11215
9431
6711
3247
370
-2591
-4591
-6983
-9067
-9412
-10087
-10592
-9944
-9160
-8254
-7214
-6182
-4993
-3833
-3464
-2514
-1734
-2042
-1199
-857
-883
343
660
1535
3207
3962
5693
7187
8320
9638
10163
10777
10656
9602
8543
6722
4382
1747
-1247
-3808
-7039
-9869
-11612
-13707
-14866
-15300
-15248
-14275
-13187
-11378
-8834
-6376
-3883
-1231
1402
3772
6029
7291
8854
10594
10418
10920
11185
10860
10637
9265
9015
8363
6462
5955
4756
3589
2359
1058
680
-795
-1403
-2032
-2631
-2710
-3257
-2792
-2523
-2731
-1676
-1507
-1230
-199
-455
-409
-288
-1006
-1601
-2740
-4074
-4701
-6522
-8336
-8178
-9396
-10096
-9643
-8978
-7568
-6259
-4573
-1558
937
2891
5433
7928
9730
10343
11223
11770
11145
9952
8662
7196
5540
3244
1303
298
-1355
-2732
-3132
-3605
-3715
-3517
-3526
-2856
-2484
-2372
-2178
-2189
-2138
-2916
-3020
-3289
-4102
-3985
-4151
-3945
-3245
-2721
-1012
187
1589
3829
4883
6477
7733
8101
8315
7845
7068
5566
3117
1093
-1333
-4140
-6680
-8970
-10343
-11903
-12706
-12582
-12073
-10815
-9473
-7492
-4803
-2794
-387
1983
3800
5685
6747
7707
8469
8303
8186
8078
7488
6779
6027
5586
4989
4175
3717
3250
2948
2312
1586
1569
798
247
-94
-663
-430
-1126
-1294
-496
-598
-236
789
898
1780
2250
2531
2777
2245
1880
698
-438
-2370
-4111
-5636
-8445
-9857
-10629
-12682
-12582
-12290
-11656
-9783
-8219
-5264
-2203
616
3601
6667
9438
11146
12503
13672
13620
13073
12133
10552
9002
7040
4920
3221
1838
312
-782
-1337
-1838
-2126
-2335
-2446
-2528
-2828
-3371
-3982
-4649
-5398
-6681
-7420
-7961
-8726
-8706
-8447
-7799
-6563
-5221
-3342
-1385
668
2773
4293
6020
7032
7590
7629
7026
6152
4627
2899
722
-1164
-3051
-5176
-6354
-7516
-8385
-8176
-8124
-7384
-6157
-4775
-3201
-1656
47
1656
2867
3924
4662
4924
5097
4822
4513
3885
3149
2696
1834
1453
1156
679
1035
606
1074
1401
1176
1909
1696
2061
2255
1999
2482
2094
2385
2899
2403
3331
3427
3762
4745
4173
4981
5327
4098
4345
3092
1822
472
-2029
-3983
-6054
-8371
-10521
-12319
-13060
-14167
-14190
-13089
-11965
-9442
-7318
-4066
-361
2606
6039
9089
11606
13719
14672
15418
15344
14560
13108
11271
9381
7092
4822
2762
1072
-518
-1882
-2653
-3264
-3697
-4068
-4362
-4723
-5144
-5845
-6733
-7392
-8505
-9712
-10192
-11003
-11310
-11135
-10822
-9397
-8036
-6039
-3539
-1285
1452
3596
5877
7867
8900
9805
9805
9402
8610
6984
5324
3686
1435
-244
-1864
-3539
-4300
-5125
-5712
-5374
-5093
-4525
-3627
-2810
-1781
-943
-206
265
842
1083
968
997
810
426
226
162
-62
68
383
481
1248
1791
2138
3124
3303
3737
4103
3773
4075
3448
2998
2857
1921
1916
1364
1332
1759
1336
2529
2915
3337
4283
4273
4980
4931
4081
3639
2339
699
-1353
-3263
-5317
-7710
-9263
-10818
-11892
-12286
-12259
-11210
-9897
-8020
-5562
-3030
-174
2408
5047
7492
8886
10314
11030
10887
10626
9481
8081
6626
4712
2836
1304
-379
-1575
-2425
-3361
-3458
-3580
-3894
-3618
-3387
-3668
-3788
-3943
-4586
-5077
-5825
-6746
-7175
-7830
-8203
-7945
-7588
-6805
-5533
-4074
-2251
-242
1945
3856
5698
7426
8218
9141
9337
8879
8350
7039
5661
4046
2125
609
-1033
-2446
-3571
-4338
-4671
-5106
-4956
-4557
-4132
-3581
-2982
-2299
-1812
-1339
-993
-757
-456
-506
-362
-282
-304
-107
86
337
731
1328
1816
2302
2838
3773
4088
4499
5069
4956
5332
5313
4824
4906
4739
4027
3989
3783
3958
4184
3969
4843
5219
5313
6139
6183
6396
6182
5243
4512
2870
1122
-1043
-3304
-5737
-8525
-10128
-12322
-13859
-14256
-14833
-14062
-13100
-11724
-9039
-6645
-4210
-1355
1469
3813
5651
7605
8465
9225
9461
8948
8520
7522
6507
5353
4094
3100
2233
1256
551
-57
-545
-1054
-1780
-2318
-2975
-3813
-4760
-5886
-6578
-7579
-8681
-9031
-9534
-9488
-9223
-8609
-7293
-6008
-4227
-2363
-415
1859
3551
5097
6666
7576
8027
8109
7607
6863
5632
3898
2482
799
-993
-2387
-3729
-4755
-5291
-5882
-5784
-5560
-5299
-4577
-4180
-3349
-2698
-2245
-1667
-1426
-970
-749
-729
-203
-29
182
902
1157
2001
2835
3222
4407
4963
5481
6369
6301
7012
7009
6403
6824
6110
5597
5152
4290
4414
3670
3395
3757
3495
4164
4351
4826
5665
5654
6135
6061
5437
5087
3398
1834
156
-2412
-4864
-7102
-9775
-12094
-13657
-15100
-15762
-15825
-15384
-13999
-12180
-10118
-7237
-4483
-1744
1058
3542
5673
7481
8746
9351
9691
9634
9022
8300
7531
6236
5259
4459
3271
2591
1938
1159
848
304
-273
-752
-1464
-2163
-3178
-4128
-5191
-6311
-7046
-8315
-8871
-9190
-9745
-9364
-8778
-8006
-6690
-5220
-3409
-1549
241
2230
3866
5415
6588
7274
7879
7784
7471
6814
5691
4697
3296
1950
648
-796
-1797
-2879
-3789
-4252
-4799
-5128
-5143
-5274
-5036
-4874
-4694
-4224
-3839
-3263
-2826
-2067
-1142
-452
515
1388
2457
3585
4310
5259
6190
6752
7342
7673
7795
8164
7763
7675
7472
6856
6827
6153
5966
5893
5258
5647
5313
5338
5586
5260
5651
4817
4723
4106
2757
1750
-185
-1765
-3991
-6616
-8363
-11120
-13020
-14589
-16342
-16593
-17196
-16723
-15337
-13767
-11475
-8791
-5682
-2594
601
3775
6438
8911
10798
11948
12940
12947
12485
11845
10284
8918
7426
5185
3617
2057
254
-957
-2167
-3034
-3826
-4468
-4907
-5491
-6041
-6569
-7146
-7650
-8417
-8829
-9197
-9524
-9328
-9040
-8256
-7200
-5771
-3847
-1888
306
2714
4767
6726
8622
9868
10670
11090
10961
10188
9085
7537
5728
3742
1550
-359
-2254
-4080
-5460
-6597
-7367
-7752
-7948
-7742
-7444
-6946
-6271
-5547
-5019
-4200
-3473
-2925
-2170
-1390
-844
60
870
1552
2739
3465
4533
5574
6293
7354
7849
8375
8896
8817
9006
8576
8083
7802
6820
6352
5450
4669
4348
3446
3208
2789
2467
2291
1846
1713
1117
665
-409
-1422
-2228
-4211
-5491
-6990
-9097
-9935
-11711
-12637
-12733
-13340
-12491
-11624
-10076
-7925
-5799
-3033
-224
2502
5150
7371
9562
10801
11829
12179
11826
11312
9899
8553
6752
4663
3058
1041
-743
-1823
-3300
-4022
-4401
-4892
-4739
-4856
-4724
-4376
-4551
-4503
-4646
-4797
-5176
-5402
-5657
-5745
-5486
-5417
-4519
-3574
-2602
-881
484
2184
3981
5251
6716
7542
8159
8355
7965
7441
6230
5007
3437
1547
128
-1816
-3351
-4456
-5785
-6450
-7184
-7535
-7324
-7447
-7062
-6404
-6129
-5393
-4736
-4255
-3400
-2814
-2291
-1480
-734
-5
795
1598
2455
3161
4116
4772
5377
6087
6297
6713
6757
6721
6778
6174
5992
5577
4879
4791
4274
4099
3956
3861
4209
4172
4588
4961
4998
5303
5153
4902
4504
3472
2441
1072
-909
-2401
-4571
-6706
-8341
-10367
-11700
-12800
-13601
-13447
-13119
-12290
-10794
-8896
-6700
-4302
-1860
654
3162
5159
6990
8418
9386
9891
10119
9779
9118
8407
7143
5924
4665
3232
2148
837
-378
-1319
-2232
-2923
-3750
-4332
-4700
-5240
-5641
-5938
-6136
-6185
-6286
-6243
-5780
-5406
-4622
-3713
-2716
-1453
-75
1326
2722
3965
5161
6105
6700
7108
7003
6765
6038
5048
3946
2610
1121
-375
-1757
-3147
-4350
-5093
-6037
-6435
-6582
-6780
-6458
-6305
-5853
-5415
-5085
-4383
-3954
-3628
-2970
-2540
-1986
-1557
-1079
-210
262
1034
1816
2480
3321
3896
4476
4940
5184
5321
5098
4832
4441
3920
3190
2549
2136
1389
1207
969
969
1415
1658
2573
3383
4210
5426
6182
7061
7743
8017
8194
7731
7010
5954
4490
2666
820
-1658
-3564
-5751
-7933
-9496
-11058
-11977
-12563
-12956
-12386
-11741
-10713
-9147
-7683
-5763
-3980
-2245
-467
1034
2472
3542
4630
5326
5788
6258
6279
6524
6294
6143
6001
5520
5162
4631
4223
3510
2796
2095
1106
384
-648
-1602
-2411
-3439
-4074
-4770
-5335
-5600
-5830
-5707
-5425
-5070
-4396
-3637
-2845
-1977
-1057
-156
707
1271
1954
2362
2583
2953
2897
2825
2644
2458
2152
1711
1554
1246
949
685
356
396
-201
-358
-537
-1080
-1160
-1627
-1924
-2228
-2574
-2635
-2935
-2883
-2801
-2713
-2464
-2185
-1586
-1249
-755
-14
367
917
1538
1921
2362
2617
2983
3254
3315
3557
3742
3719
3687
3815
3820
3609
3506
3452
3297
2901
2705
2511
2072
1763
1521
1040
902
574
436
422
146
537
521
380
867
787
975
1054
757
939
541
15
-258
-964
-1741
-2367
-3336
-4109
-4880
-5642
-6274
-6694
-7166
-7232
-7233
-7032
-6662
-6090
-5533
-4659
-3862
-2941
-1843
-1038
-109
973
1780
2697
3489
4032
4875
5089
5523
5826
5701
5679
5501
5006
4677
3978
3540
2873
1974
1416
678
17
-661
-1261
-1818
-2468
-2959
-3383
-3845
-4153
-4537
-4742
-4811
-4792
-4666
-4471
-4025
-3571
-3045
-2391
-1539
-846
-313
613
1144
1651
2288
2435
2894
3004
2989
3178
2852
2975
2615
2315
2216
1741
1478
944
732
369
-259
-359
-761
-1187
-1279
-1553
-1521
-1587
-1564
-1149
-1082
-652
-80
275
895
1210
1737
2154
2259
2537
2464
2582
2060
1848
1722
905
755
270
-169
-382
-870
-770
-903
-1105
-706
-659
-706
-378
-87
-153
243
119
435
429
583
798
695
1179
1016
1323
1745
1254
1867
1552
1540
1535
1116
981
381
66
-305
-950
-1144
-1783
-2138
-2329
-2753
-2696
-2835
-2861
-2645
-2500
-2074
-1705
-1231
-637
-170
491
1178
1659
2422
2814
3329
3628
3819
4073
3904
3777
3537
3085
2530
2057
1377
807
68
-471
-991
-1535
-2086
-2370
-2544
-3153
-3198
-3295
-3598
-3652
-3648
-3676
-3694
-3711
-3456
-3314
-3230
-2746
-2379
-2023
-1534
-906
-430
-42
541
1156
1326
1662
2100
2204
2312
2250
2359
2164
2010
1942
1585
1554
1152
1059
1064
556
752
498
39
393
-35
-179
-288
-602
-746
-1162
-1333
-1613
-1843
-2210
-2321
-2371
-2567
-2421
-2326
-2087
-1758
-1531
-995
-574
-293
130
421
614
841
845
802
704
583
409
250
269
4
26
27
-86
110
75
287
266
286
432
445
406
367
418
367
283
322
444
506
689
1100
1369
1938
2454
2943
3778
3995
4952
5125
5467
5771
5462
5401
4632
4091
3165
1985
964
-525
-1496
-2840
-3903
-4562
-5491
-5702
-5962
-5920
-5297
-4925
-4063
-3020
-2127
-989
-38
909
1571
2295
2750
2897
3140
3010
2925
2577
2258
2008
1591
1272
1032
736
448
420
119
0
-157
-472
-751
-1188
-1455
-2020
-2284
-2815
-3246
-3416
-3820
-3702
-3803
-3529
-3123
-2824
-2048
-1473
-705
59
584
1343
1782
2118
2511
2523
2436
2346
2022
1699
1256
908
446
9
-306
-688
-926
-1325
-1509
-1713
-2180
-2315
-2697
-3103
-3382
-3969
-4138
-4794
-4986
-5192
-5705
-5436
-5623
-5380
-4966
-4725
-3835
-3438
-2631
-1859
-1209
-282
187
958
1227
1607
1964
1808
2137
1751
1818
1725
1320
1573
1154
1346
1210
1214
1534
1389
1735
1684
1844
1942
1897
2057
1725
1872
1608
1414
1517
1292
1258
1163
1367
1411
1519
1900
2006
2283
2562
2845
3019
3109
3205
3248
3128
2897
2784
2474
2148
1886
1720
1379
1207
1229
1086
1217
1235
1421
1808
1767
2336
2474
2803
2989
3067
3473
3240
3363
3412
3096
3147
2814
2695
2389
2134
1854
1482
1261
939
487
410
-43
-355
-402
-767
-1038
-1030
-1414
-1377
-1652
-1704
-1795
-2011
-2029
-2206
-2205
-2282
-2424
-2345
-2358
-2472
-2351
-2364
-2305
-2278
-2298
-2121
-2223
-2281
-2220
-2313
-2397
-2482
-2517
-2641
-2620
-2771
-2777
-2658
-2673
-2592
-2451
-2376
-2270
-2191
-2102
-2124
-2100
-2176
-2304
-2292
-2400
-2559
-2525
-2682
-2665
-2522
-2556
-2374
-2161
-2010
-1748
-1469
-1239
-972
-784
-609
-469
-375
-350
-260
-387
-250
-451
-450
-390
-473
-319
-333
-104
107
312
733
1048
1434
1779
2179
2570
2779
3028
3221
3196
3158
2993
2810
2399
1959
1604
1048
596
146
-290
-588
-911
-1074
-1211
-1241
-1142
-1092
-693
-589
-102
287
603
1165
1615
2066
2456
2887
3247
3472
3755
3908
3990
4124
3944
3950
3849
3528
3290
3045
2707
2304
1855
1602
1147
711
497
222
-107
-179
-271
-362
-229
-260
-3
145
307
522
734
835
1027
1088
1202
1181
1189
1064
1134
935
904
719
633
548
435
375
386
222
229
175
122
25
-71
-236
-559
-586
-1039
-1373
-1554
-2084
-2323
-2634
-3011
-3015
-3362
-3385
-3265
-3284
-3178
-2800
-2645
-2336
-1819
-1631
-1202
-784
-605
-110
72
328
627
703
958
1117
1171
1366
1360
1517
1622
1582
1582
1660
1591
1462
1373
1134
924
604
346
-140
-423
-889
-1412
-1614
-2063
-2408
-2520
-2774
-2676
-2697
-2521
-2218
-2003
-1561
-1290
-796
-539
-281
115
116
349
379
224
283
11
-150
-334
-638
-744
-1246
-1179
-1579
-1824
-1751
-2185
-1970
-2197
-2260
-2050
-2104
-1920
-1837
-1627
-1359
-1211
-797
-614
-247
3
284
631
666
1021
1067
1114
1317
1144
1210
1080
955
869
614
679
424
257
383
170
141
234
141
246
177
340
380
329
462
451
478
568
500
608
635
603
704
773
765
839
888
918
1004
1041
1126
1136
1309
1306
1350
1472
1508
1495
1532
1484
1439
1388
1274
1180
1113
984
863
755
784
713
735
793
863
1041
1070
1214
1452
1506
1664
1601
1810
1720
1637
1686
1555
1419
1271
1112
977
806
593
485
489
160
213
187
-68
66
-120
-130
-175
-399
-395
-657
-814
-1044
-1363
-1497
-1876
-2127
-2282
-2586
-2735
-2859
-2868
-2930
-2809
-2627
-2518
-2149
-1914
-1661
-1256
-1009
-784
-521
-420
-326
-255
-373
-295
-464
-620
-599
-844
-819
-904
-1005
-960
-1039
-992
-1032
-995
-1065
-1085
-1064
-1216
-1267
-1353
-1529
-1565
-1622
-1747
-1696
-1703
-1569
-1427
-1253
-945
-710
-331
-56
188
716
742
1008
1347
1237
1458
1398
1332
1293
1103
973
809
602
469
213
94
-57
-274
-280
-432
-511
-526
-564
-506
-523
-491
-237
-267
-9
237
390
731
1005
1256
1523
1797
2000
2104
2222
2277
2217
2099
1961
1878
1532
1356
1165
928
756
508
461
335
140
118
113
20
-85
-163
-209
-429
-510
-595
-866
-854
-990
-1138
-944
-1035
-882
-609
-453
-111
159
529
843
1209
1518
1761
1975
2063
2204
2187
2056
1951
1666
1477
1097
853
518
115
-58
-361
-615
-649
-883
-857
-787
-930
-671
-621
-684
-398
-517
-495
-372
-694
-599
-757
-978
-949
-1170
-1199
-1162
-1236
-1109
-896
-836
-557
-272
-129
219
448
617
871
942
1054
1164
1050
1143
1004
891
870
628
620
397
308
169
-116
-109
-415
-601
-732
-1095
-1269
-1525
-1805
-1931
-2132
-2242
-2161
-2173
-2013
-1641
-1423
-968
-433
-42
599
1028
1476
1976
2181
2493
2587
2544
2521
2210
1919
1620
1042
638
147
-376
-757
-1226
-1550
-1811
-1936
-2059
-2057
-1926
-1791
-1540
-1294
-956
-619
-397
30
255
391
697
686
743
824
616
627
517
275
219
83
-88
-69
-195
-233
-165
-181
-82
-44
58
228
209
361
441
425
557
532
544
602
571
593
676
583
692
754
685
842
788
795
889
777
782
751
634
559
487
364
245
204
102
79
81
67
106
206
313
358
453
603
598
610
616
571
459
335
212
44
-67
-218
-410
-382
-541
-573
-475
-540
-442
-361
-273
-135
-145
1
73
-31
137
-33
-104
-59
-334
-270
-516
-613
-577
-903
-754
-895
-1014
-843
-1032
-959
-877
-1024
-819
-885
-881
-686
-825
-653
-579
-653
-429
-463
-365
-231
-228
-110
44
87
160
290
346
359
409
440
459
355
382
387
180
228
148
38
11
-48
-102
-82
-142
-136
-62
-118
16
10
13
203
123
206
319
212
251
271
219
173
176
125
40
67
-36
-49
-59
-145
-167
-153
-206
-241
-197
-242
-223
-220
-207
-115
-74
-58
144
162
204
416
385
531
619
561
684
613
593
596
483
416
336
227
162
67
-48
-55
-128
-199
-179
-236
-212
-189
-198
-88
-111
-31
56
58
152
136
167
243
142
174
194
44
92
13
-99
-35
-243
-238
-211
-400
-295
-354
-353
-312
-342
-248
-236
-227
-131
-124
-63
-50
44
68
50
149
82
199
168
139
310
205
252
406
276
458
492
469
712
565
776
849
663
950
769
627
834
363
349
265
-282
-247
-584
-1009
-938
-1409
-1551
-1464
-1912
-1630
-1649
-1811
-1266
-1442
-1117
-598
-788
-108
137
172
840
824
1094
1474
1332
1701
1712
1557
1821
1577
1442
1519
1196
1089
971
640
558
292
7
-73
-396
-625
-704
-1000
-1121
-1170
-1403
-1337
-1379
-1451
-1252
-1201
-1096
-847
-702
-472
-208
-37
214
428
586
746
869
927
986
929
871
825
637
443
252
32
-234
-447
-699
-885
-1061
-1261
-1284
-1367
-1439
-1362
-1330
-1237
-1102
-971
-777
-646
-448
-236
-100
67
255
352
468
578
645
748
762
839
873
863
914
902
897
875
831
772
688
627
463
293
189
-59
-208
-384
-598
-697
-861
-936
-998
-1041
-985
-995
-813
-701
-617
-335
-219
-10
228
395
617
854
938
1139
1280
1264
1363
1316
1230
1229
1052
936
852
594
504
295
115
-5
-250
-298
-513
-587
-641
-781
-695
-739
-706
-567
-522
-371
-197
-135
125
222
337
502
595
653
707
770
714
749
682
597
572
473
329
327
152
85
25
-91
-86
-207
-218
-276
-300
-291
-302
-279
-278
-248
-254
-244
-211
-253
-266
-242
-365
-340
-436
-483
-479
-612
-581
-585
-653
-542
-536
-522
-342
-408
-288
-195
-194
-72
-43
-15
42
25
23
72
17
28
27
-39
-9
-60
-72
-49
-79
-63
-57
-62
-9
-71
-34
-37
-68
-36
-76
-20
-49
-10
15
43
64
120
153
188
267
237
295
304
275
289
254
164
199
68
3
8
-136
-108
-163
-172
-156
-133
-107
-47
3
41
160
171
257
289
304
354
301
312
312
236
236
199
132
157
57
29
35
-55
-50
-41
-115
-85
-73
-150
-55
-131
-104
-56
-109
-51
-36
-15
34
79
121
223
287
348
407
489
529
555
610
604
616
591
560
546
436
406
354
183
208
91
-28
22
-157
-137
-191
-284
-235
-329
-326
-322
-368
-334
-367
-361
-304
-360
-262
-267
-247
-168
-156
-88
-50
-2
22
63
36
55
26
-55
-63
-178
-252
-332
-453
-498
-615
-659
-697
-756
-728
-716
-683
-593
-521
-408
-314
-200
-52
6
130
184
214
250
216
212
144
88
28
-72
-135
-178
-227
-226
-223
-178
-141
-54
52
121
239
314
384
466
463
465
491
374
317
263
114
43
-58
-136
-186
-261
-273
-266
-262
-198
-116
-62
40
146
241
301
403
452
521
520
517
562
460
465
416
283
267
143
43
6
-146
-149
-229
-326
-285
-333
-351
-269
-257
-196
-113
-48
61
147
252
372
454
527
636
652
686
683
664
601
484
403
262
142
-6
-146
-278
-403
-488
-571
-608
-642
-626
-588
-575
-472
-387
-323
-159
-96
33
147
206
341
385
448
514
490
521
482
398
369
243
127
15
-131
-244
-376
-487
-562
-672
-725
-766
-785
-798
-770
-686
-641
-543
-404
-293
-127
27
178
350
452
590
698
716
785
790
732
693
566
470
324
152
31
-145
-295
-429
-524
-655
-676
-707
-741
-679
-677
-591
-513
-446
-326
-254
-159
-57
-20
72
102
152
165
162
209
163
186
183
160
169
147
148
161
133
155
174
137
194
187
199
232
222
250
236
223
204
168
124
50
4
-83
-180
-248
-362
-408
-484
-547
-543
-580
-548
-489
-450
-349
-261
-162
-48
51
160
264
352
413
485
513
520
539
515
487
435
387
300
230
145
51
11
-108
-155
-184
-294
-279
-298
-343
-288
-314
-282
-220
-219
-143
-88
-47
22
73
119
175
214
260
308
311
355
391
393
417
428
411
416
384
363
348
275
256
207
127
96
14
-41
-77
-138
-167
-211
-227
-236
-256
-244
-237
-223
-193
-167
-137
-86
-45
-21
41
60
74
107
100
97
81
67
58
25
-4
5
-21
-39
-12
-47
-32
-24
-11
8
-10
27
20
23
33
17
34
9
1
3
-41
-44
-63
-97
-122
-162
-166
-220
-244
-252
-306
-305
-314
-341
-320
-314
-313
-268
-260
-202
-176
-139
-92
-46
-12
14
71
75
118
131
152
175
174
186
189
185
182
151
137
129
71
54
8
-32
-74
-120
-152
-194
-218
-226
-237
-249
-209
-180
-150
-95
-22
25
92
146
199
240
266
281
268
280
229
194
155
91
58
-15
-56
-91
-136
-149
-175
-159
-161
-143
-119
-107
-59
-29
-10
53
61
105
152
164
213
240
270
275
308
311
325
321
320
305
269
271
214
188
165
85
66
15
-44
-58
-109
-133
-142
-163
-164
-137
-137
-122
-90
-84
-45
-15
-8
20
27
42
46
54
65
62
69
70
72
67
88
78
94
95
81
106
85
72
73
40
13
6
-32
-55
-89
-107
-145
-154
-148
-174
-141
-140
-113
-73
-53
0
30
67
121
147
179
211
223
222
215
205
176
159
125
72
50
-2
-22
-53
-87
-98
-140
-133
-145
-153
-156
-156
-166
-163
-149
-164
-138
-154
-141
-131
-127
-102
-98
-74
-86
-70
-67
-62
-55
-79
-73
-90
-101
-92
-124
-115
-116
-135
-109
-107
-101
-60
-70
-41
-20
-29
22
-8
4
23
-5
5
1
-14
-22
-55
-64
-75
-96
-109
-145
-139
-160
-161
-148
-166
-153
-154
-155
-130
-133
-103
-93
-94
-54
-63
-18
-13
3
38
30
58
71
92
112
101
135
136
135
157
146
146
126
129
113
101
71
61
55
16
30
6
0
7
-15
2
-2
12
27
29
57
51
91
116
118
160
153
177
191
202
207
199
202
185
181
151
145
112
92
77
40
44
29
16
16
8
15
15
49
68
63
111
108
136
156
162
180
159
161
142
132
115
73
61
26
-3
-8
-26
-43
-47
-46
-49
-46
-26
-31
-22
-19
-29
-8
-6
-19
-18
-32
-53
-54
-59
-94
-97
-109
-135
-134
-131
-134
-139
-130
-127
-117
-115
-97
-99
-112
-96
-99
-107
-101
-107
-119
-123
-122
-112
-120
-98
-102
-113
-83
-84
-80
-63
-63
-74
-51
-61
-51
-42
-43
-44
-50
-25
-42
-25
-13
-25
-8
-1
6
29
28
32
40
43
48
50
51
34
34
10
3
-8
-28
-46
-66
-72
-100
-85
-88
-97
-89
-74
-49
-36
4
39
56
101
130
154
186
177
198
189
171
167
134
115
76
44
10
-12
-41
-54
-76
-83
-88
-82
-63
-68
-38
-32
-20
8
22
23
43
46
52
51
60
62
53
57
49
48
44
41
29
32
12
11
7
-8
-7
-21
-21
-31
-27
-20
-21
-20
-11
-10
1
10
9
33
23
33
38
39
36
28
29
15
4
0
-10
-30
-29
-38
-47
-50
-49
-60
-58
-66
-72
-64
-84
-76
-72
-84
-75
-68
-67
-51
-52
-30
-31
-14
5
2
19
25
36
37
53
43
56
48
48
49
30
45
17
17
13
-3
-8
-10
-18
-17
-25
-18
-16
-16
-8
3
16
14
42
43
56
70
79
88
91
104
103
95
99
98
85
84
79
70
66
62
59
51
51
46
43
46
33
40
41
31
46
38
38
49
35
54
43
46
45
45
37
34
35
19
15
5
0
-13
-14
-24
-26
-31
-27
-34
-38
-32
-38
-46
-46
-54
-60
-66
-77
-83
-93
-100
-113
-110
-124
-122
-120
-122
-123
-110
-103
-99
-83
-62
-54
-38
-10
-11
14
24
31
43
43
44
40
38
26
17
13
-11
-12
-22
-43
-35
-58
-54
-53
-65
-58
-57
-56
-45
-39
-37
-26
-24
-20
-14
-3
-7
1
13
10
20
27
29
27
37
32
19
38
24
26
36
21
39
25
31
38
28
46
28
39
39
29
43
38
40
50
49
49
59
54
54
59
49
46
45
39
32
35
25
21
24
18
11
11
12
0
6
-1
-3
-8
-5
-3
-11
-9
-3
-6
-15
4
-8
-4
9
1
1
6
0
-5
-5
-9
-16
-20
-21
-40
-29
-38
-48
-33
-42
-43
-28
-31
-35
-13
-20
-16
0
-9
2
4
2
6
1
-2
-4
-11
-14
-18
-19
-24
-23
-19
-22
-12
-17
-8
-10
-4
0
0
8
7
15
13
19
21
23
25
23
16
19
19
7
11
8
-5
1
-2
-8
-4
-6
-2
-11
-5
-4
-8
-3
0
-7
-1
-3
-2
1
1
5
2
11
5
12
16
12
21
19
16
23
19
13
18
14
15
16
11
10
2
4
8
2
-2
-1
-2
-14
-1
-7
-11
-2
-5
-7
-4
0
-6
-3
-6
-8
-5
-9
-6
-10
-11
-7
-13
-8
-5
-8
-9
-2
-10
-8
1
-7
-9
-1
-7
-10
-4
-2
-7
1
0
0
-1
-6
1
-6
-1
5
-4
1
2
-7
3
0
-4
5
-10
1
-8
-7
-4
-13
6
-16
1
3
-16
10
-4
-1
10
-1
4
0
5
3
3
11
-4
14
-1
-1
6
-8
-5
0
-6
-8
1
-10
3
-6
5
11
3
17
12
14
15
23
26
25
30
33
23
24
30
14
23
14
15
9
-2
7
-14
-6
-6
-15
-7
-13
-17
-18
-8
-12
-3
3
-12
-1
0
-11
7
-5
0
9
-8
-4
-4
-6
4
-4
4
11
-5
6
-2
-3
6
0
-4
7
-7
-7
-8
-16
-4
-7
-6
-4
-9
-15
-10
-15
-10
-9
-14
-5
-10
-10
5
-9
8
8
5
11
4
2
3
10
