SAMPLES:	10705
BITSPERSAMPLE:	16
CHANNELS:	1
SAMPLERATE:	16000
NORMALIZED:	FALSE
-1
0
-1
-2
0
-2
-3
-1
0
-3
-1
-2
-2
-1
-1
0
-3
1
-1
-1
1
0
2
1
1
4
1
2
4
2
2
4
3
2
5
1
1
3
0
0
1
0
0
1
-1
1
2
1
1
3
2
5
2
1
7
3
1
2
0
1
1
-2
0
0
1
-3
0
0
-2
-1
-2
-2
1
-2
-2
0
-2
-2
-2
-2
-3
0
-5
-2
-1
-5
-1
-5
-4
-3
-5
-5
-6
-3
-7
-7
-5
-8
-1
-6
-3
-1
-1
-1
0
0
-1
3
1
0
5
5
0
7
3
2
3
1
2
3
3
-3
4
-2
0
0
-5
4
-3
1
1
0
2
-1
2
0
1
1
1
2
4
3
2
6
3
5
7
4
8
4
5
10
4
5
8
5
6
7
3
4
6
1
1
3
2
1
0
1
-2
-1
-2
-5
-3
-4
-5
-8
-5
-8
-6
-8
-9
-6
-10
-7
-8
-7
-6
-5
-5
-3
-4
-1
-2
-1
3
-2
1
0
-1
-2
-3
-3
-6
-5
-5
-3
-3
-3
-4
-1
0
0
1
3
6
2
5
3
4
5
2
4
2
4
1
-1
0
2
-1
-2
3
-1
2
0
-3
2
-1
-3
-2
0
-2
0
-1
4
1
1
4
-2
3
-1
2
1
2
1
1
2
-1
5
0
3
4
2
5
4
2
6
8
0
8
1
2
3
-2
0
1
1
-3
6
-2
1
6
-3
5
2
-2
7
0
3
6
1
6
4
1
4
1
3
0
3
-1
-2
2
-8
-5
-3
-7
-6
-6
-7
-5
-6
-8
-5
-5
-9
-4
-6
-9
1
-7
-6
3
-10
1
-3
-6
1
-6
1
-4
-2
-1
0
0
0
4
1
6
0
3
2
3
4
2
5
6
3
7
6
2
9
7
0
9
4
1
3
-1
2
-4
-3
-3
-4
-5
-8
-2
-9
-6
-6
-9
-5
-7
-8
-7
-7
-13
-4
-18
-6
-11
-11
-4
-12
-3
-2
1
1
5
8
6
10
11
7
16
10
8
13
7
8
6
5
7
1
6
-3
6
-1
1
3
-5
8
1
2
5
7
1
6
4
5
4
6
8
4
10
3
7
6
4
6
0
3
1
-3
-3
-3
-2
-3
-7
-1
-4
-2
-3
-4
1
-3
0
-2
1
0
-1
-3
-2
-2
-5
-6
-5
-7
-4
-7
-7
-1
-5
-1
4
3
9
6
8
15
7
15
6
13
10
5
10
3
10
8
5
12
10
7
13
7
7
9
3
0
0
-13
-11
-15
-28
-19
-31
-34
-29
-38
-35
-35
-39
-34
-31
-35
-25
-23
-23
-14
-17
-11
-8
-11
-10
-8
-12
-13
-18
-22
-24
-32
-33
-35
-37
-37
-35
-29
-20
-19
4
13
23
50
55
74
96
98
118
128
131
140
145
146
150
150
141
148
139
128
129
112
100
93
72
60
45
26
12
-4
-21
-41
-50
-70
-81
-97
-112
-124
-138
-157
-167
-182
-201
-205
-221
-223
-235
-234
-239
-232
-225
-223
-207
-195
-177
-162
-136
-116
-86
-69
-39
-18
1
26
35
62
70
88
90
109
116
124
144
144
168
168
190
196
208
221
233
246
256
268
274
291
286
300
298
298
291
283
270
251
229
196
173
131
98
58
24
-13
-49
-84
-112
-139
-172
-184
-213
-226
-253
-266
-278
-303
-312
-339
-353
-369
-389
-405
-413
-425
-428
-430
-434
-423
-423
-397
-390
-360
-333
-302
-259
-227
-176
-135
-84
-39
18
59
113
158
207
256
302
349
393
441
478
527
552
600
618
641
663
657
664
645
627
595
564
511
459
396
328
261
188
114
39
-25
-101
-157
-219
-268
-310
-341
-369
-388
-397
-403
-397
-393
-381
-377
-358
-357
-349
-341
-344
-341
-348
-350
-350
-358
-358
-354
-343
-334
-318
-299
-274
-246
-217
-184
-148
-107
-79
-24
6
49
96
127
184
216
258
300
331
374
403
433
452
473
484
481
482
463
449
418
383
343
299
262
209
172
133
82
62
20
-10
-20
-64
-66
-94
-107
-107
-123
-114
-125
-113
-110
-103
-91
-88
-77
-77
-69
-70
-73
-76
-85
-89
-106
-106
-121
-126
-121
-135
-121
-131
-118
-99
-101
-69
-62
-41
-8
-1
31
42
53
62
47
45
18
-9
-43
-77
-123
-162
-193
-220
-240
-257
-246
-251
-218
-196
-172
-119
-100
-61
-22
-11
30
42
49
86
69
96
114
114
146
152
174
189
211
215
232
223
211
205
155
145
88
39
-1
-69
-107
-164
-207
-248
-283
-311
-332
-340
-350
-337
-331
-308
-279
-247
-201
-158
-102
-56
1
56
99
159
198
242
288
308
352
369
383
405
403
409
392
390
357
334
307
253
242
185
167
143
115
133
122
157
187
234
293
350
408
457
496
510
517
479
440
357
249
142
9
-135
-260
-407
-532
-634
-753
-809
-884
-918
-930
-947
-912
-894
-835
-779
-710
-610
-533
-418
-312
-206
-88
25
109
211
280
318
382
355
359
320
248
194
86
4
-103
-188
-283
-351
-407
-447
-445
-454
-394
-350
-257
-147
-41
114
225
377
499
589
708
736
777
786
728
692
605
508
423
317
231
169
107
89
89
94
144
201
256
328
396
445
484
516
502
493
452
384
329
221
158
45
-36
-85
-182
-182
-236
-234
-200
-220
-144
-145
-102
-70
-94
-55
-96
-105
-156
-207
-244
-325
-375
-445
-506
-571
-641
-710
-785
-847
-939
-1031
-1106
-1209
-1300
-1384
-1476
-1537
-1574
-1614
-1607
-1564
-1504
-1387
-1254
-1095
-887
-685
-450
-202
30
296
534
766
1020
1246
1467
1703
1888
2128
2330
2495
2703
2845
2993
3086
3143
3172
3153
3066
2941
2751
2525
2256
1881
1544
1118
665
247
-281
-691
-1150
-1568
-1885
-2237
-2381
-2544
-2582
-2505
-2414
-2145
-1930
-1618
-1286
-1001
-675
-484
-269
-150
-110
-115
-211
-299
-446
-614
-766
-886
-1020
-1065
-1120
-1128
-1041
-1043
-936
-872
-846
-775
-836
-880
-987
-1161
-1315
-1569
-1771
-1959
-2144
-2228
-2263
-2205
-2006
-1736
-1375
-884
-366
272
870
1522
2172
2729
3326
3742
4175
4463
4676
4811
4772
4766
4537
4328
3982
3571
3196
2663
2226
1691
1241
807
373
59
-264
-455
-655
-779
-850
-928
-924
-1011
-995
-1040
-1086
-1080
-1194
-1173
-1236
-1272
-1277
-1342
-1306
-1335
-1356
-1340
-1378
-1358
-1381
-1412
-1415
-1419
-1427
-1466
-1444
-1487
-1475
-1508
-1610
-1596
-1730
-1808
-1932
-2098
-2161
-2339
-2447
-2545
-2635
-2638
-2657
-2616
-2479
-2328
-2120
-1839
-1529
-1126
-693
-229
339
903
1561
2187
2866
3567
4236
4903
5451
6054
6491
6876
7106
7224
7214
7002
6697
6086
5490
4643
3634
2640
1399
322
-847
-2010
-2896
-3821
-4395
-4845
-5115
-5015
-4875
-4434
-3918
-3302
-2536
-1896
-1188
-604
-101
297
508
678
626
583
386
137
-67
-378
-536
-746
-863
-918
-936
-840
-796
-686
-587
-506
-487
-565
-656
-845
-1117
-1488
-1901
-2301
-2778
-3211
-3648
-3951
-4135
-4323
-4250
-4109
-3758
-3267
-2764
-1999
-1256
-411
437
1211
2142
2878
3590
4300
4857
5490
5942
6328
6784
7038
7345
7494
7531
7593
7335
7080
6587
5925
5223
4181
3181
1988
658
-519
-1915
-3060
-4194
-5210
-5820
-6447
-6586
-6630
-6335
-5727
-5155
-4207
-3403
-2419
-1502
-874
-143
223
548
645
453
372
14
-293
-664
-994
-1139
-1375
-1352
-1359
-1175
-911
-757
-446
-270
-79
-51
-136
-281
-631
-1031
-1590
-2142
-2743
-3359
-3876
-4386
-4653
-4892
-4961
-4762
-4520
-3988
-3430
-2673
-1808
-1000
-52
725
1631
2377
2981
3663
4136
4691
5052
5486
5974
6410
6956
7368
8057
8606
9121
9600
9827
10149
9944
9622
9055
8100
7073
5464
3904
2140
172
-1722
-3766
-5378
-6961
-8324
-9218
-9814
-9832
-9669
-9150
-8117
-6946
-5636
-4347
-3052
-1678
-696
-6
503
815
849
498
55
-385
-854
-1454
-1929
-2151
-2213
-2197
-2060
-1663
-1115
-623
-199
259
676
832
728
527
151
-426
-1236
-2131
-2922
-3796
-4642
-5342
-5889
-6053
-6265
-6111
-5680
-5117
-4199
-3393
-2304
-1136
17
1113
2130
3119
3984
4746
5300
5903
6321
6798
7257
7552
8181
8649
9213
9792
10272
10878
11115
11266
11141
10724
10081
8851
7459
5669
3736
1451
-1004
-3226
-5594
-7580
-9476
-10892
-11642
-12210
-12080
-11549
-10485
-8987
-7478
-5619
-3747
-1910
-334
977
2037
2711
2998
2865
2521
1893
1176
233
-612
-1291
-1962
-2296
-2493
-2405
-2101
-1715
-1131
-558
31
437
732
902
743
375
-274
-1013
-1981
-3125
-4226
-5308
-6225
-7050
-7696
-7920
-7869
-7575
-6981
-6109
-4903
-3647
-2294
-803
609
2053
3230
4309
5329
6045
6760
7135
7609
8065
8322
8827
9212
9814
10395
10866
11480
11843
12177
12172
11815
11270
10191
8817
7015
4917
2570
16
-2521
-5079
-7343
-9330
-10975
-11968
-12580
-12546
-11986
-11041
-9447
-7855
-5878
-3892
-2055
-212
1074
2256
2937
3174
3111
2569
1952
974
-85
-1021
-1950
-2625
-3138
-3384
-3332
-3029
-2553
-1926
-1168
-420
264
738
1114
1208
1001
575
-249
-1233
-2471
-3782
-5154
-6472
-7625
-8641
-9219
-9590
-9531
-9061
-8248
-7044
-5710
-4056
-2232
-435
1349
2994
4556
5954
6984
7838
8534
9141
9618
9848
10337
10786
11225
11658
12083
12735
13069
13212
13061
12716
12057
10767
9117
7087
4855
2174
-730
-3515
-6252
-8638
-10990
-12747
-13795
-14369
-14294
-13843
-12572
-10818
-8959
-6840
-4661
-2308
-304
1205
2557
3450
4022
3888
3466
2946
2088
1157
-18
-813
-1461
-2075
-2400
-2556
-2231
-1882
-1425
-769
-132
585
909
1213
1306
1060
550
-442
-1506
-2848
-4353
-5880
-7376
-8606
-9758
-10485
-10777
-10655
-9975
-9033
-7581
-5770
-3741
-1560
683
2911
5011
6813
8333
9675
10598
11421
11834
12198
12501
12551
12859
12824
13035
13212
13094
13205
12704
12192
11486
10195
8807
6774
4670
2428
-282
-2880
-5587
-7877
-10027
-12135
-13497
-14397
-14585
-14549
-14033
-12655
-11043
-9132
-7242
-5138
-2854
-1072
369
1565
2513
3094
2982
2734
2334
1715
985
89
-470
-991
-1356
-1587
-1527
-1171
-852
-331
246
738
1150
1379
1396
1213
629
-245
-1385
-2751
-4333
-5930
-7495
-8977
-10240
-11135
-11596
-11584
-11113
-10225
-8780
-7002
-4897
-2594
-166
2289
4626
6802
8716
10398
11711
12885
13602
14139
14545
14641
14915
14572
14449
14223
13713
13330
12175
11413
10355
8779
7244
4990
3287
1055
-1632
-3914
-6361
-8213
-10385
-12269
-13276
-13912
-13967
-13979
-13103
-11585
-9942
-8040
-6225
-3792
-1706
-83
1421
2607
3645
3931
3848
3566
3110
2288
1238
376
-424
-1191
-1883
-2264
-2340
-2269
-2152
-1896
-1414
-1005
-842
-740
-812
-1046
-1703
-2643
-3690
-4850
-6085
-7525
-8808
-9709
-10411
-10760
-10822
-10257
-9022
-7681
-5822
-3710
-1181
1564
3880
6338
8737
10850
12717
14021
15266
16295
16684
16930
16900
16663
16271
15444
14634
13812
12573
11373
9800
8291
6547
4492
2524
145
-2083
-4505
-6836
-8918
-10887
-12515
-13794
-14580
-14848
-14540
-13837
-12673
-11018
-9218
-7167
-5207
-3279
-1384
147
1371
2199
2888
3176
3036
2569
1960
1384
467
-314
-1071
-1643
-1957
-2454
-2389
-2292
-2100
-1978
-1833
-1448
-1614
-1607
-2006
-2463
-3010
-4189
-5082
-6205
-7308
-8320
-9394
-9890
-10291
-10267
-9805
-9093
-7719
-6136
-4106
-1847
518
3208
5713
8166
10453
12560
14625
16162
17283
18263
19103
19531
19467
19217
18813
18228
16913
15426
14006
12423
10395
7788
5551
3250
672
-2258
-5149
-7297
-9438
-11744
-13470
-14517
-14795
-14974
-15040
-13899
-12423
-10629
-9107
-7450
-5057
-3248
-1674
-676
387
1490
1569
1502
1214
1177
912
48
-428
-798
-743
-1126
-1558
-1274
-1061
-925
-1099
-1102
-882
-1191
-1962
-2817
-3563
-4588
-6120
-7467
-8726
-9811
-10974
-11933
-12118
-12037
-11651
-10960
-9577
-7817
-5857
-3512
-1057
1593
4181
6637
9072
11274
13080
14885
16317
17438
18276
18680
19355
19264
19081
18787
18160
17582
16068
14691
13205
11190
9102
6271
3832
1200
-2039
-4766
-7619
-9751
-11924
-14052
-15019
-15594
-15443
-15194
-14387
-12627
-10877
-8973
-7191
-5133
-3169
-1823
-695
43
751
1017
558
187
-245
-686
-1283
-2005
-2150
-2141
-2174
-1952
-1657
-822
-123
175
709
1007
1045
528
-406
-1314
-2645
-4373
-6310
-8122
-9611
-11118
-12237
-12777
-12712
-12131
-11130
-9434
-7324
-5007
-2388
412
3224
5862
8228
10487
12544
14188
15551
16638
17634
18235
18749
18991
19076
19201
18651
18387
17426
16095
15010
12997
11029
8211
5339
2671
-702
-3803
-7209
-9895
-12145
-14572
-15907
-16811
-16764
-16327
-15742
-14004
-12085
-9856
-7811
-5776
-3639
-1926
-590
249
1092
1277
892
476
-251
-837
-1529
-2318
-2633
-2743
-2744
-2634
-2063
-1187
-470
136
575
965
1089
467
-442
-1458
-2838
-4679
-6636
-8282
-9746
-11142
-12238
-12605
-12440
-11699
-10694
-9128
-6824
-4604
-1954
495
3077
5662
7488
9672
11121
12522
13897
14409
15655
15984
16538
17268
17136
17937
17538
17503
17340
16180
15658
13786
12074
9880
7089
4799
1494
-1447
-4501
-7475
-9461
-12014
-13539
-14571
-15065
-14580
-14577
-13221
-11455
-9438
-7444
-5959
-3689
-1738
-247
569
1123
1833
1650
905
21
-622
-1189
-2252
-3078
-3381
-3366
-3233
-3091
-2508
-1618
-1063
-845
-661
-732
-1214
-2153
-3506
-4782
-6393
-8369
-9975
-11453
-12520
-13266
-13742
-13303
-12488
-11286
-9497
-7083
-4147
-1449
1252
4194
7101
9761
11799
13504
15430
16524
17263
17653
17868
18441
17818
17350
16731
15962
15708
14046
12937
11667
9867
8599
5991
4309
2431
-1
-1937
-4393
-5805
-7308
-9105
-9950
-10794
-10700
-10754
-10998
-9663
-8553
-7126
-5906
-4733
-2553
-1037
-14
697
1560
2257
1876
1233
522
230
-328
-1528
-2209
-2610
-2620
-2695
-2887
-2348
-2034
-2081
-2232
-2724
-2977
-3807
-5154
-6356
-7894
-9424
-10907
-12249
-13077
-13733
-14206
-14094
-13491
-12512
-10946
-9004
-6800
-4241
-1713
1259
4173
6932
9699
12207
14610
16284
17787
19022
20071
20568
20051
19763
19046
18248
17033
14931
13652
11609
9442
7324
4501
3029
672
-1782
-3554
-5574
-6253
-7569
-8816
-8948
-9147
-8595
-8530
-8383
-7152
-5999
-4760
-4115
-3013
-1536
-350
316
378
1259
1613
1255
339
-495
-401
-974
-1885
-2640
-2838
-2682
-2861
-2773
-2321
-1918
-2082
-2510
-2759
-3164
-4143
-5489
-6790
-8250
-9820
-11302
-12351
-12864
-13539
-13855
-13515
-12532
-11257
-9981
-7988
-5808
-3557
-1257
1252
3917
6432
8733
10926
13209
14658
16150
17391
18660
19394
18867
19215
18753
18405
17565
15550
14911
12962
10927
8569
5501
4006
1120
-1742
-4094
-6635
-7497
-9178
-10568
-10762
-10692
-9666
-9606
-9026
-7563
-5783
-4056
-3603
-2271
-751
626
970
697
1677
2012
1576
244
-494
-106
-456
-1255
-1767
-1502
-1069
-1129
-967
-196
159
-168
-930
-1341
-1975
-3597
-5378
-7128
-8805
-10837
-12681
-13725
-14253
-14830
-15223
-14595
-13199
-11580
-9766
-7691
-5312
-2650
-141
2459
5024
7186
9626
11788
13271
14676
15695
17145
18190
17976
18098
18068
17911
17322
15620
14662
13509
11532
9265
6271
4426
2159
-760
-3321
-5998
-7411
-8925
-10681
-11375
-11456
-10760
-10174
-9872
-8685
-6966
-4783
-3645
-2609
-884
499
1684
1522
1826
2730
2514
1713
478
216
344
-398
-924
-913
-331
-7
9
793
1652
1791
1367
863
484
-811
-2844
-4828
-6532
-8540
-11252
-13031
-13859
-14642
-15425
-16033
-15025
-13370
-12070
-10308
-8160
-5416
-2831
-684
2140
4752
7091
9403
11119
12955
14185
15370
16998
17779
17791
17808
17756
17911
16978
15210
14456
13043
10951
8184
5269
3907
1455
-1624
-4265
-6515
-7585
-9588
-11249
-11551
-11408
-10993
-10994
-10402
-8666
-6736
-5076
-3800
-2203
-374
912
1879
2326
3151
3435
2896
2247
1457
1344
820
44
-216
-111
199
210
699
1520
2032
1922
1532
1416
788
-852
-2707
-4306
-6142
-8478
-11035
-12295
-13018
-14224
-15187
-15317
-14206
-13046
-11963
-10240
-7831
-5318
-3312
-881
2042
4669
6923
8900
10900
12569
13633
14743
16242
16901
16651
16530
16462
16586
15455
13851
13341
11902
9980
7204
4739
3817
1353
-1651
-4457
-6446
-7360
-9521
-11255
-11745
-11546
-11077
-11364
-10667
-8585
-6461
-4712
-3791
-1879
348
1700
2548
2597
3733
4016
3045
2114
1187
1405
680
-554
-711
-454
207
7
327
1602
2289
2228
1605
1607
1552
-44
-2245
-3938
-5441
-7567
-10185
-11831
-12649
-13501
-14724
-15198
-14092
-12979
-11828
-10307
-7932
-5151
-2886
-336
2490
5477
7901
10047
11920
13233
14475
15305
16464
16998
16335
16297
15887
15570
14768
13106
12710
11349
9464
7300
4838
3823
1444
-1489
-3958
-6437
-7818
-10051
-11975
-12705
-13122
-12938
-13064
-12277
-10598
-8729
-6598
-5063
-3048
-888
713
2205
2970
3806
4354
3891
3395
2634
2442
2016
1065
800
710
1146
1202
1287
2087
2691
2591
2178
2056
1688
539
-1465
-3212
-4598
-6641
-8988
-10875
-11956
-13041
-14369
-15004
-14457
-13426
-12387
-10905
-8733
-6009
-3488
-890
2097
5088
7672
9878
11780
13381
14771
15768
16794
17406
17155
16995
16626
16073
15423
13852
12920
11642
9554
7477
4704
3060
1071
-1793
-4195
-6980
-8734
-10324
-12373
-13257
-13946
-13683
-13271
-13202
-11820
-10079
-7691
-5793
-4644
-2608
-638
1118
2032
2415
3320
3491
3019
2200
1715
1671
1107
375
95
422
608
735
1277
1980
2284
2013
1823
1712
929
-483
-1999
-3326
-5028
-7063
-8880
-10105
-11066
-12164
-12810
-12497
-11623
-10740
-9310
-7327
-5088
-2610
-295
2488
5227
7371
9690
11481
13250
14516
15280
16687
16978
16778
16718
15814
15749
14628
12752
12047
10037
8262
5919
3142
2169
-90
-2582
-4738
-7023
-7824
-9411
-11237
-11770
-12081
-11596
-11578
-11676
-10258
-8358
-6473
-5303
-4148
-2150
-209
1032
1457
2049
2898
2844
1904
1024
835
655
-159
-1059
-1198
-963
-838
-709
-94
669
694
483
402
346
-342
-1755
-2915
-4142
-5735
-7429
-9044
-9721
-10406
-11284
-11464
-10943
-9912
-8764
-7206
-5201
-2986
-754
1559
4181
6707
8786
10759
12694
14190
15282
16204
17165
17707
17368
16964
16184
15640
14469
12373
11142
9119
6834
4240
1549
332
-2144
-4649
-6738
-8420
-9253
-11042
-12007
-12037
-11740
-11522
-11609
-10828
-8874
-7051
-5737
-4567
-3063
-1155
-7
693
1219
1894
2221
1389
615
399
423
137
-558
-741
-373
12
173
533
1331
1801
1291
954
670
108
-965
-2725
-3956
-5440
-7223
-8840
-9949
-10424
-11081
-11415
-11144
-10142
-8883
-7439
-5336
-3250
-801
1308
3684
6398
8380
10614
12219
13840
15268
15744
16958
17486
17298
17181
16114
15760
14648
12491
11257
9244
7247
4518
1484
112
-2160
-4641
-7017
-9047
-9672
-11237
-12575
-12742
-12458
-11841
-12040
-11513
-9765
-7913
-6416
-5438
-4017
-2250
-1066
-307
185
794
1199
640
-93
-351
-68
-58
-366
-567
-160
664
1029
1487
2315
3006
3006
2439
2115
1837
923
-656
-2261
-3613
-5473
-7441
-8878
-9711
-10331
-11181
-11317
-10538
-9502
-8353
-6620
-4264
-1656
556
2766
5546
7963
10334
12347
13993
15701
16401
17252
18257
18028
17909
16994
16317
15682
13125
11660
9967
7899
5648
2008
298
-1385
-3816
-6178
-8943
-9610
-10703
-12370
-13024
-13194
-12316
-12388
-12427
-11079
-9217
-7302
-6268
-5078
-3270
-1719
-686
-107
643
1295
1045
287
-371
-227
-64
-506
-880
-884
-239
-57
61
922
1713
2039
1482
1004
890
215
-1111
-2536
-3720
-5328
-7439
-9114
-9855
-10446
-11355
-11749
-11108
-9792
-8709
-7317
-4855
-1975
638
2713
5471
8430
10862
13047
14690
16536
17786
18282
19096
18990
18661
17912
16743
15871
13544
11639
9921
7558
5293
2121
191
-1501
-3971
-5965
-8170
-8939
-10095
-11715
-11915
-11756
-11138
-11267
-10983
-9378
-7760
-6386
-5248
-3846
-2273
-1122
-624
139
897
1097
922
107
-492
-574
-906
-1205
-1470
-1671
-1165
-859
-897
-221
538
1155
1032
589
238
-229
-1234
-2678
-3989
-5430
-7119
-8801
-9916
-10686
-11310
-11895
-11482
-10476
-9335
-8020
-6096
-3447
-1008
1219
3837
6891
9424
11544
13437
15417
17027
17738
18763
18981
18963
18334
17159
16778
14895
13212
11439
9302
7250
4094
2002
394
-2037
-4457
-6808
-8009
-9084
-10972
-11764
-11749
-11191
-11200
-11377
-9915
-8303
-6927
-6012
-4913
-3261
-2104
-1447
-1171
-484
-27
-143
-535
-1095
-1141
-1009
-1171
-1304
-1078
-514
173
713
1105
2065
2699
2835
2711
2158
1697
643
-975
-2642
-4635
-6331
-8171
-9978
-11011
-12125
-12745
-12762
-12324
-11228
-10003
-8350
-6160
-3751
-1204
1386
4277
7096
9781
11939
14035
16032
17461
19150
19492
19652
19601
18534
18207
16205
14572
12984
10578
8373
4765
2632
609
-1866
-4336
-7234
-8207
-9479
-11022
-12026
-12135
-11112
-10862
-10971
-10066
-8194
-6528
-5658
-4935
-3170
-1747
-1149
-1173
-807
-18
-239
-799
-1500
-1390
-1282
-1699
-1714
-1353
-295
55
661
1573
2533
3380
3256
3534
3237
2565
1440
-262
-1790
-4098
-6235
-8239
-9903
-11188
-12475
-13028
-13066
-12389
-11434
-9920
-7804
-5455
-3098
-522
2290
5170
8123
10353
12396
14547
16127
17920
18715
19161
19874
19070
18734
17019
15351
14337
11687
9694
6560
3905
2124
-1017
-2936
-5547
-7285
-8253
-10208
-10950
-11708
-11469
-10994
-11286
-10786
-9692
-8290
-7234
-6749
-5318
-3739
-2605
-2134
-1901
-683
-557
-786
-1144
-1020
-481
-1307
-1400
-1179
-450
-55
-3
1148
2032
2808
2712
3124
3672
3110
2286
827
-123
-1917
-4403
-6585
-8462
-9758
-11511
-12608
-13049
-12758
-12179
-11374
-9270
-6899
-4319
-1995
572
3643
6533
9030
11312
13344
15033
16659
17800
18834
19025
19122
18896
18111
17101
15021
13662
11569
8947
6597
3619
1843
-735
-3359
-5366
-7329
-8197
-9731
-10674
-11051
-11222
-10878
-10979
-10450
-9210
-7882
-7003
-6248
-5123
-3999
-3109
-2589
-2310
-1759
-1644
-2218
-2282
-2352
-2125
-2174
-2314
-1693
-1344
-540
-162
680
1822
2293
3140
3149
3434
3247
2600
1760
388
-916
-3019
-5052
-7192
-9128
-10473
-11853
-12505
-12789
-12328
-11508
-10258
-8146
-5778
-2944
-277
2477
5210
7999
10691
12836
14699
16313
17916
19072
19481
19804
19708
19223
18491
16880
15602
13877
11249
8915
5970
4060
1530
-1374
-3530
-5976
-7161
-9238
-10720
-11089
-11629
-11622
-12248
-11909
-10656
-9656
-8496
-7580
-6087
-4887
-4380
-3677
-3147
-2546
-2393
-3028
-3287
-3315
-3153
-3053
-3065
-2324
-1730
-899
-277
508
1974
2831
3404
3503
3681
3772
3228
2098
1020
-95
-1915
-3955
-6145
-7682
-9389
-11242
-12414
-13049
-12683
-12354
-11592
-10028
-8324
-6017
-3545
-628
2292
4903
7683
10374
12841
14704
16520
18118
19445
20009
20141
20326
19968
19141
17641
16094
14679
12232
9541
6619
4318
1967
-962
-3442
-5858
-7356
-9151
-10967
-11677
-12200
-12299
-12630
-12729
-11743
-10495
-9231
-8313
-6870
-5229
-4178
-3374
-2781
-1856
-1254
-1706
-2129
-2207
-1976
-1943
-2292
-1677
-1070
-659
-204
389
2070
2922
3193
3598
3763
3847
2919
2043
1203
-226
-2229
-4299
-5745
-7507
-9333
-11007
-11877
-12116
-12295
-11733
-10383
-8788
-7281
-5429
-3067
-197
2151
4306
6485
8656
10907
12400
13971
15380
16526
17725
17857
18193
18452
18311
17873
16212
14840
13465
11362
8627
5530
3482
1215
-1685
-4508
-6917
-8146
-9895
-11727
-12637
-12912
-12967
-13396
-13268
-11940
-10257
-9140
-8118
-6671
-4677
-3376
-2857
-1738
-640
-147
-774
-1261
-838
-601
-1040
-1673
-1349
-590
-349
-377
503
1991
2768
2804
2815
3526
3857
2914
1654
600
-451
-2221
-4316
-5889
-7189
-8990
-10566
-11402
-11490
-11138
-10940
-9749
-8171
-6280
-4370
-2171
649
2746
4656
6621
8774
10588
11881
13148
14511
15620
16480
17068
17520
18054
17941
17545
16609
15043
13782
11705
9435
6744
4117
2191
-585
-3280
-5926
-7921
-9255
-11394
-12682
-13441
-13947
-14217
-14532
-13321
-11651
-10162
-9041
-7655
-5545
-4153
-3076
-2227
-1246
-421
-767
-1276
-1347
-1032
-1125
-1597
-1514
-892
-343
37
521
1836
2734
2862
2911
3090
3456
2772
1568
530
-684
-2101
-4108
-5630
-6843
-8507
-9955
-11008
-11088
-11106
-11087
-10343
-8797
-7143
-5468
-3421
-904
1487
3298
5262
7393
9479
11004
12317
13903
15432
16442
17499
18273
18891
19234
18877
18511
17206
15552
13844
11584
9360
6403
4094
1960
-848
-3663
-6452
-7939
-9569
-11692
-13018
-13716
-14000
-14519
-14391
-12927
-10946
-9598
-8449
-6374
-4159
-2860
-2209
-1206
51
351
-461
-1075
-942
-1091
-1863
-2349
-2019
-1673
-1795
-1748
-860
370
686
657
1059
1548
1454
663
82
-452
-1284
-2858
-4222
-5143
-6209
-7621
-8936
-9363
-9514
-9658
-9790
-9003
-7667
-6480
-5109
-3354
-1031
794
2458
4414
6607
8524
10143
11890
13517
15269
16420
17694
18528
18760
18929
18567
18114
16542
14918
13382
11364
9264
6521
4499
2391
-493
-3452
-6237
-8072
-9979
-12298
-14143
-14973
-15257
-15646
-15619
-14455
-12274
-10557
-9013
-6945
-4300
-2334
-1220
26
1579
2616
2194
1719
1498
1484
768
-217
-253
-377
-796
-1222
-941
-181
32
8
289
781
681
17
-360
-624
-1454
-2784
-4008
-4924
-5912
-7428
-8431
-8841
-9189
-9556
-9714
-8824
-7600
-6625
-5520
-3559
-1440
501
2220
4127
6433
8143
9601
11267
12926
14529
15314
16048
16936
17316
17499
17057
16591
15822
14374
13053
11708
10106
8105
5299
3045
822
-1890
-4669
-7238
-9081
-11089
-13353
-14819
-15409
-15336
-15536
-15243
-13783
-11905
-9894
-8333
-5950
-3486
-1667
-20
1282
2741
3481
3429
3165
2758
2372
1495
720
43
-596
-985
-1346
-1285
-941
-555
-93
366
694
839
740
367
-185
-1015
-2032
-3258
-4551
-5825
-6931
-7908
-8761
-9431
-9668
-9428
-8903
-8172
-7216
-5721
-3723
-1793
165
2175
4390
6406
8095
9762
11453
13126
14157
14844
15697
16653
17196
17113
16929
16485
16030
14720
13322
12308
10230
8084
5177
2779
740
-2389
-4894
-7747
-9594
-11266
-13848
-14837
-15730
-15678
-15774
-15805
-14191
-12224
-9740
-8175
-5902
-3157
-902
1045
2095
3789
4782
4662
3684
2623
2388
1312
-99
-1374
-2101
-2201
-2992
-3352
-2789
-1898
-1104
-871
-117
542
534
348
-27
-357
-1381
-2750
-3998
-5047
-6198
-7458
-8255
-9007
-9378
-9484
-9089
-8328
-7714
-6297
-4472
-2424
-500
1435
3778
5800
7550
9115
10823
12360
13251
14015
14830
15519
15939
15990
15717
15762
15169
14470
13637
12420
11249
9171
7511
5306
3156
964
-1721
-3571
-6122
-7862
-9475
-11231
-12098
-13008
-13075
-13060
-12715
-11448
-9748
-7995
-6399
-4475
-2083
-299
1099
2157
3087
3280
2243
1700
835
-187
-1581
-3106
-3352
-4160
-4443
-4511
-3777
-2425
-2046
-895
-31
1013
1337
1357
1520
1155
280
-1471
-2717
-3981
-5333
-6931
-8292
-9131
-10099
-10705
-11160
-10511
-9547
-8714
-7290
-5549
-3339
-1479
457
2555
4851
6764
8020
9617
10846
12291
13182
13969
14848
15188
16013
15620
15805
15592
15134
14646
12820
12104
10572
8838
6578
3794
2424
-228
-2569
-5146
-7201
-8022
-10405
-11630
-12391
-12165
-11667
-12250
-11339
-9673
-7740
-6360
-5124
-2714
-620
693
1297
2222
3444
3400
2625
1688
1410
648
-826
-1839
-2336
-2314
-2842
-2989
-2205
-1414
-834
-696
188
900
932
524
128
1
-1380
-2965
-4345
-5350
-6612
-8699
-9922
-10612
-11117
-11983
-12356
-11447
-10498
-9451
-8232
-6364
-3970
-2246
-228
2016
4290
6212
7647
9361
10857
12177
12980
14194
15331
15885
16836
16765
17528
17330
16907
17028
15265
14670
12716
10714
8824
5063
3488
520
-2136
-4754
-7959
-8763
-11324
-12948
-13837
-14027
-12843
-13315
-12328
-10356
-8006
-5921
-4792
-2255
79
1517
2165
2882
4351
4383
3465
2495
1989
1624
87
-820
-1411
-1492
-1837
-2467
-1710
-1080
-555
-576
-164
678
541
86
-972
-1198
-2124
-4077
-5566
-6919
-7873
-9769
-11321
-11948
-12274
-12709
-13331
-12663
-11408
-10371
-9244
-7670
-5348
-3149
-1435
552
2794
4949
6603
7815
9470
10807
11783
12841
13728
14871
15787
16423
17130
17744
18078
18072
17642
16768
15658
13895
11998
9193
6332
3896
689
-2302
-5901
-8368
-10068
-12718
-14306
-15207
-14832
-14405
-14356
-12619
-10040
-7805
-6331
-4519
-1765
533
1539
2364
3659
4665
4364
3262
3087
3179
2388
1003
229
299
67
-833
-1093
-380
83
-271
-665
-42
371
-293
-1208
-1703
-2111
-3454
-5095
-6153
-7091
-8522
-10090
-10892
-11355
-11984
-12605
-12410
-11624
-10968
-10136
-8814
-6727
-4813
-3171
-1051
1273
3474
5124
6962
8810
10214
11325
12119
13144
13997
14614
15266
15618
15935
15877
15734
15499
14658
13774
12542
11107
9091
6894
4561
2414
-3
-2694
-4960
-7152
-8603
-10239
-11650
-11970
-11970
-11562
-11079
-9873
-7851
-6009
-4523
-3081
-871
1051
2267
2968
3767
4558
4201
3450
2597
2196
1385
-337
-1355
-2015
-2444
-3213
-4017
-3609
-3278
-3234
-3240
-2749
-1812
-1637
-1676
-1537
-1324
-1517
-2562
-3213
-3880
-4880
-6325
-7951
-8681
-9523
-10617
-11340
-11590
-11346
-11040
-10302
-8840
-7119
-5395
-3675
-1453
760
2726
4658
6599
8649
9969
11201
12242
13611
14619
14941
15883
16093
16746
16542
16237
16347
15374
15266
13588
12248
10984
8724
7469
4484
2544
319
-2250
-4095
-6920
-7988
-9374
-10815
-11434
-11914
-11143
-10886
-10406
-8918
-7304
-5477
-4227
-2566
-656
478
1370
1911
2772
2873
2207
1721
1089
713
-474
-1497
-2115
-2731
-3087
-3864
-3826
-3653
-3605
-3451
-3411
-2770
-2453
-2363
-2400
-2476
-2608
-3136
-3852
-4712
-5568
-6569
-7601
-8562
-9128
-9524
-9783
-9669
-9229
-8312
-7330
-6100
-4617
-2856
-1231
50
1718
3222
4423
5370
6114
7394
8264
8789
9405
10092
11111
11650
12155
13008
13653
14197
14557
14544
14925
14437
13895
13309
11773
10719
8616
6860
4969
2207
382
-2065
-3936
-5791
-7848
-8545
-9684
-10231
-10229
-10123
-8981
-8385
-7356
-5882
-4671
-3265
-2571
-1546
-756
-438
-428
-713
-633
-1240
-1875
-2558
-2794
-3044
-3792
-3744
-3685
-3403
-3354
-3350
-2573
-2053
-1774
-1710
-1238
-827
-1114
-1337
-1927
-2193
-2975
-4041
-4623
-5381
-5819
-6528
-6747
-6467
-6278
-5759
-5150
-4016
-3026
-2139
-1206
-234
810
1222
1764
2146
2284
2295
2144
2219
2130
2290
2517
3122
3851
4560
6042
7333
8866
10184
11639
13341
14130
15067
15485
15866
15604
14248
13483
11964
10226
7951
5404
3774
1008
-1294
-3396
-5092
-6102
-8104
-8694
-8995
-9206
-9081
-9318
-8242
-7626
-7450
-6813
-6087
-5095
-5125
-4967
-4118
-3647
-3653
-3852
-3230
-2713
-2838
-3172
-2711
-2000
-2134
-2217
-1898
-1098
-900
-1347
-885
-417
-346
-865
-1278
-752
-1268
-1965
-2497
-2599
-2556
-3467
-3567
-3364
-2875
-2763
-2708
-1727
-1125
-550
-287
178
927
921
898
757
590
343
-357
-658
-945
-1362
-1546
-1702
-1358
-919
-404
497
1520
2913
4368
5824
7488
9111
10615
11833
12918
13612
14275
14295
13727
13133
11934
10713
8979
6821
5031
2687
735
-1262
-3254
-4493
-6413
-7194
-8008
-8708
-8693
-9185
-8544
-8347
-8036
-7263
-6788
-5587
-5317
-4557
-3641
-3024
-2172
-2137
-1280
-675
-470
-159
-171
287
129
95
60
-107
-42
-425
-375
-563
-620
-602
-652
-549
-726
-674
-644
-668
-744
-671
-613
-693
-635
-642
-416
-365
-281
-84
-21
1
-73
88
92
-70
-185
-451
-680
-939
-1240
-1499
-1877
-2159
-2402
-2524
-2672
-2635
-2352
-1983
-1605
-1084
-253
738
1729
2560
3628
4585
5551
6349
6923
7530
7625
7905
7664
7428
7136
6489
6127
4827
4270
3373
2472
1781
225
-163
-1140
-2061
-2826
-3823
-3717
-4625
-5276
-5442
-5600
-5197
-5854
-5604
-5034
-4597
-4103
-4035
-2845
-2048
-1550
-983
-231
828
1064
1258
1602
2043
2083
1637
1630
1564
1493
959
600
942
772
751
566
903
1393
1208
1592
1797
2370
2377
2005
2358
2220
2252
1590
1121
908
33
-623
-1541
-2254
-3096
-4134
-4954
-5773
-6507
-7057
-7460
-7910
-8142
-8326
-8226
-8007
-7790
-7295
-6783
-6197
-5596
-4668
-3655
-2563
-1428
-320
1134
2378
3784
5147
6485
7786
8912
10066
10860
11668
12045
12515
12621
12395
12262
11469
10970
9838
8732
7690
6008
4720
2792
1114
-426
-2354
-3691
-5377
-6544
-7599
-8423
-8546
-8901
-8520
-8156
-7198
-6028
-5206
-3671
-2531
-1051
54
913
2124
2739
3470
3594
3849
4135
4022
3984
3718
3689
3502
3195
3137
2950
2929
2656
2398
2273
1847
1457
864
365
-479
-1473
-2408
-3430
-4307
-5468
-6501
-7461
-8340
-9112
-9798
-10110
-10525
-10661
-10626
-10517
-10106
-9865
-9388
-8867
-8451
-7847
-7372
-6698
-6128
-5510
-4809
-4212
-3234
-2282
-1230
-60
1073
2488
3930
5274
6760
8225
9546
10785
11822
12835
13664
14035
14387
14520
14401
14207
13516
12951
12006
10989
10043
8713
7661
6142
5015
3737
2252
1175
-159
-1092
-2235
-3164
-3669
-4469
-4725
-4919
-4715
-4424
-4247
-3308
-2666
-1616
-912
-119
1005
1424
2246
2546
2789
2876
2433
2288
1675
881
109
-1009
-1850
-2904
-3910
-4656
-5457
-5997
-6699
-7047
-7200
-7356
-7258
-7414
-7219
-7108
-7091
-6917
-6931
-6781
-6843
-6928
-6978
-6996
-6949
-6972
-6909
-6679
-6344
-5950
-5422
-4806
-4002
-3222
-2530
-1658
-966
-201
389
802
1261
1443
1704
1749
1794
1955
1901
2147
2372
2687
3247
3685
4491
5279
6073
7089
8050
9064
9874
10649
11620
12352
12832
13204
13598
13860
13652
13311
12956
12404
11490
10271
9098
7803
6178
4366
2679
1077
-585
-2293
-3669
-4641
-5651
-6375
-6903
-6783
-6581
-6439
-5905
-5346
-4513
-4126
-3704
-3154
-2855
-2743
-3046
-3162
-3487
-4127
-4708
-5328
-5806
-6404
-7016
-7326
-7508
-7640
-7635
-7456
-7171
-6779
-6335
-5791
-5283
-4797
-4352
-3876
-3529
-3440
-3163
-3168
-3068
-3043
-3159
-2936
-3018
-2815
-2558
-2239
-1700
-1417
-727
-96
453
950
1308
1859
2082
2102
1991
1808
1672
1197
738
452
337
183
209
526
1189
1916
2671
3825
5015
6259
7284
8300
9279
10033
10539
10736
10989
10837
10741
10428
9966
9877
9249
9153
8758
8462
8405
7877
7782
7071
6537
5810
4640
3645
1991
616
-1102
-2955
-4535
-6456
-7648
-9065
-9979
-10567
-10997
-10573
-10418
-9568
-8711
-7697
-6316
-5498
-4412
-3731
-3041
-2626
-2769
-2916
-3519
-3993
-4826
-5669
-6259
-7012
-7309
-7643
-7476
-6986
-6462
-5495
-4543
-3202
-1960
-796
578
1553
2478
3096
3372
3664
3557
3211
2693
2031
1436
668
-99
-695
-1176
-1552
-1789
-1858
-1690
-1285
-912
-352
277
941
1523
2051
2493
2805
3083
2944
2978
2725
2385
2232
1821
1713
1480
1439
1651
1786
2244
2622
3208
3737
4096
4659
5091
5393
5519
5546
5629
5677
5517
5451
5493
5577
5715
5801
6046
6199
6326
6445
6344
6224
5715
5025
4186
3001
1672
16
-1739
-3569
-5417
-7126
-8893
-10441
-11550
-12324
-12872
-13161
-12899
-12272
-11369
-10429
-9237
-7804
-6587
-5404
-4332
-3387
-2559
-2145
-1791
-1595
-1643
-1675
-1815
-1869
-1842
-1849
-1521
-1003
-416
430
1241
2362
3517
4508
5614
6429
7174
7621
7697
7698
7230
6582
5580
4463
3248
1892
580
-727
-1812
-2850
-3705
-4295
-4564
-4666
-4626
-4331
-3858
-3223
-2616
-2024
-1330
-781
-257
171
351
513
608
663
689
694
657
825
1054
1373
1790
2272
2945
3570
4087
4630
5136
5562
5704
5655
5478
5045
4528
3785
3074
2345
1607
1084
642
509
507
742
1181
1717
2503
3062
3630
3829
3959
3819
2985
2016
561
-969
-2795
-5038
-6859
-8731
-10238
-11554
-12572
-12791
-12676
-11961
-10977
-9521
-7704
-5742
-3644
-1638
302
2000
3450
4479
5010
5200
5115
4753
4013
3130
2209
1377
650
-65
-345
-422
-198
210
719
1601
2364
3266
4030
4703
5310
5540
5665
5484
5076
4325
3419
2496
1412
156
-1194
-2284
-3125
-4093
-4871
-5317
-5347
-5230
-5242
-4859
-4141
-3411
-2766
-2224
-1464
-841
-632
-533
-506
-448
-738
-1155
-1459
-1694
-1793
-2081
-2017
-1616
-1200
-572
-68
809
1670
2375
3081
3516
4082
4156
4169
3955
3468
3071
2283
1690
924
298
-212
-571
-632
-578
-175
377
1253
2211
3290
4357
5280
6108
6671
6862
6697
6049
5094
3768
2006
91
-2143
-4343
-6418
-8425
-9875
-11227
-11869
-12043
-11858
-10807
-9610
-7735
-5667
-3630
-1197
815
2891
4596
5810
6777
6959
6985
6428
5692
4695
3487
2469
1290
405
-309
-613
-510
-296
320
1122
2093
3074
3990
4852
5411
5708
5501
5135
4370
3222
1906
290
-1167
-2729
-4194
-5339
-6242
-6691
-6917
-6697
-6182
-5411
-4418
-3407
-2250
-1287
-413
248
518
663
385
0
-603
-1459
-2170
-3069
-3582
-4093
-4339
-4129
-3752
-2912
-1992
-760
674
2164
3570
4842
5858
6644
7125
7073
6842
6130
5229
4106
2641
1340
-101
-1313
-2394
-3244
-3703
-4033
-3871
-3615
-2967
-2061
-1076
183
1225
2317
3342
4095
4734
4915
4844
4551
3700
2762
1402
5
-1387
-3067
-4320
-5665
-6641
-7250
-7747
-7504
-7282
-6561
-5605
-4519
-2960
-1706
-194
1126
2360
3424
4028
4574
4814
4909
4639
4239
3703
3060
2515
1869
1509
1217
1118
1193
1352
1803
2354
3035
3599
4152
4626
4862
4943
4732
4308
3666
2736
1629
484
-824
-2014
-3106
-4113
-4755
-5374
-5585
-5561
-5323
-4876
-4313
-3614
-2882
-2240
-1696
-1162
-811
-576
-690
-863
-1111
-1522
-1964
-2519
-2848
-3106
-3240
-3257
-3068
-2549
-1944
-1126
-262
715
1740
2547
3310
3839
4174
4308
4053
3556
2713
1748
626
-614
-1839
-3048
-3979
-4838
-5354
-5522
-5394
-4787
-3951
-2866
-1552
-125
1388
2968
4355
5567
6553
7157
7512
7469
7168
6575
5641
4585
3332
2038
730
-474
-1513
-2430
-3144
-3660
-3861
-3988
-3952
-3737
-3342
-2849
-2548
-1993
-1533
-1027
-586
-335
166
385
622
786
869
1118
1165
1307
1443
1608
1891
2154
2594
3072
3606
4202
4725
5275
5746
6071
6278
6198
5922
5374
4573
3528
2328
1034
-402
-1777
-3251
-4459
-5396
-6133
-6519
-6790
-6632
-6202
-5668
-4967
-4203
-3301
-2517
-2022
-1705
-1495
-1470
-1751
-2330
-2918
-3577
-4361
-5108
-5765
-6140
-6321
-6294
-5996
-5344
-4484
-3408
-2144
-750
742
2053
3310
4377
5208
5814
6073
6082
5784
5246
4520
3629
2745
1860
1010
189
-462
-910
-1153
-1212
-1146
-891
-561
-189
208
563
901
1176
1297
1466
1453
1435
1395
1192
1267
1090
1147
1057
959
1145
1015
1201
1076
1159
1264
1085
1100
756
758
488
124
-85
-622
-718
-1136
-1379
-1446
-1571
-1316
-1289
-953
-489
68
736
1278
2053
2721
3373
3909
4302
4847
5040
5194
5195
5128
5039
4544
4187
3563
3054
2364
1500
823
-68
-791
-1614
-2292
-2840
-3447
-3912
-4239
-4381
-4514
-4556
-4456
-4261
-4030
-3799
-3484
-3187
-2822
-2559
-2289
-2120
-1964
-1862
-1889
-1872
-2049
-2156
-2363
-2520
-2603
-2783
-2695
-2671
-2451
-2132
-1774
-1158
-653
-2
587
1143
1709
2029
2260
2307
2214
2028
1608
1113
475
-128
-690
-1321
-1876
-2349
-2651
-2896
-3084
-3157
-3043
-2907
-2741
-2458
-2210
-1829
-1508
-1216
-776
-408
66
532
971
1594
2096
2746
3283
3721
4276
4520
4873
4951
4976
4915
4503
4177
3553
3005
2259
1473
763
-125
-769
-1494
-2031
-2444
-2728
-2756
-2678
-2390
-1916
-1237
-429
415
1299
2263
3193
3991
4604
5116
5496
5651
5552
5216
4829
4310
3672
2937
2230
1681
1124
608
206
-23
-166
-333
-374
-399
-352
-399
-499
-618
-832
-1002
-1372
-1703
-2122
-2546
-2914
-3358
-3624
-4006
-4185
-4278
-4341
-4211
-4165
-3830
-3563
-3157
-2771
-2459
-1938
-1679
-1296
-1125
-980
-719
-824
-750
-809
-906
-934
-1149
-1150
-1181
-1172
-1139
-1109
-1005
-920
-817
-832
-760
-765
-848
-961
-1235
-1362
-1637
-1950
-2185
-2504
-2653
-2931
-3110
-3150
-3140
-2981
-2875
-2506
-2033
-1491
-810
-127
739
1550
2385
3247
4055
4914
5594
6338
6947
7502
7974
8221
8502
8571
8555
8334
7988
7594
7018
6427
5691
4980
4222
3355
2561
1753
977
201
-539
-1120
-1652
-2157
-2527
-2740
-2826
-2819
-2690
-2438
-2026
-1663
-1226
-736
-293
177
398
629
831
843
815
684
598
534
379
250
164
194
274
305
446
536
637
693
584
521
268
-103
-410
-948
-1347
-1939
-2597
-3063
-3670
-4070
-4592
-5012
-5279
-5570
-5765
-5955
-6074
-6003
-5984
-5927
-5718
-5559
-5243
-5084
-4953
-4653
-4534
-4317
-4246
-4170
-3973
-3986
-3839
-3676
-3386
-3024
-2636
-2026
-1292
-506
240
1050
1875
2643
3264
3753
4197
4424
4471
4335
4070
3710
3214
2657
2071
1456
910
434
27
-243
-436
-459
-337
-83
338
857
1554
2255
3027
3846
4671
5546
6264
6974
7596
8060
8428
8561
8680
8591
8250
7838
7141
6429
5465
4352
3276
1976
766
-542
-1711
-2663
-3614
-4360
-4896
-5097
-5067
-4904
-4525
-3841
-2991
-2205
-1408
-560
306
1005
1434
1820
2142
2281
2188
1964
1829
1632
1298
897
584
465
276
92
-91
-122
-101
-188
-272
-357
-376
-551
-793
-1054
-1401
-1832
-2408
-3061
-3659
-4337
-5006
-5564
-6059
-6366
-6600
-6664
-6559
-6337
-5938
-5514
-4900
-4339
-3814
-3213
-2819
-2328
-2042
-1843
-1637
-1712
-1720
-1857
-2053
-2173
-2341
-2387
-2442
-2451
-2279
-1986
-1491
-973
-371
378
1110
1823
2422
2960
3426
3619
3601
3426
3120
2695
2104
1504
931
347
-212
-656
-965
-1167
-1246
-1232
-1015
-713
-384
49
528
1074
1552
1995
2469
2951
3394
3746
4123
4537
5079
5580
6044
6632
7143
7702
8056
8328
8590
8559
8377
7838
7188
6409
5303
4166
2834
1627
434
-816
-1770
-2624
-3192
-3639
-3954
-3952
-3850
-3612
-3250
-2835
-2322
-1865
-1452
-1063
-694
-387
-225
-117
-75
-124
-172
-293
-422
-546
-733
-788
-830
-809
-675
-488
-213
34
256
511
715
785
787
611
417
42
-519
-1111
-1801
-2416
-3141
-3805
-4335
-4779
-5057
-5229
-5147
-4841
-4366
-3808
-3127
-2348
-1507
-796
-219
271
596
747
651
387
-10
-558
-1210
-1871
-2579
-3152
-3674
-4042
-4255
-4444
-4304
-4134
-3828
-3429
-3100
-2563
-2142
-1700
-1252
-915
-512
-286
-72
131
321
466
603
778
1019
1235
1447
1746
2032
2375
2636
2910
3219
3418
3509
3461
3430
3287
3003
2581
2124
1733
1179
679
124
-287
-581
-882
-1036
-1059
-851
-599
-215
269
919
1574
2156
2831
3367
3877
4200
4442
4656
4668
4569
4307
4006
3600
3100
2532
1933
1428
873
373
-63
-356
-510
-601
-539
-403
-104
211
574
990
1352
1740
1992
2206
2329
2291
2236
2044
1828
1540
1200
963
693
431
184
-5
-108
-206
-319
-401
-416
-521
-615
-777
-950
-1086
-1406
-1705
-2059
-2380
-2681
-2998
-3214
-3379
-3445
-3485
-3450
-3304
-3127
-2884
-2676
-2401
-2142
-1973
-1827
-1741
-1723
-1830
-1982
-2203
-2408
-2657
-2961
-3197
-3394
-3477
-3550
-3574
-3451
-3253
-2983
-2716
-2385
-1993
-1640
-1337
-1084
-851
-693
-583
-547
-573
-616
-717
-782
-890
-950
-951
-967
-880
-770
-582
-348
-101
262
588
920
1268
1602
1957
2188
2364
2585
2748
2860
2917
2977
3105
3174
3245
3357
3485
3622
3688
3732
3774
3737
3663
3518
3311
3115
2851
2573
2270
1930
1621
1313
1050
867
729
661
674
733
872
1037
1252
1474
1671
1881
2068
2264
2373
2424
2450
2392
2296
2127
1965
1788
1551
1358
1146
1004
843
695
596
498
453
431
448
439
402
312
213
81
-132
-389
-740
-1076
-1456
-1878
-2292
-2754
-3164
-3631
-4062
-4472
-4816
-5054
-5356
-5531
-5686
-5746
-5754
-5770
-5703
-5587
-5412
-5222
-5009
-4719
-4364
-4047
-3746
-3438
-3060
-2637
-2255
-1840
-1366
-846
-303
240
806
1398
1914
2361
2745
3043
3288
3379
3387
3249
3033
2769
2442
2186
1850
1556
1342
1197
1179
1143
1204
1336
1411
1585
1740
1920
2086
2125
2222
2212
2170
2077
1878
1703
1391
1120
821
499
240
-63
-316
-529
-700
-764
-795
-799
-698
-605
-435
-269
-117
89
216
360
460
534
610
597
599
535
445
378
227
149
47
-62
-149
-264
-320
-380
-467
-535
-597
-648
-683
-723
-731
-778
-789
-788
-796
-785
-795
-744
-698
-697
-652
-595
-543
-492
-494
-422
-371
-340
-301
-271
-200
-181
-138
-107
-61
-40
-54
-38
-61
-73
-112
-166
-185
-199
-184
-155
-100
18
153
336
514
709
929
1094
1268
1371
1463
1502
1449
1356
1209
1028
792
512
230
-39
-294
-520
-720
-847
-937
-990
-1000
-981
-944
-896
-870
-835
-810
-834
-860
-901
-941
-1005
-1052
-1078
-1047
-993
-921
-791
-603
-381
-157
72
347
619
858
1057
1241
1388
1474
1477
1420
1338
1164
928
630
320
-4
-368
-714
-1041
-1299
-1514
-1674
-1750
-1751
-1656
-1514
-1322
-1066
-782
-492
-187
81
345
580
789
961
1085
1192
1285
1364
1425
1509
1588
1691
1821
1938
2102
2272
2427
2590
2697
2795
2854
2816
2732
2596
2390
2132
1818
1498
1189
877
576
309
96
-78
-191
-280
-329
-351
-370
-361
-378
-403
-441
-524
-623
-728
-864
-1014
-1162
-1312
-1424
-1555
-1664
-1723
-1774
-1746
-1728
-1660
-1548
-1432
-1296
-1157
-1019
-919
-837
-761
-695
-691
-734
-797
-851
-927
-1049
-1160
-1239
-1281
-1340
-1365
-1344
-1295
-1222
-1160
-1080
-1006
-934
-905
-871
-864
-886
-908
-959
-995
-1039
-1080
-1101
-1104
-1065
-1003
-913
-772
-616
-443
-246
-39
159
345
496
627
733
775
779
771
712
634
498
371
273
148
41
-39
-78
-32
40
150
337
565
841
1117
1399
1673
1924
2119
2276
2369
2400
2384
2297
2194
2049
1881
1704
1545
1415
1319
1244
1203
1209
1241
1289
1334
1369
1420
1440
1440
1424
1373
1316
1225
1136
1019
896
762
667
562
458
376
295
261
192
135
53
-9
-78
-163
-240
-326
-376
-453
-513
-580
-636
-686
-755
-812
-856
-893
-936
-953
-959
-953
-949
-937
-917
-887
-870
-880
-883
-909
-924
-979
-1041
-1101
-1175
-1236
-1319
-1405
-1474
-1552
-1614
-1666
-1718
-1751
-1806
-1831
-1856
-1882
-1899
-1912
-1894
-1866
-1823
-1739
-1636
-1520
-1387
-1242
-1076
-919
-755
-604
-444
-289
-149
-8
124
250
366
475
575
666
739
813
860
892
916
905
896
856
801
741
650
584
509
428
366
304
276
239
215
205
201
218
231
256
299
359
423
496
569
644
714
765
805
836
843
847
830
814
783
744
709
660
625
575
545
533
541
565
591
643
703
767
820
858
885
914
916
915
898
892
895
892
897
905
942
977
1030
1086
1167
1258
1334
1401
1462
1506
1520
1497
1437
1360
1252
1133
981
826
674
528
395
250
124
3
-97
-195
-286
-377
-453
-527
-599
-679
-763
-850
-949
-1047
-1163
-1268
-1373
-1478
-1583
-1679
-1772
-1854
-1932
-2009
-2072
-2122
-2157
-2177
-2188
-2172
-2140
-2104
-2049
-2003
-1939
-1869
-1799
-1729
-1649
-1553
-1458
-1358
-1266
-1161
-1068
-977
-896
-823
-741
-668
-600
-541
-468
-398
-322
-246
-174
-90
2
97
189
282
388
484
585
672
751
837
906
968
1023
1071
1118
1150
1178
1201
1204
1209
1197
1175
1134
1079
1029
961
895
815
744
678
604
540
474
425
397
378
378
392
439
511
584
677
771
876
970
1070
1162
1250
1337
1416
1489
1550
1602
1613
1623
1602
1560
1492
1393
1285
1155
1007
836
656
470
292
110
-62
-215
-352
-466
-560
-643
-710
-754
-785
-804
-820
-826
-825
-827
-835
-863
-898
-937
-1000
-1070
-1155
-1233
-1300
-1376
-1428
-1477
-1499
-1494
-1474
-1427
-1363
-1278
-1175
-1064
-949
-845
-748
-648
-575
-510
-469
-437
-403
-398
-386
-403
-409
-415
-424
-427
-435
-427
-410
-382
-347
-324
-282
-240
-195
-153
-124
-81
-38
7
43
74
107
141
165
193
205
225
242
256
277
281
298
309
325
332
340
349
360
370
368
367
367
371
385
395
407
428
459
499
526
561
595
634
673
691
707
718
724
715
685
649
608
562
512
455
406
362
331
301
284
271
262
280
295
324
347
385
431
471
512
541
586
617
637
647
648
650
629
600
559
515
464
407
357
302
250
186
142
86
30
-39
-110
-165
-241
-319
-402
-478
-546
-618
-689
-746
-790
-807
-815
-802
-771
-719
-640
-562
-472
-376
-271
-161
-74
12
89
147
194
217
227
216
180
147
92
14
-75
-176
-265
-369
-479
-580
-663
-736
-812
-871
-915
-952
-978
-1000
-1007
-1005
-1001
-979
-948
-918
-889
-851
-806
-769
-733
-693
-642
-588
-547
-502
-460
-412
-376
-342
-305
-271
-225
-190
-146
-110
-73
-28
20
68
112
166
236
310
388
466
559
652
735
815
895
975
1034
1093
1138
1170
1193
1199
1206
1202
1189
1185
1185
1189
1188
1191
1198
1196
1192
1176
1163
1148
1123
1093
1059
1011
953
889
823
750
659
582
507
436
353
273
209
143
74
7
-49
-96
-142
-190
-223
-260
-297
-337
-375
-414
-465
-515
-560
-601
-653
-698
-735
-765
-802
-838
-864
-890
-911
-929
-938
-942
-959
-965
-973
-989
-1014
-1044
-1068
-1103
-1140
-1175
-1195
-1213
-1228
-1231
-1208
-1180
-1141
-1082
-1008
-912
-821
-711
-588
-471
-354
-249
-144
-52
20
82
138
178
196
211
221
217
206
190
186
176
161
157
155
157
154
160
167
174
179
184
191
196
197
201
217
227
244
256
283
306
327
361
396
434
469
515
566
624
673
730
796
846
900
936
975
1001
1009
1015
1009
996
967
939
907
868
824
782
744
708
666
636
610
585
554
523
503
478
456
434
418
400
376
359
338
310
275
229
178
115
34
-48
-136
-233
-334
-441
-534
-623
-707
-774
-814
-837
-848
-838
-808
-768
-729
-684
-633
-584
-545
-506
-468
-436
-415
-400
-383
-376
-375
-372
-368
-364
-364
-355
-338
-320
-298
-278
-243
-211
-182
-147
-114
-81
-54
-30
-13
-5
-6
-15
-25
-44
-68
-93
-119
-141
-169
-193
-206
-223
-238
-248
-254
-265
-276
-282
-289
-295
-304
-308
-312
-317
-319
-322
-320
-319
-325
-327
-329
-342
-355
-370
-384
-405
-419
-428
-425
-409
-389
-351
-302
-240
-172
-97
-12
66
142
216
290
351
408
457
501
541
564
584
597
611
609
603
593
576
556
525
500
473
442
425
403
392
389
392
400
417
437
452
478
494
508
527
535
548
550
551
558
555
549
545
537
524
509
492
472
455
425
399
378
346
322
298
276
259
239
223
207
191
174
148
120
88
45
-3
-53
-105
-167
-220
-272
-327
-368
-406
-434
-451
-467
-475
-476
-480
-472
-476
-474
-466
-475
-474
-478
-478
-482
-489
-490
-503
-506
-523
-533
-546
-562
-575
-589
-598
-604
-608
-604
-590
-579
-562
-538
-517
-495
-471
-454
-432
-416
-407
-390
-371
-353
-322
-291
-254
-204
-162
-103
-54
-1
56
93
127
153
171
176
181
185
182
186
191
200
216
234
255
276
296
319
335
348
359
367
368
366
364
360
359
352
351
346
340
333
320
308
289
268
245
218
196
174
158
145
143
149
155
178
203
229
265
297
327
352
372
391
401
409
419
423
424
425
423
413
409
390
371
342
303
264
209
158
96
33
-24
-88
-142
-195
-240
-273
-308
-331
-352
-368
-374
-387
-389
-387
-385
-377
-370
-351
-341
-322
-303
-292
-275
-271
-264
-268
-272
-277
-291
-297
-307
-312
-316
-315
-310
-299
-286
-269
-245
-220
-197
-162
-133
-105
-68
-41
0
30
62
105
135
174
214
246
282
309
332
344
352
356
347
335
314
296
269
239
213
183
157
130
104
79
53
29
6
-23
-42
-68
-90
-108
-126
-134
-149
-152
-153
-155
-154
-152
-148
-146
-141
-139
-131
-128
-121
-110
-108
-95
-88
-77
-67
-57
-41
-35
-20
-6
5
21
34
52
72
83
102
120
134
148
156
172
176
181
184
182
181
171
163
148
136
115
100
82
64
54
29
21
9
-4
-16
-26
-30
-40
-50
-51
-60
-68
-74
-87
-90
-107
-111
-123
-133
-134
-140
-137
-137
-125
-114
-100
-80
-59
-39
-18
2
20
35
47
54
58
56
52
48
37
29
21
11
6
-3
-4
-7
-12
-7
-16
-11
-10
-13
-10
-14
-8
-8
-6
0
2
8
10
17
25
25
32
39
40
41
44
44
42
44
42
42
39
36
38
26
24
15
8
-1
-17
-18
-34
-40
-47
-59
-59
-71
-68
-72
-72
-65
-66
-56
-52
-46
-38
-32
-25
-19
-15
-11
-7
-5
-4
-2
-3
-3
4
4
14
20
29
42
53
71
82
106
117
133
152
155
165
168
168
160
151
139
120
100
75
53
24
0
-22
-42
-63
-77
-83
-91
-92
-86
-80
-75
-61
-52
-43
-32
-24
-20
-15
-21
-20
-25
-36
-41
-51
-58
-69
-74
-81
-85
-86
-86
-88
-84
-78
-73
-64
-55
-49
-40
-32
-30
-21
-16
-16
-10
-10
-12
-9
-13
-16
-19
-19
-30
-27
-34
-36
-35
-47
-42
-51
-48
-53
-52
-48
-54
-42
-43
-38
-28
-25
-19
-12
-5
-5
4
8
5
15
12
11
14
7
10
5
4
-1
-2
-2
-10
-5
-3
-3
4
7
17
22
32
41
54
70
77
97
105
115
125
130
136
139
141
138
134
134
122
115
105
90
81
65
55
40
35
19
13
10
-3
1
-4
-6
0
-3
2
-2
1
-4
-12
-10
-26
-30
-41
-55
-64
-75
-86
-92
-94
-101
-99
-88
-88
-72
-56
-46
-21
-5
21
39
63
81
96
119
124
141
149
152
159
158
156
149
146
136
124
116
97
83
69
46
31
11
-12
-33
-50
-73
-89
-102
-118
-126
-132
-138
-138
-135
-135
-130
-128
-124
-122
-116
-117
-112
-110
-108
-103
-103
-94
-99
-87
-89
-88
-82
-90
-88
-92
-97
-101
-105
-116
-119
-126
-132
-138
-134
-138
-135
-126
-124
-109
-97
-84
-68
-50
-35
-17
1
22
37
58
77
94
116
130
145
161
174
181
192
196
199
207
202
204
206
202
205
204
204
208
209
213
214
217
221
220
224
223
218
220
211
204
198
183
170
157
138
121
106
86
72
52
35
17
4
-11
-26
-36
-51
-62
-73
-85
-101
-109
-121
-135
-142
-154
-162
-170
-176
-184
-188
-193
-200
-202
-205
-210
-207
-211
-214
-210
-216
-217
-221
-223
-230
-234
-237
-245
-247
-251
-257
-252
-258
-253
-249
-247
-235
-233
-219
-213
-201
-188
-181
-169
-159
-151
-140
-132
-123
-112
-105
-94
-86
-78
-68
-60
-48
-41
-26
-15
1
17
31
57
71
95
117
133
161
177
198
220
234
250
268
278
290
299
306
314
322
327
330
338
338
344
345
345
351
349
352
351
352
354
351
349
348
344
341
334
331
322
313
307
293
280
263
241
227
201
178
153
128
106
75
54
26
5
-19
-44
-60
-81
-98
-113
-131
-142
-156
-170
-179
-193
-200
-214
-221
-227
-238
-237
-245
-249
-248
-251
-252
-249
-251
-249
-247
-249
-245
-248
-251
-251
-259
-261
-269
-274
-282
-289
-293
-301
-303
-306
-309
-309
-304
-308
-300
-298
-293
-286
-281
-270
-265
-252
-244
-228
-217
-203
-181
-170
-149
-132
-112
-95
-73
-58
-39
-21
-8
9
19
36
45
55
66
72
82
89
96
103
110
117
124
131
136
142
147
151
156
161
162
169
173
173
180
183
190
191
197
202
206
212
218
224
231
237
242
248
251
255
257
260
259
263
263
265
269
267
272
270
273
272
269
272
261
261
254
242
235
220
209
192
179
162
147
133
118
104
90
78
64
54
42
29
25
11
6
-4
-10
-20
-27
-32
-42
-47
-57
-58
-69
-73
-80
-88
-89
-103
-106
-116
-121
-131
-139
-146
-155
-163
-172
-184
-194
-207
-223
-233
-255
-269
-286
-308
-319
-341
-353
-367
-379
-386
-397
-399
-402
-403
-403
-403
-398
-395
-389
-383
-375
-365
-355
-343
-330
-314
-300
-282
-266
-249
-233
-219
-202
-187
-174
-162
-143
-131
-116
-95
-79
-56
-35
-8
15
43
69
96
120
147
171
193
217
234
255
270
286
300
312
325
334
346
355
366
377
383
390
397
401
403
408
405
404
405
400
398
395
390
386
383
377
374
368
363
358
350
346
335
328
318
306
294
283
268
256
241
225
214
193
177
161
139
123
100
83
59
39
20
-5
-22
-45
-65
-85
-106
-128
-149
-167
-190
-210
-229
-253
-267
-286
-308
-318
-338
-352
-362
-377
-386
-395
-401
-410
-412
-417
-421
-419
-422
-420
-420
-417
-414
-411
-406
-400
-394
-388
-380
-372
-362
-351
-339
-325
-310
-294
-276
-258
-239
-220
-201
-180
-160
-144
-120
-105
-86
-66
-52
-29
-15
5
23
39
58
74
94
109
124
141
152
165
180
188
201
210
218
225
232
239
241
250
253
258
259
265
268
270
272
273
275
272
277
273
274
273
272
271
267
265
259
256
251
242
239
231
223
218
208
201
192
185
175
167
158
148
140
129
119
109
96
85
73
60
51
35
22
12
-3
-17
-27
-39
-53
-59
-72
-81
-88
-99
-106
-113
-123
-131
-136
-147
-153
-159
-166
-170
-176
-180
-182
-186
-187
-186
-187
-187
-186
-183
-185
-177
-178
-173
-167
-163
-157
-148
-142
-134
-123
-117
-104
-97
-90
-77
-70
-62
-55
-49
-44
-38
-35
-30
-28
-25
-25
-24
-26
-25
-25
-26
-25
-26
-26
-25
-22
-23
-19
-17
-17
-14
-11
-11
-7
-5
-5
-2
0
2
4
10
12
14
18
20
22
26
28
28
30
32
32
34
36
37
40
44
51
52
61
66
71
79
83
91
94
101
106
107
114
114
114
119
117
117
119
119
119
122
121
122
124
122
125
119
119
114
108
105
96
90
79
74
61
55
43
32
22
11
1
-10
-17
-30
-34
-44
-53
-57
-65
-71
-75
-81
-86
-89
-92
-98
-98
-104
-107
-108
-113
-112
-113
-113
-113
-112
-114
-110
-110
-112
-109
-109
-110
-107
-107
-109
-107
-108
-108
-107
-105
-107
-102
-101
-100
-96
-93
-91
-85
-80
-77
-69
-65
-60
-52
-48
-39
-35
-28
-21
-13
-7
3
12
19
31
38
47
56
63
70
78
83
87
92
95
96
99
100
102
105
106
109
112
115
116
120
120
123
123
123
124
120
119
117
114
111
111
108
106
106
104
101
102
99
96
97
91
89
87
81
78
75
71
69
65
62
60
58
53
52
48
45
42
35
30
26
19
13
7
0
-7
-13
-21
-27
-35
-42
-48
-56
-63
-71
-79
-86
-95
-103
-109
-116
-125
-133
-139
-147
-152
-157
-162
-165
-167
-172
-171
-172
-172
-169
-171
-168
-165
-164
-161
-158
-157
-153
-150
-147
-142
-137
-134
-126
-119
-113
-104
-94
-87
-77
-68
-60
-50
-43
-35
-28
-23
-17
-12
-8
-4
0
2
5
8
12
15
20
23
28
34
37
42
47
52
59
64
69
77
82
89
96
103
109
116
121
125
131
134
138
141
143
144
145
146
146
146
144
144
142
141
139
136
134
131
127
124
122
117
115
112
108
106
104
99
98
93
88
88
83
78
76
71
65
63
57
51
49
44
37
34
28
23
19
13
7
3
-4
-11
-17
-24
-31
-37
-44
-52
-59
-65
-74
-79
-86
-93
-98
-102
-110
-114
-118
-123
-128
-131
-137
-141
-142
-148
-150
-150
-155
-156
-155
-157
-155
-153
-156
-153
-150
-152
-149
-145
-144
-140
-134
-133
-128
-119
-117
-110
-102
-96
-88
-78
-72
-62
-53
-47
-38
-29
-22
-16
-5
-1
6
15
19
25
33
38
43
51
55
58
66
71
74
81
85
87
92
97
97
101
104
102
107
107
105
108
108
104
106
105
97
100
97
90
91
88
80
83
79
73
75
72
66
67
64
59
59
55
48
47
44
36
36
30
24
23
19
13
13
11
7
6
5
1
1
1
-3
-2
-1
-4
-3
-2
-4
-4
-2
-4
-5
-2
-6
-7
-4
-9
-12
-10
-14
-17
-14
-19
-21
-19
-23
-23
-21
-24
-24
-20
-23
-24
-20
-22
-24
-19
-23
-24
-20
-24
-25
-24
-27
-31
-28
-32
-35
-32
-34
-38
-34
-37
-40
-36
-39
-42
-37
-40
-43
-37
-40
-42
-36
-37
-38
-33
-33
-34
-27
-28
-28
-23
-22
-23
-20
-19
-20
-16
-16
-17
-14
-13
-16
-13
-12
-14
-10
-9
-11
-9
-5
-8
-4
-2
-3
0
4
2
5
9
6
9
14
12
14
18
16
19
23
21
22
26
23
25
30
25
27
30
26
28
31
27
27
31
25
27
30
26
27
31
26
27
30
27
29
32
30
30
34
32
33
37
36
36
40
39
39
44
42
42
46
45
43
47
44
43
43
41
38
38
35
29
30
27
22
21
17
11
11
8
1
1
-3
-8
-9
-12
-18
-18
-20
-26
-28
-28
-34
-35
-35
-41
-40
-41
-46
-47
-46
-50
-50
-49
-54
-51
-51
-55
-53
-49
-52
-50
-47
-49
-45
-43
-44
-41
-39
-41
-39
-36
-40
-37
-35
-37
-35
-32
-34
-31
-31
-32
-30
-27
-29
-27
-25
-26
-25
-23
-22
-20
-17
-16
-15
-12
-12
-10
-7
-7
-6
-3
-2
0
2
4
6
9
9
12
16
17
19
22
23
26
29
30
33
36
38
41
43
45
48
49
51
52
54
55
56
56
56
56
56
56
55
54
53
51
51
50
47
47
45
43
42
42
38
37
34
31
29
27
24
22
19
16
14
12
9
6
3
1
-2
-5
-7
-11
-12
-14
-18
-19
-21
-23
-25
-27
-28
-28
-30
-31
-32
-34
-36
-35
-37
-37
-37
-39
-38
-39
-39
-38
-38
-39
-37
-37
-38
-37
-37
-36
-35
-34
-35
-33
-34
-33
-32
-32
-30
-29
-27
-26
-24
-22
-19
-17
-13
-10
-7
-5
-2
0
4
4
6
9
10
10
13
14
15
16
15
16
17
18
18
18
18
19
19
18
19
19
19
18
19
17
18
18
17
18
18
18
18
20
20
22
22
21
22
22
22
23
23
22
24
22
22
22
22
20
21
20
19
19
17
17
16
14
13
12
10
10
8
8
6
5
3
4
0
-1
-1
-4
-6
-6
-9
-9
-10
-13
-13
-14
-15
-15
-16
-17
-15
-18
-18
-18
-20
-20
-20
-22
-22
-22
-24
-23
-23
-25
-24
-25
-27
-26
-27
-27
-27
-26
-28
-25
-26
-26
-23
-24
-23
-21
-20
-18
-15
-14
-14
-10
-11
-9
-7
-7
-5
-2
-3
-2
0
0
3
5
4
8
9
10
13
13
14
16
16
17
19
18
19
21
21
22
23
21
22
24
22
23
22
21
23
20
19
21
19
18
19
16
17
17
15
15
14
11
12
11
9
10
9
5
8
5
3
4
1
0
1
-1
-2
-1
-3
-3
-3
-7
-5
-4
-7
-6
-6
-8
-6
-6
-7
-5
-6
-6
-3
-3
-4
-2
-3
-3
-1
-3
-2
-1
-2
-2
0
-3
-1
0
-3
-2
-1
-3
-1
-1
-4
-2
