SAMPLES:	8055
BITSPERSAMPLE:	16
CHANNELS:	1
SAMPLERATE:	16000
NORMALIZED:	FALSE
-26
-11
-30
-10
-17
-17
-5
-19
-1
-22
-12
-13
-5
-18
-6
19
-14
-11
-7
1
-21
-2
7
3
8
1
-7
4
18
9
-1
-1
17
24
-5
-17
12
6
14
5
14
12
-1
-7
-2
9
2
5
27
-12
23
6
11
3
6
25
10
7
-8
9
15
16
-5
29
5
2
-10
23
3
1
7
-10
-6
-24
-7
-6
-11
-17
7
-26
-9
-13
1
-18
-4
-21
1
-3
-16
4
5
8
13
0
15
2
43
4
15
23
5
26
3
32
14
-16
18
6
-4
-2
0
4
-6
-7
-17
-3
-5
-29
-40
-7
-12
-23
-38
-24
-14
-7
-57
-10
6
-3
-46
-43
25
-2
-18
-43
-2
11
-29
-31
-34
32
-2
-24
-24
26
40
-21
14
19
49
6
-19
34
48
33
41
49
45
67
38
13
28
83
22
-11
43
51
16
-2
43
40
6
-55
12
38
13
-34
-19
64
1
-1
-66
39
48
-9
-48
-42
48
-31
-30
-48
35
29
-41
-53
-27
3
-22
-96
-53
-30
-55
-55
-53
11
-25
-49
-46
-11
-13
-70
-48
-13
2
-40
-36
9
-13
-28
-43
-31
11
-22
-28
-50
13
10
-22
8
-12
50
-31
-7
11
4
-8
-50
68
-5
-21
-6
64
90
-11
24
41
95
43
-5
53
76
115
18
59
78
134
83
80
56
119
162
82
42
64
136
92
52
50
91
110
11
42
94
53
14
-26
36
-8
-21
-45
18
-23
-100
-37
-69
-68
-127
-125
-134
-121
-134
-163
-144
-106
-172
-158
-174
-175
-177
-236
-208
-220
-177
-240
-207
-194
-195
-157
-180
-156
-147
-88
-57
-45
17
70
121
118
168
157
255
316
312
338
407
472
502
552
568
599
672
640
645
680
756
783
701
758
748
732
700
657
660
598
573
580
493
376
339
433
305
250
126
141
125
-56
-81
-112
-90
-205
-277
-353
-342
-304
-479
-529
-411
-411
-651
-667
-628
-639
-699
-792
-790
-720
-709
-912
-910
-793
-811
-963
-867
-735
-785
-703
-792
-894
-788
-674
-578
-675
-545
-385
-432
-542
-531
-270
-245
-166
-106
-175
-31
127
143
75
204
417
382
253
352
520
503
489
578
638
576
596
719
663
479
353
417
598
499
318
232
373
362
-1
-6
268
274
124
-70
111
271
87
354
480
539
573
518
600
695
943
1036
1038
1007
1152
1258
1144
1339
1362
1321
1181
1173
1213
1136
1077
769
723
770
805
576
347
346
-27
-392
-518
-368
-369
-709
-767
-1129
-1278
-1400
-1577
-1497
-1499
-1429
-1817
-2170
-1721
-1669
-1972
-1989
-1898
-1947
-2128
-2212
-2177
-1923
-1525
-1696
-2259
-2160
-1693
-1556
-1677
-1809
-1740
-1478
-1638
-1701
-1284
-725
-962
-1167
-1257
-1040
-427
-143
258
275
252
410
632
964
1653
1983
2036
2530
2516
2215
2620
3785
3883
3104
3663
4350
4036
3842
4547
4800
4268
4146
3863
3852
3934
3933
3587
3021
3270
2736
2311
2074
2180
1430
104
579
627
-225
-1110
-1014
-400
-1894
-2930
-2975
-2321
-2497
-3829
-4045
-3607
-3059
-4304
-5094
-4403
-4087
-4280
-5564
-5148
-4561
-4085
-4360
-5038
-4225
-4079
-4034
-4456
-4158
-3032
-2528
-2797
-3350
-2371
-1521
-1417
-1168
-925
-186
230
63
496
1322
2714
2685
2227
3032
3461
3974
4040
4958
5318
5298
5540
4917
5726
6403
6404
6034
5855
6648
6044
5493
4914
5537
6341
4386
2887
3631
4903
2664
363
1622
3190
1759
-1450
-1779
-502
-221
-2689
-4752
-3098
-1689
-3730
-7249
-6363
-3602
-3831
-7686
-8591
-4671
-4737
-7768
-8936
-6441
-4564
-6175
-7694
-7995
-5775
-4533
-5844
-6614
-4989
-2699
-3720
-5088
-4479
-1949
-643
-2137
-2151
-772
1143
1067
-339
1261
3679
3954
3020
2767
4735
6191
5680
5315
6603
8283
7820
6677
7057
9431
9719
8175
8354
9086
9264
7369
6725
9485
9770
6234
4621
7999
7525
2744
1919
4567
5778
1617
-1675
-1532
1571
779
-5001
-5384
-2064
-790
-6072
-10984
-6867
-2426
-5432
-12688
-10585
-4590
-6439
-11318
-13149
-7372
-4980
-9396
-12865
-10339
-5300
-6894
-9617
-9699
-6660
-4751
-7453
-8679
-6074
-2365
-2877
-5880
-5053
-1859
326
-1337
-2336
813
2230
1324
16
1539
4941
5285
4294
4134
6218
7399
6533
6049
6893
9833
9644
7934
8113
9498
11258
9941
9474
10407
11470
11416
7835
6094
10123
13167
9002
5060
7721
8460
4424
3258
3228
5404
5570
1714
-3768
-2579
1767
-382
-5593
-7262
-1989
-953
-8747
-12792
-7017
-2378
-6836
-13077
-12263
-6834
-5891
-12123
-14036
-7384
-3888
-10167
-14938
-10814
-5279
-5579
-10273
-9723
-6085
-4213
-7154
-9627
-5910
-1011
-993
-6344
-5725
-1524
980
-1565
-2738
2191
3382
1434
-1590
674
5614
6077
3906
2217
5591
7460
5857
4447
6176
9656
9087
5993
5447
8696
11003
9141
7392
9533
10566
10742
9215
4078
6636
15118
12718
3458
4452
11081
8156
2554
2352
5484
9708
6815
-3568
-5753
2159
6609
-1813
-8805
-4253
3133
-850
-14468
-13460
-580
1297
-9016
-17691
-10684
-1154
-6239
-15778
-14606
-4035
-2460
-12623
-18803
-10832
21
-5301
-15524
-12333
-3734
-2271
-11176
-12563
-3535
1017
-3818
-11271
-6837
378
807
-3645
-6021
1583
3327
-1525
-3716
535
7344
5437
467
227
5978
8125
4429
4036
7018
10529
8445
3309
5666
10639
12106
10294
7384
8354
12016
13819
5773
2114
16356
19095
5388
3022
11142
13787
5990
3592
5059
10996
13796
125
-6004
2459
11515
5853
-8432
-5715
4319
5638
-9368
-17026
-1314
5677
-3144
-18481
-15917
-79
-1354
-14409
-19168
-5919
-954
-12561
-20536
-15377
-2330
-3973
-15062
-17205
-10496
-2541
-9180
-15811
-9169
-2391
-4439
-13386
-11974
-2793
173
-4090
-8898
-4754
557
-818
-4098
-2720
5025
5612
-126
-1646
2659
8564
7929
5285
5366
8679
10577
6146
6237
11166
14935
13405
8877
8653
14215
17194
6720
4483
20822
21717
6181
4423
12983
15367
8287
6823
5576
13404
13989
-1675
-5311
4782
14010
4864
-9290
-6815
4941
6877
-12544
-18554
766
7221
-4958
-23869
-16829
2535
8
-16550
-23171
-5573
112
-13946
-23698
-15910
797
-3221
-18155
-20951
-10435
-408
-10133
-17834
-10021
-1888
-3802
-16214
-14401
-2230
1590
-3536
-12002
-5722
1733
-155
-4480
-4076
6750
6854
-810
-3050
3498
11994
8589
5233
5171
9533
12434
7608
7436
13636
17029
14745
8040
10350
19627
13214
3361
15604
26239
12845
3288
10000
15922
11682
9288
3591
9960
17125
4183
-7480
-2386
12693
12253
-7045
-12933
-1888
10522
-5599
-23075
-8266
6451
3673
-21386
-27574
-4358
5183
-9051
-27849
-16195
2265
-6057
-22993
-26391
-4626
4164
-12825
-24032
-19200
-652
-2632
-17954
-16247
-4174
2398
-10874
-19644
-8446
3053
2785
-10270
-10130
1459
4518
-1045
-7041
2914
11504
5728
-1567
-989
11919
14032
7537
5024
9296
15891
12454
7863
11744
17769
19393
12835
9394
18142
15266
8537
16429
22531
14800
7749
11313
13712
9501
11867
4927
8792
14381
2090
-5717
-3716
8671
8895
-7096
-13435
-6928
6310
-8366
-23267
-9729
-287
-810
-21599
-28892
-9661
499
-10666
-28137
-18085
-4408
-7668
-21006
-29285
-7614
1964
-12124
-23925
-19153
-2812
-2672
-14155
-16808
-5525
2692
-6672
-16275
-9258
4894
5707
-6059
-8921
1845
9328
3977
-2495
3990
13062
9819
2634
2483
13274
18109
12345
8393
10550
17807
17016
12299
13409
20226
21473
15582
13659
12823
11111
21649
24838
11050
7227
15132
15916
5433
7088
8471
8636
12218
336
-9128
-5042
4094
7225
-8499
-14796
-9934
470
-7712
-26147
-16192
-2968
-2269
-20781
-32538
-15229
-2104
-9444
-28623
-23814
-6032
-8890
-19992
-29567
-14368
1604
-8045
-22750
-23421
-5624
-270
-11899
-15906
-7690
3229
-2675
-13220
-9227
3342
9104
-1007
-7318
2228
10308
8086
1201
3961
13364
12809
7506
4470
12217
19671
17717
12670
9080
16142
20035
16571
15058
18028
20660
20271
14671
4184
13855
30217
20969
5010
7505
16860
12787
4070
4910
6849
14766
8631
-9507
-9658
869
9950
-1945
-15228
-12816
426
-669
-22941
-22972
-5010
666
-11754
-31484
-23036
-3937
-5823
-22147
-27088
-12138
-6265
-14150
-28469
-22550
-1291
-4017
-19659
-23574
-13619
-2400
-7865
-15548
-11236
-1334
-1067
-11538
-12731
-483
7368
1640
-6686
-2744
6807
7329
2381
2078
10663
12756
7579
3237
8064
18209
17805
12191
10164
13796
17582
15135
14790
17480
18840
20663
11710
3741
19894
27822
12939
6478
14770
16763
5960
6916
6359
11635
15842
2082
-7113
-3608
5247
9620
-5887
-11783
-4528
4764
-7492
-23700
-11670
520
963
-17714
-28913
-13358
-2073
-9507
-24428
-20074
-5364
-7772
-19421
-28927
-14423
-78
-8027
-20355
-21830
-10316
-4635
-12023
-17331
-9093
564
-5403
-15730
-13306
363
5363
-2932
-7439
-1936
4059
2443
-1218
3091
10915
10477
3137
1898
9662
16812
14379
9841
10310
15926
16501
13000
13192
18416
23673
12983
5621
18078
25706
14071
8964
16406
17196
9863
8126
4426
13134
17822
2906
-4484
912
10402
7270
-6238
-10086
1396
8426
-9578
-20666
-6968
2973
-581
-19766
-23461
-4541
-219
-15459
-25985
-13214
-2069
-8371
-23131
-27050
-7557
-753
-14467
-23380
-17945
-5084
-7266
-19511
-18579
-6068
-335
-10612
-18928
-11891
1179
1912
-9143
-10951
703
5934
-1196
-5930
2058
12201
7937
304
2076
12923
16367
10641
7915
12367
17482
17416
12741
14131
20816
18592
10406
14482
23840
19221
12002
13683
17445
13060
11334
6768
10651
16895
8940
-2497
91
8987
11288
-1411
-10374
-2913
8368
-1688
-18455
-11898
1576
2071
-14805
-23395
-10049
577
-8482
-24380
-20090
-4336
-5150
-18379
-27840
-15674
-1204
-8731
-23948
-22862
-8209
-5403
-15825
-20669
-12677
-2670
-6584
-17378
-14991
-2465
1863
-6968
-11273
-2639
5162
1027
-3893
1166
9662
8998
2902
3110
10995
16013
12907
9409
12667
17590
18200
14277
14970
20852
17007
11692
18974
22387
17540
13925
16748
16655
11391
13176
8720
11731
15820
8274
-1085
576
9408
10042
-1007
-8508
-3158
6377
-2656
-16332
-11464
-957
1793
-14707
-24365
-11467
-735
-8571
-22625
-21073
-8964
-5726
-17437
-29068
-17497
-2337
-8301
-23827
-25843
-11696
-4196
-13223
-21106
-14524
-5118
-6123
-15183
-17362
-4377
4271
-3118
-12571
-7029
5082
4457
-1874
-808
8185
10874
4199
2786
9328
16219
15361
10124
11164
15229
19075
15607
16283
18954
11872
16447
21943
17379
13171
17226
20575
13823
9018
12295
11521
15110
12409
5001
2373
4686
10463
5869
-2731
-4459
2683
5626
-7180
-13770
-5116
1430
-2988
-16868
-17930
-5850
-2016
-12337
-21784
-15599
-6033
-8727
-20867
-24222
-11671
-5463
-13349
-22357
-21111
-11397
-7445
-13734
-19979
-14458
-5767
-7778
-16930
-16419
-3842
926
-4900
-11079
-6686
2165
2143
-1373
-239
4752
7525
5764
5071
7534
12418
13273
12081
11750
12577
16716
17787
18230
12680
9592
21628
23532
12002
11593
18858
20052
11570
11158
8810
13184
19259
9635
145
2475
11403
13390
925
-7124
310
11122
1729
-13180
-8321
2648
4681
-8824
-20014
-9657
2428
-3691
-17620
-18366
-8338
-2908
-11807
-25126
-17402
-3530
-7984
-19679
-22676
-15520
-7801
-10487
-18820
-19424
-9957
-7081
-14077
-20027
-12543
-1506
-4517
-12288
-10466
-3292
-325
-2862
-3722
708
4435
3279
2787
4834
9094
10419
8893
10299
12186
14198
14794
16682
14941
9312
17476
23044
15554
10282
16219
21589
13782
10859
11142
12464
17866
13645
3548
3585
9468
14409
6636
-3749
-1599
9791
9167
-8008
-10575
2306
7828
-2096
-15895
-12252
1641
2191
-11367
-18398
-9249
-1808
-5887
-19331
-20779
-6203
-2653
-14517
-22945
-17617
-8042
-7688
-15947
-20720
-13192
-6225
-11103
-19826
-16729
-3978
-3184
-11941
-14721
-5379
-614
-3432
-6429
-2809
3258
2246
-24
1752
5837
9231
7718
7167
8655
11363
13658
15059
14110
6501
13297
23577
16812
7289
12342
20812
16856
9640
10490
10874
17649
16584
4998
2850
7926
16582
11261
-2330
-3005
9487
13302
-1751
-10735
109
10426
4249
-12869
-13671
1921
6012
-6578
-16736
-10364
-828
-2108
-14794
-20481
-8483
-1580
-10399
-20910
-19070
-9434
-5871
-13132
-21853
-15966
-7011
-9120
-17723
-19309
-8074
-3055
-11386
-16923
-8670
-1111
-4290
-7806
-5441
-309
1857
-1179
-902
2899
7515
6624
4340
6311
10308
12439
12128
11487
6268
13076
20377
14270
7343
13616
19610
13500
8896
12997
13571
15573
13906
7323
7410
8866
13978
10422
2994
1994
8919
10812
429
-4003
2265
7995
4247
-7223
-8112
82
3718
-4248
-11783
-6930
-2690
-3709
-10889
-16033
-8615
-4150
-9232
-17369
-16997
-10328
-8452
-11561
-18927
-16561
-9323
-10040
-15423
-17039
-11128
-7170
-10094
-15072
-11320
-3999
-4849
-7015
-6665
-4195
-41
-21
-1266
-74
4428
5845
4777
4690
6965
11271
12243
8931
3721
12011
19298
12936
5698
11346
18912
12136
8441
10308
12658
17099
13230
5333
4622
10574
17366
9377
-109
2875
13253
12090
-1231
-3871
5871
12285
4918
-7919
-5416
5091
7381
-4272
-10773
-3349
2774
-441
-11380
-12986
-3530
229
-7487
-17430
-13821
-5767
-5168
-11684
-19240
-12676
-6758
-9506
-16375
-16211
-8051
-6749
-12069
-16396
-10932
-4289
-5385
-8585
-8360
-4695
-2137
-2344
-2964
-1159
2758
3191
1396
2403
5268
8389
9707
5030
743
11401
16329
7464
1749
10890
16963
6950
3961
7948
11851
13925
9517
2444
2806
8549
15224
7213
-1548
2387
12234
10368
-2463
-3363
6529
12658
4753
-7114
-3405
6949
8290
-2714
-7507
-1649
4593
2706
-8165
-10433
-1499
4320
-3144
-15546
-11883
-1914
-848
-8754
-16860
-10648
-3859
-5864
-13699
-14199
-7096
-4115
-8508
-15411
-11083
-3344
-2977
-7595
-8993
-4471
-2261
-2399
-3310
-2067
1309
1777
1256
246
3197
6295
7554
5059
-1495
6913
15352
7719
-175
5481
14853
8788
1925
4953
8638
13245
9361
2065
902
5496
15084
8531
-1741
-440
11184
12430
-1815
-4850
5655
13196
6294
-6310
-4261
5998
9773
-422
-7411
-1575
4624
3912
-6181
-10323
-1251
4719
-1240
-12332
-11368
-3250
-647
-4202
-13439
-12016
-4454
-3062
-10598
-14176
-6700
-3128
-7458
-13659
-9876
-3742
-3835
-6987
-7589
-4951
-3654
-3580
-3351
-1961
407
-459
-376
-210
2218
4241
5724
5306
-2896
3425
14325
8032
-2189
3602
13992
7575
-65
5068
6981
11094
8799
2002
-186
4582
12813
9022
-508
-1688
8210
12415
1566
-5259
3365
12722
8841
-4197
-5994
5901
10966
2599
-5614
-2388
4568
6064
-1834
-8826
-2246
4527
2748
-7802
-11157
-4502
2109
-666
-10730
-11203
-4274
-2049
-6711
-12269
-8716
-2404
-4325
-10379
-11145
-5438
-2843
-4411
-7723
-6639
-3988
-2926
-2670
-3364
-1494
-384
52
-1659
-126
3007
4698
4867
-2225
-1368
10818
9001
-922
-362
9318
8719
-1106
2232
3515
8769
8652
1450
-2260
697
10005
9956
-69
-4061
3425
11744
4398
-5727
-599
10589
10758
-1171
-6558
2216
10768
7213
-3403
-3572
2332
7057
3461
-6025
-5032
3858
6810
-4404
-10550
-4574
2032
1657
-5919
-10382
-6217
-1618
-2370
-9083
-9949
-3740
-840
-5804
-11072
-6971
-2241
-876
-5359
-7308
-4412
-1301
-60
-2684
-2572
-638
1696
651
-1562
593
4229
6870
723
-6581
5988
12121
2104
-3942
3418
10746
670
-1214
1796
4490
8022
3486
-2802
-2870
5288
10445
2577
-5313
-1525
9637
7840
-5056
-4749
7206
11763
2140
-6719
-863
8715
8786
-827
-3896
687
6135
5500
-2952
-6073
2261
8084
-220
-9019
-5794
1496
3487
-2119
-8937
-5675
-1808
-1147
-5904
-9084
-4196
351
-2508
-9804
-7926
-1927
168
-3643
-7545
-4456
-734
-39
-2524
-2632
-712
774
242
-2013
541
1950
6287
1492
-7801
1923
11700
3703
-6462
2000
10457
656
-3171
920
3466
6085
2804
-2257
-2968
2858
8045
2785
-4369
-2791
7184
6778
-3971
-4587
3657
9646
2862
-6218
-2509
6350
7282
-469
-3611
-303
3651
5028
-1674
-4898
490
4891
2136
-5015
-5416
-2009
3896
2835
-6383
-6840
-1269
2050
-1867
-7779
-4813
2152
1705
-6632
-6872
-1205
1819
680
-3922
-5361
-584
3419
1360
-2009
-1024
2206
3234
-844
-751
2807
6949
4052
-6448
-1305
10717
5718
-5072
-21
8889
1887
-4345
762
1597
3542
2609
-3035
-3730
-404
4772
1989
-4236
-5021
2544
6042
-4091
-7667
518
6925
2345
-6544
-5277
3083
5387
-214
-4542
-1629
1209
3432
80
-5131
-1960
3196
3768
-3077
-6012
-3041
2596
5232
-3594
-8134
-1968
3553
1579
-5814
-6130
429
4939
-1869
-7544
-3058
3288
4509
-1734
-5619
-1562
5186
4848
-1538
-1901
2479
6328
1364
-2180
1669
7863
7844
-4423
-5263
9255
10343
-2469
-3950
6307
6534
-3162
-1513
-483
2761
4830
-1635
-7151
-3299
5152
3261
-4645
-7795
-628
6563
-1714
-10344
-3342
6196
3819
-5646
-7920
-308
6098
1956
-5462
-2889
706
3344
1269
-4389
-2979
2916
5018
-1719
-5550
-3237
1560
5818
-260
-6999
-4026
2460
4390
-2782
-6209
-1629
4943
1984
-6522
-4297
2029
5587
1393
-4904
-3095
3586
6602
719
-1778
872
5522
4237
-456
501
5230
9168
1502
-7693
4152
12760
2720
-5383
1681
8824
-905
-2993
-1185
1269
4662
396
-7220
-5647
1424
3567
-2023
-8353
-5487
3687
1688
-9575
-7780
2430
5343
-3129
-9676
-4681
3883
3682
-4959
-4510
-331
1389
1138
-3250
-3532
1255
3248
-197
-4071
-3889
-2537
3321
3978
-4026
-6970
-2253
4618
1570
-5215
-4634
2159
5073
-2744
-5583
-1416
5162
5994
-1812
-5148
171
8164
6356
-677
-929
4671
8765
2935
-151
4569
10289
8837
-4944
-2836
13306
11576
-2142
-2744
7599
6845
-3392
-820
1161
4609
3659
-4456
-6590
-1758
4499
575
-6118
-7797
-54
4268
-6326
-11030
-1098
5878
-383
-9575
-8104
1228
3880
-3167
-7544
-929
303
-1442
-2733
-4375
-1041
935
67
-4443
-4704
-3854
-1749
1912
-1606
-6006
-6483
-1518
2817
-1918
-6781
-3827
3433
973
-4996
-4468
502
6672
2554
-5074
-3619
4902
9975
3134
-1647
2161
9593
7561
232
2744
9736
14031
2746
-7112
7178
17601
6144
-3698
3347
11720
1910
-1732
425
3696
8606
502
-7014
-4201
3027
5030
-2871
-7616
-4012
5038
-235
-12527
-6513
4590
5077
-6910
-12229
-2977
4407
235
-9221
-5173
2067
-1251
-5016
-6698
-2519
797
-778
-3299
-6807
-4838
-3812
-937
-1522
-5296
-5249
-5218
-1439
-1704
-4518
-5237
-1304
1005
-3408
-4502
-3256
2732
5450
-1090
-5321
-564
8448
7148
-214
473
7375
10943
2583
543
7633
13260
11506
-2121
-2870
14142
16860
1321
-3324
9694
12328
-1000
-1826
1881
8075
8503
-2128
-8078
-1399
7643
3400
-5479
-7079
1297
6195
-5659
-12484
-1857
7713
2000
-10371
-10206
1049
4998
-3547
-10106
-1342
2292
-2602
-7411
-7433
-79
2164
-2385
-7282
-6640
-3311
-3450
-2731
-3810
-4511
-5047
-6438
-3516
-2930
-4149
-4647
-2606
-2743
-4004
-3884
-3119
1944
2890
-1377
-4542
-383
6208
5452
565
1848
6957
7943
1887
3582
10312
10755
8440
-1998
2340
15541
11763
1338
1855
12345
8591
-2469
1475
4888
10543
6949
-3444
-4559
2037
7936
1580
-4365
-2778
3179
4111
-6858
-8858
1382
6284
-297
-10742
-7001
2855
2417
-5749
-9151
1186
-292
-6074
-8472
-6104
1131
-1915
-5461
-8370
-6108
-4307
-5968
-4121
-4603
-4938
-7388
-8605
-4058
-3526
-4247
-5374
-5011
-4393
-4094
-3575
-3688
1671
2545
-1681
-4457
-328
6166
5226
2067
2219
6602
5871
3925
6522
9444
11401
9247
414
401
15202
16804
2280
610
12981
11542
-1598
1246
6480
11597
9003
-1133
-4453
2284
8050
3974
-1562
-3697
2522
5604
-4101
-9634
458
7532
696
-10177
-8058
2051
3009
-4443
-9407
-331
-426
-6934
-9924
-4849
1436
-4037
-7814
-7949
-5670
-6055
-7871
-4780
-3893
-4829
-8809
-11773
-6311
-858
-2429
-9102
-9009
-2399
-1994
-6068
-6688
1061
4100
-1593
-5817
-3040
5847
6761
2376
-4
4804
6857
4812
5489
8354
10997
8957
6283
-1091
6560
19770
12738
-1990
4270
16377
6576
-2160
6424
11099
10107
5405
-3883
-1984
7105
9943
2699
-3468
-1083
4074
3493
-5692
-4672
5077
5774
-3305
-9991
-4848
4010
2907
-5535
-7069
-273
-4414
-7763
-4910
-2600
-1382
-6782
-9102
-7258
-5228
-8140
-8744
-3110
-4133
-9821
-13532
-10687
-726
-1354
-10782
-13185
-5212
-1022
-5667
-9410
-5372
3286
1708
-7671
-8847
1462
10253
4689
-3793
-1727
7510
8656
3697
2675
10446
13458
5838
3285
3635
7323
17786
15244
-46
1226
13909
13083
-974
5194
12458
9601
5881
-2647
-897
8257
10217
4008
-1093
-1641
1770
6443
397
-5722
3153
7905
55
-8788
-6973
4760
7814
-2316
-10024
-1382
1185
-5513
-6827
-3972
1336
-3390
-10304
-10695
-7259
-4594
-7044
-6081
-7757
-11709
-11281
-10645
-6247
-6268
-8130
-11394
-11674
-6872
-5200
-6281
-7849
-3510
-1376
-6319
-8768
-2009
6923
4818
-3384
-3064
4332
7809
3281
3587
8616
12843
7140
891
9603
10390
7028
14512
13627
2588
3826
15679
12887
958
9239
11596
8555
6793
1806
3445
7151
10996
6005
-593
-595
4098
9580
2583
-3292
2684
6150
1967
-5990
-4296
5553
6211
-3083
-9336
-320
84
-5897
-6485
-3759
-1411
-8157
-11806
-9537
-7360
-8278
-10741
-8738
-10072
-11793
-13208
-14039
-8248
-6940
-11171
-15466
-13096
-5674
-3620
-8343
-14012
-5954
1111
-4339
-9889
-4671
7254
5352
-4458
-4412
6148
10383
2936
2749
7973
12109
7727
3482
11338
12739
6046
11396
16523
7257
4010
14853
16495
4830
7680
12048
10656
9249
5971
5026
8556
10325
6919
3222
2777
4766
9817
5823
-4075
745
8493
5325
-5317
-6119
2940
6614
-894
-11889
-5539
2144
-2650
-8992
-10195
-6508
-5456
-9386
-13800
-11883
-7644
-10812
-13392
-12326
-11851
-12463
-14094
-11843
-9970
-10820
-12940
-13757
-9079
-5533
-6780
-12078
-10239
-1322
-950
-6987
-7990
2158
6623
1015
-3228
1446
8643
7856
3279
4510
11693
11733
6405
7457
14170
12725
4958
13625
19405
7271
6362
16241
16813
5826
8535
13216
10378
11774
7963
3869
8097
11263
9997
3558
2058
5184
10040
3943
-4524
3074
7953
3791
-5681
-7029
2495
4846
-3799
-12756
-2896
2101
-7419
-12663
-10878
-4720
-5200
-12050
-15202
-13023
-8632
-10721
-14440
-14209
-11778
-12037
-17609
-13854
-9180
-11090
-14353
-14490
-9271
-7784
-10854
-13242
-7729
-1168
-4780
-10265
-7433
2707
5634
-1071
-4595
3144
9803
5668
1805
6924
13713
11725
7969
8863
14230
16977
7944
9712
21682
18634
6565
10556
20132
14646
9194
13493
12291
13140
13820
5892
5641
11578
13629
8052
2936
1603
8280
10629
-1569
-3945
5538
8179
-2574
-9756
-4280
4159
349
-10601
-11827
-2609
-2903
-11165
-14825
-10154
-5432
-10342
-15943
-16890
-10913
-9873
-15073
-16703
-13774
-12638
-16253
-16383
-12299
-11805
-13263
-14948
-12994
-9316
-9603
-11474
-10297
-5429
-3708
-6437
-8960
-2852
5556
2998
-2932
-1276
8371
9837
5324
5102
10109
16525
11458
8188
11953
19880
18773
6869
13298
25304
19074
7246
13543
23668
15101
10489
13903
14227
15735
13526
6378
6599
12214
13841
7778
1570
2338
9933
8005
-5322
-4176
6211
5721
-5846
-11513
-4932
1738
-4089
-15016
-11559
-3891
-7425
-15691
-18101
-9999
-7192
-16347
-20230
-15984
-10791
-14924
-18257
-17621
-15040
-12075
-17933
-19907
-13218
-8962
-12046
-17918
-15010
-7258
-5213
-11101
-13313
-4319
957
-2984
-10046
-3818
7975
7632
-932
-1315
9452
12649
9423
6975
10695
17877
14854
11635
12966
19249
22262
12940
12498
23850
24298
11693
12217
22893
21096
11554
13114
13997
16859
16387
6255
4223
11528
14720
5705
69
852
7262
6757
-5985
-9473
1213
5746
-5193
-14891
-11764
-2316
-3361
-14007
-18629
-8861
-6189
-14235
-19398
-17236
-10191
-10481
-17509
-21356
-15157
-10312
-15738
-18622
-16265
-10950
-12767
-17958
-15092
-9148
-8673
-13723
-12775
-7303
-5153
-7285
-10011
-4583
1037
-708
-4787
-2543
5310
6818
4233
1806
6766
12645
11506
8791
9728
15765
17222
13338
13167
17700
20027
19760
12246
13298
25871
24713
9290
9223
25114
22288
7399
8981
15411
17260
11982
2960
2696
10203
11470
2621
-3667
-1465
5174
3866
-8489
-11988
-795
3414
-7786
-17982
-13488
-2247
-4695
-16956
-20884
-9606
-5425
-14362
-22182
-17613
-7553
-10728
-19840
-20462
-12466
-9991
-16506
-18760
-13268
-9157
-12547
-17481
-13244
-6795
-7091
-12024
-12103
-5667
-2339
-5150
-8781
-3628
3847
2836
-4195
-3594
8185
11481
5638
746
6470
15278
14446
8608
8309
16570
19294
13714
11996
15291
20903
21387
13969
9463
18476
26558
14959
6081
15679
23916
11129
4140
10238
15391
13156
4383
-1184
3843
9651
4589
-4136
-3788
1532
3188
-5128
-13434
-6495
2396
-2906
-16466
-15934
-5703
-2899
-12324
-20495
-11392
-4236
-11672
-19912
-17410
-9191
-7428
-14998
-19884
-14134
-6943
-13071
-18786
-13121
-7097
-8019
-14892
-16538
-8174
-2198
-6859
-12914
-9084
-982
204
-7056
-7660
2756
7002
499
-4198
3108
10693
9203
3704
5300
12848
12896
9415
8840
14728
18508
13458
10830
13384
18991
17866
16192
13235
8399
18412
23473
9969
3335
15732
23034
6201
-894
9025
15262
10477
-39
-2836
3798
7558
1588
-5570
-4041
400
1636
-6458
-13141
-7063
-37
-3893
-15197
-14877
-6457
-4505
-11177
-17848
-11397
-5744
-11617
-17497
-16209
-9743
-7973
-14237
-18226
-13865
-7144
-11652
-16877
-11975
-7492
-8358
-13394
-13261
-6480
-3159
-6652
-10539
-6872
-580
1067
-4400
-5654
3045
7564
2348
-2043
4302
11456
10779
4675
5338
13173
15076
10838
9280
13890
18370
14548
11594
13709
18068
17268
13884
16264
11785
10705
19262
16347
6062
8531
18912
12237
-1416
4621
10801
10206
4151
-2263
-1037
2491
2724
-3469
-5239
-3901
-2033
-3708
-11521
-12503
-5994
-3114
-11000
-15967
-12656
-7870
-8850
-15138
-16054
-9147
-10134
-16171
-17033
-12426
-9157
-12728
-14995
-14019
-10778
-9940
-11943
-11285
-8824
-6966
-8480
-10989
-7286
-2417
-2058
-6075
-6410
-684
2969
691
-3121
2202
9107
6866
153
1810
11988
14040
8103
3316
11442
16309
12023
8884
11494
17486
15147
12266
11508
15000
17062
14111
13663
15451
10763
8478
16622
15521
6285
6836
14582
9676
-833
3986
7371
6320
2632
-1956
-3769
-337
424
-2998
-5932
-7249
-5349
-5271
-9992
-13784
-8164
-4737
-9985
-16074
-15351
-8013
-8113
-14702
-16868
-9298
-9359
-14635
-16539
-12135
-7380
-9596
-14400
-14324
-8489
-6590
-10161
-10591
-7051
-3767
-5236
-9774
-7348
-369
1969
-2479
-6494
-1181
5492
4303
-1677
611
9225
9168
2205
-161
9503
15272
9353
2667
7196
14041
12392
8001
7675
13920
14713
10336
7277
11948
15061
12582
9318
9813
14094
7393
5221
13090
13013
4152
3863
9223
5212
-301
3696
4227
1715
97
-3071
-3495
-2043
-1304
-3627
-6699
-8606
-5595
-4126
-10749
-11937
-6354
-4143
-9790
-15330
-12705
-5297
-5629
-12589
-13965
-6530
-6691
-11497
-11868
-8282
-3543
-6393
-11120
-9946
-5443
-3370
-5665
-5664
-3526
-3821
-3992
-4293
-1714
-303
1686
566
-2935
-761
5317
5856
49
1890
7654
7521
1444
2164
10313
11419
6358
3132
6965
10462
9241
7287
7722
11241
8894
6613
8359
9682
10363
9485
7568
6181
7553
9081
3251
6151
10587
5433
-578
1597
6835
1918
-871
458
-264
340
-1974
-5884
-5644
-979
-1414
-7849
-9999
-6493
-2416
-6897
-13139
-8671
-2014
-5467
-14506
-12595
-5241
-3070
-7794
-12337
-8735
-2513
-6583
-10531
-7261
-2441
-1772
-6783
-8444
-5989
-844
-32
-4094
-5222
-2418
1401
-1342
-5107
368
4045
1871
-2724
-1896
3992
7580
2653
-1704
3177
7545
5510
967
3901
8982
8249
2913
2325
8035
8959
7125
4546
6345
8717
6470
4563
6967
8874
6776
5282
5171
5035
5647
7535
788
2081
9663
3995
-4346
-365
8282
3032
-5071
-2975
-236
2567
-1702
-8085
-5502
926
-2231
-7671
-8258
-4393
-754
-4885
-9570
-7690
-2580
-2055
-7407
-9169
-5090
-436
-3660
-8076
-5815
-749
-2881
-5364
-4739
-1826
-171
-3497
-4753
-2107
-72
-1835
-2943
-1099
-126
-766
-1650
-2567
99
2068
1195
-3139
-2127
5063
3787
-2258
-2823
3655
6318
809
-2334
2102
6277
3225
360
1103
4899
4474
2572
1580
2819
5010
2738
4081
2837
3299
4517
3317
2500
2805
3885
4204
4116
-1002
1937
7603
2926
-2855
1915
6961
802
-3569
938
3757
2564
-2040
-4084
-169
1677
-1461
-3071
-1817
-737
358
-2717
-6276
-1643
1931
-790
-5188
-4289
-674
797
-2621
-5600
-1170
1834
-3060
-5262
-1789
471
-114
-3476
-4420
-854
320
-2505
-4665
-661
-41
-1914
-3095
-3361
-896
141
-544
-3690
-2803
179
790
-2924
-4406
1386
3082
-1252
-5643
-1312
3806
1232
-2641
-2740
2378
1821
-1300
-1609
1982
2881
93
-267
1153
2555
1671
1118
1653
3077
2032
1633
3238
4474
1772
975
6115
4496
1115
2786
6061
4209
281
2989
4682
4155
1949
1716
3028
3647
1909
1868
2810
507
1684
2506
619
-304
1276
1888
-474
-976
-275
-198
-426
-1866
-2172
-322
-1462
-2199
-2800
-2712
-1308
-2175
-4374
-3675
-1221
-2947
-5970
-3656
-2018
-3525
-4531
-4479
-4086
-3979
-3004
-4151
-5858
-3930
-1838
-3597
-6086
-4169
-1524
-2703
-5054
-4070
-1155
-1607
-3505
-3967
-954
-460
-1547
-2011
-1395
1040
-176
-220
679
1315
1596
1550
2796
2544
2786
2567
4142
5040
5093
5291
2754
4666
10103
6271
1703
6927
10621
5849
2924
6311
6893
7756
6509
4038
4590
6623
5036
2884
4278
4087
5160
2586
-295
1700
3318
2417
-360
-1070
322
624
-2805
-3144
-246
-476
-4497
-4596
-3556
-4138
-3229
-5167
-5480
-6231
-5457
-4147
-7892
-7714
-5272
-3913
-8323
-10063
-5665
-4776
-7171
-9010
-6748
-5361
-5501
-7616
-6828
-3911
-4073
-6160
-6823
-3025
-2181
-3392
-4073
-2209
-587
-1948
-1358
60
1546
2100
1308
1416
2519
3612
5288
5220
4320
5536
7274
6718
5882
7648
9268
9831
9086
7755
6782
10953
12875
7184
6141
11342
11765
5241
4988
10166
8954
6340
4758
4033
4987
5645
2546
1143
2222
1563
1010
-1321
-2347
-1125
-67
-3028
-5916
-4499
-3260
-4270
-7151
-6301
-5345
-7319
-8882
-7399
-6821
-8198
-7963
-8624
-8679
-9323
-8404
-8184
-7743
-8691
-8887
-6970
-8399
-8369
-7196
-4331
-4879
-9073
-6898
-2080
-2709
-7014
-4049
695
-1181
-4106
-2273
1302
1320
-104
455
3655
2882
1520
4259
5287
4422
4422
6561
7040
5342
5970
8272
9186
7511
6931
8313
9743
9193
8433
9013
9259
8848
8365
10319
8098
5844
10081
9409
4479
4700
8373
7005
2072
3808
4641
2939
1617
-265
93
1124
-812
-3316
-2507
-2589
-4118
-4542
-5328
-6071
-6227
-6250
-7800
-8012
-7776
-7577
-8824
-9482
-8175
-8349
-9446
-8748
-7664
-9035
-8556
-7579
-7988
-8015
-7097
-5757
-6449
-7296
-5780
-3306
-4822
-5366
-2091
-2119
-3363
-2191
5
-760
-1493
584
1937
2002
913
2073
3600
3493
3340
4069
4560
5130
5801
5102
5767
6460
6208
6622
7077
7237
6384
6732
7768
7052
6165
6512
7445
6513
5320
5967
6840
6314
4348
4350
6357
4960
3943
2271
1473
6420
4099
-2496
18
5363
1168
-4935
-810
1210
-930
-3041
-3659
-3418
-2826
-4013
-4079
-3816
-6189
-4959
-4606
-5979
-6822
-5721
-4455
-6075
-6306
-7027
-5514
-4746
-5839
-5344
-5261
-5045
-4390
-4310
-5009
-2957
-2806
-3573
-3743
-2405
-1161
-2294
-2100
-1020
811
-1297
-2009
1221
1993
160
-698
2181
2636
1047
1764
3312
2971
2789
2707
2813
3644
3474
3543
3128
4130
3504
2235
3679
4543
3954
2122
2485
3373
2875
2227
2330
2640
2451
1230
882
1779
1317
1519
956
474
172
669
590
-383
814
897
407
-1688
-2691
2612
2177
-4079
-3161
3859
1282
-5633
-2011
2662
321
-3156
-1718
-676
-268
-1817
-1819
267
-1503
-1372
-670
-434
-1126
-1683
473
417
-964
-2571
133
1314
-1016
-1393
317
854
-261
-460
-664
1286
-211
-1277
-36
661
109
-2319
-1135
721
943
-2635
-2704
913
384
-2377
-2759
108
-313
-1653
-2432
-1344
-1600
-1328
-249
-2483
-2682
-1455
-321
-2135
-2098
-1216
-1121
-1079
-2054
-1655
-962
-526
-978
-1146
-1580
-473
701
-304
-969
-76
660
849
1201
515
1441
1999
1363
1913
2604
3073
2310
2757
3691
4694
2858
897
6627
7975
1107
430
8543
7231
-592
2813
9293
5143
-674
3749
6634
3421
920
3129
5138
1796
181
1610
3581
1339
-1118
1219
1279
-1056
-2195
-282
110
-1971
-3147
-2272
-1792
-3259
-4472
-3823
-1525
-3758
-6593
-5684
-3105
-3346
-6891
-6110
-4202
-4288
-7227
-7181
-3832
-4155
-6346
-6907
-4748
-4034
-5071
-5552
-4134
-4120
-4304
-3551
-2984
-3366
-3377
-837
-921
-2881
-2693
1244
1414
-1207
-292
2134
2697
1008
2177
2765
3619
3524
3117
3594
4856
4967
3991
4818
5154
5877
4961
4984
6453
6279
5338
5039
5653
5495
6013
6368
5136
4648
4502
5160
6564
4839
1875
4840
6786
2654
-47
4339
5836
699
-224
2862
1734
-780
-868
988
333
-2728
-2961
-1064
-1350
-4817
-4491
-2042
-3261
-5909
-6460
-4233
-4279
-6381
-6688
-5417
-5686
-7423
-7138
-5987
-6153
-7494
-7168
-5615
-6151
-7916
-6406
-4288
-5370
-6263
-5784
-4121
-3290
-4118
-4382
-2590
-1963
-2462
-1718
-1025
-386
-1
531
1355
1208
726
2555
4370
3100
2294
3910
5472
4827
3900
5221
6500
5540
5373
6345
5980
5882
7232
6025
5124
6824
6694
5380
5586
6267
5973
5055
4492
4370
5345
5389
3147
2473
4279
3897
1725
1519
2708
2341
737
520
497
618
206
-1293
-683
-826
-1661
-2522
-1809
-2252
-3885
-3153
-2747
-3459
-5852
-3620
-3146
-5938
-6076
-4236
-3561
-6478
-6688
-5237
-3859
-5766
-7429
-4853
-4146
-5066
-6121
-5052
-4291
-4352
-4530
-4365
-3316
-3669
-3214
-2653
-2657
-2555
-1234
-1035
-1599
-993
-145
699
108
379
1295
1771
1753
1556
1867
3048
3621
2533
2352
3836
4127
3026
3756
4518
4274
4093
3354
4173
4819
4526
3807
3610
4214
4189
3268
3630
4373
3211
2651
3235
2516
1804
3086
2899
1246
1115
1301
1634
976
-28
775
1081
-137
-872
-710
-548
252
-634
-1666
-1155
-1108
-1774
-1854
-1507
-1373
-1223
-2734
-2811
-170
-1915
-4480
-1405
272
-3679
-4619
-208
-827
-4683
-2463
-160
-2738
-4254
-1323
-204
-3637
-3473
-972
-634
-3231
-3042
-252
-1102
-2366
-2157
-677
-735
-1647
-1253
-537
-784
-1096
-392
-57
-263
-540
193
770
-72
-404
946
1676
195
586
1064
1267
1710
1082
1768
1953
1277
1935
2675
1411
2061
2944
1916
1227
2875
2602
678
2373
2895
1675
544
1988
2596
847
874
1414
1383
564
1010
771
137
657
432
-349
424
271
-517
-81
-49
-923
-377
553
-531
-1038
-437
27
-735
-1300
-187
107
-796
-1067
-347
-635
-543
-74
-925
-1071
234
-257
-1828
-624
420
-831
-1188
-679
-989
-1233
-369
-184
-1635
-1512
-48
-597
-1896
-1266
360
-835
-1999
-821
-188
-855
-1316
-444
-503
-1127
-1020
-523
-281
-497
-519
-447
-538
-49
195
-363
-293
176
294
-186
-48
545
417
325
371
474
637
655
699
898
915
655
719
1008
1178
1044
1106
1389
1534
935
924
1632
1701
1321
957
1648
1559
937
1136
1167
1065
1084
1358
342
436
1079
848
270
-173
494
438
39
-644
-590
77
-751
-763
-732
-768
-1686
-1245
-247
-1917
-2518
-784
-553
-2864
-2578
-1111
-1663
-2396
-1774
-1435
-2128
-1842
-1886
-1531
-1819
-1502
-802
-1468
-1543
-998
-600
-709
-936
-160
-33
-32
-126
432
820
608
989
719
937
1813
1804
1091
1112
2468
2386
1576
2029
2249
2001
2347
2409
1796
1884
2690
2370
1526
1947
2394
2214
1248
1575
1891
1500
1160
1323
1264
828
704
635
449
588
712
-330
-890
-84
367
-649
-1727
-774
-267
-1428
-2243
-1500
-816
-1478
-2302
-2397
-2159
-1942
-2049
-2726
-2565
-2285
-2233
-2605
-2923
-2636
-2481
-2529
-2556
-2288
-2420
-2389
-2295
-2301
-2072
-1585
-1592
-2286
-1304
-651
-1947
-1767
-46
204
-1119
-722
454
301
119
455
1039
1428
1216
1545
1773
1877
2072
2206
2861
2695
2844
2665
2545
4224
3680
1627
3307
5955
2184
915
5091
5095
955
1781
5310
2027
1128
3988
3310
82
1122
4005
1234
-276
1148
2029
73
-500
530
-520
-276
-426
-1229
-1357
-1173
-1641
-2050
-1755
-1946
-2331
-2482
-2613
-3005
-2886
-2226
-2968
-3450
-2834
-2878
-3469
-3220
-2754
-3296
-2834
-2550
-3456
-3343
-2297
-1951
-2859
-2672
-1717
-1935
-2573
-1677
-972
-1396
-1110
-947
-824
-655
-203
270
129
241
623
922
691
1267
1659
1708
1940
1559
1673
2267
2679
2208
2154
2750
2752
2388
2428
2981
2904
2813
2815
2385
2568
2707
2739
2592
2590
2272
2053
2354
2217
2020
1854
1805
1479
1541
1255
1043
1059
949
493
280
452
-25
-136
-70
-400
-831
-903
-1123
-1495
-1405
-1263
-1849
-2294
-2077
-2227
-2436
-2264
-2344
-2980
-3053
-2863
-2545
-2956
-3285
-2817
-2557
-2600
-3321
-2709
-2216
-2501
-2325
-1957
-2702
-2279
-1113
-1321
-1983
-1674
-367
-1028
-1164
-247
-82
-428
-166
687
390
60
592
1671
1045
385
1453
1931
1332
1349
2266
1991
1580
2385
2582
1864
2271
2601
2269
2780
2142
2107
2929
2856
1773
1731
3171
2394
1890
2418
1850
1866
2038
1807
1096
1627
1968
1013
743
1209
1358
306
180
650
273
120
-181
-311
-333
-638
-761
-1077
-694
-1285
-1437
-1164
-1943
-2318
-1443
-1697
-2496
-2378
-2090
-2222
-2472
-2648
-2619
-2384
-2077
-2718
-2659
-2240
-2260
-2448
-2287
-1858
-2007
-2012
-1730
-1604
-1711
-1158
-1303
-1213
-814
-760
-802
-909
-67
115
-371
-72
235
565
309
390
980
766
1031
1169
928
1221
1594
1575
1505
1483
1697
1893
1577
1585
1995
1898
1661
1750
1597
1824
2016
1758
1584
1464
1589
1538
1401
1528
1523
1090
1091
1310
1013
968
981
969
733
691
582
358
651
503
107
-195
342
209
-56
-363
-211
-63
-343
-274
-708
-619
-442
-722
-1054
-909
-675
-763
-1272
-1401
-1142
-1006
-1167
-1434
-1277
-1210
-1487
-1445
-1309
-1333
-1527
-1315
-1347
-1578
-1356
-1045
-1435
-1629
-941
-1117
-1408
-1274
-770
-742
-1182
-1094
-655
-548
-824
-650
-414
-384
-275
-224
-141
-153
20
369
247
154
370
502
685
718
505
778
1083
820
919
914
1153
1190
1247
1313
1085
1218
1467
1429
1124
1283
1582
1426
1045
1476
1392
1079
1344
1388
1313
1062
1102
1312
1230
987
916
1125
1019
633
735
904
604
515
597
382
218
238
151
-41
-147
-127
-211
-559
-643
-573
-644
-880
-1029
-967
-956
-1248
-1422
-1279
-1340
-1529
-1519
-1532
-1803
-1666
-1486
-1697
-1863
-1740
-1488
-1642
-1856
-1717
-1521
-1558
-1599
-1515
-1537
-1349
-1260
-1277
-1139
-950
-939
-921
-615
-597
-450
-394
-203
-35
-10
111
359
496
484
726
843
866
1160
1079
1088
1472
1554
1348
1596
1747
1469
1832
2022
1588
1689
2122
1946
1611
1905
2017
1654
1622
1788
1769
1441
1525
1660
1368
1089
1140
1485
1089
607
816
915
576
252
296
430
210
-139
-166
-156
-317
-505
-627
-572
-729
-1057
-1002
-932
-1160
-1384
-1340
-1214
-1489
-1683
-1418
-1450
-1686
-1748
-1543
-1535
-1755
-1718
-1511
-1421
-1596
-1627
-1341
-1313
-1332
-1317
-1199
-913
-1097
-1211
-684
-565
-882
-740
-349
-388
-524
-218
63
-36
-212
156
432
170
23
466
733
377
452
793
823
637
841
922
780
969
1085
911
847
1181
1119
990
1029
1182
1191
967
1160
1149
1004
976
1094
1034
859
948
1012
823
657
951
763
512
616
636
559
268
321
433
201
62
174
103
-57
-164
-91
-126
-342
-275
-361
-458
-445
-597
-545
-529
-641
-632
-669
-704
-738
-746
-724
-752
-821
-784
-826
-787
-763
-818
-790
-725
-787
-758
-716
-730
-644
-665
-709
-651
-501
-587
-612
-455
-350
-471
-453
-287
-285
-288
-227
-158
-151
-89
-45
14
40
124
212
78
213
361
309
379
496
512
432
536
674
572
596
749
776
700
730
851
795
814
850
797
763
822
812
794
798
699
775
767
623
568
730
593
386
434
487
438
216
252
330
162
13
103
104
-168
-155
25
-247
-434
-236
-198
-468
-596
-489
-483
-612
-787
-760
-664
-726
-902
-854
-847
-859
-900
-995
-907
-931
-990
-916
-881
-919
-990
-799
-837
-908
-786
-689
-723
-803
-638
-509
-549
-518
-365
-290
-349
-248
-44
-133
-5
109
65
254
289
344
424
490
516
668
719
701
877
904
888
940
985
1013
1150
1050
1082
1120
1083
1186
1182
1038
1106
1150
1084
999
852
1014
926
751
747
764
654
588
555
366
265
349
287
60
-8
3
-40
-226
-299
-277
-424
-515
-583
-685
-709
-736
-774
-891
-937
-903
-1011
-1053
-1024
-1062
-1089
-1180
-1165
-1065
-1161
-1225
-1103
-1080
-1165
-1169
-1038
-1015
-1108
-973
-863
-895
-847
-765
-726
-679
-632
-490
-395
-342
-252
-196
-125
18
111
143
310
398
402
529
655
742
776
877
1011
982
970
1180
1240
1170
1211
1324
1393
1329
1311
1401
1447
1341
1304
1402
1369
1245
1232
1254
1193
1034
1024
1020
823
656
727
653
403
345
312
182
47
-60
-135
-225
-359
-475
-625
-716
-761
-853
-935
-1073
-1161
-1179
-1265
-1361
-1394
-1437
-1483
-1541
-1511
-1550
-1556
-1489
-1552
-1505
-1506
-1430
-1359
-1296
-1266
-1237
-1091
-1044
-983
-842
-718
-691
-552
-446
-274
-224
-136
97
145
193
359
547
605
668
775
931
1017
1083
1196
1236
1366
1412
1409
1518
1594
1585
1596
1635
1634
1637
1629
1577
1559
1522
1475
1465
1374
1259
1199
1163
1012
908
864
754
596
434
348
289
123
-6
-97
-204
-402
-501
-547
-709
-840
-908
-963
-1125
-1273
-1244
-1294
-1428
-1469
-1512
-1576
-1574
-1570
-1615
-1607
-1590
-1581
-1574
-1579
-1509
-1422
-1359
-1402
-1323
-1109
-1071
-1050
-956
-829
-720
-643
-491
-350
-297
-214
-81
60
162
259
415
569
523
607
844
894
950
1005
1121
1219
1198
1263
1385
1380
1401
1461
1460
1436
1503
1486
1409
1397
1392
1349
1296
1230
1210
1137
990
971
858
739
715
599
479
394
278
178
91
-47
-138
-175
-324
-475
-544
-544
-643
-808
-822
-894
-942
-986
-1025
-1054
-1102
-1100
-1131
-1202
-1137
-1073
-1087
-1168
-1123
-1019
-1036
-1045
-957
-867
-906
-814
-697
-727
-692
-509
-464
-497
-402
-247
-191
-204
-80
-36
-11
137
156
185
251
379
374
343
474
552
542
554
613
638
626
676
699
684
699
691
710
660
692
728
686
643
623
611
567
574
582
533
471
464
439
384
375
348
340
284
208
171
219
161
94
66
36
14
-38
-62
-84
-84
-172
-201
-170
-199
-272
-242
-260
-307
-335
-349
-311
-360
-381
-370
-359
-391
-375
-374
-380
-388
-358
-383
-370
-313
-305
-327
-367
-286
-283
-280
-287
-242
-208
-239
-241
-215
-184
-141
-128
-162
-162
-96
-78
-106
-103
-54
-47
-55
-60
-57
-14
-17
-18
-19
-26
3
11
8
25
4
27
33
50
83
78
68
88
116
101
133
184
155
138
174
212
230
229
209
272
289
250
254
312
359
299
271
331
357
313
316
360
352
308
320
333
297
326
313
278
255
234
285
256
175
166
197
169
99
96
128
56
-14
-5
-6
-35
-90
-82
-122
-171
-215
-207
-193
-239
-303
-333
-298
-354
-392
-368
-384
-385
-458
-482
-450
-441
-472
-487
-468
-473
-502
-470
-424
-490
-480
-400
-415
-477
-363
-268
-408
-394
-230
-217
-284
-259
-87
-80
-189
-111
24
38
4
68
158
122
161
278
264
249
344
385
356
356
440
528
471
440
521
582
503
506
604
583
542
539
558
544
525
564
537
481
480
443
417
428
378
344
341
290
252
218
173
175
131
66
47
28
-21
-115
-126
-111
-189
-246
-236
-286
-350
-363
-374
-423
-477
-463
-434
-545
-569
-496
-530
-604
-564
-524
-573
-607
-536
-529
-539
-501
-529
-492
-441
-400
-407
-403
-331
-291
-288
-258
-193
-141
-107
-87
-74
-14
32
59
103
156
154
172
252
250
262
336
351
325
360
418
386
380
440
451
398
411
443
424
378
401
444
369
324
365
362
297
298
292
229
217
244
202
123
102
159
112
39
24
48
4
-42
-21
-92
-85
-59
-114
-165
-170
-147
-180
-196
-200
-215
-241
-243
-226
-243
-254
-253
-227
-273
-268
-236
-231
-228
-245
-216
-219
-198
-185
-198
-178
-127
-132
-152
-143
-85
-81
-73
-58
-53
-35
-10
-6
2
21
34
52
75
68
77
98
93
130
136
128
125
137
152
170
168
143
157
184
177
135
152
176
177
154
140
139
123
144
155
112
89
117
101
58
41
106
83
3
4
49
22
-3
-11
-28
-27
-39
-33
-48
-64
-70
-37
-71
-102
-91
-72
-78
-99
-96
-98
-105
-104
-66
-88
-103
-112
-77
-92
-103
-84
-70
-83
-87
-54
-76
-70
-90
-33
-30
-55
-64
-29
-23
-32
-13
-4
-22
-24
20
16
17
-3
45
43
25
40
41
30
54
69
66
44
40
84
70
69
66
80
63
71
78
82
60
52
78
69
63
31
84
43
22
51
59
25
6
44
53
-4
-10
33
17
9
-15
-5
-39
-22
-8
-24
-58
-50
-5
-58
-106
-52
-15
-97
-102
-44
-47
-139
-94
-47
-74
-109
-81
-59
-126
-91
-63
-54
-79
-96
-38
-46
-94
-58
-11
-45
-50
11
-10
-62
-20
29
7
-24
28
49
9
-3
55
54
18
44
95
40
21
85
91
52
79
116
72
41
93
148
79
63
124
174
93
46
138
157
93
102
174
128
73
122
155
109
83
134
142
72
79
124
83
77
80
98
61
37
38
37
9
26
26
-12
-40
-46
-27
-84
-94
-71
-95
-108
-124
-169
-163
-157
-167
-193
-185
-214
-232
-214
-221
-241
-243
-196
-239
-262
-237
-235
-244
-228
-210
-219
-219
-220
-210
-194
-159
-157
-178
-134
-101
-108
-119
-74
-34
-57
-20
11
20
24
30
105
101
100
136
142
162
182
182
193
242
263
241
225
265
274
275
302
298
283
289
302
297
282
285
309
301
276
236
267
260
242
229
213
195
175
159
129
119
114
95
59
53
9
-27
-35
-53
-59
-86
-135
-142
-160
-201
-223
-212
-223
-273
-264
-303
-289
-304
-339
-309
-305
-314
-338
-340
-331
-304
-297
-294
-280
-266
-269
-256
-218
-202
-212
-184
-135
-126
-146
-116
-54
-51
-51
-25
24
13
24
69
86
101
123
141
141
160
186
176
193
225
215
206
234
244
216
249
259
247
246
226
239
228
224
220
216
203
200
188
159
163
162
130
129
121
96
70
64
74
23
17
29
4
-39
-43
-36
-74
-82
-84
-100
-135
-143
-123
-148
-175
-149
-156
-191
-188
-169
-185
-223
-186
-160
-194
-196
-174
-144
-179
-164
-132
-147
-123
-136
-100
-114
-106
-60
-66
-41
-46
-23
-12
-9
12
25
34
37
54
76
66
73
94
119
104
98
143
126
115
127
151
130
116
146
129
129
124
129
117
102
117
92
78
99
82
54
51
63
53
11
25
38
14
-14
-6
14
-38
-26
2
-27
-52
-43
-23
-56
-62
-58
-47
-72
-84
-60
-83
-81
-75
-96
-85
-88
-99
-101
-110
-81
-95
-117
-99
-96
-96
-85
-82
-89
-88
-80
-63
-70
-66
-63
-40
-48
-33
-20
-32
-14
-6
1
-4
0
6
31
15
8
55
48
42
44
74
85
52
71
95
79
85
87
89
85
96
101
88
84
94
112
74
75
94
85
61
85
76
63
69
66
52
31
58
44
23
19
34
14
2
2
9
-3
-16
-16
-14
-15
-51
-34
-20
-39
-53
-58
-34
-60
-58
-55
-56
-51
-66
-64
-63
-58
-69
-66
-55
-60
-83
-52
-42
-61
-62
-45
-35
-49
-46
-30
-35
-21
-23
-37
-22
-9
-2
-25
-5
1
3
-3
-11
18
-2
6
7
19
14
9
11
12
29
19
3
22
21
13
17
22
30
8
17
27
19
21
16
14
18
18
28
0
18
30
20
-2
12
31
9
5
15
23
2
10
15
18
0
11
12
4
5
0
7
-3
18
2
1
-4
4
2
-2
4
-10
8
-6
-8
0
9
-6
-6
-1
-2
-7
-1
1
0
1
0
-6
-12
-5
14
-3
-18
-4
10
-4
-31
8
8
-11
-9
-6
4
-8
-7
-2
-1
-2
-1
2
-8
7
3
-12
5
7
8
-14
-2
18
5
-14
6
12
-1
6
1
2
6
18
3
-8
15
16
-5
10
9
3
11
-4
6
22
8
-9
13
22
2
-11
10
23
-5
-3
3
-3
10
-6
-7
17
0
-13
0
0
-5
8
-3
-16
2
0
-14
-12
-4
-5
-11
-21
-8
-11
-18
-19
-22
-7
-18
-31
-24
-22
-11
-24
-40
-14
-4
-28
-32
-16
-3
-14
-25
-9
-10
2
-4
-6
0
