SAMPLES:	9716
BITSPERSAMPLE:	16
CHANNELS:	1
SAMPLERATE:	16000
NORMALIZED:	FALSE
2
-9
7
19
-22
-21
16
6
-14
2
-2
4
-7
-3
-11
11
10
-20
-4
21
-19
-15
22
8
-13
-11
3
24
-4
-15
4
23
-12
7
-1
0
12
14
3
-4
9
21
-9
-6
21
10
-5
5
22
-19
-12
24
0
-10
7
-1
-17
-7
8
-7
-7
6
-9
-20
1
16
-6
-15
-18
31
-4
-33
8
18
-12
1
15
-29
-5
33
9
-27
-6
20
3
-3
-8
6
4
9
-1
-9
18
7
-17
-8
25
8
-23
0
40
-9
-38
29
11
-9
-12
17
9
-27
2
13
8
-6
-10
-2
11
-21
5
22
-15
-23
22
8
-19
-5
7
-3
4
-9
-3
1
9
-6
-3
-2
-10
6
11
-13
-9
1
5
1
10
-6
-23
17
7
-18
-1
25
-11
-11
15
-11
-7
15
14
-25
7
11
-10
11
0
-18
17
22
-33
2
14
10
-18
-3
19
-4
-12
6
7
-10
1
8
2
-24
15
7
-8
-6
7
-5
5
1
-18
19
9
-18
-15
36
-10
-26
15
23
-18
-19
23
16
-9
-27
23
13
-21
-10
28
16
-35
10
3
-1
-10
6
12
-4
-14
8
10
-13
0
7
5
-15
20
-10
-1
3
14
-36
22
24
-19
-1
-2
0
0
5
8
5
-6
-17
0
39
-22
-41
24
43
-39
-8
4
5
22
-21
-27
37
7
-47
13
9
5
-1
-11
6
6
-31
11
18
1
-38
1
57
-41
-54
37
53
-32
-49
23
39
-47
-31
61
-2
-63
10
40
-27
-34
71
-6
-61
13
42
-38
11
34
-51
7
35
-35
2
18
-25
21
-2
-48
17
43
-41
-18
30
2
-22
11
-9
-33
6
35
-11
-42
7
14
-1
-17
-15
-14
45
67
-69
-45
103
36
-83
30
78
-32
38
31
-26
19
112
-42
-78
146
89
-116
14
93
45
-39
-20
60
26
-38
9
4
10
3
31
-37
-72
84
16
-82
-30
84
-31
-66
28
26
-82
-54
105
31
-183
-40
204
-42
-183
37
113
3
-167
45
64
-40
-43
19
-61
36
68
-107
-65
68
57
-75
-61
55
96
-177
-9
111
-40
-48
4
76
-38
-77
115
7
-115
34
75
-21
-88
41
102
-135
-69
171
-52
-179
91
59
-121
0
49
-113
35
88
-139
-44
122
-79
-133
91
66
-224
-59
193
-172
-169
159
-2
-263
6
153
-145
-159
177
38
-222
34
167
-29
-61
99
78
-21
119
159
-5
96
198
42
58
241
114
117
154
118
63
165
311
-20
-40
346
194
-176
57
363
55
-214
140
152
-69
-2
0
-3
-90
-62
-24
-190
-111
-2
-152
-209
-140
-91
-151
-301
-269
-15
-232
-331
-102
-201
-368
-191
-82
-274
-299
-82
-33
-308
-296
187
-99
-250
51
64
-36
-170
166
268
-135
34
383
115
35
289
270
196
228
320
137
210
389
203
245
320
146
192
282
56
252
326
-34
-8
267
104
-59
263
190
-187
-32
269
-17
-146
232
84
-229
-24
147
-9
-165
-53
58
-35
-138
-98
77
-170
-196
107
-170
-254
81
-103
-139
-99
-106
-52
-193
21
-91
-281
-57
4
-132
-137
-149
-132
-167
-105
-250
-233
-74
-323
-448
-156
-267
-362
-528
-431
-270
-454
-688
-413
-461
-650
-584
-373
-414
-669
-373
-311
-498
-266
-103
-76
-112
-56
236
289
390
428
547
793
883
652
804
1412
1295
674
852
2292
1097
173
2019
2038
579
407
1868
1945
44
752
1640
356
593
767
225
423
218
50
-241
-445
73
-535
-988
-668
-598
-1068
-1266
-1115
-1029
-1177
-1727
-1569
-1079
-1536
-1631
-1434
-1564
-1565
-1593
-1397
-1223
-1642
-1486
-790
-1346
-1450
-810
-625
-937
-931
-472
-414
-617
87
228
33
277
469
731
648
1004
1617
1091
1319
1770
1815
1949
1899
2180
2269
2143
1946
2797
2292
1522
3098
2183
1020
2173
2459
1324
355
1896
1571
-309
567
1195
-475
-680
-84
-567
-1229
-1106
-1048
-1796
-2052
-1493
-1832
-2495
-2424
-2177
-2389
-2562
-2566
-2428
-2084
-2779
-2633
-1895
-2371
-2371
-1763
-1910
-1868
-1690
-1392
-1244
-1289
-875
-727
-815
-98
151
-346
363
708
796
1192
1091
1549
1766
1888
2543
2156
2372
3261
2796
2947
3372
3141
3170
3376
3317
3344
3480
2656
2298
3643
2572
1363
2447
2475
1300
13
1364
1509
-871
-110
247
-1507
-936
-1041
-2054
-2156
-2086
-2089
-2979
-2915
-2655
-3367
-3345
-3243
-3472
-3673
-3556
-3566
-3490
-3069
-3395
-3954
-2883
-2831
-3526
-2689
-2089
-2377
-2473
-1670
-1710
-1481
-437
-740
-748
183
739
386
845
1904
1831
1773
2591
2608
2907
3647
3559
3790
3959
3933
4263
4303
4722
5023
4019
3913
4367
4407
3800
2604
4666
3936
551
2365
3791
1837
-327
729
2553
-549
-2042
491
-676
-1988
-1816
-1909
-2178
-3163
-2939
-3088
-3927
-3227
-3418
-4434
-4393
-4338
-4010
-4294
-4592
-4330
-4268
-4201
-4703
-4295
-3473
-3949
-3575
-3057
-3336
-3011
-2559
-1984
-1610
-1366
-744
-258
-300
241
1077
1702
2447
2225
2771
3513
3575
4037
4910
4981
4624
5176
5596
5513
5685
5946
6028
5543
5166
5466
5713
5228
4546
4485
3369
3893
3861
1537
2030
2949
1131
-839
-356
843
-1122
-3105
-1671
-1734
-3492
-4307
-4439
-4017
-4113
-5408
-5710
-5454
-5519
-6181
-6435
-6027
-5891
-6065
-6211
-6520
-6001
-5420
-5151
-5445
-5163
-4364
-3966
-4160
-3775
-2617
-1967
-2314
-1897
-788
-202
320
695
1107
2024
2656
3047
3715
4379
5056
5358
5095
6028
7057
6963
6927
7078
7619
7688
7166
7845
7542
7496
7650
6062
6699
7394
5158
4901
6238
4181
2098
3987
4203
300
196
2592
167
-3114
-1138
-283
-3455
-4817
-3432
-4119
-5731
-5844
-5993
-6822
-6398
-6765
-7921
-7894
-7081
-7551
-8083
-7346
-7554
-8047
-7176
-7004
-7607
-6230
-5188
-6494
-6566
-4205
-3956
-5120
-3581
-1912
-2962
-2872
-858
-597
-363
1344
1298
805
2464
3721
3298
3835
5285
5648
5060
5748
7149
6557
7228
7938
6915
7540
8379
7987
8042
7781
7384
8302
7727
6665
7240
7473
5673
4859
6335
4909
2011
4665
4666
110
-179
2401
751
-2478
-1839
-957
-3028
-4602
-3825
-4131
-5336
-6077
-6684
-6695
-6738
-7095
-7220
-7204
-7037
-7660
-7856
-6991
-7330
-7121
-5815
-6457
-6550
-5649
-5278
-5542
-4611
-3466
-3819
-3759
-2630
-2621
-2877
-1336
121
-584
-991
491
768
385
1922
2728
2424
2832
3204
3259
3746
5084
5164
4279
5424
6177
5132
5313
6163
7219
6871
5632
6352
7107
6211
6316
6905
8049
7508
3972
3731
8174
7411
2059
2415
6472
4002
-2387
33
4915
1446
-3257
-2986
-1870
-2141
-3891
-4748
-3881
-4310
-6487
-8066
-7464
-5385
-5720
-7318
-7340
-7800
-8411
-6690
-5907
-7321
-6835
-4855
-5949
-7903
-5994
-2716
-2524
-5200
-4680
-2125
-2896
-2785
-994
-582
-424
-878
-899
-568
534
2699
1822
-176
1773
2849
1041
1319
3406
4520
2970
1564
3301
4266
4328
4305
4137
4625
5008
4996
4905
4937
6781
7349
5425
5194
7181
7865
5786
5122
7762
8215
5431
4960
5294
5282
3592
2472
3255
4008
1386
-1288
-1398
403
-64
-2960
-3853
-2898
-3359
-5500
-6385
-5105
-4656
-6066
-7118
-7231
-6418
-6115
-7404
-7538
-6485
-5570
-6512
-8218
-6052
-4602
-6615
-6208
-4280
-4611
-5423
-5021
-3969
-3243
-3513
-3213
-3163
-3162
-1570
-1182
-1934
-1221
63
-135
-495
-172
741
1411
1188
916
1889
2835
2900
3033
3868
4386
3902
4134
5853
6299
6233
7239
7625
6913
7144
8469
9644
9100
7384
8450
9692
8915
8077
8019
7808
7603
5357
4398
4543
5192
3407
201
114
1702
143
-2150
-2578
-2912
-3739
-4703
-5760
-5146
-5358
-6469
-7308
-7906
-7150
-6582
-8158
-8183
-7806
-8717
-7456
-6351
-8779
-9325
-6480
-5842
-8723
-8624
-5221
-5324
-7912
-7200
-4607
-4722
-4925
-4720
-4672
-2688
-1079
-2051
-3464
-1541
1253
366
-1048
807
2833
2349
1814
2819
4041
4995
5283
5185
6161
7479
7205
7011
8465
9039
9869
10710
10913
9985
10227
11396
10090
10526
13577
12163
9494
9710
9275
8296
7715
7823
6605
5016
3613
2189
567
1336
1102
-1721
-3243
-4092
-4843
-5492
-6612
-6381
-6800
-8876
-9174
-9641
-10106
-9865
-10064
-10271
-11132
-12252
-11291
-9445
-11120
-11937
-10182
-9974
-11303
-11180
-8928
-7934
-9194
-9630
-7945
-7127
-6863
-5382
-4731
-4105
-2870
-3282
-2912
-884
926
1212
998
1825
3077
3361
4187
5573
6604
7583
8184
8080
8951
10004
9920
10959
12499
12372
13042
14219
14527
13758
12464
14352
14181
14676
14564
13326
13371
12731
9425
7384
9001
9893
7278
3320
2111
2292
737
-2042
-3659
-3337
-2897
-6101
-10709
-9299
-7544
-8476
-10671
-12923
-12112
-11857
-12893
-12994
-13095
-13069
-12780
-14847
-14496
-12337
-12383
-12209
-12370
-12907
-12257
-10890
-9818
-9656
-9384
-8324
-8357
-8162
-5910
-4166
-3650
-3317
-2472
-1506
-835
663
2516
3379
3605
4144
4634
5437
7497
9621
10034
9961
10593
11157
11316
13009
14408
14576
14229
14679
15692
16191
17247
16553
13699
13696
17841
17440
13072
12563
14989
12082
6855
5827
9246
9734
4840
-1143
-1471
474
-282
-5632
-8370
-6224
-5296
-10510
-15694
-12690
-8435
-10014
-15570
-17891
-14380
-12922
-14989
-17242
-16482
-13254
-13956
-17883
-16831
-13216
-12236
-13126
-14319
-13207
-10803
-9123
-10048
-11150
-8416
-5601
-7121
-7376
-3820
-1941
-1777
-1722
-449
1328
2212
3269
4474
5193
7021
7213
6599
9217
12196
12940
12593
11861
12854
14169
14529
15301
16251
17238
16937
15891
16835
19090
15810
13541
16332
19489
16814
11537
11099
13934
11811
6721
4437
7084
8559
3948
-3216
-3576
39
-1525
-8094
-10915
-7559
-5999
-11770
-17459
-14303
-9415
-10377
-17026
-20004
-15452
-12644
-14316
-18565
-17622
-12873
-14294
-19681
-17183
-11724
-11307
-14565
-14887
-12653
-11388
-10474
-10641
-9811
-7138
-5183
-7804
-8244
-3060
-98
-1195
-1419
849
3295
2861
3118
5245
8138
10014
8493
7591
10954
14288
14368
12301
12649
14204
15308
15297
14941
17229
18995
16723
15274
17935
18969
14488
13595
17991
20658
14911
8930
11627
14172
9990
3337
4953
9639
8747
-1609
-7299
-3057
2139
-2813
-12033
-12299
-5897
-6625
-16474
-19519
-12238
-7598
-13779
-22210
-20225
-11516
-10820
-18658
-21192
-15257
-12353
-16986
-18628
-14891
-12177
-12446
-14229
-15605
-14370
-8907
-7940
-12153
-10547
-4969
-5801
-8799
-5344
-308
575
-1860
-1572
2113
3529
3986
5699
7145
8987
9183
8604
10070
12793
14244
13718
12483
13805
16434
15962
15507
16519
17950
18702
17695
17185
19692
16830
12619
16594
23351
17339
8098
12041
17051
11176
3680
4986
10316
10355
867
-7670
-5145
4215
1770
-10977
-16047
-7031
-2753
-13590
-22433
-16371
-5845
-9764
-23555
-25905
-13409
-7160
-16933
-24948
-19691
-12240
-14010
-18772
-19443
-14873
-9785
-12066
-19697
-18384
-7686
-5204
-11984
-13643
-6507
-3250
-7519
-8420
-1456
3053
-746
-3569
-340
4640
6274
5434
5671
7941
9761
9034
8495
9977
14331
15686
12483
10970
14875
17394
16035
15354
17524
19569
17813
16950
19282
15493
12584
22217
23753
11326
7690
17562
18637
8448
3322
8948
14174
8797
-3608
-7739
1959
9031
-1123
-15219
-12751
-1517
-3147
-16914
-22045
-10449
-2269
-14210
-28676
-23745
-7549
-7299
-21708
-27255
-17931
-11224
-14940
-22367
-22656
-11713
-7470
-17883
-25557
-15653
-4206
-7117
-16320
-14916
-5444
-4039
-10172
-8367
545
3350
-2434
-6249
-792
6567
8431
5609
5407
7984
9855
8932
7829
11650
16335
15768
11487
10756
15385
19321
17880
16577
18387
19779
19843
18854
13421
13185
27005
26764
10019
6817
19806
22058
9631
3813
9727
16376
11702
-2451
-9400
2543
13070
1534
-16736
-14994
1030
2299
-15319
-25181
-11638
1805
-10883
-30537
-27020
-6486
-2398
-19950
-31635
-20796
-8140
-12201
-23536
-26668
-12617
-4381
-18591
-29338
-16943
-2465
-6429
-19615
-19209
-5235
-2038
-11120
-10439
-977
2506
-3613
-8636
-943
9148
8260
2933
3114
8079
11441
8592
6874
12025
16781
15246
10799
10204
16660
21582
18970
14562
17266
21825
21263
17515
7831
17053
32767
21441
1674
9568
26463
18918
3554
4131
13254
18134
7960
-8530
-8711
9156
14392
-5790
-21301
-10272
6604
-692
-21174
-24264
-4533
2768
-16605
-32560
-20230
-359
-3396
-24065
-29938
-13990
-5480
-12852
-24739
-21825
-5950
-4851
-21489
-26331
-10179
-131
-8095
-19543
-14271
-819
-2792
-11792
-9013
1315
2911
-5929
-8620
2524
10252
6314
546
1610
9114
10895
7342
6498
12269
16893
13377
7517
10038
18759
21857
16366
12039
17180
21823
20478
7559
8949
29549
26944
4206
3365
22485
22844
5841
2706
9125
17265
13005
-3502
-11068
4948
16366
2375
-16923
-14109
5279
5446
-14160
-22916
-7058
4937
-9368
-29186
-23158
-2068
-400
-18182
-28223
-16830
-6075
-8857
-20803
-23942
-9891
-4050
-17006
-27050
-15553
-2164
-5866
-18909
-19182
-5786
-3636
-11372
-12193
-4120
368
-6169
-11506
-3586
6170
5174
-844
-2241
4297
9341
6015
4319
9630
13543
12517
7150
8442
16279
20538
16460
12593
15333
19138
21346
9300
10468
29208
27827
6533
4339
22808
23589
7570
4244
10777
16790
12922
-2156
-8657
6152
16162
2747
-13880
-11524
5002
6635
-11164
-20094
-4856
5325
-7876
-26458
-20940
-414
1296
-16889
-26179
-13975
-5035
-8609
-18935
-20670
-8169
-4860
-17254
-23613
-14267
-4759
-5620
-16211
-19430
-8704
-4218
-9857
-11209
-4299
-788
-6731
-11427
-3071
4684
3208
611
-121
2388
7305
5918
4858
9800
13020
11906
8311
9952
15786
19787
17691
14443
15043
20513
16581
5484
19245
32236
14372
-748
14998
26197
9796
3604
7766
13399
14501
3834
-10194
-2740
13497
10193
-8127
-16895
-3815
10134
-1304
-21928
-15906
4672
2755
-21308
-30400
-9580
6692
-7339
-28950
-23172
-4994
-4020
-16039
-25068
-15007
-1801
-9612
-25496
-21893
-6080
-1634
-11526
-22012
-13184
-1786
-5906
-12826
-7181
2064
-1367
-11075
-7801
5597
7218
751
-1759
3168
9390
6165
2446
8520
14878
13755
8618
6743
14411
22020
19480
12862
12527
20479
20021
3665
12214
32469
21013
276
7799
24149
15925
6171
6275
11220
16519
9457
-7548
-6557
12001
16726
-2643
-15698
-6602
9366
5577
-15593
-19103
1747
8679
-14028
-30098
-15020
6642
1097
-23747
-28160
-8457
-1215
-11023
-23809
-20281
-3824
-3961
-22595
-27144
-10994
688
-6226
-23245
-19153
-2265
-2602
-12869
-11399
-790
1838
-8846
-12985
396
8323
2588
-4609
-3550
6115
9282
1963
1994
9648
13012
9919
3925
6013
17334
21226
13212
7158
12550
20046
9284
9582
26075
21402
4588
9336
22196
13033
7278
12505
12654
13312
11023
-2856
-4247
11441
17388
1357
-11818
-6152
8663
6808
-12692
-15992
1921
8238
-10703
-28098
-15127
7060
3077
-20180
-26885
-9962
-1764
-9256
-21448
-19740
-5883
-2649
-18885
-27860
-13782
-3
-3067
-21627
-22204
-4300
-741
-12250
-11812
-1445
214
-8129
-12302
-1962
7287
3149
-4958
-3877
4131
7522
3615
2688
8017
11690
9626
4506
6751
15184
19291
14660
7983
13459
16217
6632
15163
28319
16284
2008
13220
23597
10496
6765
11956
14344
15017
8802
-5489
-2006
15263
17032
-1555
-12211
-2909
10577
4517
-14917
-14556
5019
8714
-14530
-27716
-10364
8942
1098
-22121
-25403
-7912
2
-10514
-23676
-17960
-2554
-3669
-21740
-26781
-10807
1363
-5692
-23927
-21701
-3444
-1396
-13713
-13529
-1454
-589
-11774
-12976
-1259
5554
1586
-6017
-5496
4688
6013
1307
3361
7914
10235
8507
3213
7035
16492
18810
12915
8752
14632
10585
9165
23183
24867
7461
6135
21687
17747
4184
10596
14808
15277
14078
2384
-5131
7148
19084
9072
-6869
-8878
7208
11505
-5157
-16030
-2868
11378
1873
-22151
-21550
3467
11144
-9106
-25599
-15084
-1391
-1372
-16820
-22536
-8621
1428
-10920
-26545
-20056
-3081
1271
-15356
-25741
-13713
-1029
-8588
-17901
-9995
397
-5693
-17676
-11208
2799
2621
-5529
-9224
-2078
5147
1579
-1588
2885
7294
9395
3887
-366
9004
18641
15262
7388
10389
11480
7276
18030
24975
11298
5166
18358
21964
5500
5782
15387
18624
16625
7271
-4289
4004
19672
15290
-1263
-7684
4223
15580
2819
-14671
-6016
13116
10640
-12703
-23542
-4672
14188
3059
-20885
-19672
-1820
2247
-9855
-22783
-14122
3455
-1686
-23168
-24555
-7840
2725
-6752
-24972
-19539
-3125
-4943
-17002
-16110
-4616
-84
-11921
-20647
-4966
6672
-2260
-10752
-7861
2046
3591
-2839
-803
5603
7194
5241
306
2956
13373
15630
8891
9265
10134
3704
14401
23873
12591
2907
14141
21647
8863
3803
11386
16472
16451
11900
-2858
-1824
15513
19437
3730
-7525
-1700
13475
10988
-10294
-12347
8176
15429
-3340
-22591
-12838
11138
9960
-13109
-22127
-7590
4731
-1573
-20098
-20612
76
5883
-14978
-26549
-13609
2368
1454
-19667
-24478
-7266
164
-11572
-18228
-10631
-1214
-4150
-17194
-13419
2378
3535
-6317
-9800
-3647
4111
1001
-2823
2548
6981
6213
1392
581
8425
15566
10008
6193
10222
3811
8416
21609
14967
479
8230
21679
11608
481
9123
16080
15026
11641
1636
-3488
9977
19877
7844
-4148
-3559
9305
12975
-2574
-13109
3582
16420
3027
-16328
-14870
5807
13315
-4892
-18961
-8160
1651
1975
-9504
-19797
-7555
8715
-3914
-23503
-16889
-94
5384
-9974
-24366
-12260
1333
-7266
-16812
-13107
-5392
-3903
-11797
-15802
-4679
2454
-3996
-9638
-7409
-454
725
-2744
-625
4577
4868
513
-442
4734
12169
10465
4519
7444
4414
2021
17343
18968
388
537
17927
15589
-561
2918
13493
17100
11282
1519
-4967
5441
18502
10623
-3554
-3681
7895
12756
1326
-12560
-788
17570
9630
-12670
-16489
2704
16427
2814
-15995
-8861
5083
3802
-5486
-13932
-8402
7990
4358
-17440
-18073
-651
6479
-2280
-17351
-14160
188
-2068
-14547
-13995
-5411
-3086
-10129
-16489
-8569
803
-3971
-9807
-8476
-3510
-1267
-4546
-3419
1697
2243
-589
-2244
960
7508
9248
3968
3987
5564
-1095
8590
20006
6257
-4904
11027
19189
2195
-2434
8094
15328
13283
4788
-4537
-1088
13359
16149
892
-7880
2745
15784
8274
-10087
-9477
13359
18538
-3779
-19859
-4171
17649
12775
-10637
-15516
3645
10429
1704
-11874
-12038
3703
12744
-6608
-20899
-6682
9214
7003
-13314
-18473
-2053
5506
-8037
-15039
-8313
-1509
-4747
-14728
-12604
-836
-1461
-9596
-9218
-5406
-2902
-4027
-5303
-2297
388
-1424
-5237
-2434
3969
7248
2788
-1472
4670
2071
-1163
11205
13660
-1264
-1068
14013
10774
-2621
2154
10733
12050
7945
786
-4704
5829
17087
9153
-4244
-4701
9122
15573
1220
-12258
1849
19555
10308
-12947
-14434
10219
21516
2893
-16524
-6112
9500
9720
-2311
-14218
-5251
13568
6599
-16874
-14448
5632
12309
-2419
-19301
-10427
6556
2273
-11875
-13001
-2836
1496
-8562
-16672
-4571
3883
-4677
-12199
-9044
-2544
-763
-5442
-7069
-2526
101
-2279
-6118
-2281
4744
5308
-1444
-2384
2580
-1865
2615
12377
5620
-6047
3315
14381
3512
-3647
4818
9982
8779
5042
-3272
-1526
12198
15349
1817
-7077
-484
13626
11748
-5282
-8841
10037
17851
1342
-15984
-5350
18867
17269
-6898
-14830
1932
11011
5962
-6802
-12166
2243
13872
-1449
-17228
-6923
10139
8752
-11042
-18445
-3093
6618
-2985
-13655
-9943
460
-619
-13181
-11382
1878
1351
-8199
-11150
-6344
-274
-1800
-7009
-4568
-1167
-824
-2840
-5395
-1068
6198
2707
-4370
-43
3522
-2652
3204
12486
3957
-6634
4051
14560
1766
-3755
5464
10163
7285
3861
-3101
1076
14449
13349
-418
-6087
3043
14688
9088
-5497
-4242
12849
14981
-2629
-14088
2197
19791
9776
-8616
-9086
5870
9852
3743
-8209
-7379
6319
10601
-4794
-14458
-2325
9857
3147
-14799
-15231
-665
3905
-7804
-14811
-6987
817
-5692
-14147
-6784
1551
-3488
-10509
-10752
-5282
-416
-3455
-8012
-4395
-510
-212
-4111
-6425
626
5561
-524
-4935
2482
4582
-4087
2805
14559
4253
-9486
3179
16951
2112
-5605
3353
9414
8438
3933
-4764
-1057
14316
14231
-1044
-8007
2408
16158
10441
-6324
-6543
13355
17074
-3268
-14260
3325
19073
9144
-7240
-8391
6056
12284
5385
-7661
-5099
8378
11631
-4032
-13813
171
10778
1758
-13775
-13183
-434
4261
-7827
-15187
-4122
2118
-7810
-13471
-4839
1497
-4406
-11883
-10565
-3938
-317
-4947
-8590
-3336
2023
212
-5899
-6077
1850
4647
-1860
-4500
2322
6082
-4101
-930
15354
7700
-12247
-1896
18655
6143
-9014
82
8371
9221
5756
-5611
-6876
11269
16482
-30
-9782
-2257
15097
13711
-5822
-13046
8329
18617
1318
-14553
-4531
15663
14139
-4029
-12832
2587
12355
7341
-3200
-6705
2230
13472
2926
-14759
-4307
9887
3886
-9752
-12876
-2822
3742
-5739
-12746
-2565
964
-7321
-9211
-4046
609
-2697
-9517
-9125
-1847
79
-4824
-6382
-2010
4619
2711
-5169
-5720
4009
4930
-751
-1801
578
6858
1218
-5837
9508
15051
-6192
-10838
12228
14881
-5248
-5932
4510
10435
8674
-1288
-10759
2548
18390
7653
-9808
-7745
10099
16789
870
-15636
-3272
18054
10457
-11993
-14349
7069
19199
3179
-15663
-6471
10985
9576
959
-9782
-6126
11455
10109
-12302
-13038
4695
6314
-4774
-14116
-8193
837
-2051
-10150
-6020
-1330
-5903
-6993
-5244
-2056
-1240
-6791
-8119
-1925
-941
-2879
-4528
-2941
3575
4825
-2178
-3254
377
5243
4585
792
54
4266
9507
-1736
-3410
13570
13475
-7817
-5328
15986
12743
-7671
-3176
9041
12085
7082
-5223
-7790
10280
18476
343
-9211
-1559
14527
12836
-7197
-14314
6273
18680
1286
-18212
-9858
14785
14251
-8051
-17456
-132
11885
4833
-8674
-12689
2176
10310
-2348
-16987
-8172
4913
2197
-10525
-16824
-5094
2576
-4486
-12955
-6160
-868
-4854
-9100
-7226
272
-920
-7986
-6700
-226
92
-2250
-4677
-483
5245
3438
-1347
-2172
3360
8347
5282
-668
2512
9174
11238
-592
-5032
14693
19294
-4190
-8077
16986
15885
-4157
-1390
7368
11777
8819
-1495
-7026
7567
15018
5926
-5538
-6169
10687
14150
-2956
-12492
514
13529
4312
-14496
-13516
9382
12150
-7328
-15824
-3500
6636
100
-7336
-11526
-3611
4363
-1875
-15094
-12425
1400
369
-10946
-16912
-7013
601
-3885
-12823
-8755
-337
-5256
-10846
-7587
-149
-563
-6388
-5496
147
353
-2178
-3150
1392
6747
2941
-700
1984
6740
8643
4484
2401
6566
9896
12097
5139
-4949
12156
26030
2714
-13393
11685
26824
3027
-7381
4405
15602
13496
1051
-10991
1632
21446
11735
-8848
-11724
7755
19470
3749
-16283
-9213
16364
12591
-11294
-20362
428
16201
1275
-18062
-14695
3545
3878
-4772
-16012
-12106
2162
2780
-11831
-18398
-6387
1821
-5267
-18687
-13873
-554
-1102
-12014
-11774
-1300
-4097
-11224
-9597
-1506
410
-4200
-4512
-1723
-357
-1880
84
1219
2651
3383
4240
2337
2143
7254
7288
4583
4313
7202
9538
13256
1662
-3051
18654
21356
-4678
-6750
21565
18718
-4588
1152
12471
12665
6572
767
-3300
7060
15797
7028
-6841
-5132
12527
14237
-2906
-12593
1920
18271
5870
-14688
-13020
8722
12657
-5314
-18147
-8713
5036
-505
-8815
-15598
-10409
-25
1014
-14734
-21403
-5558
1940
-10684
-22326
-12706
-1039
-5294
-14359
-9980
-4985
-7433
-9733
-8590
-3345
-1713
-5077
-4446
-1377
-1714
-1930
418
2054
3742
2578
1936
2106
4549
7592
5874
2715
4824
10312
9535
9801
3916
-1598
16140
24850
511
-9255
17497
25562
3055
-4286
6657
17831
15384
2417
-8822
4132
21095
13817
-7070
-9950
11182
19731
4359
-14224
-6656
19581
16247
-11275
-20679
3754
17894
1100
-19192
-15728
5677
4896
-8941
-19275
-11933
338
2036
-15336
-25657
-7854
2584
-9464
-23688
-16983
-1985
-2698
-16786
-16880
-3038
-3019
-13260
-13669
-3526
344
-6107
-8823
-2344
1454
-2021
-1601
1382
2096
3606
5442
2212
171
7857
10144
5834
4232
8560
11484
10421
10941
3565
5476
21831
20391
-3754
43
27259
19389
-5580
1895
15907
16020
10274
-935
-4323
13384
18060
3762
-6190
-3388
14399
15901
-5326
-15255
4961
17221
3031
-15890
-14651
8006
11725
-9441
-21056
-8509
3932
-1810
-13819
-19695
-7381
59
-7377
-20533
-19696
-6292
-2510
-13389
-23187
-12203
-3230
-9003
-17575
-11095
-3402
-8336
-13555
-9266
-1503
-2714
-8230
-6929
60
2121
-2835
-4056
2664
6261
3525
1982
1902
5251
11084
8947
5155
7651
11518
12235
12060
11832
7638
7030
19967
22966
1414
-453
24713
22330
-1584
2152
14940
15684
11964
4764
-4169
8296
19696
7227
-5999
-3836
10900
14888
-605
-14494
-2061
16794
6761
-15147
-18350
3265
11651
-6095
-20488
-14069
2381
-1095
-13638
-20238
-11002
-2595
-4997
-17622
-24318
-9776
394
-10451
-24189
-15389
-5217
-6846
-14328
-15355
-6737
-3863
-11104
-12701
-3604
-2483
-6603
-5894
-1552
222
-3718
-4269
3300
7091
185
335
5225
7196
7952
7256
5435
10492
14147
10934
8570
12261
17252
6763
10252
23591
14355
-2037
13946
27295
7561
23
11811
17460
13132
7844
-421
2860
17028
12910
-2511
-6704
5793
15145
5084
-11432
-10632
10778
12974
-8241
-21289
-7982
9588
1964
-17182
-21840
-2376
2558
-11830
-19922
-16261
-5805
-3044
-13304
-25070
-14314
-2274
-6718
-17686
-20537
-8867
-2944
-11613
-19156
-8322
-1155
-7667
-14274
-10126
376
-900
-8252
-5895
897
234
-2286
-223
2179
4488
5134
5109
3724
4939
11968
10948
7848
8898
13381
14857
13143
13655
10839
8094
19927
25008
6283
-640
21698
27303
3516
370
14071
18620
13632
4514
-3421
6109
17770
8121
-6814
-6891
7802
15425
-747
-18728
-7789
14463
6237
-17184
-22639
-2002
10437
-7525
-25155
-16491
1528
-3956
-16845
-20072
-11238
-5354
-10117
-17540
-17732
-11336
-7695
-8257
-17889
-17065
-5147
-6916
-16320
-11597
-2325
-7084
-13182
-10679
-801
690
-9169
-9186
1300
4346
-2338
-5210
735
9973
7908
634
2371
8936
12918
12445
6844
7168
16246
18286
13015
10628
16128
13934
11317
21663
21313
4629
6606
27227
19476
-1138
5799
17671
17610
9902
2077
-3426
8963
17138
2984
-10067
-5008
11805
10117
-9101
-18602
-2805
12643
-364
-21183
-20094
2068
6134
-13618
-24121
-14029
51
-6096
-17162
-20530
-11457
-5288
-10068
-18914
-19556
-9378
-5300
-11217
-20297
-13897
-4739
-10333
-16369
-9012
-1832
-7898
-14747
-9457
75
-891
-9136
-7202
2429
3352
-2756
-3880
4500
9860
6269
2941
5078
10113
13440
11790
7747
13223
16859
15140
13975
15349
18511
12808
10055
23116
24904
5672
6887
25898
19404
2062
7434
14062
15828
12638
2927
-5392
7105
16573
3222
-9377
-7156
8207
8582
-8406
-20157
-5668
10340
-868
-20823
-22298
-442
5097
-13084
-25157
-15231
-1323
-6485
-15993
-21255
-13986
-6374
-7179
-18306
-23302
-10006
-2487
-10346
-21678
-14655
-5823
-8399
-13931
-10582
-3724
-6520
-11062
-9595
-1433
-196
-6573
-5417
3109
5001
-1356
-1213
5605
10640
8908
5245
4735
9986
16096
14798
9898
11296
16553
17923
16220
14581
16896
13224
11649
23949
22918
4208
6316
26579
21761
-355
590
14789
20469
9501
-3359
-6725
8851
15510
-463
-13401
-8161
9282
7342
-12316
-22749
-6809
10010
-458
-24348
-25948
-166
7116
-14371
-28748
-16288
474
-3976
-18762
-24954
-11827
-2110
-8737
-21254
-21346
-7632
-2537
-10703
-20151
-13825
-3739
-6166
-14255
-11319
-2540
-4482
-9652
-7839
-242
922
-4289
-4218
4106
7293
290
187
8502
12481
7277
4724
8571
13644
13678
11793
12605
14335
16278
15636
15122
14606
18076
15484
7929
16998
25045
13551
687
14833
25018
7396
-1374
8537
17111
11358
2932
-8168
41
14810
6006
-11512
-11837
3958
8371
-6061
-20390
-12804
5685
2986
-16726
-27660
-8892
6216
-7767
-24400
-21100
-3879
-2328
-13975
-24835
-16217
-2193
-5674
-18671
-22656
-10595
-3282
-7969
-16944
-16196
-5716
-5400
-12642
-12330
-3820
-4308
-9064
-6953
-1606
1232
-3394
-4400
3555
7675
865
-759
6145
12668
11062
2958
5516
13466
15527
10850
10177
12603
17641
16847
12484
13139
16715
21140
11373
4996
19376
28710
6214
-295
22577
21449
103
1049
12845
15842
9566
-3228
-6820
7209
11665
-788
-12180
-8156
7986
4571
-14450
-20447
-4012
7195
-3850
-25314
-23908
799
2531
-16459
-26136
-15340
-415
-4128
-22312
-26637
-6086
59
-12864
-23340
-16394
-5406
-4955
-12546
-17748
-10925
-4317
-6392
-13445
-9627
-1790
-3033
-8066
-5155
1090
1663
-2113
-1059
5291
5835
2097
2021
8043
11941
9522
4992
7048
13095
14930
11622
8730
12744
16985
15782
11368
11391
17044
20388
8926
4539
21072
23527
3319
3805
21901
16171
-1073
1095
12293
15159
4698
-5073
-3532
5863
8635
-2301
-13183
-6595
8483
-183
-16061
-16687
-2938
5173
-7558
-25166
-18867
1247
-1802
-17803
-23080
-12712
-670
-9371
-22211
-18387
-4748
-4670
-14084
-19446
-12896
-4140
-8400
-12902
-12239
-7451
-4869
-8299
-11750
-3804
2697
-5179
-8556
-692
5686
2844
-3365
439
9666
8056
156
2624
10628
13839
8671
3804
7552
14641
14993
10049
7989
12633
16834
14501
8468
8753
16497
20789
10718
-1367
10710
27392
14720
-6923
5747
23893
9749
-4890
940
10379
11157
3223
-8691
-6110
7463
6050
-7157
-12954
-3775
4060
-5357
-16273
-13298
-360
-1447
-14377
-21375
-11862
-1140
-8133
-19515
-18669
-7179
-6944
-14028
-16399
-13587
-6504
-5072
-14564
-20225
-8756
-835
-8398
-13865
-10483
-3951
-4578
-8398
-6146
671
-573
-4493
-2856
1291
5597
3645
59
5099
8889
5221
4057
7624
10621
11424
8485
7784
9401
11404
15324
13213
7569
11373
15864
11897
9561
12701
14589
14067
10615
3330
9128
20470
15207
-3061
1444
19951
13408
-6631
-3383
12656
11996
-285
-8759
-7809
5486
8261
-6796
-16443
-8443
4250
-1142
-16956
-21119
-2913
3944
-12095
-25678
-18142
-498
-3624
-18049
-22526
-12753
-3067
-7981
-19107
-18403
-4912
-3297
-12562
-17915
-11328
-722
-2031
-11311
-13203
-4119
746
-3805
-7922
-1024
4274
-2419
-4371
3037
6804
4487
2533
2978
8569
8517
2998
6008
12049
11668
7719
5459
8861
14125
12245
9707
11327
10349
11154
12600
10389
9515
11970
12938
10738
10118
3174
6242
18390
15340
-2285
-2614
16298
13530
-4401
-4494
6466
9327
2314
-6073
-12065
74
7410
-3187
-14527
-13711
-864
1161
-11419
-21972
-9534
1661
-6205
-20161
-23196
-5120
1863
-12715
-23169
-14688
-2735
-4034
-13015
-19461
-7767
651
-7805
-16873
-10946
1823
875
-8664
-12993
-3058
4129
-230
-6258
-3409
5259
4029
-2727
-2013
7347
9976
3709
-944
3355
10578
8191
3346
5996
10150
7543
5950
6862
8786
10888
10535
8086
7302
7357
9763
11292
7115
6317
10291
9605
5422
7951
4920
4588
12930
10305
-2755
-1951
12589
10208
-5063
-6440
5264
8242
-3742
-8994
-7174
1786
3840
-6704
-15496
-10005
2842
-2028
-13363
-17854
-6847
3028
-6361
-20430
-17238
97
1030
-11273
-19256
-10838
2497
-2010
-12950
-14881
-4112
1200
-3437
-12067
-10307
1570
3792
-4388
-10802
-2985
6371
3194
-5764
-2077
6754
4697
-117
1670
5488
6103
4838
3085
5988
6804
4281
5837
8651
6708
5138
7538
8066
8206
8129
6730
6028
8121
8893
6953
4947
5037
8094
8646
4581
1923
5964
8299
689
823
8976
6447
-7238
-1858
11529
1489
-10315
-4999
4294
1670
-6034
-11852
-7057
2415
-620
-11019
-15581
-6250
3648
-4916
-18055
-14649
1749
1573
-12392
-18284
-8013
3824
-2129
-12660
-13175
-2742
1885
-3488
-10792
-9932
2221
4996
-5266
-12174
-2118
7594
2657
-6427
-5823
4899
6819
-561
-3482
3288
7211
3497
-330
2838
7641
6281
2600
3474
6595
5048
3397
6241
8120
5645
3669
5465
6455
6550
6377
4296
3449
5612
6211
3602
3362
3638
5336
4905
1207
216
4531
8703
-1833
-5989
6092
10455
-6906
-9807
7741
7472
-8136
-10703
-152
5184
-1475
-9759
-11475
91
5249
-5573
-15230
-8528
4749
260
-10009
-14937
-4800
6365
201
-14945
-14183
4306
6407
-6612
-12843
-5112
5037
1314
-5695
-7976
-1270
4625
2945
-6428
-7300
5200
6609
-2408
-4740
1990
4221
1466
-644
2126
4552
798
-204
3997
5284
1056
-606
3638
6652
1792
-2556
2962
6766
3313
894
1475
2717
4643
3821
295
-176
2347
4071
3260
-935
-657
3366
3861
1285
-226
24
2439
6312
214
-6590
2435
11113
672
-11212
1901
11242
-1928
-8292
-434
6392
2638
-3075
-8401
-891
7437
266
-7514
-6816
2695
5385
-4185
-10330
-3542
5679
1737
-5939
-10105
-2394
7018
-620
-8907
-6354
2690
2000
-3198
-5723
-3550
2277
1067
-3227
-6057
-2018
3381
183
-5068
-3061
2223
-129
-3390
-792
1677
-716
-3268
-246
2164
-1463
-3263
-407
2832
492
-3698
-2792
2012
3321
-1377
-3384
8
3452
1640
-2060
-820
2122
1615
910
-395
164
2589
3905
832
308
2799
3672
4461
3819
4012
1454
1494
7306
8998
-240
-2952
10563
12073
-1939
-3681
6327
12331
3474
-2445
-2669
6730
9916
1549
-5033
-2735
8777
7317
-4024
-7803
2130
10164
978
-8293
-6420
3573
6036
-3790
-7899
-4857
2871
-107
-6447
-7951
-2774
770
-4187
-6968
-6939
-4080
-1241
-4289
-7878
-6338
-1830
-6103
-7856
-2351
-2518
-8010
-7678
-1798
-2266
-6136
-6408
-2883
-1008
-4989
-7090
-2577
162
-2804
-4623
-2676
-1332
-1113
-753
-69
-638
-1323
837
2496
198
439
2718
3546
3223
2543
2188
5807
6762
5130
5835
8097
6276
3805
8839
13410
8501
-810
9138
18053
6949
-1253
7415
15820
9431
2620
1144
6417
12672
7178
107
-1503
7362
9822
1195
-4135
-1083
7586
4304
-3683
-7766
-1715
4867
-1618
-7232
-8196
-2716
-1356
-5423
-9767
-9257
-2987
-4962
-10136
-11450
-6991
-5117
-8382
-10316
-9181
-7307
-8582
-9932
-7199
-5554
-7788
-9944
-7333
-3785
-5489
-7878
-6056
-2011
-3520
-6415
-4147
-1422
-700
-1904
-2267
-834
245
829
904
2071
1593
2777
4446
2987
3435
5251
6020
5302
6035
6042
6057
7843
8958
8064
7382
9278
9406
10581
8650
6173
10628
15426
7306
784
12461
15926
5143
-50
6252
14031
6321
-1577
-315
8477
7641
-444
-2780
-1981
5580
2129
-5164
-7115
-1920
2421
-4004
-9289
-8762
-2175
-2040
-9047
-10197
-9263
-4130
-6270
-9991
-11196
-9452
-5720
-7781
-11282
-11592
-6805
-6663
-9631
-9176
-7980
-7135
-6870
-7220
-5666
-5782
-6784
-4574
-1566
-2797
-5620
-4154
766
2465
-2815
-4127
2834
4521
1163
-515
2697
5710
5692
3244
2885
6320
7470
6799
4912
5902
8365
7697
6760
7302
7474
8300
9083
7748
6676
8784
9768
8149
6296
8006
9468
8404
4774
4374
9196
8922
3561
-1199
6136
9615
946
-4485
704
7790
2045
-5985
-6002
377
5011
-4697
-9608
-6414
-412
-1374
-8998
-10572
-7620
-951
-5533
-11514
-11187
-6983
-2525
-8020
-11538
-10123
-5279
-5047
-8650
-8986
-8657
-4203
-4526
-7478
-7613
-5701
-2037
-3791
-6512
-4092
-316
-2203
-4073
154
1243
-1917
-1359
2521
4117
-486
-1056
4642
6604
1931
-193
5449
7076
4165
2513
4982
7002
5057
4839
5333
5182
5677
6152
5062
3303
5372
6210
4795
3228
3143
5461
5176
2349
1373
5082
5228
1252
932
2931
3571
2337
1203
1780
1983
292
314
2377
1774
-2232
-1930
3241
674
-4783
-4008
1675
1426
-4517
-4615
-4035
-46
-1009
-5834
-5819
-2706
-293
-4718
-6216
-6046
-2316
-359
-5286
-6085
-4944
-1520
-1467
-4340
-4762
-3245
452
-2714
-4505
-2832
518
1042
-3229
-2749
354
1502
-1464
-1167
1768
1585
-1341
-759
2844
2543
-517
614
3427
1621
301
1747
3352
2516
1098
1394
1851
3195
2186
1127
1245
2998
2253
142
976
1864
2378
1164
672
-722
12
2227
846
-1157
-1081
850
367
-1302
-722
-80
-212
-840
-357
-824
-1390
-7
476
-684
-1090
-203
242
796
1263
-1711
-193
3387
1645
-2146
945
5959
-122
-1970
2358
4486
2308
-1341
1862
2278
3206
963
97
2536
1194
3431
-210
-120
1252
1457
1941
-367
-9
-1699
1539
902
-2254
-241
-659
-872
-2600
-594
-1332
-1902
-1885
-3051
-1849
-3105
-2675
-2917
-3192
-3200
-2996
-4256
-4828
-1841
-2731
-5056
-3792
-2136
-3612
-4645
-2642
-2107
-3483
-3741
-1824
-2266
-2765
-1920
-1459
-1643
-1228
-1094
-1193
-65
-272
-251
514
583
640
971
1466
1071
1443
2254
1977
1510
1955
2988
2867
2548
2782
3177
3890
3275
2862
4203
4586
4119
3866
4930
4545
5207
5280
5612
4800
5936
6577
3904
6003
7199
4930
3025
7889
6128
1641
4296
5240
4355
1491
2066
2883
1033
856
-826
1643
-1844
-2175
-1540
-3737
-2610
-5021
-3644
-4853
-5784
-7205
-6583
-5170
-8193
-7350
-7916
-7649
-7973
-9226
-7359
-8000
-8463
-8285
-7264
-8194
-7928
-6981
-7121
-6274
-5697
-6819
-5674
-4202
-4449
-4290
-3629
-1545
-2471
-2554
-708
188
266
497
2292
1441
2207
3963
3614
4102
4730
5516
4938
6418
6831
6321
6973
7545
8019
6735
6935
8279
7775
6900
7100
7822
6505
6470
7055
6440
6050
4814
5283
6000
4083
3751
4385
3926
2022
2530
2842
2007
1875
1018
949
492
168
-252
-190
-736
-1288
-791
-2130
-2858
-1641
-2044
-3619
-3460
-1556
-5065
-5522
-2994
-3748
-5647
-6045
-4175
-6252
-5793
-6074
-6652
-5301
-6589
-5795
-6913
-6080
-5907
-6733
-5120
-4987
-5335
-6676
-4353
-4085
-4484
-3329
-3560
-3060
-3126
-2333
-1628
-644
-1070
-1070
508
921
662
1340
2425
2195
2678
2945
3947
3944
3721
4681
5831
5088
3913
5703
6221
5813
5369
5692
5573
5674
5784
5741
5924
4529
4766
4939
4536
4455
3356
3428
3356
3034
1912
1657
2216
1359
568
-239
124
-81
-1372
-790
-1141
-2978
-3017
-2107
-2762
-3822
-3492
-4188
-4602
-4035
-4452
-4948
-4883
-4581
-4827
-4811
-5060
-4429
-4171
-4085
-3188
-3636
-3958
-2901
-1765
-1896
-2049
-1194
-192
-1422
-760
1054
1256
-533
529
3872
406
171
3133
3246
1688
1363
4382
2092
2122
2572
3156
3328
1745
3573
2202
2794
2202
2125
3428
2309
2057
890
2566
2208
883
1510
1203
1277
134
853
512
-360
28
-275
-271
-782
-1498
-1380
-968
-1238
-1954
-1810
-1961
-2315
-1694
-2085
-2318
-1556
-2540
-2268
-1469
-2220
-2071
-1826
-1082
-1608
-1794
-1037
-733
-1055
-1136
171
-990
-960
660
-213
-562
410
243
-21
786
403
495
897
149
1094
1249
-42
772
1274
940
735
820
662
1140
755
570
1849
520
84
1378
1295
574
1069
1171
1270
1012
938
1397
1380
840
1284
1558
690
1443
726
1133
1240
743
540
1221
1414
-815
657
1087
228
-780
691
978
-1762
-635
558
409
-2011
-908
555
-1575
-1542
-969
1
-1914
-1867
-744
-1431
-1447
-2224
-1023
-929
-1960
-2328
-1373
-951
-2363
-1826
-936
-1425
-2296
-1650
-746
-1653
-2261
-938
-462
-1607
-1630
-970
-727
-1232
-871
-419
-407
-1014
-785
498
91
-55
-144
769
1038
433
1035
1609
1719
706
1982
2523
1734
2010
2525
2917
2006
2297
2756
2647
2340
2629
2663
1907
2085
2328
1728
1738
1937
997
760
1054
752
94
141
-171
-626
-695
-919
-1144
-1386
-1242
-2080
-2124
-1543
-2086
-2858
-2318
-1518
-3168
-2997
-1884
-2255
-2679
-2243
-1361
-2188
-2038
-1300
-989
-1068
-782
-135
-687
-182
502
420
459
1204
1308
1035
1441
2295
2512
1579
2262
3283
2988
1983
3063
3837
2356
2318
3084
3664
2047
1971
3094
2823
1362
1127
2722
1509
415
722
1308
-90
-995
84
-244
-1529
-2198
-1108
-1541
-2802
-2684
-2610
-3075
-3736
-3147
-3079
-3824
-4486
-3916
-3474
-4364
-4370
-3618
-3934
-4566
-3987
-3373
-3614
-3865
-2918
-2519
-3022
-2753
-1668
-1429
-1443
-956
-302
103
82
706
1539
2000
1798
2698
3066
3045
3372
4271
5039
4330
4845
5136
5316
5231
5842
6145
5162
5580
5649
5319
5154
5134
4649
4126
4409
3647
2785
3271
2790
1511
1364
1987
315
-917
317
-219
-1794
-2032
-960
-2529
-3898
-2549
-2822
-4117
-4367
-3607
-4355
-4912
-4427
-4777
-4973
-5111
-4988
-4829
-5011
-4744
-4991
-4809
-4428
-4602
-4305
-4085
-3817
-3854
-3532
-3350
-3047
-2476
-2158
-1921
-1888
-1391
-990
-374
-364
302
731
623
1058
1671
2500
1695
2542
3588
2983
2758
3302
4654
3456
3737
4963
4157
3695
3734
5600
3997
3368
4648
4437
3556
3045
4709
3593
2561
3069
3558
2882
1194
2355
2641
1420
824
1068
1263
-106
-255
221
66
-1320
-1630
-534
-1176
-1916
-2017
-1722
-2166
-2768
-2418
-2086
-2549
-2997
-2561
-2680
-2955
-2844
-2855
-2720
-2685
-2855
-2871
-2484
-2236
-2371
-2406
-2078
-2016
-2298
-1762
-1382
-1520
-1525
-1094
-1169
-987
-773
-796
-578
-511
-152
-588
-140
199
99
111
460
783
423
557
841
1205
887
550
1151
1323
1099
1143
1594
1688
1112
1218
1776
1913
1500
1520
2225
2069
1906
1819
2327
2635
2242
2206
2617
2658
2358
2383
3060
3069
2276
2131
2830
2940
1925
2188
2412
1900
1597
1775
1758
1001
1054
906
395
469
103
-292
-534
-545
-982
-1424
-1691
-1971
-1711
-2026
-3259
-3229
-2326
-3314
-4685
-3267
-2377
-5652
-5302
-2561
-4127
-6268
-4613
-2620
-5617
-6108
-3168
-3705
-5752
-4933
-2394
-4532
-4855
-2767
-2918
-3503
-3568
-1831
-1915
-2442
-1406
-623
-473
-1031
319
926
672
837
1596
2781
1914
2134
3595
3607
2995
3714
4923
4179
4247
4912
5195
4607
4577
5466
5075
4736
5149
5042
4352
4635
4892
4072
3812
3953
3790
3208
2912
3314
2628
1766
1911
2181
1286
648
977
775
72
-336
-126
-406
-1287
-1298
-1053
-1689
-1816
-1828
-2216
-2391
-2499
-2852
-3052
-2754
-2952
-3421
-3386
-2936
-3431
-3766
-3258
-3118
-3723
-3500
-2795
-3333
-3331
-2859
-2859
-2757
-2452
-2198
-2384
-1940
-1412
-1412
-1315
-781
-467
-782
-77
532
241
261
774
1058
1052
1333
1555
1772
1588
1728
2175
1875
1988
2055
2019
2140
2060
2082
1794
1918
1816
1483
1511
1615
1521
826
1233
1374
459
385
815
586
-291
82
590
-536
-630
-354
-84
-1121
-820
-471
-1121
-1061
-1143
-685
-1152
-1042
-943
-1260
-542
-974
-840
-833
-377
-829
-854
-118
-645
-446
-464
-121
-271
-372
-26
-358
51
96
7
-148
277
240
-237
591
472
148
425
721
593
508
928
610
630
811
1039
789
683
1176
555
603
878
865
540
474
635
346
496
268
249
110
-224
-63
-229
-115
-496
-623
-705
-642
-656
-985
-646
-1081
-1200
-973
-990
-1038
-1230
-958
-1153
-1189
-1085
-912
-1058
-1106
-735
-972
-861
-716
-849
-386
-259
-656
-367
246
-262
-237
533
623
40
316
1216
630
347
1306
1273
796
1385
1611
1084
1641
1788
1395
1560
1899
1730
1312
2048
2118
1134
1407
1913
1470
1077
1599
1364
901
897
918
913
337
306
327
29
62
-243
-285
-554
-799
-970
-984
-1137
-1343
-1247
-1513
-1634
-1796
-1949
-1902
-2095
-2077
-2048
-2212
-2413
-2203
-2111
-2266
-2284
-1875
-1879
-2059
-1801
-1353
-1494
-1727
-1070
-936
-1053
-809
-419
-243
-355
-66
83
513
492
619
977
1187
1176
953
1718
1800
1318
1547
2201
1895
1484
2256
2221
1666
1562
2246
1997
1412
1918
1925
1313
1071
1709
1369
819
1081
1130
724
325
884
675
89
189
438
120
-282
197
34
-416
-406
-129
-349
-666
-258
-361
-669
-704
-436
-719
-1020
-685
-667
-921
-1094
-698
-934
-1368
-1079
-859
-1080
-1478
-966
-972
-1529
-1391
-957
-1124
-1602
-1083
-1007
-1418
-1282
-935
-939
-1280
-959
-885
-1101
-802
-600
-737
-793
-503
-567
-600
-213
-44
-161
-204
156
284
55
258
638
648
453
679
1124
955
715
1177
1493
1152
1131
1731
1721
1310
1563
1853
1646
1530
1834
1829
1627
1738
1748
1665
1699
1728
1431
1468
1702
1345
1229
1449
1310
866
928
1107
709
486
651
500
42
110
133
-228
-280
-291
-512
-710
-666
-826
-1077
-989
-1099
-1391
-1315
-1239
-1648
-1761
-1520
-1822
-2147
-1853
-1755
-2295
-2291
-1794
-2192
-2603
-2081
-1944
-2560
-2461
-1853
-2134
-2532
-1991
-1717
-2214
-2063
-1432
-1557
-1753
-1309
-1041
-1172
-948
-497
-435
-370
7
207
351
651
849
1000
1265
1496
1669
1927
2130
2227
2410
2644
2665
2768
3082
3082
3019
3271
3370
3131
3117
3358
3247
2942
3056
3214
2816
2518
2699
2613
2129
1946
2093
1748
1136
1157
1232
641
188
273
21
-589
-712
-632
-1108
-1607
-1591
-1752
-2161
-2280
-2373
-2639
-2818
-2902
-3054
-3159
-3192
-3368
-3454
-3274
-3321
-3503
-3291
-3128
-3292
-3199
-2881
-2826
-2847
-2544
-2242
-2251
-2063
-1653
-1515
-1359
-980
-767
-607
-271
24
194
423
752
945
1090
1461
1695
1691
1941
2234
2229
2330
2601
2682
2629
2743
2941
2822
2677
2870
2888
2634
2633
2694
2488
2251
2227
2258
1992
1698
1731
1638
1263
1100
1097
858
478
356
379
79
-225
-218
-370
-690
-784
-848
-1051
-1183
-1258
-1388
-1493
-1526
-1666
-1816
-1721
-1708
-1878
-1842
-1749
-1904
-1965
-1759
-1693
-1769
-1657
-1521
-1534
-1443
-1253
-1198
-1143
-947
-800
-744
-571
-394
-381
-274
-49
63
143
279
397
473
538
631
699
742
834
860
885
996
990
944
998
1041
994
922
962
1011
900
816
856
820
718
653
680
694
541
454
537
493
297
243
332
234
21
70
151
-63
-165
-19
-65
-262
-232
-129
-255
-352
-246
-274
-412
-356
-284
-390
-432
-340
-361
-456
-414
-399
-529
-558
-465
-472
-550
-539
-505
-584
-632
-566
-586
-670
-663
-631
-659
-718
-711
-685
-735
-712
-629
-663
-696
-633
-597
-621
-598
-484
-467
-513
-347
-240
-354
-288
-83
-70
-99
85
250
143
156
451
496
397
598
783
730
728
894
1001
932
965
1171
1228
1178
1222
1331
1373
1265
1296
1509
1442
1285
1427
1498
1298
1235
1396
1350
1123
1175
1265
1047
939
1007
863
706
714
631
477
421
335
150
68
29
-183
-330
-300
-439
-661
-661
-718
-950
-998
-961
-1116
-1222
-1195
-1292
-1409
-1364
-1391
-1540
-1497
-1391
-1539
-1592
-1392
-1439
-1586
-1377
-1218
-1347
-1316
-1088
-1047
-1135
-996
-819
-859
-810
-618
-546
-480
-404
-385
-255
-155
-197
-91
124
122
37
217
389
199
174
510
489
286
543
722
478
433
678
672
499
639
793
595
531
708
637
520
597
584
511
534
540
478
433
431
378
335
389
318
195
258
247
130
180
214
103
72
139
115
31
71
109
-12
-16
90
16
-33
73
46
-61
-7
72
-1
-25
102
93
-22
73
155
13
-8
144
130
42
145
221
84
58
211
195
85
172
240
126
120
237
195
104
183
224
130
130
192
110
30
104
120
16
28
90
-9
-96
-36
-42
-155
-152
-73
-125
-213
-167
-159
-278
-301
-235
-272
-325
-285
-282
-351
-357
-319
-355
-377
-309
-312
-357
-287
-246
-310
-277
-171
-181
-213
-117
-60
-139
-109
25
7
-28
102
165
105
149
254
235
203
302
353
288
323
399
346
318
379
373
320
334
349
289
249
262
225
174
184
151
84
76
54
-28
-64
-63
-121
-191
-186
-203
-296
-341
-327
-372
-437
-446
-443
-482
-538
-555
-548
-581
-627
-615
-575
-605
-656
-610
-561
-624
-646
-551
-525
-580
-524
-407
-415
-449
-353
-265
-289
-262
-146
-91
-97
-35
69
109
118
186
278
322
357
434
513
538
555
632
716
733
758
838
877
863
890
952
951
923
965
1004
971
952
976
952
895
892
907
860
800
785
745
659
609
585
513
426
388
348
262
180
132
64
-31
-92
-133
-206
-298
-365
-413
-479
-556
-602
-631
-691
-756
-775
-781
-840
-897
-878
-873
-934
-941
-882
-895
-956
-909
-830
-865
-884
-774
-716
-768
-721
-593
-589
-625
-513
-401
-434
-413
-266
-220
-268
-184
-52
-67
-76
58
133
78
121
248
245
203
305
390
334
341
459
462
389
451
534
472
442
538
553
465
485
563
510
442
498
524
438
411
466
436
351
354
382
320
260
278
275
209
175
190
163
96
72
79
40
-19
-26
-27
-76
-116
-110
-124
-175
-196
-186
-208
-248
-251
-247
-273
-291
-279
-278
-304
-314
-302
-302
-319
-316
-298
-297
-307
-290
-265
-276
-291
-263
-232
-243
-239
-195
-182
-207
-179
-121
-127
-148
-95
-44
-63
-57
11
29
-7
29
102
97
71
124
173
149
150
216
235
196
212
269
266
237
268
303
281
269
307
320
285
273
298
293
263
262
271
246
219
219
217
188
162
155
140
114
94
82
58
29
11
-2
-19
-40
-61
-79
-95
-111
-129
-144
-155
-172
-189
-193
-194
-212
-230
-231
-233
-245
-248
-239
-244
-258
-254
-237
-241
-251
-242
-231
-233
-229
-208
-198
-203
-196
-166
-147
-143
-130
-106
-94
-88
-63
-31
-22
-18
12
46
53
59
85
105
109
129
166
180
172
185
212
218
218
236
254
250
253
274
283
270
267
274
271
260
256
255
244
233
230
228
217
198
178
164
150
130
110
100
83
56
35
23
-3
-40
-59
-67
-91
-117
-124
-133
-158
-177
-175
-180
-200
-208
-199
-207
-223
-220
-210
-217
-224
-211
-198
-200
-196
-178
-166
-164
-155
-136
-125
-121
-107
-87
-75
-64
-46
-30
-18
-8
4
19
31
41
52
65
76
82
89
100
106
107
113
124
126
122
127
133
125
117
119
117
101
92
95
87
70
69
71
59
44
46
45
28
17
21
13
-3
-4
0
-12
-23
-21
-23
-37
-43
-39
-46
-56
-53
-48
-55
-59
-57
-61
-69
-69
-65
-68
-72
-70
-70
-74
-77
-77
-80
-80
-76
-72
-68
-65
-65
-70
-68
-65
-65
-60
-50
-42
-37
-28
-20
-23
-22
-11
-5
0
11
23
25
26
34
40
41
48
61
66
73
83
88
87
90
96
96
96
102
99
93
96
100
93
93
99
96
86
89
92
78
69
76
74
57
55
59
46
29
34
38
19
9
19
12
-6
-6
4
-8
-22
-12
-6
-24
-32
-21
-26
-43
-43
-34
-44
-57
-51
-44
-55
-59
-51
-53
-66
-68
-65
-70
-79
-77
-75
-76
-81
-82
-81
-83
-87
-85
-77
-74
-77
-75
-66
-65
-71
-64
-51
-53
-58
-43
-30
-36
-37
-18
-11
-22
-16
6
4
-8
8
28
18
11
30
39
20
20
42
42
24
33
54
44
32
50
63
47
44
64
68
51
55
79
75
64
77
94
78
66
81
86
69
69
90
86
68
72
83
66
48
58
61
41
33
44
36
13
13
20
3
-13
-6
-5
-26
-34
-28
-37
-57
-59
-55
-70
-84
-77
-78
-92
-94
-85
-91
-104
-100
-92
-101
-105
-93
-89
-97
-95
-84
-84
-89
-80
-68
-71
-69
-56
-49
-51
-46
-30
-24
-24
-12
3
5
6
20
32
35
40
57
65
65
73
86
89
88
99
110
111
112
121
125
121
120
129
128
124
126
129
122
114
113
110
99
92
90
84
74
67
62
53
41
35
28
17
8
1
-9
-20
-28
-36
-46
-54
-59
-66
-74
-77
-81
-90
-96
-99
-104
-113
-114
-114
-118
-123
-118
-118
-127
-130
-123
-124
-127
-121
-109
-112
-115
-106
-100
-105
-103
-86
-79
-79
-72
-57
-58
-63
-51
-36
-38
-35
-18
-8
-13
-9
8
13
10
21
37
36
33
45
55
50
50
67
72
65
67
79
76
68
77
88
84
80
89
96
88
87
97
98
90
92
98
96
88
91
97
91
87
91
91
84
82
84
83
75
73
71
64
54
51
49
42
33
30
24
12
1
-6
-12
-20
-25
-27
-33
-42
-50
-57
-64
-71
-75
-76
-77
-82
-85
-86
-92
-97
-97
-93
-92
-89
-83
-79
-80
-80
-77
-75
-76
-74
-67
-64
-62
-56
-50
-48
-46
-38
-33
-32
-27
-19
-13
-9
-2
6
8
8
10
13
13
16
23
29
31
33
38
37
34
34
37
38
41
45
47
46
46
46
44
42
42
41
38
36
34
31
30
28
26
24
23
21
17
15
10
8
6
5
2
-3
-5
-7
-10
-12
-12
-13
-16
-20
-23
-27
-30
-31
-29
-28
-27
-26
-24
-26
-27
-25
-24
-23
-20
-15
-13
-13
-10
-6
-5
-4
1
4
5
6
11
14
16
19
23
23
23
24
27
26
28
32
33
33
34
34
31
28
28
29
28
26
28
27
22
21
20
16
13
12
12
6
4
3
0
-4
-5
-7
-12
-14
-17
-19
-23
-25
-25
-28
-30
-31
-33
-36
-38
-38
-38
-40
-40
-39
-41
-42
-41
-39
-39
-38
-34
-31
-31
-30
-27
-26
-27
-25
-21
-20
-17
-13
-10
-9
-6
-3
-2
-1
1
4
5
8
11
13
13
15
16
16
16
18
18
20
22
23
23
24
24
24
24
24
25
25
25
26
26
28
27
27
26
27
27
28
29
28
28
29
28
28
26
26
25
23
23
22
23
23
22
21
20
16
14
12
11
10
9
8
6
5
2
-1
-4
-6
-8
-8
-10
-11
-13
-13
-15
-17
-19
-21
-22
-23
-23
-23
-24
-25
-27
-28
-29
-29
-30
-29
-27
-26
-27
-27
-27
-29
-29
-29
-28
-27
-24
-23
-22
-21
-20
-20
-21
-20
-19
-17
-16
-13
-12
-9
-8
-7
-7
-7
-6
-4
-3
-1
0
2
3
5
6
6
6
6
8
10
10
12
13
14
15
15
15
14
15
17
16
17
19
18
18
20
19
19
20
19
20
19
19
19
18
18
18
17
18
17
16
16
16
14
14
11
11
10
9
8
7
7
7
6
5
4
4
3
2
0
-1
-1
-2
-2
-2
-2
-3
-3
-3
-4
-4
-5
-6
-6
-8
-7
-7
-7
-7
-7
-7
-8
-9
-9
-10
-9
-9
-10
-9
-9
-9
-9
-9
-8
-9
-9
-9
-8
-7
-7
-7
-5
-5
-5
-4
-5
-4
-3
-3
-3
-2
-2
-2
-1
-1
-1
0
-1
-1
0
-1
-1
-1
-1
-2
-1
-1
-1
-2
-3
-3
-2
-2
-3
-3
-2
-2
-2
-1
-1
-3
-2
-2
-1
-2
-2
-1
-1
-1
-1
0
0
0
0
0
1
1
0
0
1
1
2
2
2
2
2
2
3
3
3
4
3
2
2
3
2
2
2
2
2
1
2
2
1
1
1
0
0
0
0
-1
-1
-1
-1
-1
-1
-1
-1
-1
-1
-1
-1
-1
-1
0
-1
0
-1
-2
-1
-1
-1
-1
-1
0
-1
-1
-1
0
0
-1
-1
-1
-2
0
0
-1
-1
-1
0
0
0
0
1
0
0
0
1
0
0
0
0
0
0
1
0
1
0
1
1
1
1
1
0
0
0
0
0
1
1
1
1
1
1
2
1
1
1
1
1
1
1
0
1
-1
0
0
0
-1
-1
0
-2
-1
0
-2
-1
-1
-1
-2
-1
-1
-1
-2
-1
-1
-1
-1
-1
-1
0
0
0
-1
-1
-1
0
-1
0
0
1
1
0
1
1
1
1
1
0
1
1
0
0
1
1
1
1
1
2
1
1
2
1
1
0
0
0
0
0
-1
0
-1
0
-1
0
0
0
-1
-1
0
-2
-1
-1
-2
-1
-2
-2
-1
-1
-1
-2
-1
-1
-1
0
-1
-1
-1
0
0
0
1
0
0
0
0
1
1
2
1
1
1
1
1
1
1
1
2
1
1
1
2
2
1
1
1
1
1
0
0
1
0
1
0
0
0
0
0
0
0
0
-1
0
-1
0
-1
-1
-2
-2
-2
-1
0
-1
-1
-1
-1
0
0
0
-1
-2
-2
-1
-1
-2
0
0
0
0
0
0
0
0
0
1
-1
-1
0
-1
0
0
0
0
0
1
0
0
1
1
1
1
0
0
0
0
1
1
1
0
0
0
1
0
1
0
0
0
1
0
0
0
0
1
1
1
0
0
1
1
0
0
1
0
0
0
-1
0
0
0
0
-1
0
0
0
-1
1
0
0
0
0
-1
0
0
-1
-1
0
0
0
0
-1
0
0
-1
-1
0
0
0
-1
0
0
0
-1
0
0
-1
0
0
-1
1
0
-1
-1
0
0
-1
-1
0
0
0
0
0
0
0
-1
0
0
0
0
0
0
0
-1
0
1
0
0
0
1
0
0
0
0
1
0
0
1
2
0
1
0
1
0
1
1
1
1
0
1
1
0
1
0
1
-1
1
0
0
1
0
0
-1
0
0
0
0
0
-1
0
-1
-1
-1
0
-1
0
0
0
-1
0
0
0
0
0
-1
0
0
0
-1
-1
1
0
0
0
-1
0
0
1
0
0
0
0
1
0
0
1
0
1
0
1
1
1
1
0
0
1
0
1
0
1
0
0
0
-1
1
0
0
1
0
0
-1
0
0
-1
0
-1
-1
0
-1
0
0
0
-1
-1
0
-1
-1
-1
-1
-1
-1
0
0
0
0
0
0
0
0
1
0
1
0
-1
1
1
0
1
1
1
0
0
0
1
0
1
1
1
1
0
1
0
0
-1
0
0
0
-1
0
0
1
0
1
-1
-1
0
0
0
1
0
-1
-1
-1
0
0
0
0
0
-1
0
-1
0
0
0
0
-1
0
0
0
0
0
1
-1
0
-1
0
1
0
0
0
0
0
0
0
1
1
0
0
0
0
0
0
0
0
0
1
1
0
0
0
0
0
0
0
0
-1
0
0
0
-1
0
-1
-1
0
0
-1
0
0
-1
0
-1
-1
0
0
0
-1
0
-1
-1
0
0
0
0
-1
0
0
-1
0
0
0
1
0
0
0
0
0
0
1
0
0
0
0
0
1
0
0
0
1
1
0
0
0
0
0
0
0
0
1
1
1
0
0
-1
0
0
0
-1
-1
0
0
0
0
0
0
0
0
0
-1
0
0
0
0
0
0
0
0
0
0
0
1
1
1
0
-1
0
0
0
0
0
0
1
0
0
0
0
0
0
0
1
0
-1
0
0
0
0
0
0
0
0
-1
0
0
0
0
1
0
0
0
0
0
-1
1
1
0
0
0
0
1
0
0
0
0
0
0
0
0
0
0
0
0
1
0
0
0
0
0
0
1
0
0
0
0
0
0
0
0
0
0
1
0
-1
0
0
0
0
-1
0
0
0
0
0
0
-1
0
0
-1
0
0
0
-1
1
0
