SAMPLES:	12868
BITSPERSAMPLE:	16
CHANNELS:	1
SAMPLERATE:	16000
NORMALIZED:	FALSE
-4
1
1
-4
3
0
0
0
-1
-2
0
-2
0
-2
2
1
-1
4
1
4
4
5
2
6
6
5
4
9
7
3
8
5
6
2
7
1
5
2
2
2
2
0
0
3
-3
2
0
-1
-4
3
-3
-1
-2
-1
1
-6
0
-5
-3
-3
-6
-4
-1
-3
-6
0
-3
-1
-2
1
-3
4
4
1
1
6
1
3
6
0
5
3
1
-1
2
0
-2
-1
-2
-4
-2
-3
-5
-1
-1
-6
1
1
0
0
3
1
1
2
1
0
1
2
-2
0
-5
2
-3
-4
-2
-3
-4
-2
-5
-2
-2
-4
0
-4
-1
-4
0
-2
-1
-4
0
-3
-4
2
-3
-1
-2
1
-3
-1
0
-4
-1
-1
-5
-3
0
-3
-2
1
-3
1
3
2
5
5
8
2
7
12
2
7
8
3
5
5
0
4
0
-3
1
-3
-3
-7
-1
-7
-7
-5
-3
-6
-2
-1
-6
2
1
1
-1
4
3
4
6
4
2
4
2
-2
4
-3
-3
0
-3
-3
-2
-1
-1
-1
-1
3
-2
6
3
3
5
3
8
3
6
3
8
6
6
8
8
7
1
9
1
3
6
4
2
3
-2
0
1
-7
-4
-12
-7
-14
-7
-14
-21
-11
-19
-15
-19
-10
-17
-3
-18
-4
-11
0
-6
3
3
-1
11
0
17
6
16
8
20
12
12
9
14
11
8
3
8
1
-6
6
-14
-1
-8
-8
-8
-4
-7
-7
3
-3
-5
0
-2
4
3
-2
-2
1
4
-8
8
-8
4
0
1
-1
2
10
-4
9
3
13
2
15
6
10
8
7
11
8
6
-5
8
-7
3
-8
-3
-14
-8
-10
-14
-8
-10
-4
-12
3
-10
8
7
5
7
8
8
14
14
6
8
3
9
3
2
0
-1
-4
-1
-5
-12
-2
-12
-6
-12
0
-16
3
-12
-10
-2
-12
1
1
5
-9
3
0
6
10
-5
2
1
-1
2
-7
3
-9
-4
-14
-13
-8
-8
-14
-18
-12
-15
-11
-10
-10
-12
-4
-13
5
1
6
8
10
14
19
11
24
16
21
15
15
19
13
15
-4
15
-1
6
-5
3
-8
-6
-7
-3
-2
-2
-6
-4
6
-2
8
5
7
18
11
13
15
20
13
14
6
10
16
2
3
-4
2
-6
-1
-14
0
-7
-12
-2
-17
-1
-16
-25
-9
-19
-28
-18
-33
-24
-33
-46
-34
-37
-35
-39
-49
-39
-42
-51
-40
-48
-43
-45
-52
-46
-40
-32
-31
-25
-13
-8
3
11
33
22
58
44
65
77
61
81
72
61
77
44
36
36
3
6
-19
-27
-28
-54
-50
-53
-53
-37
-49
-30
-21
-23
-8
0
19
16
38
32
69
47
73
72
72
93
73
105
92
101
95
94
106
94
95
91
88
92
84
97
90
92
101
94
100
102
87
98
73
60
48
13
3
-50
-65
-121
-151
-196
-244
-263
-310
-329
-352
-358
-358
-354
-325
-317
-268
-260
-200
-170
-135
-95
-71
-45
-10
-9
-2
24
7
5
10
-24
-19
-24
-64
-46
-75
-62
-76
-59
-42
-21
12
41
83
131
169
219
262
321
340
396
422
450
469
480
491
481
477
437
421
389
336
305
236
210
142
76
43
-34
-50
-131
-143
-197
-223
-233
-279
-256
-287
-280
-268
-267
-268
-248
-247
-226
-216
-214
-197
-177
-164
-168
-144
-133
-101
-100
-56
-49
-10
11
33
58
84
90
90
120
87
106
62
54
24
-4
-42
-73
-101
-138
-148
-191
-183
-213
-226
-230
-240
-235
-233
-244
-232
-238
-243
-214
-209
-204
-170
-170
-126
-77
-58
-1
55
104
157
230
290
349
433
474
541
619
632
685
706
720
726
701
677
613
570
476
395
305
174
87
-53
-160
-259
-372
-464
-533
-610
-667
-693
-743
-748
-737
-759
-705
-679
-665
-577
-558
-469
-425
-349
-288
-202
-147
-91
-7
10
95
120
181
232
272
294
347
368
393
412
433
427
436
433
409
424
393
409
380
385
375
340
339
321
286
287
229
247
185
166
139
88
116
60
72
72
60
77
91
89
127
151
142
182
183
146
183
135
99
128
4
18
-62
-148
-176
-294
-315
-405
-467
-523
-602
-647
-726
-786
-841
-899
-953
-1004
-1058
-1078
-1126
-1124
-1106
-1110
-1049
-1032
-976
-911
-843
-795
-663
-605
-508
-368
-336
-131
-30
106
335
454
708
905
1083
1334
1512
1743
1912
2110
2212
2338
2410
2384
2425
2301
2209
2064
1794
1619
1271
955
671
259
-30
-402
-746
-1002
-1350
-1502
-1752
-1848
-1902
-1979
-1899
-1858
-1747
-1596
-1394
-1228
-982
-748
-569
-292
-136
66
265
359
583
622
728
784
770
807
755
698
611
527
358
240
48
-134
-259
-472
-586
-748
-888
-939
-1057
-1063
-1082
-1057
-976
-943
-834
-733
-632
-479
-361
-231
-76
72
151
344
413
516
701
706
887
909
972
1066
1052
1093
1105
1074
1083
1065
956
977
878
835
814
715
734
623
616
530
464
447
327
287
170
78
-69
-183
-331
-529
-596
-829
-942
-1055
-1253
-1259
-1380
-1405
-1365
-1382
-1280
-1180
-1094
-915
-765
-610
-404
-276
-106
8
116
168
179
212
93
80
-105
-244
-399
-623
-771
-942
-1092
-1187
-1300
-1314
-1334
-1277
-1131
-1059
-756
-583
-326
11
254
600
901
1241
1541
1874
2148
2427
2708
2941
3170
3354
3518
3644
3663
3644
3547
3351
3099
2719
2306
1774
1226
584
-28
-691
-1293
-1849
-2433
-2741
-3182
-3404
-3493
-3672
-3479
-3383
-3164
-2775
-2505
-2064
-1669
-1293
-893
-553
-282
-24
92
224
255
234
173
112
4
-57
-155
-213
-224
-208
-202
-140
-81
-78
-5
-52
-88
-141
-299
-470
-571
-914
-992
-1240
-1455
-1443
-1580
-1538
-1383
-1255
-960
-607
-285
230
662
1091
1655
1954
2440
2751
2994
3329
3396
3587
3596
3636
3585
3443
3438
3096
3023
2681
2355
2127
1588
1224
809
193
-109
-750
-1171
-1565
-2061
-2381
-2629
-2949
-2930
-3031
-3048
-2809
-2705
-2501
-2058
-1936
-1487
-1164
-1040
-586
-521
-330
-201
-200
-181
-164
-254
-320
-340
-502
-505
-553
-672
-639
-640
-759
-656
-843
-770
-841
-1042
-972
-1235
-1272
-1383
-1619
-1573
-1756
-1803
-1738
-1841
-1612
-1538
-1324
-1029
-696
-327
170
650
1151
1821
2322
2932
3553
4029
4622
5097
5489
5938
6188
6369
6668
6453
6574
6320
5846
5692
4787
4268
3459
2350
1568
374
-695
-1611
-2761
-3596
-4369
-5120
-5616
-5870
-6239
-6072
-5976
-5813
-5196
-4818
-4291
-3449
-3150
-2291
-1734
-1488
-698
-594
-314
62
-153
126
115
0
61
30
-11
80
64
78
243
185
265
281
153
110
-69
-421
-574
-1054
-1431
-1753
-2328
-2591
-3029
-3359
-3525
-3750
-3718
-3649
-3420
-3101
-2510
-2036
-1188
-447
430
1425
2275
3250
4127
4924
5773
6309
7029
7385
7789
8163
8014
8428
7995
7955
7697
6989
6718
5875
4957
4261
2976
2009
815
-423
-1527
-2636
-3636
-4547
-5117
-5775
-5917
-6067
-6071
-5536
-5344
-4663
-4047
-3533
-2693
-2278
-1716
-1264
-1026
-726
-709
-725
-709
-928
-1033
-1205
-1372
-1479
-1458
-1616
-1466
-1415
-1287
-1154
-941
-884
-661
-665
-666
-651
-898
-1078
-1321
-1831
-2041
-2571
-3127
-3323
-3886
-4194
-4319
-4574
-4562
-4231
-4178
-3500
-2891
-2186
-1140
-151
914
2143
3233
4381
5480
6390
7306
8146
8647
9363
9647
9933
10131
10055
9987
9644
9295
8625
7909
7067
5828
4794
3393
1849
558
-1177
-2510
-3940
-5198
-6229
-6980
-7579
-7734
-7725
-7382
-6783
-6100
-5126
-4250
-3255
-2381
-1560
-941
-430
-174
8
16
-174
-349
-621
-904
-1118
-1382
-1409
-1504
-1431
-1286
-1148
-864
-669
-398
-222
-159
-34
-180
-296
-635
-961
-1427
-2017
-2548
-3194
-3700
-4287
-4753
-5062
-5333
-5430
-5400
-5171
-4885
-4301
-3704
-2922
-1984
-1094
34
1041
2203
3172
4269
5339
6151
7216
7997
8714
9618
10046
10670
11092
11282
11490
11336
11087
10574
9874
8796
7609
6231
4470
2850
837
-1035
-2794
-4740
-6189
-7542
-8667
-9187
-9694
-9488
-9233
-8454
-7532
-6385
-5148
-3872
-2740
-1541
-755
6
426
603
623
409
68
-446
-787
-1392
-1730
-2070
-2236
-2391
-2205
-2179
-1794
-1425
-1129
-671
-317
-54
185
227
185
16
-394
-796
-1448
-2069
-2734
-3540
-4098
-4749
-5200
-5416
-5631
-5463
-5175
-4682
-3970
-3064
-2101
-930
266
1504
2718
4015
5100
6359
7343
8298
9331
9938
10693
11307
11431
12032
11840
11653
11664
10699
10226
9118
7793
6643
4901
3194
1500
-414
-2215
-3934
-5584
-7030
-8090
-9167
-9723
-9888
-10020
-9531
-8917
-8116
-6902
-5864
-4611
-3292
-2282
-1142
-438
258
663
835
809
626
281
-254
-669
-1326
-1764
-2176
-2624
-2701
-2744
-2704
-2353
-2015
-1540
-944
-551
-32
358
422
565
279
-57
-630
-1326
-2149
-2977
-3750
-4604
-5055
-5639
-5763
-5733
-5539
-4843
-4252
-3256
-2015
-916
593
1950
3332
4945
6186
7580
8890
9889
11157
11740
12555
13116
13190
13529
13059
12670
12038
10826
9756
8199
6384
4792
2643
705
-1258
-3162
-4952
-6452
-7826
-8923
-9590
-10131
-10125
-9987
-9545
-8767
-7858
-6761
-5443
-4446
-3049
-1894
-1009
70
579
1076
1501
1417
1283
1114
492
105
-497
-1127
-1518
-2089
-2291
-2514
-2513
-2404
-2283
-1889
-1666
-1343
-1190
-1071
-1057
-1376
-1642
-2196
-2734
-3305
-4141
-4676
-5272
-5677
-5938
-6206
-6034
-5665
-5234
-4494
-3556
-2514
-1132
104
1588
3243
4685
6415
7871
9451
10857
12139
13133
14240
14787
15109
15399
14866
14562
13627
12229
10884
9062
6956
4977
2462
406
-1998
-3973
-6122
-7582
-9106
-10093
-10726
-11153
-10953
-10560
-9937
-8882
-7713
-6486
-5008
-3776
-2406
-1391
-182
374
1173
1421
1662
1576
1415
1084
720
266
-254
-658
-992
-1229
-1481
-1459
-1611
-1300
-1394
-1207
-1218
-1201
-1403
-1594
-2083
-2588
-3224
-4049
-4746
-5590
-6363
-7016
-7602
-7944
-8075
-8090
-7616
-7122
-6074
-5062
-3607
-2012
-293
1661
3595
5594
7639
9563
11385
13167
14530
15846
16754
17310
17668
17266
16909
15861
14411
12912
10642
8665
6144
3573
1195
-1434
-3522
-5782
-7650
-9054
-10359
-11077
-11682
-11564
-11417
-10802
-9953
-9032
-7567
-6376
-5107
-3720
-2661
-1429
-791
-50
316
629
743
469
484
120
75
-336
-481
-526
-665
-454
-480
-383
7
-144
187
4
-129
-328
-998
-1442
-2414
-3114
-4251
-5160
-6076
-7029
-7573
-8193
-8466
-8374
-8275
-7611
-6899
-5835
-4514
-3131
-1353
222
2238
4017
5930
8033
9504
11673
13236
14468
16287
16688
17889
18168
17728
17809
16373
15433
13507
11251
9223
6346
3722
936
-1707
-4218
-6589
-8368
-10353
-11051
-12186
-12413
-12207
-12062
-10951
-10032
-8827
-7334
-5991
-4620
-3292
-2251
-1488
-676
-417
-334
-303
-714
-815
-1360
-1507
-1939
-1945
-1864
-1713
-1388
-870
-335
250
813
1137
1462
1576
1339
862
272
-807
-1803
-3007
-4360
-5474
-6686
-7665
-8168
-8769
-8730
-8640
-8027
-7115
-6026
-4724
-3135
-1339
305
2304
4009
5900
7961
9412
11194
12844
14054
15439
16451
16700
17723
17148
16844
16402
14427
13570
11378
8822
7165
3993
1942
-632
-3191
-4879
-7097
-8265
-9810
-10324
-10799
-10928
-10550
-10242
-9143
-8201
-7399
-5919
-5152
-3845
-3004
-2701
-1799
-1847
-1590
-1863
-2029
-2156
-2484
-2643
-2739
-2692
-2311
-2078
-1701
-860
-478
295
680
970
1189
1164
574
102
-826
-1893
-2948
-4377
-5599
-6485
-7535
-8335
-8421
-8809
-8297
-7721
-6965
-5560
-4169
-2569
-829
1104
2932
4703
6716
8071
9998
11210
12407
13805
14350
15287
15472
15797
15485
15104
14247
12992
11951
9809
8136
6184
3780
2112
-347
-2033
-3532
-5251
-6275
-7291
-7795
-8014
-8229
-8089
-7638
-7000
-6501
-5784
-4956
-4303
-3454
-3267
-2866
-2275
-2602
-2340
-2683
-2982
-2598
-3298
-3104
-2792
-2972
-2278
-2112
-1699
-822
-613
-203
69
169
-76
-337
-1104
-1782
-2732
-4105
-5022
-6190
-7398
-8082
-9020
-9324
-9319
-9317
-8709
-7642
-6500
-4987
-3107
-1269
1114
3099
5249
7551
9524
11375
12884
14320
15299
16271
16438
16478
16755
15384
14963
13572
11788
10868
7926
6334
4473
1865
545
-1775
-3042
-4048
-5402
-5949
-6445
-6076
-6330
-5939
-5533
-4972
-3992
-3859
-3225
-2531
-2402
-1879
-2270
-2122
-2079
-2536
-2848
-3330
-3448
-3723
-3726
-4008
-3599
-3252
-2821
-2367
-1762
-1034
-516
-80
121
172
64
-394
-1206
-1932
-3110
-4293
-5570
-6854
-8048
-9090
-9948
-10494
-10803
-10790
-10412
-9444
-8357
-6959
-4986
-3317
-682
1430
3704
6466
8537
10840
12809
14585
15967
17353
17668
18059
18273
16972
16584
14836
12875
11614
8288
6583
4063
1356
-156
-2878
-4061
-5370
-6468
-6963
-7313
-6914
-6732
-5869
-5368
-4373
-3154
-2636
-1627
-986
-505
71
-234
-210
-309
-727
-1126
-1797
-2339
-2603
-2787
-3184
-2977
-2881
-2404
-2014
-1580
-813
-329
254
258
387
314
-10
-749
-1660
-2609
-3858
-5112
-6287
-7743
-8548
-9723
-10540
-10615
-11178
-10732
-10088
-9379
-7737
-6259
-4662
-1914
-42
2526
5048
7356
9748
11954
13713
15221
16885
16904
18077
17442
16722
16375
13891
12898
10693
7755
6050
2928
915
-1279
-3747
-4973
-6653
-7351
-8414
-8345
-8217
-8019
-6949
-6771
-5193
-4143
-3425
-1830
-1484
-273
350
302
778
729
411
178
-460
-954
-1046
-1648
-1727
-1754
-1567
-1104
-869
-317
450
783
1249
1282
1266
1068
371
-536
-1619
-2744
-4315
-5683
-7227
-8318
-9471
-10446
-11005
-11225
-11049
-10645
-9826
-8417
-6823
-5099
-3044
-771
1594
4159
6264
8682
10690
12638
14326
15254
16835
16537
17508
16741
15781
15627
12836
12323
9751
7005
5869
2263
856
-1550
-3930
-5010
-6938
-7600
-8889
-8763
-8917
-8887
-7879
-7889
-6336
-5337
-4840
-3334
-2746
-1759
-1134
-1120
-550
-633
-699
-991
-1491
-1380
-1829
-1922
-1740
-1536
-844
-417
192
1281
2024
2714
3128
3458
3568
3159
2465
1434
397
-1136
-2942
-4677
-6122
-7748
-9045
-10334
-10829
-11092
-11264
-10570
-9880
-8334
-6823
-5117
-3009
-545
1650
4086
6354
8570
10680
12447
13878
15063
16126
15878
16797
15425
15214
13904
11865
10882
8099
5901
4157
1048
-502
-2839
-5082
-5869
-7888
-8236
-9368
-8886
-9343
-8398
-8069
-7291
-5766
-5316
-4012
-2999
-2446
-1350
-998
-864
-303
-511
-606
-680
-1058
-1118
-1265
-1316
-1047
-685
-207
499
1043
2156
2727
3343
3794
3965
4081
3514
2859
1665
810
-1227
-2544
-4642
-6237
-7765
-9394
-10627
-11089
-11684
-11594
-10766
-10167
-8239
-6646
-4497
-1924
439
3146
5759
8176
10427
12163
14227
15042
16095
16497
15943
16423
14792
13756
12478
10096
8760
5888
3670
1659
-967
-2893
-5163
-6648
-8060
-9106
-9807
-10338
-9700
-9847
-9167
-8107
-7381
-6065
-5152
-4379
-3043
-2444
-1667
-1254
-808
-367
-564
-252
-599
-337
-333
-795
-306
-291
234
783
876
1936
2526
3075
3662
3855
4075
4272
3595
2941
2245
920
-286
-1832
-3825
-4985
-6857
-8117
-9345
-10421
-10669
-10730
-10343
-9674
-7992
-6533
-3997
-1913
517
3711
5970
8548
10862
12573
14496
15716
15970
16946
16597
16253
15383
14016
12734
11114
8592
6571
4315
1934
-353
-3018
-4746
-6567
-7836
-9687
-10015
-10586
-10536
-10302
-10423
-9205
-8282
-7661
-6625
-5931
-4790
-3986
-3438
-3247
-2540
-2113
-2091
-1830
-2283
-1611
-1611
-1859
-1365
-1574
-477
-130
80
1370
1683
3117
3281
3888
4385
4380
4331
3543
2917
1824
511
-978
-2730
-3928
-5640
-6864
-7662
-8933
-8709
-8981
-8522
-7290
-6405
-4456
-2459
-461
2070
4324
6685
8953
10809
12584
13923
15089
15649
16088
16168
15731
15041
14040
12844
11180
9277
6998
5088
2681
143
-2147
-4397
-6027
-7759
-9462
-10231
-10980
-11042
-11182
-11127
-10397
-9665
-8587
-8069
-6910
-6037
-4924
-4111
-3917
-3229
-2387
-2328
-2087
-2339
-2319
-1794
-2269
-2427
-2365
-1803
-1541
-1112
-534
578
1543
2302
2930
3630
4248
3943
3736
3104
1961
722
-892
-2627
-3897
-5782
-7199
-8026
-8596
-9125
-8738
-8177
-6832
-5103
-3703
-1012
1296
3761
6299
8309
11017
12634
14276
15514
16364
17533
16827
17690
16650
16057
15465
13329
12507
10255
7965
6175
3431
1216
-1392
-3564
-5486
-7361
-8679
-10589
-10377
-11533
-11339
-11395
-11277
-10211
-9661
-8801
-8049
-6958
-6004
-4949
-4592
-3891
-3144
-2710
-2527
-2704
-2795
-2649
-2639
-3677
-3049
-3534
-3104
-2472
-2898
-1177
-586
141
1367
1809
2645
3194
2657
2671
1867
522
-876
-2104
-4301
-5491
-7142
-8748
-8550
-9691
-9541
-8479
-7644
-5670
-3812
-1836
1280
3677
6029
8786
10801
12951
14770
15586
17030
18000
17439
18721
17484
17450
17012
14815
14631
11865
10237
8310
5147
3443
140
-2132
-4103
-6620
-7800
-10265
-10328
-11576
-11691
-11557
-12117
-10500
-10319
-9310
-8395
-7580
-6095
-5232
-4375
-3808
-3024
-2355
-2269
-2015
-2356
-2187
-2299
-2917
-2743
-3192
-2804
-2464
-2793
-1467
-1157
-294
695
1085
1657
2551
2014
2171
1524
449
-417
-2093
-3681
-5108
-6640
-8061
-8826
-9613
-9581
-9254
-8215
-7052
-4747
-2980
-266
2163
4671
7620
9538
11881
13479
15075
16271
17201
17151
18011
17591
17232
16899
15357
15120
13007
11281
9500
7126
5098
2443
-347
-2297
-4493
-6568
-8602
-9749
-10820
-11474
-11875
-12544
-11549
-11360
-10680
-9840
-9195
-7626
-6626
-5798
-4939
-4013
-3168
-2713
-2523
-2479
-2186
-2109
-2452
-2644
-2432
-2464
-1858
-2037
-1456
-489
74
848
1417
1630
2703
2546
2112
1977
1046
331
-1057
-2761
-4293
-5358
-7269
-8475
-9393
-9980
-9838
-9620
-8846
-7092
-5301
-3118
-595
1975
4901
7472
9889
12303
14337
16007
17072
18492
18775
19107
19073
17983
18316
16539
15109
13912
11543
10038
7524
4577
2858
104
-2269
-4663
-6628
-8463
-9780
-11157
-12369
-12097
-12947
-12596
-12158
-11859
-10580
-9823
-8778
-7366
-6415
-5369
-4392
-3461
-2997
-2370
-2305
-2232
-1638
-2361
-2038
-1953
-2388
-1273
-1898
-1064
-117
-133
1029
1194
1434
2238
1735
1379
1077
-62
-950
-2278
-3900
-5404
-6486
-8266
-8970
-9685
-10427
-9573
-9309
-8116
-6375
-4770
-2099
451
2805
5312
8084
10425
12789
14164
16130
17467
18905
19121
19013
19800
18698
18561
16768
15195
14539
11945
9810
7717
4939
3352
421
-1897
-3855
-5722
-7565
-9127
-10352
-11343
-11682
-12413
-12232
-12078
-11733
-10944
-10119
-9186
-8018
-7336
-6029
-5169
-4550
-3804
-3383
-3150
-2870
-2971
-2793
-2628
-2841
-2435
-2220
-1926
-1133
-777
-48
1142
1073
1692
1991
1723
1732
674
-148
-861
-2367
-3974
-5038
-6526
-7575
-8338
-9528
-9026
-8660
-8348
-6879
-5562
-3780
-1400
278
2640
5249
6844
9048
10947
12382
14470
15381
16518
17867
18218
18552
18625
17908
17535
16393
14387
13400
10919
8979
6860
3795
2206
-233
-2710
-4326
-6668
-7884
-9158
-10752
-11595
-11888
-12183
-12158
-11609
-11388
-9979
-8725
-8086
-6431
-5682
-4276
-3259
-3167
-2539
-2460
-2280
-2579
-3116
-3174
-3160
-3089
-3154
-3162
-2066
-1564
-835
-126
568
1352
1928
1337
1298
982
-235
-1132
-2991
-4222
-5453
-7212
-8502
-9412
-10165
-10074
-10082
-9314
-7691
-6400
-4531
-2390
-239
2315
4600
6157
8636
10390
11943
13723
14296
16080
16794
17836
18105
18129
18668
17727
17605
15858
14311
13335
10615
8881
6093
3199
1901
-1394
-3393
-5794
-7788
-8716
-10670
-11809
-12896
-12729
-12910
-12978
-12352
-11708
-9847
-8761
-7807
-6192
-4704
-3201
-2370
-1846
-1181
-685
-554
-1117
-1246
-1263
-1567
-1188
-2126
-1322
-897
-773
-71
164
564
1391
1165
543
689
-403
-1171
-2385
-4251
-5229
-6268
-7965
-8721
-9699
-10076
-9368
-9292
-8308
-6752
-5176
-2890
-1012
957
3231
5659
7305
9001
10424
12069
13437
14189
14835
15992
16740
16940
17209
16763
16963
16309
14365
13530
11617
9568
7715
4275
2527
151
-2576
-4721
-7014
-8408
-9837
-11267
-12371
-12789
-12595
-12925
-12549
-11979
-10891
-9153
-8790
-6965
-5954
-4130
-2890
-2709
-1410
-938
-284
-520
-930
-822
-682
-821
-1248
-1474
-805
-561
-490
-487
103
461
617
242
-9
-33
-646
-1564
-2632
-3637
-4489
-5258
-6654
-7074
-7716
-7849
-7642
-7249
-6418
-5211
-3906
-2256
-440
1204
3263
4745
6791
8206
9584
11064
12155
13527
13983
14812
15834
16021
16507
16384
15478
16295
14435
13141
12242
9668
8844
5844
3211
1639
-898
-3365
-5645
-7909
-9044
-10591
-12277
-13369
-13082
-13360
-13311
-12640
-12153
-9944
-9038
-8034
-6270
-4945
-3260
-2584
-2098
-1220
-756
-527
-1027
-1274
-1230
-1169
-1356
-1821
-1476
-904
-691
-369
-423
137
686
401
-68
-240
-734
-1115
-2310
-3572
-4283
-5078
-6119
-7010
-7658
-7782
-7539
-7633
-6811
-5908
-4587
-2959
-1564
324
2312
4143
6109
7608
9455
11077
12225
13455
14347
15238
16137
16003
16492
16415
15981
16011
14261
13643
12402
10548
9107
6460
4373
2732
-238
-2204
-4978
-6878
-8338
-10434
-11849
-13214
-13090
-13509
-13281
-13285
-12087
-10195
-9046
-8066
-6454
-4515
-2820
-2145
-1772
-770
82
-53
-930
-813
-931
-943
-1534
-2176
-1371
-1108
-1023
-809
-577
462
606
325
395
215
-105
-699
-1823
-2773
-3629
-4779
-5882
-6751
-7674
-8116
-8193
-8254
-7708
-7005
-5886
-4185
-2913
-1008
864
2781
4871
6476
8079
10083
11411
12589
13756
14513
15712
16026
16077
16304
16271
16023
15305
13809
12926
11813
9684
7723
5250
3364
1533
-1381
-3851
-5838
-7349
-9213
-11153
-12530
-12873
-13004
-13473
-13354
-12585
-11115
-9575
-8629
-7081
-4955
-3377
-1732
-1350
-343
520
568
261
-498
-352
-1017
-1419
-2077
-2333
-1862
-1926
-2060
-1495
-1151
-394
-304
-417
25
-36
-220
-1083
-1742
-2570
-3279
-4275
-5711
-6284
-7120
-7455
-7695
-7977
-7237
-6537
-5166
-4095
-2461
-645
1227
3098
4672
6615
8210
10070
11373
12660
13948
14777
16185
16474
16517
17101
16306
16772
15401
13572
12927
10661
9310
6437
3523
2085
-370
-2553
-5576
-7382
-8223
-10014
-11399
-12880
-12660
-12366
-12738
-12645
-11885
-9862
-8711
-7917
-6295
-4547
-2411
-1473
-1197
185
649
1117
130
-571
-197
-1047
-1581
-2551
-2827
-2229
-2262
-2506
-2074
-1473
-491
-234
-199
41
481
471
-87
-946
-1716
-2066
-3104
-4435
-5360
-6113
-6564
-6782
-7482
-7047
-6084
-5168
-3999
-2994
-1142
889
2454
3863
5435
7189
8763
10008
10853
12340
13370
13961
15320
15063
16006
16117
15236
16336
14191
13312
12353
10097
9319
5848
3532
2093
-312
-2564
-5709
-7206
-8210
-9976
-12010
-13351
-12811
-13012
-13231
-13400
-12235
-9823
-8902
-7900
-6016
-3816
-1617
-1031
-554
878
1595
1430
460
-425
-356
-1166
-2469
-3530
-3937
-3382
-3898
-4053
-3513
-2584
-1255
-1170
-516
332
1138
1434
1000
676
171
-582
-1778
-3046
-4506
-5438
-6582
-7466
-8032
-8001
-7567
-6662
-5616
-4444
-2258
-447
1575
3416
5267
7217
8728
10299
11459
12775
13312
14131
14984
15387
15378
15151
15058
15322
14033
12641
11653
10395
9204
6197
3871
2564
561
-2006
-4682
-6661
-7303
-9253
-11301
-12375
-12391
-12317
-12538
-12763
-11672
-9602
-8440
-7288
-5829
-3898
-1773
-873
-345
472
1495
1654
1006
172
-189
-119
-1420
-2346
-2978
-2666
-2487
-3043
-2814
-1892
-823
-416
-170
716
1686
1886
1422
1025
750
-219
-1586
-3243
-4563
-5961
-7591
-8722
-9651
-9844
-9885
-9491
-8429
-7045
-5412
-3379
-1366
715
2919
4875
6851
8388
10049
11480
12414
13678
14047
15113
15694
15390
15975
15288
15488
14745
12936
12305
10625
9161
6905
4001
2782
364
-1916
-4600
-6504
-7388
-9583
-10969
-12255
-11905
-11790
-12457
-11921
-10585
-8514
-7430
-6826
-4770
-2804
-927
-750
-218
1114
1821
1746
611
302
507
168
-1135
-2005
-1993
-1603
-1806
-2191
-2058
-729
-176
124
208
948
1656
1420
720
162
-459
-1459
-2875
-4580
-5807
-7132
-8373
-9189
-10117
-10203
-9749
-9179
-7811
-6920
-5135
-2950
-1012
846
2079
3976
5893
7264
7906
8664
10071
10785
11801
11550
12567
13860
13437
14430
13918
14655
14821
13238
13415
12085
11072
9720
6699
6024
3487
1024
-1365
-3842
-5067
-7742
-9150
-11008
-11023
-11241
-12295
-11380
-10786
-8992
-8104
-7360
-5524
-3932
-2637
-2318
-1456
-538
-89
-298
-1066
-1318
-1066
-1785
-2578
-3338
-3445
-2856
-3265
-2972
-2853
-1637
-707
-466
278
826
1409
1406
1096
256
-394
-1287
-2849
-4258
-5715
-7115
-8261
-9429
-10106
-10579
-10403
-9583
-9010
-7665
-6117
-3943
-1963
-317
1866
3597
5985
7218
8475
9879
10988
12382
12570
13454
14036
14729
15249
14553
15233
15061
14922
14285
12836
12358
11021
9429
7451
4670
3484
952
-1380
-3954
-6152
-7085
-9183
-10124
-11549
-11189
-10840
-10902
-10143
-8994
-7534
-6171
-5228
-3853
-2457
-1310
-443
-255
747
1027
1005
862
313
301
-341
-1173
-1408
-2415
-2325
-2826
-3261
-2966
-3146
-2434
-2263
-2117
-1661
-1400
-937
-1156
-1628
-1937
-2327
-2966
-4323
-5247
-6235
-7049
-8117
-9287
-9547
-9567
-9302
-9052
-8352
-6956
-5167
-3866
-1937
63
1794
4048
5707
7741
9105
10573
12060
13123
14377
14489
15312
16251
15863
16182
15120
15087
14850
12691
11873
9870
8782
6649
3624
2376
201
-1800
-3985
-6314
-6882
-8092
-9151
-10127
-10327
-9081
-9276
-8642
-8069
-6242
-4630
-4001
-2738
-1762
303
955
977
1678
2249
2736
1773
1020
758
638
-576
-1975
-2594
-2964
-3374
-4385
-5054
-4674
-4508
-4811
-4506
-4508
-3723
-3762
-3859
-3815
-3876
-4242
-4708
-5065
-5954
-6687
-7140
-7547
-8167
-8580
-8580
-8010
-7647
-6956
-6123
-4428
-2849
-1738
50
1901
3955
5545
7046
8699
10687
11903
12819
14458
14730
16095
16165
16588
16995
16312
16154
15670
14948
13505
12073
10596
9106
7060
4448
2513
931
-1494
-3643
-5923
-6634
-7985
-9534
-10268
-10258
-9603
-9429
-9095
-8215
-6058
-4526
-3641
-2379
-659
902
1789
1955
2600
3134
3242
1873
1148
180
-186
-1795
-3841
-4325
-5544
-6013
-6870
-7906
-7676
-7203
-7520
-7046
-6810
-6021
-5455
-5318
-5323
-4957
-5050
-5194
-5416
-6485
-6528
-7054
-7777
-8029
-8671
-8188
-7914
-7602
-6890
-5745
-4045
-2459
-915
976
3376
5373
7308
9283
11121
12902
14252
14995
16006
16391
16300
16400
15667
15553
14453
13586
12850
11935
10937
9482
8572
7523
6282
4844
3117
2180
796
-701
-2394
-3934
-4270
-5626
-6564
-7476
-7319
-6858
-7117
-6904
-6162
-4684
-3644
-3045
-2352
-785
342
667
438
704
956
649
-981
-2122
-3028
-3850
-5457
-7088
-7883
-8179
-8444
-9228
-8956
-8442
-7238
-6958
-6110
-4990
-4178
-3338
-2933
-2832
-2247
-2680
-3089
-3659
-4349
-4728
-5729
-6425
-6892
-7060
-6973
-6859
-6295
-5458
-4228
-2803
-1515
490
2226
4043
5825
7528
9342
10539
11793
12718
13332
14274
13973
14463
14066
14224
14424
12974
13554
12675
12542
12380
10042
10841
9222
8441
7178
4256
4438
2054
225
-1713
-4094
-4184
-6286
-7773
-8539
-9147
-8460
-9274
-8915
-8320
-7094
-5872
-5862
-4247
-3201
-2115
-1353
-1509
-582
-735
-1218
-1676
-2782
-3165
-4295
-5687
-6390
-7214
-7621
-8249
-8292
-7973
-7637
-7039
-6429
-5268
-4442
-3861
-3105
-2565
-2167
-2158
-2556
-2546
-3078
-3572
-4310
-4700
-4747
-5192
-5186
-4976
-4295
-3307
-2648
-1521
125
1630
3056
4433
5947
7391
8560
9480
10222
11016
11534
11686
11981
11865
12135
11969
12301
12239
12095
12360
12408
12649
12259
12092
11388
11425
10063
8788
7375
5334
3948
1440
-929
-2875
-5154
-6666
-8468
-10210
-10870
-11456
-11490
-11742
-11259
-10505
-9214
-8202
-7533
-6011
-4789
-3725
-3133
-3078
-2104
-2037
-2607
-3190
-3755
-4235
-4838
-6001
-6888
-6929
-7210
-7389
-7773
-7114
-6383
-5465
-5120
-4271
-2897
-2021
-1300
-1094
-538
-31
-329
-806
-1081
-1417
-1676
-2187
-2721
-2711
-2506
-2087
-1741
-1077
-68
972
2193
3279
4531
5632
6970
7844
8886
9594
10256
11021
11127
11227
11250
11366
11257
10929
10757
10394
10561
10286
10049
9886
9315
9784
8541
8027
7367
5753
5205
2757
855
-482
-3116
-4595
-7476
-8828
-9940
-11708
-12166
-13384
-12674
-12481
-11967
-11153
-9966
-7947
-7052
-5753
-4422
-3185
-2045
-1878
-1430
-1027
-1250
-1623
-2303
-2833
-3016
-3881
-4713
-4959
-5075
-4924
-5399
-4993
-4238
-3498
-2906
-2419
-1179
-121
300
617
957
1507
1420
654
148
-63
-736
-1582
-2118
-2423
-2403
-2550
-2286
-1668
-827
2
1076
2220
3483
4432
5449
6839
7483
8053
8734
9228
9569
9623
9224
9329
9104
8773
8360
8043
8004
7777
7816
7295
7849
7215
7540
7273
6006
6311
4864
4034
2512
-32
-765
-3115
-5127
-7137
-9386
-9610
-11392
-12396
-12898
-12438
-11531
-11433
-10586
-8940
-6940
-5676
-4809
-3277
-1737
-764
-488
-716
326
-6
-623
-1592
-2249
-2496
-3370
-4457
-4980
-4874
-4703
-4602
-4558
-3296
-2358
-1177
-320
684
2067
2912
3560
3702
3910
3916
3509
2828
1873
1140
491
-422
-1342
-1708
-2071
-1915
-1902
-1502
-873
-190
940
1786
2601
3433
4134
4966
5359
5391
5515
5562
5440
5064
4546
4207
4133
3780
3838
3548
3811
4559
4821
5071
5586
5755
6597
6686
5694
5795
4906
4303
3047
348
-344
-2075
-4080
-5727
-8028
-8268
-9358
-10345
-10594
-10368
-9120
-8791
-7802
-6497
-4615
-2966
-2399
-843
424
1302
1734
1401
1960
1623
777
-274
-1259
-1785
-2976
-4266
-4948
-5002
-5052
-5170
-4861
-3789
-2436
-1291
-390
1240
2593
3946
4564
5078
5753
5677
5512
4777
4193
3413
2366
1387
561
-245
-1054
-1518
-1760
-1791
-1907
-1727
-1294
-731
-438
-316
188
420
672
408
190
43
-256
-629
-866
-1327
-1420
-1243
-975
-431
-22
953
1967
3361
4314
5242
6252
7262
7890
7585
7806
7062
6530
5334
3321
2328
533
-1364
-3007
-4750
-5353
-6257
-7303
-7335
-6994
-5950
-5587
-4862
-3457
-1770
-572
-141
825
2000
2723
2477
2006
2101
1808
791
-471
-1408
-1948
-2737
-3839
-4499
-4305
-4057
-3745
-3422
-2330
-948
523
1353
2824
3941
5073
5778
5820
6268
5840
5390
4547
3587
2268
941
-242
-1628
-2958
-4056
-4689
-5235
-5824
-6124
-5992
-5387
-5056
-5075
-4535
-3765
-3445
-3302
-3471
-3152
-2857
-3283
-3355
-3383
-3069
-2739
-2563
-1738
-524
452
1658
3115
4686
6620
7422
8815
9837
10637
11245
10302
10527
9677
8595
7416
4870
4253
2485
497
-752
-2683
-2627
-3537
-4324
-4215
-3971
-2816
-2548
-2029
-877
179
979
1154
1582
2093
1978
1633
760
500
-136
-1110
-2024
-2708
-3030
-3593
-3870
-3794
-3357
-2835
-2286
-1520
-297
671
1614
2516
3289
3847
4124
4207
3961
3543
2677
1654
856
-544
-1876
-3397
-4426
-5276
-6626
-7473
-8041
-7997
-8159
-8388
-8277
-7574
-6855
-6947
-6508
-6044
-5624
-5231
-5559
-5346
-4989
-4743
-4662
-4270
-3702
-2597
-1578
-693
907
2615
4348
6318
7855
9524
11512
12702
13879
14636
14872
15319
15030
13892
13350
11649
10387
8809
6228
5233
2860
1234
-141
-1943
-2237
-3442
-4040
-3929
-3890
-3412
-3400
-2720
-1773
-1157
-1007
-740
-126
167
-50
-613
-701
-481
-1004
-1794
-1947
-1839
-1483
-1991
-2066
-1285
-704
-226
-198
295
1428
1604
1526
1257
1534
1539
388
-449
-1344
-2061
-3163
-4770
-5881
-6741
-7710
-8671
-9489
-9785
-9993
-9823
-9782
-9399
-8567
-8004
-7291
-6611
-5736
-5152
-4641
-4273
-4035
-3601
-3513
-3446
-3416
-3180
-2763
-2239
-1644
-1007
333
1669
3117
4860
6458
8666
10199
11890
13588
14640
16130
16089
16712
16684
16117
15399
13766
12792
11049
9062
7154
5041
3680
1797
-113
-1127
-2161
-2372
-3290
-3654
-2992
-2569
-1754
-1944
-1233
72
473
544
43
595
806
-7
-1041
-1654
-1527
-2376
-3593
-4300
-4204
-4148
-4859
-5322
-4808
-4134
-3943
-4238
-3541
-2776
-2504
-2419
-2738
-2209
-2254
-2851
-3388
-3761
-4107
-4997
-5713
-6245
-6345
-7109
-7535
-7562
-7443
-7283
-7655
-7233
-6672
-6159
-6233
-5781
-5235
-4826
-4483
-4595
-4107
-3875
-3626
-3626
-3315
-2779
-2415
-1720
-1022
66
1323
2688
4124
5827
7419
9189
11037
12457
13677
14770
15871
16457
16703
16354
16094
15725
14587
13794
12163
10994
10005
8028
7275
5698
4277
3876
2172
1673
644
-355
-332
-1619
-1937
-2343
-2969
-2837
-3678
-3723
-3796
-3913
-3972
-4462
-3930
-4147
-3995
-4217
-4151
-3532
-3951
-3869
-3889
-3615
-3280
-3805
-3742
-3666
-3725
-3729
-4269
-4438
-4555
-4986
-5187
-5783
-5974
-6197
-6567
-6746
-6983
-6958
-6955
-6949
-6900
-6547
-6348
-5849
-5565
-5205
-4850
-4384
-3961
-3799
-3538
-3445
-3170
-3348
-3250
-3250
-3103
-3275
-3218
-2868
-2429
-1972
-1590
-675
389
1501
2571
3976
5304
6836
8221
9695
10791
12030
13131
14002
14723
15002
15580
15553
15722
15513
15019
14829
13892
13616
12761
11534
11007
9510
8765
7300
5673
4863
3117
1691
27
-1306
-2333
-4013
-5155
-6155
-6800
-7316
-8111
-8343
-8108
-7790
-7696
-7589
-6891
-6193
-5610
-5553
-5243
-4502
-4477
-4487
-4779
-4875
-4810
-5602
-6064
-6383
-6907
-7200
-7892
-8103
-8091
-8340
-8363
-8306
-7785
-7483
-7165
-6708
-6108
-5530
-5307
-4592
-4263
-4038
-3709
-3740
-3265
-3253
-3377
-3193
-3005
-2737
-2609
-2319
-1959
-1459
-931
-405
284
941
1648
2358
2948
3668
4473
4944
5380
5968
6461
6917
7240
7603
7922
8394
8757
9201
9713
10189
10694
11355
11975
12382
12978
13281
13580
13794
13583
13450
13252
12471
11831
10817
9890
8879
7409
6020
4593
3252
1713
41
-1193
-2656
-3934
-5065
-6334
-6900
-7839
-8388
-8709
-9048
-9051
-8970
-8959
-8798
-8585
-8445
-8069
-8303
-8301
-8299
-8340
-8531
-9053
-9205
-9378
-9407
-9931
-10109
-9866
-9794
-9710
-9614
-9069
-8376
-7927
-7334
-6661
-5661
-4720
-4118
-3285
-2399
-1530
-774
-224
445
1165
1691
2122
2504
2860
3341
3494
3602
3735
3692
3763
3665
3441
3249
2963
2806
2531
2185
2070
1779
1780
1607
1764
1855
1987
2487
2721
3463
3874
4451
5221
5927
6866
7436
8026
9002
9851
10370
10865
11413
11812
12124
11918
11834
11797
11236
10532
9790
9176
8484
7283
6282
5281
4405
3359
1849
737
-298
-1506
-2995
-4203
-5341
-6586
-7768
-8686
-9302
-10115
-10783
-11047
-10814
-10646
-10854
-10681
-9864
-9310
-9059
-9024
-8676
-7973
-8075
-8381
-8577
-8462
-8664
-9005
-9268
-9261
-8981
-9004
-8541
-7967
-7020
-6065
-5156
-3745
-2421
-1080
230
1467
2763
3788
4538
5322
5887
6189
6271
6200
5998
5694
5264
4575
4042
3442
2942
2431
1818
1511
1134
1056
740
605
626
578
664
804
956
1000
1319
1554
1983
2241
2586
3067
3555
4114
4448
4805
5284
5741
5898
6171
6125
6414
6537
6255
6441
6331
6523
6216
6151
6427
6376
6243
6102
6182
6185
5767
5331
4972
4524
3749
2802
1804
922
-265
-1641
-2926
-4325
-5320
-6644
-7827
-8710
-9581
-9963
-10493
-10730
-10679
-10438
-10023
-9687
-9062
-8481
-7584
-6976
-6542
-5854
-5488
-4887
-4874
-4787
-4539
-4569
-4562
-4869
-4722
-4637
-4546
-4359
-3913
-3309
-2694
-1844
-1028
111
843
1678
2724
3378
3992
4118
4541
4737
4530
4254
3845
3671
3150
2511
2161
1842
1390
958
705
717
702
485
604
819
1002
1184
1244
1737
1836
2015
2152
2210
2513
2381
2430
2355
2385
2512
2546
2702
2741
3258
3466
3702
4155
4580
5112
5264
5601
5954
6154
6100
5923
5829
5672
5288
4801
4413
4126
3685
3400
3067
2919
2833
2481
2374
2109
1732
1425
527
-214
-1308
-2434
-3585
-5287
-6585
-8104
-9144
-10305
-11337
-11621
-11953
-11732
-11566
-10844
-9551
-8697
-7473
-6368
-4825
-3453
-2774
-1751
-975
-149
-69
-185
75
-99
-524
-1158
-1457
-1575
-2012
-2423
-2286
-1889
-1404
-1079
-401
779
1636
2465
3238
4111
4756
4814
4951
4987
4848
4165
3205
2673
2068
1287
201
-730
-930
-1367
-1964
-2282
-2231
-1961
-1898
-1612
-1211
-527
12
344
1002
1478
1883
2174
2239
2309
2275
2237
2078
1777
1613
1668
1762
1799
2023
2530
3276
3875
4436
5156
5859
6526
6601
6745
6683
6305
5703
4749
3909
2890
2041
963
325
-128
-642
-380
-672
-101
252
414
933
844
1322
1054
255
-129
-1281
-2068
-3608
-5248
-6368
-7952
-8831
-10255
-10870
-11084
-11298
-10934
-10513
-9210
-8159
-7005
-5488
-4051
-2271
-1331
-331
776
1618
2124
1934
2251
2284
2028
1522
1000
1027
811
376
187
422
852
1085
1465
2088
2930
3612
4034
4854
5513
5820
5891
5784
5737
5357
4487
3682
2853
1950
826
-195
-982
-1785
-2392
-3038
-3269
-3232
-3378
-3271
-3025
-2559
-2235
-1995
-1661
-1371
-1223
-1197
-1185
-1316
-1518
-1863
-2010
-2235
-2436
-2567
-2616
-2217
-1819
-1283
-622
342
1290
2413
3260
4181
5064
5524
5905
5682
5569
5183
4286
3505
2490
1728
971
280
-50
-253
115
283
947
1938
2536
3686
4107
4743
5117
4747
4594
3137
2105
437
-1541
-3330
-6100
-7649
-9545
-11173
-12203
-13211
-12775
-12461
-11584
-10297
-8607
-6211
-4228
-1866
171
2203
4103
5321
6395
6806
7117
6896
6228
5553
4620
3899
2954
2102
1672
1377
1285
1527
1857
2334
3033
3859
4800
5364
5717
6248
6603
6509
5972
5483
4684
3613
2328
845
-300
-1829
-3320
-4489
-5557
-6312
-7000
-7393
-7370
-7161
-6950
-6533
-5750
-5110
-4561
-4027
-3525
-2918
-2647
-2585
-2571
-2495
-2444
-2594
-2721
-2739
-2673
-2534
-2385
-2014
-1526
-984
-408
350
1145
1937
2616
3275
3931
4301
4547
4393
4248
3706
2980
2236
1161
186
-963
-1708
-2283
-2702
-2904
-2573
-1982
-1013
253
1312
3093
4175
5626
6823
7171
8030
7526
7330
6656
4904
3824
1606
285
-1547
-3632
-4713
-6378
-6760
-7464
-7551
-6933
-6685
-5400
-4506
-2992
-1530
-660
899
1867
2803
3116
3173
3555
3294
2771
1957
1359
973
252
-294
-384
-254
-107
131
1117
2340
3216
4162
5133
6462
7153
7301
7608
7459
7059
5929
4630
3620
2033
463
-1195
-2456
-3535
-4835
-5620
-6142
-6173
-6155
-6324
-5985
-5425
-4903
-4608
-4598
-4206
-4010
-4185
-4413
-4771
-4774
-5336
-5807
-5975
-6093
-5922
-6267
-5789
-5189
-4625
-3828
-3151
-1805
-672
175
1085
2019
2888
3462
3785
4023
4117
3954
3512
3097
2707
2160
1754
1097
821
849
807
1126
1149
1819
2688
3468
4396
5006
6138
6890
7506
7836
7968
8156
7531
7119
6136
5074
3852
2168
995
-776
-2327
-3774
-5054
-5737
-6865
-7099
-7239
-7046
-6412
-5908
-4649
-3617
-2343
-1064
315
1607
2297
3228
3860
4291
4353
4104
4031
3657
3056
2433
2068
1769
1288
1103
1134
1367
1468
1476
2145
2725
3026
3216
3552
4001
3869
3608
3417
3268
2589
1419
586
-79
-929
-2202
-3344
-3942
-4555
-5472
-6027
-6141
-5876
-5980
-6140
-5761
-5217
-4913
-4931
-4718
-4442
-4354
-4652
-4789
-4849
-5116
-5456
-5951
-6045
-6019
-6028
-6022
-5792
-5180
-4327
-3368
-2405
-1117
29
1202
2214
3024
4026
4433
4534
4523
4162
3946
3286
2463
1726
903
142
-477
-894
-1185
-1369
-1707
-1306
-806
-388
149
349
1282
1928
2517
3230
3593
4469
4768
5157
5582
5835
6076
5791
5945
5692
5469
5252
4647
4407
3604
2949
2292
1520
969
5
-555
-1082
-1609
-1936
-2254
-2039
-1938
-1857
-1530
-810
-53
550
1246
1877
2631
3107
3486
3878
4107
4042
3811
3780
3656
3463
3006
2690
2591
2137
1843
1557
1450
1224
643
402
308
-46
-576
-983
-1232
-1554
-2276
-2725
-2932
-3278
-3687
-4289
-4429
-4513
-5083
-5351
-5443
-5406
-5549
-5820
-5852
-5684
-5633
-5695
-5565
-5280
-5093
-5109
-5039
-4794
-4731
-4696
-4661
-4582
-4438
-4428
-4244
-3960
-3600
-3241
-3061
-2550
-1958
-1477
-1104
-799
-227
110
361
389
445
722
517
260
93
-31
18
-197
-306
-35
114
152
124
552
1036
1250
1432
1803
2362
2800
3097
3698
4384
4885
5478
6153
7149
7833
8377
8942
9691
10251
10354
10533
10199
9865
9405
8433
7859
6460
5369
4369
2842
2123
920
100
-587
-1586
-1601
-1724
-1682
-1566
-1355
-618
-109
346
817
1487
1775
1711
1783
1705
1729
1115
222
-82
-653
-1259
-2017
-2601
-2796
-3063
-3448
-3365
-2949
-2749
-2451
-2320
-1756
-1266
-1296
-1125
-973
-920
-1255
-1827
-2069
-2362
-3065
-3864
-4435
-4568
-4989
-5593
-5608
-5570
-5414
-5533
-5276
-4426
-4174
-3932
-3600
-2895
-2427
-2622
-2545
-2507
-2680
-3299
-3916
-4208
-4682
-5324
-5730
-5909
-5943
-6215
-6160
-5659
-5097
-4660
-4066
-3174
-2227
-1406
-595
182
896
1349
1634
2094
2275
2390
2254
2153
2289
2234
2286
2298
2411
2563
2686
3041
3420
3920
4193
4518
4971
5333
5856
6142
6440
6828
7089
7469
7761
7922
8379
8580
8784
8775
8423
8501
7804
7154
6560
5407
4805
3383
2118
1196
-342
-1201
-2522
-3434
-4096
-4943
-4864
-5165
-5073
-4901
-4494
-3729
-3384
-2649
-2021
-1022
-481
-180
673
1028
1557
1481
1519
2059
1740
1516
1158
1126
1270
611
441
393
346
75
-424
-327
-245
-497
-1006
-1007
-982
-1188
-1682
-2151
-2026
-2479
-3046
-3554
-3969
-4227
-4881
-5185
-5325
-5553
-5731
-5927
-5608
-5493
-5374
-5221
-5064
-4750
-4689
-4447
-4360
-4369
-4318
-4316
-4311
-4439
-4452
-4503
-4577
-4637
-4637
-4311
-4040
-3791
-3281
-2790
-2071
-1518
-842
41
796
1538
2047
2524
3055
3478
3663
3665
3672
3728
3569
3286
3016
2938
2872
2757
2748
2896
3283
3579
3969
4491
5180
5814
6397
7096
7802
8512
9020
9516
10035
10434
10620
10547
10431
10202
9711
9028
8327
7511
6723
5671
4545
3535
2238
1286
175
-851
-1631
-2669
-3102
-3680
-4123
-4274
-4550
-4402
-4430
-4326
-3971
-3784
-3518
-3325
-3105
-2821
-2582
-2434
-2238
-2093
-2064
-1867
-1912
-2002
-2048
-2218
-2234
-2399
-2635
-2636
-2812
-2857
-2872
-2902
-2675
-2680
-2557
-2324
-2151
-1936
-1973
-1891
-1834
-1836
-1957
-2287
-2315
-2586
-2837
-3096
-3359
-3273
-3476
-3401
-3228
-3056
-2700
-2523
-2278
-1775
-1387
-1024
-790
-737
-567
-588
-719
-878
-1241
-1581
-2035
-2409
-2636
-2887
-3080
-3230
-3214
-3087
-2798
-2345
-1861
-1310
-693
-65
798
1424
1818
2252
2553
2652
2706
2562
2383
2144
1735
1494
1115
945
880
735
771
779
1198
1619
1928
2462
2922
3579
4068
4473
5115
5538
5939
6267
6489
6836
7039
7112
7194
7156
7073
6948
6724
6448
6002
5432
4700
3953
3036
1936
738
-519
-1783
-3122
-4253
-5296
-6260
-6951
-7484
-7678
-7702
-7494
-7045
-6538
-5793
-4981
-4104
-3164
-2339
-1492
-658
-41
543
988
1404
1736
1867
2074
2235
2318
2356
2449
2570
2661
2729
2823
3024
3109
3219
3310
3446
3530
3398
3338
3122
2813
2392
1831
1298
549
-237
-1023
-1889
-2580
-3334
-3960
-4476
-4932
-5152
-5360
-5346
-5320
-5270
-5123
-5004
-4799
-4715
-4727
-4776
-4899
-5058
-5282
-5515
-5861
-6154
-6336
-6547
-6625
-6642
-6488
-6183
-5839
-5291
-4602
-3817
-3039
-2218
-1304
-446
323
1000
1625
2084
2428
2607
2589
2564
2402
2131
1817
1557
1428
1238
1129
1237
1334
1599
1874
2289
2879
3398
3945
4522
5140
5700
6176
6580
7001
7335
7576
7784
8000
8198
8163
8165
8058
7966
7798
7385
7077
6597
6060
5460
4699
4100
3238
2428
1690
862
303
-284
-764
-1121
-1428
-1429
-1386
-1271
-1072
-805
-492
-126
258
506
831
1106
1271
1375
1350
1346
1321
1118
761
490
200
-156
-545
-943
-1197
-1538
-1853
-2076
-2266
-2334
-2472
-2617
-2652
-2739
-2807
-2931
-3116
-3229
-3500
-3726
-4008
-4379
-4599
-4942
-5269
-5536
-5849
-6041
-6306
-6453
-6544
-6693
-6715
-6792
-6749
-6763
-6835
-6792
-6865
-6831
-6880
-6831
-6803
-6839
-6677
-6551
-6284
-6030
-5658
-5143
-4691
-4096
-3443
-2702
-1863
-1114
-266
677
1499
2326
3096
3826
4434
4909
5361
5661
5898
5975
5927
5888
5729
5606
5420
5257
5097
4881
4855
4877
4937
5074
5196
5488
5770
6041
6354
6557
6863
7098
7263
7437
7530
7623
7610
7529
7338
7077
6794
6366
5822
5203
4584
3866
3107
2248
1409
608
-212
-1012
-1848
-2443
-2976
-3522
-3883
-4123
-4154
-4158
-4043
-3757
-3433
-3043
-2669
-2190
-1719
-1366
-1021
-748
-485
-392
-375
-424
-564
-754
-1052
-1326
-1629
-1979
-2292
-2594
-2843
-3044
-3222
-3316
-3420
-3485
-3488
-3499
-3461
-3453
-3391
-3314
-3309
-3279
-3257
-3150
-3117
-3141
-3094
-3058
-3005
-2948
-2865
-2788
-2701
-2571
-2480
-2391
-2283
-2154
-2057
-1997
-1952
-1875
-1799
-1782
-1756
-1739
-1676
-1608
-1561
-1453
-1330
-1182
-990
-772
-502
-218
43
328
670
969
1277
1575
1838
2089
2253
2479
2639
2774
2877
2899
2985
2973
2981
2964
2901
2907
2838
2793
2764
2766
2829
2862
2915
2988
3099
3211
3279
3349
3407
3442
3436
3403
3338
3283
3176
3028
2894
2678
2529
2335
2135
1914
1645
1426
1136
880
587
263
-10
-359
-660
-969
-1294
-1523
-1812
-2006
-2135
-2274
-2259
-2250
-2135
-1931
-1698
-1383
-1090
-695
-290
104
474
813
1159
1456
1706
1888
2039
2074
2083
2045
1931
1821
1627
1433
1203
945
747
526
334
165
-28
-154
-273
-363
-380
-480
-558
-623
-714
-787
-919
-1030
-1201
-1391
-1549
-1764
-1898
-2100
-2245
-2377
-2549
-2587
-2706
-2767
-2807
-2934
-2961
-3069
-3178
-3210
-3340
-3466
-3632
-3751
-3832
-3988
-4094
-4172
-4207
-4216
-4200
-4076
-3943
-3763
-3549
-3307
-2974
-2628
-2236
-1867
-1484
-1038
-663
-244
122
427
781
995
1235
1429
1572
1708
1753
1814
1848
1864
1903
1922
1947
1964
1953
1997
2074
2132
2164
2143
2132
2137
2159
2139
2066
2009
1932
1909
1896
1897
1965
2022
2105
2273
2478
2778
3100
3395
3733
4073
4403
4730
5000
5172
5290
5304
5222
5108
4908
4591
4171
3715
3273
2756
2279
1829
1396
1035
687
488
387
292
272
275
298
409
469
536
565
496
420
269
91
-180
-540
-932
-1395
-1851
-2316
-2751
-3164
-3593
-3917
-4190
-4364
-4490
-4574
-4570
-4540
-4456
-4351
-4209
-4002
-3879
-3764
-3653
-3551
-3426
-3418
-3379
-3390
-3419
-3418
-3455
-3441
-3437
-3479
-3488
-3462
-3418
-3375
-3307
-3217
-3158
-3086
-2977
-2868
-2748
-2681
-2606
-2533
-2479
-2343
-2264
-2183
-2065
-1953
-1777
-1596
-1357
-1064
-821
-516
-191
147
553
895
1234
1554
1871
2175
2410
2647
2840
2977
3067
3136
3239
3319
3360
3398
3430
3501
3589
3698
3796
3859
3954
4024
4098
4157
4154
4119
4045
3920
3777
3607
3443
3253
3020
2812
2652
2528
2394
2295
2227
2206
2205
2248
2313
2362
2415
2461
2498
2514
2551
2550
2492
2430
2326
2276
2150
1963
1821
1585
1395
1189
943
775
544
333
124
-72
-207
-393
-517
-709
-838
-969
-1140
-1228
-1425
-1592
-1749
-1970
-2134
-2334
-2510
-2696
-2926
-3092
-3240
-3382
-3477
-3608
-3706
-3745
-3803
-3769
-3739
-3683
-3592
-3534
-3396
-3268
-3120
-2978
-2856
-2728
-2610
-2482
-2355
-2288
-2205
-2136
-2092
-2002
-1978
-1875
-1823
-1795
-1715
-1653
-1535
-1460
-1387
-1306
-1250
-1153
-1067
-989
-900
-852
-772
-679
-587
-431
-287
-139
26
178
386
601
771
975
1121
1280
1454
1560
1695
1755
1828
1811
1762
1738
1643
1523
1339
1170
974
804
657
492
368
258
206
194
220
304
382
500
642
801
976
1150
1310
1439
1558
1662
1767
1891
1963
2029
2078
2128
2223
2271
2349
2394
2424
2478
2520
2587
2612
2625
2620
2585
2559
2510
2440
2373
2260
2148
2055
1932
1841
1722
1616
1500
1381
1309
1200
1121
1013
882
776
658
542
366
208
62
-133
-310
-490
-648
-806
-1017
-1161
-1310
-1443
-1538
-1700
-1787
-1884
-1974
-2027
-2116
-2150
-2206
-2278
-2331
-2376
-2414
-2469
-2564
-2641
-2737
-2859
-2964
-3097
-3212
-3333
-3474
-3571
-3660
-3719
-3765
-3819
-3793
-3774
-3706
-3618
-3519
-3349
-3211
-3013
-2830
-2614
-2362
-2168
-1931
-1723
-1506
-1263
-1074
-849
-624
-435
-211
-23
218
443
657
887
1083
1293
1467
1652
1784
1900
1976
2048
2087
2097
2100
2045
2001
1928
1828
1753
1668
1596
1555
1497
1506
1547
1596
1689
1775
1934
2075
2222
2385
2515
2681
2759
2848
2926
2923
2938
2871
2794
2714
2576
2433
2267
2128
1978
1829
1673
1544
1429
1338
1252
1167
1128
1081
1053
1045
1030
1037
1050
1037
1038
1045
1023
1024
998
963
951
866
811
737
612
515
385
244
90
-85
-248
-420
-604
-792
-972
-1155
-1332
-1495
-1642
-1773
-1903
-2021
-2094
-2161
-2218
-2274
-2319
-2340
-2363
-2396
-2425
-2428
-2472
-2506
-2533
-2568
-2587
-2628
-2643
-2622
-2633
-2592
-2532
-2480
-2388
-2296
-2178
-2058
-1926
-1776
-1611
-1456
-1302
-1142
-966
-812
-668
-537
-426
-316
-247
-194
-147
-109
-105
-118
-132
-143
-144
-166
-171
-133
-151
-122
-91
-58
7
45
120
176
242
311
386
466
541
625
700
798
878
953
1048
1141
1250
1336
1419
1510
1592
1667
1723
1782
1830
1871
1875
1888
1861
1856
1848
1809
1779
1734
1705
1666
1639
1627
1623
1626
1647
1674
1718
1758
1835
1917
1978
2058
2137
2222
2273
2326
2368
2375
2368
2308
2244
2151
2004
1871
1691
1495
1287
1065
865
611
411
183
-49
-241
-458
-649
-855
-1051
-1225
-1406
-1598
-1756
-1947
-2102
-2244
-2400
-2503
-2627
-2710
-2778
-2847
-2892
-2913
-2917
-2935
-2933
-2909
-2891
-2881
-2835
-2805
-2762
-2715
-2683
-2609
-2535
-2485
-2389
-2296
-2210
-2100
-2012
-1883
-1785
-1688
-1571
-1484
-1390
-1314
-1237
-1163
-1093
-1032
-983
-933
-884
-840
-798
-758
-707
-654
-620
-574
-499
-412
-326
-243
-142
-34
66
166
286
395
512
616
729
866
945
1069
1176
1276
1398
1490
1610
1699
1805
1897
1975
2065
2117
2186
2227
2265
2310
2335
2342
2343
2329
2322
2298
2252
2233
2180
2131
2091
2026
1999
1944
1897
1877
1837
1823
1809
1825
1820
1824
1848
1862
1885
1884
1880
1884
1860
1840
1800
1731
1660
1561
1466
1339
1182
1037
860
670
480
270
78
-136
-335
-531
-732
-910
-1093
-1261
-1420
-1568
-1713
-1842
-1962
-2093
-2196
-2300
-2397
-2484
-2557
-2620
-2689
-2736
-2780
-2806
-2832
-2851
-2842
-2834
-2800
-2770
-2703
-2631
-2566
-2471
-2411
-2308
-2223
-2144
-2045
-1971
-1864
-1782
-1697
-1588
-1500
-1384
-1277
-1168
-1055
-942
-817
-691
-556
-424
-292
-149
-26
104
245
369
497
609
728
837
914
1007
1065
1124
1171
1186
1212
1212
1192
1165
1137
1105
1074
1032
995
963
934
905
898
889
889
893
897
918
924
962
984
1001
1026
1053
1095
1130
1169
1221
1261
1310
1356
1413
1468
1515
1560
1609
1655
1690
1726
1758
1778
1784
1786
1795
1790
1780
1765
1748
1735
1704
1672
1637
1592
1544
1482
1400
1311
1206
1090
967
834
696
562
413
261
130
-17
-152
-286
-422
-539
-666
-792
-894
-1011
-1119
-1225
-1333
-1419
-1524
-1619
-1701
-1789
-1879
-1955
-2034
-2103
-2174
-2248
-2285
-2341
-2385
-2407
-2420
-2426
-2411
-2385
-2346
-2280
-2237
-2142
-2051
-1967
-1848
-1759
-1634
-1522
-1427
-1308
-1219
-1130
-1046
-982
-905
-846
-794
-741
-692
-652
-615
-582
-543
-515
-483
-437
-397
-358
-318
-255
-204
-161
-111
-61
-14
17
41
65
75
73
65
53
48
29
12
15
12
31
58
104
174
240
339
456
570
689
819
954
1090
1204
1313
1428
1515
1590
1657
1710
1747
1780
1798
1816
1822
1821
1839
1847
1862
1874
1896
1910
1916
1931
1937
1938
1929
1913
1901
1869
1817
1779
1723
1662
1596
1531
1466
1399
1319
1246
1182
1101
1030
971
891
825
749
666
608
508
430
352
246
165
74
-29
-118
-226
-315
-410
-507
-592
-675
-760
-844
-913
-985
-1041
-1103
-1164
-1217
-1284
-1347
-1416
-1503
-1583
-1690
-1791
-1897
-2003
-2103
-2204
-2283
-2364
-2417
-2461
-2489
-2497
-2505
-2486
-2463
-2421
-2359
-2296
-2233
-2163
-2074
-1998
-1917
-1836
-1742
-1643
-1562
-1461
-1358
-1265
-1175
-1077
-973
-878
-773
-666
-563
-454
-359
-253
-152
-67
34
124
212
296
383
484
572
663
752
856
962
1062
1178
1281
1391
1507
1616
1725
1826
1937
2047
2135
2215
2309
2381
2446
2489
2524
2557
2560
2570
2558
2535
2507
2473
2431
2373
2310
2239
2155
2053
1956
1852
1728
1599
1455
1319
1180
1028
893
744
595
469
328
205
83
-36
-131
-246
-338
-419
-499
-569
-645
-712
-763
-813
-860
-906
-953
-991
-1023
-1048
-1068
-1102
-1119
-1127
-1145
-1150
-1160
-1161
-1158
-1163
-1151
-1136
-1122
-1102
-1082
-1053
-1033
-1008
-980
-959
-948
-944
-931
-935
-951
-971
-995
-1032
-1075
-1123
-1163
-1219
-1281
-1327
-1377
-1415
-1446
-1462
-1484
-1495
-1492
-1473
-1451
-1424
-1383
-1321
-1264
-1194
-1109
-1018
-916
-811
-695
-577
-442
-308
-170
-53
74
205
319
425
523
616
694
755
811
864
905
929
956
971
982
1002
1005
1021
1025
1039
1068
1080
1105
1138
1165
1188
1212
1246
1275
1288
1298
1307
1296
1279
1262
1230
1196
1148
1104
1070
1021
987
950
918
882
846
816
785
749
709
670
629
576
530
476
410
351
281
224
158
92
45
-7
-54
-92
-122
-138
-159
-176
-173
-169
-163
-151
-138
-128
-118
-111
-108
-113
-132
-151
-174
-210
-255
-294
-337
-389
-440
-498
-534
-585
-627
-659
-713
-744
-771
-799
-822
-847
-852
-862
-872
-880
-878
-875
-881
-876
-879
-874
-877
-886
-889
-904
-918
-924
-937
-944
-948
-942
-934
-927
-906
-885
-857
-828
-791
-756
-727
-683
-643
-605
-572
-526
-474
-424
-374
-328
-270
-215
-150
-82
-19
49
116
185
249
313
368
412
462
497
540
574
593
633
651
687
717
749
799
836
884
940
992
1050
1097
1150
1198
1233
1267
1283
1299
1304
1295
1279
1248
1213
1169
1119
1072
1011
960
903
849
805
759
727
693
662
649
624
609
589
572
566
541
527
506
484
461
436
411
392
360
346
322
309
304
286
283
272
268
265
249
235
219
186
153
103
52
-6
-80
-152
-226
-305
-391
-474
-560
-640
-725
-807
-883
-968
-1042
-1116
-1180
-1242
-1296
-1342
-1382
-1409
-1435
-1449
-1458
-1464
-1457
-1450
-1433
-1419
-1404
-1381
-1361
-1339
-1315
-1291
-1266
-1237
-1206
-1176
-1147
-1110
-1086
-1046
-1015
-977
-928
-892
-835
-793
-736
-677
-626
-563
-500
-432
-363
-289
-214
-135
-61
17
99
178
253
328
401
471
535
596
655
711
765
820
872
919
970
1015
1059
1104
1148
1190
1224
1256
1289
1308
1325
1336
1340
1342
1341
1339
1325
1312
1309
1299
1288
1273
1264
1254
1242
1229
1216
1194
1177
1156
1125
1101
1054
1023
978
920
876
810
753
683
611
549
477
404
330
261
194
120
53
-19
-78
-149
-215
-274
-342
-397
-465
-521
-570
-622
-674
-728
-774
-819
-862
-904
-941
-974
-1014
-1034
-1062
-1085
-1101
-1127
-1128
-1147
-1153
-1158
-1174
-1167
-1170
-1163
-1154
-1153
-1138
-1132
-1124
-1110
-1094
-1077
-1056
-1033
-1009
-980
-947
-915
-875
-833
-784
-736
-691
-640
-585
-529
-476
-417
-366
-314
-260
-210
-159
-122
-84
-43
0
38
68
112
146
184
216
253
295
324
360
396
431
466
493
532
560
588
614
631
659
678
691
701
715
724
729
731
733
739
740
737
731
733
725
720
708
696
690
670
661
648
632
624
610
605
596
588
590
588
590
592
589
598
599
606
610
609
613
609
601
587
573
552
529
497
464
427
393
359
324
296
268
246
226
206
187
175
162
151
138
126
114
99
81
59
33
5
-23
-60
-101
-141
-186
-234
-285
-340
-392
-449
-502
-557
-615
-663
-713
-757
-798
-838
-871
-902
-926
-944
-969
-980
-988
-987
-995
-996
-985
-980
-964
-950
-928
-898
-869
-837
-801
-760
-715
-675
-627
-577
-536
-489
-451
-403
-366
-334
-292
-263
-234
-209
-186
-163
-141
-127
-109
-94
-80
-72
-63
-55
-46
-42
-36
-24
-15
1
16
37
57
79
103
139
167
199
235
264
301
327
351
385
402
426
448
460
481
492
508
519
525
537
545
557
564
573
583
589
602
605
608
612
612
614
615
613
611
606
602
598
585
574
562
549
537
519
504
489
472
454
432
417
394
377
357
336
317
289
269
241
212
181
149
114
82
41
2
-36
-84
-128
-179
-226
-271
-326
-369
-416
-462
-504
-547
-582
-617
-651
-675
-701
-718
-734
-744
-753
-761
-764
-768
-764
-761
-754
-743
-732
-716
-700
-686
-664
-645
-626
-603
-580
-555
-530
-503
-469
-441
-413
-381
-352
-321
-292
-263
-235
-207
-179
-152
-126
-101
-71
-45
-24
1
27
52
79
102
128
153
178
205
230
253
283
309
337
364
389
417
441
465
485
501
517
530
541
546
550
555
555
558
557
558
559
559
566
569
578
588
596
610
619
630
637
640
641
639
635
626
620
609
597
580
567
552
533
513
492
472
450
428
402
379
354
327
298
269
239
208
174
137
101
59
20
-22
-65
-106
-150
-192
-238
-286
-327
-371
-409
-450
-487
-518
-551
-576
-602
-625
-643
-663
-680
-694
-710
-719
-735
-745
-750
-759
-759
-763
-760
-756
-753
-745
-737
-726
-719
-705
-692
-680
-662
-648
-629
-613
-596
-576
-556
-532
-508
-484
-456
-427
-397
-371
-344
-319
-294
-271
-252
-230
-215
-199
-185
-168
-152
-133
-114
-93
-65
-43
-12
15
48
84
118
157
197
239
280
324
368
415
461
510
561
604
653
693
740
779
814
847
872
900
911
932
939
953
957
959
961
958
958
953
944
935
929
915
904
888
878
861
843
826
807
787
768
747
720
703
676
654
623
594
563
530
498
461
429
392
356
320
279
244
197
156
113
63
21
-35
-79
-129
-181
-231
-283
-333
-385
-436
-487
-537
-586
-634
-682
-727
-771
-815
-853
-892
-926
-959
-994
-1021
-1053
-1078
-1107
-1132
-1152
-1175
-1190
-1204
-1215
-1221
-1225
-1224
-1218
-1214
-1199
-1189
-1168
-1150
-1128
-1103
-1074
-1046
-1012
-977
-944
-902
-869
-824
-785
-745
-701
-662
-622
-578
-539
-494
-455
-412
-373
-329
-290
-246
-203
-162
-116
-76
-28
18
65
114
166
216
270
323
377
434
491
547
604
661
718
775
826
880
927
974
1015
1056
1089
1121
1148
1171
1192
1208
1224
1235
1241
1247
1250
1250
1250
1246
1245
1237
1234
1221
1213
1195
1183
1163
1140
1120
1089
1063
1029
996
961
923
883
842
798
754
709
664
615
573
520
476
422
371
322
266
216
157
104
45
-12
-71
-132
-189
-250
-305
-363
-421
-473
-531
-580
-633
-681
-728
-776
-815
-862
-896
-941
-971
-1011
-1041
-1070
-1100
-1121
-1147
-1166
-1183
-1197
-1206
-1217
-1222
-1223
-1225
-1221
-1220
-1211
-1204
-1189
-1178
-1158
-1137
-1113
-1084
-1055
-1019
-987
-946
-908
-865
-820
-778
-732
-686
-642
-592
-549
-497
-450
-399
-349
-298
-244
-193
-137
-86
-30
22
76
128
180
232
281
331
378
425
472
514
562
601
644
683
720
760
792
829
859
891
918
945
971
993
1014
1030
1048
1059
1068
1079
1080
1084
1082
1077
1070
1058
1047
1026
1009
985
963
938
908
880
847
816
781
746
711
674
637
599
562
524
486
446
407
367
324
285
240
198
156
112
71
25
-17
-62
-106
-150
-192
-234
-275
-314
-353
-391
-427
-463
-496
-530
-562
-594
-625
-654
-684
-711
-739
-766
-792
-816
-840
-862
-882
-902
-917
-932
-946
-957
-965
-971
-976
-975
-974
-969
-963
-954
-943
-930
-914
-898
-878
-858
-835
-810
-785
-758
-731
-702
-672
-641
-609
-575
-541
-505
-469
-432
-395
-358
-319
-280
-240
-201
-159
-118
-75
-31
14
59
107
153
199
247
296
343
393
440
489
536
583
629
675
719
761
802
841
876
909
939
966
987
1006
1022
1034
1042
1048
1050
1047
1041
1034
1022
1007
991
973
952
930
906
881
854
826
796
766
733
700
665
629
593
555
518
480
440
402
365
326
287
249
208
170
130
92
52
15
-24
-62
-101
-139
-176
-213
-248
-283
-317
-349
-381
-411
-441
-469
-497
-523
-550
-574
-597
-620
-641
-662
-683
-702
-721
-739
-757
-772
-788
-800
-812
-821
-829
-834
-838
-839
-839
-835
-829
-821
-811
-797
-782
-763
-744
-723
-699
-674
-649
-621
-592
-562
-531
-498
-464
-429
-391
-353
-315
-273
-232
-190
-147
-104
-60
-16
27
70
113
154
195
234
272
310
346
382
417
451
483
515
545
574
601
626
647
669
685
703
716
729
740
749
756
760
764
767
768
766
765
762
757
751
744
735
723
709
693
676
655
635
612
589
564
539
512
485
456
427
396
366
334
302
271
238
206
173
139
106
74
40
9
-22
-54
-85
-114
-144
-172
-201
-228
-256
-284
-310
-338
-364
-390
-414
-440
-461
-484
-503
-522
-540
-556
-570
-585
-597
-610
-619
-629
-637
-644
-650
-656
-660
-665
-668
-669
-670
-669
-667
-664
-658
-653
-647
-641
-633
-626
-618
-607
-596
-584
-571
-556
-539
-524
-504
-486
-466
-446
-425
-402
-378
-354
-327
-299
-271
-241
-210
-180
-147
-113
-80
-45
-9
28
64
101
138
175
211
246
280
315
347
379
409
438
466
493
519
542
562
582
600
616
630
642
653
661
671
677
683
689
693
696
698
699
698
697
692
688
682
674
665
655
645
631
618
603
588
572
555
538
520
502
482
460
437
412
387
360
332
305
276
247
217
186
156
126
94
62
30
-2
-31
-61
-92
-121
-148
-176
-202
-230
-255
-281
-306
-330
-354
-377
-399
-420
-440
-461
-479
-498
-515
-531
-548
-562
-575
-587
-598
-607
-617
-623
-628
-632
-634
-636
-635
-632
-628
-622
-614
-606
-594
-583
-570
-556
-541
-525
-508
-490
-471
-451
-430
-409
-386
-363
-338
-313
-287
-261
-234
-206
-179
-150
-122
-95
-66
-40
-12
12
39
64
90
114
139
162
186
207
229
250
269
287
303
320
335
349
363
375
387
398
409
417
426
434
440
446
451
454
458
459
462
460
460
458
456
453
448
443
436
431
422
413
404
393
382
369
357
345
331
318
305
292
279
264
251
236
221
205
189
174
157
140
124
107
91
72
57
39
21
5
-11
-27
-43
-58
-73
-90
-104
-119
-132
-147
-160
-173
-185
-195
-207
-216
-226
-233
-241
-250
-256
-264
-270
-277
-281
-287
-293
-296
-301
-303
-307
-309
-312
-316
-317
-320
-321
-322
-324
-324
-326
-326
-327
-326
-326
-326
-324
-322
-319
-315
-311
-305
-299
-292
-285
-277
-268
-258
-248
-238
-224
-214
-199
-185
-169
-152
-137
-119
-103
-84
-67
-50
-32
-15
3
20
37
53
69
86
101
116
130
145
157
169
182
193
205
214
225
234
244
254
262
272
280
290
297
304
312
317
322
327
332
335
338
340
341
343
345
346
346
345
344
342
339
335
329
324
316
308
298
287
275
265
253
239
226
212
198
184
169
153
137
120
104
89
70
55
37
20
4
-14
-28
-47
-62
-77
-95
-110
-125
-140
-156
-169
-183
-197
-207
-219
-229
-239
-248
-256
-264
-270
-276
-281
-286
-290
-294
-297
-299
-302
-302
-304
-304
-303
-302
-299
-298
-293
-290
-286
-280
-275
-268
-262
-253
-246
-238
-228
-219
-209
-199
-189
-178
-167
-155
-144
-131
-119
-106
-94
-81
-66
-53
-38
-24
-10
5
19
34
49
62
77
91
104
119
132
144
157
169
181
191
201
210
219
227
235
241
248
253
258
262
265
267
271
273
274
275
276
275
275
273
272
270
267
263
260
254
249
244
237
230
223
215
207
197
187
177
167
155
143
130
118
104
91
77
63
48
34
20
6
-9
-23
-36
-50
-64
-77
-89
-101
-113
-124
-134
-143
-153
-162
-169
-177
-185
-191
-197
-204
-209
-215
-219
-223
-227
-230
-232
-234
-237
-238
-238
-239
-240
-239
-239
-238
-237
-235
-233
-231
-229
-226
-222
-218
-213
-207
-202
-195
-189
-180
-172
-164
-154
-145
-136
-125
-115
-104
-94
-82
-71
-59
-47
-36
-24
-13
-2
9
20
29
40
48
56
64
72
79
85
91
98
102
110
115
119
124
129
134
137
142
145
150
152
155
158
160
162
162
164
165
166
166
167
168
168
169
170
170
170
170
171
170
169
169
168
169
167
167
165
164
163
160
159
155
152
148
144
139
134
129
122
117
108
102
94
86
78
69
62
51
43
34
22
14
3
-7
-17
-27
-36
-46
-56
-65
-74
-83
-92
-100
-109
-116
-125
-132
-140
-148
-155
-161
-168
-173
-179
-184
-189
-194
-198
-201
-205
-207
-209
-211
-211
-212
-213
-213
-211
-210
-210
-208
-206
-203
-202
-199
-196
-193
-189
-186
-180
-175
-170
-163
-157
-150
-143
-136
-129
-121
-113
-105
-97
-90
-80
-73
-63
-54
-45
-36
-26
-17
-7
3
13
21
32
42
52
62
71
82
92
102
113
122
134
143
153
162
172
181
190
200
207
215
222
229
235
241
248
251
257
260
264
267
270
272
271
273
272
271
270
267
265
261
257
253
248
242
235
229
221
214
205
197
187
177
167
156
146
134
122
111
99
88
75
62
47
35
20
7
-7
-22
-37
-53
-67
-81
-96
-111
-124
-138
-151
-164
-176
-189
-201
-212
-223
-234
-245
-255
-265
-274
-282
-291
-298
-305
-311
-315
-321
-325
-327
-328
-330
-330
-330
-328
-326
-322
-317
-313
-305
-299
-290
-281
-270
-261
-249
-237
-226
-214
-200
-188
-176
-162
-149
-136
-123
-110
-97
-85
-70
-58
-46
-32
-18
-7
6
19
32
45
58
71
83
94
107
118
131
141
153
164
175
187
196
206
217
226
236
244
252
260
267
273
278
284
289
291
296
299
300
303
304
302
304
302
299
296
293
288
282
277
269
264
256
248
238
230
222
210
201
190
180
167
157
146
131
121
107
95
83
71
58
45
33
19
6
-6
-17
-33
-44
-56
-70
-80
-93
-104
-115
-125
-135
-147
-154
-163
-174
-180
-189
-196
-202
-207
-214
-219
-223
-227
-232
-234
-236
-240
-240
-241
-244
-242
-242
-241
-240
-238
-234
-234
-229
-224
-222
-216
-211
-208
-200
-195
-188
-182
-174
-165
-159
-150
-140
-135
-125
-115
-107
-98
-88
-80
-71
-61
-50
-44
-34
-21
-15
-5
6
12
22
30
39
46
53
62
66
73
81
84
91
97
101
105
109
114
118
120
125
125
129
133
133
136
139
139
141
142
144
145
145
147
146
146
148
146
148
148
146
147
146
148
147
146
148
144
144
143
139
139
137
133
131
126
124
118
115
111
103
99
94
86
80
74
66
58
51
45
34
28
23
11
6
-1
-11
-18
-25
-33
-40
-48
-54
-62
-69
-74
-83
-89
-94
-102
-108
-113
-119
-124
-131
-134
-140
-144
-147
-153
-157
-158
-162
-164
-166
-166
-168
-169
-167
-168
-167
-163
-164
-161
-157
-156
-152
-149
-144
-140
-137
-130
-127
-122
-114
-111
-105
-98
-92
-87
-78
-73
-66
-58
-51
-45
-38
-30
-24
-16
-9
-3
5
11
17
24
29
36
43
46
55
58
64
71
73
77
83
87
89
94
98
100
103
108
108
112
115
115
119
119
121
123
122
125
126
124
126
126
124
126
125
123
122
121
118
116
115
111
109
107
101
98
95
89
85
81
74
71
62
59
52
45
40
33
26
19
13
5
-1
-7
-13
-22
-26
-34
-39
-44
-52
-56
-62
-68
-72
-77
-81
-84
-88
-91
-94
-98
-100
-103
-104
-106
-107
-109
-110
-109
-109
-110
-109
-108
-109
-106
-106
-104
-103
-101
-99
-97
-95
-92
-90
-87
-83
-81
-76
-74
-69
-66
-62
-57
-55
-50
-45
-41
-36
-31
-28
-21
-18
-13
-8
-3
1
6
11
15
20
23
28
32
36
40
44
48
50
55
57
61
64
67
70
74
75
78
80
81
84
85
89
91
93
93
96
97
98
99
99
99
100
99
98
98
96
96
94
93
90
89
85
82
80
76
73
68
65
61
55
52
47
41
36
31
26
21
15
9
3
-3
-10
-14
-20
-26
-31
-37
-42
-47
-53
-58
-62
-68
-72
-77
-82
-86
-88
-93
-97
-98
-104
-106
-108
-111
-113
-114
-117
-117
-118
-119
-119
-119
-119
-119
-117
-117
-114
-112
-111
-108
-106
-103
-100
-97
-93
-88
-85
-80
-77
-71
-67
-62
-56
-51
-44
-39
-33
-26
-21
-14
-9
-2
5
10
17
23
28
34
40
45
52
56
61
67
70
74
79
83
86
89
93
94
98
100
102
104
104
107
108
108
109
109
109
109
109
108
106
106
104
103
101
99
98
95
92
90
86
82
80
77
72
69
64
61
57
53
48
44
39
35
31
26
22
17
12
9
3
-1
-6
-11
-15
-20
-23
-28
-32
-35
-40
-43
-47
-51
-54
-56
-60
-63
-65
-67
-69
-70
-72
-74
-74
-76
-76
-78
-77
-77
-77
-77
-76
-76
-75
-74
-74
-73
-71
-70
-68
-67
-65
-63
-61
-59
-58
-55
-53
-51
-49
-47
-45
-42
-40
-37
-34
-33
-30
-28
-26
-22
-19
-17
-14
-12
-9
-6
-3
-2
1
4
5
8
10
12
13
17
18
19
20
22
23
24
25
26
28
29
30
31
32
33
34
36
38
39
40
42
42
44
45
46
47
48
48
48
48
49
48
49
48
48
47
49
48
47
46
45
44
43
43
42
41
39
40
38
36
35
35
32
31
30
28
27
24
23
20
20
16
15
12
10
7
4
3
-1
-4
-8
-10
-14
-16
-20
-23
-26
-28
-33
-35
-38
-42
-43
-47
-48
-51
-54
-55
-58
-59
-61
-63
-63
-66
-66
-67
-67
-67
-68
-68
-68
-67
-67
-65
-66
-64
-63
-61
-59
-58
-56
-54
-52
-50
-47
-45
-43
-41
-39
-36
-32
-31
-27
-25
-22
-20
-16
-14
-11
-7
-4
-2
1
5
6
10
12
17
19
23
26
29
32
35
38
40
44
46
49
51
53
55
57
60
61
63
64
66
67
68
70
70
71
73
72
73
72
72
72
73
70
70
69
69
67
66
64
62
61
58
57
53
52
49
46
43
41
38
33
31
26
23
19
16
11
7
3
-1
-5
-10
-14
-18
-21
-26
-29
-34
-37
-41
-45
-49
-53
-55
-60
-62
-66
-68
-71
-74
-76
-77
-80
-82
-82
-84
-85
-87
-86
-88
-87
-87
-87
-87
-85
-83
-84
-82
-80
-79
-76
-75
-73
-69
-67
-65
-61
-57
-55
-51
-49
-46
-42
-38
-35
-31
-28
-24
-21
-17
-12
-9
-5
-1
3
8
10
15
18
23
28
30
34
38
41
46
51
53
57
59
64
67
70
72
75
78
80
82
85
86
88
89
91
91
93
93
93
93
92
92
92
91
89
88
84
84
81
80
76
73
71
67
64
60
56
52
49
44
41
37
32
29
24
21
16
12
8
3
-1
-6
-9
-14
-17
-21
-25
-29
-33
-36
-41
-44
-47
-50
-53
-57
-59
-62
-64
-67
-68
-71
-72
-75
-76
-77
-78
-78
-79
-79
-80
-79
-80
-79
-78
-78
-77
-76
-74
-73
-72
-71
-69
-67
-65
-63
-61
-59
-56
-54
-52
-48
-47
-43
-41
-38
-35
-31
-29
-24
-22
-19
-15
-13
-8
-6
-2
0
5
8
11
14
17
19
21
25
26
31
32
35
37
39
41
44
45
46
48
49
51
52
54
53
55
54
56
55
56
56
57
56
56
56
54
55
53
53
51
51
49
49
47
45
43
43
40
38
37
35
33
31
29
26
25
22
20
17
16
13
10
8
6
5
2
0
-3
-4
-6
-8
-11
-12
-13
-15
-16
-18
-18
-20
-21
-22
-24
-24
-26
-26
-27
-28
-28
-29
-29
-29
-31
-29
-30
-29
-30
-30
-30
-29
-28
-28
-27
-27
-26
-25
-26
-24
-24
-22
-21
-21
-20
-18
-18
-16
-16
-14
-13
-12
-12
-11
-9
-9
-8
-7
-6
-5
-5
-4
-4
-3
-2
-3
-1
-1
0
1
0
1
2
3
3
4
5
5
7
7
8
9
10
11
11
12
13
13
13
14
15
15
15
16
16
17
17
17
17
17
17
17
18
17
17
17
17
16
17
16
16
15
15
13
14
13
13
12
10
11
10
10
9
7
6
6
6
4
4
3
2
2
1
1
0
0
0
-2
-2
-3
-3
-3
-5
-4
-5
-6
-6
-7
-7
-8
-9
-9
-10
-10
-11
-10
-12
-11
-12
-12
-12
-13
-13
-14
-12
-14
-14
-14
-14
-14
-15
-14
-15
-15
-15
-14
-15
-15
-14
-14
-14
-14
-13
-14
-14
-13
-12
-12
-11
-10
-11
-10
-9
-10
-8
-8
-7
-8
-8
-6
-6
-6
-6
-4
-4
-4
-3
-4
-2
-1
-1
0
0
1
2
2
3
4
5
6
6
7
8
8
9
9
10
11
12
13
13
14
15
14
15
15
17
17
17
16
18
18
17
18
18
17
18
18
19
18
18
18
18
17
17
18
15
16
15
15
14
13
13
11
11
10
9
9
8
7
5
5
4
3
2
1
1
-2
-2
-2
-4
-5
-5
-6
-7
-8
-8
-9
-9
-11
-11
-12
-13
-14
-13
-13
-14
-14
-15
-15
-16
-16
-15
-16
-15
-16
-16
-16
-16
-16
-16
-16
-16
-16
-15
-15
-14
-15
-14
-14
-14
-14
-12
-12
-11
-11
-11
-10
-9
-8
-8
-7
-7
-5
-5
-5
-3
-4
-1
-1
0
1
1
3
2
5
4
5
5
7
7
8
8
8
11
10
11
11
12
12
12
13
12
13
13
14
14
14
14
14
15
15
14
14
14
13
14
13
13
13
12
12
12
12
10
11
10
9
8
7
8
6
6
4
5
4
4
4
2
2
1
0
-1
-1
-1
-2
-4
-4
-4
-5
-5
-6
-6
-6
-7
-7
-8
-9
-9
-9
-9
-9
-10
-9
-10
-10
-11
-10
-11
-10
-10
-11
-10
-11
-10
-10
-10
-9
-10
-10
-9
-8
-9
-8
-8
-7
-6
-7
-6
-5
-6
-5
-4
-3
-3
-2
-2
-2
-1
-2
-1
-1
0
-1
0
1
0
2
1
2
2
3
3
2
4
3
3
3
4
3
3
4
4
3
4
4
3
5
3
4
4
3
4
3
3
3
3
3
3
4
3
3
2
3
3
2
2
3
3
2
2
3
2
2
3
2
2
2
2
1
2
1
2
1
0
1
1
2
2
1
2
1
1
1
2
1
1
1
1
1
1
2
0
0
1
1
1
1
0
1
1
1
1
1
0
1
1
1
1
2
1
1
2
1
1
1
2
1
1
1
1
0
1
1
0
1
0
0
0
-1
0
-1
-1
-2
-2
-3
-2
-2
-3
-3
-2
-3
-3
-3
-3
-2
-3
-3
-3
-3
-4
-2
-3
-2
-3
-3
-2
-2
-2
-3
-2
-1
-1
-1
-1
-1
-1
-1
-1
-1
-1
-1
-1
0
0
1
1
1
1
1
2
1
2
2
1
1
2
1
1
2
2
2
2
1
2
2
2
3
3
2
2
1
2
2
3
2
2
1
3
1
1
1
2
1
2
1
1
2
1
1
1
1
1
1
1
1
0
0
0
0
0
1
0
0
1
-1
0
-1
-2
-1
-2
-1
-2
-2
-1
-2
-2
-2
-2
-3
-2
-3
-2
-2
-2
-2
-2
-2
-3
-2
-3
-2
-2
-3
-2
-2
-2
-2
-1
-2
-3
-1
-1
-1
-1
-1
-1
-1
0
0
0
1
1
1
1
1
1
1
2
2
2
1
1
2
2
2
2
1
2
2
2
2
2
1
1
