SAMPLES:	12332
BITSPERSAMPLE:	16
CHANNELS:	1
SAMPLERATE:	16000
NORMALIZED:	FALSE
26
15
0
-5
-15
-24
-6
-13
-1
21
8
8
14
-4
-17
-6
-16
6
16
16
31
25
8
5
-6
-19
-7
-4
4
15
19
23
8
-8
-12
-19
-16
-10
3
15
15
16
15
-3
-14
-21
-22
-22
-11
6
6
5
5
9
-6
-19
-14
-15
-1
3
18
23
11
13
-5
-12
-16
-13
-8
-5
5
16
12
1
-3
-10
-13
-29
-12
14
7
5
23
11
3
-8
-28
-16
-10
-8
1
18
9
22
9
-18
-9
-6
-13
12
12
6
20
10
-2
-10
-2
-22
-8
-9
-8
5
11
-1
-6
-11
-26
-15
-22
-14
-3
15
15
20
17
1
-7
-22
-10
16
15
14
28
27
18
-4
-6
-17
-25
-14
-2
17
16
36
34
16
0
-18
-15
-42
-8
-1
2
19
19
12
-15
-14
-25
-8
-15
-26
7
14
-5
-4
-5
-1
-13
-16
4
2
2
-3
5
7
7
4
1
20
7
22
13
3
11
16
-3
-2
-9
-10
-14
-19
-13
-6
17
1
10
4
-1
6
4
-14
-11
3
10
14
-18
-8
-10
-6
-19
-26
22
7
37
14
31
32
-11
12
-21
-4
-20
0
15
2
24
11
13
-13
-9
-26
-17
13
-4
22
19
-5
7
24
13
20
18
11
45
9
-23
-21
-57
-46
-23
-37
-32
5
1
9
17
7
15
38
4
2
9
3
11
-10
0
-31
13
-21
-29
-18
-54
-22
-7
-19
-22
18
-8
12
26
9
16
3
16
20
10
5
6
-6
-1
-9
-9
-15
-5
-11
-12
-16
-23
-22
-12
-16
-45
-14
-8
-6
-9
4
8
29
35
18
0
5
-4
3
-2
-3
8
24
8
1
-15
-2
-6
-47
9
-11
-3
36
3
27
48
13
50
24
15
36
10
30
22
-6
23
3
-1
2
-8
10
3
2
-9
14
-24
-2
-6
-17
21
-22
-14
6
-21
-2
10
-9
3
23
14
16
13
34
47
21
23
20
1
-2
-31
-71
-19
-33
-54
-40
-36
-30
-14
-6
-30
-29
2
-19
-6
4
-11
7
21
10
16
11
12
8
11
13
1
33
20
27
21
28
27
18
8
-12
-13
-32
-25
-25
-11
-25
-16
-16
-23
-27
-49
-19
-32
24
20
38
40
32
44
2
3
-3
5
11
7
-6
3
-14
-17
-33
-19
-41
-40
-5
-39
-19
-20
-8
-4
-9
10
16
29
34
27
26
12
16
-6
-11
-19
-45
-7
-10
2
28
31
22
46
48
13
32
10
10
11
-21
-9
-22
-28
-39
-57
-50
-43
-45
-35
-15
8
20
47
48
33
35
17
17
1
-6
11
3
3
-12
-5
0
-2
-16
-41
-3
-26
-65
-28
-39
-17
2
22
38
68
61
49
43
47
13
-2
23
-26
16
7
-19
16
11
2
24
11
-2
22
-8
-10
9
-4
16
22
6
24
16
10
3
-12
-16
-26
-6
-18
5
27
18
49
16
15
15
-3
-6
-35
-16
-15
-5
7
28
36
57
62
50
52
28
14
-14
-45
-57
-76
-77
-101
-99
-120
-131
-154
-162
-150
-164
-135
-112
-65
-50
-23
-4
-24
-9
-12
-21
-19
-25
-18
-50
-24
-48
-35
-38
-34
-21
-45
-22
-18
-19
-8
22
13
47
60
28
26
23
-31
-8
-41
-32
-6
-31
7
35
49
53
50
61
61
51
74
74
109
121
157
192
225
260
273
296
300
311
326
316
339
338
325
317
317
265
219
188
95
89
0
-37
-86
-143
-161
-225
-267
-311
-340
-408
-425
-468
-488
-508
-519
-499
-506
-479
-466
-439
-401
-372
-346
-282
-227
-175
-132
-77
-19
-11
27
36
52
54
66
81
61
97
86
64
103
85
88
121
119
133
173
202
252
294
332
389
422
463
518
542
580
624
644
681
695
690
691
671
617
537
460
371
233
126
-35
-167
-279
-447
-539
-650
-738
-790
-847
-845
-834
-811
-743
-692
-596
-505
-419
-307
-233
-120
-50
23
104
146
168
180
168
131
95
31
-53
-132
-206
-314
-367
-453
-508
-545
-587
-608
-651
-638
-641
-624
-589
-548
-478
-419
-337
-255
-180
-75
11
95
203
310
414
564
694
812
983
1098
1230
1330
1405
1491
1519
1549
1553
1531
1491
1426
1336
1222
1095
923
771
573
349
189
-51
-249
-428
-622
-768
-925
-1070
-1189
-1280
-1358
-1402
-1412
-1394
-1354
-1273
-1152
-1026
-873
-677
-496
-279
-84
108
309
461
592
688
713
724
676
596
503
340
238
104
-46
-154
-272
-371
-449
-532
-586
-627
-625
-677
-675
-648
-654
-612
-600
-545
-502
-444
-392
-325
-260
-177
-97
-18
82
181
273
365
485
571
654
724
804
839
862
916
888
899
861
791
723
618
506
329
222
85
-64
-179
-289
-374
-449
-547
-581
-609
-619
-616
-574
-526
-462
-347
-315
-185
-79
-25
59
125
199
239
282
328
328
397
375
383
401
373
372
316
277
202
114
40
-82
-177
-283
-390
-429
-527
-608
-662
-722
-786
-850
-917
-968
-1018
-1064
-1156
-1170
-1108
-1113
-1042
-946
-794
-540
-362
-103
218
522
833
1122
1409
1717
1923
2073
2227
2286
2378
2354
2329
2254
2123
2030
1874
1723
1581
1432
1283
1088
919
734
525
319
115
-120
-361
-614
-855
-1087
-1357
-1599
-1785
-1901
-2039
-2070
-2128
-2062
-1910
-1831
-1634
-1401
-1121
-836
-596
-328
-71
58
123
178
190
209
49
-63
-195
-340
-548
-802
-904
-1178
-1345
-1521
-1736
-1747
-1838
-1906
-1821
-1818
-1708
-1595
-1514
-1329
-1193
-1033
-874
-680
-460
-296
-104
123
339
624
845
1099
1467
1758
2019
2320
2576
2837
3071
3180
3289
3388
3364
3353
3264
3115
3034
2840
2596
2376
2127
1896
1628
1378
1142
861
670
431
203
6
-241
-468
-701
-955
-1149
-1357
-1529
-1701
-1840
-1904
-1966
-1927
-1857
-1731
-1513
-1334
-1074
-777
-495
-199
-92
73
199
96
36
-152
-355
-528
-889
-1150
-1413
-1628
-1826
-2033
-2149
-2254
-2297
-2446
-2505
-2486
-2481
-2514
-2600
-2533
-2515
-2374
-2237
-2104
-1806
-1628
-1328
-1044
-683
-278
5
434
767
1134
1465
1737
2146
2559
2840
3146
3513
3872
4286
4564
4906
5289
5540
5706
5784
5854
5889
5652
5367
4955
4456
3765
3034
2317
1307
431
-615
-1525
-2311
-3282
-3993
-4614
-5151
-5483
-5886
-5833
-5714
-5566
-5116
-4796
-3980
-3288
-2651
-1779
-1038
-162
548
1115
1679
1968
2155
2110
1999
1822
1501
1209
657
192
-315
-752
-1135
-1455
-1593
-1754
-1905
-2082
-2239
-2231
-2334
-2486
-2544
-2781
-3012
-3400
-3661
-3672
-3719
-3687
-3619
-3375
-2996
-2500
-1903
-1120
-288
497
1393
2163
2858
3488
3989
4443
4784
4820
4921
5014
4994
5045
4949
5057
5260
5371
5502
5722
5913
6057
6119
6165
6155
5735
5222
4602
3726
2582
1274
148
-850
-2176
-3645
-4659
-5554
-6169
-6946
-7275
-6966
-6756
-6369
-6010
-4898
-3604
-2606
-1648
-569
634
1419
1879
2347
2835
2803
2282
1549
1052
414
-527
-1417
-2141
-2682
-3399
-3981
-4066
-3848
-3572
-3410
-3053
-2584
-2149
-1785
-1496
-1125
-1104
-1382
-1823
-2461
-2945
-3542
-4211
-4630
-5001
-5185
-5278
-5070
-4372
-3583
-2620
-1553
-362
1116
2227
3303
4394
5284
6144
6480
6781
7045
7052
6994
6674
6625
6653
6552
6653
6772
6952
7097
7201
7533
7513
7462
7089
6481
5781
4367
3073
1634
195
-1485
-3428
-5015
-6380
-7706
-8769
-9532
-9600
-9423
-9140
-8431
-7303
-5693
-4267
-2713
-1116
472
1871
2825
3702
4473
4719
4408
3797
3135
2418
1303
128
-887
-1765
-2740
-3598
-3923
-3980
-3902
-3825
-3665
-3243
-2719
-2366
-2013
-1562
-1397
-1433
-1707
-2155
-2551
-3189
-3709
-4151
-4705
-5113
-5375
-5260
-4973
-4555
-3799
-2900
-1714
-471
769
2174
3525
4838
5838
6637
7255
7710
7980
7830
7610
7343
7034
6707
6357
6127
5970
5859
5766
5911
6233
6153
6274
6060
5723
5329
4173
3264
1955
334
-1222
-3109
-4573
-6204
-7913
-9057
-9894
-10273
-10431
-10195
-9488
-8438
-7231
-5726
-4036
-2350
-575
876
2328
3635
4395
4942
5030
4746
4282
3441
2648
1744
605
-424
-1426
-2201
-2815
-3345
-3604
-3655
-3654
-3447
-3082
-2705
-2290
-1954
-1692
-1679
-1801
-2054
-2377
-2716
-3374
-3915
-4549
-5126
-5480
-5781
-5587
-5330
-4983
-4034
-2831
-1402
195
1716
3580
5288
6610
7802
8826
9786
10056
10023
9818
9449
8987
8258
7566
6874
6442
6075
5775
5826
5616
5471
5611
5350
5088
4376
3424
2726
1230
-253
-1880
-3657
-5058
-6959
-8362
-9312
-10250
-10594
-10862
-10538
-9562
-8616
-7153
-5575
-3733
-1781
-171
1661
3226
4342
5168
5399
5483
5140
4332
3587
2501
1265
-235
-1664
-2775
-3701
-4354
-5060
-5213
-5149
-5116
-4785
-4317
-3615
-2936
-2609
-2326
-2114
-2114
-2255
-2680
-3065
-3655
-4375
-5150
-5623
-5840
-6089
-6000
-5565
-4724
-3608
-2438
-907
948
2810
4626
6077
7641
9069
9998
10747
10982
11064
10968
10511
10033
9497
8848
8450
7927
7515
7281
6901
6880
6748
6249
5764
5086
4368
3386
1915
449
-1232
-2910
-4728
-6648
-8174
-9476
-10574
-11314
-11535
-11187
-10589
-9721
-8335
-6425
-4309
-2499
-526
1396
3210
4444
5131
5827
5986
5644
4735
3694
2673
1268
-512
-2033
-3156
-4180
-5191
-6049
-6230
-6145
-6088
-5960
-5472
-4656
-4084
-3675
-3371
-2998
-2753
-2881
-3083
-3421
-3695
-4120
-4679
-4945
-5124
-5075
-4787
-4322
-3418
-2248
-806
746
2437
4387
6202
7882
9288
10525
11736
12265
12372
12395
11897
11485
10583
9449
8880
7816
6981
6166
5246
5024
4374
3688
3210
2465
2070
1325
92
-735
-2108
-3324
-4784
-6381
-7410
-8632
-9385
-10055
-10366
-9891
-9361
-8512
-7120
-5571
-3473
-1674
-84
1783
3348
4570
5239
5561
5785
5606
4750
3540
2450
1189
-156
-1719
-3083
-3861
-4796
-5522
-6151
-6459
-6262
-6146
-6045
-5752
-5492
-5105
-4814
-4879
-4800
-4688
-4569
-4634
-4874
-5134
-4962
-4741
-4699
-4190
-3528
-2448
-1349
-304
1270
3103
5062
6774
8407
10118
11557
12632
13327
13831
14039
13796
13168
12571
11681
10570
9454
8148
7085
5664
4236
3246
2152
1055
-254
-1558
-2430
-3572
-4882
-6020
-7056
-7844
-8860
-9643
-9979
-10048
-9850
-9580
-8718
-7408
-5890
-4485
-2851
-1014
655
2321
3431
4493
5461
5702
5823
5373
4731
4210
3058
1934
858
-250
-1148
-2188
-3165
-3711
-4357
-4785
-5021
-5306
-5291
-5473
-5755
-5827
-5945
-6106
-6159
-6228
-6391
-6548
-6635
-6640
-6263
-6047
-5689
-4841
-4177
-2989
-1699
-189
1858
3492
5336
7364
9217
11050
12426
13710
14954
15470
15597
15453
15375
14877
13823
12551
11215
10091
8024
6046
4429
2507
649
-1736
-3662
-4864
-6729
-8344
-9681
-10624
-10944
-11897
-12197
-11705
-11165
-10246
-9470
-8103
-6175
-4686
-3241
-1658
99
1746
2743
3591
4393
5028
5064
4810
4515
4151
3835
2758
2160
1869
1024
428
-427
-1005
-1251
-2035
-2609
-2988
-3479
-4018
-4953
-5564
-5886
-6530
-7032
-7632
-7771
-7674
-7963
-7935
-7581
-6912
-6132
-5451
-4423
-2913
-1438
165
1954
3716
5536
7317
8978
10663
12104
13193
14359
15024
15396
15369
15346
15371
14683
13688
12371
11514
10083
7892
6391
4318
2522
314
-2582
-3887
-5805
-8121
-9803
-11716
-12055
-12905
-14157
-13718
-13310
-12286
-11486
-10730
-8578
-6810
-5333
-3911
-2515
-367
730
1336
1980
2527
3180
2684
2368
2128
2037
1845
898
700
585
411
202
-398
-174
-92
-507
-777
-1283
-1282
-1842
-2911
-3476
-4264
-4865
-5952
-6899
-7030
-7470
-7964
-8303
-7813
-6949
-6358
-5486
-4161
-2276
-503
1109
3090
5160
7164
8993
10427
12096
13452
14362
15525
15834
16188
16645
16481
16434
15702
14746
14395
13018
11194
9829
7917
6364
3956
873
-642
-2879
-5656
-8023
-10486
-11540
-12906
-14988
-15477
-15441
-14918
-14480
-14307
-12489
-10376
-8888
-7560
-5982
-3622
-1811
-1206
-446
575
1472
1339
771
594
874
694
-461
-629
-558
-399
-522
-1066
-289
184
25
70
-39
472
246
-829
-1248
-1818
-2885
-4204
-5409
-6160
-6977
-8246
-8918
-8849
-8552
-8343
-7799
-6312
-4646
-3066
-1245
1088
3472
5783
7718
9859
11980
13469
15165
16352
17393
18025
18460
18756
18500
18105
17204
16732
15228
13260
11995
9845
8189
5303
2630
1167
-1601
-4016
-6623
-8649
-9647
-11909
-13563
-14221
-14329
-14142
-14809
-14217
-12690
-11235
-10083
-9201
-7191
-4978
-3721
-2834
-1773
-413
427
234
96
347
436
-60
-942
-1217
-1208
-1441
-1955
-2148
-1580
-1580
-1714
-1860
-1578
-1104
-1681
-2099
-2435
-2771
-3511
-4813
-5311
-5799
-6585
-7475
-8022
-7506
-7293
-7069
-6440
-5220
-3394
-2247
-666
1606
3617
5814
7576
9396
11730
13179
14535
15998
16898
17994
18475
18461
18816
18146
17734
17203
15378
14374
12588
10611
9040
5854
3897
1935
-839
-2896
-5587
-7416
-8593
-10669
-12008
-12677
-12989
-12770
-13133
-12801
-11459
-10256
-9171
-8310
-6811
-5024
-3880
-2945
-2297
-1372
-633
-831
-1042
-1123
-1207
-1668
-2462
-3008
-3166
-3437
-3855
-3896
-3611
-3464
-3506
-3448
-2972
-2631
-2922
-3039
-3287
-3472
-4187
-5074
-5342
-5977
-6517
-7221
-7340
-6932
-6835
-6268
-5494
-4225
-2731
-1485
287
2316
4275
6216
8006
10073
11793
13506
14769
15877
17077
17639
18502
18574
18395
18315
17777
17291
15857
14398
13251
11513
9647
6728
4459
2683
-103
-2845
-5758
-7604
-9108
-11513
-13217
-13988
-14002
-13949
-14361
-13508
-11881
-10252
-8893
-7724
-5637
-3627
-2400
-1432
-642
413
915
312
-24
-389
-689
-1455
-2786
-3287
-3558
-4021
-4457
-4626
-4089
-3606
-3688
-3513
-2796
-2251
-2418
-2899
-2945
-3271
-4159
-5421
-6317
-6734
-7858
-8805
-9270
-8977
-8505
-8470
-7447
-5806
-3937
-2311
-659
1968
4442
6585
8431
10334
12490
14101
15179
15986
16920
17499
18013
18076
17625
17610
17071
16750
15837
14157
13419
12261
10839
8675
6159
4893
2972
220
-2627
-4902
-6178
-8431
-10993
-12315
-12848
-12962
-13663
-13930
-12634
-10978
-9771
-8698
-7002
-4564
-2767
-1870
-713
253
1427
1421
544
425
-190
-848
-2239
-3666
-4134
-4724
-5373
-5971
-5908
-5237
-4764
-4628
-3966
-2967
-2597
-2447
-2620
-2725
-2967
-4168
-5216
-6111
-7072
-8124
-9269
-9588
-9595
-9630
-9085
-7975
-6328
-4689
-2969
-688
2002
4429
6507
8697
10928
12790
14407
15386
16444
17371
17552
18320
18029
17829
17788
16981
17046
15605
14219
13606
11903
10600
7983
5829
4660
1958
-479
-3205
-5097
-6361
-8892
-10583
-11648
-11952
-12166
-12895
-12351
-11181
-9831
-8753
-7620
-5676
-3702
-2347
-1334
-300
852
1460
1125
871
320
-265
-1316
-2956
-3903
-4863
-5639
-6515
-7228
-6991
-6599
-6452
-6100
-5265
-4341
-3717
-3685
-3544
-3317
-3608
-4429
-5438
-6095
-6862
-7926
-8969
-9429
-9441
-9264
-8645
-7711
-6092
-4331
-2204
273
2686
5316
7710
10090
12120
13841
15343
16479
17296
17447
17884
18028
17651
17342
16652
16581
16153
14694
13979
12953
11968
10358
7763
6466
4531
2272
-465
-3223
-4543
-6583
-8694
-10414
-11349
-11205
-11771
-12085
-11329
-9941
-8374
-7527
-6153
-4169
-2412
-1151
-580
444
1451
1377
934
274
-239
-1033
-2797
-4162
-5162
-6058
-7146
-8237
-8358
-8169
-8065
-8084
-7441
-6248
-5518
-5199
-4965
-4313
-3961
-4438
-5120
-5513
-5809
-6622
-7881
-8479
-8676
-8815
-8633
-8258
-7077
-5440
-3834
-1710
642
3133
5884
8031
10268
12260
13844
15445
16147
16714
17099
17133
17333
16740
16369
16312
15691
15508
14463
13708
13360
11943
10693
8475
6868
5285
2428
56
-2766
-4562
-6413
-9070
-10473
-11418
-11508
-11864
-12077
-10863
-9372
-7703
-6530
-4910
-2720
-959
236
956
1979
2646
2404
1712
915
64
-1136
-2970
-4409
-5647
-6915
-7923
-8835
-8953
-8876
-8700
-8019
-7264
-6143
-5307
-4665
-3916
-3571
-3346
-3712
-4189
-4701
-5550
-6482
-7625
-8400
-8983
-9265
-9242
-8925
-7701
-6302
-4544
-2279
-28
2778
5486
7709
10047
12168
13806
15351
16055
16623
17187
17050
17202
16665
16394
16066
15437
15218
14283
13745
13046
11847
10715
8909
7388
5590
3102
805
-1742
-3878
-6013
-8473
-10059
-11301
-12165
-12513
-12644
-11880
-10589
-9225
-7664
-5887
-3809
-1830
-249
1130
2234
3110
3383
3012
2412
1430
427
-1184
-2914
-4516
-6175
-7146
-8477
-9245
-9406
-9230
-8620
-8189
-7303
-6202
-5255
-4556
-4260
-3981
-3977
-4442
-5191
-6177
-7068
-8087
-9103
-9918
-10298
-10352
-9879
-8989
-7689
-5771
-3736
-1229
1385
4065
6733
9109
11404
13254
14928
16193
17084
17761
18052
18466
18182
17930
17771
17109
16911
15862
14920
14279
12728
11578
9646
7807
6104
3334
1204
-1425
-3868
-5911
-8493
-10193
-11683
-12757
-13176
-13419
-12780
-11854
-10524
-8764
-7089
-4957
-2879
-1003
711
1908
2992
3548
3462
3097
2280
1380
-74
-1827
-3297
-4863
-6103
-7438
-8378
-8540
-8695
-8480
-8087
-7377
-6412
-5821
-5176
-4747
-4436
-4378
-4892
-5425
-6102
-6986
-7906
-8801
-9435
-9797
-9926
-9552
-8820
-7678
-6180
-4400
-2098
194
2692
5151
7397
9827
11650
13375
15029
15960
17108
17582
17843
18361
18026
18175
17837
17277
17085
15932
15389
14225
12762
11700
9378
7680
5474
2803
703
-2089
-4404
-6577
-8792
-10319
-11643
-12228
-12512
-12374
-11545
-10568
-8953
-7283
-5657
-3543
-1855
-238
1034
1658
2338
2411
1996
1340
134
-1012
-2287
-3876
-5208
-6533
-7415
-8093
-8571
-8593
-8440
-7868
-7336
-6660
-5938
-5380
-4752
-4535
-4397
-4492
-4924
-5351
-6034
-6766
-7455
-8120
-8526
-8701
-8716
-8293
-7667
-6560
-5134
-3605
-1526
495
2690
4971
6949
9137
11022
12710
14262
15271
16285
16896
17345
17728
17527
17541
17082
16686
16238
15094
14573
13293
12058
10701
8414
6956
4631
2469
272
-2380
-4097
-6371
-8068
-9255
-10338
-10531
-10782
-10573
-9631
-8505
-7178
-5792
-4251
-2669
-1294
-259
396
1004
1219
920
366
-578
-1423
-2526
-3793
-4844
-6048
-6752
-7318
-7860
-7753
-7806
-7377
-6890
-6536
-5867
-5564
-4950
-4761
-4842
-4778
-5201
-5489
-6109
-6860
-7363
-8016
-8462
-8806
-8776
-8415
-7902
-6989
-5746
-4098
-2243
-378
1813
4086
6328
8453
10383
12177
13951
15122
16114
17009
17406
18114
17741
17628
17445
16543
16405
15015
14183
13328
11551
10535
8350
6614
4902
2516
695
-1860
-3738
-5501
-7385
-8468
-9741
-10294
-10436
-10425
-9910
-9110
-7993
-6784
-5545
-4323
-2996
-1849
-1058
-528
-212
-124
-360
-1149
-1900
-2569
-3626
-4504
-5639
-6230
-6498
-7101
-7102
-7140
-6631
-5976
-5977
-5307
-4798
-4319
-4020
-4451
-4216
-4449
-5040
-5631
-6635
-6978
-7719
-8583
-8837
-9007
-8628
-8313
-7647
-6318
-4759
-3033
-1196
978
3499
5869
7934
10170
12232
14197
15782
16873
18204
18975
19678
19776
19574
19615
18818
18354
17092
15864
14791
12819
11373
9026
6872
5014
2340
245
-2334
-4428
-6103
-8061
-9326
-10710
-11150
-11189
-11329
-10788
-10154
-8860
-7507
-6404
-5037
-3592
-2204
-1247
-646
-127
106
-22
-679
-1502
-2146
-3170
-4290
-5336
-6254
-6755
-7437
-7902
-7759
-7581
-7241
-6965
-6451
-5843
-5355
-5082
-4952
-4764
-4854
-5117
-5611
-6029
-6649
-7170
-7707
-8208
-8217
-8223
-7951
-7319
-6482
-5158
-3640
-2010
-36
2247
4579
6798
9066
11164
13361
15344
16764
18195
19436
20225
20797
20846
20766
20582
19798
18765
17507
16026
14418
12346
10022
7912
5543
3057
771
-1638
-3701
-5490
-7281
-8682
-9681
-10346
-10603
-10604
-10545
-9973
-9080
-8175
-7051
-6175
-4956
-3713
-2871
-2173
-1748
-1217
-1105
-1393
-1803
-2324
-2673
-3469
-4310
-4990
-5679
-6079
-6717
-6974
-6995
-7077
-6917
-7001
-6731
-6439
-6469
-6346
-6460
-6403
-6502
-6852
-7030
-7251
-7341
-7726
-7825
-7744
-7551
-7062
-6634
-5712
-4510
-3258
-1833
-103
1883
3908
5921
7889
10068
12191
14054
15562
17189
18403
19400
20286
20239
20745
20423
19730
19299
17535
16566
14855
12575
10933
7996
5840
3640
897
-1066
-3726
-5546
-7091
-8732
-9557
-10601
-10618
-10696
-10614
-9806
-9203
-7793
-6908
-5914
-4589
-3587
-2449
-2123
-1624
-1229
-1235
-1409
-2245
-2554
-2948
-3697
-4426
-5229
-5596
-5889
-6267
-6437
-6283
-5957
-5829
-5633
-5305
-5017
-4801
-4954
-5182
-5212
-5583
-6099
-6496
-7054
-7354
-7870
-8451
-8474
-8425
-8133
-7603
-6905
-5713
-4171
-2781
-884
1082
3151
5346
7213
9524
11510
13290
14953
16161
17539
18490
18960
19573
19673
19718
19316
18580
17922
16702
15589
13871
12047
10156
7847
5769
3443
1100
-1314
-3680
-5468
-7290
-8879
-10145
-10993
-11170
-11309
-11119
-10449
-9339
-8215
-7154
-5825
-4570
-3297
-2610
-2021
-1392
-1263
-1383
-1924
-2239
-2583
-3393
-4175
-4812
-5272
-5610
-6035
-6219
-5885
-5649
-5413
-5046
-4673
-4200
-4056
-4040
-4077
-4299
-4593
-5239
-5663
-6180
-6935
-7592
-8324
-8615
-8663
-8800
-8451
-7767
-6692
-5296
-3784
-1762
314
2623
5016
7152
9591
11606
13388
15215
16273
17603
18109
18461
19177
18671
18776
18152
17325
17193
15562
14735
13394
11713
10638
7990
6282
4245
1762
-173
-3001
-4860
-6687
-8667
-10023
-11364
-11576
-11831
-11942
-11297
-10474
-9059
-7841
-6611
-5094
-3742
-2599
-1940
-1331
-851
-992
-1227
-1829
-2513
-3038
-4206
-4997
-5746
-6545
-6888
-7383
-7302
-6989
-6816
-6236
-5729
-5016
-4456
-4140
-3595
-3448
-3323
-3539
-3756
-3939
-4555
-5180
-5929
-6397
-6721
-7191
-7276
-6880
-6245
-5345
-4176
-2630
-532
1597
3670
5992
8204
10472
12335
14091
15643
16777
17809
18069
18785
18971
18576
18641
17696
17481
16676
15013
14555
12771
11541
9773
7019
5818
3062
863
-1399
-4267
-5463
-7987
-9592
-10716
-11918
-11747
-12383
-12075
-11371
-10389
-8876
-8084
-6499
-5260
-3906
-2719
-2421
-1500
-1229
-1294
-1671
-2318
-2777
-3522
-4466
-5464
-6103
-6638
-7028
-7291
-7062
-6826
-6475
-5947
-5537
-4719
-4444
-4142
-3843
-3933
-3963
-4474
-4796
-5248
-5925
-6597
-7430
-7648
-8040
-8126
-7924
-7559
-6399
-5403
-3876
-1910
258
2704
4937
7329
9672
11894
13726
15470
16851
17849
18675
18986
19508
19576
19237
19045
18265
17831
16923
15384
14496
12823
11388
9287
6762
5070
2613
427
-2211
-4527
-6100
-8299
-9980
-11408
-12091
-12249
-12881
-12677
-11910
-10659
-9417
-8530
-6905
-5298
-3849
-2787
-2086
-965
-392
-486
-692
-1183
-1470
-2326
-3481
-4202
-5208
-5671
-6348
-6754
-6480
-6687
-6296
-5971
-5495
-4722
-4595
-4076
-3795
-3773
-3755
-4307
-4387
-4904
-5649
-6251
-7060
-7291
-7797
-8029
-7988
-7683
-6821
-5995
-4562
-2670
-659
1679
3954
6337
8868
11180
13126
14944
16537
17832
18692
19141
19779
19935
19872
19444
18770
18571
17527
16127
14927
13338
12119
9733
7141
5276
2913
933
-2050
-4597
-6160
-8326
-10224
-12068
-12947
-13121
-13713
-13967
-13450
-12088
-10724
-9857
-8426
-6734
-4877
-3658
-2881
-1503
-653
-207
-394
-709
-745
-1388
-2344
-3228
-3984
-4552
-5183
-5727
-5735
-5638
-5606
-5328
-4942
-4532
-4046
-3801
-3562
-3357
-3604
-3819
-4116
-4751
-5257
-6070
-6844
-7294
-8009
-8383
-8589
-8345
-7719
-6989
-5726
-4097
-1929
349
2646
5269
7847
10407
12677
14582
16603
18166
19283
19931
20144
20623
20430
19879
19191
18301
17523
15870
14171
12726
11053
9107
6330
3931
2122
-22
-2576
-5217
-7096
-8506
-10405
-12143
-13085
-13082
-12988
-13406
-12854
-11590
-9953
-8665
-7832
-6020
-4151
-2879
-2034
-1189
27
541
238
-227
-333
-575
-1702
-2780
-3474
-4029
-4442
-5408
-5548
-5047
-5201
-4933
-4948
-4425
-3762
-3923
-3659
-3689
-3739
-4084
-4838
-5244
-5879
-6600
-7459
-8177
-8615
-9002
-9114
-8776
-8031
-7146
-5997
-4306
-2103
152
2413
4929
7410
9953
12043
13839
16000
17531
18707
19292
19604
20267
20103
19770
19203
18365
17863
16339
14812
13596
11909
10566
8010
5629
4133
1802
-161
-2904
-5237
-6508
-8770
-10556
-12129
-12833
-12913
-13656
-13747
-13197
-11898
-10677
-9970
-8436
-6706
-5077
-3795
-2950
-1491
-520
-136
-151
-336
-156
-770
-1654
-2371
-3249
-3466
-4356
-5007
-4797
-5053
-4809
-4930
-4688
-4106
-3926
-3646
-3831
-3732
-3798
-4519
-4946
-5735
-6399
-7154
-8250
-8740
-9215
-9307
-9105
-8640
-7620
-6403
-4761
-2545
-291
2169
4776
7462
10094
12431
14614
16664
18648
19794
20625
21215
21456
21797
21111
20591
19748
18486
17388
15225
13834
12099
9960
8151
5177
3331
1294
-1210
-2898
-5642
-7317
-8954
-10882
-11859
-13208
-13427
-13729
-13966
-13510
-12954
-11431
-10328
-9092
-7483
-6029
-4358
-3326
-2146
-1028
-560
-375
-637
-966
-1371
-2280
-3171
-4121
-5163
-5779
-6521
-6664
-6556
-6664
-6305
-5979
-5192
-4573
-4040
-3482
-3266
-2857
-3240
-3402
-3587
-4263
-4653
-5838
-6503
-6852
-7310
-7163
-7199
-6557
-5653
-4511
-2811
-968
1517
3754
6107
8576
10912
13354
15278
17220
18710
19849
20673
20809
21323
21368
20787
20277
18912
17952
16598
14530
13239
11271
9367
7130
4320
2566
447
-1758
-3857
-6190
-7737
-9651
-11349
-12476
-13389
-13679
-14322
-14639
-14039
-13197
-12031
-11010
-9657
-7953
-6615
-5187
-3937
-2335
-1134
-925
-529
-584
-708
-1037
-2106
-2539
-3461
-4706
-5363
-5890
-5656
-5865
-6155
-5903
-5628
-4827
-4646
-4075
-3561
-3486
-3275
-3837
-3600
-3711
-4423
-4932
-6022
-6375
-6924
-7367
-7299
-7294
-6705
-6226
-5038
-3321
-1354
1049
3095
5758
8337
10737
13186
15109
17196
18670
19686
20296
20598
21033
21063
20370
19674
18513
17448
16340
14280
13112
11501
9448
7715
4766
3156
1471
-1073
-3002
-5865
-7433
-9080
-11329
-12507
-13756
-13960
-14399
-15051
-14456
-13517
-12053
-10936
-9796
-7825
-6068
-4322
-3001
-1485
44
534
836
733
619
260
-711
-1531
-2572
-3514
-4408
-4957
-4840
-5109
-5318
-5231
-4841
-4206
-3975
-3704
-3099
-2898
-2870
-3363
-3389
-3409
-4157
-4869
-6086
-6532
-7072
-7766
-7989
-7963
-7343
-6741
-5620
-3954
-1800
596
2977
5629
8206
10857
12931
14836
16580
17716
18672
18714
18814
18836
18294
17914
16666
15752
14770
13451
12330
10739
9766
8413
6632
4805
2843
1648
-320
-2628
-4768
-6879
-8200
-10252
-11830
-12826
-13473
-13477
-14201
-13786
-12887
-11568
-10043
-9122
-7150
-5383
-3397
-1880
-781
852
1561
1946
1751
1371
1107
190
-1028
-2146
-3199
-4098
-4812
-5385
-5406
-5491
-5567
-5185
-4676
-4079
-3654
-3161
-2539
-2270
-2365
-2495
-2513
-2905
-3684
-4699
-5489
-6032
-7128
-7628
-7712
-7440
-6768
-6340
-4767
-2731
-467
1839
4320
7316
9832
12191
13901
15809
17383
18111
18532
18197
18308
17871
17058
16176
14838
14245
12883
11779
10540
9306
8750
6875
5568
3617
1990
834
-1706
-3572
-5870
-7606
-9103
-11179
-12269
-13425
-13681
-14056
-14492
-13724
-13022
-11520
-10228
-9127
-7065
-5280
-3486
-1858
-568
949
1808
2012
2040
1840
1504
586
-736
-1705
-2818
-3702
-4766
-5507
-5485
-5867
-5904
-5750
-5159
-4338
-4032
-3377
-2780
-2217
-1989
-2266
-2219
-2575
-3213
-4042
-4923
-5507
-6261
-6818
-6949
-6565
-5942
-5121
-3661
-1650
674
3068
5583
8535
11028
13067
15087
16713
18179
18853
18858
18788
18525
17617
16722
15657
14298
13366
11712
10698
9579
8069
7533
5626
4485
2881
803
159
-2251
-4002
-5968
-8213
-8933
-11118
-12530
-13509
-14252
-14316
-15333
-14909
-13932
-12709
-11453
-10674
-8442
-6328
-4540
-2868
-1394
568
1594
1917
2095
2242
2120
1171
-155
-1157
-1918
-3080
-4278
-4996
-5243
-5217
-5411
-5375
-4518
-3762
-3205
-2595
-1971
-1123
-932
-1080
-1109
-1388
-1691
-2409
-3337
-3647
-4224
-4751
-4910
-4818
-4020
-3446
-2387
-733
1091
3279
5383
7657
9919
11902
13420
14948
16399
16831
17404
17170
16786
16544
15270
14666
13494
12331
11304
9796
8891
7460
6400
5135
3333
2170
98
-1171
-2598
-4899
-6152
-8191
-9352
-10586
-12386
-12886
-13801
-14208
-14417
-14557
-13550
-12484
-11406
-10026
-8282
-6223
-4321
-2721
-1203
460
1548
1913
2128
2122
1960
1190
-71
-941
-1659
-2796
-3646
-4327
-4480
-4190
-4433
-4038
-3339
-2431
-1650
-1359
-658
-178
20
-293
-717
-868
-1426
-2227
-3203
-3632
-4177
-4692
-4852
-4854
-4117
-3561
-2651
-1083
549
2604
4394
6366
8536
10176
11722
12864
13912
14570
14732
14576
14225
13877
13022
12284
11629
10739
10247
9253
8565
8113
6898
6460
5253
3957
2986
957
-97
-1815
-3888
-5123
-7409
-8563
-10042
-11887
-12494
-13739
-13902
-14136
-14174
-13115
-12147
-10464
-9046
-7153
-4862
-2968
-1162
120
1452
2463
2666
2462
2107
1604
656
-753
-1908
-2829
-3810
-4661
-5307
-5340
-4965
-4852
-4348
-3452
-2515
-1594
-1154
-583
-50
-39
-279
-756
-1050
-1632
-2458
-3180
-3749
-4119
-4458
-4504
-4186
-3382
-2658
-1624
57
1750
3555
5192
6925
8807
10145
11136
11958
12715
13073
12746
12477
12056
11707
10956
10118
9926
9245
9029
8478
7919
8245
7285
6777
6243
4877
4396
2396
827
-401
-2758
-4249
-6526
-8261
-9503
-11524
-12474
-13253
-13524
-13364
-13340
-12111
-10718
-9056
-7233
-5589
-3119
-1284
96
1362
2046
2993
2870
2278
1646
667
-139
-1783
-3135
-4007
-5043
-5645
-6432
-6657
-6088
-5841
-5234
-4477
-3473
-2282
-1625
-785
-211
322
625
302
261
-122
-548
-1076
-1829
-2108
-2483
-2665
-2548
-2183
-1523
-711
371
1588
3129
4413
5683
7089
8042
9019
9498
9900
10199
9966
9661
9210
8827
8371
7866
7508
7492
7129
7020
7012
6823
7180
6439
6084
5673
4537
3987
2022
672
-590
-2916
-4325
-6665
-8304
-9389
-11234
-11953
-12676
-12659
-12155
-11876
-10474
-8881
-6896
-5045
-3332
-1082
740
2148
2954
3649
4182
4062
3333
2337
1542
347
-1121
-2569
-3770
-4512
-5498
-6388
-6482
-6304
-5872
-5367
-4632
-3307
-2150
-1244
-273
608
1469
1708
1539
1661
1153
719
-90
-938
-1226
-2040
-2192
-2247
-2139
-1479
-996
102
1233
2389
3599
4699
5837
6677
7359
7728
8046
7950
7549
7306
6683
6214
5709
5155
5036
4896
4787
4863
5080
5297
5639
5363
5263
5413
4503
3984
2669
1224
391
-1884
-3605
-5390
-7364
-8501
-10456
-11583
-12137
-12528
-12203
-12033
-10844
-9151
-7311
-5391
-3405
-939
1078
2813
4124
5148
6069
6020
5506
4974
3948
2754
1016
-684
-1939
-3467
-4749
-5855
-6365
-6329
-6351
-5963
-5038
-3707
-2407
-1371
-83
1151
2173
2531
2560
2797
2355
1694
556
-497
-1088
-2227
-3055
-3513
-3760
-3404
-3080
-2428
-1060
232
1503
2961
4135
5542
6498
6955
7569
7444
7451
6979
6119
5884
4951
4522
3990
3481
3891
3508
3851
4178
4419
5019
4710
5094
4827
4407
3834
2271
1642
106
-1633
-3196
-5124
-6214
-7838
-9225
-9883
-10540
-10200
-10165
-9544
-8043
-6734
-4762
-3284
-1297
815
2212
3705
4370
5310
5465
4925
4519
3240
2390
759
-964
-2232
-3791
-4742
-5771
-6394
-6284
-6076
-5491
-4563
-3399
-1833
-398
788
2113
3152
3786
4143
4007
3757
3114
1958
882
-405
-1604
-2731
-3942
-4457
-4893
-5107
-4718
-4260
-3194
-2125
-1092
326
1547
2738
3695
4275
4966
5225
5248
5173
4852
4909
4529
4311
4383
4296
4760
4845
5210
5732
6055
6467
6293
6404
6046
5432
4592
3057
2094
393
-1412
-2960
-5074
-6124
-7612
-9061
-9500
-10150
-9769
-9579
-9031
-7592
-6246
-4437
-3059
-1375
549
1999
3036
3721
4479
4549
4204
3422
2515
1811
363
-1093
-2185
-3034
-3722
-4392
-4707
-4307
-3570
-3006
-2097
-875
582
1760
2552
3487
4196
4513
4319
3857
3442
2437
1207
-53
-1261
-2449
-3781
-4744
-5380
-5575
-5984
-5915
-5128
-4461
-3414
-2670
-1490
15
921
1726
2414
3286
3689
3755
3585
3714
4048
3639
3747
3725
4069
4735
4597
5298
5948
6415
7200
7100
7301
7662
6830
6354
5217
3591
2691
360
-1459
-3152
-5286
-6556
-8327
-9386
-9806
-10191
-9830
-9412
-8213
-6629
-5179
-3397
-1699
315
1988
3147
4154
4823
5323
5009
4289
3574
2529
1370
-188
-1625
-2540
-3625
-4312
-4721
-4778
-4030
-3549
-2598
-1457
-132
1337
2207
3308
4010
4512
4682
4272
3826
2992
1929
646
-784
-2014
-3338
-4529
-5500
-6273
-6584
-6890
-6725
-6374
-5793
-4826
-4049
-2902
-1959
-1029
-36
723
1326
1703
2064
2286
2458
2475
2562
2892
3280
3538
4172
5020
5683
6694
7210
7973
8992
8797
9160
8906
8118
7728
5713
4493
3024
640
-833
-3325
-4753
-5879
-7643
-8031
-8675
-8350
-7776
-7464
-5921
-4493
-2766
-1350
11
1796
2991
3962
4299
4658
4790
4152
3523
2416
1593
550
-980
-1882
-2896
-3577
-3967
-4421
-4166
-3690
-3219
-2366
-1569
-509
368
1031
1746
2171
2410
2138
1927
1471
587
-247
-1461
-2466
-3377
-4625
-5451
-6172
-6737
-6961
-7227
-6966
-6603
-6068
-5184
-4579
-3592
-2592
-1821
-808
-99
581
1268
1667
2121
2406
2801
3336
3651
4167
4713
5326
6418
7151
7933
8663
9366
10314
10286
10290
10076
9467
8928
7157
5665
4344
2306
543
-1680
-3332
-4442
-5909
-6954
-7566
-7448
-6933
-6749
-6000
-4563
-2971
-1613
-595
868
2341
3245
3422
3493
3877
3603
2708
1510
759
258
-1053
-2272
-2831
-3075
-3209
-3625
-3556
-2518
-1819
-1417
-670
279
1192
1549
1533
1833
1920
1170
329
-448
-1433
-2626
-4151
-5307
-6166
-7308
-8229
-8838
-8977
-9034
-9118
-8724
-7940
-6982
-6196
-5113
-4096
-2982
-1903
-1157
-112
508
1154
1731
2117
2669
2908
3247
3840
4172
4719
5431
6070
7096
7925
8693
9845
10524
11081
11574
11464
11510
10887
9807
8856
7068
5478
3639
1448
-54
-2004
-3480
-4532
-5576
-5635
-5853
-5611
-4857
-3932
-2545
-1486
-57
1207
2440
3419
3695
4260
4163
3862
3088
1886
1233
-147
-1487
-2690
-3980
-4520
-5335
-5901
-5764
-5578
-4970
-4350
-3658
-2555
-1580
-759
-48
457
912
900
621
166
-663
-1522
-2839
-3988
-5071
-6380
-7298
-8400
-9035
-9318
-9725
-9697
-9446
-8877
-8072
-7249
-6390
-5220
-4113
-3097
-2168
-1427
-455
240
680
1215
1550
1948
2305
2429
3080
3704
4370
5419
6247
7625
9034
10112
11563
12559
13664
14516
14542
14768
14463
13565
12568
10573
8986
7245
4757
2768
432
-1176
-2548
-4217
-5025
-5459
-5369
-5138
-4749
-3546
-2258
-1060
-7
1112
2420
3351
3608
3586
3654
3311
2365
1169
-217
-1325
-2734
-4491
-5679
-6537
-7122
-7710
-7941
-7431
-6729
-5983
-5125
-3980
-2633
-1704
-1005
-407
-2
63
-551
-1199
-2012
-3116
-4435
-5944
-6983
-8100
-9172
-9951
-10509
-10499
-10465
-10202
-9549
-8571
-7527
-6536
-5280
-4149
-3069
-2057
-1382
-584
12
215
577
655
773
1049
1242
1735
2412
3232
4557
5962
7512
9405
11140
13217
15042
16274
17745
18603
19004
19071
18194
17480
15917
13784
11893
9276
7024
4547
1860
-200
-2162
-3667
-4838
-5883
-6076
-5943
-5583
-4892
-4174
-2811
-1726
-823
151
912
1672
1772
1639
1503
985
131
-945
-2038
-3099
-4264
-5551
-6372
-6991
-7433
-7607
-7621
-7090
-6385
-5719
-4925
-4001
-2909
-2170
-1886
-1492
-1395
-1553
-2075
-3002
-3789
-4790
-6071
-7244
-8285
-9058
-9725
-10282
-10506
-10461
-10074
-9552
-8809
-7951
-6968
-5934
-4965
-3907
-3066
-2148
-1421
-868
-293
118
702
1121
1504
2122
2877
3601
4412
5477
6604
8035
9259
10583
12156
13419
14663
15761
16700
17342
17649
17560
17308
16728
15685
14457
12928
11130
9330
7180
5228
3405
1333
-226
-1850
-3040
-3987
-4983
-5175
-5384
-5468
-5270
-4884
-4144
-3592
-3190
-2568
-1907
-1387
-1153
-1139
-906
-1027
-1449
-1961
-2761
-3218
-4041
-5093
-5747
-6389
-6851
-7501
-7602
-7393
-7156
-6745
-6521
-5525
-4635
-4082
-3581
-3256
-2581
-2602
-2936
-3234
-3868
-4339
-5506
-6611
-7284
-8086
-8824
-9723
-10056
-10051
-10004
-9831
-9444
-8538
-7617
-6661
-5643
-4382
-3016
-1793
-655
511
1861
2944
4028
4948
5854
7007
7745
8517
9155
9936
10838
11216
11814
12209
12689
13237
13241
13568
13699
13895
14050
13711
13879
13666
13277
13059
12336
11817
11104
9838
8914
7565
6004
4566
2794
1222
-290
-1913
-3299
-4382
-5597
-6134
-6621
-7036
-6788
-6876
-6362
-5778
-5349
-4616
-4209
-3471
-2973
-2875
-2677
-2889
-3178
-3714
-4696
-5560
-6470
-7583
-8595
-9522
-10382
-10858
-11295
-11367
-10973
-10621
-9857
-9043
-8186
-7127
-6202
-5339
-4684
-4191
-3841
-3688
-3760
-3975
-4119
-4401
-4816
-5047
-5240
-5161
-5017
-4958
-4430
-3758
-2972
-2098
-1209
-93
1089
2044
2945
3864
4555
5151
5598
5892
6252
6398
6441
6574
6650
6659
6716
6951
7239
7500
7792
8194
8762
9247
9634
10189
10680
11208
11531
11703
12038
12139
12163
12024
11616
11427
10926
10024
9291
8106
7112
5780
4018
2709
912
-548
-2114
-3826
-4889
-6292
-7233
-8056
-8774
-8692
-8937
-8799
-8462
-8044
-7121
-6848
-6297
-5516
-5085
-4703
-4948
-4908
-4959
-5545
-6339
-7272
-7724
-8473
-9406
-10096
-10425
-10363
-10486
-10254
-9453
-8496
-7462
-6512
-5212
-3619
-2501
-1558
-594
199
817
804
820
1001
767
322
-212
-619
-823
-1294
-1720
-1769
-1704
-1535
-1427
-985
-246
582
1345
2023
2856
3654
4344
4895
5388
5813
6039
6166
6130
6027
5902
5756
5656
5570
5340
5289
5526
5684
5940
6041
6320
6837
7150
7461
7735
8120
8436
8460
8604
8849
8926
8831
8532
8389
8355
7793
7004
6357
5325
4300
2856
1284
10
-1596
-3274
-4710
-6007
-7033
-8051
-8988
-9339
-9532
-9674
-9708
-9519
-9055
-8510
-8249
-7787
-7291
-6998
-6760
-6825
-6657
-6657
-6923
-7238
-7668
-7790
-8026
-8258
-8180
-8028
-7637
-7184
-6536
-5473
-4473
-3307
-2244
-996
356
1277
2311
3103
3747
4247
4241
4203
4006
3539
2979
2274
1511
750
48
-480
-770
-1047
-1237
-1194
-894
-532
-207
237
758
1211
1589
1877
2253
2725
2941
3107
3335
3620
4007
4243
4476
4807
5128
5346
5459
5662
5820
5863
5733
5441
5324
5142
4819
4555
4326
4179
4099
4030
4204
4517
4744
5055
5485
5882
6293
6377
6397
6616
6228
5791
4926
3855
3013
1428
-146
-1688
-3493
-5032
-6795
-8310
-9273
-10314
-10962
-11412
-11615
-11116
-10661
-9964
-9015
-8217
-7171
-6121
-5165
-4327
-3624
-3149
-2797
-2540
-2593
-2584
-2622
-2835
-2959
-3198
-3203
-2929
-2744
-2449
-1955
-1302
-485
290
984
1806
2584
3292
3739
3994
4070
3963
3885
3445
2809
2115
1415
889
219
-602
-1153
-1669
-2124
-2334
-2587
-2522
-2459
-2380
-2094
-1747
-1296
-935
-562
-170
79
284
470
679
903
938
1071
1310
1606
2029
2356
2914
3469
3897
4455
4810
5299
5619
5666
5754
5494
5252
4868
4370
3986
3355
2943
2522
2202
2093
2049
2199
2387
2767
3052
3612
4035
4308
4725
4457
4278
3806
2915
2365
936
-465
-1892
-3552
-4796
-6406
-7681
-8575
-9296
-9652
-9863
-9542
-8899
-7999
-7022
-5925
-4493
-3323
-2260
-1407
-561
147
298
278
79
-17
-342
-957
-1466
-1685
-1845
-2144
-2076
-1809
-1139
-525
-94
915
1895
2893
3601
3976
4672
4955
5101
4896
4266
3895
2913
2125
1291
129
-712
-1874
-2601
-2957
-3401
-3603
-3763
-3563
-3057
-2749
-2455
-2067
-1615
-1288
-1186
-1061
-1057
-1093
-1381
-1662
-1735
-1811
-1728
-1787
-1524
-1010
-470
393
1145
1996
2939
3630
4455
5135
5623
5857
5545
5271
4826
4078
3165
2028
1040
245
-709
-1310
-1815
-1961
-1835
-1550
-648
181
1279
2447
3633
5149
6143
6940
7570
7716
7698
6979
5873
4657
3055
1186
-946
-3149
-5058
-6835
-8458
-9770
-10643
-10945
-10878
-10555
-9648
-8431
-6930
-5434
-4040
-2482
-1000
278
1128
1785
2291
2553
2551
2247
2048
1779
1501
1068
845
1034
1181
1553
1939
2600
3567
4477
5361
6267
6866
7480
7895
7894
7705
7180
6283
5309
4031
2613
1403
63
-1139
-2121
-2952
-3418
-3928
-4110
-4113
-4084
-3849
-3850
-3665
-3523
-3709
-3936
-4483
-4955
-5543
-6363
-6986
-7729
-8107
-8460
-8697
-8470
-8090
-7178
-6106
-4969
-3316
-1730
-30
1526
2990
4383
5390
6067
6308
6414
6119
5507
4565
3467
2403
1093
-156
-1435
-2397
-2991
-3585
-3847
-3813
-3388
-2690
-1904
-1021
169
1386
2352
3300
4357
5147
5764
6069
6008
6195
5878
5073
4586
3560
2930
1906
640
-39
-949
-1510
-2132
-2714
-2708
-2778
-2579
-2292
-1695
-1034
-372
240
949
1835
2355
2781
2981
3061
3101
2780
2578
2308
1821
1448
918
782
765
711
913
1297
1865
2398
3054
3779
4498
5110
5439
5742
5681
5474
4936
4258
3458
2309
1192
61
-935
-1901
-2889
-3647
-4235
-4457
-4639
-4721
-4502
-4436
-4211
-4084
-4036
-3838
-3970
-4123
-4329
-4711
-5214
-5848
-6375
-6865
-7377
-7884
-8245
-8391
-8321
-8130
-7663
-6893
-6100
-5044
-3829
-2504
-1175
-1
991
1963
2916
3385
3650
3678
3388
3105
2431
1642
1040
352
-169
-634
-903
-818
-595
-160
362
1298
2306
3255
4273
5064
5987
6751
7242
7622
7594
7752
7419
7101
6496
5451
5016
3859
3051
2294
1008
581
-522
-1266
-1617
-2567
-2556
-3055
-3229
-3010
-3443
-3045
-2966
-2659
-2079
-1886
-1069
-512
308
973
1600
2495
2905
3725
4013
4517
5024
4918
5355
5132
5174
5164
4729
4822
4459
4173
3834
3350
3219
2773
2319
1786
1287
907
301
-155
-766
-1240
-1715
-2441
-2839
-3244
-3653
-4018
-4510
-4813
-4917
-5134
-5406
-5496
-5709
-5670
-5796
-6015
-6052
-6201
-6135
-6311
-6313
-6335
-6400
-6341
-6471
-6287
-6079
-5799
-5471
-5049
-4517
-3916
-3281
-2640
-1858
-1144
-380
268
911
1540
2035
2284
2308
2366
2303
2131
1750
1245
851
354
-163
-673
-1002
-1291
-1561
-1659
-1717
-1467
-1326
-936
-432
21
707
1167
1959
2750
3482
4296
4863
5609
6145
6728
7124
7237
7520
7418
7386
7118
6473
6198
5452
4695
3990
2766
2110
1067
86
-470
-1470
-1769
-2185
-2443
-2167
-2248
-1611
-1016
-331
568
1189
2207
3010
3787
4327
4726
5098
5088
5071
4728
4351
3863
3102
2512
1737
1124
541
-70
-323
-688
-843
-856
-821
-580
-442
-174
129
313
361
161
96
-122
-549
-1029
-1675
-2148
-2695
-3374
-3949
-4331
-4690
-4952
-5152
-5293
-5146
-5142
-5092
-4823
-4687
-4401
-4320
-4346
-4303
-4538
-4735
-4999
-5308
-5635
-6112
-6484
-6762
-6920
-6976
-6948
-6707
-6328
-5769
-5054
-4270
-3343
-2464
-1622
-827
-205
483
856
1064
1175
980
857
561
137
-156
-511
-826
-1068
-1135
-1047
-867
-526
-112
535
1328
2028
2953
3859
4905
5965
6833
7871
8630
9486
10218
10578
11140
11348
11480
11701
11257
11031
10641
9907
9507
8505
7817
7179
6027
5383
4228
3344
2730
1537
914
41
-592
-849
-1555
-1721
-2000
-2037
-1817
-1947
-1626
-1464
-1234
-1024
-892
-490
-253
-106
-197
-158
-87
-205
-306
-556
-666
-755
-1119
-1272
-1408
-1539
-1544
-1780
-1802
-1660
-1789
-1816
-1868
-1954
-1812
-1935
-2072
-2086
-2295
-2511
-2740
-2960
-3051
-3290
-3521
-3716
-3953
-4133
-4375
-4563
-4704
-4846
-4964
-5102
-5219
-5356
-5570
-5686
-5879
-6123
-6334
-6702
-6880
-7137
-7428
-7508
-7769
-7803
-7839
-7794
-7432
-7127
-6646
-5992
-5278
-4379
-3365
-2407
-1347
-394
446
1397
2189
2935
3581
3940
4276
4499
4478
4546
4470
4328
4171
3821
3761
3633
3554
3553
3506
3862
4181
4563
5024
5527
6293
6913
7597
8246
8833
9378
9723
9979
10094
10051
9700
9346
8795
8082
7359
6327
5502
4517
3519
2796
1859
1216
470
-310
-737
-1345
-1657
-2005
-2384
-2446
-2674
-2601
-2553
-2572
-2306
-2140
-1785
-1467
-1153
-662
-341
34
266
536
814
906
934
792
760
637
291
-1
-417
-691
-1002
-1448
-1716
-2057
-2306
-2553
-2765
-2833
-2905
-2993
-3134
-3160
-3199
-3207
-3228
-3397
-3407
-3499
-3652
-3726
-3954
-4089
-4145
-4290
-4242
-4285
-4250
-4118
-4074
-3808
-3630
-3420
-3183
-3094
-2973
-2931
-2947
-2955
-3059
-3339
-3573
-3856
-4108
-4283
-4610
-4683
-4727
-4688
-4414
-4178
-3708
-3186
-2533
-1764
-990
-161
579
1401
2121
2759
3381
3835
4286
4657
4861
5027
5070
5069
5077
4846
4707
4495
4313
4146
3773
3688
3539
3479
3529
3409
3668
3856
4102
4514
4867
5419
5892
6354
6865
7353
7819
8210
8459
8575
8666
8547
8295
7875
7261
6562
5644
4563
3453
2285
1047
-227
-1508
-2632
-3636
-4490
-5232
-5803
-6145
-6331
-6308
-6042
-5613
-5072
-4447
-3745
-2991
-2190
-1550
-932
-424
-128
203
257
313
242
-25
-175
-459
-695
-932
-1152
-1248
-1359
-1362
-1343
-1322
-1207
-1246
-1247
-1211
-1290
-1279
-1465
-1651
-1806
-2101
-2293
-2536
-2772
-2944
-3117
-3272
-3356
-3374
-3335
-3209
-3147
-3044
-2887
-2793
-2696
-2642
-2711
-2736
-2827
-3092
-3355
-3774
-4176
-4533
-5081
-5458
-5922
-6216
-6255
-6415
-6197
-5909
-5402
-4723
-4077
-3110
-2099
-986
10
941
2012
2874
3657
4174
4555
4948
5057
5021
4830
4597
4381
4024
3614
3226
2894
2625
2309
2094
1954
1856
1877
1879
1958
2093
2240
2468
2639
2828
3011
3201
3436
3554
3781
3903
4043
4239
4247
4503
4540
4535
4532
4267
4307
3929
3556
3146
2465
2056
1277
641
109
-609
-1040
-1652
-1987
-2097
-2238
-2075
-1925
-1571
-1032
-511
132
799
1496
2198
2792
3290
3730
4079
4299
4420
4336
4198
3905
3500
3054
2442
1928
1294
695
172
-438
-844
-1221
-1501
-1755
-2002
-2128
-2269
-2282
-2402
-2539
-2599
-2830
-2953
-3142
-3451
-3634
-3968
-4249
-4470
-4759
-4927
-5137
-5250
-5298
-5327
-5317
-5262
-5137
-4987
-4837
-4718
-4571
-4508
-4460
-4453
-4547
-4620
-4742
-4956
-5171
-5330
-5492
-5493
-5549
-5550
-5386
-5230
-4886
-4564
-4081
-3531
-2930
-2262
-1659
-938
-258
407
987
1439
1919
2263
2629
2835
2977
3204
3289
3498
3564
3732
4006
4231
4600
4848
5247
5598
5909
6269
6460
6703
6773
6797
6795
6633
6538
6307
6092
5990
5775
5716
5703
5710
5897
5976
6103
6323
6418
6476
6424
6275
6079
5691
5149
4503
3730
2923
1995
1089
228
-624
-1255
-1871
-2254
-2471
-2557
-2328
-2079
-1662
-1221
-764
-151
302
701
982
1126
1242
1140
948
689
359
-86
-616
-1109
-1564
-2005
-2455
-2839
-3099
-3275
-3468
-3621
-3675
-3659
-3663
-3692
-3744
-3720
-3745
-3917
-4100
-4373
-4620
-5003
-5497
-5942
-6447
-6839
-7281
-7675
-7887
-8062
-8074
-7995
-7743
-7343
-6914
-6386
-5825
-5104
-4468
-3941
-3431
-3003
-2589
-2397
-2274
-2175
-2117
-2105
-2217
-2213
-2089
-1973
-1764
-1516
-1079
-504
54
687
1378
2169
2947
3587
4206
4804
5320
5680
5804
5931
5966
5873
5616
5242
4949
4593
4217
3790
3440
3250
3047
2923
2807
2850
2985
3052
3188
3276
3487
3668
3738
3857
3899
3987
4060
4034
4074
4076
4091
4101
4034
4025
3934
3815
3653
3383
3165
2785
2349
1926
1326
772
112
-576
-1135
-1756
-2274
-2716
-3070
-3250
-3339
-3300
-3121
-2844
-2458
-2035
-1598
-1108
-685
-245
124
355
528
595
634
599
414
223
0
-195
-413
-751
-962
-1114
-1230
-1350
-1457
-1461
-1400
-1290
-1245
-1159
-971
-854
-712
-714
-689
-652
-766
-878
-1155
-1383
-1664
-2051
-2405
-2830
-3164
-3433
-3726
-3907
-4082
-4123
-4044
-3972
-3815
-3656
-3413
-3165
-2952
-2752
-2630
-2454
-2368
-2311
-2281
-2302
-2222
-2234
-2188
-2118
-2031
-1811
-1630
-1368
-1044
-712
-304
77
447
824
1145
1426
1648
1809
1930
1983
1975
1914
1797
1689
1555
1410
1229
1060
951
854
771
673
673
748
818
899
991
1198
1434
1640
1858
2090
2373
2620
2843
3054
3293
3519
3694
3884
3992
4144
4276
4329
4415
4368
4348
4333
4187
4081
3832
3582
3336
2959
2641
2277
1978
1665
1315
1095
942
880
803
772
884
1055
1247
1413
1601
1851
2048
2164
2235
2259
2265
2184
2028
1837
1561
1265
919
580
197
-236
-632
-1003
-1280
-1605
-1906
-2084
-2221
-2274
-2394
-2483
-2454
-2463
-2500
-2634
-2754
-2861
-3056
-3333
-3664
-3938
-4241
-4603
-4962
-5264
-5470
-5670
-5854
-5929
-5931
-5867
-5797
-5688
-5478
-5279
-5038
-4850
-4640
-4381
-4196
-3969
-3833
-3691
-3528
-3418
-3246
-3106
-2919
-2690
-2425
-2105
-1795
-1430
-1036
-625
-235
86
432
746
979
1169
1255
1352
1407
1355
1349
1269
1230
1219
1167
1209
1250
1367
1518
1684
1936
2176
2466
2737
3010
3282
3516
3769
3956
4161
4288
4392
4542
4589
4655
4658
4662
4696
4627
4580
4543
4492
4458
4361
4313
4287
4243
4202
4151
4143
4076
4038
3952
3862
3740
3537
3375
3127
2834
2502
2126
1797
1410
982
628
282
12
-278
-533
-655
-743
-776
-845
-824
-766
-713
-722
-752
-746
-802
-912
-1150
-1348
-1565
-1849
-2157
-2528
-2816
-3100
-3376
-3617
-3828
-3960
-4048
-4117
-4146
-4134
-4120
-4049
-4022
-4003
-3986
-3993
-4003
-4062
-4177
-4303
-4408
-4554
-4686
-4827
-4931
-4973
-5025
-5022
-4959
-4866
-4686
-4497
-4258
-3952
-3662
-3317
-2955
-2582
-2193
-1839
-1469
-1084
-726
-387
-46
286
619
943
1210
1514
1787
2030
2276
2457
2661
2826
2930
3035
3089
3144
3184
3177
3190
3165
3131
3095
3052
3014
2970
2928
2867
2827
2779
2759
2726
2694
2703
2686
2705
2719
2727
2770
2776
2775
2772
2743
2714
2632
2523
2406
2241
2074
1872
1665
1479
1269
1110
956
853
781
727
753
783
862
949
1061
1200
1341
1478
1594
1717
1822
1929
1981
2018
2071
2079
2091
2049
1986
1964
1876
1750
1598
1415
1246
1012
741
476
188
-103
-426
-740
-1032
-1306
-1591
-1845
-2084
-2279
-2458
-2645
-2749
-2859
-2916
-2966
-2996
-2961
-2953
-2916
-2878
-2849
-2809
-2806
-2813
-2838
-2897
-2975
-3095
-3216
-3355
-3515
-3669
-3830
-3956
-4062
-4133
-4167
-4155
-4077
-3966
-3779
-3598
-3343
-3075
-2803
-2466
-2183
-1856
-1555
-1281
-991
-755
-517
-296
-111
85
233
371
504
603
704
758
814
861
900
946
960
968
977
964
959
931
871
832
756
708
636
541
511
442
437
442
444
541
631
777
927
1072
1261
1456
1641
1833
1992
2142
2297
2390
2472
2512
2517
2518
2475
2426
2362
2308
2269
2239
2242
2258
2347
2451
2594
2776
2940
3174
3358
3540
3706
3810
3912
3932
3923
3848
3734
3583
3402
3201
2960
2712
2449
2203
1958
1691
1419
1151
895
641
371
91
-184
-459
-727
-1010
-1297
-1564
-1829
-2075
-2298
-2511
-2682
-2833
-2958
-3037
-3112
-3147
-3172
-3196
-3184
-3203
-3202
-3229
-3274
-3334
-3442
-3550
-3707
-3861
-4022
-4171
-4302
-4423
-4499
-4536
-4520
-4446
-4338
-4151
-3924
-3638
-3305
-2961
-2595
-2236
-1880
-1537
-1226
-961
-726
-535
-381
-259
-171
-95
-60
-15
6
49
108
150
226
296
402
512
616
738
844
969
1067
1163
1257
1324
1381
1404
1422
1427
1423
1398
1358
1305
1252
1207
1146
1096
1046
996
975
959
965
990
1027
1087
1164
1262
1356
1474
1592
1703
1828
1920
2018
2100
2154
2216
2258
2317
2353
2404
2446
2514
2616
2696
2822
2912
3031
3127
3209
3294
3324
3350
3313
3257
3158
3016
2841
2614
2364
2093
1796
1507
1190
887
579
271
-8
-299
-552
-799
-1023
-1229
-1396
-1535
-1643
-1700
-1754
-1749
-1734
-1693
-1625
-1563
-1475
-1400
-1335
-1276
-1236
-1218
-1207
-1243
-1279
-1345
-1436
-1533
-1663
-1786
-1918
-2056
-2180
-2311
-2423
-2516
-2610
-2678
-2754
-2781
-2801
-2808
-2781
-2757
-2681
-2609
-2522
-2418
-2295
-2163
-2023
-1886
-1751
-1594
-1461
-1309
-1181
-1056
-927
-821
-701
-601
-518
-424
-361
-299
-255
-228
-199
-191
-185
-187
-198
-202
-211
-219
-226
-231
-215
-196
-163
-119
-61
17
103
215
332
455
589
720
873
1019
1166
1317
1460
1606
1746
1880
2004
2121
2223
2307
2387
2444
2503
2551
2583
2623
2654
2697
2735
2766
2800
2831
2857
2875
2886
2879
2859
2816
2750
2671
2571
2467
2350
2222
2085
1941
1798
1660
1527
1384
1254
1126
1004
888
767
646
524
394
255
118
-32
-183
-344
-520
-695
-887
-1087
-1277
-1480
-1668
-1866
-2055
-2228
-2395
-2541
-2685
-2807
-2919
-3011
-3093
-3167
-3225
-3276
-3316
-3347
-3371
-3383
-3388
-3382
-3369
-3344
-3309
-3265
-3208
-3145
-3064
-2975
-2874
-2753
-2628
-2483
-2336
-2178
-2004
-1821
-1628
-1433
-1232
-1035
-837
-646
-460
-274
-101
60
202
324
435
525
602
659
692
718
716
711
693
669
654
626
607
590
585
599
622
666
729
811
908
1017
1144
1286
1443
1608
1773
1941
2105
2261
2409
2546
2662
2769
2858
2932
2993
3033
3071
3101
3113
3119
3108
3095
3061
3002
2937
2848
2758
2629
2487
2340
2175
2020
1843
1679
1511
1351
1199
1047
915
783
668
552
437
327
218
110
-6
-131
-260
-397
-539
-685
-837
-988
-1139
-1288
-1435
-1570
-1695
-1801
-1892
-1966
-2023
-2064
-2088
-2102
-2106
-2102
-2089
-2065
-2033
-2002
-1960
-1911
-1862
-1806
-1749
-1692
-1620
-1566
-1504
-1445
-1398
-1336
-1297
-1254
-1219
-1194
-1162
-1143
-1127
-1110
-1096
-1071
-1056
-1040
-1025
-1010
-988
-972
-951
-928
-901
-877
-845
-808
-763
-711
-649
-586
-510
-435
-348
-262
-184
-97
-24
55
120
178
231
275
321
356
395
432
472
515
560
618
675
739
811
884
963
1036
1108
1189
1247
1314
1365
1407
1447
1467
1493
1506
1523
1536
1548
1564
1583
1620
1652
1694
1734
1774
1815
1849
1877
1897
1905
1895
1868
1824
1764
1684
1587
1480
1355
1213
1065
914
759
598
438
286
146
20
-91
-182
-261
-320
-359
-377
-380
-370
-342
-306
-266
-232
-195
-165
-137
-114
-103
-98
-111
-138
-169
-220
-276
-341
-411
-481
-561
-638
-713
-787
-866
-936
-1011
-1085
-1151
-1221
-1287
-1357
-1427
-1492
-1556
-1616
-1668
-1718
-1754
-1790
-1822
-1846
-1868
-1879
-1887
-1890
-1889
-1882
-1869
-1856
-1840
-1818
-1792
-1762
-1731
-1704
-1671
-1641
-1607
-1569
-1533
-1487
-1445
-1396
-1342
-1291
-1220
-1148
-1064
-972
-880
-780
-684
-587
-495
-408
-328
-244
-168
-97
-27
46
121
202
289
384
499
617
747
894
1041
1203
1367
1538
1714
1884
2049
2209
2354
2486
2605
2696
2789
2848
2895
2932
2946
2957
2939
2921
2893
2858
2816
2758
2698
2627
2554
2473
2387
2297
2206
2108
2008
1897
1789
1682
1563
1449
1328
1220
1112
1002
898
795
704
614
532
450
373
296
220
141
59
-27
-116
-211
-313
-416
-525
-635
-746
-858
-965
-1072
-1176
-1279
-1380
-1477
-1575
-1673
-1767
-1861
-1949
-2039
-2123
-2204
-2282
-2352
-2416
-2469
-2514
-2556
-2585
-2609
-2620
-2625
-2625
-2612
-2597
-2565
-2537
-2497
-2452
-2395
-2330
-2260
-2179
-2090
-1994
-1890
-1779
-1663
-1541
-1418
-1285
-1150
-1017
-878
-738
-591
-443
-296
-146
-2
145
279
411
531
643
739
824
895
953
998
1033
1065
1081
1098
1102
1108
1114
1117
1132
1150
1179
1218
1264
1316
1378
1448
1521
1598
1675
1754
1832
1897
1958
2011
2050
2081
2096
2097
2091
2067
2033
1985
1925
1857
1780
1690
1598
1498
1392
1290
1181
1073
970
868
778
688
603
528
459
397
339
288
241
201
159
121
82
44
2
-39
-90
-141
-195
-258
-317
-389
-459
-534
-611
-683
-755
-825
-890
-947
-1002
-1049
-1090
-1124
-1146
-1168
-1182
-1185
-1190
-1189
-1188
-1191
-1190
-1193
-1202
-1208
-1220
-1230
-1237
-1247
-1250
-1254
-1250
-1247
-1233
-1215
-1191
-1158
-1124
-1080
-1033
-985
-934
-885
-835
-781
-732
-680
-632
-587
-541
-492
-441
-390
-337
-279
-219
-159
-100
-42
15
64
110
151
187
220
243
261
276
278
280
276
264
257
242
230
220
211
205
198
198
197
200
207
214
224
238
253
275
295
318
341
362
384
406
426
446
466
484
509
530
559
586
618
652
689
727
768
809
848
890
932
974
1011
1048
1080
1109
1130
1146
1156
1159
1156
1142
1121
1095
1061
1021
975
921
862
796
726
654
578
497
415
329
242
157
68
-15
-101
-189
-265
-349
-419
-490
-555
-603
-656
-690
-720
-744
-756
-769
-773
-772
-769
-761
-756
-748
-739
-732
-722
-714
-702
-695
-682
-674
-667
-658
-660
-650
-651
-645
-641
-645
-635
-638
-633
-625
-617
-601
-583
-564
-538
-514
-482
-450
-415
-381
-346
-314
-283
-253
-228
-201
-178
-159
-142
-130
-118
-110
-103
-94
-92
-88
-85
-81
-74
-71
-62
-51
-40
-28
-15
0
16
32
45
59
72
83
95
108
120
134
147
167
189
214
248
277
318
359
402
453
496
551
601
649
701
743
790
830
864
901
928
953
973
990
1000
1006
1010
1009
1008
996
984
968
949
926
898
870
836
801
759
717
674
628
583
540
494
451
406
359
317
270
223
182
134
94
50
5
-31
-73
-112
-150
-191
-232
-272
-317
-359
-404
-452
-497
-550
-600
-652
-708
-759
-810
-863
-909
-955
-998
-1035
-1075
-1106
-1133
-1159
-1171
-1188
-1195
-1196
-1199
-1191
-1185
-1174
-1158
-1140
-1122
-1099
-1077
-1050
-1022
-993
-960
-924
-892
-855
-818
-780
-741
-701
-659
-620
-578
-539
-497
-453
-411
-367
-319
-276
-229
-182
-139
-84
-40
8
61
105
153
199
234
277
312
345
385
416
455
491
531
578
623
679
734
794
855
915
974
1027
1076
1123
1161
1195
1225
1249
1265
1282
1291
1297
1304
1298
1302
1295
1286
1277
1259
1238
1219
1187
1162
1125
1084
1042
991
945
886
831
769
707
644
581
517
454
393
334
279
225
176
134
92
55
24
-9
-31
-58
-81
-104
-135
-166
-201
-245
-289
-347
-408
-473
-546
-618
-700
-778
-855
-935
-1007
-1080
-1145
-1205
-1263
-1311
-1358
-1393
-1425
-1451
-1470
-1487
-1492
-1494
-1489
-1475
-1461
-1433
-1408
-1374
-1335
-1298
-1248
-1205
-1153
-1104
-1058
-1003
-957
-900
-845
-787
-720
-659
-587
-517
-445
-365
-293
-208
-133
-55
21
92
163
227
296
357
418
477
530
581
628
670
716
750
786
814
834
853
859
867
867
867
866
864
859
855
848
842
836
835
832
827
824
813
806
796
789
784
777
776
774
772
777
776
784
783
787
790
790
790
778
769
750
733
714
690
666
637
603
574
540
508
470
435
396
352
311
262
218
171
125
85
40
1
-42
-83
-120
-157
-189
-223
-259
-296
-334
-377
-415
-456
-497
-539
-579
-621
-661
-699
-735
-765
-794
-815
-834
-851
-866
-878
-889
-892
-894
-891
-885
-882
-872
-866
-851
-836
-819
-795
-773
-749
-726
-701
-682
-659
-640
-618
-596
-578
-554
-542
-520
-501
-479
-451
-426
-397
-371
-341
-311
-278
-246
-215
-180
-148
-114
-83
-51
-18
17
54
93
131
170
210
244
282
318
352
389
419
445
467
484
499
507
511
514
514
510
502
493
480
472
462
456
453
451
451
451
455
464
475
490
508
520
537
553
564
576
581
584
587
582
577
567
554
545
532
522
516
508
503
497
492
492
489
489
488
483
476
468
454
439
420
398
377
350
320
288
249
213
175
131
92
48
1
-48
-101
-152
-202
-252
-300
-344
-392
-426
-465
-497
-523
-548
-568
-588
-604
-621
-642
-657
-680
-701
-722
-748
-769
-796
-819
-843
-863
-882
-898
-912
-923
-930
-936
-940
-940
-935
-928
-914
-901
-877
-858
-832
-804
-773
-735
-700
-661
-620
-583
-542
-502
-463
-422
-381
-343
-305
-266
-231
-191
-155
-115
-75
-36
6
43
84
127
167
210
254
297
341
386
432
480
526
575
626
670
725
774
820
871
913
958
1001
1039
1078
1109
1138
1164
1184
1203
1216
1223
1230
1226
1220
1214
1198
1181
1161
1135
1108
1077
1042
1006
965
924
880
834
788
740
692
644
595
546
496
449
400
354
309
264
222
179
136
96
52
11
-36
-81
-125
-175
-222
-273
-324
-376
-431
-483
-540
-597
-651
-710
-763
-819
-873
-924
-975
-1023
-1069
-1113
-1155
-1192
-1227
-1261
-1284
-1309
-1328
-1341
-1354
-1358
-1360
-1358
-1350
-1341
-1324
-1302
-1280
-1249
-1215
-1180
-1137
-1093
-1043
-991
-935
-875
-816
-752
-689
-622
-555
-488
-419
-350
-283
-211
-141
-70
6
81
152
230
302
378
452
524
595
664
729
794
854
909
967
1012
1059
1101
1135
1170
1196
1219
1239
1251
1261
1269
1265
1266
1257
1245
1231
1213
1188
1165
1131
1100
1066
1024
988
941
896
851
804
756
709
658
610
559
508
458
404
350
298
240
189
134
81
32
-21
-66
-115
-157
-198
-237
-272
-306
-336
-366
-390
-411
-432
-450
-465
-479
-490
-500
-507
-516
-521
-528
-535
-541
-551
-560
-569
-583
-593
-607
-624
-636
-652
-664
-678
-689
-701
-712
-720
-728
-734
-737
-741
-744
-745
-745
-745
-744
-741
-740
-732
-729
-719
-714
-703
-690
-675
-657
-639
-617
-593
-568
-540
-511
-482
-450
-417
-383
-347
-311
-273
-236
-198
-161
-123
-85
-46
-10
28
64
102
137
171
207
241
273
306
339
369
400
432
462
492
520
549
578
605
632
659
686
712
736
761
781
802
820
832
844
851
858
859
858
857
851
844
837
824
812
800
782
767
748
732
713
694
673
652
630
605
582
558
532
505
481
454
427
401
373
345
318
288
258
229
200
169
139
111
80
53
25
-2
-28
-53
-78
-103
-127
-148
-173
-194
-216
-239
-259
-281
-301
-321
-343
-363
-385
-404
-427
-449
-472
-495
-521
-545
-572
-599
-627
-654
-680
-708
-733
-760
-784
-807
-829
-852
-870
-889
-905
-921
-931
-940
-948
-950
-952
-949
-946
-937
-925
-908
-889
-867
-840
-809
-778
-741
-702
-664
-620
-580
-536
-492
-448
-406
-361
-315
-274
-231
-188
-146
-104
-64
-23
19
59
100
138
180
222
258
300
338
375
414
450
486
523
555
590
623
654
684
711
740
766
788
811
833
853
870
886
902
917
925
934
942
947
950
948
946
942
932
919
907
892
872
851
826
804
779
750
722
695
663
632
599
569
534
499
465
429
395
357
318
282
243
202
162
125
84
44
4
-37
-75
-117
-158
-196
-234
-275
-314
-350
-388
-423
-459
-492
-523
-553
-585
-611
-637
-662
-684
-705
-723
-742
-757
-773
-783
-796
-808
-815
-822
-829
-834
-837
-838
-837
-838
-835
-831
-826
-820
-814
-803
-793
-782
-767
-751
-734
-714
-693
-670
-644
-620
-594
-561
-532
-500
-467
-430
-392
-355
-312
-272
-226
-183
-137
-89
-41
7
56
106
156
205
254
303
352
397
442
486
530
569
603
641
673
699
726
750
773
793
806
823
835
844
851
856
860
859
859
855
849
840
830
815
801
784
761
742
717
691
664
634
604
573
540
506
475
440
405
372
339
306
272
242
207
179
148
115
88
59
28
1
-27
-56
-84
-114
-142
-169
-201
-231
-260
-290
-322
-350
-378
-407
-434
-462
-486
-509
-530
-553
-571
-587
-604
-617
-630
-637
-645
-650
-652
-652
-650
-646
-639
-630
-621
-609
-596
-582
-566
-550
-532
-513
-494
-473
-452
-427
-403
-378
-350
-324
-298
-271
-244
-215
-189
-161
-135
-108
-81
-57
-29
-4
22
46
70
96
120
144
169
190
215
235
257
279
299
318
336
353
368
383
395
406
419
425
433
441
443
449
450
453
452
451
449
446
442
436
428
421
412
401
390
378
363
350
336
319
304
289
272
256
241
224
210
193
177
164
148
133
120
106
91
80
67
53
42
29
18
6
-7
-17
-27
-39
-50
-60
-70
-80
-90
-100
-110
-120
-129
-140
-150
-160
-171
-181
-190
-200
-209
-219
-229
-236
-247
-255
-263
-274
-280
-289
-298
-304
-312
-318
-324
-330
-334
-338
-342
-344
-347
-348
-349
-348
-348
-346
-344
-339
-335
-330
-324
-319
-313
-305
-299
-291
-285
-279
-270
-264
-257
-248
-241
-231
-222
-214
-203
-190
-179
-165
-154
-140
-125
-112
-96
-79
-65
-49
-32
-16
3
19
35
54
72
91
109
128
146
164
181
199
214
231
246
261
274
288
301
314
325
335
345
355
363
370
377
383
387
392
396
398
399
400
400
401
399
399
398
397
395
393
391
388
383
379
373
369
361
353
345
336
326
315
303
290
277
263
248
232
216
199
180
163
144
126
107
88
69
48
28
8
-13
-34
-56
-77
-98
-119
-140
-161
-182
-203
-222
-243
-262
-281
-299
-317
-334
-351
-366
-382
-398
-411
-424
-435
-446
-456
-464
-471
-477
-482
-485
-488
-488
-487
-486
-484
-481
-477
-471
-465
-456
-447
-437
-426
-413
-399
-384
-368
-350
-332
-316
-298
-280
-261
-243
-226
-207
-188
-170
-154
-134
-117
-98
-79
-61
-42
-24
-7
12
31
49
70
90
110
132
154
176
199
224
248
272
296
319
341
363
384
403
420
437
450
465
476
486
494
502
506
509
512
511
509
506
501
495
487
476
465
454
440
426
411
395
379
361
343
324
303
284
264
241
220
198
175
154
131
107
85
62
39
19
-4
-24
-43
-62
-80
-97
-114
-129
-143
-158
-169
-182
-194
-204
-214
-225
-233
-242
-249
-256
-262
-267
-271
-277
-279
-283
-285
-286
-290
-290
-291
-292
-292
-292
-292
-291
-291
-289
-288
-286
-285
-282
-281
-278
-273
-271
-267
-264
-260
-255
-250
-245
-239
-232
-226
-218
-211
-202
-193
-186
-177
-167
-158
-148
-137
-127
-115
-106
-94
-83
-71
-60
-47
-36
-24
-12
-2
10
20
29
40
50
61
70
79
88
98
107
117
127
135
145
154
163
174
184
191
202
211
219
229
237
245
255
263
271
278
284
292
297
301
307
310
312
315
315
315
315
313
311
309
304
301
294
288
282
273
265
257
247
237
228
215
205
193
180
168
156
141
129
114
101
88
74
60
47
33
20
7
-7
-20
-32
-44
-57
-69
-81
-93
-106
-115
-128
-139
-150
-160
-170
-179
-189
-199
-207
-216
-224
-232
-240
-246
-253
-260
-266
-272
-277
-283
-287
-292
-295
-298
-302
-303
-305
-307
-307
-308
-307
-306
-306
-301
-300
-296
-292
-286
-282
-274
-269
-260
-252
-243
-234
-223
-213
-202
-190
-177
-164
-151
-137
-123
-108
-94
-76
-62
-44
-27
-11
7
24
42
61
77
95
113
130
147
164
181
196
212
225
240
253
266
277
289
299
309
318
325
332
339
344
349
351
354
357
356
356
355
354
350
348
342
338
332
325
318
309
301
290
280
269
258
246
234
220
208
193
179
164
150
134
120
104
88
71
57
40
24
9
-7
-21
-37
-51
-67
-80
-95
-108
-122
-135
-148
-160
-174
-184
-197
-208
-219
-229
-239
-249
-258
-266
-274
-281
-287
-294
-297
-302
-304
-308
-309
-312
-313
-313
-312
-311
-306
-304
-300
-296
-289
-284
-277
-271
-264
-255
-248
-238
-230
-220
-212
-201
-190
-180
-169
-157
-146
-135
-124
-112
-100
-89
-74
-63
-50
-39
-24
-12
0
13
26
38
52
64
79
90
104
116
130
142
155
167
178
190
201
213
223
232
242
253
260
269
276
282
288
292
297
298
301
301
302
301
299
297
293
290
284
278
272
265
258
248
240
230
221
210
199
188
175
164
152
139
126
114
101
88
75
61
48
35
21
8
-5
-18
-31
-44
-57
-68
-81
-93
-103
-114
-123
-134
-144
-152
-161
-169
-176
-184
-191
-198
-205
-211
-218
-222
-228
-233
-237
-240
-244
-246
-249
-249
-250
-249
-250
-247
-246
-242
-240
-236
-231
-226
-221
-214
-208
-202
-195
-187
-178
-169
-160
-152
-140
-132
-119
-109
-97
-85
-73
-61
-49
-37
-24
-12
0
12
25
37
49
61
72
84
94
104
114
124
133
142
151
159
166
173
180
186
192
197
202
206
210
213
216
218
220
220
221
222
221
221
220
217
215
213
209
206
201
197
192
186
180
174
167
159
152
143
135
125
116
106
96
87
77
66
57
45
36
25
16
6
-3
-12
-21
-31
-39
-48
-56
-63
-71
-78
-83
-90
-96
-101
-106
-112
-117
-120
-124
-128
-132
-135
-137
-141
-142
-145
-147
-149
-150
-152
-152
-154
-154
-154
-155
-154
-154
-154
-153
-151
-151
-149
-147
-144
-143
-140
-137
-135
-131
-128
-126
-121
-117
-113
-108
-104
-99
-93
-87
-81
-77
-70
-64
-57
-51
-44
-38
-32
-24
-18
-12
-4
3
9
16
23
30
37
42
49
56
62
68
75
81
86
92
97
103
108
113
117
122
126
131
134
137
139
142
145
146
149
150
152
152
152
152
153
151
150
148
145
145
142
138
135
132
129
125
120
116
111
106
101
96
90
85
80
74
68
62
56
50
44
38
32
27
22
15
10
3
-2
-7
-12
-17
-22
-27
-31
-35
-40
-44
-49
-53
-56
-60
-64
-67
-71
-74
-77
-80
-83
-85
-88
-90
-92
-94
-95
-97
-98
-99
-101
-102
-102
-103
-104
-104
-105
-104
-105
-104
-104
-103
-102
-101
-101
-99
-99
-96
-95
-93
-91
-90
-86
-84
-82
-79
-75
-72
-69
-65
-63
-59
-55
-52
-48
-44
-40
-36
-31
-26
-24
-19
-15
-10
-6
-1
3
7
13
16
21
26
30
34
38
42
46
49
53
56
60
63
65
69
71
73
75
77
79
81
82
84
86
87
87
88
89
88
88
89
88
88
88
88
85
85
84
83
81
79
77
75
73
70
67
64
62
58
55
53
50
46
42
40
36
32
28
24
20
17
13
10
5
1
-2
-6
-8
-12
-16
-19
-22
-25
-27
-30
-33
-36
-37
-40
-41
-44
-45
-47
-49
-50
-52
-52
-54
-55
-56
-56
-58
-58
-58
-58
-59
-59
-59
-59
-60
-60
-60
-60
-60
-60
-58
-58
-58
-56
-55
-53
-51
-50
-48
-46
-46
-42
-41
-38
-36
-34
-31
-28
-25
-23
-20
-16
-13
-10
-7
-3
0
2
5
9
12
15
18
20
24
27
30
32
34
37
38
41
42
42
46
46
48
48
48
49
49
51
50
50
50
49
50
50
49
48
47
46
47
44
44
43
40
40
38
37
34
32
32
28
26
25
21
19
17
14
12
9
8
4
1
0
-5
-7
-10
-12
-15
-18
-19
-22
-24
-25
-29
-29
-32
-34
-34
-37
-37
-39
-39
-40
-41
-41
-42
-42
-41
-41
-42
-41
-41
-41
-40
-41
-38
-40
-37
-36
-37
-34
-34
-32
-31
-32
-28
-28
-25
-24
-24
-20
-20
-18
-16
-16
-12
-11
-10
-6
-6
-2
0
2
6
6
9
11
12
16
17
20
23
24
27
29
30
32
33
36
37
38
40
39
42
42
42
45
43
45
45
44
46
44
46
44
44
44
43
42
41
40
40
38
37
36
35
34
33
31
31
27
27
26
23
23
19
19
17
14
14
11
10
8
5
5
2
1
-1
-5
-5
-8
-9
-10
-14
-14
-17
-19
-20
-24
-24
-26
-29
-31
-35
-34
-38
-40
-41
-44
-45
-47
-48
-49
-51
-53
-53
-55
-55
-56
-58
-57
-60
-58
-59
-59
-58
-60
-57
-59
-58
-56
-58
-55
-56
-54
-52
-52
-50
-49
-47
-45
-44
-40
-39
-36
-33
-32
-29
-25
-23
-20
-18
-14
-11
-7
-3
-1
3
7
11
15
18
22
27
29
33
38
40
45
47
51
55
57
61
63
66
69
70
75
75
77
79
80
81
81
81
82
82
82
81
80
80
78
77
76
73
72
69
67
65
62
61
57
55
51
48
46
43
39
37
33
30
28
25
22
19
17
13
9
8
4
2
-2
-4
-6
-10
-13
-15
-19
-20
-24
-27
-29
-33
-35
-38
-41
-42
-46
-48
-51
-54
-56
-59
-61
-63
-65
-68
-69
-71
-73
-76
-74
-77
-78
-78
-80
-78
-81
-80
-80
-81
-80
-81
-79
-77
-77
-74
-73
-71
-69
-66
-64
-60
-58
-53
-51
-48
-43
-41
-36
-33
-29
-25
-22
-17
-13
-9
-5
-3
3
6
10
14
17
20
24
27
30
33
37
40
41
44
46
49
52
54
56
58
59
60
62
64
65
66
67
68
68
69
70
70
70
70
70
69
69
67
67
66
64
65
62
61
59
57
55
54
52
50
47
45
42
40
38
35
32
30
27
26
23
20
17
15
12
10
7
4
2
-2
-4
-6
-9
-12
-13
-15
-18
-20
-22
-24
-25
-28
-29
-30
-33
-34
-35
-37
-38
-39
-42
-42
-44
-44
-47
-48
-49
-50
-51
-53
-54
-56
-56
-57
-58
-59
-60
-61
-63
-62
-64
-64
-64
-65
-65
-64
-64
-65
-63
-64
-62
-61
-60
-58
-58
-56
-54
-52
-51
-49
-45
-44
-42
-40
-37
-34
-31
-28
-25
-23
-20
-16
-15
-11
-7
-5
-2
1
4
6
11
13
16
18
22
25
28
31
34
37
40
42
46
48
52
54
57
59
62
64
66
68
71
72
74
76
76
80
79
80
80
81
82
81
82
82
81
81
80
80
78
77
75
74
72
70
69
66
63
61
58
55
53
49
45
43
40
35
32
28
25
22
17
14
11
7
2
-1
-7
-9
-14
-18
-21
-26
-30
-33
-38
-41
-45
-49
-52
-55
-60
-62
-65
-69
-70
-73
-76
-78
-79
-83
-82
-85
-87
-88
-88
-91
-90
-92
-91
-91
-91
-91
-90
-90
-89
-86
-87
-85
-83
-83
-80
-77
-76
-73
-70
-67
-64
-61
-58
-54
-51
-48
-42
-40
-36
-31
-28
-23
-18
-17
-10
-6
-2
1
7
10
16
20
22
27
31
34
39
42
46
50
52
56
59
63
66
69
71
74
77
78
82
84
84
87
88
89
91
91
92
92
92
91
92
91
90
90
88
85
85
82
82
79
