SAMPLES:	13421
BITSPERSAMPLE:	16
CHANNELS:	1
SAMPLERATE:	16000
NORMALIZED:	FALSE
1
0
-1
0
0
0
-1
0
-1
-1
0
1
-1
0
0
0
0
0
0
0
1
1
0
0
0
0
0
0
0
-1
0
-1
0
0
0
0
-1
-1
0
1
0
0
-1
1
0
1
-1
0
0
-1
0
0
-1
1
0
0
0
0
0
0
0
1
0
0
0
0
0
-1
-1
0
0
0
0
1
0
-1
0
0
0
0
1
0
-1
0
0
0
0
0
1
1
0
0
0
0
0
0
0
0
0
1
0
0
0
0
0
0
0
0
0
0
0
0
0
0
-1
0
0
0
0
0
0
-1
0
0
-1
-1
0
0
0
0
0
0
0
0
0
0
0
0
0
0
0
0
-1
0
0
1
0
0
-1
1
0
0
0
0
0
0
0
0
0
0
-1
1
0
0
-1
0
0
0
1
0
-1
0
0
0
0
0
0
0
1
-1
0
0
-1
-1
-1
0
0
0
1
0
0
0
0
0
0
0
-1
-1
0
0
0
0
0
0
0
-1
0
-1
0
0
0
0
0
0
1
0
0
0
0
0
-1
-1
0
0
0
0
-1
0
0
0
1
0
0
0
-1
0
0
0
0
-1
0
0
0
0
0
0
1
0
-1
0
0
0
1
0
1
0
-1
0
1
0
0
-1
0
0
0
0
0
0
0
0
0
0
-1
0
0
0
1
0
0
0
0
0
1
0
0
0
0
0
-1
0
0
0
1
0
0
-1
0
0
-1
0
0
0
0
0
0
0
0
0
0
1
0
1
0
0
1
0
0
1
0
0
1
0
0
0
0
0
0
0
0
0
0
0
0
0
0
1
0
0
0
0
0
-1
0
-1
0
0
1
0
0
0
1
-1
0
0
0
0
0
0
1
0
0
-1
0
0
0
0
-1
0
1
0
0
0
0
0
-1
0
0
1
0
0
0
0
1
0
0
0
0
0
-1
0
0
0
0
0
1
0
0
0
0
0
0
0
1
0
-1
0
-1
1
0
0
0
0
-1
0
-1
0
0
0
0
-1
1
0
0
0
1
0
0
0
1
1
0
-1
0
0
0
0
0
0
0
0
-1
0
0
0
0
1
-1
0
0
-1
0
0
0
0
0
0
1
0
-1
0
-1
-1
0
0
0
1
0
0
0
0
0
0
1
0
1
-1
1
0
1
0
0
0
0
0
1
0
0
-1
0
0
0
0
0
-1
0
0
1
0
0
0
0
1
-1
1
-1
1
0
0
0
0
0
-1
-1
0
0
-1
0
0
0
0
1
0
-1
0
0
-1
0
-1
1
-1
0
0
0
0
0
0
0
0
1
0
0
0
0
0
-1
0
0
0
-1
0
0
0
1
0
0
0
0
1
0
0
0
0
1
0
0
0
0
1
0
1
0
-1
0
1
-1
0
0
0
-1
0
0
0
0
-1
0
0
-1
1
0
0
-1
0
0
1
0
0
0
0
0
0
0
0
0
0
0
0
0
1
0
0
-1
0
0
0
0
0
0
-1
1
0
0
-1
0
0
1
0
0
-1
0
0
0
0
0
0
0
0
0
0
1
0
0
0
0
1
0
0
0
0
1
-1
0
0
-1
0
0
0
0
0
1
0
0
0
0
0
0
1
0
1
0
0
-1
0
0
-1
0
0
1
0
0
0
0
0
0
0
0
0
-1
1
-1
1
0
1
1
0
0
0
0
0
0
0
0
0
1
0
1
0
0
0
0
0
-1
0
0
0
1
1
-1
0
0
1
0
1
0
0
1
0
0
-1
1
1
0
0
0
-1
0
0
1
0
1
-1
0
0
-1
0
0
2
0
1
-1
1
0
0
0
1
1
-1
1
-1
1
-1
1
0
1
0
0
0
-1
0
0
0
0
1
-2
0
-1
1
-1
1
0
-1
1
0
1
-1
2
-2
2
-1
1
-1
2
-1
0
1
-1
0
-2
2
-1
1
-1
1
0
0
0
0
0
-1
1
-1
0
-2
2
-1
1
-1
0
0
0
1
0
0
-1
1
-1
1
-1
0
0
1
0
0
0
0
0
0
1
-1
0
1
0
-1
1
0
-1
0
0
2
-1
1
0
0
-1
0
0
-1
0
0
0
0
0
0
0
-1
1
0
0
-1
0
-1
1
0
0
0
0
1
0
0
0
1
-1
1
0
1
-1
1
-1
0
-1
-1
1
0
0
-1
0
-1
0
-1
1
0
0
1
0
0
-2
1
-2
2
-1
2
-1
-1
0
0
0
-1
1
-1
0
-1
2
-2
1
0
0
-1
0
0
0
0
0
0
-2
2
-1
1
-1
1
1
0
1
-1
0
0
1
0
1
0
1
0
0
1
-1
1
0
0
1
0
0
1
-1
0
0
0
0
0
-1
1
1
-1
0
-1
1
-1
0
0
-1
1
0
0
1
0
0
2
-1
0
0
0
0
1
0
-1
1
0
-1
0
-1
1
0
-1
1
-2
1
-1
0
-1
0
0
0
0
-1
2
-2
1
-1
0
0
-1
1
-1
0
1
-1
1
0
-1
0
-1
0
0
0
0
0
0
0
-2
1
-1
0
0
-1
0
1
-1
0
0
-2
2
-1
1
-1
-1
2
-1
0
1
0
1
-1
0
0
1
-2
1
-2
1
0
0
0
0
1
0
1
0
2
-1
0
1
-1
0
0
0
0
-1
0
0
1
-2
2
-3
1
0
-2
2
-1
0
2
-2
0
2
-3
4
0
-1
2
-1
0
0
-2
1
0
0
1
0
-1
2
-1
0
0
-2
2
-2
1
-1
0
1
-1
1
-1
1
0
-1
2
-1
0
0
1
1
-1
1
0
0
-1
0
-1
3
-2
2
0
1
0
1
-1
1
-1
0
0
-2
-1
-1
-3
0
-1
-2
3
-1
1
-2
0
2
0
2
7
2
0
4
1
-1
4
-1
1
-3
4
-5
-3
-2
-1
-3
-6
0
-4
-5
0
1
-6
1
4
-1
4
1
6
0
1
12
2
10
1
4
4
-6
6
-8
3
-4
-6
-5
-12
6
-8
1
-13
-9
-1
-17
14
-2
11
6
-5
5
-3
7
6
8
-1
16
-2
-5
18
-8
6
-12
-1
3
-13
8
-1
-11
-7
-4
-12
-4
-10
14
-14
5
17
-6
8
3
-2
9
6
9
7
-5
18
-20
16
-6
13
-13
-4
0
-14
1
-7
15
-21
-2
-2
-13
3
2
-7
-1
-5
-3
2
16
-13
32
-21
14
-9
-9
12
1
10
4
-4
7
1
-7
9
-17
12
-21
6
1
-4
15
0
2
-6
-5
-6
1
-3
20
-16
4
17
-5
0
1
17
-15
27
-7
9
8
6
2
-37
21
-24
19
-45
17
-13
-24
-1
-26
20
-9
27
-11
7
3
-14
33
-5
46
16
11
11
-22
-11
0
19
-1
10
-8
-13
-36
-11
-2
-3
-6
-11
2
-12
-13
-8
12
-23
5
-2
16
13
18
-6
32
-14
-19
46
-14
37
-6
14
-8
-7
-9
-8
10
-26
30
-37
-4
-41
4
-34
0
6
-20
39
-55
53
-44
15
-10
20
28
-13
33
-4
41
-17
38
5
-11
12
-18
13
-13
14
-18
4
-24
2
-18
6
-17
-7
-7
-22
15
10
3
-3
5
-23
10
0
56
-17
33
8
-5
-3
-6
23
17
-13
9
-19
13
-39
-20
-18
-25
1
-10
6
-1
19
-39
24
-16
13
-1
4
-3
31
13
44
10
13
-7
-20
-1
37
16
8
29
-10
4
-60
39
-80
81
-93
71
-95
53
-90
62
-46
22
-14
-3
18
-38
41
-30
48
-59
92
-24
13
26
16
-6
16
-15
60
-53
47
-67
79
-124
123
-101
63
-66
35
-59
38
-35
23
-34
-7
36
-20
18
38
-19
-21
16
-36
78
-90
118
-85
90
-113
127
-173
135
-145
64
-66
26
-2
-10
60
-94
83
-137
105
-98
100
-44
92
5
-21
50
-67
59
-53
60
-18
-6
40
-53
70
-32
-18
-14
-28
15
-105
108
-53
65
-45
29
-10
-51
50
-89
75
-49
67
-28
25
-14
-2
5
-41
53
-79
34
-8
-16
71
-33
39
-2
-36
-2
-26
-19
3
48
-1
11
-40
85
-76
6
19
24
-40
56
1
45
-10
-15
17
-45
28
1
-21
8
31
-55
-17
-18
-20
-12
-9
-3
14
-13
17
7
-24
30
-23
43
-5
38
-40
41
43
-53
28
-46
105
-103
73
16
-17
-1
-31
15
-23
-44
30
-6
2
15
-45
80
-75
9
13
-35
83
-39
65
11
-24
-30
-7
10
-4
36
71
4
-11
-12
5
-29
-19
71
-44
44
6
-49
61
-50
-2
38
-68
-17
32
-67
38
2
-25
19
-95
30
-60
-18
21
-11
31
-31
1
22
-33
44
-13
3
20
-21
37
-7
41
4
2
0
3
5
-4
-9
19
-17
9
-35
16
-43
15
-21
10
-19
-16
33
-100
160
-197
162
-103
27
10
-66
142
-104
109
-129
98
-97
44
-1
32
6
-47
91
-156
153
-82
47
40
-95
80
-117
84
-47
47
-26
48
4
-62
105
-104
88
-118
87
-51
46
33
-22
93
-156
108
-71
36
-20
103
-72
48
-21
-52
64
-102
149
-124
92
-85
81
-96
62
-26
1
51
-62
124
-155
159
-121
98
-54
66
-32
16
-11
-28
20
-8
28
-70
67
-62
21
-25
13
-25
7
-18
-5
1
3
10
17
-31
30
2
27
-4
13
1
15
15
-26
40
-42
2
-17
6
-16
-17
18
-1
-28
2
-16
-24
9
-54
54
-26
2
0
33
-58
27
2
-15
38
-31
28
8
12
4
-7
28
-33
-5
-1
45
-12
-10
36
-22
3
-13
12
29
-27
-4
46
-40
15
-17
2
13
-21
-2
8
-33
18
-4
-11
31
-38
-8
-7
1
-15
39
-28
5
1
-5
-4
35
-7
6
21
-19
45
-7
9
11
-10
2
-18
8
-15
1
-4
0
2
5
-3
-1
3
-11
27
-45
27
-37
22
-16
-14
37
-52
7
-11
-3
15
-1
-2
3
-27
9
6
7
-2
6
-12
-21
24
-22
28
-11
13
2
6
-5
0
10
-8
8
0
8
-22
33
-23
17
-8
18
-7
3
-4
23
6
-20
43
-37
16
-7
-19
33
-16
-5
18
-18
15
9
-31
44
-32
-6
10
-13
15
-19
13
-20
9
-23
10
0
-6
-11
5
4
-9
8
6
-2
0
8
-9
22
-15
8
5
-14
28
-21
19
11
-12
14
-18
8
26
-37
13
16
-34
20
-10
14
-8
-8
9
3
-8
1
20
-3
-9
19
-9
1
-3
0
-1
-8
3
-8
16
-23
15
-6
-21
14
-18
-2
-7
26
-22
12
-1
-16
3
-22
19
-7
19
-14
23
-11
-11
14
-13
5
-1
-8
4
4
-9
14
-19
17
-24
6
10
-8
3
-2
0
-8
-3
-5
10
-3
-1
-9
4
-7
-12
13
-6
0
4
-5
12
-12
5
-2
0
2
-2
-5
7
0
-7
3
-3
14
1
2
-2
4
-6
7
14
-8
24
-16
9
9
-18
3
5
0
0
-3
13
1
-5
-3
13
-16
5
21
-21
19
-23
15
-5
-5
13
-6
8
-2
9
-10
4
-11
-4
3
8
4
1
-3
5
-6
-9
14
-12
8
-6
7
6
-13
10
3
-14
11
-9
7
0
-6
0
5
-1
-7
-3
-8
-1
-5
17
-18
3
-1
-8
-9
0
0
5
2
7
6
-14
13
-5
0
4
5
8
-6
10
-1
-8
3
-11
14
-7
-8
10
-10
-3
-2
-5
5
-9
1
-1
-8
-7
6
-6
8
-9
-3
12
-10
9
-4
7
-9
4
4
0
2
1
14
-7
2
-6
7
-2
6
-1
4
6
-1
6
-13
6
-10
1
-1
1
-5
-4
-3
1
0
-9
12
-5
-5
10
-10
14
-4
-1
6
-15
10
-7
9
5
-12
8
0
-9
4
-4
2
-1
4
5
-2
-1
-1
6
-11
13
-3
4
4
-3
9
-1
3
-5
3
0
-9
10
-3
10
-5
4
0
-6
2
1
2
10
0
-3
2
-6
5
0
1
0
-5
6
-9
1
-3
-4
8
-10
2
-5
5
-8
5
-6
-3
5
-15
16
-8
-2
4
-1
2
-6
3
5
-1
-8
16
-7
-6
11
-6
10
-7
1
10
-5
3
3
-3
1
-1
1
8
-9
7
-4
-5
1
-6
7
-9
-1
1
-3
-2
-5
3
-6
-2
7
-4
-5
4
2
-7
1
-5
12
-15
4
3
-6
8
-9
13
-10
7
1
3
3
4
-1
3
-1
3
4
-5
2
-7
1
-4
2
1
-18
10
-10
-4
1
-11
11
-1
1
6
-1
3
0
-1
15
3
13
2
9
11
-4
11
2
-2
10
-1
5
3
-16
7
-13
-3
3
-14
2
-14
0
-8
9
-7
2
-8
-6
0
-16
8
-2
10
-10
17
-8
1
6
-9
-4
-5
10
-3
7
0
-2
7
-5
9
7
10
-3
-9
13
-8
6
-11
11
-12
-4
12
-12
0
-12
0
-7
-10
-7
-1
-2
5
1
6
-1
8
-5
6
14
2
15
11
-5
14
-3
-6
6
2
0
-1
-10
10
-19
-7
6
-14
-2
-16
-1
-10
-14
7
5
-8
23
-15
7
1
-11
2
-6
0
13
5
-15
9
-13
-10
11
-9
14
-2
-3
-7
5
9
-12
21
-3
4
4
11
-10
18
-6
13
10
-12
21
-20
11
-15
13
-24
1
-8
-15
-8
-25
23
-11
18
0
-3
5
-13
13
2
4
1
0
5
6
7
15
3
10
18
6
-7
-7
-15
-9
-21
-4
9
-11
25
-19
4
-10
-7
12
-8
16
4
-11
10
5
7
21
8
14
13
-17
-1
-22
-7
-3
-9
17
-14
5
1
-14
6
-7
1
4
2
4
23
-16
45
-11
34
-1
-9
23
-24
10
-9
-7
8
-22
-12
-19
-21
-14
-10
-14
14
-11
-9
8
-4
5
18
17
7
19
-4
11
-7
-12
30
-16
0
3
-17
3
-21
-18
-7
-27
-15
-8
-27
10
-11
1
26
-7
5
-7
-11
-4
6
6
5
43
3
54
20
16
17
31
-3
29
-1
-8
10
-31
36
-36
-4
-14
-11
-39
-10
-6
-10
-6
-9
13
-18
-32
4
-33
2
-12
-4
10
4
3
11
-5
10
30
-7
33
20
30
30
15
46
18
-15
10
-20
-29
-25
-22
-26
-29
-24
2
-41
-33
-7
-35
-16
8
20
22
49
77
47
73
87
69
34
38
-23
3
-82
-69
-51
-98
-58
-71
-45
-36
-39
-17
-11
-23
-14
29
0
4
51
15
26
11
65
15
45
53
20
29
4
-5
-33
-13
-48
-27
-15
-18
21
21
58
38
66
78
32
67
25
5
-43
-37
-65
-60
-42
-18
6
-46
13
-6
-76
-35
-60
-65
-37
-45
-12
-22
3
-16
36
26
54
65
38
40
68
9
20
27
1
26
-34
-20
-79
-54
-69
-50
-2
-42
22
19
0
41
57
29
58
52
72
80
77
75
49
24
5
-30
-32
-125
-47
-128
-105
-74
-122
-55
-97
-104
-31
-54
-41
32
-3
68
96
96
110
201
121
161
221
112
168
83
62
-15
-65
-36
-193
-118
-135
-210
-151
-170
-125
-136
-102
-65
-44
-55
70
34
81
129
128
130
182
82
130
84
13
134
-97
179
-101
85
-82
32
-56
10
-86
20
-131
-65
-81
-73
-65
-63
79
-116
75
-9
48
-26
55
-64
56
-82
62
-22
80
12
64
67
-25
51
-88
45
-116
-14
-19
-126
-24
-12
-51
4
-22
-44
33
-65
9
-53
27
16
-13
87
-21
72
58
-16
57
-42
1
-20
-54
-16
-41
-22
22
-92
74
1
-61
152
-101
96
-28
-16
39
43
5
101
59
53
51
20
102
-85
112
-24
-20
34
-52
4
-57
-19
-92
-23
-83
-72
-51
-101
-40
-40
-38
-17
12
-27
38
33
-2
90
9
160
77
74
130
58
9
-23
47
-32
17
15
66
-59
-9
-32
-61
-34
-131
-27
-63
-54
-35
46
28
57
113
126
105
148
133
114
138
49
135
30
-34
-42
-54
-153
-101
-142
-165
-121
-288
-203
-222
-262
-144
-150
-88
15
-17
74
127
165
159
144
290
116
228
193
139
206
126
99
59
72
-52
-145
-160
-142
-285
-235
-187
-261
-199
-166
-125
-93
-21
-25
51
70
-8
43
91
87
134
224
235
183
275
213
24
168
50
-94
111
-70
-77
-40
-104
-66
-179
-110
-77
-236
-169
-196
-243
-100
-146
-60
20
-10
54
117
100
65
110
163
45
36
236
73
84
206
110
80
34
99
60
-58
23
-59
-110
-141
-180
-137
-171
-190
-36
1
-130
73
56
-26
36
29
41
-1
-58
-6
16
27
56
68
47
9
93
26
-107
-20
-79
-46
50
-84
29
52
-52
88
43
68
153
72
239
142
103
142
73
-16
-41
-72
-156
-140
-107
-25
-94
-219
-104
-128
-317
-133
-156
-131
-37
33
121
25
208
286
195
242
182
126
199
240
82
76
-3
-284
-147
-148
-120
-152
-161
92
-66
-30
255
34
95
179
-30
204
-3
11
206
-197
-47
10
-161
-108
-187
-160
-172
-84
-262
-257
-152
-302
-53
-142
-61
16
-7
-8
-44
104
52
160
219
441
233
323
574
297
349
344
337
252
255
189
65
-33
-90
36
-452
-290
-395
-631
14
-396
-427
-164
-482
-263
-293
-221
63
-154
-44
141
273
53
27
411
-78
161
177
67
357
108
186
-104
-36
-165
-405
-332
-35
-322
-273
194
-83
219
197
86
81
-21
-62
193
147
69
117
78
-61
-199
16
-325
-250
-48
-50
-18
49
-192
-217
-286
-543
-181
-469
-58
-49
-107
250
-27
358
82
189
73
-128
364
271
740
482
585
867
314
964
355
130
472
179
193
-226
162
-54
-1001
42
-832
-1030
154
-1142
-295
-254
-678
374
-594
-73
689
-415
493
739
329
703
699
778
291
511
773
365
524
476
132
4
-25
44
-188
-848
-803
-790
-888
-885
-791
-556
-821
-825
-575
-494
-211
-130
160
108
74
445
410
625
992
845
673
795
566
289
114
-61
-120
-431
-253
-283
-295
-323
-542
-481
-798
-831
-590
-463
-505
-529
-224
114
190
628
609
-1
425
118
-36
352
203
360
-58
-52
201
12
221
218
-213
-18
-321
-335
-270
-228
217
-34
182
272
104
409
158
95
375
-139
-92
150
14
83
227
137
-14
-189
49
-202
108
491
279
130
134
203
-196
258
338
148
272
38
66
168
-7
-48
80
72
-115
275
-440
-585
365
-869
-192
516
-300
524
-244
-517
488
-952
-180
28
-1103
496
3
-241
490
-137
-114
14
-62
213
113
16
321
-60
259
524
-167
284
-79
-303
-14
-348
-86
-157
-278
-471
-322
-306
-126
136
37
191
78
310
305
147
540
414
208
142
147
172
-92
31
-161
-638
-325
-448
-648
-173
-329
-290
-303
-602
-425
-279
-154
274
279
444
632
328
613
593
585
674
440
730
488
43
226
357
64
-216
-53
-344
-704
-494
-198
-376
-545
-335
-641
-829
-421
-108
-104
78
446
366
471
798
655
524
328
-40
520
269
26
549
181
601
-371
-885
477
-1628
-682
257
-1417
174
-468
-897
710
-1173
231
750
-1495
923
492
-575
814
491
179
477
33
378
223
-241
450
-329
-603
341
-337
-469
-61
-514
-347
-94
-121
16
-74
-115
-244
-318
48
244
462
469
199
432
624
276
450
420
-484
-255
-25
-618
-55
304
359
-374
-563
55
-528
-416
341
-531
-506
292
-82
378
236
402
23
95
683
-91
347
748
196
86
187
297
219
-131
120
4
-460
-378
-453
-207
-35
-440
227
-354
-430
129
-10
-20
-209
84
-149
216
179
28
488
237
-60
368
223
198
56
329
-232
-296
719
-217
-373
-237
-616
-833
-237
-231
-355
-350
221
-54
-7
103
22
657
-713
387
569
-713
1046
810
274
270
148
303
-530
-19
-175
-503
-225
-436
36
-271
-442
79
-721
-307
252
-401
-44
157
146
505
37
657
661
649
985
331
1086
-66
395
552
103
-10
-286
253
-724
-574
-242
-633
-925
-58
-671
-543
-791
-215
-19
-734
1056
-38
-165
644
1057
39
-134
719
-231
25
225
149
-259
51
-207
-757
-440
-352
-31
-381
-218
-621
-293
376
-363
315
185
684
293
603
191
134
494
-71
84
-29
1001
-413
16
-321
-620
136
-1465
-725
-316
-1145
-429
-624
-157
807
-995
287
282
-1062
1457
258
-790
2010
168
79
1251
-204
989
-12
49
426
-774
192
372
-173
-80
-269
-136
-380
-595
-189
-778
-531
-55
-140
396
-2
593
323
168
879
-314
1063
888
-177
719
625
-107
687
145
46
788
-386
432
-167
-952
-188
-309
-641
-472
341
210
-441
383
411
-394
348
355
60
185
131
580
26
426
252
209
-69
-518
369
-229
-620
-547
329
-1221
334
319
388
-154
-353
1113
-1356
361
944
-465
-727
565
-470
-1454
55
-169
-2198
-458
-645
-954
26
-1312
1740
-401
-1556
2514
414
-1070
2022
753
-57
1209
511
1409
238
-268
780
-1000
-1040
543
-392
-746
-453
-898
-1862
-1099
-689
-1052
-1044
-1354
-235
-221
219
600
507
-11
-98
552
362
270
659
823
263
412
-292
-132
-169
-154
528
-534
-311
-67
-769
-301
-149
228
528
53
-8
-50
903
482
222
1239
591
379
434
1150
1237
629
1155
675
712
848
575
145
215
263
406
900
863
607
435
469
402
529
-494
-188
-466
-920
-678
-572
-1257
-523
-349
-2258
-715
-1254
-2098
-741
-480
-1062
1119
184
876
1759
-190
1648
2036
501
2135
1929
-138
1701
1028
-306
290
-642
-765
-561
-1834
-1016
-1050
-1508
-1574
-1874
-1644
-1934
-1829
-1848
-1773
-1617
-1190
-951
-722
-605
-314
-323
-62
-55
251
20
-821
722
208
365
967
277
-582
-414
-64
-362
-753
-585
-201
-1475
-632
-843
-254
806
1252
775
357
1297
2422
1819
2287
3361
2086
3526
3532
3217
3151
2482
2030
1400
638
1291
952
-431
-853
-266
-2121
-1332
-1499
-2477
-2053
-2673
-848
-1667
-1269
157
508
1238
1132
1173
1374
812
1273
2533
1957
1543
2084
794
705
801
-748
-986
-876
-1748
-1185
-370
-3033
-1403
-1539
-4230
-1761
-2137
-1908
-721
-1122
-1475
-1421
-1098
-968
-1188
-1414
-1032
-1279
-1371
-1088
-975
-1603
-1711
-2066
-1883
-1419
-896
-564
-1000
-1245
-810
748
-577
712
890
-134
1571
435
2167
1445
1593
3027
1460
2230
2832
2185
3118
3638
3292
3767
3655
5191
3354
5080
5250
3430
2423
1743
2377
-1907
939
595
-3093
-865
-2836
-6546
-4004
-6816
-7438
-3775
-6531
-2131
230
-4287
1898
3053
-1012
6869
6346
2553
8458
7801
5012
9972
7153
3669
4824
1210
1056
383
-4804
-3169
-5121
-10009
-7160
-7678
-10324
-8931
-9144
-9314
-8049
-7600
-4330
-3926
-3688
195
659
769
2944
4996
4287
3563
5664
5688
3322
3695
2042
-636
-647
-1273
-1430
-4214
-3119
-4453
-6221
-4952
-5314
-3854
-4958
-4514
-2715
-1937
-618
2290
3155
3831
5532
6242
7019
8539
8787
8572
9245
8150
9915
8084
7351
6611
3829
5067
2444
1824
-179
-2562
-4092
-6864
-6931
-7224
-5834
-6491
-9713
-4864
-5878
-8205
-1885
-947
-956
3421
4384
5724
7689
6304
9827
9976
5519
9066
9683
2352
3657
5252
-428
-1938
-2110
-3525
-5264
-8751
-9533
-8873
-12843
-12047
-8537
-11530
-10947
-7052
-6378
-5095
-3337
-1326
638
-362
2462
6152
4811
5677
6571
5605
3272
2021
1770
406
-2092
-1714
-1828
-5390
-4491
-4743
-6529
-7205
-6703
-5154
-5843
-5569
-1553
-1332
-1281
1576
4476
4785
6201
10133
10613
10638
11911
13752
12432
12723
15210
12749
10894
10679
8907
5386
-1372
-1364
-7049
-12786
-9488
-7901
-10966
-13496
-11216
-13211
-18191
-13544
-4717
-5009
-6553
2923
8659
3956
12034
20166
14201
12955
19588
19958
13222
14012
16336
8228
-231
2053
5207
-5940
-9279
-7974
-18418
-21919
-20216
-18786
-19114
-23435
-17989
-13094
-17485
-9801
-3416
-7287
-4119
3552
7103
8061
10301
13965
11920
7057
9034
9743
4720
3347
1588
-3057
-6032
-6564
-5932
-9488
-11862
-10351
-10537
-12416
-9775
-7089
-6906
-4960
-863
1729
3945
8361
10909
11697
12440
16015
17293
18496
19899
18705
18373
17188
15207
14031
10795
7197
921
-4595
-8448
-14428
-12869
-11977
-9216
-13261
-17876
-12581
-17524
-17998
-6062
-3730
-1645
1201
4627
12061
10447
16697
25541
17442
15419
24699
19600
11453
12897
9971
1342
-1597
-966
-2939
-10496
-17963
-17713
-21897
-26873
-20019
-20147
-27369
-20424
-17978
-17376
-10628
-8062
-3527
-2430
-1156
7277
9955
10235
13352
10220
8092
9487
8842
7120
4436
820
-2412
-6919
-8088
-7054
-10782
-11724
-13906
-16183
-13036
-11927
-9278
-6294
-5434
-1937
277
4016
9655
11065
13500
17073
19537
22483
23765
24544
22939
19695
20051
18238
17686
15775
9063
332
-10779
-15597
-18498
-17768
-9454
-16068
-16588
-11815
-22399
-17993
-8625
-8057
-2863
-2853
4898
16665
13979
23252
31339
21276
21800
28772
21798
19364
20106
11886
4828
1702
-843
-1627
-9691
-20877
-21994
-26947
-29799
-23568
-30581
-29228
-23211
-28970
-15160
-8022
-10383
-3612
-4252
-1000
4104
6707
15565
14162
9351
12886
9383
3857
5654
3923
-3795
-7650
-8625
-9142
-12934
-14838
-13155
-19057
-19280
-13260
-13190
-11024
-8706
-5164
-1555
-258
8513
14792
14215
16879
22103
24837
25428
27533
29247
24471
21201
22982
22562
18822
14221
11311
-7429
-21983
-17851
-28189
-22245
-12707
-19909
-10162
-18406
-24996
-8188
-14506
-10757
4375
-910
9446
21246
19910
29490
30579
23249
29993
27231
18492
23771
16829
6256
8090
807
-4233
-3726
-15896
-21326
-24201
-29816
-25233
-29880
-31336
-25956
-26562
-18968
-10121
-6080
-5854
-4567
-470
-1401
4358
12485
12807
12050
12496
11368
5269
4296
2060
-4580
-5856
-7976
-9872
-11346
-13027
-12904
-15895
-16791
-13263
-13165
-11513
-8403
-6433
-1717
1773
5656
10746
12961
16207
17383
20326
24348
22991
26145
22571
17487
19985
16163
17305
16776
9240
1658
-12600
-24676
-22465
-24721
-23256
-7800
-9962
-13924
-9757
-14199
-8961
-6095
-6958
10544
9995
10496
29927
26459
23276
32327
27705
22137
23664
17894
15903
10939
422
1268
-3799
-10754
-9444
-17640
-24335
-24156
-28160
-27983
-25432
-25444
-20410
-17496
-13430
-4742
-4011
-3142
-723
-1480
887
4959
8834
10517
9648
8901
5072
889
-2268
-4884
-6509
-8641
-10126
-11986
-10648
-10641
-11998
-10287
-10809
-10336
-9534
-7305
-3390
-1027
2664
6053
8161
10973
14445
16505
17144
20033
21887
19511
19756
15871
15462
17917
14293
15388
9528
527
-11117
-23207
-21057
-20004
-17196
-8087
-7386
-7989
-12094
-13092
-4473
-6834
-2833
8265
8669
13670
24288
25963
27228
28571
24648
24205
21043
17305
18838
12316
4362
1706
-5527
-7165
-9230
-19283
-22570
-24799
-29858
-28696
-28909
-25595
-21557
-23295
-14394
-8254
-9217
-4025
-2477
-3849
-1335
4726
8610
7918
11207
11786
4919
1040
-9
-2244
-4250
-5790
-7490
-10006
-9868
-8416
-10052
-11526
-11435
-11963
-11771
-8429
-3799
559
3692
4907
9461
13023
15955
20325
21492
22612
22703
23592
19593
17939
20585
16002
16769
13207
4359
-2178
-22220
-26115
-21572
-27797
-14880
-8181
-12344
-10049
-17547
-13407
-4828
-7662
1616
12436
10685
17918
28710
29239
31495
31533
26200
26392
23186
19870
20445
9953
3394
1572
-7875
-8576
-11195
-23584
-25135
-27268
-32616
-30226
-28770
-25018
-24194
-23835
-13182
-8186
-7019
-3098
-569
-1248
174
8774
11588
11339
15811
12213
5203
2274
1138
-232
-5329
-6852
-8274
-11292
-10379
-11551
-13025
-14825
-15859
-14158
-11584
-7540
-2355
1970
2694
6774
13066
16254
20285
23234
24963
25739
23748
24661
22108
18813
19404
17242
13510
6309
-1146
-15290
-26997
-24681
-28541
-27162
-11133
-14330
-16485
-14649
-19330
-8980
-8121
-5240
14094
12822
12248
29605
28644
25645
32650
27380
23290
25075
19974
19066
13973
4568
1822
-4969
-10363
-10652
-18676
-26386
-25247
-29361
-31600
-26551
-25500
-24559
-22659
-17206
-7686
-7886
-4178
2590
-678
1774
7586
11843
13375
13623
15232
8981
3781
3876
601
-3087
-6233
-7172
-9449
-11461
-10624
-12617
-15835
-17615
-17427
-14931
-11376
-5876
-918
1040
4135
9296
14109
17845
22914
25182
26152
27378
26818
25102
20560
20883
20777
16035
11316
2593
-14208
-26119
-27309
-28080
-22726
-15386
-14895
-17157
-23319
-24153
-13310
-9932
-5786
8191
11552
16193
26493
30602
31746
32175
27123
26155
27713
23913
23965
17693
7617
2612
-4684
-8064
-9188
-19872
-27394
-27650
-31468
-31974
-28775
-27689
-26212
-25849
-20321
-9343
-7581
-5486
948
257
932
9879
15148
15268
15670
16335
12081
5624
5554
4774
-1126
-5414
-6677
-8362
-10115
-10025
-11765
-17199
-19900
-19486
-17322
-14401
-8562
-1981
-1106
1470
7261
13098
17954
21370
26077
28382
27443
29377
28164
23207
23150
21852
17831
12816
2723
-13659
-26295
-26869
-29804
-25122
-15465
-18383
-21038
-28015
-28202
-15256
-14246
-7856
7523
7913
13522
24396
28177
30791
32459
27579
26099
27397
23309
24324
18558
7781
4866
-1827
-5261
-7859
-19866
-24270
-26671
-31845
-29956
-27960
-26999
-25388
-25212
-18494
-10626
-8072
-4332
-1798
-1187
2147
8961
13247
15486
16692
16661
12813
8077
8161
5769
636
-2436
-4940
-6298
-6992
-9009
-10238
-14756
-17888
-16939
-17937
-14100
-8713
-5483
-1745
-68
5375
11539
14428
20274
24264
26217
27952
27860
27485
25443
23287
21472
20312
12456
187
-9949
-22056
-25820
-24756
-24405
-16586
-19210
-27225
-26842
-26937
-21667
-12267
-8561
-114
8954
12164
20959
30508
30368
31538
31418
26528
28842
27286
24228
20333
9668
4924
1718
-5029
-8876
-17983
-25440
-28064
-31963
-31917
-29116
-28790
-27576
-24468
-20488
-12784
-8544
-7917
-3656
-1116
2386
9375
12761
16433
17411
15927
14954
11464
9734
8175
3000
-1707
-3821
-4923
-6443
-9395
-12143
-14955
-18368
-19819
-17768
-15340
-11734
-7873
-4718
-832
3494
10644
15273
18564
24475
26761
27746
28847
27966
28495
25075
25732
25077
12823
3880
-9404
-21733
-23480
-24734
-19648
-16744
-23537
-25947
-29582
-31089
-21198
-14709
-10916
-984
6088
10765
21428
28771
30995
32535
30309
29183
30943
29536
27453
20778
10778
7592
1958
-5805
-8085
-16948
-25457
-29267
-31773
-30482
-32188
-30906
-26639
-26512
-21244
-12788
-9478
-8865
-5003
496
4317
8214
14917
19054
16413
15750
15919
12702
10514
8640
4886
-1206
-4586
-4062
-6712
-10430
-12430
-15571
-19706
-20667
-17677
-14421
-12041
-7889
-4282
-1775
2943
10333
15373
19389
25317
26923
27732
28465
28504
27360
25783
28701
23710
12535
1843
-11894
-19522
-23157
-22604
-14973
-19313
-25877
-26505
-32037
-28997
-21281
-16503
-8571
-1907
2950
13658
21334
25052
31246
31592
29543
31530
32393
30787
28216
18991
12518
10756
1317
-4567
-8773
-17583
-22908
-28251
-28181
-27016
-32064
-29955
-24962
-24443
-19885
-12349
-9151
-9359
-5549
1181
4921
7099
13697
17758
14057
13331
14930
12605
9326
7456
4785
-284
-3182
-2947
-5517
-10056
-11996
-14123
-17777
-18864
-15912
-12550
-11744
-8802
-3879
-1076
2544
8680
15194
17874
20908
25025
24469
25131
25915
25141
25588
22801
18202
7886
-5272
-9815
-14505
-18649
-14765
-14256
-18739
-24585
-28349
-24432
-22005
-21381
-11245
-4341
-3196
4810
13821
18549
22472
25394
27518
28616
28174
28786
28404
22047
15101
13271
9539
2575
-3897
-10070
-15149
-22911
-27628
-25571
-28956
-32365
-28643
-26322
-23370
-19055
-13452
-11295
-10761
-3960
2295
5140
9761
14232
16894
15408
13845
16439
14582
9925
8151
4886
840
-910
-2284
-5973
-10994
-14182
-16240
-19394
-20325
-16768
-14619
-14120
-10631
-5091
-635
2723
8957
15082
18660
21801
24939
27235
25953
26609
28422
26938
22768
17741
5136
-6749
-10042
-14553
-15820
-13019
-15649
-20410
-27739
-30696
-23707
-23138
-21419
-9800
-4796
-3012
5686
14051
19041
22294
23593
27654
30109
29103
30282
27637
20266
14492
13519
9951
2589
-3354
-9269
-16391
-23809
-26269
-25567
-30261
-31881
-28030
-26926
-23636
-18183
-14092
-12788
-10448
-3850
1491
5193
10147
14646
16304
14749
14460
16438
14402
11126
9083
5126
2118
493
-2134
-5945
-11272
-14509
-17072
-20203
-19769
-16756
-14772
-14189
-10855
-5769
-365
4091
9133
16539
19798
21867
25181
25920
27253
26554
28163
28017
20330
13370
2004
-8083
-10416
-14901
-14081
-12887
-18779
-23070
-28525
-28982
-23390
-22083
-18476
-8587
-3718
-555
8555
16184
19336
22304
24926
28751
30905
30769
29761
24939
17696
14291
13524
7607
621
-3978
-12494
-20058
-23773
-26311
-27778
-31274
-31379
-28003
-26801
-22710
-17070
-15532
-13600
-8368
-2149
2307
6858
12449
14482
14411
14644
15120
15934
14191
11759
9298
5656
3720
1247
-3021
-6764
-11620
-14763
-17346
-19609
-18078
-16589
-15911
-13795
-10080
-4670
427
5638
11460
16303
19614
23220
25172
26524
28190
28271
27986
24714
17619
8833
-1216
-6890
-8733
-12369
-12379
-13815
-20363
-26140
-28182
-25155
-22842
-21140
-14679
-7613
-4399
1284
10108
15171
18366
21968
25264
29057
30349
30152
27851
21574
17415
16407
13130
7174
593
-5419
-14043
-20590
-22512
-24733
-28318
-30711
-28813
-27666
-27018
-21506
-18360
-17634
-13167
-6885
-1157
1764
6564
12204
12226
12661
15230
16164
15408
14076
12748
9484
5799
4652
1197
-4642
-7377
-10014
-14446
-17834
-18608
-17649
-17858
-16468
-12664
-9593
-5035
464
6147
12310
17275
20431
22362
23634
25066
28116
29698
28582
23240
14874
5135
-5020
-6657
-7642
-11291
-11525
-15680
-21630
-26389
-28637
-22891
-21665
-21931
-11377
-4928
-3363
3441
11004
14287
17301
21542
27061
30293
29403
28469
25036
19278
16624
15837
12320
5160
-486
-6373
-15189
-20537
-23741
-26157
-29109
-30073
-25863
-25478
-25201
-21510
-19627
-16712
-11832
-4737
772
2049
6793
11451
12183
13554
15173
16616
14917
12359
12636
10066
5306
3720
107
-5750
-8559
-10204
-13875
-17543
-18590
-17305
-17122
-15965
-11109
-7420
-4552
1743
7371
13445
18417
19996
22789
22510
24615
27869
29266
29019
21364
13784
3033
-7185
-5456
-8780
-11453
-10697
-17317
-22183
-27099
-27870
-22134
-22913
-20134
-9871
-5320
-2642
5086
11614
14058
17417
21912
27407
30055
29116
27470
24722
18546
16557
17158
11305
5506
-571
-8047
-14348
-22176
-23924
-24588
-29937
-29323
-25143
-25023
-25293
-22799
-18940
-16472
-11652
-3350
2102
3278
6793
11164
11246
11981
15124
16559
15102
13039
13405
10427
4450
2598
-636
-6561
-8904
-9654
-12379
-15983
-16872
-15812
-15887
-15460
-10792
-6137
-4530
1127
7865
11983
17320
19599
21993
22971
23885
27845
28188
26746
20647
13864
4476
-5856
-4632
-6694
-12545
-11419
-17852
-23092
-25889
-28892
-22486
-21406
-21229
-10818
-6805
-4829
3655
10739
13465
17388
21793
25743
28727
27680
25537
24524
19601
17348
19009
12965
6681
201
-8534
-13061
-20099
-22948
-21239
-27471
-29390
-25910
-26404
-27391
-25045
-19745
-15795
-11414
-4087
1451
2026
4045
9706
10633
11422
16672
18519
16697
14216
13313
11418
5270
2272
1299
-4678
-7856
-8492
-12207
-15841
-17473
-16917
-16493
-16031
-11194
-6438
-4918
-805
5882
10440
14990
19754
23449
23134
24192
28770
27668
26719
21966
14101
7197
-3960
-5377
-3953
-10498
-11300
-15755
-22381
-24324
-27255
-24229
-20132
-19585
-13848
-8175
-3750
2622
9464
13474
17638
21436
24087
27294
28172
25481
22291
20373
18420
17788
14867
7004
273
-7459
-15516
-19031
-21911
-23212
-25287
-29301
-27674
-26511
-29021
-25908
-20819
-17218
-11407
-4478
461
1408
3626
8814
9995
11453
16938
18863
16459
14383
13613
10809
5658
2869
1095
-4084
-7517
-8549
-12393
-16308
-17452
-17240
-16681
-14845
-10781
-7069
-5100
-1500
4270
9548
15064
19882
22454
23280
23366
25759
27743
26734
21481
14416
7976
-2904
-7376
-5321
-7365
-10816
-15763
-19189
-22342
-27620
-23675
-18126
-17874
-13579
-7646
-3055
2443
8805
13914
17801
21425
23562
26196
28196
25115
21378
20711
18769
17152
15054
8463
1149
-7688
-15773
-18444
-22133
-23649
-23787
-27535
-27950
-25988
-27677
-26442
-21865
-17547
-11850
-5639
-767
1950
3557
6326
8809
11013
14750
17315
16588
13934
12105
9772
6163
3445
821
-2378
-6202
-9252
-11187
-13740
-15215
-15552
-14836
-13083
-10637
-7178
-4195
-1277
2803
8002
14267
17966
20604
22609
22293
22565
24571
27227
21606
13471
9639
-580
-7890
-6827
-4708
-6594
-14808
-17709
-18479
-26078
-24672
-17100
-15537
-13991
-9222
-3608
1871
7946
12358
16901
19581
20792
24906
26727
24928
22201
19112
18290
17697
16219
11294
3661
-4038
-12888
-18427
-19708
-20779
-22547
-25290
-26251
-24944
-26542
-26409
-22270
-18788
-14457
-8843
-2718
752
1924
4747
6386
7896
11138
14197
15681
13207
10897
10083
6367
3630
1968
-1098
-4514
-7959
-9661
-10695
-13120
-13857
-14192
-13747
-11855
-7897
-4671
-2603
1796
5890
10573
15319
18218
21024
21264
20889
24057
25429
23923
17745
9506
1758
-4572
-7610
-5329
-3232
-8549
-15931
-18860
-23082
-23605
-19880
-16401
-12784
-11030
-7726
-476
5951
10847
14840
17293
19975
22628
24697
25343
23095
20030
17558
17792
18691
13967
6924
22
-8791
-15915
-19660
-18756
-20599
-25571
-25430
-24480
-25689
-26666
-24703
-19827
-17731
-12514
-4532
-600
662
3273
6251
7339
8868
13321
15752
13551
11763
11435
8288
5152
3816
1040
-2915
-6030
-7400
-9312
-11643
-12890
-13893
-14883
-14041
-9155
-5999
-3932
219
3777
7610
11672
16222
18284
19965
21737
22116
24466
25360
20812
12514
3126
-1133
-4743
-7941
-3246
-3200
-12702
-18405
-21147
-22744
-21310
-17819
-13580
-10261
-9237
-4712
2939
8041
11753
15445
18733
21930
23473
24262
24317
21075
18676
17302
18821
18067
10111
3892
-4350
-13042
-16350
-19696
-19050
-22101
-26665
-24164
-25310
-27127
-25386
-23578
-20408
-16101
-9327
-3340
-874
1080
3311
6393
8102
11292
15441
15410
13322
12310
10346
7333
5686
3509
-387
-3647
-5814
-8015
-10280
-12848
-13436
-14211
-14621
-11045
-7570
-5189
-2191
1443
5448
8575
13020
15849
17670
20231
21392
23479
23455
23458
18775
6483
2082
-1286
-6548
-4218
-3586
-5815
-12449
-20420
-20563
-20508
-20090
-14858
-11763
-9483
-6521
-3123
3561
9362
12615
15569
19326
22170
22786
23250
22482
20163
18058
16731
19705
17220
6606
1799
-6224
-14807
-16551
-18966
-18940
-22046
-26638
-23517
-24118
-26651
-24874
-21773
-20348
-15927
-7825
-3182
-1261
387
2527
6302
7515
10986
15453
13378
11165
11013
9081
5789
3577
2395
-1245
-4971
-5690
-7079
-10915
-13417
-12415
-13073
-12978
-8633
-6132
-4244
-1657
1672
7832
9692
13404
18273
17153
20332
22505
23831
26017
21117
16113
8567
-858
-3153
-3678
-3646
-4118
-7361
-12252
-18726
-20750
-19901
-17380
-14830
-12749
-8247
-5405
-1768
5003
10111
12632
15518
19398
22303
23726
23806
22156
19383
17474
18055
18413
16325
8066
-634
-7185
-14295
-17467
-19951
-21367
-22920
-27332
-25865
-23735
-26019
-26163
-22868
-19562
-16275
-8369
-1242
-340
1585
5129
7567
9622
12495
15315
14052
11248
10929
8928
5845
3009
903
-2542
-6217
-7488
-8380
-11842
-15394
-14695
-13340
-13180
-9033
-5683
-4453
-3040
1526
7494
10619
15116
18542
19004
21076
22367
25630
25216
19797
18900
9471
387
-1466
-3976
-4744
-7399
-11113
-9736
-17918
-22856
-18996
-17900
-19007
-14459
-8669
-4341
-1014
4554
10141
13314
14515
19272
23879
24515
25513
23173
20470
20265
17674
16948
15994
8294
-269
-8047
-13511
-16394
-21606
-23518
-24203
-27706
-28870
-25745
-23787
-26235
-24831
-19116
-15533
-9320
-1875
3172
5179
5552
8874
12344
12686
14830
15868
12703
11402
9485
6575
3554
-542
-3231
-6479
-9326
-9494
-11478
-14800
-15804
-14381
-12571
-10054
-6956
-3605
-1151
496
6187
12256
14312
17299
20773
20911
21512
22236
22717
20799
17782
14781
5860
-3070
-4273
-6287
-11183
-11357
-9135
-13441
-22134
-22401
-17815
-19107
-18827
-9381
-3593
-3060
2059
9113
12885
15501
18474
23781
27046
26175
25554
24047
22228
18728
16357
16522
11092
2396
-5238
-11317
-15170
-21990
-24729
-25218
-29285
-29674
-28142
-24998
-24729
-26645
-21377
-17417
-13387
-3407
2649
4444
7445
9975
11722
12685
14663
16826
14617
12386
11807
8562
4683
1692
-1568
-5620
-9089
-9644
-11283
-14753
-16032
-15148
-14041
-12434
-8597
-4996
-3683
-495
3045
7589
12617
15747
18662
20226
21021
22142
23315
22727
19168
19721
16734
830
-3297
-3678
-11115
-10902
-9599
-9029
-11825
-25845
-22623
-15626
-22044
-16531
-5651
-6520
-4089
1624
6972
13225
15762
18718
24908
26611
25274
26146
25721
23124
18746
15833
16369
11730
1134
-4831
-9016
-16244
-22716
-24424
-25753
-31402
-31589
-28212
-26795
-26854
-26405
-20261
-18786
-15530
-3279
2128
4150
9037
11994
13267
13096
16301
19074
15430
14111
14500
9659
4626
2658
-636
-5284
-9059
-9980
-10394
-15427
-17166
-14872
-16269
-14972
-10010
-7062
-4337
-1871
2348
7195
9768
15583
19697
19911
21554
22846
23634
23127
22963
20619
18789
12389
-4554
-4176
-4003
-15681
-10368
-8933
-13545
-17021
-28790
-19668
-13733
-24638
-13877
-3641
-8999
-3405
6583
11121
16488
18318
20560
27450
26552
24781
28220
24634
19139
16320
14581
13598
7478
-3300
-9538
-12831
-21538
-26392
-25396
-29126
-32569
-30491
-27096
-24246
-24714
-23147
-16123
-15003
-10381
2853
6159
6551
12360
14495
13968
14165
17829
18395
12561
11627
11707
5972
2104
308
-4279
-9394
-11352
-11972
-13325
-14951
-15555
-14563
-15115
-13108
-7374
-5121
-2306
3408
6782
10736
13694
17492
21531
20228
21931
24909
23587
21864
20389
16888
14376
10087
-2111
-7825
-7755
-16516
-15696
-12697
-14103
-13563
-23463
-23568
-14246
-19205
-15302
-3591
-1779
1324
7868
12970
18662
21819
21874
25636
26589
23924
24348
22649
18388
14132
10092
8784
5020
-4600
-13527
-16759
-22266
-29284
-28632
-26750
-31490
-31096
-24932
-22590
-21377
-19310
-14023
-10472
-9440
1761
10261
9100
13164
16867
14947
12365
14093
16442
10934
7571
8591
3536
-933
-1865
-4910
-9804
-12980
-12653
-12383
-13924
-14146
-11715
-11723
-11569
-6150
-1897
217
4363
9319
12227
13940
16230
19779
19835
19900
22128
21600
19534
16336
14179
10978
9042
3803
-6928
-9273
-12707
-17750
-12251
-12192
-10242
-12698
-21508
-14499
-11306
-13542
-3591
779
1363
7159
10767
14505
19996
20030
20159
22226
20708
20869
20376
15857
13177
9310
4517
4501
-233
-10597
-14014
-18827
-24495
-24940
-25814
-25447
-27904
-27936
-20422
-18828
-18293
-13283
-10122
-9577
-5408
4912
8668
7623
12290
13739
10077
9544
12031
11384
6322
5632
5960
672
-1536
-2096
-7112
-10428
-11406
-11493
-10556
-11503
-10547
-8413
-9659
-8141
-3125
-436
1671
6051
9594
11217
13592
15102
16920
17580
17916
20745
18461
14910
13480
10299
8008
7823
7197
-2217
-9382
-8297
-13913
-13683
-8596
-8469
-6938
-15069
-15456
-4955
-9754
-8014
2917
2054
3631
8912
12542
16127
15834
15572
18455
18639
17469
16752
14434
11114
6514
3677
2941
-725
-8106
-13439
-14935
-18498
-22874
-22196
-20636
-23772
-26744
-18842
-14382
-17917
-13198
-8950
-9179
-7503
-357
7842
5064
5151
11968
9549
5970
9391
11999
7052
2801
6349
4539
-1853
-509
-1077
-7597
-9877
-8031
-8238
-10192
-9729
-6540
-6646
-8560
-4559
-1015
-1294
867
5112
7906
9265
11241
13689
14452
13951
15771
16799
13934
13193
13060
11231
9423
10848
10970
-1179
-8005
-5349
-11318
-10228
-5406
-4559
-4101
-15750
-14165
-3899
-12030
-8788
2033
-735
675
5435
9536
13317
12968
13326
16182
17042
15078
16067
14618
9365
6750
4504
4549
2852
-5566
-8383
-10735
-17662
-19365
-18790
-19910
-23107
-24336
-18762
-17046
-17674
-15188
-13450
-12333
-11045
-2756
4083
1800
4871
8858
6536
7385
10434
11087
8076
6441
8538
6868
3678
4429
1083
-5181
-5617
-5364
-6599
-6565
-6681
-6954
-7844
-9081
-7700
-6238
-6027
-3632
305
3503
6169
7819
8753
10685
12531
14211
16814
16061
14597
15345
13710
14020
15089
14363
8360
-3431
-4588
-6021
-10353
-5101
-3842
-5278
-11280
-18279
-11166
-12710
-15380
-5215
-3736
-3492
1608
4949
9462
11044
11402
14517
17588
17677
16468
17933
14086
9118
8571
7379
6608
1794
-4626
-6567
-13306
-18298
-18329
-20765
-22604
-23916
-23343
-19979
-18652
-18104
-17225
-14472
-12241
-8574
-340
2968
3318
7754
8832
8633
11216
12887
13282
10811
9550
10072
6071
3427
2787
-1748
-5426
-5237
-6585
-8307
-9074
-10916
-11656
-12519
-12797
-9691
-7258
-6098
-2101
2038
4453
7620
10336
12090
14629
16851
19191
19983
18957
19519
18456
15977
15503
14343
12318
6242
-5464
-5396
-7121
-13494
-9838
-7514
-9372
-14062
-21250
-14016
-13351
-17973
-7720
-1425
-2451
1625
7323
12152
13503
14275
17448
19476
18836
18629
19703
16150
11201
8749
6724
4911
665
-6103
-10484
-14537
-20510
-23276
-21838
-22808
-25823
-25088
-20209
-19843
-21316
-17103
-12868
-11563
-6988
1367
5637
5407
9655
13097
11310
12621
15017
14525
11412
9957
11254
6777
1783
1172
-3142
-8698
-9900
-10266
-11936
-13885
-14327
-13707
-14808
-14722
-10270
-6984
-5462
-1744
3566
6828
10360
14238
16735
18249
18348
21832
23026
19873
20341
19959
15320
13352
12566
10528
7847
-2419
-10523
-8147
-15700
-17437
-7860
-11368
-12451
-15518
-20081
-11939
-13057
-12087
-303
15
1314
8097
11884
15137
16652
17474
19335
21162
20266
18831
19602
12523
5733
5510
3865
2758
-2751
-9739
-11285
-18717
-23980
-22096
-22602
-26151
-26695
-23477
-20327
-18755
-17888
-14041
-11129
-9296
-1946
4722
6770
8565
11454
13188
12320
14619
15680
13462
10089
6610
6310
1913
-2022
-2643
-7858
-11256
-11612
-13384
-14790
-15330
-15406
-14858
-13780
-11865
-7024
-4169
-2273
2926
7073
10241
13963
17045
18414
18997
20776
22752
22970
20919
18948
17614
13678
10831
11340
9429
4128
-1677
-11137
-12743
-14036
-18635
-11605
-9834
-14731
-14476
-17248
-13804
-9743
-10415
-1792
2978
2656
10008
15249
15671
17912
19236
19274
21411
21194
18651
18843
12700
7101
5402
2630
1689
-4964
-11502
-12426
-19479
-24055
-23713
-25091
-26038
-27365
-24048
-18218
-19333
-17681
-11442
-10480
-7455
-224
5335
8159
8621
12288
13921
11414
13663
14358
10926
7051
4177
3238
-1003
-4784
-5347
-9288
-13306
-13234
-13358
-14895
-14761
-13458
-13415
-12410
-9388
-5348
-1867
775
5310
9957
11669
13802
16408
16915
18041
19569
20895
21180
18318
17348
15221
12036
9679
9736
8468
3283
1750
-6981
-14284
-11373
-15050
-14708
-8639
-10706
-10239
-15231
-15671
-6793
-8279
-6434
4202
5838
7573
13481
16868
18492
18815
19093
20761
21242
18361
17241
16409
9121
3571
3277
1518
-3043
-9890
-13820
-14965
-22039
-25448
-22357
-23805
-28196
-25202
-19675
-17252
-16522
-13780
-9115
-8475
-6036
2628
6834
7134
10461
12819
10876
8747
10592
9800
5193
3361
2822
731
-2932
-5565
-7214
-12101
-13994
-11094
-12381
-13702
-11374
-11597
-12655
-10022
-5794
-2856
-249
2868
6141
9189
11261
13935
16317
16123
17645
18812
19886
20352
17549
16629
13869
9322
8733
8182
6900
4305
1912
-5554
-14906
-13099
-14606
-15266
-9678
-8135
-7841
-12468
-13442
-5364
-6557
-4980
5010
8556
10085
14312
17757
18776
18729
19061
20791
21264
18763
16409
15077
8743
2998
-229
-1858
-3776
-11527
-14230
-12353
-19413
-24539
-22614
-22923
-26694
-26615
-19154
-15788
-17117
-13745
-8742
-8204
-6776
607
5303
4442
8012
11765
9474
7324
8658
7877
4640
2931
2638
1062
-2567
-5127
-6206
-9454
-11828
-10005
-9223
-11939
-11554
-9693
-11251
-11006
-6629
-2900
-1385
1473
6643
8854
9228
11956
14007
14633
16020
18853
20432
19995
18383
16711
13981
10428
8586
7077
6697
4374
2051
-106
-9362
-13819
-11954
-15895
-11516
-6666
-8102
-6181
-10944
-9233
-2738
-5380
1225
9408
8735
13038
15378
15911
18956
16916
16899
20700
18811
17115
15414
10046
5081
-1418
-5171
-3916
-5690
-10735
-13320
-15232
-19587
-24065
-24206
-21636
-23093
-24045
-17146
-14040
-15088
-13487
-9686
-6459
-7382
-2917
5974
4956
4223
8599
7556
4089
5132
7393
6457
2803
2148
2199
-2775
-5231
-4315
-6808
-9101
-8912
-7769
-9250
-11706
-9787
-9257
-9765
-6404
-1254
1373
2530
5683
8304
8526
10922
13982
15810
16467
17521
18702
17674
15269
14014
12570
10376
7557
7369
5223
4136
2954
1351
-1425
-8955
-10354
-8285
-11434
-5539
-887
-3927
-2864
-7004
-4437
-286
-628
6377
10958
8508
11012
12807
13179
13721
13726
15011
15017
12809
11839
8552
4157
195
-4325
-5699
-5866
-7415
-11562
-14194
-15267
-19337
-22816
-20629
-19660
-22083
-20754
-13849
-12688
-15163
-10791
-8121
-9148
-6602
-255
3888
2084
3512
8137
5235
1861
6325
6265
1308
1517
2314
-1253
-4565
-3357
-4018
-8145
-8526
-6920
-8067
-9951
-9012
-7496
-7529
-6006
-2010
1249
2649
5156
8388
9540
9990
12826
14552
14191
15007
17129
16517
15099
13820
11704
9320
6421
5632
5080
4163
3224
3413
2359
2382
-3738
-6819
-4639
-6927
-5037
1777
485
1089
-660
-4172
952
1880
1934
8606
8353
6577
8940
8722
8783
9181
8419
9390
8585
7148
6887
2884
-551
-4288
-7139
-6930
-7261
-7979
-11223
-14160
-14483
-18541
-20042
-17686
-16967
-17899
-17407
-11047
-11565
-13524
-8701
-7769
-7379
-5192
-107
3992
561
2815
6146
1661
692
3776
3282
591
572
1477
-1923
-4854
-4017
-4330
-6479
-6328
-4840
-5192
-5550
-4222
-2253
-2603
-1909
1856
4245
5554
7642
10563
10839
9791
11995
13105
12078
13689
14761
13647
11147
9689
7866
6186
5842
6295
6747
5996
4779
6371
5279
4278
4266
-863
-2854
-2374
-3447
505
2797
858
1787
-3022
-4064
-345
-1550
617
5361
2402
2622
4550
3916
3387
3430
3476
4311
4029
3757
2583
-775
-2978
-4896
-6313
-5542
-5001
-8072
-10709
-12694
-14643
-15673
-16395
-15100
-14231
-16927
-16351
-11210
-12979
-13553
-8304
-8327
-8588
-6146
-3055
-805
-2996
-185
3577
-1205
-809
3450
2304
636
2315
4534
1326
-1058
1628
616
-1797
42
1872
670
-510
253
928
-573
161
2840
4295
4588
6456
8738
7698
6430
8067
7968
8093
9900
11905
12115
10809
10772
10773
9192
10658
11252
10199
9847
9321
8663
8865
8173
8487
6035
-609
-476
-2660
-5273
-415
221
-2406
-1615
-6848
-4657
-3671
-5402
-607
-448
-4273
-1120
-310
-390
1845
1540
1423
2560
1414
1794
2350
-904
-3199
-3346
-4489
-3172
-2364
-5822
-7238
-10961
-14394
-13827
-16520
-16053
-14565
-17572
-16826
-13885
-16603
-15960
-11798
-11510
-10569
-7830
-5790
-3032
-2395
-607
2708
1949
3310
6259
7721
7494
6856
8393
6860
4417
6015
5749
2990
2541
2730
624
-887
-363
-797
-2050
-2760
-1368
195
29
1943
4497
4048
4608
6374
7722
9414
11224
12906
13743
14028
13148
14162
14575
13504
14864
14199
12846
12169
8605
8237
8173
5540
7016
1661
-5101
-4410
-7583
-8061
-4396
-4968
-5954
-9280
-11757
-7087
-7638
-7429
-3023
-3958
-5387
-1776
357
1060
1411
1308
2638
2791
3637
5590
3608
-314
-2882
-4665
-4708
-3611
-5585
-8603
-10380
-14143
-16118
-15529
-16704
-16237
-16365
-17003
-15565
-15208
-15007
-12132
-9772
-8596
-5441
-1693
-847
2006
4626
4642
6225
7443
8454
10025
10564
10043
9217
8320
6620
4395
3433
2120
131
-497
-1461
-3308
-3003
-3619
-4102
-3371
-2937
-1579
-42
1865
4132
6075
7575
8505
10501
11641
13274
15622
16618
16600
15866
16085
14647
13414
13333
11994
10849
8940
6563
6612
3512
2730
2918
609
-675
-7172
-8916
-7556
-10382
-7545
-3220
-5150
-5862
-9254
-8241
-6382
-8452
-4798
-1129
-4518
-3643
-54
-856
-1283
308
509
1235
796
2246
2372
-1733
-4395
-6876
-7170
-6058
-6246
-7008
-8225
-10749
-13352
-15332
-14170
-14929
-15979
-13429
-10295
-10886
-11928
-7882
-8186
-8663
-3911
-1177
402
1030
2833
6123
3686
5236
9278
7730
6997
8184
7599
4886
3535
5074
3528
1400
2233
1858
5
-1078
-832
-886
-1933
-1179
1694
2456
2027
4465
6968
7222
8324
10751
11140
10868
12466
14583
14308
13780
14020
12980
10592
10458
10345
8362
6738
5976
4698
3361
2523
2245
1526
-354
-658
-273
-421
-4919
-6776
-5337
-7311
-8119
-2646
-2935
-6122
-7889
-9706
-7785
-9072
-8951
-2705
-4037
-7369
-4078
-3100
-4923
-3921
-1919
-1604
-2605
-1615
-8
-1490
-3315
-3960
-3662
-3743
-3133
-3476
-4869
-7189
-9524
-10379
-10795
-9805
-9741
-10567
-9459
-8624
-11080
-9553
-6324
-7632
-5196
-2263
-426
704
350
3156
4391
2536
6528
8512
6021
7535
8816
7104
5258
6317
7023
4562
4204
5937
4618
2864
3589
3235
2491
2457
3798
4474
3882
4967
6300
6083
6237
7259
8156
8231
8600
9689
9762
8944
8465
7980
7140
6728
7054
6809
6409
4851
3592
2869
1941
701
187
1621
113
614
992
-102
-1827
-6488
-7428
-6414
-9628
-6683
-4293
-7656
-9241
-12398
-11711
-10073
-11352
-8650
-6402
-9282
-9199
-5438
-5516
-5063
-2994
-2135
-1204
-110
1402
3239
1503
-760
-731
-1830
-729
755
-920
-1922
-3684
-7197
-8240
-9180
-9343
-9256
-10401
-9220
-7377
-10917
-9257
-6505
-7854
-4610
-1082
1692
3636
2814
5323
5763
4785
10065
11593
11667
13300
12026
11115
9726
8911
8751
6844
6534
6992
5577
3868
2910
1812
685
341
1700
2563
2060
2740
3457
2434
2511
4362
5216
4795
6294
7468
6946
6357
6326
5708
5115
4888
5326
6152
4755
3293
3192
1669
400
695
495
-537
-875
-552
-755
-3346
-3301
-6646
-11309
-10066
-9780
-9479
-8675
-8413
-9498
-13813
-13954
-9725
-11546
-10152
-5673
-5444
-6310
-4783
-973
-1429
-2617
811
2270
1366
2468
4249
2302
-585
-1345
-968
-2784
-2326
-965
-2484
-4542
-5743
-6403
-8356
-8617
-6681
-5090
-4918
-3426
-1727
-2565
-3386
-1096
-40
1110
4057
5984
7088
7234
6725
7758
7640
8534
10490
10952
10081
8845
8159
7548
5888
5475
5862
4730
4121
4670
3664
2028
882
402
890
991
2289
3408
2389
1769
1359
1367
1814
1733
3070
3924
3667
3531
2803
1754
918
710
1384
1309
1168
748
6
-2367
-2844
-2532
-3494
-2694
-2429
-2620
-3361
-4513
-3262
-3419
-3069
-3069
-8098
-6700
-7069
-8245
-4916
-5490
-6506
-8868
-13545
-8369
-8551
-10844
-5561
-4692
-7852
-7683
-3839
-1995
-4551
-2107
2055
1340
1478
5298
6787
2970
1825
3612
3744
3969
5034
7813
5944
1207
2513
974
-2181
-681
-730
1224
25
-1640
625
-1938
-4000
-825
-501
-714
1287
2690
4745
3814
3990
7440
6194
5495
9259
9336
9461
9465
9650
9755
6357
6242
7618
4647
3712
4025
2784
-111
-1821
-1316
-3493
-5390
-3854
-3610
-4285
-3841
-3144
-4452
-6023
-4574
-3437
-3536
-2040
55
110
-827
-811
-831
-1077
-126
1382
2022
1521
933
642
-1550
-1915
-963
-1315
-1179
-790
-2367
-3524
-4196
-5063
-4593
-4501
-6632
-7477
-8037
-9070
-7401
-7123
-4783
-4155
-8910
-6529
-4829
-7493
-2996
-486
-1023
-4
771
3671
3075
1661
5533
6066
4883
8564
10854
9259
8451
7892
7357
7099
5985
7260
6204
2720
2697
2494
283
-1126
-2038
-2168
-2741
-3029
-1518
-1746
-3036
-3127
-1713
-774
396
2898
3659
4106
5004
4636
4659
5544
6411
6317
7220
7408
6708
5182
3406
2068
571
-1077
-879
-1633
-3763
-4468
-5196
-7583
-8653
-7710
-7893
-8318
-6563
-5677
-5789
-5643
-4863
-4141
-3660
-2082
-58
978
478
419
417
-346
-612
-396
-46
-897
-1584
-1054
-2290
-2656
-2398
-3049
-3865
-4142
-2309
-2177
-2154
-479
-1168
-1561
-927
-514
2358
2580
3959
3043
-1096
1553
499
560
4419
2650
2876
802
-2223
2118
-9
-374
4027
933
-58
1342
2410
2551
1103
3416
4348
2744
5149
8308
7078
5227
5835
5917
5122
6197
7542
7261
4756
3228
4689
1421
-1313
716
-771
-1747
-977
-1045
-1019
-3957
-5043
-3157
-5168
-4713
-1215
-1594
-2756
-2300
-1577
-2925
-3863
-747
-221
-989
1060
1315
804
218
-1188
-292
-2385
-3837
-1308
-2357
-3764
-3052
-4520
-6590
-7750
-6833
-6179
-6856
-6260
-5377
-6538
-7163
-6284
-5424
-5131
-4147
-1844
-1798
-2007
-491
-190
-705
637
2462
2478
2689
4235
3801
3005
3907
4338
3769
4288
5087
4914
4891
5149
4769
3925
3054
3860
3564
4586
5753
5049
5201
4420
2037
2225
860
209
1865
1416
1381
1376
-14
-2912
-2760
-2347
-2958
-1428
118
182
135
-730
453
259
-542
3373
5147
4856
7077
7196
5972
3951
4226
5475
4232
4390
5953
3504
889
441
-1003
-3897
-5197
-4857
-5945
-7282
-6971
-6620
-7990
-10256
-9333
-8947
-10226
-7715
-4881
-4859
-4405
-3069
-2649
-2548
-1733
1305
1984
1419
4410
2916
1584
2940
1013
1825
1507
-245
1685
-1179
-2842
-1884
-5116
-5386
-4501
-6103
-5524
-4748
-4957
-4694
-4616
-4064
-2728
-2098
-234
1420
1884
3664
4109
4698
5346
5333
6226
6792
7395
7903
8027
7322
6075
5623
4346
3209
3261
2578
1693
1468
487
-216
-700
-610
-1036
-1264
-739
-1254
-1095
-322
193
1165
1217
2779
2518
910
2492
1508
1020
3496
2613
2768
2768
317
83
-1494
-2658
-1508
-2084
-2416
-1414
-1893
-3504
-3898
-3383
-4971
-3952
-1699
-1648
-1264
-165
-193
-1528
-1369
362
-248
-133
1601
1600
770
282
532
-387
-2299
-1951
-1979
-3315
-3358
-2735
-3618
-5294
-5121
-5006
-5521
-4360
-2915
-2757
-2751
-1461
-252
145
1327
2294
2648
2723
4243
4877
4242
5272
3427
3085
4580
3191
3896
3485
847
1346
-347
-675
709
-1121
-249
-142
-1798
-693
-319
-796
-472
-44
822
1069
1515
2947
1990
1597
2592
2511
3039
3313
2871
2433
1542
1161
1775
1639
907
500
187
-840
-1018
-781
-1608
-2585
-2569
-2421
-2644
-1443
-1386
-2392
-1956
-2702
-2947
-2069
-1923
-1145
-1341
-539
-47
-510
532
-712
-2330
-1341
-3143
-2588
-1237
-1362
-852
-1573
-2583
-3566
-4041
-2467
-1969
-1881
102
347
-1292
-1315
384
-18
663
3666
3856
3886
4855
4317
3703
2607
3420
4233
2872
3516
4031
2003
794
57
-710
-1463
-1939
-1097
-1283
-2012
-2095
-1873
-3101
-3370
-1961
-1830
-1485
219
920
1507
2012
2441
3266
2983
4237
5440
5044
5680
5295
5410
4096
2835
3510
1091
1634
2000
-42
408
-1838
-3504
-3182
-5396
-3762
-3147
-4459
-3198
-3756
-4615
-4117
-3555
-2993
-2846
-1800
-585
-402
-43
359
-555
-735
-857
-771
358
-159
-504
-1022
-2961
-3538
-3429
-3598
-3932
-3475
-3150
-3971
-3407
-2812
-3519
-3292
-2542
-1768
-921
283
1640
1821
1876
1818
2375
2873
3153
4339
4704
3870
3966
3730
3659
3740
3530
3153
1802
99
363
809
-220
995
796
-2588
-2421
-2598
-3820
-1144
-679
-692
558
-1056
-594
1163
602
2214
4156
4216
4522
6196
6213
6412
6080
6287
6432
4969
5690
6552
4280
3968
3116
1017
138
-1219
-1343
-2325
-4575
-3645
-4152
-6104
-5218
-5561
-6783
-5836
-5144
-4110
-3410
-2853
-1844
-1335
-1195
674
1974
1794
3064
3097
2445
2837
2603
2630
1545
708
161
-2409
-1050
-2602
-4106
-3099
-6273
-7126
-6678
-8035
-5077
-5385
-5263
-3344
-5161
-4563
-2100
-1536
-678
583
1936
1524
2294
3591
3198
2358
2543
2106
1249
2186
2226
1590
567
-707
-1214
-2239
-2345
-1720
-1718
-2329
-2343
-1889
-2090
-1633
-482
-223
-68
645
2010
2446
3356
4534
4036
4847
5352
5393
6542
6659
6173
6034
5985
4960
4351
4709
4505
2388
2838
1790
-252
-741
-845
-2102
-1904
-2838
-2183
-3200
-4727
-3436
-3129
-3859
-1916
-1577
-1681
-1395
-736
179
366
894
2214
1930
1897
3032
3431
2678
2170
2002
649
391
626
798
-463
-1551
-1669
-3455
-4055
-3014
-4018
-4049
-3799
-4154
-4017
-3928
-3245
-2337
-2273
-1465
-415
-69
107
1190
1335
899
1030
1100
1232
1094
1080
1096
442
-628
-526
-1380
-1953
-1948
-2069
-2469
-2234
-2249
-2069
-2122
-2261
-2021
-1733
-1259
-525
-289
526
770
437
840
1032
1223
1932
1974
2332
1697
1061
1125
406
504
924
734
474
117
-310
-610
-980
-1194
-965
-936
-1138
-799
-528
-465
-179
260
817
482
836
1520
1124
1589
1984
1833
2186
1798
2158
1729
1433
1734
1297
1171
1417
566
713
94
531
672
-326
310
-416
-1313
-243
-670
229
497
-840
45
-864
-1063
553
57
649
1121
-385
862
708
728
2110
1643
1239
2071
1684
1812
2323
2151
1697
1355
1329
1532
1204
1389
1361
227
-377
-38
-1005
-1097
-900
-1392
-2027
-2372
-2301
-2354
-2852
-2127
-2010
-2213
-1575
-1286
-1160
-1178
-1156
-598
-438
26
604
617
536
498
645
502
542
501
304
91
-533
-352
-407
-1467
-1063
-1498
-1955
-1813
-1585
-1344
-1794
-2319
-1643
-2482
-2222
-845
-901
-1042
-314
-518
-779
-614
-246
-239
-624
-263
-2
-829
-714
-505
-1154
-1184
-1273
-1378
-1474
-1738
-1069
-1136
-1639
-870
-880
-849
-36
563
1150
1148
1697
1860
1525
2249
2603
2542
3026
2984
3060
2723
2824
2909
2815
2672
2350
2135
1906
1152
1276
776
482
53
217
-40
-173
340
374
-300
188
-51
-191
183
858
1191
1104
1020
1267
1070
707
1236
1282
807
1143
943
545
446
92
458
-82
-41
-94
-408
-373
-445
-316
106
-550
-95
-267
-539
23
246
94
498
245
-25
-444
-274
-381
-441
-418
-480
-1243
-1333
-1709
-2066
-2288
-2117
-2282
-2451
-2482
-2569
-2660
-2684
-2577
-2577
-2209
-1746
-1578
-1331
-1193
-1198
-943
-677
-23
247
455
780
697
557
757
316
522
255
-20
405
407
61
243
-294
-561
-930
-904
-185
-566
-455
-139
-860
-513
116
58
743
745
505
781
719
892
1341
1458
1547
1533
1355
1178
909
1039
737
772
1016
747
920
647
250
271
-183
-146
-80
6
97
129
265
170
95
334
59
345
40
282
501
582
847
671
703
521
46
439
604
567
837
511
385
191
300
293
288
470
410
-82
325
246
-2
62
105
-403
-610
-87
-483
-114
103
-520
-358
-405
-757
323
-245
330
868
313
615
1193
833
1034
857
848
576
713
857
897
462
224
-415
-939
-1134
-907
-1172
-1014
-1199
-1508
-1943
-1994
-2047
-1842
-1600
-1595
-1534
-1004
-1063
-752
-406
-346
-77
-13
229
398
584
727
711
805
814
817
852
592
599
303
289
90
-406
-172
-696
-916
-659
-1176
-1093
-904
-844
-891
-1150
-1038
-1369
-1095
-943
-455
-200
-295
194
114
-49
640
369
434
698
747
516
499
522
70
-121
-6
-173
13
-134
-274
-402
-448
-591
-648
-641
-517
-442
-206
-24
119
39
230
231
467
885
1185
1288
1373
1573
1607
1664
1858
1649
1515
1452
1241
1391
1399
1310
1193
863
583
635
556
369
508
296
-111
-78
-31
-71
37
-137
29
-236
-544
-113
-198
-214
255
-93
23
158
-597
-63
-182
-756
247
-19
-470
381
-417
-374
6
-586
-183
211
-540
357
366
-47
476
391
-355
201
-48
11
200
41
-193
-267
-832
-845
-925
-1103
-1047
-1124
-1471
-1725
-2050
-2102
-2078
-2198
-1699
-1812
-1767
-1572
-1400
-1351
-1117
-880
-554
-480
76
342
367
815
866
706
857
870
860
775
743
621
242
369
214
-149
-114
-312
-478
-535
-535
-621
-511
-615
-413
-53
-264
142
387
70
336
354
642
702
821
1180
918
877
708
652
688
483
608
500
208
376
128
101
284
145
67
155
-9
205
218
133
513
337
334
760
628
746
823
721
829
675
708
735
255
160
102
-159
-151
-89
-198
-440
-645
-667
-822
-507
-274
-316
-36
-360
28
13
86
597
531
688
829
702
1031
718
1069
945
731
761
362
534
395
-28
369
-629
-592
-266
-934
-502
-482
-1157
-683
-1023
-1085
-462
-725
-744
-132
-368
-280
449
283
410
672
502
645
745
731
1075
612
520
750
38
-94
62
-366
-511
-803
-902
-1039
-1376
-1413
-1458
-1505
-1417
-1171
-984
-908
-639
-500
-477
-171
-152
255
344
558
740
572
730
598
488
560
240
316
-53
-256
-177
-557
-601
-939
-1020
-1017
-1481
-1253
-1363
-1553
-1367
-1447
-1178
-1089
-945
-633
-797
-535
-248
17
161
420
605
551
698
806
536
722
696
564
470
592
385
157
251
262
13
245
78
-102
49
10
-49
301
227
307
567
489
556
885
772
829
1109
1020
1202
1273
1366
1323
1166
1223
1160
1077
1237
1104
1120
1093
892
943
831
672
715
683
640
484
675
246
159
343
-65
280
224
5
268
-97
16
-46
94
124
-55
188
-37
158
70
-41
199
-152
-108
-141
-320
-190
-254
-247
-468
-526
-824
-871
-711
-991
-809
-1004
-1038
-979
-1046
-1008
-969
-975
-1065
-1114
-884
-1025
-703
-851
-670
-481
-558
-443
-448
-487
-401
-478
-396
-575
-538
-520
-654
-484
-597
-690
-643
-861
-911
-898
-893
-905
-926
-733
-722
-692
-597
-312
-581
-322
-129
-384
-258
215
-186
245
413
34
425
359
142
638
469
734
628
546
579
541
512
733
543
562
664
598
703
814
757
901
927
860
913
1065
1115
1004
1232
1229
1160
1137
937
998
633
980
906
653
1100
474
746
765
430
538
189
558
580
296
822
-2
490
323
0
608
-336
204
339
-625
661
-27
-223
722
-522
46
24
-706
336
-11
-313
487
-280
-205
96
-375
-120
92
-71
84
-10
-313
-275
-478
-759
-600
-751
-951
-763
-941
-929
-940
-1285
-1302
-1297
-1393
-1101
-1001
-764
-656
-659
-684
-693
-607
-375
-446
-311
-117
9
46
74
-145
-338
-254
-254
-305
-392
-605
-583
-755
-764
-843
-995
-1081
-1066
-851
-902
-1020
-926
-975
-687
-675
-582
-294
-570
-140
-84
49
308
242
357
220
406
725
518
813
509
396
722
519
742
658
378
466
422
485
432
223
416
343
247
326
512
345
231
541
405
526
646
728
960
731
832
1024
774
1014
878
934
964
887
1144
706
627
709
627
757
694
570
330
216
394
509
501
471
275
254
313
348
590
633
655
695
523
671
737
858
577
576
305
-135
216
467
300
425
49
-111
-161
-407
-419
-692
-848
-787
-1026
-768
-608
-919
-713
-878
-1118
-665
-685
-825
-462
-574
-603
-408
-431
-422
-496
-617
-530
-708
-478
-586
-646
-654
-836
-826
-1015
-1033
-690
-1105
-764
-593
-984
-523
-552
-555
-26
-361
-415
-126
-261
-209
-93
-223
-43
-321
-94
-171
-426
-68
-698
-569
-95
-891
85
-66
-771
153
-662
-488
120
-330
-12
148
-52
232
147
70
340
275
315
777
461
768
559
631
694
535
895
791
656
938
538
600
337
618
624
423
744
548
321
616
459
613
683
524
548
713
476
770
707
602
749
508
665
683
516
754
406
483
517
139
293
37
-174
27
-424
-411
-380
-481
-515
-405
-599
-429
-398
-645
-376
-381
-220
49
92
118
48
-249
31
133
-1
406
351
-51
307
-123
-325
126
-414
-247
-169
-699
-537
-494
-996
-351
-653
-1046
-557
-981
-881
-169
-957
-451
-495
-1023
-199
-371
-256
24
-523
-374
-139
-392
-47
-169
-237
-107
-298
-243
-25
-370
-117
-554
-321
-184
-523
-51
139
-254
78
-74
-122
-5
-13
-1
146
64
291
317
93
302
173
140
164
-51
249
136
174
546
179
294
340
166
385
324
384
553
475
389
765
489
488
707
383
554
675
380
617
571
349
559
292
320
447
134
452
380
322
409
266
265
142
114
307
230
338
390
448
453
507
461
461
513
209
559
437
340
401
48
254
185
26
142
-231
-73
-105
-311
0
-182
-392
-224
-421
-227
-226
-233
-49
-187
-222
-197
-183
-343
-337
-292
-396
-376
-282
-274
-245
-409
-345
-393
-630
-478
-620
-585
-539
-753
-374
-431
-475
-192
-467
-417
-421
-624
-282
-291
-442
-446
-539
-658
-444
-416
-389
-411
-603
-485
-609
-661
-360
-593
-460
-382
-405
-183
-360
-71
-133
-66
163
62
152
259
209
356
240
375
512
389
427
496
474
326
321
373
144
358
279
188
428
203
99
279
6
69
139
80
186
273
160
381
355
320
332
365
354
402
578
639
573
749
556
544
634
471
510
353
301
260
225
268
49
105
-71
-43
18
-62
-5
-1
-56
-26
-22
55
111
-36
108
132
27
119
146
14
126
-61
40
-4
-182
-110
-182
-266
-205
-371
-267
-264
-485
-384
-437
-408
-289
-343
-228
-131
-325
-284
-226
-253
-188
-132
-154
-47
-197
-36
-143
-142
-121
-215
-233
-234
-317
-303
-306
-293
-241
-219
-244
-48
-151
-206
-190
-165
-114
-177
42
84
38
92
-34
134
36
35
249
209
206
257
177
98
148
106
131
55
54
159
9
-56
98
-50
-33
43
-82
-41
-62
-111
25
11
160
106
19
102
34
-66
176
100
200
173
161
258
117
232
129
203
198
69
282
98
131
170
61
192
20
138
90
66
153
6
109
82
-24
17
-1
-26
34
-37
101
5
-47
142
-58
-62
34
-24
-24
-70
29
20
-56
-73
-55
-46
-11
-16
52
45
-10
-47
-21
-25
-55
65
16
31
-16
22
15
-51
26
5
-74
-26
-76
-54
-42
-43
-8
-43
-58
-61
-41
-31
-71
-2
-2
-36
-86
-88
39
-80
-56
-61
-174
-123
-113
-99
-41
-77
-31
6
-112
-16
-14
-88
-12
-30
12
39
36
38
-14
16
63
-13
-5
63
46
20
61
0
66
64
93
162
79
107
75
37
92
41
63
83
-4
69
55
-38
17
-44
-109
-124
-109
-80
-86
-54
-110
-58
-118
-117
-71
-102
-43
-77
32
9
40
59
22
53
14
57
119
114
139
169
104
101
81
33
27
5
44
-31
-15
41
-43
-73
-85
-57
-85
-121
-59
-105
-111
-90
-59
-57
-108
-19
-60
-102
-8
-30
-20
-34
0
-2
-20
26
-14
-19
13
17
33
42
22
73
6
-69
11
-51
-64
-8
-75
-64
-46
-142
-75
-121
-173
-64
-142
-118
-105
-84
-113
-27
-16
-26
83
21
34
64
60
71
94
75
110
85
67
71
27
25
-40
-25
-32
-107
-56
-63
-103
-89
-108
-101
-96
-100
-68
-13
-30
10
65
10
85
124
70
136
126
98
111
151
152
158
161
150
115
107
74
99
60
73
126
60
92
95
74
73
87
63
93
74
64
101
51
62
44
16
-12
-19
-59
-92
-53
-61
-75
-32
3
-36
-47
-13
-49
-55
-27
-40
-21
-30
19
5
-4
14
3
-13
11
-14
16
19
4
31
11
25
37
3
27
-1
-35
-3
-28
-31
-11
-24
-40
-25
-50
-61
-48
-42
-41
-51
-33
-37
-47
-46
-44
-29
-29
-37
-27
-40
-74
-55
-60
-94
-34
-78
-86
-56
-119
-74
-53
-41
-69
-3
-27
-59
8
-31
22
35
55
73
29
30
45
9
12
39
59
0
29
4
-35
-29
-51
-7
-36
0
0
-60
-10
-28
-63
5
-17
-12
10
13
9
0
31
19
31
15
24
30
-1
41
23
17
8
17
10
-23
42
-15
23
39
1
45
-4
27
18
-6
20
10
5
31
40
14
27
34
4
22
14
24
23
-15
32
52
1
49
35
11
17
19
0
29
11
18
23
-24
25
-15
5
54
1
25
12
-20
19
-30
41
27
26
64
-5
43
-9
-6
1
-11
12
19
18
20
17
17
-24
-22
-10
-32
1
-8
-5
8
-24
-12
-8
-10
-8
1
-9
-25
-10
-23
-13
3
-21
1
-10
-20
-8
-42
-32
2
-16
-6
-7
-24
-32
-48
-1
-20
-10
18
-18
-2
-25
-23
-11
-3
0
-11
-4
-12
-10
-9
-27
-10
-20
-28
16
-31
-21
-2
-41
-11
-9
-19
-17
15
0
3
13
1
-3
-3
-1
8
18
15
28
8
18
-2
7
19
3
29
-2
3
-4
-7
-2
1
-6
22
2
-24
13
-28
-19
10
-19
23
-4
19
6
-1
12
-4
11
16
29
12
16
27
-11
30
15
0
31
16
29
16
19
9
12
3
11
16
12
14
27
0
10
19
-8
8
17
-9
15
6
-4
20
4
-5
5
-2
-6
10
8
15
10
8
3
-4
5
10
2
9
2
-9
-13
-24
-15
-6
-10
11
-6
-20
-22
-29
-10
0
-1
-6
-19
-22
-7
2
14
-2
12
-16
-6
-1
-13
12
-4
-4
1
-10
-7
-10
-18
8
-1
8
2
-20
-26
-5
0
-10
24
-8
-3
-19
-12
16
-13
5
5
-15
-13
4
4
-15
-2
-21
-26
-4
-9
10
-15
-13
-19
-28
2
-2
20
-9
-5
-9
-31
0
-4
-1
10
-9
-4
-16
-16
1
-13
21
15
14
15
0
1
-5
4
12
15
22
2
5
-8
-2
7
0
37
3
1
0
-18
-4
16
12
20
21
-18
7
-16
1
23
-2
18
13
-8
17
-11
-1
11
7
18
11
9
2
-4
3
10
9
8
0
-1
4
4
11
15
-5
3
-9
-7
13
-1
21
5
-3
16
2
6
-3
-4
-7
1
9
4
-6
-2
-19
-7
-16
-15
-4
-25
-10
-10
-3
-1
-13
-10
-12
-9
4
14
5
4
1
-22
2
4
2
15
11
-1
-2
-8
-14
-11
-5
-1
7
2
0
-21
-13
-1
-15
7
1
9
-4
2
-2
-3
5
-4
12
10
4
3
-1
0
11
0
5
10
-3
-1
1
-1
-8
10
-15
-2
1
-24
10
-13
-11
11
-2
1
-3
-16
-9
-5
0
-9
20
23
-13
19
-8
6
16
-2
17
10
8
14
16
5
9
1
0
-1
7
14
-11
10
-1
-29
-2
-12
-17
-21
-10
-17
-6
-3
-18
0
-14
-3
8
-2
-11
10
-13
0
-5
1
8
-9
20
-6
12
-1
4
13
-1
5
6
9
5
6
-2
9
-5
11
2
-9
17
-17
5
4
-8
-5
-2
-15
3
-2
3
11
-1
10
-10
-9
-18
-14
-10
-9
-3
0
-2
5
11
6
6
0
-7
-1
23
13
33
10
17
7
-1
12
-4
0
8
14
11
10
1
14
-15
-19
5
0
15
-1
-7
-1
-10
7
13
9
0
-7
-8
-11
-6
-8
-1
-9
-19
-4
3
-10
-2
-14
-23
-17
-10
2
1
-6
-4
4
-2
18
15
4
10
-7
-7
9
-1
14
6
-14
2
-9
8
0
7
-6
-22
0
-1
12
11
8
-10
-3
-21
2
5
4
11
-3
-8
1
-7
0
-14
-8
-4
-5
12
-4
-9
3
-20
20
-5
3
-4
-14
3
-16
1
12
6
-8
-7
-1
-4
-4
8
-2
-12
0
4
6
10
1
-4
-4
1
10
8
9
7
-2
10
19
5
14
-10
-7
-2
-5
14
1
-1
4
-5
9
-1
3
-4
-5
8
1
1
-1
-19
-8
-1
0
11
2
11
-5
5
6
2
9
4
9
0
8
15
2
-1
14
-2
10
11
-3
9
4
-2
-4
0
1
-6
0
-7
-3
-10
-1
1
-10
-5
-12
-3
-4
4
5
-1
1
-4
-8
5
-11
-3
-3
-5
7
2
12
-5
-7
-6
-7
1
2
-6
-1
-7
-10
3
-13
0
-9
-6
-2
-4
6
-2
5
0
-6
0
-5
1
2
-7
12
-1
1
13
-7
11
-1
0
4
-5
11
-1
6
4
6
7
3
4
3
-2
-2
2
-5
5
-5
1
-1
-5
-4
-1
-5
-6
1
-11
1
-4
1
4
2
-2
7
-2
5
7
-2
6
7
4
11
3
6
-3
5
-1
-1
8
-6
9
-3
-1
2
-5
-1
-2
-3
-3
1
-7
2
-7
5
-6
-2
6
-11
3
0
-3
1
-1
-2
0
-5
1
-3
-3
0
0
1
-6
3
-8
-4
-2
-6
-2
0
-6
3
-3
-5
4
-11
1
-5
-3
-3
0
-2
-3
-1
-6
-5
-2
-3
-6
4
-9
-2
-2
-1
5
-3
8
1
4
3
4
3
2
6
8
1
7
9
-2
13
1
3
7
-3
8
1
3
0
2
0
0
6
-2
7
-1
3
1
-1
-4
0
-1
3
3
4
-1
0
4
-1
9
-4
4
2
-1
4
0
-1
-6
1
-5
-1
3
-2
0
-1
-3
-1
-2
-7
2
-8
3
-2
-1
4
-2
0
0
-1
0
3
2
3
5
1
2
3
2
2
1
1
-2
0
-5
-2
-1
-4
-1
-2
-4
-2
-4
-3
0
1
2
0
6
-2
5
0
1
3
-2
7
0
3
-1
-1
0
-2
0
1
-2
-2
-2
-4
1
-5
-2
-4
-4
-4
0
-3
1
-3
0
-2
-3
2
-4
3
-2
-1
-1
-1
3
1
0
1
0
2
2
2
0
-4
0
-1
-3
0
-2
-2
-1
-3
-3
-2
-4
0
-5
-1
-3
-1
3
1
-1
4
-2
-2
5
-2
6
-2
0
5
-2
3
4
-1
4
-2
1
4
-1
6
3
0
3
5
5
5
4
4
5
1
2
1
2
-1
5
-1
0
3
-3
3
-1
-3
2
-2
1
-2
1
-1
-1
3
-2
0
3
-1
3
0
3
-1
2
0
-1
7
-4
4
-3
-2
-3
-1
-3
-1
-3
-2
-2
-5
3
-4
-2
-2
-4
-3
0
-3
3
-1
-1
0
-2
-3
3
-2
-1
0
-1
0
1
-4
0
-4
-4
-3
-1
-2
-5
0
-5
-3
-5
0
-5
-2
0
-5
2
-4
0
0
-4
-1
-2
-3
1
-1
3
-2
1
-1
1
2
2
-1
1
4
-1
6
1
0
0
1
1
1
4
-1
4
0
1
2
-2
3
2
-1
1
5
-1
5
2
0
2
-1
4
-1
3
5
1
1
3
1
1
3
-1
2
0
0
0
1
0
3
1
3
-1
2
0
5
-1
7
2
3
4
1
4
-2
4
-1
2
-2
3
-1
3
1
-2
2
-2
-1
1
1
-3
1
-4
2
-6
1
-3
-2
-4
0
-2
-3
0
-2
-2
-5
-1
-5
-3
-4
0
-3
-2
1
-4
1
-7
-3
-4
-4
0
-2
0
3
2
6
-2
2
0
-4
3
-2
4
1
2
3
-2
4
-2
0
1
0
0
1
2
1
0
0
0
-4
3
1
2
0
4
0
-1
0
-1
-2
-2
1
-3
-3
1
-3
1
-5
2
-4
-1
0
-1
