SAMPLES:	12903
BITSPERSAMPLE:	16
CHANNELS:	1
SAMPLERATE:	16000
NORMALIZED:	FALSE
-2
2
5
-6
3
1
-3
6
-5
1
5
-5
5
-1
1
4
-3
2
-3
1
0
-7
4
-6
-6
5
-9
0
2
-7
3
-2
-2
3
-2
1
-1
0
0
-1
3
-1
3
0
-5
5
-4
-2
5
-5
1
1
-3
0
-1
1
-1
-1
1
-2
1
-2
-2
4
-7
-1
3
-9
2
0
-7
1
-1
-2
2
-2
0
3
1
0
4
2
-3
6
0
-3
10
-4
-4
7
-4
0
4
-4
2
2
-2
2
1
4
2
0
2
2
5
-1
2
6
-3
2
-1
-5
4
-4
-1
-2
-7
2
-6
-4
2
-6
1
-2
-2
3
-4
3
2
0
4
-1
1
5
0
6
2
4
6
-1
2
2
-1
3
0
-2
1
-5
3
-5
0
5
-4
4
-3
-2
1
-3
3
-3
-6
2
-3
-3
-3
-6
-1
-8
1
-4
-4
5
-7
-1
-2
0
4
1
4
5
-4
2
-2
0
5
-1
6
-2
3
4
-1
8
5
-1
5
-1
-1
2
-6
5
-5
2
-2
-3
7
-5
3
2
2
10
-2
1
6
-5
7
-2
2
5
2
-2
-2
1
-4
3
-3
-1
0
3
-3
3
8
-4
2
1
1
5
-2
0
-1
-6
-3
-5
-2
2
-4
-4
-5
-2
-3
-1
3
-2
1
1
-2
1
4
2
4
-1
2
-2
0
2
4
2
-1
-1
0
-6
-8
-3
-8
-7
-9
-10
-7
-6
-6
-7
-4
7
-2
5
2
-3
3
-1
-1
7
2
4
1
2
-3
-2
-1
-6
1
-6
-2
0
-6
-2
0
-4
8
8
7
9
7
-1
2
8
-3
15
4
1
5
-11
7
-8
6
-1
-3
2
-9
5
0
1
6
3
-2
9
-3
11
3
5
5
-1
5
-6
8
-5
1
1
-3
-4
5
-7
-7
1
-8
-3
-2
-1
-10
3
-13
2
-1
-7
2
-2
4
-3
6
-3
9
-4
3
5
5
9
2
6
-6
3
-5
-2
4
-3
-6
-7
-7
-5
1
3
7
5
4
5
4
6
6
4
0
4
-7
-1
5
-8
2
2
-6
5
1
0
6
4
4
2
5
4
-3
-9
-8
-13
-11
-8
-15
-4
-7
-13
-3
-1
1
5
2
6
9
3
11
4
9
6
6
4
1
4
5
3
3
3
2
5
2
0
-1
-1
-4
-3
1
1
-3
-2
-8
-3
-3
-1
-2
-8
-3
-7
-2
-6
2
-4
-4
4
-8
7
3
-2
6
0
-5
1
0
-5
4
-8
-3
-5
-2
2
-3
0
0
2
0
4
-5
-4
0
-8
-4
0
-9
0
2
-2
3
2
1
4
4
-1
2
-7
-1
2
-3
-6
-2
-6
-2
-2
-2
6
0
3
1
10
10
9
10
4
6
-2
-2
-4
-5
0
-5
-7
-8
0
-5
2
-2
0
4
-2
9
-2
1
5
-1
8
1
2
8
-3
9
8
2
7
6
9
8
1
-1
6
0
-1
4
-1
-2
0
-5
0
-1
-6
5
-7
-1
5
-5
2
1
0
1
1
4
-2
-3
-2
-1
0
-7
-5
-6
-1
0
-7
-11
6
-8
2
5
-12
1
5
-8
-2
7
-14
9
-1
1
9
-2
4
5
1
3
6
2
5
7
-4
6
9
-4
11
3
-4
8
-2
-1
8
-5
3
0
-6
8
1
-8
3
-9
-6
0
-15
-4
-9
-10
4
-8
-5
-2
-1
7
1
1
11
9
-4
11
7
-1
8
-4
-2
12
-9
-3
-1
0
-6
-4
-1
-7
8
-11
0
2
-4
6
-2
-3
6
3
-3
7
2
-1
10
-10
3
5
-18
3
-10
-5
1
-4
-6
4
-1
-9
17
-6
4
9
3
12
-5
13
-9
5
3
-9
6
-9
-1
-3
6
-9
1
-5
-10
4
-13
-3
-12
0
-10
-5
-11
0
-2
-11
-15
-9
9
-17
-2
-7
-3
5
-13
-5
-1
6
-3
-6
6
3
7
5
2
12
12
17
19
16
21
12
26
20
4
13
6
10
9
-6
0
-1
6
-12
-7
3
-12
2
-7
-6
3
-5
-6
2
-5
3
2
4
2
8
-5
14
8
0
9
-4
13
-12
3
-2
0
6
-6
1
15
2
1
8
4
12
-8
14
-1
12
1
1
3
2
-5
-16
23
-29
1
-12
-1
-4
-15
1
-28
7
-16
-14
-10
-5
-14
-3
3
-18
6
-11
3
0
4
-16
9
1
-1
-2
-9
12
-9
6
-9
5
-7
2
2
-7
-7
-9
-5
-13
0
-15
-6
3
-15
-5
4
1
15
3
28
17
32
20
30
53
23
33
33
52
38
22
28
33
36
24
17
34
29
35
5
29
22
5
8
-7
4
-14
-17
-21
-17
-24
-32
-25
-38
-6
-28
-29
8
-2
25
12
49
49
56
75
50
71
48
39
19
-3
-9
-49
-61
-72
-91
-108
-104
-117
-105
-94
-95
-61
-48
-40
-15
13
5
11
16
13
-3
-20
-48
-64
-76
-132
-158
-162
-182
-196
-204
-183
-165
-164
-116
-81
-40
-12
43
59
110
114
115
154
125
139
91
93
58
25
-11
-39
-39
-78
-79
-105
-74
-57
-45
-3
56
110
192
264
354
457
540
633
693
790
833
863
869
851
824
729
653
514
374
225
33
-123
-292
-463
-572
-693
-795
-822
-832
-823
-775
-700
-620
-501
-389
-298
-200
-114
-46
-43
-22
-51
-101
-155
-257
-339
-430
-513
-606
-664
-725
-744
-760
-757
-759
-722
-673
-648
-595
-567
-493
-484
-430
-383
-370
-272
-232
-181
-71
15
112
266
393
550
741
886
1103
1292
1466
1658
1787
1970
2051
2118
2188
2147
2108
2000
1822
1640
1378
1094
762
429
93
-263
-601
-928
-1181
-1462
-1642
-1773
-1873
-1886
-1879
-1795
-1635
-1477
-1284
-1029
-804
-565
-323
-115
49
236
353
406
503
531
523
502
498
458
400
368
327
289
254
207
165
142
82
14
-69
-136
-247
-356
-479
-605
-705
-828
-956
-1022
-1094
-1176
-1183
-1175
-1147
-1070
-958
-830
-643
-474
-257
-80
154
350
500
680
785
865
905
957
922
891
865
782
732
694
649
622
613
642
663
699
745
769
833
878
858
857
856
829
745
662
593
520
418
301
225
153
42
-31
-124
-225
-314
-480
-614
-782
-909
-1137
-1249
-1381
-1530
-1561
-1657
-1564
-1513
-1385
-1213
-1028
-760
-537
-303
-54
175
340
495
594
648
660
629
560
485
395
263
126
22
-26
-162
-160
-160
-158
-38
-49
65
196
256
348
387
432
454
384
313
286
163
86
20
-77
-50
-71
-43
144
333
578
850
1219
1589
1948
2275
2532
2805
2922
2935
2765
2627
2311
1823
1410
822
281
-326
-955
-1451
-1961
-2392
-2753
-3011
-3124
-3276
-3348
-3260
-3155
-3063
-2826
-2671
-2478
-2170
-2060
-1827
-1581
-1422
-1196
-1010
-874
-719
-569
-506
-412
-281
-260
-237
-188
-166
-178
-192
-162
-165
-206
-246
-263
-268
-276
-268
-208
-65
96
286
639
1064
1558
2071
2724
3427
4056
4736
5291
5876
6302
6492
6555
6410
6077
5411
4604
3681
2593
1420
181
-991
-1998
-2999
-3775
-4236
-4595
-4638
-4515
-4253
-3785
-3227
-2666
-2056
-1495
-975
-602
-362
-135
-96
-114
-236
-392
-532
-705
-831
-942
-934
-857
-795
-647
-501
-335
-208
-130
-95
-157
-248
-495
-854
-1216
-1633
-2134
-2629
-3098
-3516
-3863
-4196
-4414
-4463
-4342
-4167
-3894
-3445
-2896
-2276
-1638
-960
-211
534
1166
1767
2354
2847
3270
3668
4050
4411
4756
5111
5515
6021
6491
6967
7526
8023
8412
8582
8648
8553
8092
7344
6357
5104
3646
1907
98
-1654
-3411
-5002
-6405
-7453
-8163
-8577
-8548
-8137
-7453
-6481
-5339
-4140
-2826
-1658
-589
305
945
1393
1449
1348
1021
583
51
-602
-1124
-1554
-1895
-2174
-2236
-2112
-1907
-1619
-1338
-958
-618
-448
-360
-386
-478
-760
-1252
-1784
-2353
-2951
-3601
-4186
-4601
-4841
-4973
-4906
-4597
-4097
-3303
-2409
-1405
-296
858
1992
2998
3895
4625
5208
5657
5877
5912
5949
5957
5972
5995
6120
6438
6841
7317
7750
8284
8831
9098
9134
8924
8439
7587
6234
4652
2803
741
-1461
-3777
-5764
-7552
-9102
-10255
-10826
-10831
-10523
-9735
-8514
-6971
-5244
-3561
-1846
-170
1182
2160
2797
3108
3025
2566
1873
955
-95
-1126
-2113
-2937
-3508
-3919
-4058
-3891
-3549
-3111
-2512
-1855
-1271
-784
-513
-355
-482
-749
-1208
-1959
-2707
-3530
-4276
-5029
-5656
-5954
-6033
-5885
-5464
-4728
-3766
-2547
-1441
-154
1250
2363
3461
4332
5119
5680
5922
6241
6411
6558
6647
6730
7084
7567
7884
8280
9027
9664
10058
10135
10310
10304
9626
8558
7179
5758
3812
1270
-1087
-3295
-5461
-7687
-9568
-10691
-11309
-11560
-11437
-10561
-9056
-7407
-5628
-3676
-1555
428
1919
3151
3995
4412
4418
3912
3109
2046
832
-396
-1513
-2597
-3373
-3846
-4020
-3855
-3550
-2970
-2290
-1496
-764
-309
-17
50
7
-468
-1381
-2395
-3461
-4532
-5810
-7023
-7838
-8227
-8495
-8505
-7959
-6880
-5570
-4189
-2608
-753
1163
2773
4240
5663
6844
7684
8292
8718
9091
9229
9247
9363
9455
9516
9644
9822
9995
10155
10140
9972
9739
9116
8235
7042
5436
3721
1580
-754
-3079
-5382
-7570
-9579
-11211
-12263
-12737
-12840
-12412
-11284
-9654
-7788
-5766
-3621
-1296
808
2415
3713
4639
5245
5212
4671
3899
2935
1778
493
-752
-1772
-2519
-3215
-3454
-3432
-3259
-2851
-2367
-1751
-1169
-939
-802
-695
-948
-1584
-2569
-3594
-4562
-5797
-7220
-8255
-8898
-9308
-9591
-9435
-8574
-7396
-6007
-4444
-2474
-240
1737
3703
5675
7402
8908
10065
11009
11854
12333
12603
12664
12739
12778
12449
12187
11854
11527
10997
10087
9227
8211
6948
5286
3411
1470
-568
-2710
-5082
-7192
-9006
-10589
-11878
-12748
-12994
-12727
-11998
-10862
-9269
-7272
-5196
-2987
-826
1155
2918
4248
5158
5620
5597
5173
4457
3471
2187
928
-193
-1313
-2184
-2903
-3335
-3415
-3417
-3214
-2870
-2516
-2197
-2037
-1921
-1976
-2338
-3004
-3750
-4524
-5504
-6645
-7706
-8332
-8811
-9149
-9166
-8741
-7727
-6498
-5208
-3533
-1475
574
2531
4455
6363
8201
9667
10774
11909
12843
13431
13757
13891
14221
14173
13828
13522
13129
12672
11677
10571
9469
8144
6412
4229
2292
294
-2035
-4542
-6826
-8539
-10342
-12071
-13291
-13730
-13703
-13697
-13083
-11758
-9943
-8166
-6441
-4190
-1875
54
1513
2806
3979
4590
4450
4125
3773
2968
1867
816
30
-647
-1452
-2037
-2068
-1908
-1757
-1687
-1347
-909
-682
-791
-1096
-1355
-2087
-3031
-4066
-5376
-6604
-7831
-8942
-9767
-10443
-10626
-10385
-9798
-8766
-7397
-5544
-3495
-1287
919
3384
5959
7888
9846
11572
13230
14514
15124
15755
16169
16558
16194
15720
15490
14878
14093
12666
11436
10367
8536
6545
4241
2359
437
-2284
-4612
-6772
-8366
-10068
-12000
-12976
-13393
-13537
-13501
-13115
-11773
-10175
-8603
-6838
-4775
-2610
-782
846
2168
3356
3995
4054
4129
3743
2992
2161
1214
583
-356
-1285
-1707
-1768
-1988
-2241
-2063
-1733
-1441
-1704
-1804
-1789
-2274
-3053
-3994
-4815
-5883
-7226
-8313
-9114
-9774
-10382
-10618
-10142
-9282
-8305
-6879
-4930
-2705
-465
1833
4213
6666
8695
10509
12147
13625
14758
15245
15847
16171
16147
15830
15444
15021
14319
13356
12038
11033
9619
7760
5710
3454
1874
-495
-3095
-5336
-7270
-8498
-10430
-11970
-12525
-12547
-12375
-12247
-11435
-9737
-7793
-6220
-4549
-2446
-340
1243
2208
3107
3889
3977
3496
2791
1966
1027
-248
-1337
-2273
-3104
-3696
-3915
-3884
-3839
-3439
-2970
-2431
-2150
-2099
-1885
-2132
-2788
-3588
-4334
-5451
-6747
-7873
-8798
-9170
-10015
-10223
-9635
-8780
-7546
-6335
-4247
-1775
380
2470
4967
7138
9155
10723
11836
13306
13994
14600
14841
15161
15276
14935
15034
14503
14304
13553
12622
11974
10376
8927
6926
4818
3074
270
-2156
-4540
-6591
-8330
-10614
-11854
-12540
-12809
-12929
-12920
-11736
-10006
-8406
-7051
-5046
-2646
-738
628
1659
3008
3770
3717
3126
2690
2080
840
-401
-1594
-2312
-3176
-3931
-4001
-3999
-3752
-3557
-3031
-2288
-2218
-2209
-2310
-2561
-3149
-4520
-5504
-6581
-7921
-9097
-10268
-10617
-10925
-10808
-10231
-9095
-7296
-5516
-3158
-733
1839
4519
6838
9013
10718
12334
13672
14205
14749
14961
15395
15355
14722
14828
14739
14778
14065
13181
13106
12382
11002
9002
7213
5781
3350
514
-2354
-4565
-6337
-8884
-11155
-12604
-12798
-13017
-13674
-13224
-11832
-9658
-8149
-6758
-4399
-1807
273
1359
2566
3752
4425
4208
3389
2752
1999
732
-799
-1941
-2779
-3453
-4037
-4145
-4044
-3658
-3159
-2700
-1991
-1962
-1934
-2087
-2660
-3535
-4970
-6263
-7621
-9215
-10795
-11858
-12566
-12941
-12804
-12253
-10913
-9053
-6889
-4276
-1409
1439
4499
7279
9635
11833
13486
14852
15551
15884
16196
16245
15709
15072
14911
14506
14141
13037
12448
12332
11306
9956
7969
6900
5568
2912
390
-2106
-3710
-5820
-8767
-10602
-11533
-11955
-12741
-13423
-12562
-10634
-9279
-8066
-6038
-3435
-828
531
1695
3560
4551
4721
4121
3510
3203
1878
337
-1135
-2082
-2938
-4009
-4450
-4661
-4460
-4265
-3981
-3326
-2867
-2618
-2578
-2728
-3193
-4018
-4999
-6188
-7468
-9061
-10194
-10971
-11989
-12159
-11906
-11135
-9811
-8191
-5888
-3111
-303
2464
5464
8360
10824
12757
14543
15722
16377
16870
16786
16741
15933
15261
14785
13940
13068
11757
11254
10472
9229
7561
5981
5330
3636
1523
-714
-2180
-3311
-5691
-7832
-9165
-9406
-9901
-11258
-11297
-10060
-8548
-7728
-7016
-4746
-2259
-599
-22
1269
2981
3571
3181
2143
2211
1835
177
-1335
-2462
-2950
-3848
-5154
-5399
-5200
-5280
-5477
-5249
-4498
-4262
-4366
-4269
-4155
-4561
-5446
-6134
-6884
-7804
-9075
-10095
-10562
-11158
-11299
-11051
-10192
-8867
-7301
-5111
-2645
-16
2881
5818
8529
10712
12852
14859
16047
16834
16985
17706
17704
16729
16307
15461
15327
13830
12284
11886
10635
9414
6950
5490
4838
2827
461
-1860
-2861
-4040
-6509
-8489
-9103
-9053
-9716
-10847
-10287
-8417
-7187
-6698
-5494
-2939
-718
191
761
2267
3729
3653
2813
2527
2643
1825
-90
-1160
-1392
-2170
-3461
-4458
-4279
-4025
-4796
-5210
-4742
-4214
-4523
-5262
-5029
-4954
-5785
-6893
-7551
-7980
-9011
-10303
-11139
-11308
-11702
-12191
-11739
-10582
-9269
-7696
-5805
-3002
-80
2600
5662
8266
10990
13320
15116
16472
17230
17905
18309
18284
17326
16649
16162
15333
13864
12210
11392
10413
8478
5994
4541
3674
1838
-849
-3170
-4035
-5086
-7532
-9412
-9880
-9525
-10174
-11139
-10257
-8382
-6772
-6249
-4835
-2152
-31
869
1487
3297
4594
4464
3736
3647
3871
2919
1057
23
4
-880
-2626
-3571
-3455
-3442
-4216
-5101
-4879
-4332
-4791
-5472
-5576
-5446
-6089
-7143
-7701
-8254
-9040
-10120
-10904
-11298
-11769
-12129
-11954
-10955
-9961
-8686
-6585
-4158
-1329
1206
3964
7074
9627
12008
14038
15473
16658
17233
17748
17861
16995
16468
15632
15156
13766
11613
11084
10002
8545
6273
4270
4008
2537
158
-2120
-3251
-3702
-5653
-7960
-8816
-8428
-8756
-9906
-9792
-8187
-6440
-5636
-4988
-2723
-319
947
1685
2647
4335
4853
4068
3709
3678
3332
1925
277
-227
-528
-1832
-3223
-3527
-3175
-3415
-4163
-4315
-3782
-3395
-3954
-4281
-4135
-4521
-5516
-6561
-7300
-8255
-9595
-10982
-11655
-12382
-13145
-13392
-12904
-11872
-10868
-9174
-6745
-3781
-1237
1475
4655
7652
10330
12481
14577
16033
17008
17567
17970
17694
16929
16259
15447
14655
12602
11204
10618
9234
7613
5221
4198
3708
1524
-695
-2389
-3095
-4237
-6570
-8318
-8593
-8577
-9630
-10271
-9592
-7881
-6630
-6083
-4580
-2098
87
1318
2129
3691
5270
5354
4868
4511
4425
3876
2072
622
-52
-1030
-2518
-3776
-4139
-4081
-4639
-5216
-4968
-4471
-4240
-4483
-4405
-4408
-4793
-5703
-6337
-7057
-8480
-9661
-10857
-11533
-12410
-13184
-13075
-12392
-11532
-10251
-8194
-5525
-2678
-116
3017
6061
9078
11648
13816
15610
17085
17732
18161
18641
17537
17388
16167
15126
14138
11729
11262
9791
8251
6554
4324
3646
2008
-18
-2024
-3447
-4437
-6180
-8000
-9184
-9403
-9841
-10444
-10323
-9311
-7790
-6663
-5546
-3375
-1076
841
2097
3334
4993
5976
6035
5591
5454
4903
3907
2192
816
-114
-1683
-2962
-4125
-4556
-4963
-5553
-5648
-5282
-4855
-4983
-4826
-4622
-4634
-5199
-5976
-6468
-7431
-8726
-10040
-11021
-11756
-12518
-12992
-12671
-11818
-10629
-8980
-6749
-4009
-1205
1705
4722
7597
10307
12611
14595
16013
17066
17605
17999
17979
17167
16755
15777
14815
13403
11981
11237
9839
8186
6138
4742
3498
1517
-821
-2757
-3847
-5344
-7343
-9101
-9616
-9805
-10433
-10900
-10281
-8759
-7598
-6746
-5248
-2578
-459
911
2095
3757
5521
5978
5636
5590
5727
5036
3480
1812
1003
92
-1627
-3061
-3851
-4158
-4782
-5500
-5369
-4981
-5050
-5404
-5321
-5105
-5515
-6552
-7438
-7993
-9035
-10584
-11921
-12654
-13150
-13658
-13677
-12869
-11567
-9783
-7781
-5152
-2142
824
3982
6795
9674
12044
14059
15820
16708
17631
18153
17950
17691
17060
16083
15624
13874
12541
11938
10022
8913
6605
5043
4186
1744
-252
-2213
-3263
-4685
-6715
-8307
-8823
-8771
-9760
-10289
-9666
-8287
-7305
-6986
-5587
-3199
-1193
1
897
2764
4627
5151
4947
5128
5493
5157
3808
2433
1835
973
-451
-1866
-2514
-2830
-3769
-4371
-4497
-4436
-4615
-5238
-5262
-5236
-5906
-7048
-7817
-8397
-9505
-11039
-12232
-12763
-13243
-13815
-13770
-12826
-11386
-9639
-7825
-5084
-1986
1118
4119
6687
9669
12224
14141
15564
16385
17356
18233
17729
17260
16738
16079
15668
13642
12552
11603
10195
8809
6032
4941
3567
1315
-1024
-3350
-3945
-5460
-7443
-8921
-9223
-8748
-9466
-9971
-9058
-7219
-6063
-5876
-4654
-2263
-468
409
864
2458
4217
4277
3738
3817
4272
3905
2372
1263
1187
336
-828
-1929
-2266
-2191
-3225
-3619
-3643
-3595
-3867
-4629
-4582
-4987
-5873
-6969
-7851
-8658
-10261
-11627
-12567
-13108
-13702
-14294
-13703
-12689
-11308
-9471
-7337
-4224
-1276
1658
4864
7728
10832
13281
14911
16645
17498
18565
19188
18319
18206
17361
16908
15812
13430
12910
11366
9950
7898
5070
4519
2472
37
-2529
-4679
-5180
-7238
-9384
-10488
-10412
-10222
-10910
-11065
-9475
-7380
-6371
-5690
-3869
-1148
458
918
1890
3700
4894
4433
3630
4187
4381
3483
1818
1127
1379
305
-942
-1709
-1398
-1406
-2536
-2915
-2630
-2437
-3134
-3930
-4105
-4545
-5650
-7028
-7930
-9087
-10714
-11933
-12985
-13470
-14231
-14573
-13580
-12862
-11543
-9787
-7296
-4186
-1809
937
4286
7392
10334
12350
14204
16398
17351
18867
18787
18503
18999
17828
17808
15796
14138
13785
11720
10326
7420
5716
4950
2262
-206
-2627
-3906
-4954
-7392
-9365
-9702
-9746
-10206
-10857
-10452
-8476
-6955
-6355
-5129
-2865
-740
459
910
2269
3920
3912
3488
3187
3344
3401
1882
864
982
325
-502
-1342
-1634
-1015
-1779
-2617
-2390
-2430
-2493
-3396
-4117
-3973
-4861
-6245
-7274
-8139
-9249
-10537
-11876
-12484
-12800
-13640
-13352
-12679
-11482
-10026
-8567
-5817
-3499
-770
1855
4597
7660
9724
11914
13605
15099
16522
17256
17238
17362
16956
16909
16043
14174
13453
12060
11008
8657
6297
5466
3623
1499
-1295
-2892
-3699
-5451
-7395
-8673
-8585
-8600
-9322
-9417
-8094
-6490
-5461
-4773
-3122
-936
384
1018
1821
3112
3758
3310
2788
2842
2625
1862
669
193
179
-692
-1361
-1823
-1307
-1367
-2188
-2285
-2249
-2195
-2941
-3497
-3779
-4387
-5518
-6798
-7597
-8279
-9742
-11057
-11588
-12126
-12527
-12903
-12380
-10911
-9781
-8552
-6392
-3870
-983
1270
3665
6361
8838
10923
12273
13869
14908
16420
16326
16163
16219
15739
16095
14187
13299
12602
11013
9996
7161
6019
4909
2489
383
-2314
-3009
-4358
-6627
-8082
-8781
-8428
-9067
-9768
-9081
-7282
-6139
-5817
-4663
-2440
-344
247
669
1955
3587
3598
2706
2580
2793
2730
1245
189
215
90
-768
-1708
-1486
-911
-1401
-1962
-1969
-1866
-2010
-3122
-3767
-4297
-5386
-6865
-8163
-8963
-10360
-11557
-12743
-12995
-12910
-13442
-12666
-11770
-10013
-8157
-6595
-3598
-1005
1802
4405
6669
9511
11506
13347
14886
15757
17145
17520
17206
17198
16282
16317
15153
13337
12530
10512
9532
7016
5006
4104
1763
2
-2650
-3845
-4557
-6367
-7899
-8865
-8351
-8515
-9126
-8948
-7550
-5768
-5391
-4821
-2848
-675
428
577
1223
3085
3522
2742
1969
1932
2259
959
-452
-908
-791
-1360
-2231
-2663
-1909
-1644
-2277
-2135
-2129
-1763
-2467
-3357
-3621
-4575
-5715
-7319
-8459
-9504
-10910
-12089
-12774
-12696
-12959
-12775
-11812
-10266
-8336
-6598
-4170
-1392
1443
3897
6315
9084
11506
13263
14902
16087
17484
18242
17865
18064
17073
16793
15725
13638
12819
10479
8917
6727
4190
3153
779
-1046
-3149
-4740
-5428
-6881
-8060
-8709
-8406
-8468
-8462
-8377
-7056
-5328
-4780
-3632
-2285
-297
756
1085
1874
3068
3589
2735
2041
1699
1884
891
-482
-962
-1116
-1448
-2214
-2409
-1967
-1492
-1941
-1952
-1663
-1582
-1706
-2729
-2948
-3687
-4930
-6192
-7506
-8302
-9873
-11054
-11803
-11981
-12004
-12271
-11527
-10091
-8288
-6838
-4811
-2186
507
2696
4620
7583
9748
11628
12817
13963
16293
16697
16820
16848
16621
16917
15372
14062
12991
11505
9617
6717
4900
3370
1129
-1280
-3738
-4843
-6023
-7733
-8949
-9611
-9038
-9434
-9647
-9085
-7652
-5946
-5257
-3974
-2391
-476
671
1560
2483
3488
3916
3226
3002
2494
2339
1424
308
-353
-1289
-1435
-1806
-1906
-1974
-1738
-1592
-1470
-1139
-1346
-1048
-1593
-2213
-3191
-4292
-5096
-6508
-8008
-9520
-10424
-11264
-11732
-12155
-11909
-11123
-9954
-8192
-6382
-3778
-1712
1005
3432
5645
8672
10118
11974
13319
14301
16089
16150
16505
16417
15955
16157
14260
13220
12100
10155
8544
5163
3474
1965
-544
-2788
-5353
-5955
-6968
-8580
-9495
-9624
-8686
-8824
-9052
-8147
-6352
-4807
-4108
-3231
-1448
253
1306
1798
2662
3782
3586
3176
2463
2430
2060
640
-159
-1201
-1656
-2133
-2638
-2180
-2182
-2115
-1722
-1226
-743
-537
-906
-1052
-1233
-2685
-3612
-4960
-6023
-7438
-9535
-10222
-10897
-11298
-11871
-11822
-10736
-9026
-7605
-5795
-3248
-779
1781
3709
6205
8731
10348
11835
12731
13867
15257
15049
15653
15584
15003
15305
13506
12933
11833
9734
8530
5566
3894
2060
-491
-2481
-4796
-6054
-7161
-8732
-9688
-9716
-9390
-9422
-9446
-8278
-6363
-5070
-4357
-3102
-1032
790
1448
2020
3091
4168
3845
2999
2735
2511
2175
566
-622
-831
-1458
-2029
-2514
-2564
-1908
-1831
-1877
-1198
-1069
-879
-1193
-1759
-1811
-3051
-4158
-5465
-6598
-7812
-9335
-10028
-10634
-10723
-11369
-11122
-9833
-8494
-6826
-5483
-3152
-372
1743
3697
5727
8315
10216
11264
11985
13104
14639
14280
14605
14366
14342
14806
12577
12563
11439
10091
9063
5823
5073
3043
764
-1201
-3819
-4700
-6334
-8072
-9097
-9679
-9452
-9723
-9703
-8895
-7013
-5575
-4798
-3220
-1428
842
1786
2144
3573
4570
4501
3925
3191
3245
2715
909
-105
-833
-1119
-1975
-2832
-2560
-2349
-2039
-2119
-1698
-1309
-1142
-1505
-1816
-1945
-3055
-3838
-5454
-6341
-7461
-8871
-9561
-10366
-10440
-10904
-10511
-9739
-8467
-7041
-5752
-3483
-1173
1118
3096
5191
7569
9557
10804
12103
12882
14010
14489
13785
14305
13668
13803
12739
10979
11163
9496
8390
6055
4171
3632
1145
-887
-3239
-4152
-5149
-7113
-8383
-8838
-8384
-8848
-9325
-8702
-6934
-5789
-5081
-4343
-2027
-87
509
1538
2295
4061
4011
3407
3313
3144
3136
1193
150
-241
-1018
-1618
-2651
-2597
-2138
-2219
-2259
-1658
-1001
-983
-1080
-1402
-1312
-2017
-3312
-4245
-5394
-6659
-7987
-9023
-9805
-10166
-10876
-10800
-9844
-9124
-7831
-6713
-4565
-2170
-176
2016
4068
6612
8634
10261
11517
12809
13722
14463
14197
14079
14150
13434
13334
11507
10500
9985
8246
7173
4287
3324
2485
39
-1526
-3888
-4054
-4860
-6819
-7680
-7799
-7174
-7781
-8271
-7460
-5777
-4915
-4687
-3682
-1626
-10
312
1216
2407
3474
3378
2663
3053
2851
1930
654
-464
-543
-1517
-2572
-2725
-2661
-2450
-2631
-2374
-1514
-1298
-1339
-1538
-1495
-1634
-2895
-3646
-4725
-5646
-7001
-8493
-8953
-9797
-10242
-10652
-10300
-9466
-8712
-7470
-5994
-3699
-1668
410
2605
4854
7047
9190
10687
12262
13493
14050
15332
14713
15151
14765
13952
14161
11857
11279
10016
8175
6976
3776
2994
1312
-935
-2802
-4818
-5192
-6576
-7851
-8807
-8640
-8259
-8805
-8693
-7706
-6205
-5327
-4589
-3219
-1228
126
1075
2169
3336
4348
3999
3926
4005
3313
2398
925
99
-706
-2097
-3065
-3178
-3342
-3403
-3523
-3101
-2025
-2003
-1897
-1774
-1653
-1970
-2927
-3658
-4506
-5434
-7117
-8222
-8885
-9740
-10227
-10906
-10229
-9479
-8782
-7678
-6044
-3718
-1654
280
2240
4792
6776
8723
10264
11735
13207
13576
14826
14826
15016
15115
14398
14897
13132
12240
11650
10021
9146
5887
4429
3551
1315
-949
-3743
-4402
-5475
-7355
-8880
-9579
-8806
-9404
-9842
-9429
-7795
-6120
-5944
-4748
-2877
-664
397
984
2449
3688
4270
3674
3540
3779
2876
1653
512
-440
-1064
-2734
-3461
-3332
-3768
-3654
-3888
-3103
-2305
-2254
-1992
-1638
-1379
-2256
-2779
-3513
-4109
-5335
-7164
-7674
-8597
-9404
-10239
-10553
-9636
-9247
-8485
-7340
-5338
-3084
-1408
559
2646
5008
6905
8514
10005
11285
12443
12651
13971
13842
13971
14332
13129
14313
12327
11788
11484
9513
9477
6261
5124
4257
2001
270
-2579
-3653
-4672
-6412
-8367
-9246
-9037
-9285
-9765
-9913
-8228
-6556
-5974
-5295
-3416
-1088
293
669
1590
3216
3783
3360
2725
2799
2568
1259
11
-849
-1489
-2440
-3289
-3458
-3334
-3291
-3317
-2602
-1946
-1679
-1139
-953
-527
-1085
-1957
-2300
-3111
-4492
-5979
-7176
-8115
-9093
-10479
-10786
-10406
-10127
-9478
-8507
-6664
-4581
-2668
-496
1710
4110
6224
8051
10082
11127
12618
13147
14021
14866
14066
14967
14055
14120
13783
11781
12165
10439
9613
8143
5447
5330
2975
1337
-777
-3025
-3581
-5669
-7304
-8651
-8747
-8959
-9630
-9533
-8668
-6761
-6282
-5690
-3856
-1739
-430
-130
851
2193
3074
2483
1887
2217
1939
751
-516
-1350
-1654
-2490
-3607
-3642
-3592
-3442
-3405
-3144
-2040
-1870
-1371
-1130
-948
-902
-1837
-2178
-3109
-3976
-5528
-6972
-7837
-9078
-9819
-10837
-10814
-10557
-9947
-8805
-7906
-5736
-3777
-1598
786
2686
5200
7402
9243
10976
12205
13512
14160
14942
15170
15034
15139
14363
14488
13260
12018
11617
10029
9576
7096
5356
4547
2284
942
-2028
-3354
-4379
-6402
-7937
-9430
-8901
-9383
-9768
-9594
-8228
-6347
-6030
-4959
-3022
-589
422
547
1470
3312
3795
2888
2236
2343
2222
516
-1098
-1760
-1963
-3142
-4427
-4479
-4020
-3739
-4026
-3172
-2019
-1519
-1294
-1187
-379
-688
-1717
-2186
-2910
-3846
-5854
-7343
-8059
-8956
-10106
-11214
-10820
-10392
-9973
-9389
-7828
-5743
-4071
-2153
-208
2437
4404
6134
8355
10094
11622
12357
13229
14462
14950
14543
14662
14498
14617
13601
11923
11931
10842
9833
7956
5775
5379
3323
1311
-954
-2606
-3532
-5662
-7452
-8750
-8615
-9212
-9684
-9492
-8739
-6964
-6502
-5279
-3450
-1448
71
443
1745
3293
3917
3748
3146
3028
2922
1357
197
-721
-1602
-2252
-4101
-3875
-3967
-3867
-3543
-3557
-2148
-1805
-1365
-1333
-781
-904
-1961
-2649
-3665
-4429
-6383
-8291
-9250
-10273
-11211
-12462
-12863
-12323
-11507
-10980
-9831
-7938
-5654
-3522
-1572
898
3768
6312
8141
10285
12164
13730
14971
15221
16299
16697
16390
16729
15771
15599
14733
13219
12987
11410
10218
8474
6309
5617
3158
1422
-777
-2681
-3773
-6306
-7582
-8981
-9009
-9425
-10387
-10008
-9144
-7532
-6789
-5809
-3801
-1682
-565
273
1823
3377
4046
3511
3431
3441
3165
1635
345
-181
-1304
-2550
-3818
-4065
-4157
-4748
-5065
-4582
-3762
-3748
-3925
-3574
-3021
-3178
-4020
-4629
-5001
-5634
-7398
-8412
-9117
-9931
-10804
-11904
-11443
-11186
-10777
-10065
-8933
-6621
-5117
-3161
-1014
1570
4402
6429
8716
10594
12860
14229
15346
16193
17005
17876
17435
17695
16695
16978
15869
14165
13859
11687
10938
8356
5917
5005
2305
462
-2207
-4042
-5451
-7400
-8767
-9746
-9596
-10211
-10207
-9741
-8334
-6724
-5915
-4355
-2644
-579
593
1304
2673
3867
4352
3955
3436
3445
2804
1495
342
-529
-1455
-2638
-3912
-4378
-4567
-5063
-5535
-5437
-4920
-5009
-5020
-5197
-4757
-4752
-5514
-5840
-6361
-6869
-7837
-8805
-9472
-9948
-10429
-11082
-10949
-10596
-10013
-9076
-8112
-6511
-4790
-2759
-734
1319
3708
5883
8119
9847
11893
13470
14799
15871
16543
17769
17819
17815
17727
17183
17268
15471
14513
13491
11709
10427
7222
5714
4078
1433
-845
-3796
-4736
-6395
-8444
-9823
-10387
-9756
-10292
-10264
-9415
-7505
-5886
-5232
-3718
-1684
349
1002
1525
2718
3694
3744
2665
2442
2148
1304
-231
-1523
-1949
-2914
-4153
-5128
-5135
-5341
-5646
-5885
-5621
-5004
-5309
-5022
-4892
-4619
-4991
-5680
-5735
-6398
-7083
-8306
-8910
-9355
-10162
-10613
-10978
-10410
-9905
-9430
-8194
-6558
-4600
-2743
-732
1819
4329
6553
8563
10620
12741
14514
15630
16710
17515
18275
18715
18131
18171
17458
17009
16263
14169
13513
11914
10290
8562
5795
4786
2519
295
-1917
-4081
-4831
-6675
-8304
-9375
-9460
-9131
-9691
-9391
-8650
-6844
-5804
-5298
-3638
-1959
-500
-147
349
1539
2124
1710
850
663
423
-674
-2238
-2989
-3425
-4190
-5529
-6067
-5653
-6005
-6184
-6658
-5699
-5174
-5325
-5145
-4884
-4209
-4649
-5152
-5351
-5409
-6036
-7322
-7795
-8252
-8807
-9496
-9994
-9206
-8930
-8376
-7251
-5711
-3406
-1797
354
2893
5437
7733
9698
11765
13562
15123
16228
16972
17622
17718
17755
17533
16705
16262
14930
14510
13079
11470
10593
8709
7843
5775
3652
2932
627
-629
-2841
-4454
-4922
-6746
-7838
-8806
-8834
-8620
-9028
-8868
-7834
-6215
-5219
-4450
-2823
-1033
470
869
1713
2639
2977
2313
1146
850
-277
-1880
-3600
-4952
-5816
-7300
-8658
-8995
-8958
-9024
-9077
-8529
-7132
-6343
-5806
-4943
-3800
-3065
-3288
-3366
-3400
-3553
-4718
-5953
-6522
-7387
-8110
-9348
-9236
-8869
-8606
-7651
-6565
-4252
-2448
-234
2420
4782
7540
9484
11648
13707
14987
16024
16876
17169
17487
17123
16500
16404
15164
14724
13373
12697
12017
10269
9882
8416
7635
6591
4328
3926
2138
725
-953
-3195
-3910
-5783
-7428
-8945
-9771
-9751
-10759
-10911
-10449
-9003
-7777
-7070
-5413
-3293
-1273
-440
601
1807
2367
2217
1641
734
210
-1467
-3536
-4444
-6315
-7090
-8418
-9255
-8822
-9378
-8524
-8085
-6800
-5623
-4990
-3677
-2879
-1964
-2231
-2293
-2534
-3151
-4164
-5795
-6619
-7674
-8678
-9554
-9803
-9621
-8988
-8015
-6902
-4609
-2603
29
2680
5244
8095
10294
12573
14431
15868
17041
17473
17889
17815
17184
16841
15657
15300
14194
13083
12724
11288
11483
10229
9494
9343
7693
7610
5719
4639
3660
1357
26
-2621
-4037
-5807
-8084
-9547
-11158
-11544
-12262
-12625
-12137
-10987
-9631
-8419
-6963
-4942
-2786
-1416
-510
482
1528
1438
834
-33
-777
-1568
-3745
-5215
-6480
-7437
-8281
-9529
-9237
-8961
-8318
-7725
-6844
-5165
-4263
-3096
-2316
-1205
-627
-1024
-1112
-1853
-2172
-3399
-4649
-5364
-6329
-6918
-7739
-7615
-7020
-6292
-5678
-4173
-2080
-75
2008
4123
6817
8989
10868
12245
13864
15275
15529
15756
15664
15801
15198
13909
13329
12543
12347
10878
10252
10210
9675
9874
8369
8699
8543
7334
6874
4739
4355
2564
49
-1526
-4190
-5575
-8126
-10364
-11673
-12948
-13532
-14360
-13983
-13277
-12019
-10654
-9241
-6971
-5043
-3244
-1770
-342
725
1361
1339
842
460
-510
-1590
-3134
-4314
-5634
-6667
-7408
-8015
-7739
-7660
-7190
-6434
-5429
-4166
-3187
-2156
-1378
-488
-281
-283
-366
-861
-1286
-2299
-3056
-3763
-4455
-5034
-5543
-5279
-5019
-4293
-3438
-2092
-277
1390
3568
5408
7567
9345
10867
12180
13022
13911
13975
13946
13391
12688
12290
11050
10279
9406
8903
8830
7998
8253
8363
8598
9130
8083
8756
8309
7448
6569
3980
3536
972
-1638
-4065
-6917
-8241
-11211
-13303
-14629
-15310
-15393
-15847
-15021
-13427
-11609
-9899
-7752
-5185
-2630
-836
596
2168
3357
3850
3228
2859
2031
934
-677
-2629
-3814
-5268
-6503
-7620
-8157
-8075
-7863
-7360
-6587
-5187
-3802
-2467
-1350
-71
1080
1618
2223
2106
2141
1626
687
-14
-1143
-1854
-2973
-3442
-3848
-4051
-3571
-3428
-2085
-991
453
2118
3564
5248
6580
8026
8953
9532
9749
9901
9693
8876
8362
7441
6950
6047
5377
5410
5195
5819
5585
6459
7319
7707
8631
8114
8764
8286
7062
6423
4179
2922
519
-2343
-4212
-6953
-8603
-10660
-12432
-13094
-13767
-13370
-13065
-12092
-10396
-8504
-6603
-4564
-2270
-86
1881
3140
4238
5070
5287
4766
3768
2708
1328
-369
-2312
-3863
-5218
-6427
-7500
-7855
-7533
-7212
-6070
-5122
-3506
-1739
-472
1298
2436
3448
3981
4189
4231
3429
2713
1427
361
-875
-2486
-3512
-4333
-4790
-5240
-5171
-4648
-3761
-2784
-1678
-240
1023
2437
3354
4374
5106
5231
5505
5116
4888
4574
3649
3257
2645
2354
2208
1951
2620
2878
3867
4652
5384
6764
7160
8330
8412
8420
8668
7440
7046
5211
3612
2310
-482
-1980
-4157
-5834
-7053
-8649
-9207
-9340
-9189
-8606
-7716
-6284
-4694
-2982
-1426
314
1992
3129
3861
4167
4430
3976
2893
1554
236
-1260
-2989
-4651
-5901
-6783
-7451
-7733
-7430
-6430
-5520
-4092
-2427
-657
1228
2473
3946
5052
5865
5861
5633
5314
4313
3219
1369
42
-1456
-3010
-4364
-5686
-6078
-6591
-6743
-6741
-6151
-5201
-4432
-3602
-2778
-1628
-997
-442
-204
-24
207
-298
-518
-998
-1318
-1517
-1826
-1582
-1304
-468
417
1786
3389
4793
6933
8549
10181
11748
12239
13515
13422
12981
12684
10858
9799
7544
5159
3509
792
-972
-3076
-4890
-5734
-6829
-7088
-7187
-6640
-5789
-4988
-3600
-2314
-769
339
1268
2369
2850
3064
2715
2299
1948
820
-346
-1494
-2464
-3293
-4295
-4726
-4748
-4509
-4029
-3518
-2170
-875
227
1570
2594
3862
4490
4693
4770
4414
3736
2516
1099
-551
-2203
-4196
-6097
-7615
-9070
-10114
-11152
-11576
-11533
-11294
-10780
-9885
-8632
-7549
-6345
-5246
-4089
-2992
-2327
-1721
-1410
-1190
-1059
-1121
-1107
-1076
-825
-623
1
669
1653
2955
4268
6011
7556
9329
10861
12282
13768
14605
15599
15652
15702
15406
14276
13452
11512
9849
7775
5292
3349
933
-1161
-2918
-4460
-5324
-6107
-6503
-6062
-5359
-4438
-3323
-1941
-179
1073
2301
3514
4561
5288
5127
5210
4970
4414
3328
2033
1166
-59
-1224
-2627
-3290
-3819
-4521
-4715
-4892
-4116
-3980
-3659
-3034
-2646
-1955
-2246
-2156
-2392
-2901
-3684
-5136
-5953
-7477
-8671
-10025
-11420
-12037
-13002
-13227
-13482
-13221
-12500
-11706
-10373
-9147
-7664
-6193
-4743
-3418
-2270
-1359
-713
-68
103
260
231
148
376
394
598
1012
1758
2685
3808
5089
6508
8292
9884
11338
12852
14108
15287
15980
16332
16536
16272
15906
14956
13920
12798
11490
9945
8384
7010
5461
4333
2892
1925
1489
482
357
32
-187
263
-123
270
419
279
580
156
174
-122
-615
-1118
-1784
-2285
-3064
-3711
-4444
-5002
-5626
-6245
-6630
-7012
-7162
-7420
-7550
-7399
-7405
-7075
-6912
-6705
-6275
-6155
-5707
-5645
-5481
-5316
-5404
-5374
-5771
-5882
-6401
-6741
-7043
-7609
-7722
-8235
-8377
-8431
-8377
-7954
-7795
-7196
-6761
-6088
-5181
-4599
-3771
-3161
-2253
-1380
-796
89
985
1848
2826
3647
4629
5664
6493
7291
8048
8944
9477
9980
10459
10711
11167
11309
11458
11904
12010
12295
12532
12716
13213
13253
13523
13702
13643
13597
13064
12671
12000
10887
9708
8110
6458
4770
2604
774
-1140
-2910
-4437
-5986
-6719
-7561
-7944
-7943
-7703
-6923
-6441
-5726
-4829
-4031
-3453
-3268
-3111
-3304
-3801
-4696
-5673
-6626
-7947
-9166
-10297
-11179
-11828
-12326
-12555
-12248
-11702
-11138
-10221
-9219
-8002
-6807
-5806
-4827
-4017
-3203
-2782
-2575
-2448
-2606
-2833
-3206
-3747
-4113
-4510
-4907
-5034
-5065
-4794
-4363
-3764
-2997
-2046
-884
148
1482
2650
3795
4942
5788
6764
7400
7850
8226
8439
8709
8673
8635
8728
8758
8831
8839
8918
9250
9437
9632
9839
10092
10514
10560
10734
10808
10999
11050
10813
10765
10460
10237
9643
9050
8506
7600
6706
5557
4499
3273
1766
306
-1057
-2412
-3905
-5291
-6344
-7110
-8082
-8826
-9001
-9026
-8821
-8948
-8592
-7736
-7323
-7083
-6909
-6411
-6058
-6502
-7072
-7297
-7728
-8622
-9732
-10500
-10933
-11663
-12384
-12626
-12390
-11997
-11716
-10864
-9599
-8220
-6917
-5544
-3772
-2204
-944
264
1403
2392
2990
3249
3592
3698
3572
3352
3017
2865
2569
2269
2080
1865
1955
1772
1830
1990
2001
2211
2320
2533
2791
2967
3118
3413
3670
3841
4070
4254
4587
4705
4864
5101
5205
5468
5540
5693
5926
5945
6110
6122
6102
6225
6139
6099
6004
5962
5987
5941
5944
6073
6142
6276
6429
6425
6670
6439
6308
6045
5518
5007
3876
2932
1766
243
-1279
-3023
-4571
-6158
-7876
-9370
-10490
-11433
-12288
-12607
-12717
-12394
-11932
-11426
-10243
-9304
-8367
-7514
-6562
-5559
-5221
-4826
-4492
-4106
-4023
-4164
-3998
-3703
-3363
-3208
-2699
-1893
-1158
-484
418
1476
2422
3203
3818
4624
5171
5345
5345
5328
5136
4632
3951
3150
2515
1592
653
-152
-955
-1468
-2138
-2555
-2702
-2826
-2698
-2557
-2264
-1737
-1344
-855
-309
71
474
740
1043
1184
1167
1131
1148
1194
1074
1063
1170
1414
1703
1961
2417
2873
3367
3916
4294
4693
4987
5168
5227
5197
4987
4725
4351
3914
3602
3193
2811
2477
2421
2483
2478
2662
2965
3354
3769
3932
4127
4323
4111
3714
3076
2284
1133
-303
-1739
-3358
-4916
-6675
-8160
-9243
-10222
-10926
-11358
-11032
-10568
-9887
-8848
-7641
-5990
-4702
-3490
-2146
-882
-53
342
819
1003
1079
694
260
81
-150
-504
-781
-712
-516
-191
118
599
1345
1999
2597
3121
3713
4162
4262
4384
4326
4099
3695
3090
2634
2014
1296
515
-82
-457
-1112
-1541
-1889
-2024
-2048
-2236
-2211
-2041
-1856
-1778
-1753
-1686
-1576
-1595
-1728
-1823
-1947
-1963
-2208
-2228
-2217
-2147
-1846
-1750
-1192
-709
-108
627
1234
2078
2694
3319
3923
4222
4420
4383
4282
4005
3347
2665
1912
1222
549
-368
-837
-1173
-1384
-1286
-1192
-631
99
907
1771
2723
3764
4678
5358
5784
6139
6145
5852
5070
4118
3105
1579
-62
-1684
-3278
-4685
-6281
-7544
-8247
-8753
-9033
-9085
-8572
-7654
-6738
-5735
-4509
-3014
-1763
-761
166
1091
1834
1987
2119
2213
2155
1888
1466
1309
1260
1176
1097
1361
1777
2199
2715
3265
4017
4487
4848
5277
5408
5442
5043
4581
4243
3359
2451
1590
661
-133
-1150
-1885
-2344
-2842
-3219
-3473
-3377
-3340
-3330
-3208
-3056
-2903
-2984
-3071
-3170
-3380
-3741
-4188
-4554
-4894
-5235
-5481
-5599
-5508
-5210
-4829
-4170
-3350
-2401
-1335
-316
891
1996
2930
3821
4439
5028
5237
5155
5012
4606
4037
3197
2398
1604
769
-25
-753
-1162
-1442
-1626
-1539
-1236
-741
-226
367
1117
1848
2511
3039
3455
3899
4156
4150
4174
3950
3808
3568
3032
2697
2223
1849
1382
756
419
-42
-437
-899
-1346
-1443
-1688
-1895
-2044
-1954
-1702
-1647
-1478
-1142
-537
-141
139
667
1255
1857
2013
2341
2862
3159
3289
3245
3449
3627
3520
3356
3370
3430
3338
3103
2966
2967
2792
2469
2112
1830
1484
882
233
-276
-829
-1621
-2381
-3007
-3492
-4001
-4712
-5016
-5142
-5313
-5481
-5559
-5249
-5008
-4898
-4784
-4506
-4179
-4160
-4237
-4322
-4369
-4551
-4943
-5224
-5430
-5573
-5770
-5854
-5686
-5359
-4929
-4434
-3707
-2910
-2040
-1247
-426
323
896
1419
1693
1877
1759
1597
1376
966
531
22
-375
-750
-1122
-1456
-1504
-1488
-1440
-1267
-942
-426
48
625
1224
1976
2699
3281
3980
4657
5278
5848
6284
6756
7262
7506
7722
7917
7971
8066
7813
7459
7138
6518
5841
4848
3789
2818
1554
316
-926
-2080
-2941
-3845
-4471
-4782
-4823
-4508
-4059
-3285
-2214
-1032
238
1527
2812
4018
5037
5803
6501
6873
6919
6814
6449
6060
5357
4518
3768
2951
2188
1355
676
173
-362
-739
-1060
-1300
-1487
-1764
-1897
-2132
-2479
-2814
-3258
-3660
-4308
-4973
-5492
-6060
-6682
-7332
-7702
-7919
-8115
-8303
-8230
-7840
-7508
-7143
-6722
-6003
-5265
-4771
-4269
-3687
-3045
-2655
-2407
-2138
-1799
-1602
-1578
-1460
-1270
-1073
-966
-885
-624
-260
-109
63
303
586
837
824
815
923
941
737
450
201
-44
-313
-749
-1023
-1211
-1465
-1576
-1609
-1443
-1229
-961
-463
133
741
1414
2218
3064
3926
4654
5445
6318
7096
7701
8218
8761
9202
9504
9541
9645
9641
9452
9123
8626
8259
7630
6868
6051
5142
4362
3311
2257
1372
405
-390
-1256
-1986
-2372
-2745
-2986
-3125
-3028
-2717
-2431
-2131
-1677
-1127
-634
-272
71
436
767
888
923
960
899
831
609
413
235
-66
-272
-487
-727
-880
-1121
-1175
-1239
-1457
-1481
-1550
-1582
-1681
-1925
-2045
-2193
-2481
-2831
-3186
-3504
-3868
-4340
-4780
-5123
-5409
-5694
-5946
-6094
-6152
-6125
-6067
-5948
-5817
-5609
-5297
-5107
-4865
-4667
-4436
-4215
-4142
-4002
-3898
-3750
-3685
-3688
-3508
-3422
-3291
-3094
-2920
-2622
-2395
-2122
-1758
-1420
-1159
-827
-503
-179
26
194
483
729
877
895
1070
1295
1418
1521
1607
1924
2228
2428
2691
3136
3675
4147
4611
5158
5925
6538
7088
7703
8315
8991
9375
9725
10124
10351
10489
10371
10228
10077
9632
9119
8449
7748
6975
5879
4877
3799
2761
1658
448
-464
-1404
-2174
-2890
-3465
-3662
-3912
-3981
-3904
-3630
-3247
-2955
-2520
-2046
-1537
-1175
-895
-527
-305
-94
-69
-21
29
-53
-117
-280
-342
-472
-646
-772
-923
-985
-1064
-1151
-1265
-1325
-1396
-1488
-1608
-1834
-2024
-2272
-2640
-3105
-3641
-4145
-4719
-5372
-6034
-6574
-7011
-7404
-7727
-7877
-7782
-7657
-7451
-7098
-6615
-6097
-5616
-5141
-4691
-4280
-4024
-3827
-3655
-3609
-3566
-3609
-3679
-3658
-3635
-3533
-3344
-3140
-2741
-2244
-1707
-1070
-435
376
1120
1781
2505
3064
3704
4149
4409
4718
4856
4981
4959
4873
4803
4697
4590
4410
4312
4287
4263
4274
4293
4441
4636
4791
4989
5285
5611
5875
6112
6370
6682
6915
7046
7226
7405
7518
7561
7533
7549
7469
7257
6981
6630
6235
5648
4979
4229
3394
2481
1466
488
-455
-1429
-2332
-3105
-3746
-4174
-4539
-4679
-4602
-4357
-3912
-3459
-2824
-2116
-1447
-796
-286
209
564
678
685
528
251
-143
-728
-1260
-1806
-2340
-2845
-3340
-3636
-3893
-4011
-4055
-4013
-3841
-3661
-3412
-3182
-2966
-2716
-2527
-2454
-2464
-2512
-2552
-2678
-2933
-3202
-3386
-3547
-3732
-3932
-4031
-3946
-3853
-3751
-3608
-3356
-2963
-2643
-2355
-2102
-1836
-1581
-1496
-1510
-1606
-1739
-1965
-2272
-2615
-2971
-3280
-3635
-3896
-4047
-4110
-4042
-3857
-3569
-3153
-2654
-2085
-1417
-775
-158
440
1003
1470
1841
2115
2307
2467
2489
2481
2502
2454
2457
2434
2454
2590
2692
2883
3112
3400
3712
3979
4325
4658
4973
5234
5461
5734
5939
6066
6161
6219
6266
6295
6228
6151
6046
5906
5762
5507
5196
4858
4476
4032
3454
2794
2169
1449
675
-133
-935
-1601
-2267
-2860
-3318
-3628
-3775
-3818
-3701
-3391
-2946
-2465
-1911
-1252
-563
59
610
1168
1649
2003
2194
2274
2334
2181
1920
1602
1204
825
340
-167
-578
-965
-1315
-1590
-1844
-1918
-1952
-1984
-1919
-1891
-1777
-1700
-1741
-1744
-1804
-1922
-2098
-2380
-2672
-2953
-3299
-3662
-4017
-4302
-4520
-4789
-5005
-5122
-5151
-5186
-5219
-5183
-5066
-4914
-4858
-4706
-4513
-4334
-4144
-3995
-3755
-3488
-3256
-2991
-2671
-2322
-1943
-1545
-1085
-583
-112
374
867
1363
1800
2165
2539
2850
3070
3195
3259
3297
3234
3053
2847
2624
2378
2085
1741
1459
1239
1053
879
766
759
823
918
1059
1264
1487
1720
1928
2134
2316
2446
2537
2580
2599
2609
2575
2547
2564
2561
2605
2661
2757
2915
3051
3226
3398
3564
3724
3839
3919
3953
3911
3808
3644
3429
3172
2855
2529
2189
1863
1588
1322
1141
1041
1006
1064
1142
1326
1557
1811
2076
2281
2505
2660
2731
2715
2577
2357
2047
1648
1165
636
71
-447
-956
-1437
-1845
-2162
-2374
-2516
-2593
-2604
-2556
-2506
-2450
-2423
-2468
-2564
-2739
-3008
-3321
-3702
-4122
-4567
-5019
-5412
-5750
-6034
-6237
-6306
-6287
-6190
-6000
-5735
-5386
-5035
-4700
-4355
-4041
-3812
-3676
-3610
-3615
-3704
-3910
-4157
-4393
-4659
-4921
-5145
-5285
-5283
-5205
-5032
-4719
-4280
-3725
-3108
-2458
-1743
-1045
-380
221
749
1218
1571
1840
2025
2144
2242
2322
2414
2560
2735
3030
3389
3789
4279
4802
5385
5924
6417
6878
7250
7535
7646
7671
7585
7349
7016
6523
6044
5505
4918
4330
3754
3303
2900
2559
2308
2189
2194
2224
2330
2510
2743
2996
3181
3378
3550
3662
3721
3706
3643
3513
3336
3095
2837
2546
2211
1885
1542
1194
840
469
113
-212
-550
-871
-1179
-1467
-1725
-2005
-2247
-2481
-2707
-2930
-3169
-3351
-3563
-3764
-3976
-4193
-4373
-4542
-4718
-4882
-5029
-5144
-5218
-5322
-5408
-5475
-5498
-5550
-5592
-5605
-5580
-5525
-5468
-5369
-5202
-4999
-4768
-4487
-4160
-3759
-3371
-2944
-2492
-2039
-1576
-1171
-764
-390
-60
225
443
642
782
884
939
974
995
987
987
968
971
992
1032
1071
1122
1187
1249
1334
1393
1464
1523
1570
1629
1685
1751
1814
1902
2024
2143
2275
2431
2608
2817
2988
3147
3287
3416
3498
3511
3464
3359
3213
2984
2709
2409
2073
1760
1434
1153
922
718
573
473
441
422
420
441
465
487
473
458
437
394
347
262
200
137
81
40
-8
-16
-35
-37
-21
-18
8
21
39
53
41
49
41
38
27
-3
-11
-2
24
53
107
194
316
445
601
778
992
1205
1393
1624
1798
1970
2095
2165
2216
2160
2057
1886
1666
1409
1093
768
440
114
-190
-474
-726
-950
-1107
-1231
-1338
-1400
-1468
-1494
-1513
-1545
-1593
-1679
-1756
-1866
-2005
-2167
-2360
-2543
-2748
-2944
-3134
-3322
-3454
-3581
-3673
-3736
-3776
-3758
-3735
-3665
-3588
-3493
-3366
-3243
-3111
-2996
-2875
-2779
-2666
-2598
-2535
-2472
-2416
-2345
-2268
-2169
-2038
-1873
-1683
-1462
-1217
-940
-662
-365
-102
151
368
536
673
731
752
738
655
576
488
415
381
378
455
601
812
1083
1427
1824
2260
2699
3128
3548
3915
4236
4521
4729
4878
4961
5013
5029
5004
4982
4941
4937
4936
4929
4947
4983
5038
5077
5079
5037
4968
4846
4648
4385
4056
3674
3231
2737
2246
1755
1271
825
418
89
-192
-396
-530
-604
-604
-592
-528
-449
-372
-282
-234
-211
-225
-288
-395
-562
-757
-998
-1277
-1602
-1944
-2280
-2634
-2965
-3294
-3588
-3845
-4075
-4268
-4428
-4554
-4651
-4749
-4829
-4914
-4994
-5088
-5190
-5279
-5381
-5467
-5557
-5615
-5634
-5622
-5559
-5455
-5296
-5088
-4831
-4545
-4232
-3892
-3547
-3206
-2881
-2582
-2304
-2050
-1838
-1641
-1469
-1304
-1153
-991
-814
-615
-389
-143
153
468
822
1192
1591
1998
2413
2826
3218
3582
3909
4188
4413
4559
4633
4639
4582
4461
4278
4055
3808
3567
3340
3128
2974
2861
2790
2788
2825
2919
3047
3186
3340
3493
3610
3704
3749
3742
3692
3562
3381
3150
2874
2574
2252
1927
1610
1311
1050
832
660
543
473
451
457
494
551
625
694
742
784
787
767
708
629
549
443
328
210
114
38
-21
-52
-58
-50
-43
-37
-35
-57
-111
-206
-341
-518
-755
-1028
-1321
-1633
-1953
-2282
-2575
-2843
-3059
-3226
-3328
-3352
-3350
-3282
-3180
-3058
-2900
-2770
-2641
-2536
-2455
-2405
-2405
-2396
-2434
-2459
-2490
-2530
-2517
-2501
-2423
-2316
-2161
-1973
-1755
-1519
-1266
-1004
-754
-511
-301
-116
27
132
195
213
202
158
89
11
-77
-159
-229
-267
-288
-287
-269
-218
-144
-54
30
127
219
307
385
435
485
514
529
524
516
514
510
522
541
578
632
698
782
866
975
1071
1165
1253
1314
1379
1408
1422
1420
1378
1324
1262
1180
1098
991
896
819
748
704
681
703
770
854
970
1124
1281
1456
1619
1774
1918
2020
2091
2138
2137
2108
2042
1954
1855
1731
1609
1496
1391
1308
1231
1182
1160
1138
1125
1116
1106
1081
1032
944
842
714
545
357
148
-68
-295
-533
-759
-970
-1172
-1357
-1523
-1661
-1778
-1872
-1945
-1995
-2033
-2063
-2100
-2129
-2163
-2217
-2277
-2357
-2445
-2531
-2632
-2726
-2802
-2871
-2914
-2935
-2925
-2869
-2789
-2678
-2532
-2359
-2161
-1943
-1720
-1487
-1260
-1058
-877
-724
-602
-517
-473
-457
-464
-490
-525
-560
-582
-584
-567
-523
-438
-328
-189
-34
144
337
533
706
877
1015
1128
1199
1217
1212
1173
1089
990
879
763
660
558
482
445
427
445
495
575
691
820
966
1129
1284
1433
1563
1680
1787
1860
1918
1964
1995
2032
2043
2056
2089
2116
2153
2185
2209
2241
2257
2259
2250
2221
2196
2144
2088
2030
1977
1916
1861
1811
1766
1726
1669
1623
1552
1481
1380
1259
1121
963
783
576
352
111
-134
-383
-634
-871
-1087
-1280
-1447
-1589
-1693
-1778
-1846
-1899
-1953
-2000
-2066
-2143
-2223
-2312
-2405
-2508
-2604
-2687
-2755
-2807
-2832
-2834
-2810
-2771
-2705
-2627
-2530
-2428
-2319
-2198
-2086
-1971
-1861
-1759
-1658
-1566
-1478
-1384
-1298
-1200
-1112
-1015
-913
-820
-722
-637
-550
-469
-399
-325
-262
-193
-124
-58
8
87
168
244
331
412
505
585
664
743
816
891
965
1032
1110
1186
1257
1342
1425
1520
1616
1704
1808
1910
2011
2106
2180
2250
2306
2342
2356
2355
2329
2289
2217
2125
2012
1873
1730
1562
1384
1198
1005
816
649
480
335
216
127
79
50
50
74
123
179
243
298
355
402
441
471
494
505
513
514
518
522
524
526
523
520
508
494
471
442
403
359
306
244
181
105
23
-60
-154
-249
-345
-454
-567
-682
-796
-911
-1029
-1148
-1259
-1368
-1472
-1569
-1665
-1737
-1803
-1855
-1889
-1918
-1930
-1939
-1930
-1914
-1899
-1874
-1844
-1805
-1762
-1715
-1672
-1626
-1576
-1546
-1510
-1496
-1484
-1483
-1489
-1497
-1519
-1537
-1555
-1562
-1564
-1548
-1530
-1482
-1413
-1330
-1234
-1135
-1019
-896
-775
-663
-565
-481
-403
-343
-307
-283
-278
-281
-292
-314
-339
-350
-349
-325
-283
-211
-104
32
211
417
651
905
1185
1464
1746
2017
2269
2504
2706
2879
3007
3104
3171
3205
3211
3195
3161
3121
3073
3023
2968
2919
2876
2830
2791
2744
2692
2640
2576
2500
2407
2300
2187
2048
1902
1740
1571
1404
1237
1079
925
785
665
552
450
357
259
173
78
-25
-141
-277
-431
-589
-765
-958
-1151
-1348
-1530
-1714
-1878
-2016
-2145
-2234
-2296
-2344
-2366
-2361
-2345
-2309
-2263
-2210
-2154
-2095
-2032
-1989
-1944
-1916
-1898
-1881
-1884
-1878
-1885
-1885
-1887
-1889
-1866
-1856
-1818
-1774
-1716
-1634
-1554
-1461
-1359
-1253
-1137
-1028
-929
-825
-724
-633
-554
-487
-426
-379
-349
-317
-305
-288
-267
-256
-226
-187
-146
-80
-9
81
184
290
412
530
650
755
848
938
1003
1050
1080
1092
1087
1080
1062
1035
1027
1017
1020
1038
1052
1101
1144
1207
1283
1355
1443
1525
1614
1701
1771
1851
1925
1983
2046
2094
2131
2159
2172
2176
2157
2130
2084
2023
1942
1842
1720
1583
1430
1256
1089
895
701
521
328
143
-27
-193
-338
-467
-570
-648
-718
-750
-777
-788
-788
-791
-779
-779
-778
-780
-788
-811
-829
-855
-899
-934
-965
-990
-1005
-1004
-981
-955
-904
-842
-786
-715
-654
-600
-538
-513
-473
-445
-443
-427
-440
-450
-479
-512
-543
-592
-625
-652
-678
-688
-692
-681
-656
-636
-600
-564
-534
-498
-479
-468
-466
-486
-509
-566
-638
-712
-812
-914
-1024
-1129
-1237
-1332
-1411
-1477
-1504
-1519
-1496
-1448
-1379
-1292
-1186
-1081
-974
-864
-767
-694
-626
-579
-561
-552
-562
-585
-604
-624
-638
-625
-600
-542
-450
-340
-198
-32
151
350
555
778
988
1209
1422
1615
1796
1953
2084
2176
2243
2277
2277
2260
2216
2158
2090
2007
1922
1835
1740
1649
1562
1470
1383
1302
1229
1151
1089
1025
973
919
874
846
811
802
792
792
809
819
847
872
889
921
935
942
951
944
928
891
854
796
721
637
533
431
319
203
97
0
-99
-178
-252
-319
-370
-422
-473
-527
-582
-646
-723
-819
-911
-1021
-1143
-1257
-1384
-1504
-1625
-1732
-1829
-1908
-1968
-2010
-2025
-2032
-2006
-1971
-1928
-1865
-1797
-1726
-1649
-1567
-1478
-1391
-1296
-1202
-1112
-1024
-950
-876
-814
-758
-698
-653
-603
-552
-513
-463
-429
-383
-337
-299
-249
-204
-155
-107
-59
-8
40
90
137
183
222
258
304
336
370
402
435
466
487
511
535
556
578
595
626
655
690
731
780
845
907
976
1051
1130
1214
1292
1372
1455
1525
1588
1642
1675
1700
1702
1686
1654
1601
1537
1446
1353
1245
1129
1009
888
782
679
589
517
466
439
427
428
444
469
491
510
522
526
516
490
448
396
330
245
154
46
-65
-187
-318
-441
-565
-692
-812
-925
-1032
-1130
-1229
-1312
-1387
-1462
-1531
-1601
-1659
-1712
-1764
-1805
-1832
-1842
-1842
-1822
-1779
-1713
-1631
-1534
-1422
-1297
-1169
-1038
-910
-788
-671
-568
-484
-410
-361
-326
-308
-310
-312
-326
-347
-362
-375
-381
-373
-360
-331
-292
-245
-193
-135
-70
-8
56
115
171
225
268
309
351
391
431
477
524
577
635
687
749
810
866
922
971
1012
1047
1070
1087
1096
1093
1085
1063
1033
990
941
880
818
748
673
599
519
445
370
303
246
193
146
112
83
65
55
51
62
78
94
112
136
154
173
189
196
206
203
189
174
151
118
87
48
16
-11
-40
-65
-74
-82
-81
-72
-68
-46
-32
-19
0
12
22
32
31
23
10
-15
-50
-90
-143
-199
-263
-329
-389
-452
-509
-562
-614
-658
-695
-732
-762
-783
-797
-801
-805
-796
-779
-761
-731
-699
-662
-619
-576
-531
-482
-447
-409
-376
-353
-332
-316
-306
-295
-283
-273
-257
-244
-228
-204
-180
-156
-127
-98
-69
-38
-16
3
20
33
41
54
59
66
81
93
110
130
145
164
190
210
234
262
291
323
363
398
436
469
504
539
569
589
610
625
629
634
623
608
592
573
550
527
502
478
465
452
439
437
436
438
448
456
462
469
469
469
463
444
423
397
367
333
296
255
221
189
158
136
122
111
112
121
130
151
172
190
217
238
245
253
252
250
236
217
192
171
145
118
95
70
54
40
29
21
14
4
-1
-1
-15
-25
-38
-58
-81
-114
-160
-212
-267
-334
-404
-478
-555
-625
-695
-759
-814
-868
-910
-940
-965
-983
-993
-1000
-997
-989
-983
-970
-954
-938
-919
-900
-886
-874
-858
-844
-830
-815
-801
-781
-758
-738
-718
-693
-671
-640
-609
-574
-527
-481
-421
-351
-285
-212
-134
-52
34
110
190
264
338
408
462
519
566
605
641
672
697
717
735
759
777
793
809
827
850
868
888
906
923
944
955
966
976
969
967
959
941
915
883
845
806
763
707
655
602
545
493
439
388
343
294
259
226
192
164
142
128
111
97
87
82
77
73
68
69
65
58
59
49
37
19
-7
-33
-70
-119
-169
-219
-273
-330
-382
-427
-470
-504
-533
-551
-567
-581
-581
-580
-582
-573
-571
-559
-549
-547
-539
-532
-526
-528
-527
-524
-528
-527
-528
-524
-521
-519
-510
-499
-488
-480
-471
-459
-451
-451
-452
-451
-452
-460
-462
-459
-456
-454
-440
-426
-406
-381
-362
-328
-294
-265
-232
-193
-156
-122
-87
-51
-9
21
54
94
126
158
187
219
249
275
297
322
352
369
395
421
452
479
507
545
576
608
638
673
704
731
758
782
809
823
834
846
848
846
835
823
810
783
757
731
703
670
633
602
566
535
494
465
435
402
374
344
323
297
270
248
228
205
179
155
134
109
80
57
38
14
-12
-36
-52
-72
-97
-116
-132
-150
-176
-197
-213
-240
-270
-298
-323
-355
-390
-421
-448
-474
-507
-531
-550
-570
-592
-616
-628
-645
-665
-682
-695
-707
-724
-736
-741
-743
-751
-751
-744
-734
-729
-722
-701
-683
-670
-651
-627
-604
-587
-569
-546
-525
-505
-490
-466
-441
-421
-399
-372
-342
-318
-293
-256
-224
-194
-161
-122
-81
-47
-14
24
64
94
126
155
189
214
232
260
279
294
309
325
345
361
377
404
431
463
493
530
575
616
655
700
751
793
835
879
919
955
979
1004
1019
1026
1023
1015
1005
983
954
926
895
858
812
772
730
682
635
587
542
497
448
401
355
310
263
216
173
133
84
43
6
-33
-72
-106
-138
-165
-195
-223
-245
-271
-297
-321
-347
-370
-397
-419
-440
-460
-479
-495
-507
-520
-531
-542
-552
-561
-573
-585
-597
-610
-624
-640
-651
-663
-678
-688
-695
-704
-712
-716
-720
-719
-722
-718
-712
-705
-694
-684
-667
-652
-635
-615
-600
-577
-561
-539
-521
-504
-486
-473
-457
-443
-432
-420
-408
-397
-388
-381
-367
-356
-344
-331
-312
-288
-269
-239
-211
-176
-142
-105
-61
-23
24
70
115
167
212
262
309
355
405
443
488
528
564
599
630
664
694
722
751
782
808
836
862
885
911
929
952
968
979
994
998
1004
1003
997
995
981
973
962
945
931
911
891
868
845
822
796
771
745
718
691
661
631
600
564
526
489
443
399
349
296
245
188
136
80
25
-23
-76
-122
-171
-215
-259
-301
-342
-383
-424
-465
-502
-544
-582
-619
-656
-689
-725
-752
-781
-804
-828
-846
-863
-879
-891
-901
-909
-914
-920
-924
-922
-924
-918
-917
-908
-897
-888
-874
-861
-843
-829
-811
-794
-775
-756
-739
-720
-705
-689
-671
-658
-643
-626
-610
-590
-571
-546
-521
-494
-463
-429
-392
-354
-312
-266
-221
-172
-124
-75
-22
25
79
126
177
226
272
321
362
409
449
489
529
566
602
638
671
708
740
773
809
843
880
913
947
977
1006
1029
1048
1061
1071
1075
1072
1062
1050
1033
1009
984
955
924
888
853
816
777
738
699
660
622
583
548
514
477
447
411
380
349
315
281
250
213
178
142
101
68
23
-17
-56
-100
-138
-182
-222
-259
-296
-333
-367
-400
-430
-460
-488
-517
-540
-569
-594
-617
-643
-666
-691
-711
-731
-751
-770
-787
-801
-816
-828
-835
-844
-847
-849
-852
-846
-843
-836
-827
-817
-802
-790
-772
-754
-733
-711
-691
-664
-644
-620
-594
-574
-546
-522
-498
-467
-440
-406
-371
-336
-297
-255
-213
-170
-124
-80
-35
10
50
92
128
164
200
232
262
290
318
343
372
396
421
450
473
501
527
553
580
605
627
650
670
690
709
725
740
754
766
775
785
793
799
801
803
803
801
798
790
783
772
759
746
726
705
682
653
624
593
555
518
480
438
396
354
310
268
225
182
142
101
62
25
-11
-43
-74
-102
-127
-147
-170
-189
-203
-221
-233
-248
-264
-274
-291
-305
-316
-334
-350
-365
-383
-396
-413
-427
-440
-450
-460
-467
-470
-476
-476
-478
-480
-478
-478
-478
-474
-475
-473
-470
-468
-464
-461
-455
-448
-439
-433
-419
-404
-393
-373
-359
-339
-318
-300
-279
-257
-238
-218
-194
-173
-151
-131
-111
-88
-69
-52
-32
-13
5
23
40
61
79
95
114
132
148
159
171
181
188
192
192
197
196
194
194
192
193
191
191
193
194
195
195
198
199
200
202
204
207
208
210
214
216
216
219
220
218
219
218
216
214
211
207
207
201
198
195
191
188
183
178
178
172
168
167
163
162
157
154
151
147
142
136
132
122
114
106
94
83
68
56
43
28
11
-2
-16
-32
-46
-60
-73
-86
-101
-114
-126
-141
-154
-168
-179
-194
-208
-220
-235
-246
-263
-274
-285
-303
-313
-326
-336
-344
-354
-359
-360
-365
-366
-363
-358
-351
-350
-337
-325
-316
-302
-290
-273
-261
-251
-236
-223
-212
-207
-196
-185
-178
-173
-163
-151
-143
-133
-121
-106
-91
-79
-63
-44
-29
-13
2
23
38
50
67
82
98
111
125
141
154
165
178
192
203
214
226
238
249
259
271
284
295
305
317
330
340
350
361
371
382
386
395
400
402
402
401
401
394
388
381
373
363
350
338
326
311
293
277
262
242
220
200
181
159
135
112
91
69
46
24
8
-13
-34
-51
-65
-79
-95
-104
-113
-120
-127
-134
-134
-138
-142
-144
-145
-146
-152
-155
-158
-163
-170
-178
-186
-197
-207
-221
-231
-243
-257
-269
-279
-290
-301
-310
-315
-323
-328
-331
-334
-335
-338
-337
-336
-334
-332
-330
-322
-318
-313
-307
-298
-292
-284
-274
-264
-253
-243
-231
-217
-205
-191
-176
-160
-144
-129
-112
-93
-76
-59
-42
-23
-6
11
28
47
64
77
94
109
123
133
146
158
167
177
184
192
201
207
216
222
231
237
244
256
262
270
278
286
293
297
304
307
310
311
311
312
308
306
303
300
296
289
284
278
271
263
253
246
234
224
212
203
192
177
165
152
139
124
111
96
82
68
54
41
30
16
7
-4
-13
-22
-30
-35
-41
-46
-51
-56
-59
-64
-68
-72
-76
-81
-85
-88
-93
-96
-99
-103
-106
-109
-110
-113
-113
-114
-116
-116
-117
-116
-116
-116
-115
-116
-116
-117
-118
-120
-123
-124
-128
-131
-133
-138
-139
-145
-148
-150
-153
-156
-158
-159
-161
-161
-163
-164
-163
-165
-165
-165
-164
-166
-166
-164
-165
-163
-164
-162
-160
-161
-159
-158
-156
-155
-154
-151
-149
-146
-145
-141
-138
-136
-131
-128
-124
-118
-115
-109
-104
-98
-92
-88
-79
-74
-65
-57
-48
-39
-30
-18
-9
4
16
27
42
53
69
81
94
109
121
136
149
163
176
191
205
217
234
245
259
273
283
297
307
318
328
336
344
351
356
362
366
368
368
368
364
362
357
347
342
329
319
309
296
286
272
261
248
236
222
212
200
186
179
165
153
146
132
123
112
101
91
82
72
61
53
43
35
24
15
8
-4
-12
-21
-35
-44
-53
-68
-80
-92
-107
-121
-134
-152
-165
-181
-198
-212
-231
-243
-259
-277
-287
-301
-315
-322
-333
-344
-347
-355
-363
-363
-367
-369
-370
-374
-371
-373
-374
-370
-374
-374
-369
-375
-373
-371
-375
-372
-368
-370
-364
-360
-358
-350
-343
-336
-321
-314
-297
-282
-270
-249
-230
-213
-188
-165
-147
-118
-96
-75
-46
-24
0
26
48
73
98
117
143
165
181
208
223
241
263
276
290
309
319
330
345
351
362
370
375
385
386
392
398
397
401
407
402
406
411
403
409
409
405
409
406
404
403
401
398
397
390
388
385
372
374
362
349
345
332
315
307
291
272
261
240
222
206
182
165
142
121
101
77
55
35
10
-14
-31
-61
-81
-102
-129
-151
-172
-197
-219
-240
-265
-285
-309
-328
-348
-372
-387
-406
-426
-440
-453
-471
-479
-490
-504
-506
-518
-524
-527
-532
-534
-535
-537
-532
-530
-529
-517
-513
-503
-488
-479
-464
-445
-432
-414
-393
-376
-355
-332
-314
-289
-268
-245
-219
-200
-173
-148
-128
-100
-73
-53
-26
0
21
50
74
97
123
146
171
195
217
242
265
284
310
329
345
371
385
400
421
433
446
461
470
480
490
494
501
503
505
509
504
505
503
495
490
485
472
464
455
439
430
414
398
383
366
348
329
307
288
267
243
224
200
174
156
129
106
85
60
37
16
-9
-31
-52
-75
-95
-118
-139
-158
-179
-199
-215
-238
-254
-269
-290
-304
-318
-335
-347
-360
-374
-384
-395
-405
-412
-424
-430
-436
-446
-449
-453
-457
-459
-459
-462
-456
-455
-453
-444
-440
-432
-422
-412
-400
-385
-371
-354
-336
-318
-294
-276
-253
-227
-204
-178
-152
-127
-101
-72
-47
-21
6
30
58
81
106
131
153
177
200
219
241
262
278
300
317
333
351
364
381
396
407
421
433
443
453
463
470
480
484
488
495
498
498
503
501
499
499
496
492
488
481
474
464
455
444
431
416
400
383
364
345
324
302
280
255
229
203
177
149
121
92
63
34
4
-25
-55
-85
-115
-144
-171
-199
-227
-253
-280
-305
-329
-353
-374
-396
-416
-435
-453
-470
-484
-498
-511
-523
-533
-542
-550
-556
-563
-566
-568
-570
-570
-568
-565
-561
-554
-548
-539
-530
-519
-507
-494
-480
-465
-448
-432
-413
-394
-375
-354
-334
-313
-291
-267
-245
-222
-199
-175
-150
-127
-103
-79
-55
-30
-7
17
42
65
88
113
135
159
181
204
227
247
269
289
310
330
348
367
384
402
417
434
447
460
473
483
493
502
509
516
522
526
530
532
532
531
531
529
525
521
515
509
502
493
485
474
464
453
440
427
413
397
381
365
348
330
311
291
271
250
230
208
188
166
143
121
98
76
52
29
6
-17
-39
-64
-86
-109
-131
-152
-173
-194
-214
-235
-254
-272
-291
-308
-325
-343
-358
-374
-390
-405
-417
-430
-443
-453
-463
-473
-480
-487
-492
-497
-500
-503
-503
-503
-501
-500
-495
-492
-485
-478
-470
-461
-450
-438
-425
-411
-396
-381
-364
-347
-330
-311
-292
-273
-254
-233
-214
-194
-173
-152
-132
-112
-91
-70
-48
-28
-8
12
33
53
73
93
112
132
152
170
188
206
223
241
257
273
288
302
316
330
340
352
362
371
378
385
392
397
399
402
403
404
403
399
397
393
388
382
375
368
359
350
342
331
322
311
300
288
277
265
253
240
228
216
202
189
177
163
150
137
123
110
97
83
70
56
41
28
12
-1
-16
-31
-46
-60
-76
-90
-105
-119
-133
-148
-161
-174
-187
-200
-213
-224
-235
-244
-255
-264
-272
-280
-287
-291
-297
-301
-305
-308
-310
-311
-311
-312
-311
-310
-308
-306
-302
-299
-294
-289
-283
-278
-271
-263
-256
-248
-240
-230
-222
-212
-202
-193
-183
-172
-161
-150
-139
-128
-117
-107
-95
-86
-75
-64
-53
-42
-30
-20
-9
2
14
25
37
48
60
71
83
95
107
117
128
139
150
161
172
181
191
201
209
218
226
232
238
245
249
253
257
260
263
265
265
266
265
264
263
259
257
254
249
244
239
233
227
219
212
204
196
188
178
169
159
149
139
128
118
107
96
87
75
65
54
44
33
22
11
2
-9
-19
-30
-39
-49
-59
-69
-78
-88
-97
-105
-114
-121
-130
-137
-144
-150
-156
-163
-167
-173
-177
-180
-185
-188
-190
-192
-194
-195
-195
-196
-195
-195
-193
-191
-189
-186
-183
-178
-174
-168
-163
-158
-150
-144
-137
-130
-122
-114
-108
-101
-92
-84
-77
-68
-60
-52
-43
-35
-26
-18
-9
-2
6
14
21
29
36
41
49
54
59
64
70
74
80
84
87
90
95
97
99
103
105
108
110
112
113
115
116
117
118
118
118
118
117
118
116
114
113
112
109
107
105
102
100
97
95
91
88
86
82
78
76
71
68
64
59
55
51
46
41
35
31
25
20
14
9
3
-3
-10
-16
-22
-29
-35
-41
-47
-53
-59
-63
-70
-75
-79
-84
-88
-91
-94
-98
-102
-103
-106
-108
-110
-112
-113
-114
-114
-114
-115
-114
-114
-112
-112
-109
-108
-106
-104
-102
-99
-96
-94
-90
-85
-82
-78
-74
-70
-65
-62
-55
-52
-45
-41
-35
-30
-24
-19
-13
-6
-2
4
10
17
22
28
34
39
45
50
56
60
65
70
74
77
81
84
87
90
93
95
97
100
101
103
104
105
107
107
109
109
109
108
108
108
108
106
104
104
101
101
98
97
95
92
89
87
83
81
78
74
72
68
64
61
55
53
47
43
37
33
27
22
17
10
6
-1
-6
-12
-18
-24
-31
-36
-43
-48
-54
-60
-64
-70
-73
-79
-81
-85
-87
-91
-94
-97
-99
-101
-104
-105
-107
-108
-110
-109
-110
-110
-110
-111
-109
-110
-108
-107
-105
-105
-102
-101
-98
-95
-93
-90
-87
-83
-80
-75
-72
-67
-63
-59
-54
-49
-44
-39
-33
-29
-25
-18
-15
-9
-5
1
4
10
14
18
23
25
32
33
38
40
44
47
50
54
56
59
60
61
63
64
66
66
68
68
69
68
69
69
69
69
68
68
67
68
66
66
65
63
62
61
60
58
58
55
55
52
50
49
47
47
45
44
44
41
40
39
37
35
34
31
30
28
26
24
22
21
17
16
13
11
8
6
2
-1
-2
-7
-9
-13
-16
-19
-21
-24
-28
-30
-32
-34
-37
-39
-41
-44
-45
-48
-51
-51
-54
-55
-57
-58
-58
-58
-61
-61
-62
-62
-63
-63
-63
-64
-64
-65
-65
-65
-66
-66
-67
-66
-66
-67
-67
-67
-67
-67
-67
-66
-66
-65
-65
-65
-63
-62
-61
-60
-59
-58
-54
-52
-51
-48
-46
-42
-40
-37
-33
-31
-27
-23
-19
-16
-11
-7
-4
1
4
9
13
18
21
25
31
35
40
43
47
51
55
58
62
65
67
73
74
77
79
81
83
85
86
87
90
89
91
91
92
92
92
92
91
92
90
91
90
89
88
87
85
84
83
80
80
77
75
73
70
68
66
63
60
57
55
50
48
45
42
38
34
31
28
23
20
16
12
8
4
0
-5
-8
-14
-18
-22
-27
-31
-36
-39
-45
-49
-53
-57
-60
-65
-69
-73
-74
-80
-82
-86
-89
-91
-95
-97
-99
-101
-103
-104
-105
-106
-107
-107
-108
-109
-108
-109
-108
-107
-107
-105
-104
-101
-100
-97
-95
-93
-90
-86
-83
-79
-75
-70
-68
-62
-57
-52
-48
-44
-38
-34
-28
-24
-19
-14
-9
-4
1
6
11
16
21
27
32
36
41
46
50
56
60
65
70
74
79
83
88
91
95
98
101
104
107
109
110
111
113
113
115
113
114
114
112
112
110
109
107
104
102
99
96
93
90
87
82
79
74
69
65
60
54
49
44
38
34
28
22
17
11
6
1
-5
-10
-15
-22
-26
-31
-37
-41
-46
-51
-55
-59
-64
-68
-71
-75
-79
-82
-84
-88
-91
-93
-95
-96
-98
-100
-102
-103
-102
-103
-103
-104
-103
-102
-102
-100
-100
-96
-95
-93
-90
-89
-86
-83
-78
-76
-72
-68
-64
-59
-55
-50
-45
-41
-35
-29
-24
-19
-13
-8
-2
4
9
13
20
26
31
34
40
44
48
54
56
60
64
68
71
73
77
78
80
82
85
85
87
88
88
90
89
89
89
87
87
86
85
84
82
81
80
77
75
73
71
69
66
63
60
57
53
50
47
43
39
36
33
28
24
20
15
12
6
4
-1
-4
-9
-13
-16
-21
-24
-28
-32
-35
-38
-42
-44
-47
-50
-51
-53
-54
-57
-58
-60
-61
-62
-63
-64
-64
-64
-65
-64
-65
-66
-64
-64
-63
-63
-62
-61
-59
-58
-57
-54
-54
-52
-49
-48
-45
-44
-41
-40
-37
-35
-32
-31
-30
-27
-24
-22
-21
-18
-16
-14
-12
-10
-7
-7
-4
-2
0
2
3
6
7
9
11
12
14
15
17
18
20
22
22
24
25
26
29
30
31
32
33
35
36
37
38
40
40
40
41
42
43
42
44
43
44
44
45
45
44
44
43
43
43
42
41
39
39
37
37
36
34
33
31
30
28
27
26
24
22
21
20
18
16
14
13
11
9
9
6
5
3
1
-1
-2
-4
-7
-9
-11
-13
-14
-15
-18
-20
-22
-23
-25
-27
-28
-29
-32
-33
-34
-35
-37
-38
-39
-40
-41
-42
-42
-43
-43
-44
-44
-44
-45
-45
-44
-46
-45
-46
-46
-45
-45
-44
-44
-44
-43
-42
-41
-41
-40
-40
-38
-37
-36
-34
-33
-31
-31
-29
-28
-26
-25
-23
-20
-21
-18
-15
-14
-12
-9
-7
-6
-3
-1
2
3
6
9
11
12
15
17
19
22
24
25
27
29
31
32
35
36
38
39
39
42
42
43
44
46
45
47
47
46
47
49
48
48
49
48
49
48
47
48
47
45
44
44
43
42
41
40
39
37
36
34
33
31
30
28
25
24
21
20
17
15
13
10
8
6
5
2
-1
-2
-5
-7
-8
-11
-14
-14
-16
-19
-20
-21
-24
-25
-27
-29
-30
-31
-32
-33
-34
-35
-36
-37
-37
-37
-39
-38
-39
-40
-39
-39
-39
-39
-38
-38
-38
-37
-37
-36
-35
-36
-34
-33
-33
-32
-31
-30
-29
-27
-26
-26
-24
-23
-21
-20
-19
-18
-16
-15
-13
-11
-10
-9
-7
-6
-4
-2
-1
1
2
3
6
7
8
11
11
13
14
15
17
17
19
21
21
22
23
24
25
26
27
27
28
28
30
28
28
30
29
30
30
29
29
30
29
30
29
28
28
27
26
26
25
25
24
23
23
23
21
20
20
19
18
17
16
14
13
12
11
9
7
7
5
3
1
0
-1
-3
-3
-5
-7
-8
-9
-11
-13
-13
-15
-16
-16
-17
-19
-19
-20
-21
-22
-22
-23
-23
-24
-24
-25
-24
-25
-25
-24
-24
-24
-24
-24
-23
-22
-23
-22
-20
-22
-20
-19
-20
-17
-17
-18
-17
-15
-15
-14
-13
-13
-11
-11
-11
-8
-8
-8
-7
-6
-6
-4
-4
-3
-2
-1
-1
1
2
2
3
4
6
5
6
7
8
10
10
12
13
15
14
16
16
17
18
19
20
21
22
22
23
23
24
25
25
26
24
26
26
26
26
26
25
24
24
24
24
23
22
20
20
18
17
15
15
12
12
11
9
6
6
4
2
1
0
-3
-4
-6
-7
-9
-11
-11
-13
-14
-15
-17
-18
-19
-19
-21
-22
-23
-23
-24
-24
-26
-25
-26
-26
-27
-27
-27
-26
-26
-28
-26
-26
-27
-25
-26
-25
-25
-24
-24
-23
-21
-21
-20
-18
-18
-17
-16
-15
-12
-13
-11
-9
-9
-7
-6
-5
-3
-2
-1
0
3
3
5
6
7
9
10
13
13
15
16
17
18
19
21
22
22
24
25
24
27
27
27
28
28
30
28
29
29
29
29
30
29
30
29
28
28
28
26
25
26
25
24
23
22
22
22
19
20
18
16
16
15
14
13
11
10
9
8
7
5
5
3
2
0
-1
-3
-2
-4
-6
-6
-9
-9
-11
-11
-13
-14
-14
-17
-17
-19
-19
-20
-20
-22
-23
-24
-24
-25
-26
-25
-27
-26
-27
-28
-27
-28
-28
-28
-28
-29
-27
-27
-28
-28
-27
-27
-26
-26
-25
-25
-24
-23
-23
-21
-21
-20
-20
-18
-17
-16
-16
-14
-13
-12
-12
-10
-9
-8
-6
-6
-5
-3
-3
-2
0
1
2
4
4
5
7
7
8
11
10
12
13
13
14
15
16
16
18
17
18
19
18
20
21
20
21
21
22
22
21
21
21
21
20
20
21
20
20
20
19
19
18
17
18
16
16
15
15
14
15
14
14
13
13
12
12
11
10
11
10
9
9
9
8
8
8
8
7
7
7
7
6
6
4
4
4
4
3
3
2
3
0
0
0
0
-1
-1
-2
-2
-3
-5
-4
-5
-6
-7
-7
-8
-8
-10
-10
-11
-10
-12
-11
-12
-12
-13
-14
-14
-14
-15
-14
-14
-16
-15
-16
-15
-15
-16
-17
-16
-16
-15
-16
-15
-16
-15
