SAMPLES:	12153
BITSPERSAMPLE:	16
CHANNELS:	1
SAMPLERATE:	16000
NORMALIZED:	FALSE
-1
-1
0
-2
1
-1
0
-1
-1
0
1
-3
-1
-1
-4
-3
-2
-3
-5
-4
-4
-4
-5
-3
-3
-4
-2
-1
-3
-2
-1
-2
-2
-1
0
-1
-2
-1
-2
-3
-1
-2
-3
-3
-3
-2
-2
-2
-2
-3
-2
0
-1
-2
0
0
0
0
1
3
1
4
3
2
3
5
1
3
2
4
2
1
5
2
0
4
5
2
5
5
6
5
6
7
5
4
8
4
3
6
5
3
4
5
3
4
2
4
1
1
3
1
-1
3
-1
-2
0
1
-2
-1
0
1
-2
-1
2
-1
0
1
0
-2
-2
-2
-2
-5
-2
-4
-5
-3
-3
-6
-3
-1
-1
-1
-1
2
1
-1
4
2
-1
2
1
1
-3
0
-4
-4
-5
-4
-7
-9
-5
-9
-11
-9
-8
-12
-10
-8
-9
-7
-6
-6
-2
-4
1
1
0
4
6
4
6
10
7
8
9
11
7
9
9
7
6
8
6
4
4
6
0
0
4
0
-2
0
0
-2
-1
0
3
-2
1
4
1
0
4
0
-2
2
0
-2
-4
-3
-3
-7
-5
-3
-5
-7
-2
-3
-5
0
-1
-1
-1
3
0
0
0
2
-2
-4
0
-4
-7
-4
-3
-7
-5
-2
-3
-3
-1
0
0
-1
2
2
0
2
3
-1
0
2
-2
-2
0
0
-2
0
1
0
1
5
3
3
4
7
4
1
6
3
0
-1
3
-3
-3
-2
-4
-4
-5
-1
-3
-2
0
0
0
1
3
2
0
2
1
1
2
3
0
1
2
1
-1
-1
4
0
-2
2
1
-2
2
6
0
3
8
5
6
8
8
9
4
8
11
4
12
9
4
9
11
5
5
7
9
6
2
7
2
0
1
0
-5
-3
0
-5
-5
-4
-6
-8
-9
-6
-10
-9
-11
-8
-13
-12
-8
-12
-12
-8
-8
-11
-7
-9
-6
-9
-7
-6
-8
-5
-5
-7
-8
-3
-6
-11
-3
-5
-3
-2
0
1
2
6
3
2
1
5
3
-2
1
-3
-5
-4
-8
-11
-8
-8
-7
-7
-8
2
4
3
7
14
13
14
17
10
18
14
16
13
13
16
17
14
11
14
12
17
9
12
10
11
8
3
3
3
1
0
2
1
3
7
7
7
10
12
12
13
9
5
10
-1
-3
-6
-10
-12
-14
-16
-16
-20
-20
-20
-23
-20
-21
-21
-18
-15
-11
-14
-11
-4
-10
-2
-5
-6
-1
-4
-5
-5
-6
-1
-1
-7
3
-2
2
4
0
3
5
5
5
7
5
9
6
0
4
-2
-5
-9
-8
-13
-17
-14
-19
-16
-18
-21
-17
-16
-18
-18
-17
-18
-17
-23
-21
-18
-23
-18
-15
-14
-8
-2
2
8
14
26
30
36
43
51
52
54
53
47
47
39
25
21
9
-2
-15
-29
-31
-45
-54
-52
-52
-51
-42
-36
-18
-4
8
25
50
68
78
97
111
120
119
130
124
119
110
96
85
61
37
18
-6
-32
-57
-80
-97
-116
-139
-150
-157
-164
-170
-169
-158
-155
-146
-135
-118
-104
-95
-75
-50
-38
-23
0
21
42
54
72
96
109
121
129
142
151
147
146
141
138
123
108
95
82
61
47
35
24
17
7
8
11
22
37
47
62
86
102
107
126
140
136
149
129
125
99
79
39
-14
-42
-102
-152
-213
-250
-306
-354
-374
-405
-419
-423
-411
-394
-369
-329
-283
-241
-186
-141
-91
-47
-7
25
50
82
87
103
115
120
119
128
132
130
139
143
148
165
173
177
195
203
221
222
220
237
234
234
232
235
239
234
239
225
229
226
212
198
181
153
127
83
45
5
-58
-100
-151
-206
-250
-294
-336
-359
-392
-411
-414
-414
-405
-378
-358
-323
-272
-235
-189
-138
-100
-49
-15
14
38
62
77
76
110
103
108
132
124
143
162
172
194
209
236
251
263
279
288
277
259
246
220
181
144
106
48
12
-27
-90
-119
-143
-181
-203
-213
-209
-219
-226
-199
-185
-183
-166
-137
-135
-121
-97
-96
-80
-67
-66
-63
-50
-50
-50
-50
-54
-60
-78
-92
-91
-131
-144
-149
-169
-155
-157
-144
-95
-61
0
77
151
248
332
426
512
582
643
680
714
709
694
672
631
570
498
449
376
302
225
160
121
32
-31
-83
-149
-208
-291
-340
-390
-466
-508
-518
-542
-567
-541
-523
-490
-444
-429
-350
-315
-295
-254
-225
-199
-211
-184
-171
-174
-150
-147
-113
-84
-62
-24
18
59
71
114
133
126
115
76
47
-19
-94
-186
-275
-364
-471
-552
-625
-689
-718
-715
-694
-621
-536
-396
-224
-55
145
361
586
781
978
1143
1297
1402
1465
1539
1523
1507
1451
1367
1285
1124
997
828
655
483
272
86
-103
-282
-460
-610
-742
-844
-912
-935
-948
-919
-857
-763
-677
-578
-464
-389
-290
-262
-246
-252
-278
-334
-437
-502
-593
-671
-734
-778
-740
-743
-660
-536
-420
-240
-98
79
227
371
442
477
523
442
346
234
55
-116
-306
-484
-619
-752
-818
-825
-784
-701
-578
-366
-140
93
334
619
873
1089
1294
1468
1643
1703
1781
1854
1825
1808
1745
1696
1598
1459
1326
1185
1032
819
622
429
243
18
-222
-396
-590
-770
-931
-1074
-1176
-1253
-1321
-1364
-1354
-1339
-1341
-1276
-1188
-1163
-1067
-946
-855
-734
-639
-533
-394
-301
-254
-187
-137
-157
-184
-223
-304
-389
-496
-586
-696
-777
-828
-869
-862
-876
-785
-711
-632
-470
-344
-158
-1
184
401
569
747
939
1130
1281
1438
1568
1718
1841
1886
1975
2027
2011
1987
1899
1799
1635
1406
1178
867
560
221
-131
-459
-794
-1061
-1325
-1503
-1622
-1684
-1673
-1616
-1439
-1269
-1046
-812
-541
-239
-51
165
358
502
589
584
592
578
486
365
284
209
106
12
-49
-66
-86
-131
-121
-69
-80
-119
-132
-151
-227
-348
-473
-580
-737
-949
-1112
-1270
-1416
-1594
-1687
-1674
-1674
-1621
-1480
-1251
-1003
-719
-365
14
364
738
1051
1333
1587
1708
1835
1866
1847
1831
1745
1640
1559
1517
1458
1410
1382
1424
1419
1380
1384
1303
1188
1035
822
603
284
-42
-341
-682
-1003
-1275
-1491
-1666
-1750
-1788
-1738
-1627
-1512
-1293
-1045
-854
-612
-353
-178
-30
88
184
207
149
99
59
-76
-269
-376
-502
-672
-834
-937
-1007
-1086
-1140
-1158
-1129
-1126
-1093
-1025
-1009
-940
-863
-836
-822
-770
-716
-642
-575
-468
-220
-19
227
591
973
1372
1752
2183
2654
3017
3306
3625
3880
3965
4034
4046
3992
3841
3582
3353
3012
2585
2069
1556
1045
365
-324
-956
-1532
-2152
-2747
-3211
-3466
-3664
-3845
-3776
-3554
-3256
-2988
-2603
-2121
-1702
-1366
-1100
-770
-568
-544
-530
-514
-566
-707
-840
-860
-888
-995
-992
-896
-811
-726
-643
-493
-361
-321
-329
-353
-389
-508
-710
-866
-989
-1155
-1273
-1343
-1321
-1223
-1107
-886
-569
-229
98
501
945
1325
1675
2047
2412
2754
2990
3177
3427
3596
3675
3762
3804
3855
3913
3876
3801
3734
3740
3610
3385
3157
2925
2660
2106
1494
891
240
-609
-1543
-2322
-3059
-3786
-4436
-4858
-5043
-5065
-4938
-4516
-3935
-3232
-2477
-1686
-853
-176
392
764
1053
1142
997
703
276
-164
-613
-1123
-1608
-1844
-1939
-2020
-2010
-1767
-1416
-1081
-782
-456
-168
-8
-38
-155
-329
-687
-1071
-1461
-1827
-2179
-2388
-2449
-2462
-2291
-1965
-1488
-965
-439
276
947
1547
2094
2602
3160
3551
3918
4264
4564
4868
5097
5327
5557
5653
5743
5771
5574
5387
5023
4414
3828
2987
2087
1148
134
-923
-2059
-3006
-3817
-4627
-5376
-5800
-5963
-5987
-5963
-5684
-5084
-4374
-3706
-2984
-2086
-1200
-586
-95
418
687
732
628
460
181
-181
-590
-902
-1084
-1288
-1308
-1172
-933
-621
-239
83
406
675
747
708
468
136
-337
-964
-1611
-2217
-2801
-3272
-3564
-3665
-3615
-3349
-2834
-2254
-1560
-816
22
923
1644
2307
2983
3615
4145
4547
4955
5446
5905
6288
6692
7058
7494
7760
7842
7841
7639
7329
6607
5671
4648
3372
2062
518
-923
-2172
-3480
-4557
-5434
-6032
-6384
-6626
-6583
-6285
-5846
-5409
-4849
-4079
-3448
-2877
-2354
-1839
-1329
-1098
-1039
-983
-870
-1001
-1321
-1461
-1574
-1670
-1738
-1746
-1529
-1150
-779
-337
276
873
1365
1763
2024
2120
1913
1485
874
46
-1023
-2179
-3181
-4267
-5302
-5960
-6391
-6512
-6298
-5950
-5159
-4073
-3052
-1891
-677
561
1666
2478
3325
4082
4533
4894
5286
5718
6046
6352
6880
7505
8141
8657
9156
9770
10164
10147
9785
9331
8586
7208
5505
3766
1915
-152
-2366
-4304
-5736
-7071
-8248
-8898
-8962
-8601
-8211
-7500
-6341
-5037
-3812
-2814
-1733
-689
20
328
381
454
285
-288
-1001
-1522
-1945
-2473
-2918
-3111
-2910
-2532
-2115
-1462
-610
354
1266
1968
2515
3001
3145
2816
2244
1400
379
-872
-2323
-3673
-4890
-5935
-6841
-7364
-7453
-7289
-6756
-5980
-4932
-3603
-2316
-1016
302
1510
2576
3432
4146
4666
5038
5377
5667
5917
6187
6636
7217
7691
8268
8950
9653
10130
10176
10219
10108
9441
8243
6783
5305
3522
1271
-1044
-2955
-4594
-6340
-7836
-8630
-8822
-8819
-8648
-7922
-6721
-5447
-4308
-3151
-1900
-846
-139
203
429
437
66
-411
-1064
-1699
-2208
-2728
-3014
-3145
-3064
-2693
-2169
-1530
-858
-97
613
1130
1417
1507
1376
897
142
-790
-1816
-2952
-4190
-5269
-6200
-6967
-7463
-7672
-7560
-7155
-6492
-5487
-4321
-3069
-1592
-206
1282
2541
3710
4846
5725
6491
6964
7591
8027
8369
8741
9081
9620
9934
10203
10598
10894
10810
10452
10127
9418
8283
6604
4983
3390
1150
-1209
-3336
-4879
-6526
-8270
-9152
-9398
-9228
-9144
-8701
-7264
-5798
-4582
-3540
-2169
-724
-4
302
593
851
567
-189
-795
-1307
-1874
-2582
-3058
-3020
-2919
-2786
-2376
-1579
-808
-133
518
1094
1606
1715
1485
1103
489
-471
-1594
-2802
-4021
-5119
-6298
-7211
-7776
-8154
-8122
-8003
-7420
-6505
-5455
-4187
-2986
-1480
13
1343
2598
3768
4992
5979
6727
7554
8362
9126
9710
10362
11113
11711
12295
12587
12955
13042
12606
12084
11055
9761
7980
5657
3530
1005
-1792
-4434
-6801
-8684
-10551
-11929
-12475
-12337
-11976
-11386
-9919
-7984
-6183
-4573
-2826
-984
474
1224
1700
2231
2323
1712
939
427
-130
-812
-1566
-1746
-1536
-1388
-1096
-497
507
1369
1881
2316
2935
3139
2722
2049
1197
336
-1148
-2882
-4312
-5680
-6963
-8284
-9226
-9551
-9641
-9556
-9098
-8121
-6810
-5521
-4150
-2591
-962
624
1903
3176
4474
5538
6472
7298
8179
9051
9726
10464
11244
11861
12555
12877
13205
13436
12996
12463
11514
10230
8468
6143
3967
1391
-1400
-4078
-6605
-8517
-10406
-11818
-12414
-12514
-12082
-11392
-10128
-8238
-6442
-4814
-3083
-1361
53
928
1397
1842
1972
1436
747
114
-411
-1096
-1836
-2131
-2068
-1822
-1637
-1027
-107
730
1463
2060
2647
2946
2840
2429
1751
847
-405
-1874
-3323
-4796
-6133
-7426
-8381
-8996
-9355
-9258
-8928
-8181
-7037
-5725
-4243
-2635
-1005
772
2404
3852
5212
6493
7783
8712
9505
10293
11034
11805
12141
12349
12889
13078
13062
12633
12075
11665
10526
9000
7023
5084
3119
399
-2373
-4826
-6887
-8782
-10716
-11929
-12278
-12210
-11851
-11237
-9795
-7831
-6162
-4674
-3050
-1335
-54
609
883
1254
1280
636
-128
-780
-1270
-1986
-2629
-2872
-2784
-2524
-2180
-1529
-573
302
1015
1823
2387
2660
2618
2277
1700
747
-520
-1902
-3249
-4674
-6071
-7226
-8082
-8617
-8946
-8886
-8401
-7677
-6590
-5368
-3885
-2278
-741
1019
2590
4057
5449
6880
8277
9203
10137
11142
12162
12787
13021
13510
14015
14160
13572
12881
12669
11773
10218
8245
6387
4901
2354
-560
-2932
-4820
-6566
-8883
-10551
-10916
-11075
-11166
-11065
-10091
-8245
-6797
-5751
-4254
-2477
-1068
-478
-237
361
551
36
-771
-1378
-1747
-2449
-3270
-3545
-3485
-3280
-3043
-2592
-1535
-613
40
873
1556
2055
2098
1746
1381
631
-616
-2017
-3304
-4637
-6040
-7381
-8182
-8657
-9013
-8909
-8473
-7487
-6386
-5211
-3615
-1984
-316
1299
2766
4309
5664
6948
8137
9184
10208
11106
12223
12875
13430
14130
14573
14991
14627
14082
13856
12919
11447
9505
7572
5988
3391
518
-1870
-3919
-5725
-8078
-9863
-10397
-10711
-11047
-11111
-10298
-8759
-7515
-6661
-5311
-3620
-2340
-1823
-1602
-957
-731
-1216
-1959
-2498
-2729
-3268
-4019
-4215
-3818
-3451
-3094
-2385
-1219
2
861
1576
2376
2903
2766
2162
1430
307
-1284
-3117
-5024
-6638
-8387
-9935
-10849
-11471
-11547
-11217
-10439
-8990
-7448
-5632
-3525
-1391
803
2707
4620
6369
7843
9240
10311
11343
12268
13059
13887
14423
14876
15464
15795
15903
15593
15158
14713
13562
11962
10020
8084
6074
3214
372
-2013
-4276
-6468
-8846
-10413
-11089
-11643
-12024
-11960
-10856
-9456
-8350
-7190
-5533
-3703
-2498
-1817
-1156
-376
-167
-619
-1167
-1541
-1903
-2632
-3319
-3532
-3357
-3156
-2904
-2214
-1230
-153
695
1424
2229
2622
2580
2079
1217
46
-1606
-3479
-5463
-7385
-9218
-10839
-11946
-12639
-12881
-12526
-11591
-10217
-8475
-6481
-4159
-1601
770
3012
5193
7285
9164
10513
11757
12937
13861
14697
15026
15450
15900
15971
15921
15471
15009
14423
13255
11827
10052
8194
6262
3774
1205
-1198
-3386
-5454
-7588
-9294
-10334
-10979
-11436
-11522
-10969
-9884
-8609
-7477
-6039
-4299
-2731
-1552
-730
160
757
897
544
114
-239
-884
-1676
-2397
-2783
-2969
-3128
-3069
-2675
-2057
-1347
-667
-25
617
1016
995
788
138
-838
-2113
-3654
-5258
-6957
-8574
-9920
-10921
-11519
-11709
-11413
-10419
-9111
-7436
-5368
-3107
-579
1898
4134
6445
8525
10304
11832
12886
13943
14688
15073
15316
15189
15120
14806
14153
13298
12387
11354
9890
8309
6502
4804
3049
902
-1105
-2875
-4435
-5950
-7447
-8445
-8948
-9320
-9568
-9424
-8694
-7745
-6871
-5869
-4562
-3086
-1981
-1193
-379
428
760
579
307
75
-342
-1047
-1745
-2199
-2343
-2598
-2792
-2570
-2039
-1555
-1186
-569
-8
427
498
199
-107
-706
-1803
-3209
-4586
-5992
-7507
-8940
-10089
-10795
-11073
-11089
-10594
-9486
-7993
-6174
-4105
-1748
725
3166
5576
7820
9831
11673
13036
14338
15237
15578
15978
15778
15558
15017
13976
13080
11858
10503
8958
7110
5450
3807
1909
90
-1668
-3170
-4399
-5783
-6943
-7594
-7962
-8310
-8509
-8311
-7760
-6980
-6423
-5593
-4400
-3224
-2318
-1614
-660
119
556
532
433
488
334
-329
-879
-1110
-1210
-1457
-1804
-1624
-1250
-941
-961
-801
-386
-283
-619
-1303
-1766
-2501
-3644
-5102
-6533
-7648
-8962
-10225
-11217
-11608
-11584
-11430
-10739
-9551
-7821
-5815
-3755
-1366
1264
3778
6164
8423
10461
12344
13836
15027
15952
16528
16814
16726
16450
15850
14884
13805
12496
10935
9192
7247
5287
3393
1324
-781
-2611
-4280
-5763
-7051
-8235
-8869
-9183
-9298
-9235
-8891
-8013
-7155
-6206
-5233
-4111
-2770
-1744
-953
-197
645
1141
1201
1124
1141
1121
714
179
-97
-155
-310
-712
-768
-466
-417
-465
-678
-554
-584
-1244
-1961
-2792
-3450
-4672
-6178
-7346
-8484
-9443
-10544
-11322
-11350
-11126
-10731
-9962
-8673
-6808
-4903
-2972
-724
1727
4139
6315
8261
10222
12076
13375
14536
15340
16071
16488
16301
16100
15568
14836
13737
12154
10673
8942
6930
4729
2522
531
-1517
-3540
-5417
-6747
-7814
-8746
-9417
-9613
-9268
-8834
-8279
-7419
-6242
-4964
-3969
-2971
-1864
-838
-41
357
743
1129
1179
966
680
541
423
46
-170
-269
-194
-84
-215
7
128
164
83
-239
-428
-1078
-1868
-2893
-4017
-5132
-6617
-7900
-9130
-10139
-10909
-11556
-11617
-11287
-10600
-9581
-8238
-6480
-4514
-2445
-390
1783
3961
6008
7849
9517
11128
12452
13668
14455
15111
15649
15686
15659
15172
14394
13520
12046
10447
8633
6442
4399
2099
-175
-2232
-4258
-5828
-7234
-8359
-8992
-9242
-9154
-8741
-8089
-7139
-5839
-4712
-3514
-2251
-1114
-119
509
1027
1514
1715
1572
1325
1092
800
314
-100
-333
-419
-437
-512
-283
69
307
399
539
572
330
-149
-950
-1767
-2920
-4348
-5790
-7250
-8635
-10081
-11223
-11965
-12343
-12419
-12102
-11143
-9805
-8141
-6396
-4226
-1853
344
2592
4509
6656
8468
9827
11246
12318
13422
14249
14644
15086
15308
15325
14964
14262
13481
12284
10831
8917
6806
4798
2527
137
-2222
-4254
-5900
-7450
-8761
-9584
-9780
-9637
-9335
-8737
-7716
-6245
-5033
-3863
-2567
-1267
-77
468
896
1348
1663
1517
1081
812
662
225
-363
-627
-661
-545
-704
-568
-177
148
360
252
416
375
-176
-896
-1763
-2660
-3938
-5427
-6714
-7981
-9125
-10357
-11194
-11412
-11545
-11246
-10496
-9251
-7650
-5949
-4088
-1859
415
2391
4380
6316
8157
9555
10645
11759
12826
13499
13791
14231
14588
14780
14474
13835
13595
12803
11528
9904
8063
6593
4344
1775
-540
-2694
-4435
-6543
-8420
-9349
-9893
-10137
-10390
-9971
-8756
-7587
-6412
-5329
-3771
-2123
-1108
-337
233
950
1292
917
522
291
19
-492
-1217
-1595
-1418
-1506
-1578
-1504
-1010
-385
-263
-104
160
376
164
-471
-1184
-1797
-2779
-4073
-5325
-6386
-7339
-8406
-9272
-9746
-9847
-9674
-9307
-8459
-7079
-5606
-3928
-2183
-203
2033
3773
5598
7406
9003
10535
11359
12378
13334
13858
14324
14239
14481
14647
13913
13315
12580
11564
10401
8284
6570
4886
2553
299
-2294
-4106
-5779
-7955
-9344
-10299
-10541
-10607
-10776
-9916
-8581
-7177
-6090
-4711
-2970
-1468
-414
49
940
1514
1458
1024
401
337
-196
-1110
-1697
-1876
-1712
-1902
-1980
-1569
-857
-384
-308
3
437
524
38
-681
-1254
-2025
-3308
-4613
-5773
-6814
-7721
-8834
-9407
-9504
-9593
-9204
-8596
-7537
-5963
-4506
-2776
-849
1062
3021
4674
6318
7889
9353
10323
11152
11976
12507
13035
12911
13047
13260
12878
12379
11552
10936
10102
8460
6773
5168
3593
1512
-983
-2859
-4369
-5992
-7785
-9066
-9303
-9410
-9553
-9341
-8285
-6542
-5449
-4431
-2866
-1085
282
683
1244
2039
2383
1887
886
543
248
-684
-1832
-2519
-2450
-2449
-2872
-2865
-2116
-1282
-819
-661
-39
742
748
438
-6
-536
-1246
-2459
-3780
-4793
-5917
-7168
-7985
-8696
-8986
-9072
-8945
-8094
-7161
-5928
-4389
-2610
-551
1290
3080
4782
6678
8096
9217
10290
11010
11969
12126
12279
12295
12223
12435
11547
10970
10353
9562
8728
6820
5391
4055
2339
318
-2089
-3652
-4908
-6616
-8271
-9193
-9158
-9240
-9410
-9049
-7718
-5940
-5143
-4230
-2538
-732
299
429
1067
1939
2181
1414
495
506
216
-849
-2001
-2403
-2158
-2428
-2910
-2725
-1888
-1148
-841
-481
318
990
1066
854
585
212
-767
-1844
-2938
-4204
-5383
-6691
-7572
-8277
-8765
-8943
-8703
-7869
-7029
-5820
-4299
-2420
-346
1479
3356
5333
7111
8651
9865
10808
11815
12573
12889
12982
12968
12854
12783
12165
11298
10718
9692
8694
7088
5215
3825
1922
-149
-2545
-4518
-5919
-7655
-9193
-10302
-10486
-10282
-10309
-9879
-8653
-6787
-5475
-4411
-2738
-884
498
1058
1498
2341
2690
2141
1374
856
580
-401
-1588
-2171
-2426
-2586
-3017
-2999
-2403
-1856
-1324
-855
-165
455
622
660
474
-102
-840
-1970
-3152
-4283
-5737
-6881
-7910
-8668
-9088
-9291
-8871
-8140
-7079
-5740
-4159
-2257
-386
1496
3355
5113
6832
8149
9290
10345
10924
11627
12046
12148
12252
12102
12075
11803
11374
10694
10071
9365
8193
6911
5310
3952
2217
33
-1850
-3768
-5204
-6878
-8408
-9117
-9474
-9390
-9508
-8845
-7513
-6252
-4921
-3844
-2106
-422
469
1218
1834
2464
2447
1810
1188
659
-125
-1307
-2262
-2892
-3238
-3676
-3855
-3565
-2981
-2374
-1779
-849
-64
561
897
976
852
335
-569
-1763
-2876
-4271
-5686
-7015
-8158
-8895
-9479
-9544
-9281
-8518
-7401
-6018
-4292
-2474
-565
1355
3250
4971
6602
7864
9152
10139
10714
11449
11775
12044
12148
11915
11980
11592
11042
10525
9615
8928
7742
6268
5127
3353
1807
-37
-2124
-3537
-5347
-6784
-8055
-8901
-9207
-9389
-9067
-8573
-7334
-6151
-4891
-3416
-2069
-405
625
1474
2303
2607
2748
2406
1682
1146
69
-928
-1748
-2789
-3244
-3700
-3913
-3707
-3473
-2797
-2087
-1332
-561
-30
512
636
418
-122
-932
-2035
-3356
-4786
-6265
-7531
-8637
-9497
-9927
-9894
-9604
-8617
-7443
-5866
-3987
-2137
-4
1931
3883
5674
7031
8561
9686
10401
11318
11551
12212
12491
12182
12786
12237
12463
12148
11025
11337
9767
9188
7840
5864
5218
2697
1301
-855
-2915
-4023
-6189
-7285
-8526
-9036
-9060
-9271
-8751
-7967
-6605
-5422
-4377
-2953
-1558
-131
610
1011
1846
2061
2045
1378
711
421
-396
-1210
-2339
-2540
-2741
-3106
-3097
-3224
-2235
-1844
-1549
-1026
-704
-107
-375
-764
-1356
-2053
-3158
-4656
-6078
-7645
-8850
-10210
-11103
-11517
-11758
-11279
-10521
-9239
-7593
-5781
-3638
-1419
891
2931
4908
6821
8365
9829
10794
11768
12479
13129
13635
13490
14179
13902
14135
14054
12992
13262
11873
11190
9808
7542
6720
4053
2290
22
-2561
-3816
-6248
-7549
-8963
-9898
-9858
-10246
-9560
-8957
-7657
-6161
-4918
-3229
-2020
-456
609
1312
1893
2010
2164
1743
1136
426
-309
-916
-1844
-2441
-2770
-2874
-2770
-2754
-2253
-1593
-939
-508
-171
243
242
55
-673
-1514
-2487
-3858
-5325
-7168
-8501
-9936
-11057
-11875
-12397
-12068
-11666
-10442
-9327
-7556
-5343
-3440
-899
1022
3162
5336
6853
8496
9829
10770
11992
12597
13179
14080
13875
14823
14840
14771
15204
13943
14255
13047
11602
10684
7953
6973
4326
1853
66
-2850
-4049
-6491
-8031
-9123
-10220
-10211
-10759
-9973
-9247
-8114
-6480
-5378
-3213
-1784
-404
1128
1803
2938
2898
2830
2720
1850
1359
-80
-865
-1655
-2779
-3144
-3893
-3728
-3453
-3402
-2845
-2378
-1635
-1264
-1189
-1052
-1217
-1649
-2581
-3701
-4756
-6027
-7552
-9000
-10103
-10931
-11514
-11968
-11575
-10835
-9819
-8526
-6950
-4778
-2817
-691
1054
3183
5090
6459
7834
8978
10163
11015
11724
12075
13019
13314
13835
14225
14092
14912
13940
13970
13309
11940
11372
8829
7706
5511
3100
1434
-1489
-2891
-5083
-6951
-7978
-9525
-9750
-10155
-9992
-9178
-8450
-6918
-5606
-3868
-2147
-815
845
1784
2703
3100
2995
2940
2222
1503
375
-729
-1544
-2554
-3306
-3749
-3948
-3707
-3321
-2962
-2221
-1595
-1117
-642
-642
-699
-1144
-2019
-2993
-4401
-5790
-7267
-8772
-10066
-11144
-11929
-12336
-12246
-11796
-10890
-9696
-8046
-6149
-4130
-1963
85
2250
4227
5933
7643
8904
10331
11375
12156
13335
13616
14694
15112
15262
16358
15717
16276
15754
14677
14645
12538
11413
9235
6865
5196
2059
-172
-2761
-4889
-6589
-8716
-9849
-10560
-10530
-10402
-10015
-8608
-7040
-5229
-3680
-2069
83
1536
2603
3146
3496
3898
3107
2243
1048
9
-1179
-2972
-4019
-5090
-5618
-6257
-6614
-6164
-5874
-5156
-4637
-3932
-3083
-2647
-2371
-2453
-2561
-3202
-4049
-5116
-6430
-7326
-8782
-9825
-10614
-11275
-11294
-11426
-10798
-9937
-8718
-7243
-5747
-3644
-1693
256
2093
3969
5824
7471
8837
9971
11613
12475
13473
14395
14949
16215
16294
16999
17124
16975
17233
15819
15413
14062
12184
10647
7814
5966
3362
544
-1732
-4482
-6041
-8178
-9782
-10532
-11230
-10786
-10876
-9936
-8491
-7074
-5178
-3981
-1941
-117
1086
2021
2591
3318
3280
2688
1984
1219
352
-906
-2249
-3169
-3882
-4662
-5313
-5524
-5468
-5362
-5086
-4770
-4200
-3894
-3671
-3527
-3840
-3923
-4708
-5516
-6377
-7541
-8259
-9326
-10039
-10551
-10773
-10427
-10097
-9305
-8192
-6709
-5069
-3325
-1391
606
2518
4307
6142
7700
9387
10439
11647
12969
13507
14692
15064
15734
16516
16326
16883
16369
16288
15845
14444
14014
12002
10605
8864
6257
4855
1958
-65
-2092
-4536
-5902
-8003
-9139
-10084
-10831
-10879
-11024
-10209
-9461
-8281
-6825
-5515
-3699
-2430
-953
211
968
1714
1824
1773
1425
687
-180
-1195
-2121
-3254
-4162
-4875
-5541
-5686
-5870
-5728
-5288
-4834
-4197
-3747
-3375
-3042
-2971
-3208
-3728
-4342
-5271
-6148
-7147
-8223
-8906
-9575
-9924
-10036
-9764
-9111
-8199
-6818
-5363
-3470
-1513
543
2643
4700
6812
8449
10253
11724
12868
14062
14822
15519
16099
16397
16602
16566
16448
16125
15585
14988
13731
12752
11521
9645
8257
5857
4223
2338
-257
-1765
-4176
-5482
-7063
-8795
-9431
-10217
-10182
-10301
-9850
-8858
-7574
-6061
-4861
-3026
-1438
80
1244
1825
2631
2683
2340
1629
371
-632
-2011
-3825
-5255
-6627
-7650
-8421
-9207
-9208
-8922
-8340
-7611
-6815
-5659
-4684
-3712
-3145
-2761
-2516
-2745
-3122
-3784
-4648
-5511
-6542
-7476
-8090
-8777
-8886
-8763
-8278
-7217
-6156
-4342
-2500
-321
1915
4029
6434
8314
10289
11716
12965
14209
14613
15294
15480
15358
15587
15170
14945
14781
14053
13989
13390
12480
12220
10785
10113
8813
6861
5933
3593
1957
-59
-2416
-3673
-5917
-7345
-8564
-9647
-9785
-10237
-9946
-9196
-8143
-6889
-5677
-4062
-2603
-1093
-168
476
1187
1229
892
6
-849
-1943
-3324
-4711
-6274
-7037
-8028
-8746
-8993
-9053
-8406
-7975
-7257
-6289
-5366
-4386
-3820
-3264
-2940
-2998
-3258
-3862
-4465
-5386
-6336
-7291
-8004
-8484
-9002
-8717
-8328
-7456
-6147
-4816
-2614
-600
1508
3940
6040
8175
10099
11520
13007
13859
14438
15058
14762
15004
14635
14192
14299
13299
13627
13120
12645
13098
11932
12165
11415
10229
9843
7646
6553
4647
2271
509
-2238
-3936
-6236
-8120
-9453
-10920
-11267
-12001
-11741
-11030
-10378
-8751
-7728
-5945
-4158
-2942
-1270
-673
345
749
268
103
-1151
-1882
-3223
-4928
-5937
-7394
-8119
-8997
-9357
-9160
-8918
-8083
-7303
-6064
-4858
-3858
-2648
-1857
-1285
-1051
-1053
-1219
-2000
-2805
-3675
-4647
-5431
-6335
-6809
-6838
-6597
-6075
-5014
-3653
-1989
4
1893
4138
6176
8155
9919
11327
12577
13469
14034
14211
14378
14200
13925
13696
13209
13189
12990
12675
12909
12527
12741
12513
11684
11781
10476
9509
8146
5865
4532
1932
-315
-2692
-5243
-6943
-9430
-11057
-12408
-13396
-13702
-14093
-13608
-12795
-11573
-10273
-8840
-7126
-5467
-3942
-2851
-1885
-1128
-932
-1096
-1640
-2460
-3196
-4470
-5612
-6526
-7371
-7790
-8233
-7949
-7505
-6710
-5646
-4680
-3157
-2141
-1023
-131
455
872
617
556
-140
-868
-1775
-2874
-3495
-4429
-4947
-5093
-5069
-4469
-3772
-2820
-1241
249
1903
3614
5165
7021
8293
9557
10515
11090
11843
11911
12029
12069
11931
11892
11722
11602
11721
11684
11581
11798
11361
11569
11012
10061
9868
8109
7141
5194
2993
1591
-1267
-3085
-5559
-7613
-8982
-11066
-12014
-13057
-13351
-13346
-13229
-12353
-11471
-9886
-8638
-7294
-5354
-4051
-2621
-1689
-1046
-114
-237
-397
-983
-1552
-2066
-3346
-4062
-4859
-5206
-5569
-6022
-5587
-5212
-4444
-3913
-3058
-1907
-1223
-428
-87
525
572
281
20
-532
-978
-1862
-2431
-2955
-3295
-3541
-3662
-3126
-2667
-1814
-946
340
1802
2941
4376
5509
6844
7788
8482
9133
9356
9791
9651
9500
9474
9113
9161
8834
8738
8802
8942
9034
8880
9311
9080
9337
8775
8008
7885
6301
5389
3344
1384
-48
-2897
-4734
-7176
-8952
-10332
-12286
-12885
-13538
-13340
-12864
-12330
-10775
-9338
-7410
-5703
-4033
-2068
-680
530
1092
1607
1799
1232
546
-423
-1412
-2497
-3978
-5044
-5816
-6534
-6929
-7284
-6818
-6218
-5535
-4554
-3484
-1979
-925
115
935
1777
2307
2132
2169
1640
1267
570
-361
-881
-1540
-1907
-2201
-2143
-1932
-1284
-512
300
1559
2507
3795
4850
5605
6557
6953
7297
7395
7277
7079
6640
6228
5909
5731
5317
5347
5471
5616
6311
6278
6987
7468
7482
8053
7384
7404
6766
5548
4702
2487
1288
-593
-2854
-4369
-6721
-7816
-9114
-10478
-10852
-11118
-10555
-10102
-9236
-7731
-6159
-4405
-3118
-1498
39
1026
1756
1765
2020
1802
696
-159
-1475
-2479
-3705
-5177
-5896
-6660
-6869
-7025
-6817
-5862
-4867
-3699
-2397
-859
614
1850
2830
3703
4373
4471
4224
3826
3272
2329
1355
209
-604
-1273
-2320
-2413
-2600
-2499
-1952
-1756
-583
206
868
1923
2517
3443
3684
3719
3969
3670
3420
2666
2178
1874
1195
1107
886
1014
1814
1961
3018
4081
4763
6345
6689
7732
8449
8077
8601
7660
6899
5849
3762
2547
255
-1779
-3665
-5802
-7019
-8577
-9446
-9843
-9872
-9173
-8605
-7256
-5748
-4096
-2287
-1001
702
1831
2661
3173
2841
2981
2072
935
-144
-1783
-2696
-4233
-5511
-6164
-6734
-6699
-6674
-6179
-5061
-3861
-2594
-1188
240
1784
3030
3831
4724
5200
5456
5282
4715
4357
3595
2695
1747
708
36
-646
-1428
-1794
-2134
-2215
-2209
-2187
-1895
-1870
-1551
-1364
-1355
-1293
-1620
-1636
-1842
-2350
-2597
-2863
-2885
-2772
-2744
-2140
-1144
-307
1093
2411
4233
6130
7366
9276
10455
11707
12352
12083
12329
11256
10147
8320
6063
4449
1575
-532
-2796
-4745
-5701
-7421
-7733
-7699
-7333
-6319
-5704
-4036
-2468
-993
209
1035
2314
2719
2776
2199
1652
1173
-198
-1645
-3138
-3914
-5078
-6247
-6753
-7006
-6391
-6150
-5463
-3975
-2381
-660
679
2354
4280
5415
6222
6799
7067
7250
6234
5154
4302
2895
1428
-537
-1986
-2939
-4349
-5590
-6366
-6690
-6727
-7107
-7211
-6681
-6282
-6081
-6012
-5719
-5191
-5254
-5397
-5357
-5139
-4917
-5212
-4916
-4177
-3607
-2743
-1879
-251
1602
2974
5055
6836
8945
10945
11964
13615
14528
15100
15425
14538
14269
13093
11373
9778
7185
5594
3439
1038
-679
-2628
-3485
-4679
-5553
-5663
-5549
-4911
-4723
-3803
-2793
-1872
-975
-706
235
593
639
637
82
238
-272
-994
-1447
-2095
-2106
-2576
-2899
-2677
-2409
-1870
-1557
-834
66
980
1677
2091
2876
3404
3450
3187
2894
2456
1668
395
-839
-1813
-3116
-4533
-5832
-6788
-7470
-8377
-9096
-9220
-9156
-9208
-9168
-8887
-8251
-7806
-7702
-7229
-6673
-6283
-6142
-5937
-5475
-4969
-4651
-4345
-3582
-2552
-1581
-570
858
2465
4256
5978
7528
9627
11188
12777
14153
14848
16088
16144
16254
15976
14782
14346
12428
10951
9315
6872
5591
3064
1373
-83
-1917
-2588
-3938
-4402
-4440
-4490
-3927
-3587
-2639
-1569
-576
400
1146
2221
2841
3188
3292
3033
3037
2306
1415
522
-540
-1311
-2487
-3480
-4103
-4602
-4899
-5174
-5045
-4649
-4294
-3893
-3370
-2809
-2377
-2198
-2156
-2090
-2298
-2854
-3481
-4133
-4804
-5603
-6514
-7155
-7539
-7969
-8258
-8247
-8056
-7701
-7337
-6776
-6126
-5634
-5059
-4648
-4249
-3995
-3928
-3853
-3906
-3844
-3946
-3793
-3481
-3100
-2385
-1555
-264
1109
2642
4506
6196
8152
9923
11510
13164
14201
15375
15904
16121
16275
15670
15376
14200
13052
11964
10282
9213
7406
6026
4914
3396
2555
1286
588
29
-697
-960
-1437
-1449
-1462
-1687
-1612
-1492
-1332
-1342
-1410
-1224
-1242
-1405
-1577
-1827
-2047
-2583
-3074
-3541
-4102
-4534
-5192
-5491
-5687
-5868
-5892
-5807
-5478
-5181
-4832
-4442
-4040
-3757
-3570
-3400
-3437
-3543
-3713
-4054
-4486
-4879
-5309
-5799
-6202
-6645
-6928
-7090
-7330
-7429
-7395
-7180
-6925
-6802
-6364
-5872
-5474
-4994
-4652
-3941
-3386
-2964
-2437
-1882
-1005
-473
296
1211
2144
3349
4308
5627
7041
8228
9663
10850
12154
13298
14081
15092
15532
15989
16211
16039
16095
15462
15031
14419
13372
12725
11506
10412
9313
7826
6694
5102
3564
2222
532
-821
-2402
-3750
-4765
-5942
-6682
-7317
-7618
-7575
-7499
-7177
-6678
-6004
-5341
-4740
-4256
-3796
-3450
-3461
-3668
-4036
-4372
-5032
-5840
-6488
-7132
-7534
-8115
-8537
-8372
-8295
-8040
-7747
-7232
-6409
-5857
-5341
-4792
-4144
-3723
-3568
-3477
-3377
-3380
-3762
-4071
-4259
-4605
-4997
-5357
-5486
-5534
-5615
-5512
-5162
-4648
-4080
-3504
-2646
-1685
-861
111
974
1930
2816
3579
4381
5044
5719
6364
6963
7489
8044
8568
9160
9731
10268
10844
11336
11954
12349
12759
13215
13270
13556
13666
13446
13496
12990
12750
12347
11294
10752
9592
8524
7298
5438
4300
2514
808
-823
-2794
-3899
-5502
-6711
-7596
-8344
-8506
-8803
-8587
-8204
-7531
-6902
-6391
-5538
-5089
-4583
-4462
-4693
-4576
-5103
-5831
-6573
-7487
-8131
-9102
-10041
-10517
-10867
-10953
-11012
-10789
-10057
-9230
-8415
-7499
-6396
-5243
-4178
-3370
-2581
-1756
-1184
-792
-618
-442
-189
-176
-315
-332
-201
-169
-58
-48
232
631
704
1035
1387
1756
2026
2147
2439
2622
2729
2661
2665
2772
2723
2799
2854
3123
3466
3819
4316
4941
5588
6284
7127
7772
8501
9088
9655
10282
10448
10728
10901
10962
10987
10753
10697
10455
10184
9795
9247
8748
7890
6994
6096
4900
3554
2085
662
-730
-2408
-4053
-5361
-6571
-7705
-8732
-9351
-9588
-9697
-9735
-9471
-8788
-8239
-7651
-7119
-6455
-5812
-5712
-5568
-5684
-5879
-6344
-7082
-7670
-8502
-9147
-9824
-10368
-10539
-10651
-10223
-9653
-8807
-7600
-6348
-4761
-3253
-1743
-169
1140
2397
3275
3918
4493
4608
4585
4368
3999
3531
2933
2436
2032
1511
1140
904
804
868
815
1067
1367
1643
1847
2112
2535
2679
2854
2944
3065
3180
3006
2994
3125
3095
3043
3003
3143
3419
3573
3707
4062
4576
4949
5335
5766
6282
6730
6999
7348
7599
7771
7938
8003
8104
8006
7764
7673
7406
6931
6270
5502
4889
3735
2329
1026
-276
-1651
-3542
-5180
-6332
-7523
-8768
-9965
-10337
-10347
-10574
-10590
-10157
-9057
-8309
-7860
-7076
-6085
-5257
-5174
-5201
-4864
-4804
-5331
-6059
-6475
-6557
-7142
-7769
-7796
-7488
-7017
-6920
-6201
-4878
-3782
-2704
-1619
-43
1459
2337
3212
4230
5052
5421
5435
5526
5593
5111
4526
3958
3343
2747
1786
1104
666
133
-302
-719
-745
-576
-568
-404
-165
335
728
863
1211
1496
1811
1888
1840
2028
2194
2232
2216
2379
2762
3149
3384
3726
4402
5069
5525
5876
6354
6929
7162
7096
7061
7154
6960
6531
6035
5750
5600
5097
4811
4498
4431
4487
4133
3934
3529
3252
2796
1750
692
-532
-1555
-3189
-5089
-6538
-7932
-9094
-10668
-11725
-11891
-12028
-12049
-11899
-10823
-9351
-8302
-7157
-5583
-3664
-2319
-1726
-901
23
391
-151
-931
-1224
-1751
-2879
-4160
-4757
-4909
-5319
-5680
-5435
-4530
-3664
-2905
-1786
-310
1047
2016
3051
4096
4850
5102
5124
5225
4938
4357
3620
2952
2331
1443
777
191
-244
-565
-864
-799
-835
-811
-558
-359
-195
-200
13
236
232
120
34
256
252
87
108
334
659
693
779
1330
1806
2255
2591
3059
3892
4343
4658
5035
5303
5649
5635
5459
5447
5286
5063
4801
4582
4475
4413
4350
4378
4541
4615
4711
4763
4705
4396
3897
3267
2470
1345
-141
-1582
-3007
-4551
-6280
-7849
-8960
-9874
-10774
-11439
-11473
-10954
-10534
-10031
-9022
-7514
-6081
-5147
-3995
-2412
-1203
-812
-498
81
528
193
-596
-706
-596
-1016
-1681
-1734
-1174
-719
-681
-252
1031
2051
2546
3174
4169
5114
5303
5196
5497
5722
5180
4283
3721
3260
2488
1298
417
-68
-785
-1447
-1955
-2043
-2025
-2250
-2134
-1881
-1528
-1351
-1287
-990
-957
-993
-1099
-1311
-1445
-1843
-2212
-2530
-2828
-2987
-3141
-3056
-2899
-2597
-2080
-1524
-777
-17
881
1748
2446
3037
3644
4207
4292
4239
4126
4049
3720
3021
2662
2358
2149
1705
1417
1730
1897
2238
2551
3331
4253
4703
5318
5820
6426
6587
6121
5744
5072
4176
2620
661
-874
-2573
-4473
-6552
-8221
-9062
-9874
-10678
-11060
-10497
-9493
-8741
-7859
-6343
-4461
-3126
-2205
-978
423
1319
1329
1440
1928
2060
1512
748
749
864
496
19
247
1074
1571
1861
2552
3987
5084
5626
6370
7250
8061
8036
7755
7639
7143
6275
4969
3742
2497
844
-601
-1893
-3120
-4147
-5017
-5316
-5556
-5789
-5604
-5155
-4654
-4501
-4298
-3853
-3615
-3801
-4066
-4249
-4407
-4825
-5291
-5400
-5555
-5430
-5228
-4628
-3842
-3116
-1986
-889
443
1615
2569
3495
4181
4823
4989
4885
4568
4140
3470
2413
1529
696
-98
-1011
-1749
-2006
-2139
-2269
-2119
-1514
-725
9
790
1964
3083
3928
4728
5413
6107
6166
6037
5846
5135
4296
3099
1984
647
-883
-2017
-3164
-4165
-5159
-5645
-5547
-5753
-5616
-5033
-3971
-3071
-2500
-1259
21
1060
1514
2022
2930
3130
2950
2603
2591
2471
1604
1019
733
694
391
12
426
979
1449
1949
2753
3968
4747
5325
6048
6782
7250
6966
6670
6389
5665
4503
3125
1955
764
-756
-2116
-2994
-3664
-4249
-4810
-4825
-4524
-4354
-4109
-3735
-3233
-3024
-3071
-3072
-3148
-3642
-4404
-5073
-5754
-6557
-7496
-8204
-8567
-8805
-8896
-8623
-7962
-7116
-6032
-4811
-3293
-1778
-508
827
1972
3015
3531
3642
3826
3611
3209
2357
1505
928
66
-671
-1321
-1477
-1367
-1332
-847
-79
984
2084
3101
4459
5826
6851
7706
8403
9165
9400
9018
8721
8134
7513
6192
4643
3637
2264
929
-634
-1771
-2264
-3266
-4021
-4445
-4352
-4091
-4353
-4050
-3387
-2751
-2466
-2289
-1432
-717
-429
-225
411
1192
1448
1620
2032
2656
2901
2870
3272
3689
3935
3899
4110
4669
4752
4721
4812
5177
5299
4871
4742
4708
4380
3485
2604
2171
1326
108
-1081
-1754
-2431
-3542
-4397
-4745
-4825
-5148
-5492
-5312
-4866
-4596
-4557
-4448
-4121
-3986
-4216
-4574
-4858
-5143
-5753
-6435
-6939
-7295
-7632
-8008
-8170
-7976
-7586
-7078
-6372
-5453
-4288
-3122
-2024
-806
397
1543
2296
2806
3443
3806
3889
3633
3252
2985
2463
1784
1237
846
627
368
132
287
624
955
1325
1858
2485
2989
3308
3694
4251
4397
4385
4361
4420
4377
3841
3557
3326
3032
2435
1662
1435
1021
436
-251
-767
-802
-1355
-1808
-2029
-2112
-2117
-2549
-2346
-1999
-1748
-1511
-1201
-285
288
732
1352
2230
3103
3419
3889
4501
4999
5153
4972
5109
5114
4864
4506
4176
4153
3841
3417
3196
3036
2923
2571
2306
2231
1993
1690
1276
941
621
57
-435
-949
-1489
-2015
-2605
-2977
-3411
-3827
-4053
-4218
-4218
-4329
-4412
-4330
-4301
-4308
-4485
-4704
-4842
-5176
-5502
-5822
-6080
-6249
-6430
-6450
-6352
-6089
-5673
-5134
-4472
-3799
-2970
-2118
-1299
-499
149
719
1168
1469
1682
1701
1615
1498
1305
1001
621
368
146
-47
-322
-506
-473
-442
-461
-490
-290
-83
86
164
422
894
1157
1418
1807
2405
2887
3169
3542
4066
4487
4606
4619
4679
4722
4426
3992
3500
3039
2525
1788
1117
596
153
-220
-546
-678
-499
-343
-6
464
1133
1921
2541
3275
3996
4662
5101
5383
5616
5661
5486
5048
4600
4067
3386
2637
1879
1327
753
275
-62
-294
-270
-214
-76
126
309
566
644
595
456
191
-138
-758
-1471
-2183
-2950
-3728
-4554
-5239
-5710
-6140
-6387
-6453
-6349
-6030
-5727
-5246
-4784
-4363
-3956
-3722
-3477
-3391
-3425
-3542
-3797
-4042
-4267
-4507
-4721
-4836
-4796
-4576
-4374
-4088
-3637
-3064
-2467
-1996
-1407
-765
-179
263
584
1020
1348
1536
1598
1593
1671
1564
1326
1115
882
672
391
127
14
-47
-50
57
329
753
1220
1752
2419
3137
3822
4478
5082
5596
5935
6128
6253
6164
5857
5423
4931
4409
3718
2988
2435
1921
1451
960
709
728
710
715
801
1095
1359
1526
1694
1915
2081
2051
1938
1860
1771
1488
1124
833
591
248
-111
-354
-509
-645
-848
-866
-703
-492
-315
-126
265
645
900
1073
1225
1399
1317
1069
805
485
112
-482
-981
-1346
-1799
-2177
-2534
-2674
-2742
-2912
-2912
-2868
-2774
-2762
-2859
-2873
-2921
-3087
-3362
-3645
-3921
-4246
-4703
-5082
-5391
-5688
-5899
-6105
-6019
-5864
-5605
-5179
-4681
-3934
-3248
-2515
-1745
-1019
-278
221
650
951
1124
1189
1021
895
654
360
103
-147
-247
-331
-277
-82
211
566
1012
1554
2083
2583
3141
3713
4232
4625
4972
5389
5662
5848
5892
5893
5913
5699
5408
5031
4635
4230
3647
3103
2586
2099
1643
1133
776
530
314
153
30
64
175
252
376
561
809
1037
1211
1393
1567
1714
1819
1887
1899
1911
1872
1852
1779
1691
1672
1608
1574
1457
1410
1442
1415
1311
1171
1085
963
700
309
-96
-499
-1004
-1598
-2231
-2789
-3324
-3934
-4456
-4917
-5244
-5512
-5738
-5812
-5872
-5875
-5772
-5636
-5442
-5313
-5174
-4968
-4854
-4770
-4735
-4612
-4530
-4557
-4525
-4442
-4288
-4137
-3962
-3699
-3325
-2913
-2519
-2007
-1471
-938
-379
133
688
1119
1454
1765
1995
2138
2151
2128
2012
1918
1746
1580
1542
1441
1526
1627
1780
2065
2347
2725
3061
3338
3711
4045
4289
4524
4655
4902
5053
5054
5130
5110
5119
5017
4800
4669
4394
4092
3694
3243
2886
2388
1888
1314
818
426
-42
-458
-868
-1077
-1193
-1317
-1359
-1339
-1157
-948
-794
-656
-431
-214
-65
8
64
136
141
93
-18
-130
-229
-298
-433
-520
-579
-601
-559
-652
-602
-575
-592
-637
-758
-774
-887
-1129
-1419
-1692
-1932
-2297
-2722
-3096
-3371
-3629
-3925
-4158
-4202
-4101
-4006
-3900
-3682
-3278
-2863
-2541
-2231
-1827
-1401
-1173
-1001
-817
-671
-580
-663
-689
-621
-591
-566
-467
-189
161
485
857
1326
1854
2250
2576
2886
3142
3265
3177
3048
2838
2582
2196
1692
1260
764
340
-31
-385
-606
-859
-973
-978
-1041
-971
-852
-633
-334
-70
276
685
1176
1707
2130
2558
3053
3497
3809
3922
4030
4050
3913
3623
3284
2914
2501
1969
1414
933
351
-181
-733
-1206
-1535
-1935
-2269
-2442
-2483
-2388
-2382
-2330
-2051
-1757
-1473
-1191
-913
-538
-267
-81
60
108
248
336
290
209
81
5
-130
-331
-465
-559
-601
-671
-701
-591
-464
-309
-109
89
348
528
640
796
830
818
675
508
430
231
52
-194
-352
-363
-407
-399
-382
-241
13
115
240
374
435
453
266
83
-165
-489
-867
-1250
-1599
-1916
-2170
-2350
-2393
-2348
-2149
-1954
-1630
-1242
-893
-485
-228
70
273
396
412
271
178
-70
-365
-743
-1122
-1430
-1818
-2118
-2414
-2648
-2807
-2927
-2864
-2735
-2580
-2323
-1939
-1424
-955
-547
-34
617
1222
1676
2098
2502
2916
3159
3186
3226
3200
3152
2878
2476
2149
1758
1425
969
513
147
-207
-481
-712
-846
-854
-771
-599
-355
-11
430
847
1307
1808
2276
2761
3065
3330
3611
3743
3829
3746
3689
3639
3432
3253
3025
2893
2754
2483
2330
2202
2134
2042
1876
1798
1699
1520
1349
1160
976
685
292
-43
-435
-841
-1342
-1847
-2189
-2558
-2918
-3275
-3554
-3659
-3753
-3799
-3820
-3694
-3545
-3489
-3415
-3370
-3253
-3272
-3431
-3473
-3587
-3755
-3905
-4017
-3981
-3972
-3929
-3735
-3465
-3114
-2810
-2454
-1969
-1613
-1300
-1092
-948
-818
-876
-907
-1037
-1223
-1440
-1658
-1753
-1918
-2006
-2102
-2115
-1967
-1825
-1561
-1294
-941
-455
-22
476
985
1545
2189
2681
3238
3841
4448
5061
5524
6009
6457
6817
7043
7135
7197
7132
6936
6617
6210
5764
5188
4564
3931
3300
2685
2049
1527
1128
774
510
340
277
361
468
651
935
1189
1502
1750
1930
2114
2185
2177
2064
1817
1539
1247
853
409
-79
-541
-965
-1392
-1760
-2009
-2157
-2253
-2316
-2255
-2145
-2012
-1898
-1788
-1685
-1643
-1657
-1780
-1969
-2199
-2454
-2806
-3134
-3464
-3833
-4159
-4479
-4683
-4830
-4953
-4956
-4908
-4745
-4562
-4368
-4121
-3842
-3618
-3423
-3211
-3132
-3081
-3073
-3049
-3092
-3236
-3319
-3412
-3409
-3373
-3275
-2985
-2627
-2135
-1643
-1089
-350
264
827
1319
1803
2226
2484
2619
2674
2694
2586
2405
2147
1948
1737
1481
1254
1121
1118
1098
1115
1301
1638
2035
2394
2845
3359
3838
4286
4705
5178
5497
5755
5978
6102
6256
6244
6218
6135
5884
5660
5382
5035
4592
4027
3553
2977
2306
1656
1005
410
-250
-870
-1406
-1877
-2317
-2699
-2991
-3136
-3212
-3197
-3095
-2953
-2696
-2436
-2103
-1786
-1472
-1143
-872
-650
-494
-383
-347
-397
-527
-655
-839
-1054
-1355
-1661
-1881
-2084
-2224
-2340
-2335
-2256
-2136
-1929
-1696
-1448
-1277
-1111
-977
-942
-963
-1044
-1132
-1275
-1496
-1707
-1871
-1956
-2038
-2113
-2060
-1914
-1709
-1503
-1299
-1034
-756
-493
-289
-193
-80
-37
-57
-124
-284
-416
-590
-799
-998
-1172
-1282
-1423
-1514
-1510
-1447
-1286
-1117
-915
-637
-344
-67
216
487
759
970
1115
1255
1403
1484
1539
1570
1591
1620
1594
1631
1669
1721
1762
1833
1997
2094
2245
2383
2526
2715
2818
2923
2965
2955
2941
2868
2778
2628
2415
2246
2084
1972
1895
1810
1827
1903
2007
2180
2267
2371
2489
2461
2384
2156
1882
1569
1093
607
67
-525
-1066
-1608
-2048
-2472
-2816
-2992
-3124
-3142
-3131
-2993
-2767
-2552
-2327
-2109
-1845
-1628
-1468
-1307
-1164
-1040
-960
-914
-823
-707
-642
-588
-546
-414
-235
-127
4
185
401
607
780
940
1083
1197
1257
1245
1200
1040
847
619
309
-26
-411
-793
-1111
-1426
-1694
-1890
-2044
-2081
-2098
-2099
-2068
-2009
-1889
-1802
-1765
-1673
-1611
-1534
-1538
-1625
-1685
-1839
-1980
-2148
-2367
-2543
-2727
-2846
-2898
-2910
-2840
-2693
-2492
-2205
-1874
-1485
-1110
-757
-325
44
337
575
768
962
1051
1081
1095
1090
1048
1066
1080
1097
1104
1187
1386
1538
1707
1898
2159
2407
2587
2767
2920
3027
3069
3027
2932
2783
2624
2443
2194
1987
1790
1694
1642
1648
1727
1860
2044
2207
2385
2553
2724
2758
2699
2612
2471
2263
1899
1528
1183
828
432
48
-214
-376
-530
-606
-616
-544
-422
-300
-160
-26
68
132
165
166
144
60
-49
-172
-285
-404
-578
-750
-861
-940
-1063
-1203
-1274
-1272
-1327
-1381
-1433
-1448
-1425
-1456
-1444
-1427
-1404
-1395
-1421
-1424
-1444
-1500
-1585
-1696
-1779
-1877
-2067
-2217
-2359
-2438
-2552
-2717
-2788
-2849
-2853
-2868
-2873
-2822
-2764
-2676
-2568
-2439
-2253
-2048
-1824
-1573
-1342
-1065
-812
-531
-260
-24
187
356
533
680
767
844
914
972
1023
1045
1109
1163
1241
1307
1359
1436
1492
1576
1636
1720
1791
1835
1866
1885
1944
1958
1936
1921
1893
1913
1901
1861
1848
1804
1795
1748
1677
1633
1513
1425
1284
1127
989
809
668
509
340
209
106
30
-14
-53
-23
38
109
211
315
424
538
612
685
742
771
787
746
729
721
664
595
527
528
530
548
584
635
764
903
1065
1179
1288
1455
1579
1649
1652
1652
1615
1480
1316
1118
905
652
375
95
-210
-523
-837
-1166
-1482
-1792
-2066
-2309
-2534
-2713
-2854
-2951
-2999
-3004
-2987
-2967
-2939
-2875
-2809
-2739
-2687
-2637
-2556
-2461
-2363
-2262
-2152
-2002
-1825
-1630
-1426
-1244
-1059
-888
-753
-649
-568
-519
-503
-518
-522
-514
-544
-564
-589
-580
-602
-620
-608
-606
-600
-601
-568
-517
-480
-403
-310
-212
-98
31
208
361
539
724
898
1065
1180
1254
1285
1281
1227
1137
1019
883
725
570
432
319
225
151
102
83
101
143
216
308
415
547
716
862
1003
1172
1318
1451
1553
1662
1758
1796
1856
1944
2026
2080
2127
2228
2333
2429
2514
2616
2716
2779
2826
2851
2847
2790
2691
2575
2425
2224
2005
1755
1497
1225
923
613
311
20
-274
-548
-809
-1020
-1221
-1391
-1524
-1620
-1664
-1677
-1671
-1651
-1623
-1581
-1558
-1541
-1539
-1562
-1586
-1635
-1683
-1755
-1850
-1910
-2011
-2103
-2175
-2236
-2252
-2275
-2232
-2173
-2081
-1968
-1852
-1710
-1565
-1412
-1275
-1146
-1038
-938
-858
-776
-718
-679
-635
-568
-522
-465
-407
-340
-271
-230
-158
-120
-67
-46
-33
27
58
90
114
149
199
235
287
351
410
460
546
626
689
768
830
894
927
956
984
984
969
911
877
815
730
651
553
477
390
312
241
197
159
142
144
141
177
214
255
291
328
376
399
431
458
473
506
534
579
616
635
724
762
807
869
902
972
998
1027
1057
1059
1083
1059
1034
988
916
846
727
615
469
317
179
26
-140
-285
-401
-496
-578
-644
-652
-645
-604
-531
-450
-332
-217
-99
34
146
262
352
423
493
516
542
539
529
516
455
428
376
318
271
185
122
52
-38
-121
-217
-309
-401
-508
-613
-715
-816
-903
-1011
-1088
-1172
-1249
-1311
-1378
-1404
-1443
-1481
-1491
-1467
-1414
-1344
-1271
-1162
-1047
-926
-795
-702
-605
-535
-478
-439
-437
-446
-479
-508
-531
-580
-607
-623
-620
-601
-579
-516
-460
-382
-289
-215
-95
-6
90
193
258
351
402
450
497
515
536
520
511
488
439
400
325
259
221
148
91
38
-12
-19
-39
-22
12
70
163
235
338
457
570
690
785
892
1004
1073
1145
1188
1227
1253
1236
1220
1189
1162
1116
1061
1023
981
942
901
856
828
796
752
721
694
669
642
608
583
553
526
482
441
411
372
337
295
246
206
165
103
41
-36
-106
-186
-283
-352
-435
-498
-568
-661
-720
-796
-866
-945
-1038
-1101
-1168
-1222
-1265
-1317
-1336
-1370
-1379
-1383
-1389
-1365
-1362
-1342
-1321
-1291
-1266
-1252
-1219
-1188
-1151
-1121
-1099
-1071
-1042
-1011
-992
-978
-948
-939
-914
-893
-874
-840
-822
-786
-754
-713
-662
-610
-548
-482
-397
-292
-197
-81
45
172
324
455
591
722
845
971
1061
1153
1228
1279
1339
1376
1424
1465
1508
1567
1624
1693
1767
1849
1935
2010
2079
2126
2163
2184
2175
2151
2088
2011
1915
1788
1651
1491
1329
1163
990
825
659
519
400
290
198
119
66
18
-30
-56
-69
-84
-89
-101
-103
-108
-100
-89
-84
-71
-71
-65
-70
-70
-84
-108
-129
-168
-213
-259
-325
-373
-440
-521
-600
-692
-761
-853
-932
-1007
-1091
-1152
-1223
-1287
-1348
-1392
-1429
-1473
-1490
-1514
-1513
-1494
-1490
-1467
-1452
-1414
-1383
-1358
-1308
-1279
-1231
-1184
-1141
-1096
-1055
-1007
-954
-904
-843
-786
-710
-633
-555
-459
-382
-297
-225
-157
-94
-47
1
42
66
96
98
119
132
143
155
163
196
224
271
324
384
449
531
604
673
743
815
884
931
971
994
1024
1035
1025
1014
994
965
921
866
816
760
701
640
579
529
481
443
418
399
381
376
366
365
354
335
323
302
275
249
225
202
173
153
137
122
128
123
139
161
183
211
237
271
301
331
365
402
435
462
495
524
538
551
549
555
552
541
534
522
522
518
518
517
527
533
537
539
543
541
537
529
498
471
424
379
318
255
177
93
4
-95
-200
-305
-418
-534
-647
-761
-870
-991
-1096
-1207
-1295
-1384
-1460
-1512
-1548
-1573
-1580
-1563
-1537
-1494
-1453
-1397
-1341
-1278
-1221
-1164
-1105
-1049
-1001
-953
-903
-864
-820
-785
-753
-728
-713
-706
-704
-710
-725
-740
-752
-768
-778
-773
-758
-735
-697
-646
-588
-508
-427
-325
-216
-104
12
126
242
359
460
556
647
725
795
849
904
946
984
1010
1038
1069
1090
1113
1138
1163
1192
1209
1227
1250
1263
1273
1275
1278
1268
1252
1231
1204
1176
1134
1088
1045
990
936
884
832
789
739
702
668
643
622
606
601
602
607
613
622
633
635
633
631
618
607
582
556
520
478
428
371
307
238
156
82
9
-74
-152
-233
-312
-389
-460
-530
-587
-649
-708
-754
-798
-840
-883
-923
-951
-985
-1015
-1049
-1083
-1121
-1164
-1204
-1241
-1274
-1312
-1338
-1364
-1381
-1394
-1395
-1389
-1377
-1355
-1322
-1274
-1215
-1145
-1076
-987
-901
-813
-718
-629
-535
-442
-359
-273
-201
-136
-78
-41
-2
21
42
67
80
95
104
115
131
145
169
195
230
270
307
357
402
445
485
520
552
577
594
607
623
635
644
654
668
677
689
702
722
737
754
768
782
794
795
793
789
778
758
738
710
679
640
604
572
540
511
487
479
476
478
489
509
536
566
589
628
651
669
677
668
653
619
573
511
441
361
279
189
98
-2
-93
-182
-269
-348
-416
-477
-534
-583
-627
-660
-686
-709
-727
-739
-748
-751
-754
-754
-752
-747
-745
-736
-723
-709
-695
-681
-668
-662
-650
-647
-643
-643
-643
-642
-637
-628
-621
-611
-600
-582
-568
-551
-531
-509
-488
-473
-453
-433
-420
-407
-397
-386
-373
-365
-354
-344
-337
-334
-326
-319
-309
-306
-295
-281
-266
-247
-228
-201
-177
-149
-119
-82
-46
-8
34
73
115
156
201
252
300
353
410
468
529
584
645
696
751
799
842
881
909
935
955
971
981
987
991
992
986
981
972
961
947
926
905
881
852
825
795
762
729
691
656
615
574
532
491
446
401
356
315
270
227
188
150
117
88
64
47
30
15
2
-14
-28
-49
-72
-100
-132
-167
-209
-252
-300
-349
-399
-445
-492
-535
-575
-612
-643
-666
-682
-691
-695
-691
-678
-662
-638
-616
-585
-558
-529
-498
-469
-439
-416
-393
-370
-352
-338
-323
-315
-306
-298
-291
-283
-284
-283
-287
-295
-307
-319
-337
-358
-388
-416
-446
-471
-495
-517
-531
-545
-548
-554
-548
-542
-529
-514
-498
-470
-450
-420
-393
-361
-329
-289
-252
-209
-161
-111
-56
-3
55
113
171
222
278
331
389
431
482
521
570
610
650
693
726
761
788
816
837
858
877
892
899
913
917
926
931
934
939
937
937
934
928
916
901
878
855
810
773
722
666
610
539
477
407
338
270
200
137
77
17
-34
-83
-125
-159
-192
-212
-234
-252
-266
-279
-291
-301
-308
-312
-322
-332
-339
-350
-356
-371
-376
-389
-397
-406
-413
-420
-426
-433
-441
-445
-454
-460
-472
-481
-496
-506
-523
-534
-544
-557
-569
-585
-596
-613
-631
-652
-672
-690
-708
-719
-726
-735
-729
-725
-710
-690
-666
-634
-606
-573
-537
-502
-469
-432
-396
-361
-329
-294
-259
-232
-202
-178
-160
-139
-126
-109
-99
-89
-71
-53
-34
-6
26
61
99
139
186
231
276
325
370
417
458
499
537
561
597
617
644
663
681
705
721
742
759
779
797
816
830
843
850
857
860
853
846
836
817
807
789
778
768
752
750
735
730
719
705
689
669
645
612
577
533
488
433
377
321
260
205
143
92
37
-11
-54
-93
-126
-161
-189
-218
-240
-266
-287
-311
-333
-352
-382
-406
-436
-465
-501
-538
-570
-605
-639
-672
-706
-732
-758
-775
-797
-806
-817
-814
-814
-808
-794
-787
-765
-755
-727
-701
-676
-647
-621
-589
-560
-530
-495
-463
-436
-408
-377
-352
-326
-300
-278
-253
-230
-200
-175
-145
-115
-87
-55
-28
9
36
66
94
122
154
177
208
229
258
281
307
334
356
385
402
426
441
462
480
492
504
511
518
519
521
523
515
516
513
516
518
521
533
534
544
547
554
555
554
554
549
544
534
529
517
504
488
472
456
435
419
401
382
365
347
333
310
295
275
254
234
207
189
156
135
105
77
47
15
-15
-50
-84
-120
-154
-192
-223
-262
-296
-335
-372
-407
-450
-489
-531
-570
-613
-657
-699
-736
-777
-815
-850
-881
-912
-937
-961
-977
-993
-1000
-1004
-1006
-995
-988
-972
-956
-933
-910
-890
-860
-835
-804
-777
-744
-710
-675
-637
-602
-557
-512
-466
-415
-360
-305
-246
-188
-123
-60
5
71
133
198
264
323
381
432
478
521
551
592
617
646
673
697
727
748
778
799
825
847
867
882
899
911
918
924
922
923
918
911
901
887
875
859
840
825
802
785
760
741
716
692
674
650
631
605
589
566
545
522
500
480
454
436
408
385
358
328
296
262
228
189
153
110
71
28
-20
-62
-106
-146
-193
-240
-277
-322
-362
-404
-440
-475
-512
-540
-570
-590
-616
-633
-649
-660
-667
-677
-682
-687
-687
-688
-692
-693
-696
-700
-707
-714
-719
-730
-738
-746
-751
-759
-763
-765
-767
-766
-767
-760
-758
-749
-741
-730
-714
-700
-680
-660
-633
-608
-580
-549
-515
-480
-447
-411
-376
-341
-307
-280
-251
-225
-199
-176
-151
-127
-103
-75
-47
-16
9
40
71
105
135
169
203
235
270
298
329
356
385
414
438
465
491
518
545
574
604
633
662
694
724
756
782
812
835
858
875
893
906
912
919
920
919
911
903
889
875
857
839
819
796
775
751
725
701
677
652
627
603
580
558
535
515
492
468
448
425
402
378
353
329
300
270
240
209
176
144
111
79
50
20
-7
-36
-66
-92
-123
-153
-185
-218
-251
-287
-321
-358
-395
-433
-468
-506
-544
-582
-620
-659
-695
-731
-766
-798
-830
-856
-881
-904
-927
-946
-964
-978
-992
-1003
-1012
-1021
-1024
-1026
-1025
-1020
-1011
-1003
-989
-975
-955
-935
-912
-887
-863
-836
-807
-774
-744
-712
-680
-644
-607
-565
-527
-484
-441
-394
-345
-293
-243
-189
-133
-78
-19
36
93
148
204
255
307
358
408
457
500
544
587
627
667
703
737
769
800
833
860
884
905
925
942
958
966
976
982
988
991
991
988
982
977
968
955
942
929
909
890
868
846
821
793
765
733
697
664
628
591
551
511
472
432
394
355
317
277
242
206
172
136
103
67
32
-2
-37
-71
-108
-142
-174
-206
-240
-270
-299
-327
-356
-380
-407
-432
-457
-478
-501
-523
-543
-563
-582
-599
-612
-625
-636
-645
-649
-656
-657
-657
-658
-658
-658
-653
-650
-647
-642
-638
-629
-623
-613
-602
-596
-582
-569
-557
-541
-526
-508
-490
-474
-453
-434
-413
-390
-370
-345
-322
-295
-269
-242
-213
-186
-156
-125
-92
-60
-27
7
40
74
109
141
175
207
237
270
297
326
350
376
401
419
441
457
475
490
502
516
527
536
547
553
560
566
568
571
569
567
564
555
547
535
523
508
491
477
458
441
423
404
387
368
351
332
314
298
280
263
245
225
209
188
169
150
128
113
91
73
54
33
14
-4
-25
-46
-63
-84
-101
-121
-140
-159
-177
-195
-214
-233
-255
-268
-288
-304
-318
-335
-345
-359
-370
-381
-391
-400
-407
-414
-421
-422
-426
-425
-426
-423
-421
-416
-412
-407
-401
-397
-388
-382
-375
-367
-359
-349
-339
-327
-316
-302
-290
-276
-263
-250
-234
-221
-205
-193
-176
-164
-149
-136
-121
-104
-92
-74
-60
-45
-29
-15
2
15
28
40
55
63
76
85
96
105
114
124
131
142
149
160
166
175
184
192
202
209
217
225
235
242
248
255
260
269
273
281
286
293
300
305
313
314
321
322
327
326
326
327
325
324
322
320
315
315
310
309
303
300
294
291
284
275
268
257
249
238
226
214
202
189
178
162
151
137
125
113
97
87
73
60
49
34
20
8
-10
-22
-42
-59
-78
-99
-118
-142
-164
-187
-210
-232
-257
-280
-300
-324
-344
-366
-384
-402
-419
-433
-447
-461
-469
-479
-486
-493
-497
-500
-500
-501
-499
-494
-490
-480
-474
-463
-453
-440
-425
-411
-395
-379
-359
-342
-322
-300
-279
-257
-232
-209
-183
-159
-133
-110
-84
-60
-35
-11
12
37
60
84
107
131
151
175
193
215
233
253
272
288
306
319
337
350
364
377
391
400
413
422
433
440
446
455
457
464
463
468
463
466
462
457
454
448
442
435
428
418
414
401
392
382
372
358
346
330
316
301
287
269
253
234
218
200
179
163
140
121
101
81
60
41
20
2
-19
-37
-59
-79
-98
-120
-136
-158
-175
-196
-214
-233
-249
-267
-282
-299
-313
-326
-342
-351
-366
-376
-388
-397
-408
-418
-426
-435
-442
-448
-453
-454
-457
-459
-458
-459
-455
-453
-448
-444
-438
-431
-422
-414
-403
-394
-379
-369
-354
-338
-325
-307
-292
-273
-258
-236
-220
-198
-180
-160
-139
-119
-99
-80
-57
-41
-17
1
21
39
61
80
98
117
133
152
167
185
200
215
230
247
258
272
285
299
308
322
332
341
351
357
367
370
375
378
380
380
381
381
378
377
374
371
366
362
356
351
343
336
329
320
310
304
292
283
275
264
254
244
233
223
209
200
188
176
164
152
142
125
116
102
89
75
63
51
37
26
12
1
-13
-26
-36
-50
-63
-74
-88
-98
-114
-122
-137
-149
-159
-172
-181
-194
-201
-210
-221
-227
-236
-244
-251
-259
-265
-273
-278
-283
-288
-293
-298
-299
-305
-304
-307
-306
-306
-305
-301
-301
-296
-292
-288
-283
-280
-269
-267
-260
-250
-244
-234
-228
-217
-209
-201
-188
-180
-170
-162
-148
-139
-130
-118
-107
-97
-88
-75
-65
-55
-42
-31
-20
-9
3
16
24
37
48
59
70
79
92
99
111
122
132
142
152
164
172
184
192
203
211
219
229
234
241
250
254
261
264
271
275
276
284
284
289
288
290
292
288
290
286
283
279
275
271
265
262
258
251
246
239
233
225
219
211
202
192
181
175
160
150
139
126
113
98
87
72
56
44
27
14
-3
-17
-33
-51
-63
-81
-97
-114
-129
-144
-161
-173
-189
-203
-217
-230
-241
-256
-267
-278
-291
-301
-313
-319
-332
-338
-344
-353
-356
-362
-363
-368
-371
-370
-371
-368
-369
-364
-362
-358
-350
-344
-336
-329
-316
-306
-297
-282
-270
-255
-241
-226
-209
-195
-176
-159
-142
-123
-106
-85
-69
-49
-29
-11
9
26
47
62
81
101
115
133
147
166
177
191
206
217
230
240
253
262
270
283
289
297
304
312
319
320
327
329
330
333
333
337
334
335
335
330
330
326
323
318
314
310
302
296
289
282
272
264
255
245
234
224
213
202
189
179
164
152
138
125
110
94
81
64
49
32
17
1
-17
-31
-47
-63
-78
-94
-107
-123
-136
-150
-165
-177
-191
-200
-215
-225
-237
-247
-258
-267
-276
-284
-293
-298
-306
-311
-316
-321
-323
-328
-327
-330
-329
-330
-328
-326
-323
-318
-315
-308
-304
-295
-287
-279
-269
-259
-248
-237
-225
-210
-199
-184
-170
-156
-142
-127
-111
-98
-83
-66
-52
-36
-21
-5
11
26
41
55
70
84
97
112
125
138
150
161
172
183
193
204
213
221
228
236
242
248
252
258
261
264
267
270
270
272
271
271
269
268
267
266
263
261
256
252
247
243
236
230
223
215
207
198
189
179
168
157
147
134
123
110
97
83
70
56
42
28
15
0
-13
-27
-41
-53
-66
-79
-92
-103
-115
-126
-137
-148
-157
-166
-175
-184
-191
-199
-205
-210
-216
-222
-226
-229
-233
-234
-238
-239
-239
-240
-240
-238
-237
-236
-233
-230
-227
-224
-220
-215
-211
-206
-200
-194
-187
-180
-172
-165
-156
-148
-140
-131
-120
-109
-100
-90
-78
-66
-56
-43
-33
-20
-8
3
14
25
36
47
57
68
78
87
98
107
116
124
133
140
148
153
160
166
170
174
178
181
185
186
187
189
190
190
190
189
188
187
184
181
178
174
170
166
161
156
151
146
139
134
127
121
116
109
102
96
89
81
76
67
61
54
48
40
32
27
20
12
7
1
-5
-12
-17
-23
-29
-34
-40
-45
-49
-54
-59
-63
-67
-70
-75
-77
-81
-84
-87
-90
-92
-95
-97
-100
-100
-101
-103
-104
-104
-105
-105
-106
-105
-106
-105
-104
-104
-103
-102
-100
-99
-96
-95
-92
-91
-89
-86
-82
-79
-77
-74
-71
-69
-65
-62
-59
-56
-53
-51
-48
-45
-43
-39
-38
-35
-32
-30
-26
-24
-22
-19
-17
-14
-11
-9
-8
-5
-2
0
2
5
7
9
11
13
15
17
20
21
22
24
26
26
28
29
30
32
32
35
38
40
43
45
47
49
51
53
55
58
60
62
65
66
68
70
71
73
74
74
75
75
74
76
75
75
74
73
73
72
71
69
67
66
65
62
60
58
55
52
48
46
42
38
35
31
27
24
20
16
11
7
3
-2
-6
-10
-15
-19
-23
-27
-31
-34
-38
-41
-45
-48
-51
-54
-57
-59
-62
-65
-68
-71
-73
-75
-77
-80
-82
-85
-85
-88
-89
-91
-91
-92
-92
-93
-93
-93
-92
-92
-91
-89
-88
-86
-83
-80
-78
-74
-70
-67
-62
-58
-54
-50
-45
-42
-37
-33
-29
-23
-19
-13
-9
-4
1
5
10
14
19
22
28
32
37
41
45
49
53
57
60
65
68
71
75
77
80
83
85
87
89
90
90
93
93
94
94
95
95
95
96
96
94
94
93
92
90
89
87
85
84
81
78
75
72
69
65
62
58
53
49
44
40
35
30
25
20
14
11
6
0
-5
-11
-15
-20
-24
-32
-36
-41
-46
-50
-55
-59
-63
-67
-71
-75
-78
-81
-85
-87
-89
-93
-94
-96
-97
-99
-100
-101
-100
-100
-100
-99
-98
-98
-97
-95
-94
-92
-90
-87
-85
-83
-79
-76
-74
-70
-66
-62
-59
-56
-52
-48
-44
-40
-36
-32
-27
-24
-18
-16
-11
-6
-3
2
6
10
14
19
23
26
30
33
36
39
43
46
48
51
54
56
58
60
62
63
65
66
68
68
69
70
71
71
71
71
72
72
72
71
71
70
69
68
67
66
65
64
62
60
60
58
56
55
53
52
50
49
47
45
44
41
41
39
37
35
34
32
30
29
26
24
22
20
18
16
14
11
9
7
3
1
-2
-4
-7
-10
-12
-15
-17
-19
-23
-26
-28
-31
-33
-35
-38
-41
-44
-45
-47
-49
-51
-53
-55
-57
-59
-60
-62
-63
-63
-64
-65
-65
-66
-65
-66
-66
-66
-65
-64
-65
-63
-62
-61
-60
-59
-59
-57
-55
-55
-53
-53
-51
-49
-49
-47
-45
-44
-42
-41
-38
-36
-34
-32
-30
-28
-26
-24
-23
-19
-16
-14
-11
-9
-6
-3
-2
2
6
8
10
12
15
18
21
24
27
29
32
34
37
38
40
43
45
47
50
51
53
53
55
56
58
59
60
61
61
62
62
63
63
64
64
64
63
63
63
62
61
61
60
59
58
57
56
55
53
51
50
49
46
45
42
41
39
36
34
33
30
28
26
23
21
19
16
13
11
8
5
3
0
-3
-6
-9
-12
-14
-17
-20
-23
-24
-26
-29
-30
-33
-34
-35
-36
-38
-40
-41
-42
-44
-45
-45
-47
-48
-49
-49
-49
-51
-51
-53
-53
-53
-53
-54
-55
-54
-54
-55
-55
-55
-55
-55
-55
-54
-54
-53
-53
-52
-52
-51
-49
-49
-48
-46
-45
-44
-42
-40
-38
-36
-34
-32
-29
-28
-25
-23
-21
-17
-15
-13
-9
-6
-5
-1
1
6
8
11
14
17
19
22
25
28
31
34
36
39
42
45
47
50
53
54
56
58
61
63
64
65
66
68
70
70
70
71
72
72
71
72
72
71
71
70
68
68
66
64
63
62
59
57
55
53
50
47
43
41
37
34
31
28
24
21
16
13
9
5
1
-3
-6
-11
-14
-19
-22
-26
-30
-34
-38
-41
-44
-48
-50
-54
-57
-60
-62
-64
-67
-68
-70
-72
-73
-75
-75
-76
-77
-78
-78
-77
-77
-76
-76
-74
-74
-73
-71
-69
-67
-66
-64
-61
-59
-56
-53
-50
-48
-44
-41
-38
-35
-32
-28
-26
-22
-18
-14
-11
-8
-3
0
4
7
11
14
18
22
24
28
31
34
36
39
42
45
48
49
52
54
57
60
60
62
64
66
67
67
68
69
69
70
70
70
69
68
69
67
67
65
63
63
61
58
57
55
53
50
48
45
43
40
37
34
33
29
27
23
20
17
14
11
8
4
1
-3
-5
-8
-11
-15
-18
-20
-23
-26
-28
-31
-32
-34
-37
-39
-39
-41
-42
-43
-44
-45
-46
-46
-47
-48
-49
-49
-49
-48
-49
-49
-50
-49
-49
-50
-49
-49
-48
-49
-48
-47
-46
-44
-44
-43
-41
-40
-38
-36
-36
-33
-31
-29
-29
-26
-24
-22
-19
-17
-15
-13
-10
-8
-5
-4
-2
1
3
6
8
10
12
13
15
17
20
21
22
24
26
27
29
30
31
32
33
34
35
36
37
37
38
38
40
40
40
42
41
41
41
42
42
41
41
40
41
41
41
40
38
38
37
36
35
33
33
32
31
30
29
26
25
24
23
21
20
18
16
15
13
11
8
7
6
3
1
-1
-3
-5
-7
-8
-10
-12
-15
-16
-18
-19
-20
-21
-22
-24
-25
-27
-27
-29
-30
-31
-31
-32
-34
-33
-35
-34
-35
-35
-35
-35
-35
-36
-35
-35
-34
-34
-34
-33
-33
-32
-32
-30
-29
-29
-27
-26
-27
-25
-23
-23
-21
-21
-20
-18
-17
-15
-15
-13
-13
-11
-10
-9
-8
-6
-5
-3
-2
-1
0
1
2
3
5
6
7
9
10
10
12
13
15
15
16
17
18
20
20
21
21
23
23
23
24
24
25
26
27
27
27
27
28
28
29
29
28
29
30
28
28
29
28
27
27
27
27
25
25
24
23
23
21
20
19
18
17
16
15
13
12
11
9
9
8
6
5
4
4
2
1
-1
-1
-2
-3
-4
-5
-6
-7
-8
-9
-9
-11
-12
-13
-14
-15
-17
-17
-18
-18
-20
-20
-22
-22
-23
-23
-24
-25
-25
-25
-26
-27
-27
-27
-27
-26
-27
-27
-27
-26
-26
-24
-25
-24
-23
-23
-22
-21
-19
-19
-18
-17
-17
-16
-14
-14
-12
-11
-10
-10
-9
-7
-6
-6
-4
-3
-2
-1
0
0
1
3
4
6
6
8
9
9
11
11
12
13
14
15
16
16
17
17
18
18
19
19
20
19
20
21
21
20
20
21
21
21
21
20
20
21
20
20
21
20
19
20
19
18
18
17
18
17
16
16
15
14
14
13
12
12
11
11
10
9
9
8
6
6
5
5
3
3
2
1
0
0
-1
-2
-3
-3
-4
-5
-6
-6
-6
-7
-8
-8
-10
-9
-11
-10
-11
-12
-12
-12
-13
-14
-14
-15
-14
-15
-15
-16
-15
-15
-16
-16
-17
-16
-15
-16
-17
-16
-16
-16
-16
-15
-16
-16
-16
-16
-16
-15
-16
-15
-15
-15
-14
-14
-14
-13
-12
-12
-12
-11
-10
-11
-10
-10
-9
-9
-8
-8
-7
-6
-6
-5
-5
-3
-3
-3
-2
-1
0
1
1
2
3
3
4
5
5
7
8
8
8
9
10
9
11
11
12
13
13
13
14
14
14
15
15
15
16
15
17
16
16
17
17
17
17
17
17
17
18
18
17
17
18
18
17
17
17
16
16
16
15
16
15
14
14
14
13
13
12
12
11
10
9
8
8
6
6
6
4
4
3
2
0
-1
-1
-2
-4
-4
-5
-6
-8
-8
-9
-10
-10
-12
-13
-13
-14
-15
-16
-16
-17
-18
-19
-18
-19
-20
-20
-21
-21
-21
-22
-22
-21
-22
-21
-21
-22
-21
-21
-20
-21
-19
-19
-18
-18
-18
-17
-16
-14
-15
-14
-13
-12
-11
-10
-9
-9
-7
-6
-6
-5
-4
-2
-1
-2
0
1
2
3
4
4
5
6
7
7
8
9
10
10
11
12
13
13
14
14
16
15
16
17
17
18
18
19
19
19
19
19
18
19
19
18
19
18
18
18
17
17
17
16
15
15
14
14
12
12
11
11
10
9
8
6
6
5
4
3
2
0
1
-2
-2
-4
-4
-4
-5
-6
