SAMPLES:	12289
BITSPERSAMPLE:	16
CHANNELS:	1
SAMPLERATE:	16000
NORMALIZED:	FALSE
1
-1
1
0
1
0
1
0
1
0
0
0
0
1
0
1
0
1
0
0
0
0
-1
1
0
1
-1
0
1
-1
1
-2
1
0
-1
0
0
0
1
-2
1
-1
0
0
0
1
-1
0
-1
0
1
-1
0
0
0
2
-1
1
0
0
0
-1
1
0
0
0
0
0
0
-2
1
-1
1
-1
1
0
-1
1
0
0
1
-1
0
2
-2
2
-2
0
2
-1
-1
2
-1
1
0
-1
1
1
-1
-1
2
-3
2
-1
-1
1
-1
-1
3
-3
3
-1
-2
2
-1
-2
1
0
-4
2
0
-1
1
-1
-2
2
-4
2
2
-3
2
0
-2
4
-4
1
3
-3
2
2
-2
0
1
0
-1
1
-1
4
-2
-4
7
-4
-1
4
-2
0
2
-3
3
0
-5
5
0
-3
5
-4
1
3
-5
4
0
-1
2
1
-2
3
2
-6
6
-1
-5
8
-2
-2
7
-8
1
8
-10
4
3
-4
2
-1
-2
8
-12
4
7
-11
2
10
-12
3
9
-13
5
5
-10
7
0
-8
9
-2
-2
-1
4
-1
1
-8
12
-2
-13
15
-5
-6
10
-5
-5
13
-10
-3
10
-8
0
7
-9
3
4
-9
5
3
-12
11
-1
-14
19
-11
-7
21
-21
4
14
-18
10
2
-12
12
-5
-9
17
-10
-7
20
-18
3
16
-20
5
9
-10
1
11
-19
16
3
-19
17
0
-11
10
-7
-1
13
-20
7
13
-20
8
9
-17
14
-2
-9
7
5
-14
11
3
-18
25
-14
-10
29
-21
-3
27
-32
24
1
-28
42
-24
-11
40
-41
20
10
-34
43
-18
-23
49
-32
-11
42
-38
12
16
-32
33
-12
-17
37
-28
-4
35
-45
29
7
-38
41
-17
-16
27
-17
-2
11
-14
10
-2
-7
7
0
-5
2
-2
5
-7
3
1
-4
6
-6
0
9
-13
10
-7
0
10
-16
7
8
-18
11
8
-16
11
0
-11
16
-15
3
11
-16
7
6
-12
7
3
-7
1
6
-5
0
1
1
-2
-1
6
-7
3
-1
2
-3
2
4
-5
1
1
1
3
-7
1
11
-10
-4
11
-5
-6
10
-9
6
2
-10
13
-5
-1
3
-2
2
3
-8
9
-1
-12
18
-9
-8
16
-7
-4
12
-6
-3
9
-6
0
6
-9
6
5
-11
10
-3
-3
6
-5
0
9
-14
10
2
-12
13
-3
-9
9
-1
-9
7
0
-6
7
-4
-4
11
-10
3
4
-5
4
-3
-1
5
-5
-2
8
-10
3
6
-14
13
-3
-8
7
-3
-3
4
-2
-2
3
0
-4
7
-6
2
2
-5
5
-3
-1
7
-9
5
6
-9
3
7
-10
4
2
-5
5
-3
1
4
-7
3
4
-7
3
-1
-2
2
-3
-1
4
-4
-2
6
-6
0
7
-6
1
5
-5
5
-1
0
2
-2
2
1
0
-2
3
-2
-1
2
-3
3
-3
2
1
-1
-1
0
2
-5
2
-1
-1
-3
2
1
-3
2
-1
-2
1
-4
6
-6
1
3
-3
0
1
1
0
-1
0
2
-4
2
2
-4
2
0
-1
1
-1
2
-1
-2
2
0
-1
0
1
0
-2
2
0
0
-2
3
0
-1
1
1
1
-1
1
2
0
-1
2
1
-5
6
-3
1
0
0
4
-5
4
0
-1
-1
-1
1
-3
-1
3
-4
-1
2
-1
-1
-2
3
-1
-2
1
1
-2
-1
2
-1
-2
1
-1
1
-2
0
5
-6
5
1
-2
3
-2
0
1
-3
1
1
-3
-1
4
-4
3
0
-1
1
0
0
1
0
0
4
-3
0
3
-1
-1
2
-1
1
-1
1
3
-3
1
3
-2
1
1
0
-1
-1
2
0
-2
0
1
-2
0
1
-1
-2
-1
3
-4
2
0
-2
2
-4
2
-1
-2
1
-1
-1
-2
3
-4
-1
1
0
0
-2
1
1
-1
1
0
1
0
-2
2
-2
1
0
0
0
1
0
0
2
0
2
-2
1
1
0
1
0
2
0
-1
1
0
0
1
-2
1
-1
-1
2
-1
0
0
-1
1
0
1
-1
0
0
0
-1
0
3
-2
1
0
0
0
-2
2
-2
1
0
-1
0
-1
2
-1
-1
2
-1
0
0
-1
2
-2
1
1
-2
1
-1
0
1
-1
1
-1
1
-1
0
0
1
0
-1
0
1
0
0
-1
0
0
0
0
1
-1
1
-1
0
2
-2
1
0
1
1
-1
1
0
-1
1
0
0
-1
1
1
-2
1
0
-1
0
0
0
-2
-1
1
0
0
-2
2
-1
-1
1
0
0
-1
1
-1
-1
-1
1
-1
-2
1
-1
0
-1
-1
2
-4
3
1
-3
1
0
1
2
-5
3
0
-2
1
-2
0
-1
1
0
0
-2
-1
2
-2
1
1
-2
1
0
1
0
0
-1
2
-1
-1
2
0
-1
0
1
0
-2
1
1
-1
0
1
0
2
-3
3
1
-3
3
1
-3
3
-1
2
-3
1
2
0
-2
1
3
-2
0
2
1
-1
0
1
2
-2
1
3
-2
0
1
0
0
2
-2
1
0
-3
5
-4
-1
3
-1
1
-1
3
-1
-1
0
1
-1
-1
3
0
-2
0
0
1
0
-3
4
-2
-3
5
-3
0
0
-1
3
-3
-2
4
-2
-1
3
-3
-1
2
-3
3
-3
-2
6
-3
0
1
0
0
0
0
2
-1
0
1
2
-4
1
3
-2
1
1
1
-2
2
1
1
-2
2
2
-1
0
1
3
-2
1
2
2
-3
3
2
-1
-1
0
2
0
-3
3
0
-4
3
-2
0
0
-2
3
-3
-3
2
-2
-4
1
-1
-2
-4
0
0
-5
-1
-1
-2
-5
-2
0
-2
-6
0
-1
-4
-1
0
-2
0
-1
-1
1
-3
3
1
-1
1
3
1
1
2
4
4
0
7
3
2
2
6
5
3
6
6
5
5
4
7
3
4
8
3
4
5
6
6
3
4
8
-1
4
7
0
3
1
3
2
-2
2
-1
1
-2
0
-2
-1
-4
-1
-3
-5
-2
-4
-5
-4
-7
-3
-7
-6
-4
-9
-4
-8
-7
-4
-7
-7
-8
-4
-9
-8
-1
-10
-6
-2
-10
-4
-4
-6
-4
-6
-2
-2
-4
-3
-1
-5
3
-5
-2
6
-4
0
3
1
2
2
6
1
2
8
4
3
8
8
2
8
6
6
9
6
9
4
13
3
8
11
4
12
6
8
7
6
11
3
10
2
7
8
1
7
3
4
2
5
2
0
1
3
-2
-2
3
-6
-2
3
-13
1
-5
-7
-7
-6
-7
-12
-2
-10
-12
-2
-14
-9
-13
-8
-10
-14
-10
-12
-13
-10
-9
-15
-8
-11
-11
-10
-11
-9
-8
-7
-10
-7
-6
-8
-1
-6
-8
1
-5
0
-1
0
3
-1
0
5
4
0
11
4
2
9
7
6
8
10
8
10
12
7
11
13
14
5
17
11
10
17
13
6
17
12
13
11
13
13
10
16
3
16
11
9
13
6
10
10
6
7
8
2
2
6
-3
5
-2
-5
-2
-4
-3
-12
-5
-10
-13
-8
-16
-17
-14
-14
-20
-23
-19
-23
-15
-26
-31
-23
-19
-24
-35
-23
-26
-23
-31
-33
-22
-23
-30
-27
-27
-24
-23
-20
-26
-31
-8
-18
-34
-21
-5
-19
-21
-18
-12
-6
-11
-20
-5
2
-15
-4
0
-2
1
6
6
5
9
15
19
11
14
27
31
16
27
26
32
47
25
19
52
50
27
38
38
54
54
36
46
48
52
52
49
44
57
57
50
50
42
70
61
32
53
65
42
44
53
39
52
42
34
40
42
33
28
33
16
27
29
9
11
14
17
-1
-3
7
-6
-14
-5
-12
-25
-16
-14
-23
-25
-34
-20
-19
-44
-42
-21
-31
-49
-46
-32
-44
-43
-46
-63
-38
-47
-50
-55
-65
-40
-46
-66
-58
-50
-52
-57
-62
-56
-47
-52
-56
-59
-57
-46
-36
-60
-60
-36
-42
-46
-60
-37
-30
-38
-40
-39
-37
-35
-8
-36
-45
-7
-8
-21
-37
-11
11
-9
-20
-2
-1
-1
13
2
2
12
22
17
4
23
27
28
17
21
38
24
34
38
28
42
41
49
41
37
59
51
35
45
70
55
40
49
61
57
51
47
59
49
41
57
43
33
52
56
32
28
39
45
31
26
28
27
24
24
19
13
18
27
17
-6
9
20
17
-15
-12
21
9
-2
-17
-11
2
10
-21
-31
-4
7
-19
-32
-27
3
-2
-40
-40
-12
-5
-39
-41
-33
-17
-31
-34
-43
-40
-32
-32
-40
-57
-35
-25
-37
-54
-55
-25
-20
-49
-54
-32
-14
-36
-45
-39
-9
-5
-31
-34
-8
-6
-2
-10
-15
-7
12
14
-3
6
10
32
25
-8
7
50
38
8
6
40
43
28
23
28
40
45
17
30
36
40
33
31
33
36
39
40
25
32
35
31
30
26
42
23
21
20
22
38
12
5
18
8
10
11
0
7
-11
-9
-8
-19
-18
-23
-13
-22
-38
-36
-33
-31
-19
-54
-50
-27
-33
-40
-64
-37
-12
-44
-64
-44
-29
-29
-40
-49
-25
-25
-40
-37
-32
-26
-19
-19
-31
-13
-15
-23
-7
-17
-8
10
-4
-9
-4
19
5
-2
26
7
21
19
13
11
25
37
17
13
37
33
14
22
15
36
39
15
12
24
27
15
20
7
8
22
9
-8
-10
-7
17
-12
-33
-19
-4
-18
-47
-32
-26
-11
-34
-49
-28
-28
-40
-25
-39
-26
-24
-30
-9
-31
-18
-8
-1
-2
-12
2
7
12
17
-1
15
30
18
29
17
22
33
33
37
21
27
39
46
44
13
37
53
37
26
33
60
51
34
25
45
63
47
31
34
60
63
34
26
56
65
45
20
33
59
38
29
15
34
33
24
8
-8
17
10
-8
-19
-12
-10
-19
-30
-37
-29
-34
-50
-44
-53
-43
-47
-47
-68
-65
-45
-49
-74
-60
-62
-60
-62
-76
-58
-54
-61
-72
-69
-59
-67
-71
-65
-63
-53
-61
-60
-59
-56
-43
-50
-50
-38
-41
-28
-28
-27
-12
-19
-27
17
10
-4
0
10
18
19
14
19
49
27
-1
28
32
15
16
16
28
13
-1
10
19
2
-7
7
14
-5
6
11
8
17
27
12
17
31
48
54
50
43
57
80
80
72
94
113
92
76
111
120
106
108
109
114
99
81
98
103
75
58
66
59
45
47
16
-8
16
2
-25
-39
-37
-47
-58
-64
-92
-72
-79
-107
-104
-90
-111
-114
-106
-113
-103
-105
-98
-81
-82
-89
-73
-58
-43
-49
-32
-20
-3
23
25
6
27
73
73
64
85
96
100
95
101
116
130
109
103
116
104
106
113
102
72
75
77
68
52
45
25
20
7
1
1
-24
-41
-39
-63
-76
-77
-90
-82
-109
-124
-102
-123
-144
-135
-137
-139
-138
-136
-142
-146
-141
-132
-121
-133
-138
-112
-126
-114
-88
-105
-96
-88
-91
-70
-52
-66
-58
-50
-45
-18
-15
-13
-8
14
12
33
39
56
75
57
66
96
119
124
112
102
144
162
136
132
149
150
148
121
141
142
115
110
99
92
86
48
48
39
11
23
17
-13
-31
-33
-19
-11
-41
-37
-35
-22
-12
-20
10
-3
-3
11
28
47
44
47
72
52
47
89
84
78
64
55
64
59
52
40
32
29
16
3
-3
2
-21
-44
-34
-44
-28
-58
-56
-52
-70
-51
-61
-55
-58
-58
-59
-30
-60
-51
-42
-42
-44
-54
-45
-43
-45
-55
-81
-59
-62
-84
-77
-114
-111
-116
-126
-120
-145
-163
-169
-167
-156
-188
-183
-159
-180
-177
-161
-123
-144
-136
-89
-89
-73
-36
-34
5
46
44
76
109
105
136
179
202
216
200
217
260
274
278
283
271
301
289
281
306
305
291
267
273
273
255
256
247
213
205
219
198
157
138
112
126
122
63
34
3
-2
-2
-62
-94
-99
-140
-164
-212
-229
-265
-282
-311
-348
-349
-373
-412
-440
-413
-437
-447
-424
-459
-442
-439
-417
-398
-382
-342
-337
-334
-284
-208
-195
-180
-165
-71
-17
-8
2
61
117
147
180
188
252
307
299
280
326
421
407
351
382
440
430
406
407
423
417
390
386
366
370
349
313
288
275
239
212
204
171
129
98
34
32
26
-37
-57
-84
-119
-148
-176
-175
-177
-226
-255
-260
-243
-264
-283
-281
-274
-302
-314
-273
-245
-265
-291
-283
-267
-233
-223
-253
-249
-214
-178
-187
-215
-196
-140
-122
-124
-101
-87
-52
-35
-23
18
48
74
60
105
154
174
170
186
232
247
261
257
320
322
274
279
300
328
290
241
255
279
238
185
151
179
153
74
45
57
37
-38
-77
-57
-46
-111
-179
-169
-154
-171
-198
-228
-181
-202
-226
-210
-185
-163
-184
-205
-169
-125
-136
-114
-124
-93
-96
-78
-61
-75
-38
-45
-38
-40
-16
-13
-24
-36
7
32
-9
7
-1
27
60
52
19
36
98
83
47
82
127
111
91
118
128
153
125
119
138
129
130
118
113
104
106
63
65
61
35
3
-12
-9
-26
-58
-85
-50
-97
-116
-108
-104
-117
-144
-125
-134
-113
-120
-122
-111
-83
-57
-90
-69
-34
-2
-1
7
30
49
58
80
106
105
141
134
141
181
177
189
176
200
209
219
221
201
191
194
195
196
183
158
146
153
125
105
122
91
23
26
23
-14
-5
-65
-72
-93
-146
-157
-164
-183
-219
-248
-252
-278
-328
-304
-311
-340
-349
-382
-361
-382
-393
-351
-371
-367
-365
-342
-294
-289
-289
-274
-202
-176
-187
-131
-72
-55
-46
10
48
83
95
140
183
194
204
266
282
272
296
329
367
325
338
369
371
368
360
368
360
340
318
361
351
312
294
290
307
244
243
257
243
178
139
161
157
115
76
68
31
8
-27
-50
-45
-128
-142
-153
-177
-249
-270
-248
-283
-321
-371
-332
-386
-416
-373
-372
-426
-413
-419
-407
-383
-395
-351
-347
-326
-334
-278
-227
-214
-210
-186
-108
-120
-96
-29
12
22
17
69
105
100
148
197
158
202
244
218
241
301
294
280
301
310
298
303
356
343
287
323
334
315
264
286
343
255
233
248
233
175
158
165
170
51
-4
132
20
-56
-52
-87
-93
-173
-141
-187
-269
-205
-238
-327
-308
-326
-304
-344
-404
-298
-341
-398
-322
-284
-280
-360
-287
-245
-242
-192
-144
-163
-137
-52
-35
-21
-98
96
139
65
64
129
257
189
133
228
217
298
301
204
255
361
295
206
295
350
301
230
279
248
283
283
220
173
261
277
122
131
118
223
196
38
-50
95
122
16
-43
-21
23
-107
-149
-98
-187
-88
-164
-238
-240
-261
-147
-264
-345
-302
-250
-261
-415
-321
-155
-370
-418
-334
-238
-276
-396
-321
-227
-322
-255
-262
-291
-215
-206
-231
-219
-129
-147
-151
-30
-12
-200
-63
140
70
-32
73
190
120
163
254
171
211
276
264
354
271
262
449
437
284
256
464
453
313
343
409
410
257
361
409
261
229
343
213
117
296
170
81
105
139
70
-43
42
-70
-77
1
-140
-214
-138
-24
-164
-295
-171
-217
-305
-143
-247
-328
-186
-178
-319
-315
-124
-300
-359
-229
-167
-253
-333
-188
-193
-272
-161
-262
-236
-92
-201
-154
-223
-78
50
-212
-95
46
-53
5
18
92
109
-2
227
250
97
238
180
302
220
224
452
258
170
342
270
365
284
188
269
255
294
65
40
385
187
-75
17
36
212
-118
-189
20
120
-125
-291
-92
24
-73
-169
-201
-170
-3
-135
-298
-177
167
-66
-305
-186
34
-245
-187
-45
-206
-75
-192
-192
-272
-257
-107
-188
-218
-287
-272
-126
-188
-157
-59
-302
-356
-94
98
-19
-237
15
103
-144
-73
-4
151
266
72
-56
108
202
258
95
113
173
253
234
56
180
245
283
125
63
169
299
222
70
100
143
30
164
350
176
-269
-316
349
333
97
-110
27
285
-12
-225
165
347
199
137
-44
65
275
352
124
96
235
189
157
301
194
160
126
-23
59
74
82
312
-109
-100
-73
-188
109
82
-182
-171
96
-332
-249
348
84
-415
-227
46
-11
214
-241
-641
609
225
-922
22
606
-246
-927
108
336
-1150
-442
245
-972
-248
-539
-937
-233
-1939
48
-166
-1817
-562
-231
-783
-2418
-1002
2040
-1788
-1764
1109
-1517
-25
-479
379
503
54
350
-365
1050
924
1332
777
1272
1427
512
2410
815
1567
3390
516
1226
1845
1800
2092
826
2658
1134
256
1776
1284
536
1018
1118
698
-611
-420
1262
-445
-1053
-61
-526
-1413
-1250
-999
-1242
-1444
-1484
-2254
-2157
-1619
-1431
-2832
-1748
-2407
-1973
-2280
-2885
-1214
-2495
-2596
-1833
-2255
-1707
-2153
-1989
-1338
-1720
-1309
-1577
-1337
-454
-707
-965
87
-240
-400
664
638
928
1293
625
1358
1925
1891
2638
2048
2624
2815
2337
3484
2960
3444
3919
2762
3614
3573
3431
4127
3135
3483
3531
3207
3472
1486
3586
4409
111
1497
3433
1454
27
-686
3152
-202
-2537
391
-537
-1874
-2162
-2631
-1536
-2845
-3824
-2722
-4203
-3359
-4413
-3900
-3883
-5692
-4050
-3709
-5028
-5387
-3894
-3363
-6195
-4192
-2465
-4771
-3864
-2932
-3356
-3618
-2555
-1764
-2613
-1744
-868
-1599
-1263
197
-141
-118
1371
715
735
2042
2111
2229
2745
3315
3411
2851
4025
4497
3890
5036
5130
4586
5261
4937
5069
5307
5622
6026
4975
4877
4681
4838
5164
3870
4160
6556
1342
740
5571
3382
-246
475
3653
1184
-3726
125
1926
-2876
-2562
-2386
-2616
-2472
-4321
-3960
-3771
-4664
-4439
-6023
-4810
-4322
-5400
-5947
-5297
-5498
-6222
-4599
-4632
-5334
-4880
-4897
-4894
-4694
-4015
-2419
-3721
-4142
-2750
-2810
-2003
-1595
-1685
-1248
-609
-640
-694
729
1347
786
800
1975
2619
2377
2872
3207
3687
4073
3980
4263
5062
5591
4564
5700
5643
5918
5555
6139
5777
5099
7727
4760
4452
7072
6267
1177
4960
8861
1965
-618
5383
6332
-2138
-848
4517
1696
-2616
-2010
-223
-1201
-2573
-4068
-3441
-2217
-4271
-6419
-5052
-3246
-6217
-7437
-4076
-5072
-8511
-6041
-3515
-7204
-7829
-4082
-5045
-7609
-4904
-3861
-5328
-5514
-3985
-3794
-4641
-2376
-2797
-4231
-1809
-607
-2905
-2308
145
-117
-553
-161
1036
1709
684
1477
2555
2930
3262
3262
4027
4262
4125
4857
5668
6049
6457
6054
5740
6245
7539
7728
6599
6627
7696
8067
4672
6080
8881
6184
4897
4107
5949
5363
2224
2652
3305
2857
1137
-1298
-609
937
-1880
-3044
-3171
-3223
-3535
-6288
-5323
-5143
-5329
-6364
-8476
-7218
-6992
-6859
-7466
-8010
-6716
-8100
-7940
-6967
-7055
-5672
-5813
-6670
-7016
-5610
-3094
-4779
-5311
-1986
-3124
-4130
-2441
-841
-605
-1704
-117
-42
-661
2327
2446
227
2373
4003
1825
2237
5130
5841
4077
3854
5241
5912
5990
6699
7032
7096
6940
6474
8356
8293
7078
9163
8653
6724
7352
8004
8080
6825
7207
6336
4907
5894
4506
2643
3555
3897
1281
-810
-738
255
-1239
-3010
-3175
-4197
-4538
-5917
-6828
-5957
-6022
-6760
-8683
-9071
-8062
-7814
-8190
-8717
-8334
-8221
-8910
-8017
-7209
-7618
-6708
-5997
-7854
-7053
-3650
-4967
-5521
-3583
-3385
-4342
-3476
-727
-1830
-2245
300
-1020
-1868
1324
1998
683
909
2515
2928
1791
2919
4813
4191
4004
5223
5443
5673
6916
7010
7342
7436
8225
9242
7949
9009
10453
9553
8695
9059
9483
10240
8857
8792
8526
6654
7091
5031
5382
5490
4244
2659
241
-11
448
-1189
-2760
-3167
-4913
-4653
-6757
-7850
-6651
-7126
-8425
-10554
-10360
-8948
-10079
-10446
-9879
-9791
-10183
-11294
-9849
-8797
-9116
-8444
-8518
-9090
-7911
-7519
-6103
-5576
-6391
-5318
-5027
-4535
-3884
-2944
-2144
-1820
-1882
-1355
-742
412
1445
1459
2230
2732
3028
3838
4643
6141
6795
6342
7553
8386
8488
9551
10551
10721
10537
11643
12544
11772
11897
12445
11780
12254
13142
10335
11236
11646
8316
7364
7545
9279
6045
3492
3408
2497
1261
-596
-1300
-2176
-2159
-5035
-6713
-6369
-6494
-7152
-9751
-9309
-9330
-10603
-10949
-10341
-10535
-11159
-11517
-11851
-10905
-9820
-10690
-11328
-9544
-9454
-9752
-10095
-7950
-6840
-8378
-7546
-6900
-6163
-5130
-4354
-4202
-4097
-2941
-2175
-1811
-715
1119
1166
892
2216
2950
4447
5118
5912
7247
7175
8007
8684
9750
10805
10812
10647
12640
13385
12608
12846
12765
13594
12089
11643
15783
13410
9586
10977
10169
9005
6804
8203
8298
4014
2556
1659
263
482
-584
-4542
-4330
-4519
-6119
-8282
-9548
-6985
-9426
-12558
-11666
-11065
-11473
-12047
-12942
-13169
-12316
-12414
-13427
-11923
-11072
-11243
-11799
-11051
-9684
-10190
-8227
-7747
-8504
-7527
-5120
-5491
-5927
-3092
-2386
-3480
-2417
-128
166
1290
2461
1894
2114
3381
5939
6294
5973
8526
8678
7674
8776
10158
11456
12396
12337
12662
13855
14104
12713
13579
16148
13347
10907
17349
16785
9793
11338
13370
10533
5900
9681
11734
5964
2769
1573
1722
1484
680
-3814
-4088
-2720
-6175
-9482
-10275
-6046
-7435
-13297
-13806
-12150
-11974
-11870
-13237
-14677
-13471
-13000
-14661
-14527
-11216
-10872
-13007
-12871
-11963
-10983
-8939
-8463
-9551
-9127
-5470
-6534
-8637
-3956
-2162
-4695
-3713
-958
-609
-860
287
1830
1442
2341
4758
4646
4646
7047
8479
7011
7402
9172
10549
12279
11486
12285
14220
13805
13092
13820
15145
12283
13561
20913
15288
8128
12782
15846
11117
5977
11077
13145
7429
1981
612
3588
4816
1462
-6191
-4019
-1275
-4789
-9583
-10996
-4937
-7308
-13195
-14859
-12499
-9802
-11123
-14485
-16013
-12752
-11401
-14476
-14937
-12005
-10074
-11798
-13580
-13310
-9566
-6864
-9646
-11597
-8457
-3042
-6936
-9898
-3752
-693
-3551
-4772
-2115
377
929
966
1364
1932
3826
5268
4362
5583
9035
9176
7602
7540
10353
12410
13131
11751
13143
15706
14148
13758
14167
15880
12352
16377
19612
12220
10527
13024
15469
9101
7978
11441
10104
6510
1132
1932
3343
4931
-1580
-6208
-3130
-2427
-4482
-10725
-9551
-6307
-8841
-12954
-14838
-12398
-9750
-11521
-16076
-16347
-11974
-12600
-15825
-14607
-11940
-11002
-13458
-15325
-13799
-9464
-8066
-11325
-13067
-8233
-5335
-9780
-8460
-3756
-3180
-4546
-5984
-2657
890
661
75
325
2670
4736
4152
4134
7761
9219
7995
7887
9216
11756
12873
12948
13387
14591
13903
15055
15807
15164
11693
16612
21784
11885
10422
14463
17596
10375
6587
12570
11619
9715
2256
2339
4658
7139
1579
-6028
-1022
-773
-1789
-9120
-8300
-4308
-7257
-10788
-13843
-12006
-8923
-9443
-14901
-16035
-12840
-12507
-14558
-14918
-12755
-12862
-14192
-13169
-15617
-12878
-9573
-9298
-15148
-14113
-4751
-7955
-11003
-7166
-3630
-6239
-6580
-4408
-846
241
-675
1073
424
2869
5032
4698
6438
8226
8525
8812
10091
10183
13239
14896
13398
14569
14681
16050
16293
14444
11670
21220
20903
10732
12393
14874
17470
8168
10083
13471
11280
8387
1142
3376
5633
8126
-2294
-3701
-486
-1918
-3560
-9875
-4881
-5192
-7725
-12674
-13268
-10045
-8364
-10343
-16363
-13776
-11934
-13536
-14922
-12625
-13315
-13267
-11904
-16109
-14101
-10370
-9675
-12792
-15053
-8430
-7628
-10966
-8017
-5418
-6296
-7077
-6745
-3535
-329
-795
-9
161
130
2956
3865
5608
6928
7931
8876
8185
9314
11393
14617
13107
13644
15458
14555
15428
15429
12986
15143
23278
15144
10317
13263
16794
12927
7104
13742
11154
10434
3884
1326
4756
7345
4594
-5170
-2730
-2336
-850
-6933
-7859
-4130
-6819
-9592
-14661
-11102
-7895
-7617
-13502
-16182
-12798
-11697
-12971
-13990
-13297
-12055
-11122
-15830
-15663
-10975
-8413
-11558
-15359
-12236
-7301
-8896
-10470
-7651
-5895
-5327
-8528
-6778
-900
116
-1366
-1736
331
2102
3094
4523
6110
7968
8465
8230
8171
10621
14391
14563
12874
14162
16666
15829
14837
12882
16642
23367
15776
11980
13753
16769
15353
9142
12644
12851
12679
5510
2398
6364
8466
6326
-2767
-2027
-1249
936
-4259
-6894
-3599
-5523
-7501
-13121
-11096
-7469
-6530
-11574
-16080
-14046
-11386
-11490
-14713
-13853
-12047
-13143
-15067
-15366
-13696
-11164
-10555
-13917
-16866
-10856
-6910
-10477
-12029
-6928
-5397
-10017
-7985
-2825
-457
-2098
-3064
-1378
1306
2793
4607
6064
6815
7447
6489
8491
11550
13075
13997
15292
13435
13189
15127
16983
12289
17749
22868
14272
11543
13415
18698
10801
11476
14898
11691
10049
4176
5478
5448
10568
3433
-1966
-814
-1329
2225
-6681
-3484
-2426
-5141
-9312
-12177
-9433
-6405
-5393
-13935
-14725
-13482
-11091
-11876
-15077
-12268
-12304
-14017
-15659
-15522
-13403
-11743
-10241
-15714
-16002
-9807
-8471
-10663
-10517
-7011
-7581
-8603
-6693
-1507
-1391
-2297
-1515
-1947
2547
4146
4974
7049
7331
6460
7521
8965
11802
15110
14827
13028
12311
14311
15603
11539
17610
23262
14134
10600
12511
17976
12158
10777
14050
13299
11602
1942
5683
7447
11009
5221
-2074
1160
-291
3086
-4669
-2921
-1098
-1637
-6227
-12373
-7605
-5811
-2625
-11584
-13581
-10959
-10072
-10506
-13514
-13005
-10208
-9752
-17868
-16647
-11122
-9510
-12586
-15152
-14318
-10556
-9454
-11799
-10370
-7271
-6045
-9986
-8864
-2930
-722
-2248
-4060
-1392
1695
2915
3420
4567
6426
7102
6401
6924
10106
12495
12608
12483
11135
12546
12847
11331
17718
17107
11667
11208
13183
14658
8520
10729
13190
12401
7395
1951
5801
7228
9605
1994
-1276
1469
1095
508
-4407
-1038
-785
-1089
-6795
-9854
-4993
-3795
-3500
-9585
-10155
-8375
-6793
-8499
-11384
-11401
-7214
-7334
-15060
-14046
-8421
-6047
-12509
-15170
-11581
-7047
-8347
-11620
-10935
-6266
-5033
-11098
-8230
-2988
-1159
-2935
-5024
-2910
1704
3075
2654
2694
4297
6286
6275
6694
8935
11597
11405
11075
9913
12852
10900
12139
18560
12693
9456
10159
15782
11987
5898
11558
12058
10697
2917
3275
5751
7023
7628
-1535
-649
1173
2619
-2384
-4951
-88
-564
-945
-8163
-7482
-4113
-1405
-3846
-10151
-7447
-5237
-4567
-8369
-9705
-8845
-5191
-7654
-12653
-10866
-6707
-5421
-12554
-14070
-10192
-6094
-8239
-12206
-10592
-5561
-6713
-13075
-7337
-2525
-3257
-5124
-5615
-1635
-209
1284
2219
3463
3155
4314
6643
6721
9247
10198
11472
12418
9657
10757
9535
15031
18819
9302
8240
11488
16377
8410
4834
11663
11859
9874
-137
1552
6134
9073
4651
-4685
-261
1509
2628
-5046
-4200
861
38
-2234
-9900
-6247
-2238
574
-4992
-9065
-6085
-4414
-3120
-7653
-8245
-4656
-3524
-8708
-10877
-7228
-4546
-4778
-9644
-12905
-8011
-3450
-7715
-12029
-7716
-3272
-7175
-11604
-6880
-207
-3087
-6870
-4567
-473
587
346
975
3943
4147
2161
5258
6801
8312
9438
10068
10183
9870
7270
6840
16706
15105
6292
5933
10815
14324
4042
4113
9905
10615
5645
-3399
912
6263
8626
-197
-5455
-569
712
1297
-5118
-2972
22
549
-3944
-9360
-4699
-166
2477
-6139
-7930
-4611
-2599
-2195
-6884
-5041
-2669
-3119
-6737
-9443
-6655
-1353
-1657
-10582
-12014
-3884
-1503
-8582
-11482
-4142
-1965
-8519
-11290
-3422
1035
-4432
-7538
-4669
838
848
-906
1666
3392
1580
2612
5222
5116
6980
9219
10125
7883
6278
6274
8803
16227
11127
3321
6260
12795
9930
-431
6355
11578
8939
-223
-4316
3412
6509
6369
-3579
-4017
-585
1332
-718
-6725
22
1393
33
-7218
-8243
-1479
3181
1446
-7385
-5557
-3611
-30
-2488
-5594
-1442
-1265
-2942
-7005
-7469
-2937
1275
-2896
-10928
-9085
-1160
-1759
-8857
-7971
-2684
-3926
-9369
-8887
-1123
395
-4678
-6981
-4587
-531
613
810
2018
1844
93
3133
4986
4620
6712
8609
9200
6437
5140
3433
11727
17730
5323
286
7514
13951
4393
-987
7207
10734
6620
-4441
-5073
3492
8330
2644
-7056
-3856
45
1206
-5045
-5162
850
967
-1440
-8784
-7371
355
5347
-917
-7881
-5835
-981
1002
-3504
-2742
-1940
-1069
-1338
-6846
-7284
-288
3873
-3481
-12016
-7366
2218
-1820
-8547
-4842
-818
-4548
-9355
-5621
1436
712
-4598
-5591
-2282
343
1620
1278
1881
2185
1693
3616
3624
5588
6801
8071
8061
4281
1017
6450
16774
9898
-1816
2438
11383
8240
-1993
1149
8459
9708
-1505
-8921
-493
5714
5604
-5320
-7170
-792
1148
-3428
-8471
-1001
2116
718
-7236
-9255
-1346
3475
2160
-5339
-4825
-2332
1239
-970
-3809
248
400
4
-3814
-6324
-1627
3281
1913
-7092
-8798
-228
2018
-5814
-6155
116
-663
-6014
-7780
-1001
2643
-1460
-4663
-2375
121
1046
1281
1178
2234
2032
3812
3630
2432
5442
8232
6930
4064
1377
2544
12397
10647
862
-306
6902
7798
-1708
-241
4502
8759
706
-8241
-4119
1629
5877
-2778
-6953
-3457
734
-2449
-8402
-3050
1150
2171
-5217
-8900
-3336
2139
2873
-3201
-4031
-3118
912
1452
-2484
-3456
2177
3074
-4647
-5618
-835
4783
22
-5152
-5231
-1454
1449
-2499
-4942
-2160
783
-3364
-5422
-2371
976
1917
-2578
-3945
-178
3305
2861
-65
1105
4009
4477
2959
3938
5343
6683
7571
4611
1784
1171
10815
11444
1168
-176
3076
7958
51
-2186
1959
5682
3759
-8122
-6990
-1313
4606
-1727
-7938
-5016
-1542
-1342
-8590
-5208
-1334
1071
-1722
-8922
-6522
-97
4199
-2184
-4362
-2870
-343
1279
-1682
-2240
-808
4627
-285
-7148
-4354
4561
5242
-3913
-6390
-1901
2779
-408
-3880
-1952
1121
-208
-4508
-2452
1724
2697
-37
-2231
-532
1924
4925
3753
705
1849
5485
5459
3442
5458
7649
7703
5651
3480
969
5390
13965
7234
-2261
-905
7811
5690
-3810
-1964
3577
6267
-3708
-9867
-5691
612
3167
-7651
-9237
-5652
-535
-5197
-10119
-5192
-1791
-226
-7624
-8973
-4941
1860
587
-5418
-5130
-3289
1859
-226
-2208
-4111
1346
3727
-3154
-5441
-1622
5823
1758
-3707
-5548
632
4513
-795
-3532
-880
3551
-959
-3731
144
4440
2878
-1572
-276
1674
3833
5026
3289
2494
3816
4958
4825
5747
6056
6652
8026
6978
3555
-907
7333
15091
5253
-3208
148
9235
3996
-4066
-2027
4775
5532
-5629
-10003
-5636
3391
1194
-8752
-9922
-5493
-1323
-5921
-8798
-6015
-1191
-1859
-8917
-9997
-4475
2411
63
-5213
-7378
-4035
1516
442
-2875
-3275
1773
1315
-2924
-4940
-390
4685
2725
-3368
-5798
1416
4236
-1082
-3405
1302
3153
-2000
-4179
1518
5062
1241
-1686
323
2966
3803
2974
3047
4198
4711
4391
4061
5789
6579
6813
8417
7604
2535
-192
10071
14084
3405
-2587
3289
10280
1940
-4545
68
6270
3736
-7290
-10118
-3425
4788
-833
-10740
-9486
-5031
-2746
-6792
-8478
-5280
-2386
-3375
-9581
-9698
-4183
2035
-114
-6006
-7035
-4409
1265
630
-2661
-2751
1081
599
-2777
-3745
-1085
3779
3259
-3659
-6027
549
3838
-1302
-3559
1026
1588
-3324
-3734
2247
3786
-318
-2501
797
3371
2886
2102
4419
5600
3065
3124
5981
8260
6571
6352
9514
10027
2459
-286
12546
15927
3639
-2229
4765
11747
2260
-4269
496
7426
4776
-8142
-11086
-1917
5816
-1639
-10474
-9442
-5217
-2141
-6682
-8253
-4923
-2018
-3023
-9367
-10076
-3559
3930
156
-6796
-8463
-3632
2824
878
-3487
-4809
811
1626
-3181
-6753
-1946
6338
1719
-8288
-7870
2583
3619
-4670
-5012
794
199
-5565
-3355
2216
1865
-1850
-2836
715
2198
2007
2806
5104
3087
2291
3918
5901
8998
6539
6422
9170
10029
4191
-1
11128
18812
6471
-4549
4767
14344
5441
-4815
-165
8906
6806
-5927
-10523
-2137
6496
2075
-9985
-11129
-3495
387
-5849
-8813
-4669
-1714
-2444
-8711
-10794
-4200
3895
1650
-7954
-11069
-4769
3625
1509
-5582
-6288
-690
2143
-3413
-9075
-3039
6823
2450
-9935
-9848
2178
4554
-4997
-6966
822
1032
-5375
-4997
1369
3085
-1506
-3221
-23
1841
1677
3354
4737
2837
1120
3450
6291
7733
6644
5623
8414
10063
3810
-954
10286
19438
7682
-4813
3806
15298
7308
-4356
-527
10357
9251
-3733
-10437
-1453
9173
3858
-9086
-9255
-1440
1375
-3670
-8891
-5308
547
-170
-8220
-11776
-4336
4416
1850
-8063
-11005
-5434
2215
2062
-5620
-7783
-1970
2031
-3366
-9877
-4680
5744
3327
-9791
-12141
871
5071
-5418
-8440
8
1330
-6180
-7325
87
3807
-1934
-4714
-772
1161
-203
2271
4795
2345
-253
2460
6809
7238
4799
4739
9754
10059
3005
-427
10307
19069
7991
-3896
5209
16105
7844
-4037
796
11701
10661
-2196
-8882
207
8825
5149
-6735
-7841
-577
1672
-2313
-7578
-5127
-182
562
-6379
-11323
-5389
3211
3140
-7520
-10898
-5504
617
796
-4427
-5818
-4157
231
-2688
-9427
-6143
4546
3247
-9949
-12560
-845
3968
-5106
-8713
-2186
-57
-6547
-8428
-1507
2586
-2092
-5930
-2518
349
-1274
475
4174
3380
-1736
678
6309
6616
5546
5210
8053
10146
6532
129
5134
18351
14683
-1105
492
14013
13137
-1503
-857
9015
12641
3423
-7967
-3418
7369
9467
-2237
-9706
-2706
3966
618
-6400
-5520
-170
1565
-2957
-9774
-6470
1940
4481
-2851
-9240
-6716
-1300
2503
-1222
-5165
-6056
-393
1433
-7530
-9296
271
6127
-5334
-14836
-5565
4537
-1260
-10544
-5892
-723
-4787
-9383
-4602
2278
-2148
-7310
-4713
-99
-1808
-1672
3243
3799
-1582
-2106
4319
6484
5746
4092
6579
9942
7552
2327
1438
12705
17242
4871
-1699
7830
14331
5368
-2941
2811
11687
8611
-3347
-7414
3186
10526
2849
-8868
-5571
3250
3785
-2779
-6925
-1675
3504
676
-7220
-6872
-404
4396
2074
-5869
-6921
-3485
2078
2249
-3399
-7205
-3677
3480
-1699
-10813
-7530
5048
2410
-13061
-13003
470
2867
-8523
-10476
-3304
-2386
-8636
-8740
-844
-623
-7394
-7303
-1111
-1172
-3974
-725
3811
1977
-3219
66
4919
6279
5299
3838
7243
9769
6949
2030
3982
14293
15378
2649
-10
11041
15004
2520
-3489
6526
14487
7134
-5874
-4017
6475
10506
437
-8161
-1829
5716
3983
-5422
-5595
2227
5071
-1387
-7518
-3918
2167
5157
-1084
-5972
-4748
-518
3295
-520
-4487
-6115
-1092
3177
-4710
-12368
-4679
7183
-1830
-16399
-11762
2856
374
-13207
-10713
-1841
-3263
-12119
-9199
585
-2974
-11383
-7842
292
-2313
-6192
-1073
4157
-455
-4715
870
5580
5004
3039
4208
8106
8511
6091
2225
5130
14640
13974
2149
131
13640
14462
1377
-3459
8388
16277
4929
-5264
-2734
9075
9782
-940
-6888
501
7923
2213
-6372
-3707
5149
3825
-2133
-5848
-3448
2834
4510
-863
-5402
-4231
-547
2803
-1087
-5356
-4832
-340
1913
-6452
-13371
-3581
7168
-3772
-17824
-11189
2977
-1788
-15547
-10741
-488
-4965
-14337
-8980
659
-4738
-12290
-6993
-290
-4521
-6503
5
3880
-2437
-4106
2651
5447
3019
2314
6038
8690
7707
6665
6268
3794
10865
17205
7061
-137
9556
18168
7176
-3251
4105
15407
13439
-928
-4858
5004
12727
5429
-5038
-1437
7257
5429
-3506
-4007
3389
5642
723
-5060
-4791
971
4358
1112
-4277
-4724
-2349
307
-383
-4169
-5646
-3738
884
-3670
-13432
-8767
4111
-122
-16485
-15054
101
-1013
-15069
-12961
-346
-4080
-15426
-12043
-825
-2668
-11346
-9394
-1993
-2238
-7079
-3980
2317
1169
-3201
-269
3935
3997
2973
4739
7302
7475
6988
9015
7031
1862
12468
18900
5783
-350
11518
17758
4459
-2244
6612
15902
12297
-1566
-5307
4966
15000
6658
-6553
-2169
8391
6438
-4291
-4078
4450
6108
655
-6018
-4395
1881
4239
179
-3704
-5052
-4680
375
1167
-3501
-9338
-5328
2494
-5567
-15062
-8209
3763
-3256
-17625
-14155
-1086
-3929
-15352
-9657
-2742
-8177
-14680
-10474
-2132
-4559
-10840
-8228
-2227
-4897
-7425
-2619
2137
-165
-4023
-65
4719
4063
1283
3936
9135
9159
4696
6828
11391
5673
5645
17507
15049
1157
5331
19386
13239
-1712
2663
16271
17817
4230
-5746
3033
16946
12690
-4694
-4632
11147
12741
-3192
-7115
5686
9777
1682
-4665
-3496
1580
3704
1293
-3450
-5645
-5213
-525
443
-5226
-9091
-7566
-176
-5025
-16287
-13024
-116
-2159
-17439
-19084
-6553
-2429
-14204
-17033
-6297
-5434
-14951
-16288
-5167
-2710
-10523
-11658
-4709
-3480
-8798
-4975
1357
319
-4860
-406
4558
2187
702
4692
10853
7241
3266
8109
16322
9923
-1465
11771
26825
12013
-4374
12138
27687
9792
-4185
8803
23622
17968
-1362
-2824
12749
20420
6639
-5443
3723
14557
9486
-4506
-2401
7787
7894
1131
-3784
-2470
1116
3136
-656
-4499
-5861
-6682
-1852
-850
-8267
-13300
-6843
259
-9838
-20955
-13449
239
-6565
-21720
-19583
-5341
-5865
-18872
-17658
-6411
-7922
-17074
-14958
-6075
-6316
-12154
-9944
-3576
-6055
-10044
-3891
2840
-753
-4971
567
4832
3270
2837
6527
9056
8841
7323
9838
14921
12173
3796
12255
26067
15463
-404
11665
27071
14536
-297
8300
23283
20421
3492
-2950
11491
21289
9799
-3749
3147
14227
8919
-2655
-2114
5935
7551
2468
-4106
-4824
-1271
2220
338
-5832
-9141
-8516
-2270
-1765
-11923
-16775
-7340
1106
-12662
-25782
-14158
387
-8715
-23783
-19548
-6639
-8121
-20522
-18416
-6782
-8071
-17389
-17148
-8432
-5788
-10491
-11057
-6256
-6129
-8611
-3954
1082
-828
-3879
932
5317
2801
3898
8422
10011
9506
8915
10652
15426
18245
9959
5508
22337
28159
7993
2353
24777
28938
4889
723
19204
29071
15674
-3156
1169
19896
22022
3679
-5615
7469
16832
7867
-6695
-4433
9001
9858
-814
-9699
-6744
2087
3516
-5316
-11778
-9180
-6222
-3950
-7797
-15439
-15147
-7078
-5226
-18809
-24653
-12470
-2425
-12826
-26687
-20364
-7235
-11804
-23412
-16241
-6687
-13145
-21277
-15438
-6510
-9256
-14170
-8315
-3979
-9498
-10383
-1283
2570
-2466
-3918
3700
7168
3069
3707
9779
14563
11268
8140
12236
20107
20628
9505
6364
23806
30747
8683
1972
24564
30217
7896
786
18463
27299
16022
1173
2863
17273
19167
5035
-2727
7827
14430
5562
-4118
-2143
4940
5357
570
-5627
-8151
-3156
1953
-4375
-11367
-10541
-7519
-4893
-8267
-16260
-15250
-8321
-7083
-16155
-24004
-15278
-4272
-11901
-23671
-19827
-11099
-11482
-18599
-18007
-9392
-10528
-17701
-16688
-8934
-7233
-10764
-9655
-5153
-5143
-9097
-4600
2791
2268
-2687
1133
6868
6491
5302
8207
13113
13661
10504
11108
16331
19913
18115
9294
12893
29351
23101
4717
13106
30918
21820
3541
8183
23385
25781
10703
-429
7645
19712
14787
715
-454
10756
10436
-780
-4930
-512
3415
2103
-3679
-10070
-8677
-3344
-2693
-8969
-13099
-11535
-8999
-7668
-13399
-18676
-14474
-6623
-10868
-23365
-21967
-9695
-6709
-18492
-23891
-15333
-7977
-14857
-22884
-13481
-4966
-12651
-19964
-13768
-4716
-6559
-11892
-7811
-1848
-5971
-7728
338
4159
999
-515
5186
8782
6270
6387
12662
16013
12110
9743
14722
20810
20089
14841
10438
19616
30513
17737
4614
18978
32669
17482
1681
12050
25262
22128
7566
1278
10446
17994
10948
-1296
900
9576
8001
-2153
-7382
-2562
1977
711
-7228
-13211
-10592
-3251
-4448
-13466
-14852
-12391
-10521
-9859
-14978
-18888
-14336
-8695
-12985
-22361
-21081
-10135
-6949
-18325
-23264
-12968
-7807
-16426
-20034
-9717
-5825
-13365
-17060
-9238
-3506
-7835
-10123
-4022
-848
-5259
-4320
2099
4868
2664
2205
6423
8337
8455
10235
13583
14898
12802
12277
15777
19852
20448
17983
12124
16026
28510
21550
6817
14784
30478
21872
2428
6352
21824
25197
10316
-2138
4511
17383
13297
-3235
-4200
8158
9626
-3554
-12407
-5277
2598
271
-9179
-14475
-12057
-6574
-5611
-11511
-15343
-15639
-12312
-8717
-13125
-20945
-18107
-7499
-8538
-22579
-25772
-10615
-3148
-16978
-24426
-13138
-6045
-15369
-20450
-8958
-2884
-11367
-17608
-8798
-509
-5330
-9518
-3314
1780
-2757
-4115
3343
8160
4269
1785
8068
11521
9170
9249
13906
17964
15111
10754
13338
20829
21045
18327
16703
13536
16803
25152
20026
7889
14125
26401
17123
964
6251
21224
21465
4384
-5263
4466
15028
8465
-5395
-5188
6865
6630
-8767
-13993
-2986
3547
-3494
-12893
-14967
-10301
-5943
-6995
-12847
-16003
-14569
-10185
-9435
-17105
-20622
-13759
-6988
-12433
-24133
-22848
-8641
-4982
-17946
-23871
-13111
-5453
-14700
-20039
-7794
-2649
-12661
-15928
-5086
220
-6863
-8986
793
5099
-3549
-4749
6614
12098
4905
1515
9185
14531
10822
9044
15117
19571
14609
10207
16515
21431
18214
17394
20206
16706
11258
19634
25384
13563
8323
18039
20494
8505
3738
12582
19124
11223
-2499
-2698
10312
11959
-2013
-7956
1687
6552
-4227
-13461
-7326
1390
-2305
-11439
-14379
-10873
-8036
-8625
-11845
-13585
-13491
-14086
-13301
-13668
-16984
-16542
-11468
-10947
-18740
-23341
-15168
-6410
-11717
-20782
-16938
-7877
-11172
-17381
-10639
-3146
-8527
-13730
-7930
-958
-3005
-6180
-1170
4293
758
-2652
4534
10907
7622
3948
9675
13302
10387
9847
15922
19010
14303
12590
15043
19656
17803
17437
18972
19903
13392
10703
22037
22063
10388
8229
19514
15625
2724
4788
14294
16857
3946
-6133
-353
10254
5933
-5863
-5942
1214
1770
-8669
-13061
-6157
-818
-4961
-12083
-15089
-13261
-8497
-8045
-12090
-14141
-15601
-15066
-10881
-13985
-20005
-14532
-7332
-12440
-21743
-21046
-11196
-5467
-11873
-18342
-14899
-8833
-8958
-11656
-8947
-4621
-6285
-9283
-5341
-1029
-2824
-1737
3602
3721
-900
-14
8518
12020
7249
5225
10387
12424
11263
12139
15587
16867
14998
12127
14919
18252
17203
17703
18606
17566
10401
10271
21748
24341
6931
2492
19228
19819
1283
-2447
12958
18731
5170
-9035
-4409
9371
8464
-5540
-10256
-770
3528
-7147
-15601
-7878
-270
-4816
-12522
-14510
-12526
-10039
-8583
-10125
-13460
-16413
-14496
-10282
-13450
-17713
-14121
-8618
-10725
-19562
-20866
-9727
-3020
-10804
-18811
-13963
-5395
-7493
-13128
-7025
584
-5525
-11894
-6235
2453
2046
-1978
222
4331
2576
264
5437
11674
10858
5911
6799
10495
12949
12714
13512
15826
13546
11697
13050
18079
16822
14015
15743
18129
14476
5847
11458
24391
17561
1406
4796
17621
12715
-945
1032
12086
11989
-439
-8697
-2065
8065
4041
-8356
-9005
-1194
-1678
-9382
-11112
-7366
-5535
-6610
-10817
-14407
-14150
-8332
-5611
-11671
-17344
-15489
-9597
-7916
-13525
-17719
-12638
-6097
-10938
-20266
-14586
-2959
-4522
-14777
-16003
-7597
-3832
-7083
-9047
-3426
-2066
-6328
-6341
-926
2351
71
714
3970
3346
253
4283
11445
9762
4676
5911
12359
12379
9329
10696
14874
15767
10332
9965
14539
17826
14307
11632
13551
15118
14936
9125
7931
16697
18247
4908
712
12443
14573
3176
-2182
5565
10511
2299
-7381
-4690
4007
3770
-5741
-11032
-5842
-1276
-6529
-13186
-9798
-5271
-7495
-11600
-13630
-12696
-9257
-7754
-10361
-13491
-15221
-12888
-7334
-7385
-13561
-14579
-9282
-5592
-11506
-16003
-7846
-11
-6071
-14791
-10880
-1530
-860
-6831
-6653
-429
101
-4324
-3356
3322
3998
144
1665
5807
4507
1434
5831
11813
8997
3342
5704
12135
12035
8498
8481
11264
13575
10550
7628
10264
14316
12348
8499
9677
11749
12526
10229
5014
4908
12394
13233
2305
591
9133
8640
-1008
-2935
4933
6148
-1179
-7350
-5037
955
761
-6234
-9900
-5823
-2636
-6309
-10786
-9422
-5827
-5676
-7937
-10854
-10849
-6591
-4703
-8078
-11702
-10686
-6135
-3216
-6851
-12356
-10177
-2412
-889
-10239
-14035
-3399
3464
-5540
-12734
-5033
1719
-2533
-6203
-1888
205
-2333
-2180
1100
2611
-201
-746
4461
6592
308
-1333
7122
10875
4741
913
5894
10164
7377
4341
7034
9701
9364
5741
5028
8514
9608
7804
6466
7486
7050
6373
7870
6956
2709
3268
11123
7618
-2710
-299
9709
7489
-4661
-3760
5436
6391
-2846
-8613
-2785
4246
634
-7908
-8732
-2030
-122
-6051
-9813
-7013
-2982
-2536
-6508
-10163
-8463
-3622
-2650
-7050
-9616
-6816
-2714
-3139
-7599
-8279
-4886
-1100
-1235
-8107
-9793
-958
2848
-4279
-8423
-2886
1495
-2624
-5560
-170
1835
-3571
-3056
1975
740
-2280
-128
4173
3002
-1921
-462
6038
6336
667
1547
6270
6689
2361
2444
6699
8128
4705
2111
6065
7309
5210
4209
5594
5584
4291
4269
4968
6537
5167
2089
1758
6723
7479
990
-579
6424
8561
-761
-4038
4244
7905
1817
-4029
-1567
3359
2935
-2741
-5282
-429
1787
-1803
-5207
-5403
-2852
-797
-2035
-5813
-7519
-4890
-1231
-2371
-7022
-7723
-4004
-871
-3807
-8269
-6511
-1150
30
-4862
-9964
-5739
1671
-241
-7506
-6552
-791
-1684
-6397
-4333
-36
-1661
-5355
-4413
-399
-1379
-4289
-1728
1610
-1361
-5310
-1406
5036
2162
-4434
-1745
5296
3136
-1203
1653
4645
4006
1901
1249
3921
6039
4496
2609
3667
6349
5550
2192
4876
7366
5397
4692
4348
3514
7226
9726
2616
896
8104
9707
2081
-1136
5974
10138
4668
-1909
-577
5463
6743
760
-3700
266
4845
1247
-4770
-3721
455
1379
-1796
-5439
-5085
-2782
-1982
-3227
-5336
-6050
-4393
-2878
-4596
-7292
-6478
-3157
-2397
-6166
-9637
-6306
-1843
-2694
-7534
-9053
-3654
-2212
-7125
-7903
-2453
-2745
-6997
-6362
-2605
-2379
-5111
-4800
-745
-2037
-6436
-2808
3122
1099
-3791
-2191
2809
2443
-832
884
4992
4170
1671
2404
3956
5794
6769
5544
4122
6477
7387
6013
7251
8223
7709
8487
9721
6949
3862
9166
15080
8650
892
7527
14526
7104
-495
5859
11888
8259
1154
-1295
3295
7358
4158
-2114
-1624
2271
1227
-3505
-4108
-1061
-1050
-3210
-5438
-6964
-6557
-4244
-3199
-6246
-9985
-9601
-6310
-5825
-9397
-10572
-6300
-6216
-11795
-13093
-8237
-5001
-7309
-10536
-10206
-8335
-8053
-8238
-6375
-4209
-6683
-10007
-7071
-2638
-2965
-5238
-3703
-816
-2216
-5689
-2776
3977
3613
-1350
-1725
2592
4148
2336
3081
6746
5885
3135
4049
6185
7574
8012
7942
8214
7842
7651
8453
9997
10781
11482
10226
8633
10613
12329
10918
8884
11069
13626
10021
5535
9292
13127
8766
3661
6174
9230
6441
561
177
4714
5354
-1208
-4875
-1351
819
-2892
-6847
-5615
-3414
-4783
-7838
-7993
-7927
-8052
-7192
-8019
-9673
-10506
-10375
-9327
-8270
-10623
-13459
-9538
-6830
-10495
-14779
-10421
-5435
-9311
-13438
-10231
-5715
-7488
-9582
-8077
-5983
-5012
-6491
-6061
-3411
-1967
-3819
-2855
562
212
-907
884
3074
3096
2748
2948
4906
6519
5480
5177
6697
7715
7740
7540
7210
7923
8471
8818
9329
8107
7889
9406
9995
8594
7603
7990
10010
9201
7691
7231
7931
9089
7365
5033
7311
8286
4173
2702
7626
6611
-429
-795
5033
5312
-1192
-3629
-1719
650
-1423
-4912
-4953
-3137
-3113
-6634
-7967
-5728
-4707
-6320
-7875
-7894
-7993
-7830
-6248
-6761
-8810
-9489
-7620
-5939
-7751
-10066
-8881
-5282
-5906
-9849
-10777
-5317
-2347
-7343
-9870
-5245
-1927
-5276
-6568
-2501
-44
-2686
-3543
67
604
-479
1981
4144
2777
774
2470
6569
6573
2973
4138
8484
7499
2969
4090
8584
9445
6013
3579
5218
7696
7015
5011
4674
5280
6674
4785
3195
5128
5906
4583
3530
4144
4643
3940
3595
4238
4393
3268
3002
2524
2570
3324
3782
1490
-687
2101
3170
156
-3276
-296
2248
-446
-5099
-4312
-483
-946
-4574
-6228
-3686
-2187
-4485
-7097
-5378
-3225
-4574
-5342
-5179
-6140
-6354
-4110
-2499
-5179
-7597
-5499
-2261
-4765
-7286
-5468
-2105
-2947
-6379
-6710
-3964
-1789
-2617
-4448
-4146
-2639
-2792
-2984
-103
-119
-2730
-2520
1161
1453
-1039
260
3233
2909
82
694
3383
4056
3276
2975
3218
3330
3004
2765
4034
4979
3410
2067
2579
3709
3039
2860
3286
3098
1853
1471
2211
2971
2321
1631
1952
2283
2460
1280
1484
3201
3777
1763
2357
3542
2788
3395
4298
4448
3172
3292
4159
5414
4592
2868
3299
5535
4422
490
2515
6247
3747
-1484
-614
3005
2868
-594
-2280
-758
-141
-2414
-3992
-2929
-1627
-3036
-4584
-5868
-5088
-4775
-4277
-4874
-6726
-7260
-5893
-4267
-6849
-8754
-6538
-3558
-5796
-9493
-8248
-4848
-3459
-6334
-7840
-6156
-4094
-4543
-6080
-4752
-2782
-2399
-4019
-4120
-2470
-1947
-371
-58
-1227
-1556
40
1374
1636
1637
1077
2564
3630
2018
1225
3722
5923
4344
2169
2641
5526
4987
3364
4822
5387
4118
3448
4572
5163
5132
4975
4045
4697
4864
4220
5113
5093
5188
4863
5612
4453
3842
5765
6326
5930
4111
4426
5356
5818
5404
4190
4406
5348
4375
2161
3577
4606
1670
598
2806
2300
-960
-2166
-838
-92
-2010
-4445
-3941
-3469
-4343
-6237
-6735
-5611
-5889
-6976
-7779
-8389
-9087
-8442
-6231
-7740
-10293
-10209
-7546
-7146
-9188
-9455
-7663
-5775
-7970
-9384
-7479
-4589
-5083
-7007
-5207
-4018
-4387
-4390
-2370
-1653
-2727
-1463
149
161
-1005
901
2973
2752
2268
2005
3552
4865
4794
4591
5778
6143
5329
5805
6923
7054
6770
6657
7357
7672
6780
6664
7230
7108
6629
6575
6169
6436
5529
4975
5562
4910
4259
4098
3814
3109
2838
2814
1802
1790
1739
868
768
366
671
83
-917
-884
-118
-71
-271
-1585
-3589
-973
1014
-2086
-4432
-1895
1006
-2849
-6706
-3479
571
-1749
-6477
-5863
-2724
-2723
-4726
-5735
-4409
-3758
-5076
-5895
-5005
-4485
-4955
-3602
-3785
-5783
-6774
-3064
-542
-3942
-6050
-3489
-266
-2542
-4620
-1974
597
-447
-2881
-1882
172
533
27
267
1329
470
143
1776
2668
1455
1448
3217
3217
2124
1817
3023
4975
4601
2506
2408
4619
4817
3671
3791
4603
4807
3337
3315
4709
4310
3559
3258
3506
2551
2455
2705
2760
2593
869
120
935
1176
-295
-384
312
-1057
-2141
-2296
-1825
-1426
-2156
-2578
-2970
-3458
-3842
-3051
-2437
-2200
-3761
-4254
-2718
-2767
-2998
-2228
-1355
-1858
-2072
-1718
-836
8
-1374
-465
2870
918
-3437
513
6274
676
-3473
1584
6067
1704
-2947
1144
3913
2339
-1750
674
2827
573
-48
-208
1842
-901
-747
2401
654
-2630
-2661
4088
2099
-4156
-3025
1818
2739
-3468
-3121
720
1381
-1862
-3190
-581
-675
-815
-1070
-1012
-1962
-2065
258
185
-2223
-2532
625
976
-1030
-1860
-43
1701
11
-848
660
1241
685
913
1034
977
1673
1845
1098
1087
1285
2671
2010
203
1458
2058
1338
486
1377
1804
591
410
552
727
-43
437
1097
-201
-668
-167
41
-489
-815
-201
-232
-442
-1105
-1335
-577
-443
-895
-836
48
-1049
-1509
124
483
-604
-636
272
183
0
644
516
33
897
1208
-41
106
2241
1399
-783
356
2232
991
-1366
893
2138
-318
-591
-196
848
-1259
380
-10
-1237
-745
-1477
397
-1925
-982
-1281
-888
-1210
-3049
-359
-964
-1386
-2890
-1709
172
-2615
-2310
-1456
-338
-1999
-2290
-752
-1384
-1445
-1051
-741
-1014
-1098
-345
-562
-680
-385
109
553
392
180
-43
820
1160
925
1161
1020
1248
1526
1365
1173
1432
1857
1734
1267
964
2402
1715
835
1488
2067
1255
851
1723
1625
1171
985
986
1029
1032
1200
685
536
781
652
228
-264
470
697
138
-1014
-804
335
569
-1122
-1176
-54
-538
-509
-568
-495
-665
46
151
-699
-484
168
753
267
164
448
627
1131
598
829
1545
1787
507
210
2353
2968
-13
-78
2963
2521
-724
-139
2521
2049
9
-215
598
16
-262
728
207
-1627
-927
190
-1387
-2419
-901
-192
-1936
-3381
-2176
-983
-2071
-3326
-2207
-2068
-3540
-3068
-2111
-2696
-3783
-3089
-2689
-3395
-3551
-2692
-2323
-3810
-3315
-2071
-2531
-2941
-2342
-1678
-1805
-1456
-1469
-1308
-735
61
595
-70
58
1653
1918
997
1519
3092
3319
2510
2571
3733
4112
3524
3937
4262
4113
4351
4289
3708
3898
4758
3882
3702
3540
3021
2920
3418
2800
1751
2031
2149
1725
361
184
682
488
-83
-666
-1514
-1174
-533
-1761
-2843
-1463
-1583
-3258
-3267
-2013
-2246
-3793
-2939
-2669
-3273
-3620
-2567
-2719
-3521
-2977
-2609
-2376
-2662
-2584
-2074
-2234
-1859
-1891
-1458
-1181
-1799
-973
-956
-576
-196
-560
-1564
299
1928
-946
-1333
2322
1396
-1526
544
3002
418
-107
2021
1779
168
1385
2871
1056
349
2883
2067
552
1888
2877
1957
1176
1308
2609
2680
1220
1550
2867
2290
1637
1844
1963
2034
2249
2616
1388
1021
2809
2861
989
835
2694
2277
432
940
2185
1748
371
1081
1450
308
266
924
642
-313
-101
88
-484
-826
-851
-553
-1216
-1541
-1700
-1727
-1640
-1721
-2834
-2939
-1709
-2398
-3794
-3111
-2570
-2931
-3898
-3532
-3484
-3588
-3360
-3423
-4158
-4172
-3069
-4032
-3425
-3028
-4302
-3557
-2367
-2820
-4378
-3000
-1144
-2238
-3198
-2400
-782
-1534
-1567
-739
-391
-175
-499
242
1248
611
645
2024
2575
1654
2044
3130
3043
3073
3361
4399
3858
3714
4234
4618
4940
4473
4861
4651
4984
4705
4375
5348
5190
3648
3780
5907
3921
1538
4845
5320
1359
1236
4622
2979
-653
1956
3187
-29
-902
1525
898
-2422
-299
668
-2349
-2398
-1289
-1064
-3571
-2959
-1712
-3199
-3948
-3654
-2668
-4329
-4533
-3400
-4532
-4701
-4917
-3782
-4459
-5635
-4565
-4247
-5070
-5212
-3464
-4029
-5272
-4093
-3325
-3362
-3736
-2822
-2149
-2522
-1961
-1423
-1604
-1015
743
433
-512
235
1783
2040
1836
2041
2690
2436
2918
4098
3269
3241
4208
4496
3368
3049
4683
4885
4135
3265
3631
4099
3758
3636
3109
3361
3322
2895
2241
1877
2807
2139
1402
1714
1159
957
880
545
-353
1181
-26
-1740
-112
252
-1646
-2176
25
-1753
-2560
-1456
-1276
-3044
-2678
-471
-3673
-3636
-1368
-1894
-3588
-2853
-1959
-3069
-2033
-2286
-2825
-2527
-1269
-1915
-2535
-1411
-1566
-1446
-815
-1119
-1767
-223
-36
-1036
-293
-91
294
141
200
221
722
941
902
924
687
1379
1139
1676
1439
1115
1911
1792
1242
1777
1976
1537
1819
2312
1492
991
2099
2226
1304
1178
1616
1756
1324
989
1106
1069
1293
935
603
445
521
531
226
337
72
31
24
-243
-932
-504
319
-394
-1558
-982
292
-1335
-1644
-424
-682
-1586
-1227
-495
-1364
-1221
-985
-1038
-904
-1335
-677
-903
-777
-847
-914
-639
-359
-411
-740
-40
-656
-695
310
28
-401
-363
374
77
-376
-136
316
323
4
-65
-14
230
274
141
82
-93
74
418
27
-317
270
220
-410
-263
273
-25
-352
-130
-240
-397
-317
-186
-411
-510
-424
-536
-748
-683
-372
-570
-718
-1141
-901
-456
-818
-906
-1011
-910
-537
-735
-1408
-969
6
-620
-1221
-549
-202
-657
-194
288
-867
-302
944
439
45
215
785
1040
1180
1019
875
1438
1964
1579
1368
1854
2023
2164
2047
1941
2247
2120
2051
2236
2130
1782
2068
1702
1844
1844
1190
1387
1207
1138
721
886
763
-16
579
-3
-54
-502
-395
-109
-1184
-361
-969
-1153
-1276
-1007
-790
-1906
-1085
-1522
-980
-1749
-1873
-831
-1473
-969
-2116
-835
-987
-1831
-847
-747
-984
-1208
-851
-682
-553
-696
-708
-257
-332
-487
-734
-42
326
-542
-387
590
-65
-263
150
328
92
116
700
138
347
283
292
1025
340
369
345
1161
323
339
876
813
840
298
1125
441
596
1030
349
922
410
966
294
394
794
290
571
361
272
95
-77
457
-105
-260
255
-513
-654
-196
-214
-908
-778
-778
-442
-1146
-1301
-695
-1328
-877
-1202
-1714
-1410
-887
-1559
-1367
-1323
-1295
-1576
-1824
-687
-1486
-1158
-1591
-978
-1044
-1297
-955
-1009
-523
-1271
-463
-725
-546
-382
-501
-4
-815
209
-144
92
420
22
406
170
1134
41
762
1385
660
1119
1008
1489
1372
1441
1897
1067
2377
1864
1890
2194
2041
2417
2018
2935
2049
1997
3172
2318
2512
1897
2856
2499
2379
2107
1724
2714
1821
1813
1164
1821
2195
305
982
1123
867
73
39
239
-449
-189
-840
-707
-1220
-1344
-1467
-1879
-1208
-2527
-2280
-2144
-2460
-2833
-2749
-2325
-3273
-3075
-2926
-3031
-3190
-2910
-3162
-3358
-2951
-2853
-2767
-2958
-2686
-2676
-2474
-2398
-2105
-1915
-1548
-1744
-1778
-1089
-1103
-204
-773
-438
9
193
533
455
1048
941
1886
1348
1462
2037
2214
2570
2027
2996
2858
2230
2976
3351
2782
2793
3018
3140
2963
2651
2659
2612
2679
2635
2180
1786
2161
1725
1617
1652
966
978
571
1339
414
-253
28
291
-69
-1153
-874
-194
-673
-1688
-1718
-1259
-1283
-1867
-2131
-1924
-1959
-2248
-2488
-2227
-2595
-2383
-2532
-2242
-2841
-2578
-2434
-2586
-1917
-2712
-2126
-2103
-1960
-2043
-1600
-1516
-1750
-854
-1292
-845
-901
-363
-300
-401
393
-7
228
588
830
1103
643
1474
1412
1464
1564
1371
2328
1852
2037
1851
2302
2380
1942
2433
2010
2546
2078
2487
1861
1845
2516
1775
1844
1496
2075
1459
1257
1249
990
1306
779
827
335
564
436
62
-5
-386
243
-330
-679
-694
-768
-633
-817
-945
-1383
-1038
-1285
-1282
-1518
-1657
-947
-1783
-1518
-1837
-1604
-1523
-1759
-1324
-1980
-1616
-1658
-1258
-1689
-1544
-1298
-1504
-1125
-1338
-1083
-1265
-659
-674
-1097
-650
-493
-269
-584
-263
197
-74
-192
183
469
276
646
246
947
681
649
924
821
1279
1004
1147
929
1310
1321
1355
961
1454
1479
1016
1412
1225
1600
970
1254
1470
1157
862
1039
1601
984
855
742
1346
826
660
697
991
835
484
475
468
808
402
254
188
375
298
167
14
-25
-92
-85
-116
-321
-453
-510
-383
-430
-885
-885
-619
-995
-1036
-1044
-1366
-1230
-1091
-1352
-1682
-1502
-1418
-1489
-1721
-1910
-1464
-1707
-1426
-1925
-1538
-1512
-1911
-1437
-1372
-1338
-1412
-1270
-1258
-1036
-984
-655
-946
-753
-355
-382
-303
-224
-79
340
245
250
542
514
887
775
1030
956
1262
1401
1206
1403
1428
1695
1300
1795
1704
1727
1594
1389
1838
1745
1512
1337
1591
1570
1279
932
1441
1192
880
900
732
853
292
763
403
83
392
-40
-36
-48
-74
-278
-424
-343
-425
-459
-397
-632
-506
-715
-617
-606
-681
-395
-793
-554
-591
-972
-198
-495
-755
-410
-743
-282
-576
-568
-336
-498
-372
-610
-337
-224
-504
-534
-247
-328
-357
-530
-322
-71
-430
-435
-389
-70
-294
-600
-177
-112
-442
-290
-366
-131
-415
-343
-242
-211
-253
-520
-173
-124
-327
-533
-28
-337
-252
-180
-340
-114
-338
-60
-216
-169
-28
-216
-15
-17
78
12
121
275
-83
340
327
418
370
285
664
356
759
524
699
833
475
939
737
1007
636
907
1043
814
854
734
1054
963
798
718
924
723
913
547
644
849
605
265
412
815
231
246
188
390
43
-117
84
-114
-67
4
-583
-444
-102
-563
-408
-740
-367
-687
-820
-660
-793
-773
-713
-794
-1040
-688
-1030
-638
-886
-952
-782
-749
-563
-969
-566
-579
-498
-584
-533
-310
-395
30
-514
-191
3
21
186
-183
125
223
345
-27
338
449
178
311
330
436
173
226
421
280
180
249
116
164
254
6
-27
-20
60
20
-342
-119
35
-197
-272
-231
-95
-424
-263
-39
-187
-187
-327
-99
-105
-90
-208
13
120
-42
-60
200
309
-1
252
430
211
141
563
441
301
559
397
608
449
476
489
505
717
265
763
359
406
613
594
241
110
802
203
148
250
453
-272
497
-250
-42
120
-379
87
-601
3
-579
-328
-274
-516
-812
-408
-371
-871
-521
-690
-441
-819
-666
-660
-478
-569
-834
-398
-395
-608
-621
-149
-279
-564
-185
-228
-98
-35
47
16
20
244
189
326
232
567
439
467
634
502
533
674
788
713
573
582
787
717
518
615
724
485
344
497
387
366
323
127
64
-62
52
-10
-317
-251
-223
-429
-466
-586
-471
-629
-687
-666
-678
-774
-811
-709
-724
-834
-842
-772
-643
-741
-679
-681
-452
-500
-641
-430
-393
-144
-300
-186
-15
82
-132
107
303
345
346
305
501
515
580
668
675
637
858
709
699
801
904
811
743
766
838
770
558
754
823
591
446
494
615
507
165
388
424
234
10
152
265
-134
-115
175
-69
-336
-225
-137
-181
-339
-248
-365
-444
-373
-335
-408
-443
-425
-443
-543
-530
-393
-377
-502
-581
-420
-338
-517
-515
-260
-424
-482
-262
-345
-287
-316
-186
-114
-308
-55
-139
-206
-66
154
20
-100
47
228
-65
32
408
143
29
117
319
145
211
183
233
200
126
281
143
155
183
289
73
45
327
58
239
93
63
332
64
143
-15
143
340
0
148
147
82
85
59
171
143
23
43
180
-168
108
202
-205
42
57
-123
-208
-35
217
-270
-364
135
-306
-264
17
-422
-59
-175
-422
-69
-312
-268
-184
-560
34
-413
-323
-98
-559
-193
-221
-335
-345
-314
-415
-155
-372
-290
-231
-402
-67
-549
-356
-84
-248
-322
-315
-187
-115
-339
-230
25
-246
-113
-46
-66
53
-8
154
121
137
222
223
426
347
298
533
546
533
523
709
697
577
716
876
700
703
982
740
791
761
902
733
476
1014
794
406
813
501
612
599
329
490
275
246
445
-22
291
116
-115
19
-130
-206
-55
-317
-419
-244
-504
-305
-571
-648
-388
-620
-735
-575
-731
-744
-637
-887
-659
-716
-970
-650
-811
-856
-686
-879
-640
-846
-796
-473
-856
-645
-499
-807
-313
-595
-656
-123
-454
-421
-205
-340
-22
-285
-98
270
-200
90
265
79
434
220
396
399
394
617
538
532
822
736
515
780
971
633
860
932
779
1057
582
1002
1063
638
962
652
928
845
555
849
697
499
695
338
458
605
66
302
384
-27
50
3
-126
-114
-344
-316
-371
-631
-472
-529
-738
-689
-899
-845
-966
-926
-923
-1106
-1141
-1134
-809
-1333
-1149
-1098
-1107
-1076
-1187
-990
-966
-1108
-823
-800
-980
-827
-648
-562
-541
-641
-300
-254
-376
-62
0
-104
267
159
294
319
581
729
512
720
857
835
944
1072
1010
1326
804
1379
1294
1147
1381
1131
1326
1316
1145
1345
1136
1260
1257
831
1253
939
864
994
729
860
606
481
729
325
196
557
23
86
57
-201
-13
-240
-404
-167
-665
-621
-494
-751
-553
-994
-803
-786
-1030
-858
-1116
-1060
-857
-1158
-1073
-1158
-1027
-846
-1204
-950
-975
-1087
-779
-967
-856
-814
-669
-699
-700
-494
-581
-495
-323
-385
-217
-264
-96
29
-157
208
-2
265
295
188
488
322
430
707
397
619
775
582
637
726
811
689
843
864
742
739
769
826
693
853
633
796
590
642
541
804
442
260
655
408
178
399
223
263
51
86
76
-157
2
-73
-249
-304
-341
-129
-537
-440
-377
-521
-587
-643
-538
-697
-559
-707
-668
-694
-774
-651
-765
-646
-684
-615
-776
-676
-478
-637
-658
-394
-536
-561
-392
-464
-262
-347
-221
-224
-290
-153
-104
41
-96
4
145
81
119
159
270
273
323
298
377
447
341
495
650
309
580
584
543
623
539
673
562
571
591
661
625
557
569
572
568
510
456
477
524
342
399
457
172
342
206
290
130
46
217
-38
-26
87
-63
-161
-195
-100
-69
-376
-265
-217
-378
-236
-348
-367
-391
-377
-307
-424
-553
-251
-356
-422
-437
-342
-309
-474
-264
-278
-358
-207
-353
-236
-175
-247
-144
-119
-134
-61
-149
21
-75
-57
137
-28
45
200
-20
75
206
48
266
90
189
208
68
267
123
214
242
90
215
159
153
83
205
116
136
-34
203
64
-60
84
38
-29
-3
-15
-71
-131
-32
-81
-176
-32
-179
-117
-189
-122
-191
-142
-160
-93
-255
-180
-98
-147
-204
-104
-63
-173
-127
-36
-63
-159
16
55
-114
-76
68
87
-94
134
77
30
80
53
155
98
96
114
168
105
105
123
95
214
107
41
133
167
55
26
158
81
72
-23
55
101
-39
-23
59
21
-38
-81
39
-33
-84
-43
-22
-29
-85
-84
19
-109
-116
16
-62
-57
-49
-13
-83
-3
-32
10
13
-10
1
-12
37
53
64
63
-7
16
187
82
-22
93
183
91
-26
91
156
110
73
25
74
130
44
11
66
77
8
-53
79
17
-48
-111
57
-61
-114
-43
-55
-141
-108
-97
-134
-138
-201
-32
-193
-242
-103
-175
-165
-181
-175
-127
-239
-115
-153
-234
-70
-151
-148
-90
-166
-58
-86
-113
-21
-58
-49
-14
9
-18
37
26
44
83
89
135
50
127
168
157
114
186
217
142
194
221
206
258
179
226
276
171
265
214
249
270
197
258
206
216
186
264
240
102
188
295
130
30
226
192
28
44
172
97
-26
53
18
-2
-63
1
-42
-108
-146
-53
-48
-226
-170
-127
-149
-223
-234
-188
-156
-267
-206
-250
-228
-234
-215
-240
-288
-165
-226
-260
-205
-131
-243
-191
-141
-165
-167
-163
-120
-108
-85
-127
-30
-62
-103
-9
-28
-6
-89
40
79
-28
28
37
94
41
41
84
103
77
75
90
149
106
46
135
170
78
79
149
138
98
97
150
104
91
141
111
54
119
118
66
121
62
72
82
68
82
29
57
78
31
-6
28
85
-25
-7
61
-22
-61
-3
48
-61
-56
-26
-13
-72
-70
-11
-76
-66
-68
-45
-97
-71
-75
-65
-85
-78
-54
-108
-75
-65
-59
-110
-29
-57
-87
-18
-81
-19
-58
-22
-16
-29
-14
-19
3
28
-3
-4
47
32
6
32
72
28
47
58
96
23
52
102
57
49
72
68
51
61
63
71
42
43
67
25
33
66
7
26
26
23
13
-17
29
1
-20
-9
-14
-8
-37
-30
-15
-45
-40
-46
-29
-44
-73
-22
-63
-60
-43
-61
-49
-65
-24
-67
-62
-18
-59
-52
-23
-30
-53
-36
5
-38
-29
0
5
-24
-13
25
8
-14
27
31
1
7
33
48
2
30
56
6
35
49
36
27
37
60
4
39
50
36
26
38
44
12
33
47
14
33
27
30
14
33
14
8
30
9
13
11
4
1
10
7
-3
-9
10
-19
-11
-10
4
-20
-15
4
-31
-6
-32
-5
-24
-27
-22
-8
-15
-38
-19
-3
-28
-37
-8
-14
-18
-23
-14
-23
-16
-26
3
-14
-33
-2
-15
-26
-10
-10
0
-38
-12
19
-48
-16
17
-24
-23
-28
15
-18
-37
19
-31
2
-30
-2
-2
-33
2
-6
-9
-14
-18
16
-13
-8
-2
-5
5
-5
-2
8
4
-5
9
7
11
-1
7
20
5
4
16
23
7
13
11
19
16
20
29
4
23
16
33
16
17
48
11
25
29
40
20
22
57
31
12
34
58
16
23
46
40
20
25
36
21
31
17
33
23
15
6
21
24
4
4
10
4
-6
-5
5
-16
-6
-3
-12
-24
-25
-3
-24
-26
-15
-17
-30
-42
-6
-21
-41
-18
-17
-37
-36
-18
-22
-22
-28
-28
-25
-27
-24
-17
-27
-22
-17
-24
-25
-23
-17
-7
-32
-22
-12
-15
-26
-12
-2
-21
-29
-3
0
-25
-7
7
-4
-18
-2
1
-1
2
18
1
-5
12
17
-4
17
25
10
4
14
23
10
14
24
23
6
9
28
23
13
14
20
13
16
22
11
22
15
7
12
17
10
19
7
7
15
2
8
3
6
3
-3
-1
-7
0
-6
-19
-3
-6
-17
-17
-18
-9
-27
-20
-14
-17
-25
-26
-13
-20
-23
-20
-8
-17
-21
-18
-7
-13
-14
0
-8
-5
0
4
-5
6
10
4
5
19
9
11
11
28
17
6
28
12
20
14
24
11
15
27
16
14
11
21
7
4
21
14
4
4
16
12
2
6
4
5
0
5
0
-11
24
-10
-11
-2
2
-5
-7
-6
-2
-4
-17
-10
-3
-5
-13
-9
-14
-12
-19
-11
-10
-20
-4
-19
-21
-21
-9
-16
-23
-6
-10
-29
-18
-4
-18
-18
-6
-7
-9
-12
-18
-2
0
-10
-8
8
3
-9
-1
4
6
8
6
9
0
11
16
2
15
28
3
-2
20
21
11
6
26
9
-4
9
12
17
4
10
7
-2
2
6
8
1
-2
4
2
-9
4
9
-6
-12
3
6
-9
-14
10
7
-18
-7
7
-2
-16
4
4
-5
-12
0
9
-18
2
7
-14
-3
-4
1
-9
-3
11
-11
-10
-1
6
-6
-9
8
0
-3
-5
-3
3
-1
-1
5
0
-1
2
-8
9
7
-3
8
1
5
-1
4
12
15
5
2
9
8
12
10
17
11
8
6
8
14
10
17
7
3
13
4
11
10
9
7
3
11
-2
3
8
6
-2
3
1
-3
-5
-1
6
-14
-11
0
-8
-14
-10
1
-13
-18
-12
-13
-23
-8
-6
-22
-19
-19
-23
-18
-17
-7
-17
-27
-6
-24
-26
-6
-9
-10
-12
-13
-12
-11
-3
2
0
-3
-2
1
-5
5
11
3
10
8
7
6
5
19
15
9
11
8
10
10
8
20
12
9
4
10
17
7
8
13
3
1
3
4
13
2
0
3
5
1
-3
2
2
1
-5
-6
-4
5
0
-11
-1
-2
-9
-9
-7
-1
-10
-7
-7
-2
-5
-17
3
-6
-5
-1
-16
-4
6
-7
-4
-2
4
2
-9
9
3
5
5
3
3
0
8
9
2
9
8
-2
12
8
17
3
10
10
4
5
5
16
6
11
6
3
12
6
2
12
10
1
4
10
8
3
10
8
11
4
4
10
9
1
8
3
10
-1
5
8
1
11
4
-13
6
-3
-1
2
-6
4
-12
-3
-11
-2
-1
-2
-13
-12
-2
-17
-15
-12
-9
-7
-15
-21
-8
-15
-16
-20
-8
-13
-20
-17
-14
-21
-13
-13
-23
-9
-16
-16
-6
-17
-14
-9
-13
-9
-9
-2
-4
-6
5
-6
3
0
2
6
-5
3
13
1
14
3
7
16
11
9
4
12
12
9
15
10
13
18
7
23
5
15
20
13
15
8
16
16
7
13
17
14
7
16
14
2
9
12
0
10
-3
7
3
-1
13
-6
-3
8
0
-11
-9
-6
-5
-11
-13
-8
-7
-11
-15
-17
-8
-18
-24
-10
-19
-22
-23
-18
-15
-21
-18
-17
-14
-21
-18
-24
-13
-13
-21
-16
-15
-13
-10
-4
-7
-11
-4
-8
-2
-6
-6
3
0
0
12
-4
15
11
4
10
1
20
11
7
20
14
14
24
14
19
21
14
24
14
16
24
18
17
24
15
20
23
11
20
19
20
10
15
16
18
9
9
20
13
10
8
11
16
4
4
10
5
0
6
6
3
2
-3
5
1
-5
1
0
-5
-8
-4
-3
-8
-3
-7
-10
-7
-10
-4
-16
-9
-15
-10
-16
-13
-9
-15
-18
-17
-11
-14
-16
-22
-10
-23
-16
-16
-15
-18
-21
-13
-15
-19
-15
-14
-17
-15
-17
-16
-11
-14
-13
-9
-13
-4
-13
-6
-11
-9
-6
-10
-6
-6
0
-7
-2
-1
-5
-1
2
-7
0
0
2
-1
1
2
4
5
0
5
5
10
2
6
6
8
7
5
6
12
6
10
8
10
12
3
9
15
6
6
11
9
15
6
7
14
12
10
5
14
12
12
10
8
14
11
8
15
3
16
9
11
5
12
10
7
9
10
6
7
11
4
9
4
8
1
8
2
2
3
4
6
-2
3
5
-2
2
1
-1
0
-1
-1
-1
2
-3
-3
-4
-2
-4
-1
-6
-5
-2
-7
-8
-5
-2
-10
-10
-6
-5
-5
-13
-8
-5
-12
-10
-15
-5
-7
-12
-14
-11
-3
-11
-16
-11
-6
-13
-8
-15
-3
-9
-16
-8
-7
-6
-14
-11
-5
-8
-10
-9
-6
-3
-14
-6
-8
-4
-5
-9
-4
-5
-5
-1
-5
-4
0
-2
2
-5
3
3
1
0
2
10
2
1
8
9
5
5
9
11
3
10
14
5
11
10
10
11
7
10
7
11
10
6
13
9
5
11
10
9
4
10
11
4
8
8
6
9
1
10
6
1
5
2
6
2
2
5
2
1
-2
2
8
-4
-2
4
1
-3
1
0
-1
0
-5
1
1
-4
-1
-1
-3
0
-4
-3
-1
-3
-3
-6
1
-5
-7
0
-7
