SAMPLES:	11219
BITSPERSAMPLE:	16
CHANNELS:	1
SAMPLERATE:	16000
NORMALIZED:	FALSE
0
0
-1
1
1
1
0
0
1
1
0
0
1
0
1
0
-1
0
0
0
0
0
0
0
0
0
0
-1
-1
0
0
0
0
0
0
0
-1
0
0
0
-1
0
0
0
0
-1
-1
0
0
0
-1
-1
0
-1
0
0
-1
-1
0
0
-1
-1
-1
0
0
0
-1
-1
-1
-1
-2
0
0
-1
0
0
0
1
0
0
1
0
1
0
0
0
1
0
0
1
0
-1
1
-1
0
0
0
0
0
-1
0
0
-1
-1
1
-1
-1
0
0
-1
0
0
-1
0
-1
0
0
0
1
0
0
0
1
1
0
1
0
1
1
1
1
2
1
0
1
0
0
0
0
0
0
0
-1
0
0
0
1
-1
0
1
-1
0
0
0
0
1
-1
0
1
0
1
1
1
0
0
0
1
1
1
1
2
1
1
1
1
0
1
1
1
0
0
0
-1
-1
-1
0
-1
0
-1
-1
0
-1
-1
-1
-1
-1
-1
0
-1
-1
0
-1
-1
0
-1
0
0
0
0
-1
0
1
0
0
1
0
0
0
0
0
1
0
0
0
0
0
1
-1
0
0
-1
0
0
-1
-1
-1
0
0
-1
-1
0
-1
-1
-1
0
-1
0
1
0
-1
1
1
0
0
0
-1
0
0
-1
-1
-1
0
0
-1
0
0
0
1
-1
0
1
0
0
1
0
-1
3
0
0
0
1
1
2
1
2
2
1
3
1
3
2
3
3
2
2
3
2
1
0
0
0
1
-1
-1
1
-1
0
-2
-2
-2
-2
-3
-2
-4
-2
-1
-2
-2
-1
-2
-1
1
-1
-2
1
3
2
2
0
3
4
2
1
0
2
3
-1
-2
0
0
-1
1
-3
-1
2
0
-1
0
0
0
-1
-1
-1
-5
-1
-2
-5
-2
-3
-1
2
0
-2
0
2
1
1
-1
-1
1
1
1
0
4
4
5
0
3
2
3
4
-1
1
0
0
2
1
-2
1
-1
1
-1
-2
-1
1
2
-1
-1
1
2
2
0
1
3
3
7
4
3
6
5
3
3
1
0
4
-1
-4
-4
-4
-2
-4
-8
-5
-6
-4
-4
-8
-5
-2
-3
-4
-5
-3
-1
-2
0
-2
-1
2
0
1
1
0
2
2
2
-1
-1
1
1
-3
-3
-2
-1
-1
-4
-2
-5
0
-1
-7
0
1
-1
2
0
-2
4
2
-1
3
-3
3
2
2
-1
4
1
5
5
0
3
5
4
2
4
-1
8
2
3
2
0
4
3
-2
-1
1
-1
0
-1
-6
-1
0
-1
-4
-2
1
1
3
-1
1
-2
3
0
-4
-1
0
0
2
-3
3
4
4
5
1
1
4
5
1
1
2
6
4
6
5
5
9
7
7
1
5
2
-1
0
-4
-6
-4
-4
-8
-9
-8
-6
-7
-7
-9
-6
-3
-1
-4
-4
-1
3
-1
-2
-4
0
1
-1
-1
-1
1
-2
2
-1
1
4
3
1
5
-1
6
4
-1
4
-4
-2
0
-1
-5
-2
1
-7
-1
-8
-5
-8
-9
-4
-10
-3
-4
1
-3
0
-4
-3
2
-4
6
-4
4
8
-4
7
0
7
-4
2
1
5
6
2
10
-1
12
5
-5
1
0
-2
-4
2
-7
4
0
-1
2
-1
3
-1
11
-9
12
-2
3
4
1
-2
-2
3
-7
-3
-8
-3
-4
-6
-1
-7
2
5
2
9
0
6
0
10
-11
4
-1
-10
12
-7
3
8
4
8
11
11
13
15
0
11
8
-7
5
-11
-2
-5
-6
-2
1
-1
2
2
-11
14
-4
-6
9
-8
-2
-1
-8
-7
2
-13
3
-8
-1
2
-1
1
8
12
-1
18
-4
15
-1
3
3
-5
2
0
2
2
3
1
-2
-1
-2
-7
0
-1
-7
-2
-8
2
-5
-2
-13
-1
-11
-15
-15
-31
-17
-33
-22
-22
-25
-19
-24
-32
-20
-28
-22
-28
-26
-34
-31
-37
-33
-30
-39
-28
-33
-34
-22
-21
-16
-1
9
12
26
38
32
53
44
52
51
53
43
44
36
41
37
34
41
26
30
39
21
31
29
28
30
29
28
16
34
22
27
33
45
41
60
62
57
83
85
91
95
104
101
94
90
71
78
50
45
22
2
-18
-42
-52
-75
-83
-116
-117
-139
-155
-155
-173
-167
-164
-161
-150
-141
-124
-111
-94
-82
-56
-55
-35
-29
-31
-30
-34
-38
-52
-56
-73
-83
-93
-101
-116
-118
-117
-119
-120
-113
-102
-89
-72
-56
-26
8
35
78
107
151
181
211
242
262
283
294
296
295
290
277
243
235
197
155
135
81
53
13
-23
-51
-87
-99
-123
-138
-132
-137
-135
-117
-101
-89
-53
-36
-11
22
42
76
100
131
157
187
205
217
229
222
216
200
169
135
99
46
10
-49
-94
-137
-182
-215
-240
-268
-283
-279
-290
-278
-266
-243
-216
-189
-153
-128
-89
-56
-33
16
35
59
95
104
126
133
127
127
113
80
53
12
-35
-73
-137
-175
-226
-285
-315
-371
-406
-433
-465
-479
-487
-503
-493
-489
-472
-439
-407
-351
-289
-218
-145
-56
32
134
234
335
443
544
633
728
799
874
934
968
1016
1016
1012
1002
956
912
858
774
701
611
501
400
282
167
53
-66
-172
-272
-377
-457
-530
-586
-619
-642
-647
-635
-604
-577
-533
-488
-439
-390
-344
-305
-270
-236
-217
-206
-188
-188
-186
-190
-192
-198
-210
-212
-218
-210
-213
-207
-192
-184
-164
-145
-135
-102
-90
-83
-52
-51
-41
-21
-27
-17
-8
-13
4
23
24
56
84
95
139
159
187
222
231
268
283
292
304
303
309
304
284
267
240
211
176
127
105
64
38
18
-7
-11
-10
4
19
42
65
87
115
129
146
156
175
172
183
188
171
177
151
142
121
89
57
15
-35
-90
-150
-215
-266
-337
-396
-448
-510
-559
-601
-645
-661
-677
-684
-664
-642
-606
-561
-518
-457
-401
-348
-285
-233
-181
-125
-77
-11
54
120
212
295
399
510
612
737
860
960
1074
1162
1241
1320
1354
1391
1408
1397
1367
1316
1239
1145
1024
880
721
541
338
121
-107
-343
-575
-810
-1025
-1213
-1392
-1526
-1619
-1687
-1696
-1663
-1599
-1483
-1328
-1164
-959
-755
-557
-340
-163
7
163
269
361
412
431
432
392
338
268
190
97
-13
-119
-223
-334
-443
-536
-630
-702
-776
-840
-868
-892
-901
-888
-851
-788
-709
-616
-496
-355
-201
-47
140
334
530
733
929
1135
1328
1505
1669
1818
1938
2033
2105
2142
2166
2148
2090
2023
1907
1756
1579
1358
1128
867
572
285
-15
-319
-611
-903
-1162
-1381
-1582
-1729
-1833
-1892
-1897
-1866
-1783
-1659
-1491
-1297
-1074
-824
-580
-342
-111
81
251
377
453
507
503
453
386
284
164
38
-118
-255
-388
-525
-651
-764
-875
-964
-1056
-1142
-1198
-1266
-1320
-1356
-1386
-1384
-1365
-1330
-1256
-1161
-1042
-887
-708
-506
-266
-23
258
558
860
1194
1523
1857
2185
2492
2767
3020
3221
3369
3478
3507
3493
3415
3267
3074
2810
2512
2156
1767
1358
914
480
23
-399
-823
-1224
-1572
-1892
-2152
-2338
-2468
-2529
-2501
-2453
-2320
-2152
-1960
-1723
-1502
-1284
-1067
-894
-739
-620
-532
-470
-451
-448
-462
-481
-511
-552
-575
-581
-591
-588
-579
-577
-583
-604
-650
-706
-799
-921
-1037
-1172
-1315
-1447
-1565
-1663
-1697
-1732
-1698
-1593
-1486
-1291
-1071
-808
-476
-139
224
612
1012
1417
1831
2243
2634
3027
3392
3732
4035
4293
4500
4656
4740
4761
4715
4583
4411
4141
3812
3398
2908
2375
1757
1111
435
-271
-927
-1587
-2193
-2697
-3157
-3452
-3661
-3743
-3678
-3509
-3225
-2861
-2447
-1992
-1518
-1077
-661
-315
-59
117
207
195
119
-27
-208
-433
-669
-915
-1132
-1321
-1495
-1615
-1711
-1737
-1754
-1736
-1709
-1667
-1640
-1652
-1680
-1741
-1822
-1914
-2017
-2126
-2194
-2247
-2247
-2188
-2078
-1905
-1641
-1362
-1008
-608
-173
316
810
1305
1814
2301
2781
3239
3677
4113
4489
4840
5123
5377
5568
5699
5753
5724
5605
5398
5099
4703
4202
3607
2921
2144
1328
437
-446
-1305
-2144
-2893
-3515
-4036
-4367
-4561
-4597
-4433
-4156
-3729
-3215
-2629
-1989
-1359
-760
-200
242
611
846
961
965
842
654
377
57
-268
-589
-885
-1153
-1383
-1536
-1635
-1669
-1679
-1600
-1520
-1425
-1339
-1317
-1298
-1374
-1496
-1675
-1913
-2198
-2489
-2777
-3015
-3183
-3267
-3241
-3076
-2822
-2444
-1952
-1354
-666
70
845
1617
2431
3150
3835
4465
5013
5509
5898
6186
6423
6566
6618
6586
6452
6255
5933
5511
4961
4338
3617
2820
1937
1003
89
-849
-1754
-2586
-3334
-3928
-4396
-4722
-4844
-4828
-4618
-4294
-3859
-3288
-2701
-2054
-1431
-888
-316
73
397
614
665
687
513
307
52
-254
-547
-883
-1155
-1373
-1590
-1749
-1874
-1938
-1933
-1962
-1921
-1893
-1843
-1804
-1842
-1861
-1919
-2028
-2185
-2378
-2592
-2785
-2991
-3162
-3219
-3221
-3109
-2895
-2589
-2102
-1558
-919
-164
639
1495
2354
3178
3986
4758
5440
6027
6536
6974
7300
7537
7681
7747
7713
7547
7316
6945
6470
5878
5085
4286
3339
2298
1252
131
-928
-1951
-2919
-3774
-4468
-4981
-5344
-5502
-5511
-5322
-4961
-4527
-3949
-3339
-2677
-2026
-1456
-906
-485
-144
74
135
147
38
-177
-415
-713
-998
-1260
-1568
-1807
-1990
-2159
-2275
-2388
-2437
-2418
-2437
-2403
-2369
-2333
-2264
-2261
-2242
-2253
-2262
-2302
-2416
-2478
-2571
-2650
-2666
-2660
-2538
-2344
-2038
-1658
-1132
-482
208
1030
1858
2741
3625
4474
5267
6005
6696
7260
7766
8116
8400
8600
8633
8593
8432
8154
7778
7235
6574
5783
4897
3889
2723
1562
319
-921
-2121
-3332
-4373
-5250
-6012
-6573
-6924
-7028
-6904
-6644
-6166
-5506
-4755
-3911
-3087
-2213
-1388
-689
-63
360
710
863
810
702
451
136
-251
-680
-1055
-1423
-1738
-1999
-2186
-2275
-2338
-2345
-2294
-2178
-2060
-1957
-1834
-1746
-1714
-1698
-1742
-1830
-1951
-2124
-2326
-2516
-2699
-2860
-2908
-2849
-2715
-2459
-2032
-1487
-794
-44
794
1779
2701
3603
4496
5310
6117
6786
7295
7799
8186
8411
8527
8505
8443
8245
7887
7429
6844
6255
5461
4542
3610
2514
1406
186
-1105
-2267
-3459
-4571
-5586
-6430
-7004
-7454
-7654
-7569
-7185
-6647
-5902
-4989
-3945
-2806
-1770
-752
187
987
1540
1867
1983
1933
1698
1185
659
57
-587
-1196
-1840
-2280
-2578
-2859
-3041
-3071
-2913
-2782
-2628
-2374
-2198
-1948
-1869
-1904
-1861
-1956
-2138
-2332
-2590
-2801
-2986
-3195
-3295
-3272
-3118
-2910
-2523
-1999
-1375
-556
285
1163
2202
3149
4151
5090
5900
6708
7350
7930
8372
8645
8845
8901
8858
8669
8331
8010
7474
6874
6242
5381
4564
3572
2432
1364
81
-1137
-2374
-3564
-4583
-5609
-6374
-7002
-7307
-7361
-7285
-6800
-6151
-5296
-4273
-3246
-2114
-917
113
969
1723
2277
2541
2564
2388
2000
1524
803
-7
-733
-1448
-2213
-2828
-3234
-3571
-3660
-3752
-3707
-3395
-3146
-2913
-2650
-2476
-2286
-2236
-2419
-2604
-2747
-3048
-3372
-3697
-3946
-4093
-4192
-4168
-4070
-3675
-3216
-2673
-1866
-1001
-33
1109
2185
3358
4572
5605
6629
7546
8298
8937
9428
9703
9969
10027
9947
9789
9458
9157
8592
7977
7193
6262
5340
4039
2771
1351
-141
-1560
-3165
-4525
-5781
-6864
-7711
-8426
-8648
-8653
-8438
-7819
-7081
-6027
-4846
-3676
-2418
-1134
-20
931
1751
2255
2640
2701
2478
2162
1637
961
184
-643
-1456
-2181
-2803
-3326
-3676
-3836
-3843
-3720
-3539
-3276
-2909
-2617
-2425
-2383
-2392
-2479
-2808
-3175
-3613
-4089
-4452
-4881
-5172
-5224
-5190
-4880
-4373
-3679
-2702
-1564
-265
1168
2702
4217
5734
7210
8413
9572
10467
11123
11593
11832
11899
11793
11562
11079
10697
10149
9376
8682
7782
6825
5706
4353
2991
1550
-43
-1750
-3391
-4895
-6251
-7489
-8580
-9206
-9474
-9606
-9350
-8819
-7919
-6779
-5717
-4441
-3070
-1797
-580
361
1240
2003
2361
2568
2509
2303
1920
1265
497
-327
-1146
-2032
-2826
-3506
-4009
-4307
-4590
-4591
-4456
-4219
-3851
-3608
-3249
-2994
-2853
-2822
-2993
-3103
-3418
-3845
-4206
-4559
-4780
-4956
-5001
-4810
-4334
-3660
-2897
-1757
-393
1023
2587
4145
5793
7348
8652
9790
10717
11469
11850
12055
12086
11934
11664
11242
10796
10284
9679
8959
8181
7196
6104
4820
3359
1881
88
-1667
-3417
-5113
-6598
-8042
-9156
-9900
-10284
-10478
-10299
-9691
-8852
-7749
-6606
-5293
-3851
-2543
-1275
-204
801
1638
2132
2483
2546
2429
2055
1472
765
-70
-887
-1755
-2508
-3105
-3572
-3831
-3944
-3850
-3613
-3301
-2883
-2525
-2262
-2006
-1976
-2160
-2407
-2818
-3356
-3908
-4516
-5066
-5434
-5700
-5735
-5590
-5145
-4344
-3406
-2162
-714
940
2700
4479
6265
7903
9468
10744
11731
12538
12982
13196
13226
13022
12693
12282
11761
11151
10528
9780
8924
7927
6810
5607
4105
2524
803
-925
-2704
-4495
-6092
-7590
-8796
-9805
-10500
-10810
-10856
-10547
-9916
-9070
-7980
-6685
-5374
-3937
-2498
-1296
-48
997
1724
2265
2480
2359
2078
1486
620
-259
-1228
-2134
-3004
-3674
-4148
-4450
-4491
-4421
-4179
-3748
-3379
-2992
-2709
-2593
-2524
-2742
-3065
-3482
-4014
-4615
-5188
-5661
-6005
-6101
-6041
-5733
-5062
-4098
-2961
-1535
104
1896
3767
5606
7448
9099
10669
11969
12840
13660
14093
14248
14198
13783
13421
12737
11911
11114
9955
8837
7619
6151
4707
3023
1321
-425
-2266
-3901
-5603
-7028
-8226
-9251
-9863
-10340
-10371
-10095
-9558
-8737
-7780
-6545
-5202
-3860
-2546
-1274
-103
907
1653
2176
2432
2498
2212
1720
1034
237
-545
-1454
-2208
-2901
-3338
-3571
-3783
-3704
-3572
-3322
-2976
-2795
-2572
-2510
-2561
-2820
-3222
-3674
-4300
-4901
-5547
-6068
-6416
-6675
-6656
-6322
-5691
-4914
-3849
-2435
-828
930
2725
4611
6552
8390
10060
11535
12897
13952
14765
15375
15513
15609
15378
14832
14261
13302
12203
10940
9482
7891
6019
4134
2132
-20
-2174
-4337
-6250
-8055
-9560
-10782
-11688
-12060
-12251
-12030
-11442
-10580
-9386
-8113
-6668
-5183
-3746
-2388
-1205
-187
665
1208
1398
1483
1259
841
273
-368
-1001
-1612
-2189
-2701
-2959
-3039
-3051
-2981
-2731
-2452
-2183
-1953
-1894
-1846
-1983
-2288
-2764
-3280
-3927
-4656
-5321
-6017
-6378
-6735
-6859
-6589
-6133
-5352
-4366
-3060
-1481
329
2239
4162
6162
8207
10061
11757
13305
14588
15740
16525
16903
17149
17098
16738
16162
15169
14028
12701
11112
9270
7285
5203
3001
709
-1722
-3982
-6134
-8153
-9859
-11297
-12327
-12902
-13199
-13028
-12486
-11610
-10445
-9107
-7626
-6161
-4619
-3342
-2161
-1106
-394
108
322
311
144
-220
-692
-1162
-1591
-1984
-2312
-2557
-2594
-2531
-2441
-2200
-1969
-1714
-1563
-1548
-1627
-1852
-2178
-2677
-3296
-3908
-4581
-5313
-5984
-6469
-6741
-6913
-6796
-6435
-5796
-4892
-3859
-2514
-855
943
2792
4725
6679
8646
10529
12109
13654
15002
16110
16865
17303
17632
17616
17409
16707
15824
14829
13374
11773
9852
7817
5730
3278
826
-1644
-4001
-6185
-8313
-10078
-11449
-12400
-13026
-13238
-12892
-12204
-11102
-9851
-8426
-6796
-5245
-3779
-2541
-1480
-637
-74
58
-79
-316
-749
-1347
-2036
-2652
-3147
-3552
-3828
-3967
-3859
-3556
-3183
-2791
-2396
-1953
-1672
-1594
-1773
-2080
-2553
-3258
-4068
-4975
-5839
-6792
-7541
-8138
-8426
-8369
-8149
-7402
-6495
-5301
-3776
-2066
-10
2104
4216
6338
8410
10347
12112
13612
14919
15981
16667
17091
17325
17318
17199
16658
15940
15101
13920
12684
11102
9398
7609
5506
3284
930
-1366
-3509
-5648
-7577
-9218
-10453
-11303
-11871
-11947
-11562
-10726
-9654
-8492
-7058
-5563
-4096
-2723
-1687
-728
33
379
314
88
-254
-739
-1397
-2279
-2933
-3456
-3954
-4319
-4529
-4370
-4027
-3794
-3525
-3175
-2788
-2586
-2732
-2984
-3398
-3961
-4779
-5782
-6651
-7518
-8374
-9003
-9400
-9382
-8899
-8253
-7099
-5722
-4159
-2087
-82
2107
4318
6435
8454
10200
11726
13096
14216
15054
15566
15828
16054
16037
15836
15546
15004
14372
13502
12461
11336
9918
8438
6655
4710
2680
503
-1529
-3490
-5336
-7008
-8394
-9300
-9981
-10287
-10160
-9669
-8694
-7716
-6681
-5354
-4007
-2666
-1657
-796
41
543
651
428
153
-218
-815
-1659
-2439
-3034
-3597
-4134
-4504
-4461
-4239
-4027
-3768
-3432
-3019
-2823
-2861
-3039
-3321
-3875
-4755
-5728
-6718
-7687
-8696
-9606
-10134
-10344
-10168
-9617
-8703
-7311
-5620
-3705
-1593
674
2989
5217
7258
9080
10665
12102
13175
13963
14599
15005
15231
15316
15275
15158
14933
14471
13890
13103
12152
10963
9537
7926
6072
3969
1830
-397
-2513
-4505
-6429
-7969
-9211
-10002
-10485
-10645
-10253
-9502
-8533
-7438
-6279
-4836
-3420
-2272
-1228
-307
443
816
768
582
311
-194
-986
-1778
-2451
-3079
-3674
-4212
-4362
-4225
-4079
-3891
-3525
-3059
-2770
-2717
-2820
-3000
-3464
-4259
-5180
-6172
-7185
-8281
-9307
-9952
-10273
-10331
-9907
-9034
-7729
-5908
-3917
-1674
887
3391
5874
8264
10268
12118
13727
14830
15621
16163
16433
16427
16247
15846
15380
14850
13996
13173
12216
11033
9772
8239
6691
4960
2990
1033
-949
-2788
-4613
-6303
-7623
-8722
-9379
-9794
-9896
-9537
-8832
-7962
-7082
-5870
-4590
-3285
-2185
-1398
-433
329
668
563
318
185
-358
-1301
-2217
-2907
-3482
-4246
-4978
-5210
-5126
-5053
-4936
-4620
-3992
-3528
-3443
-3383
-3339
-3601
-4266
-5125
-6015
-6924
-8006
-9180
-9855
-10211
-10491
-10292
-9618
-8392
-6783
-4978
-2788
-267
2316
4740
7059
9383
11411
13052
14356
15310
16040
16464
16495
16296
15990
15543
14927
14117
13177
12250
11116
9799
8347
6668
5040
3181
1162
-744
-2599
-4281
-5901
-7234
-8189
-8768
-9040
-9008
-8588
-7747
-6716
-5737
-4487
-3117
-1810
-715
133
957
1622
1805
1623
1302
1023
419
-679
-1597
-2290
-3009
-3812
-4581
-4827
-4736
-4729
-4771
-4454
-3768
-3356
-3243
-3151
-3040
-3218
-3847
-4784
-5685
-6572
-7797
-9091
-9958
-10461
-10919
-11033
-10493
-9430
-8017
-6346
-4280
-1697
832
3234
5597
8088
10293
11772
13114
14244
15047
15449
15311
15156
14926
14416
13735
12829
12085
11294
10249
9148
7808
6516
5158
3538
1748
-98
-1794
-3321
-4928
-6419
-7398
-8117
-8450
-8540
-8355
-7486
-6450
-5454
-4319
-2965
-1528
-324
577
1362
2117
2469
2300
1924
1606
1068
174
-874
-1738
-2387
-3172
-3921
-4334
-4389
-4370
-4421
-4252
-3855
-3393
-3152
-3210
-3088
-3172
-3705
-4473
-5358
-6214
-7271
-8559
-9650
-10214
-10662
-10967
-10723
-9899
-8556
-7047
-5204
-2845
-248
2175
4582
7073
9311
11165
12567
13752
14624
15088
15141
14994
14605
14109
13404
12604
11782
10832
9875
8865
7707
6297
4940
3566
1899
78
-1682
-3252
-4735
-6270
-7639
-8464
-8824
-9067
-9029
-8463
-7271
-6095
-4979
-3517
-1863
-227
889
1763
2754
3452
3537
3153
2784
2435
1729
534
-514
-1252
-1950
-2718
-3519
-3758
-3719
-3781
-3878
-3808
-3405
-3107
-3197
-3396
-3484
-3788
-4471
-5388
-6296
-7101
-8162
-9334
-10088
-10506
-10793
-10762
-10151
-9062
-7595
-5923
-3857
-1389
1034
3397
5718
8035
9949
11504
12877
13799
14421
14869
14895
14806
14463
14012
13731
13186
12408
11627
11005
10123
8707
7142
5684
4100
2105
-302
-2347
-4002
-5925
-7861
-9342
-10067
-10423
-10769
-10650
-9687
-8238
-6904
-5598
-3762
-1749
-81
1109
2066
3068
3667
3534
2986
2549
2087
1178
-74
-1041
-1694
-2261
-2931
-3538
-3527
-3331
-3387
-3495
-3299
-2951
-2951
-3373
-3775
-4107
-4772
-5910
-7131
-8050
-9096
-10301
-11336
-11949
-12056
-12061
-11638
-10526
-8960
-7012
-4788
-2253
590
3365
5990
8506
10686
12661
14166
15169
15906
16289
16385
16192
15557
14946
14496
13777
12790
11875
11122
10210
8986
7284
5810
4455
2484
296
-1850
-3532
-5256
-7227
-8833
-9846
-10207
-10598
-10771
-10106
-8902
-7435
-6166
-4632
-2541
-627
908
1973
3070
4035
4245
3892
3304
2868
2086
789
-510
-1460
-2090
-2891
-3699
-3909
-3831
-3721
-3761
-3711
-3209
-2966
-3233
-3594
-3906
-4387
-5390
-6705
-7787
-8816
-9999
-11233
-12054
-12205
-12251
-11951
-11059
-9575
-7623
-5517
-3088
-374
2447
5093
7452
9725
11709
13211
14371
15142
15631
15910
15804
15455
15010
14498
13933
13119
12233
11467
10525
9404
7928
6344
4875
3008
923
-1227
-3168
-4923
-6906
-8581
-9785
-10522
-10977
-11236
-10887
-9861
-8551
-7214
-5676
-3649
-1559
182
1689
3018
4329
5055
5055
4767
4409
3798
2547
1156
-58
-1056
-2018
-3140
-3749
-3922
-4009
-4081
-3999
-3585
-3190
-3142
-3370
-3528
-3815
-4646
-5840
-6969
-8077
-9341
-10741
-11793
-12291
-12469
-12482
-11823
-10446
-8707
-6664
-4366
-1587
1291
3948
6420
8844
11012
12681
13952
14839
15529
15853
15783
15577
15188
14609
14014
13213
12294
11444
10358
9287
7957
6387
4916
3143
1277
-712
-2706
-4398
-6203
-7805
-9044
-9964
-10394
-10744
-10529
-9713
-8601
-7267
-5878
-4028
-2061
-262
1207
2507
3928
4783
5043
4906
4629
4322
3356
2039
895
-61
-928
-1998
-2861
-3172
-3236
-3376
-3513
-3344
-2987
-2848
-3076
-3410
-3742
-4478
-5587
-6849
-8114
-9285
-10714
-11868
-12606
-13042
-13028
-12637
-11478
-9913
-8085
-5780
-3258
-347
2289
4810
7449
9694
11672
13154
14316
15393
15874
16028
16003
15742
15357
14627
13742
12827
11901
10632
9311
7909
6365
4911
2992
1138
-635
-2474
-4144
-5981
-7444
-8477
-9394
-10036
-10431
-10271
-9579
-8744
-7741
-6501
-4899
-3166
-1624
-304
1015
2268
3244
3657
3662
3718
3640
3137
2327
1470
933
491
-311
-887
-1167
-1164
-1187
-1569
-1634
-1623
-1763
-2199
-2939
-3724
-4668
-5955
-7418
-8851
-10192
-11365
-12497
-13226
-13529
-13424
-12683
-11613
-9984
-7954
-5667
-2907
-324
2411
5070
7471
9849
11590
13161
14433
15283
15958
16033
16147
16074
15543
15088
14247
13452
12651
11357
10137
8741
7215
5673
3731
1871
-21
-1922
-3773
-5648
-7216
-8511
-9486
-10223
-10712
-10556
-10088
-9229
-8182
-6957
-5275
-3712
-2015
-632
587
1964
2768
3329
3474
3329
3266
2733
2014
1245
539
19
-698
-1286
-1688
-1832
-1918
-2194
-2286
-2448
-2533
-2814
-3458
-4090
-4987
-6022
-7239
-8511
-9750
-11001
-11823
-12588
-12921
-12897
-12498
-11334
-10019
-8243
-6053
-3580
-802
1720
4387
6938
9250
11402
12864
14287
15300
15861
16222
16085
16079
15614
14957
14418
13401
12643
11520
10268
9209
7588
6107
4518
2750
978
-973
-2634
-4331
-5958
-7340
-8511
-9163
-9620
-9892
-9560
-8835
-7920
-6775
-5507
-3934
-2310
-912
122
1253
2264
2756
2926
2750
2620
2328
1660
801
174
-217
-821
-1409
-1879
-1900
-1844
-2083
-2169
-2255
-2157
-2346
-2923
-3404
-4131
-5020
-6232
-7478
-8667
-9972
-11068
-12028
-12581
-12796
-12819
-12109
-11135
-9623
-7775
-5688
-2976
-508
2171
4844
7265
9803
11548
13174
14601
15327
15983
16004
15899
15735
14937
14307
13359
12290
11391
9930
8789
7323
5743
4439
2593
1062
-642
-2312
-3543
-5162
-6368
-7305
-8022
-8308
-8654
-8425
-7797
-6993
-6025
-5044
-3633
-2186
-881
60
1026
1984
2510
2805
2584
2559
2464
1913
1227
603
337
-88
-717
-1083
-1236
-1131
-1335
-1614
-1585
-1625
-1793
-2368
-2851
-3464
-4301
-5363
-6629
-7681
-8950
-10055
-11089
-11832
-12065
-12307
-11880
-11111
-9970
-8274
-6594
-4200
-1820
538
3198
5437
7970
9908
11541
13157
14069
15083
15238
15299
15431
14663
14281
13267
12138
11459
9803
8618
7092
5298
4159
2207
624
-1001
-2604
-3721
-5198
-6245
-7048
-7472
-7650
-7906
-7543
-6913
-6054
-5221
-4324
-3019
-1803
-626
167
966
1827
2206
2418
2228
2138
1962
1403
879
190
-112
-600
-1134
-1394
-1750
-1681
-1903
-2110
-2126
-2376
-2452
-2924
-3463
-4015
-4771
-5580
-6614
-7558
-8561
-9551
-10228
-10881
-11154
-11150
-10791
-9972
-8959
-7429
-5730
-3664
-1393
809
3165
5431
7554
9605
11168
12524
13760
14457
15018
15158
15023
14923
14414
13744
12857
11908
11084
9738
8447
6963
5450
4152
2226
551
-999
-2483
-3820
-5327
-6302
-7035
-7457
-7725
-7904
-7396
-6808
-6056
-5260
-4357
-3069
-2006
-1023
-267
543
1317
1611
1731
1674
1627
1391
879
302
-232
-581
-1101
-1561
-1889
-2057
-2108
-2312
-2398
-2532
-2623
-2770
-3280
-3736
-4406
-5208
-5985
-7149
-8061
-9111
-10082
-10797
-11548
-11724
-11754
-11328
-10565
-9511
-7882
-6092
-4052
-1733
639
3047
5424
7499
9692
11408
12766
14125
14813
15660
15824
15718
15758
15128
14711
13714
12748
11919
10423
9231
7546
5953
4557
2469
766
-1109
-2691
-4110
-5801
-6807
-7732
-8141
-8341
-8563
-7877
-7139
-6175
-5204
-4223
-2646
-1466
-435
396
1122
1978
2132
2053
1853
1639
1302
487
-100
-745
-1138
-1572
-2139
-2177
-2277
-2170
-2174
-2181
-1991
-2109
-2185
-2592
-3154
-3773
-4761
-5709
-6896
-8033
-9141
-10285
-11044
-11787
-12068
-11986
-11639
-10768
-9659
-8105
-6306
-4310
-2112
170
2437
4659
6665
8563
10390
11698
12975
13932
14661
15321
15441
15647
15499
15307
14961
14079
13399
12280
11063
9739
7876
6272
4240
2213
152
-2093
-3795
-5705
-7198
-8447
-9345
-9649
-9773
-9334
-8543
-7405
-5984
-4486
-2778
-1100
361
1687
2719
3596
4018
3988
3797
3281
2667
1641
646
-193
-1143
-1853
-2616
-3001
-3099
-3240
-3149
-3088
-2785
-2512
-2566
-2524
-2819
-3217
-3860
-4742
-5707
-6898
-7968
-9193
-10208
-11092
-11834
-12042
-12072
-11666
-10869
-9833
-8392
-6648
-4766
-2815
-741
1322
3351
5248
6869
8514
9820
11005
12100
12797
13589
14083
14477
14798
14822
14944
14665
14183
13642
12694
11564
10100
8379
6589
4481
2216
-62
-2351
-4428
-6446
-8160
-9449
-10344
-10731
-10809
-10247
-9209
-7823
-6207
-4425
-2374
-519
1205
2637
3784
4676
4931
4846
4408
3672
2810
1535
326
-692
-1751
-2616
-3329
-3739
-3762
-3817
-3652
-3320
-2889
-2531
-2421
-2337
-2439
-2743
-3445
-4305
-5271
-6373
-7651
-8923
-10085
-11052
-11656
-12251
-12331
-11882
-11292
-10103
-8692
-6984
-4886
-2772
-470
1778
3993
6123
8010
9684
11070
12308
13234
13918
14423
14728
14967
15003
14921
14721
14408
14061
13390
12591
11635
10341
8906
7142
5202
3131
849
-1354
-3597
-5712
-7483
-9041
-10139
-10758
-10902
-10556
-9687
-8283
-6656
-4737
-2830
-855
1081
2662
3778
4535
4969
4853
4290
3326
2216
1029
-369
-1696
-2835
-3755
-4376
-4885
-5108
-4977
-4773
-4427
-4052
-3742
-3364
-3336
-3405
-3642
-4180
-4813
-5671
-6580
-7474
-8386
-9347
-10076
-10479
-10841
-10860
-10540
-10046
-9055
-7902
-6610
-4879
-3101
-1189
749
2663
4550
6232
7724
9059
10097
10934
11526
11777
12103
12143
12190
12304
12262
12454
12551
12628
12711
12685
12535
12138
11514
10501
9176
7536
5610
3434
1005
-1509
-3847
-6019
-7934
-9560
-10731
-11139
-11155
-10693
-9788
-8358
-6356
-4431
-2481
-413
1523
3125
4218
4846
5214
5211
4500
3493
2248
886
-596
-2232
-3577
-4738
-5702
-6318
-6827
-6886
-6763
-6617
-6178
-5794
-5296
-4980
-4757
-4585
-4662
-4822
-5197
-5618
-6143
-6757
-7311
-7870
-8331
-8680
-8813
-8745
-8405
-7836
-6992
-5710
-4303
-2576
-734
1260
3278
5202
7122
8667
10108
11210
11969
12464
12553
12522
12294
11913
11666
11404
11309
11327
11352
11686
11893
12185
12305
12121
11961
11095
10034
8472
6497
4388
1709
-847
-3601
-6071
-8229
-10256
-11493
-12307
-12480
-12026
-11183
-9654
-7760
-5661
-3507
-1298
803
2465
3707
4408
4702
4394
3517
2251
599
-1164
-3090
-5026
-6676
-8058
-9088
-9658
-9801
-9463
-8765
-7857
-6725
-5413
-4192
-3181
-2236
-1717
-1469
-1601
-2176
-2954
-4047
-5315
-6611
-7862
-8979
-9739
-10294
-10273
-9839
-9022
-7588
-5797
-3599
-1146
1373
3898
6326
8473
10347
11747
12685
13245
13213
12879
12260
11349
10526
9606
8910
8404
8112
8423
8758
9421
10222
10998
12020
12397
12668
12586
11891
10871
9031
6880
4505
1710
-1270
-4182
-6769
-8976
-10837
-12183
-12790
-12683
-12079
-11043
-9383
-7353
-5267
-3197
-1259
495
1822
2530
2804
2657
1790
493
-982
-2734
-4484
-6214
-7889
-9028
-9746
-10138
-10031
-9455
-8337
-7042
-5615
-4033
-2500
-1080
-121
513
846
732
120
-838
-2125
-3556
-4960
-6466
-7628
-8488
-8966
-8879
-8487
-7549
-6030
-4156
-2170
27
2420
4674
6654
8236
9632
10589
10923
10967
10535
10058
9202
8113
7290
6517
6142
5832
5949
6537
7257
8359
9452
10749
11993
12909
13510
13624
13407
12500
11065
9120
6691
3968
921
-2092
-5128
-7925
-10206
-12125
-13387
-14007
-14045
-13394
-12310
-10769
-8844
-6708
-4567
-2743
-1000
438
1384
1765
1664
1253
383
-795
-2264
-3696
-4859
-6141
-7149
-7671
-7903
-7606
-7069
-6211
-4932
-3653
-2335
-1002
161
1099
1682
1882
1835
1345
503
-405
-1622
-2872
-4082
-5149
-5870
-6431
-6597
-6389
-5746
-4738
-3579
-2047
-414
1334
3011
4560
6025
7127
8043
8548
8802
8762
8421
7926
7362
6697
6015
5525
5284
5256
5424
5843
6613
7601
8487
9556
10403
11182
11602
11397
11088
10072
8529
6475
3886
1269
-1639
-4691
-7563
-10192
-12215
-13889
-15002
-15379
-15018
-13892
-12516
-10589
-8342
-5813
-3307
-1262
793
2442
3664
4169
4022
3565
2727
1433
-381
-2044
-3451
-4914
-6314
-7273
-7622
-7492
-7135
-6327
-5019
-3517
-1969
-476
1084
2405
3362
3918
4085
3959
3350
2370
1200
-1
-1410
-2754
-3857
-4779
-5254
-5566
-5435
-4905
-4071
-2994
-1750
-360
1047
2331
3463
4579
5341
5837
5987
5968
5725
5246
4734
4081
3686
3225
2930
3019
3157
3896
4576
5557
6763
7721
8964
9702
10423
10835
10474
9878
8685
7150
5152
2591
112
-2384
-4892
-7324
-9399
-10813
-11729
-12309
-12270
-11550
-10199
-8667
-7035
-4938
-2595
-679
840
2337
3430
4027
3867
3312
2719
1481
-128
-1803
-3202
-4575
-5977
-6867
-7236
-7102
-6764
-5972
-4654
-3088
-1577
63
1770
3253
4298
5013
5446
5309
4731
3695
2577
1200
-460
-2029
-3498
-4554
-5561
-6171
-6166
-5931
-5330
-4479
-3354
-2003
-789
364
1557
2365
3013
3352
3430
3447
3031
2462
1903
1301
845
454
148
211
550
1217
2004
3085
4436
5956
7281
8307
9528
10477
11004
10795
10228
9647
8314
6483
4260
2057
-22
-2468
-4807
-6710
-8027
-9017
-9787
-9911
-9287
-8329
-7274
-5918
-4222
-2345
-870
197
1261
2016
2345
2036
1437
920
-82
-1316
-2418
-3273
-3945
-4609
-4817
-4491
-3831
-3031
-1990
-517
1169
2405
3611
4801
5682
6193
6176
6023
5489
4508
3138
1633
208
-1339
-2859
-4295
-5520
-6389
-7042
-7366
-7429
-7185
-6654
-6061
-5289
-4367
-3562
-2863
-2220
-1733
-1347
-1157
-1068
-878
-979
-1024
-984
-884
-427
-183
424
1275
2122
3386
4453
5894
7311
8527
9880
10707
11629
12089
12270
12269
11612
10836
9512
8058
6422
4293
2296
263
-1722
-3575
-5253
-6504
-7352
-8084
-8282
-7932
-7314
-6427
-5587
-4225
-2914
-1786
-829
-31
790
856
851
663
396
-212
-1244
-1606
-2044
-2346
-2426
-2336
-1593
-913
-47
1145
2358
3515
4219
4905
5536
5451
5089
4371
3459
2235
403
-1236
-2704
-4277
-6089
-7495
-8373
-9126
-9771
-10199
-10028
-9755
-9286
-8695
-7971
-6990
-6414
-5576
-4775
-4302
-3788
-3494
-2954
-2586
-2347
-2016
-1556
-872
-321
470
1475
2719
3896
5068
6537
7998
9435
10582
11800
12845
13470
14140
14028
13996
13629
12521
11513
9824
8318
6341
4130
2193
101
-1601
-3478
-4844
-5655
-6278
-6562
-6420
-5627
-4716
-3772
-2685
-1130
351
1096
1909
2691
3265
3284
2718
2490
1940
1001
-88
-891
-1175
-1946
-2710
-2787
-2399
-2087
-1909
-1222
-201
533
883
1185
1760
1969
1380
666
-10
-1122
-2650
-4246
-5667
-7128
-8725
-10221
-11177
-11855
-12539
-12669
-12414
-11901
-11100
-10299
-9090
-7748
-6458
-5263
-4187
-2999
-2139
-1625
-893
-369
-56
355
505
827
1310
1858
2525
3256
4170
5366
6595
7726
8922
10286
11545
12328
13186
14013
14358
14500
14214
13878
13361
12134
10935
9559
7885
6163
4082
2361
782
-858
-2385
-3672
-4222
-4772
-5099
-4863
-4407
-3418
-2576
-1693
-358
730
1650
2255
2692
3206
3057
2443
1692
993
143
-1509
-2644
-3418
-4299
-5150
-5830
-5565
-5301
-5154
-4547
-3656
-2727
-2143
-1689
-1047
-686
-1060
-1648
-2334
-3147
-4180
-5844
-7072
-8279
-9443
-10403
-11266
-11439
-11644
-11608
-11020
-10175
-9212
-8298
-7112
-5893
-4675
-3756
-3048
-2056
-1401
-1002
-748
-434
136
316
529
981
1631
2453
3150
4172
5355
6760
8055
9228
10537
11835
13026
13758
14446
15011
15141
15058
14862
14416
13731
12961
12120
10989
9797
8931
7811
6466
5282
4299
3451
2209
805
-48
-622
-1458
-2428
-3094
-3177
-3250
-3716
-3777
-3414
-3265
-3185
-3131
-2802
-2695
-2940
-3151
-3489
-3641
-4185
-4802
-5193
-5549
-5821
-6258
-6300
-5938
-5767
-5654
-5215
-4642
-4077
-3872
-3802
-3568
-3472
-3746
-4307
-4727
-5312
-6100
-6939
-7524
-7984
-8753
-9242
-9397
-9247
-9345
-9302
-8616
-8154
-7548
-6931
-6044
-5002
-4412
-3569
-2565
-1579
-889
-279
658
1443
2164
2849
3669
4659
5500
6262
7154
8188
8925
9717
10316
10884
11544
11795
12171
12382
12326
12384
12287
12288
12129
11753
11706
11473
11223
10955
10808
10416
9531
9241
8418
7348
6000
4238
3224
1339
-719
-2411
-3911
-4851
-6696
-7712
-7667
-7846
-8084
-8065
-6994
-5942
-5442
-5106
-3925
-2813
-2901
-3040
-2830
-2655
-3351
-4649
-5237
-5595
-6453
-7649
-8330
-8214
-8511
-8909
-8691
-7770
-7030
-6616
-5969
-4737
-3760
-3502
-3199
-2879
-2702
-3057
-3770
-4082
-4632
-5572
-6360
-6905
-6968
-7365
-7660
-7035
-6441
-5763
-4933
-3775
-2301
-1215
-102
1220
2529
3356
4080
4975
5714
6162
6491
7051
7313
7560
7874
8144
8414
8560
8736
8932
9151
9052
8989
9092
9083
8962
8743
8517
8481
8429
8270
8339
8219
8342
8751
8638
8817
8737
8711
9085
8199
7592
7125
6180
5141
3067
1840
714
-1429
-3205
-5009
-5800
-6776
-8373
-8818
-8737
-8705
-9083
-8840
-7726
-7103
-6982
-6907
-5591
-5127
-5736
-5706
-5528
-5379
-6471
-7213
-7072
-7560
-8346
-9085
-8646
-8603
-9071
-8883
-8139
-6837
-6571
-5992
-4728
-3549
-2737
-2396
-1328
-683
-477
-491
-517
-300
-687
-1295
-1575
-1638
-1938
-2329
-2477
-2139
-2021
-1997
-1632
-1102
-305
-22
455
1004
1396
1923
2047
2637
3080
3102
3479
3732
4069
4318
4545
5133
5446
5740
6137
6570
7023
7073
7057
7177
7437
7336
7086
7140
7057
6983
6901
7208
7484
7626
8139
8455
8978
9635
9825
10074
9998
9689
9457
8291
7034
5781
4179
2337
-138
-1791
-3487
-5512
-7468
-9109
-9717
-10720
-11587
-11742
-11422
-11014
-11145
-10324
-9060
-8528
-8304
-7741
-6581
-6366
-6519
-6516
-5954
-5622
-6342
-6445
-6043
-5556
-5714
-5747
-4626
-3713
-3315
-2660
-1295
303
838
1443
2686
3797
4169
3922
4386
4443
3796
2878
2093
1888
715
-615
-1332
-1730
-2126
-3024
-3286
-2858
-2726
-2747
-2344
-1709
-1133
-839
-573
37
449
356
546
1010
1206
1218
1186
1662
2179
2291
2566
3007
3614
3952
4120
4618
5059
5487
5531
5552
5858
5794
5636
5090
4964
4873
4390
4056
3923
4199
4156
4043
4393
5060
5502
5561
5963
6740
7041
6834
6616
6419
5943
4502
3227
2012
140
-1671
-3907
-5478
-7227
-9438
-10827
-11956
-12390
-13276
-13773
-12974
-12369
-11544
-10806
-9355
-7451
-6434
-5375
-4205
-2800
-2210
-2109
-1582
-1134
-805
-1500
-1338
-755
-867
-700
-510
499
1192
1399
2397
3404
4272
4503
5055
5941
6089
5827
5457
5345
4670
3497
2591
1810
867
-575
-1541
-2088
-2656
-3346
-3721
-3412
-3123
-2989
-2612
-1818
-1268
-1103
-817
-290
18
-272
-567
-607
-725
-1060
-1346
-1379
-1427
-1147
-806
-335
571
1297
2391
3309
4025
4957
5527
6183
6284
6035
6076
5478
4706
4064
3048
2130
1174
175
-497
-1098
-1654
-1865
-1837
-1494
-1230
-541
485
1050
1968
2778
3752
4196
4253
4413
4116
3939
2796
1854
1010
-734
-1866
-3390
-4145
-5279
-6823
-7091
-7497
-7622
-8228
-7953
-6996
-6854
-6565
-5943
-4406
-3517
-3317
-2452
-1057
85
-106
247
1467
2008
1678
1445
2172
2602
2240
2069
2660
3344
3200
3294
4060
4694
4882
4896
5366
5612
5432
4913
4522
4052
3187
2061
944
152
-765
-1743
-2626
-3118
-3458
-3681
-3591
-3337
-2926
-2888
-2510
-1884
-1669
-1737
-2024
-2024
-2161
-2831
-3641
-3975
-4248
-4772
-5224
-5165
-4611
-4405
-3943
-2956
-1731
-662
155
1455
2506
3148
3495
3952
4159
3658
3156
2678
2073
1024
-38
-613
-948
-1713
-2048
-1755
-1518
-929
-592
471
1725
2436
3375
4079
4986
5474
5327
5494
5259
5024
4480
3465
3104
2286
1565
1072
-38
-268
-713
-1367
-1615
-2295
-2279
-2845
-3335
-3321
-3787
-3811
-4273
-4253
-3885
-4037
-3802
-3382
-2655
-2116
-1515
-796
77
1057
1539
2416
3058
3631
4098
4274
4873
4881
4882
5152
5275
5373
4838
4974
5306
5134
4536
4327
4718
4268
3367
2892
3018
2691
1571
770
463
42
-988
-2134
-2547
-3085
-4158
-5051
-5443
-5636
-6229
-6836
-6742
-6183
-6035
-6081
-5662
-4635
-3875
-3766
-3498
-2693
-2065
-2225
-2390
-2107
-1833
-2130
-2741
-2551
-2239
-2294
-2519
-2226
-1423
-974
-630
-308
477
1017
1212
1391
1404
1531
1155
554
-44
-664
-1162
-1960
-2849
-3563
-3759
-3896
-4334
-4279
-3739
-2974
-2625
-2000
-675
463
1462
2052
3352
4643
5061
5615
6218
7198
7162
6903
7200
7223
7053
6172
5944
5572
4608
3770
2774
2432
1199
64
-518
-1374
-1807
-2948
-3165
-3103
-3514
-3462
-3317
-2641
-2385
-1941
-985
-307
274
712
1754
2508
2668
2973
3544
4093
3777
3694
4084
4359
4161
3623
3904
4066
3848
3680
3485
3609
3347
2931
2701
2330
1824
1218
628
-149
-995
-1773
-2463
-3180
-3986
-4610
-5144
-5499
-5915
-6084
-6098
-6258
-6397
-6480
-6268
-6177
-6243
-6255
-6042
-5879
-5756
-5469
-5220
-4716
-4190
-3728
-3069
-2399
-1579
-799
-176
553
1120
1626
2153
2447
2593
2587
2524
2395
2075
1800
1362
938
450
-39
-380
-798
-1174
-1508
-1638
-1685
-1733
-1855
-1741
-1347
-1080
-776
-532
-133
384
614
1009
1339
1800
2253
2388
2795
3167
3618
4006
4203
4689
5127
5446
5765
6107
6349
6393
6339
6167
6030
5512
4784
4048
3173
2304
1263
423
-394
-1191
-1636
-1994
-2050
-1949
-1666
-1033
-359
409
1330
2225
3008
3664
4095
4417
4489
4353
4096
3476
2864
2010
1168
381
-586
-1188
-1806
-2157
-2406
-2576
-2348
-2063
-1805
-1546
-1036
-696
-545
-626
-637
-698
-1210
-1926
-2639
-3212
-4108
-5061
-5890
-6502
-6848
-7297
-7380
-7320
-7047
-6611
-6211
-5560
-4864
-4130
-3508
-2965
-2475
-2171
-2070
-2060
-1940
-2003
-2195
-2394
-2478
-2494
-2738
-2694
-2492
-2165
-1939
-1877
-1409
-1050
-879
-727
-653
-461
-633
-972
-1138
-1352
-1615
-1971
-2238
-2453
-2563
-2615
-2437
-2119
-1722
-1067
-458
283
1109
1981
2999
3869
4685
5478
6205
6864
7422
7883
8194
8568
8808
9022
9187
9257
9506
9363
9266
9233
9031
8926
8279
7782
7257
6304
5373
4196
3166
1984
669
-437
-1420
-2270
-3181
-3832
-4023
-4123
-4177
-3918
-3279
-2520
-1860
-1159
-258
645
1405
1913
2346
2720
2799
2694
2397
2155
1802
1204
643
101
-386
-848
-1236
-1562
-1784
-1945
-2082
-2186
-2300
-2345
-2413
-2582
-2801
-3105
-3473
-3865
-4243
-4640
-5046
-5544
-5984
-6280
-6568
-6708
-6817
-6837
-6719
-6593
-6326
-6075
-5854
-5530
-5353
-5155
-5087
-4995
-4883
-4880
-4802
-4822
-4648
-4425
-4231
-3935
-3539
-3055
-2489
-1936
-1347
-753
-247
237
613
944
1195
1326
1402
1411
1409
1381
1374
1332
1419
1451
1516
1617
1832
2206
2452
2816
3207
3749
4220
4583
5053
5557
6067
6435
6860
7332
7790
8097
8363
8783
9120
9283
9350
9477
9643
9592
9434
9214
8987
8623
7917
7269
6502
5581
4438
3129
2050
814
-473
-1695
-2852
-3784
-4705
-5380
-5725
-5911
-5936
-5829
-5436
-4891
-4311
-3571
-2738
-1890
-1247
-592
167
785
1174
1377
1625
1746
1669
1408
1210
1043
652
296
-158
-340
-626
-1005
-1285
-1563
-1616
-1853
-2018
-2205
-2400
-2589
-2939
-3263
-3707
-4115
-4474
-4986
-5474
-5942
-6270
-6474
-6694
-6891
-6971
-6794
-6601
-6410
-6131
-5781
-5295
-5005
-4703
-4352
-4070
-3781
-3657
-3440
-3208
-2977
-2728
-2475
-2072
-1669
-1173
-646
-53
586
1175
1698
2239
2731
3027
3272
3361
3346
3116
2899
2614
2193
1677
1138
809
345
-103
-428
-599
-695
-842
-703
-424
-134
176
566
1175
1708
2224
2778
3265
3837
4262
4713
5103
5517
5849
6010
6279
6461
6725
6852
6810
6907
6945
6916
6764
6550
6368
6013
5468
4911
4293
3637
2785
1817
978
55
-850
-1814
-2640
-3268
-3880
-4264
-4507
-4542
-4391
-4164
-3711
-3126
-2491
-1817
-1127
-442
124
562
933
1136
1230
1132
895
711
341
-23
-505
-938
-1129
-1376
-1565
-1725
-1742
-1627
-1587
-1500
-1349
-1232
-1140
-1201
-1301
-1416
-1659
-1890
-2260
-2679
-2993
-3337
-3595
-3845
-3978
-3946
-4004
-4004
-3902
-3698
-3500
-3445
-3320
-3192
-3111
-3191
-3322
-3380
-3457
-3627
-3858
-3946
-3987
-3973
-3975
-3855
-3579
-3306
-2915
-2481
-1892
-1219
-632
50
724
1372
1949
2436
2845
3126
3276
3260
3241
3148
2938
2707
2415
2244
2059
2009
2009
2090
2276
2487
2835
3076
3473
3808
4018
4212
4206
4340
4365
4232
4127
3978
3971
3850
3752
3805
3822
3937
4009
4111
4231
4274
4292
4236
4142
3930
3611
3242
2840
2388
1894
1402
859
379
-129
-617
-1030
-1424
-1714
-2024
-2333
-2491
-2570
-2575
-2581
-2539
-2295
-2005
-1716
-1357
-889
-352
98
453
822
1225
1472
1558
1521
1549
1473
1213
901
546
297
-20
-388
-682
-928
-1091
-1224
-1329
-1353
-1352
-1330
-1299
-1315
-1340
-1350
-1400
-1571
-1793
-1937
-2139
-2361
-2659
-2945
-3116
-3380
-3558
-3717
-3837
-3956
-4086
-4144
-4198
-4241
-4317
-4344
-4341
-4388
-4405
-4380
-4245
-4195
-4200
-4033
-3848
-3620
-3445
-3218
-2842
-2552
-2213
-1836
-1362
-908
-595
-179
170
522
842
1071
1264
1388
1585
1662
1653
1619
1602
1596
1508
1400
1383
1388
1343
1309
1314
1402
1429
1420
1468
1544
1623
1646
1631
1694
1819
1921
1971
2058
2245
2419
2580
2767
3043
3381
3634
3895
4245
4595
4898
5158
5432
5718
5952
6096
6207
6282
6297
6266
6175
6041
5820
5537
5224
4834
4434
4012
3544
3051
2552
2055
1583
1179
741
352
27
-292
-597
-901
-1051
-1209
-1414
-1619
-1762
-1819
-2044
-2263
-2423
-2563
-2737
-3013
-3200
-3311
-3508
-3697
-3862
-3918
-3932
-4046
-4038
-3990
-3888
-3831
-3786
-3686
-3630
-3601
-3663
-3732
-3839
-3980
-4192
-4453
-4709
-4960
-5233
-5506
-5734
-5891
-5990
-6033
-6022
-5974
-5848
-5670
-5417
-5142
-4879
-4637
-4365
-4107
-3894
-3660
-3438
-3226
-3053
-2837
-2530
-2213
-1888
-1509
-1079
-585
-91
431
1027
1596
2172
2720
3246
3788
4250
4699
5081
5369
5648
5881
6037
6111
6119
6139
6063
5900
5765
5558
5334
5065
4783
4533
4279
4012
3702
3421
3186
2904
2632
2350
2074
1821
1543
1282
1092
934
799
727
724
811
933
1132
1427
1725
2056
2382
2763
3128
3402
3641
3826
3982
4030
3977
3899
3798
3619
3369
3091
2855
2602
2304
2047
1806
1587
1356
1096
879
642
391
62
-339
-695
-1111
-1600
-2112
-2649
-3177
-3708
-4236
-4695
-5107
-5440
-5735
-5938
-6004
-5993
-5875
-5726
-5467
-5103
-4774
-4394
-3993
-3588
-3223
-2967
-2694
-2446
-2297
-2188
-2088
-1969
-1880
-1828
-1701
-1535
-1358
-1198
-973
-722
-471
-228
-65
101
206
260
265
177
39
-154
-384
-643
-920
-1208
-1471
-1678
-1842
-1971
-2060
-2065
-1994
-1886
-1714
-1483
-1210
-917
-622
-280
70
416
742
1044
1336
1577
1805
1984
2091
2110
2084
2041
1911
1740
1506
1266
1034
728
428
143
-122
-346
-526
-698
-833
-899
-937
-951
-932
-869
-759
-664
-555
-399
-223
-57
108
293
460
639
810
979
1125
1269
1385
1481
1586
1706
1822
1916
2031
2139
2259
2405
2551
2729
2891
3039
3234
3405
3547
3683
3803
3878
3939
3957
3966
3946
3901
3842
3740
3636
3535
3426
3287
3128
2984
2832
2629
2456
2283
2101
1899
1677
1469
1236
999
763
457
151
-134
-426
-729
-1080
-1364
-1667
-1972
-2269
-2538
-2722
-2919
-3086
-3224
-3347
-3423
-3475
-3528
-3542
-3541
-3519
-3518
-3523
-3493
-3480
-3487
-3501
-3510
-3543
-3589
-3623
-3665
-3727
-3805
-3848
-3884
-3920
-3965
-3961
-3920
-3892
-3837
-3786
-3701
-3589
-3496
-3441
-3349
-3225
-3111
-3005
-2897
-2730
-2540
-2346
-2140
-1887
-1605
-1316
-1033
-756
-443
-140
143
389
629
877
1073
1257
1413
1560
1704
1825
1928
2025
2126
2231
2351
2442
2535
2658
2764
2862
2953
3047
3128
3228
3310
3382
3459
3546
3644
3684
3762
3855
3946
4003
4054
4136
4174
4190
4174
4141
4102
3991
3910
3804
3648
3514
3344
3185
3006
2821
2657
2483
2334
2198
2046
1891
1740
1608
1439
1247
1097
915
707
474
230
-11
-278
-514
-746
-968
-1172
-1361
-1520
-1664
-1763
-1810
-1851
-1880
-1874
-1847
-1808
-1804
-1793
-1773
-1783
-1817
-1869
-1912
-1965
-2069
-2180
-2292
-2404
-2502
-2632
-2741
-2813
-2878
-2936
-2979
-3001
-3013
-3009
-2977
-2934
-2873
-2801
-2709
-2625
-2559
-2457
-2344
-2244
-2171
-2093
-1976
-1870
-1777
-1689
-1584
-1460
-1330
-1203
-1077
-907
-740
-592
-420
-250
-68
88
221
366
486
614
742
874
979
1085
1207
1301
1411
1506
1593
1684
1739
1791
1815
1790
1757
1682
1551
1406
1248
1067
879
667
479
308
121
-50
-183
-271
-340
-367
-364
-334
-242
-145
-35
115
291
488
677
852
1039
1230
1402
1540
1656
1755
1831
1876
1874
1854
1840
1781
1695
1613
1523
1449
1352
1242
1160
1066
941
835
746
612
486
372
225
88
-70
-242
-382
-530
-684
-793
-899
-1005
-1068
-1136
-1186
-1187
-1203
-1202
-1177
-1165
-1125
-1091
-1056
-1018
-970
-917
-878
-815
-786
-744
-686
-659
-589
-531
-474
-418
-368
-304
-253
-208
-166
-113
-65
-55
-40
-11
-15
-33
-64
-76
-99
-127
-181
-207
-218
-252
-276
-284
-286
-288
-282
-277
-262
-244
-232
-232
-206
-214
-197
-188
-198
-181
-183
-182
-188
-189
-188
-182
-174
-180
-166
-137
-128
-103
-89
-85
-58
-39
-41
-58
-50
-48
-62
-82
-109
-105
-108
-132
-137
-116
-104
-67
-18
29
127
221
358
494
643
826
1000
1191
1341
1502
1651
1768
1869
1907
1929
1913
1854
1750
1630
1476
1276
1089
866
658
468
271
125
-11
-142
-220
-262
-288
-292
-264
-233
-188
-145
-93
-25
29
66
93
148
160
189
207
196
212
167
110
62
-3
-95
-215
-346
-471
-598
-755
-927
-1060
-1190
-1352
-1492
-1609
-1712
-1798
-1905
-1968
-1991
-2029
-2048
-2029
-1993
-1939
-1878
-1803
-1705
-1596
-1492
-1391
-1270
-1155
-1048
-944
-836
-716
-600
-489
-367
-223
-87
43
176
332
491
624
746
870
1011
1126
1201
1280
1350
1417
1453
1476
1501
1541
1562
1564
1594
1625
1685
1717
1752
1816
1878
1923
1962
1998
2032
2032
1979
1924
1860
1776
1632
1471
1314
1155
982
793
629
483
350
223
133
97
70
58
71
132
222
277
341
436
544
612
647
709
774
798
772
732
713
668
563
457
347
240
113
-42
-169
-286
-412
-552
-676
-774
-873
-983
-1088
-1148
-1198
-1273
-1352
-1398
-1425
-1471
-1534
-1577
-1591
-1636
-1703
-1758
-1788
-1819
-1874
-1928
-1944
-1941
-1952
-1971
-1942
-1884
-1835
-1815
-1768
-1681
-1596
-1542
-1494
-1399
-1307
-1246
-1195
-1110
-1009
-928
-864
-782
-676
-582
-514
-437
-343
-263
-201
-168
-130
-88
-81
-108
-138
-150
-176
-232
-297
-317
-336
-370
-403
-398
-366
-349
-305
-259
-194
-121
-64
-3
69
141
203
242
310
390
445
502
575
685
790
885
998
1138
1299
1435
1570
1718
1865
2001
2107
2206
2296
2344
2355
2354
2339
2293
2202
2096
1998
1889
1749
1596
1475
1365
1252
1125
1034
992
966
938
920
957
1017
1064
1110
1175
1245
1303
1332
1363
1398
1392
1367
1339
1289
1229
1136
1038
940
826
709
551
401
267
119
-51
-242
-397
-539
-712
-885
-1017
-1131
-1250
-1364
-1444
-1490
-1541
-1578
-1603
-1606
-1596
-1616
-1629
-1624
-1621
-1635
-1683
-1709
-1721
-1764
-1823
-1885
-1919
-1966
-2028
-2074
-2100
-2110
-2142
-2158
-2140
-2104
-2059
-2030
-1965
-1881
-1801
-1725
-1660
-1547
-1446
-1378
-1303
-1225
-1135
-1078
-1027
-964
-914
-859
-820
-768
-716
-661
-603
-549
-477
-402
-329
-276
-196
-104
-39
17
89
177
249
300
381
470
566
669
770
899
1038
1182
1332
1484
1649
1822
1968
2105
2261
2394
2499
2569
2646
2705
2706
2684
2668
2627
2551
2454
2352
2254
2133
2008
1885
1764
1657
1544
1421
1307
1213
1124
1021
939
876
823
758
700
670
623
577
539
500
468
417
376
330
270
217
147
56
-33
-131
-243
-373
-502
-625
-756
-886
-1000
-1114
-1234
-1344
-1430
-1504
-1563
-1605
-1629
-1645
-1650
-1627
-1606
-1576
-1514
-1436
-1366
-1301
-1225
-1146
-1084
-1027
-969
-919
-877
-840
-810
-794
-772
-741
-727
-709
-683
-650
-636
-628
-597
-571
-557
-542
-515
-498
-497
-492
-499
-520
-541
-560
-591
-639
-673
-697
-735
-771
-776
-781
-786
-768
-728
-689
-642
-566
-475
-396
-309
-200
-97
1
99
195
289
363
453
524
571
627
682
724
762
814
867
902
933
989
1023
1061
1103
1155
1198
1231
1280
1318
1326
1329
1345
1330
1310
1281
1257
1206
1142
1092
1025
956
889
834
758
678
619
548
482
403
340
282
201
152
105
58
25
2
16
12
13
45
64
106
129
160
188
211
234
225
213
214
202
163
140
110
82
43
1
-11
-49
-97
-117
-139
-172
-217
-251
-287
-338
-379
-429
-473
-519
-546
-578
-635
-654
-667
-680
-702
-709
-695
-708
-702
-697
-699
-699
-693
-675
-678
-683
-665
-658
-658
-657
-634
-613
-619
-579
-563
-538
-499
-457
-411
-380
-341
-287
-249
-233
-186
-161
-140
-129
-113
-89
-109
-130
-140
-167
-204
-245
-282
-307
-358
-396
-434
-448
-452
-465
-453
-424
-368
-334
-285
-206
-119
-21
47
141
244
324
422
483
567
640
703
779
786
856
896
925
968
966
1006
1021
1014
1018
1015
997
984
961
939
907
878
857
808
784
758
723
712
689
667
661
638
644
626
617
616
596
598
563
563
534
499
478
458
429
378
356
321
294
239
188
163
120
82
48
-5
-22
-53
-102
-128
-177
-197
-245
-304
-358
-420
-476
-547
-612
-678
-744
-801
-860
-931
-978
-1016
-1069
-1102
-1134
-1176
-1196
-1228
-1248
-1271
-1297
-1307
-1322
-1324
-1337
-1338
-1313
-1311
-1285
-1247
-1223
-1176
-1132
-1088
-1024
-977
-904
-830
-773
-689
-621
-551
-472
-406
-333
-272
-205
-134
-78
-31
20
79
127
164
204
251
305
343
397
436
491
548
582
648
708
759
811
873
931
985
1015
1047
1096
1104
1114
1105
1111
1105
1065
1031
1003
969
928
865
836
810
748
718
676
675
634
599
596
576
569
535
536
536
518
490
473
454
434
391
351
316
294
257
200
156
112
93
41
-15
-44
-58
-81
-116
-169
-188
-202
-215
-274
-309
-317
-350
-392
-466
-468
-509
-557
-598
-635
-635
-692
-713
-733
-760
-758
-793
-787
-784
-770
-755
-764
-700
-674
-635
-608
-570
-479
-472
-424
-391
-332
-303
-325
-290
-265
-253
-269
-278
-255
-241
-275
-262
-241
-210
-210
-188
-143
-103
-48
-32
59
123
193
255
303
403
471
523
562
622
672
688
690
686
705
699
648
632
605
583
545
477
467
433
396
354
311
314
284
252
255
231
230
202
184
196
173
176
156
194
170
158
150
154
168
111
138
106
115
72
62
59
27
10
-26
-12
-45
-49
-86
-99
-103
-131
-163
-177
-199
-200
-249
-265
-257
-285
-276
-327
-298
-304
-315
-318
-301
-267
-274
-276
-255
-216
-215
-223
-193
-166
-141
-151
-145
-112
-98
-79
-91
-62
-34
-44
-53
-47
-26
-40
-80
-84
-75
-110
-168
-197
-177
-201
-251
-267
-286
-236
-278
-294
-291
-270
-237
-299
-289
-284
-282
-290
-316
-310
-305
-306
-300
-320
-288
-261
-238
-230
-194
-157
-114
-77
-67
15
20
83
106
134
198
234
266
277
315
355
376
382
402
444
473
459
471
468
520
498
469
490
459
494
438
412
428
399
410
350
345
334
308
306
234
223
215
193
172
126
140
120
98
87
67
96
57
46
43
28
25
-9
-5
-18
-38
-53
-60
-78
-80
-72
-109
-84
-113
-99
-100
-127
-82
-117
-74
-82
-92
-67
-93
-77
-80
-84
-103
-137
-136
-166
-166
-199
-260
-263
-304
-329
-377
-401
-390
-441
-450
-471
-474
-475
-470
-466
-455
-443
-436
-398
-397
-387
-360
-328
-307
-312
-304
-262
-246
-261
-270
-230
-207
-216
-222
-188
-140
-136
-127
-102
-33
-28
-23
-5
45
77
66
76
84
114
85
107
118
122
139
105
111
135
126
137
124
134
177
158
167
202
220
236
252
274
329
348
345
381
427
463
483
483
533
566
553
580
601
627
640
598
604
593
578
574
514
512
468
453
417
385
369
316
307
276
278
262
245
238
256
229
233
229
235
252
208
206
187
183
178
141
98
101
52
38
11
-44
-32
-86
-105
-115
-173
-157
-205
-220
-220
-278
-243
-293
-300
-328
-357
-337
-403
-409
-433
-433
-440
-500
-466
-453
-493
-500
-524
-472
-485
-533
-509
-508
-470
-530
-545
-514
-509
-522
-562
-552
-530
-537
-574
-574
-568
-553
-578
-602
-560
-551
-561
-561
-541
-505
-508
-499
-486
-434
-416
-410
-379
-353
-339
-333
-314
-270
-272
-233
-214
-190
-120
-128
-70
-46
10
55
85
140
177
226
272
281
318
387
431
460
490
533
587
632
648
682
733
762
767
779
831
869
850
855
911
951
937
926
974
1024
996
972
986
1004
962
923
902
846
838
780
747
698
674
663
624
595
586
575
532
509
472
464
433
389
384
325
325
255
239
217
178
174
93
74
37
20
-54
-83
-138
-157
-190
-279
-323
-371
-379
-462
-511
-540
-557
-603
-669
-704
-709
-757
-806
-797
-825
-831
-878
-863
-865
-846
-872
-865
-840
-862
-836
-859
-845
-822
-823
-805
-810
-790
-788
-771
-767
-764
-746
-746
-742
-756
-753
-758
-746
-741
-752
-763
-704
-686
-705
-668
-616
-568
-533
-538
-497
-427
-410
-409
-401
-320
-292
-257
-228
-193
-104
-83
-30
9
85
180
220
269
323
401
461
479
557
636
655
726
732
816
889
871
923
934
997
990
974
1026
1038
1060
1006
1029
1049
1029
995
993
1002
967
953
907
901
831
825
762
744
712
675
685
617
623
555
564
542
503
506
469
449
433
378
368
337
269
259
215
185
141
93
87
34
-16
-66
-103
-129
-193
-231
-259
-248
-286
-288
-307
-302
-312
-339
-329
-328
-322
-358
-375
-414
-407
-440
-489
-508
-507
-490
-564
-580
-589
-549
-588
-651
-596
-605
-611
-657
-680
-630
-649
-704
-649
-663
-630
-664
-674
-622
-630
-603
-649
-602
-585
-563
-612
-620
-561
-573
-590
-597
-547
-486
-521
-510
-426
-407
-416
-422
-375
-328
-333
-355
-298
-242
-250
-235
-242
-178
-124
-156
-140
-77
-32
-25
-48
4
52
37
42
95
187
165
206
278
340
376
364
460
495
510
545
562
611
622
629
674
658
661
693
704
684
650
719
716
677
661
685
697
656
634
671
673
634
642
632
627
625
599
585
558
540
538
452
461
453
400
386
332
343
297
222
190
172
158
86
47
39
14
-51
-98
-120
-164
-185
-237
-234
-238
-286
-304
-306
-332
-371
-380
-371
-387
-407
-385
-376
-409
-392
-412
-425
-439
-455
-419
-446
-417
-420
-443
-447
-448
-466
-478
-435
-432
-457
-433
-398
-407
-441
-424
-405
-388
-414
-366
-325
-327
-316
-295
-285
-269
-258
-239
-215
-180
-134
-150
-128
-71
-55
-53
-73
22
63
12
42
92
128
117
89
135
162
201
166
194
234
258
262
281
297
305
345
347
344
317
376
401
346
368
406
458
416
415
454
472
440
442
479
467
470
457
465
425
416
375
366
345
309
327
300
274
207
228
196
139
96
106
150
59
45
53
68
-12
-51
-54
-57
-91
-129
-122
-108
-168
-167
-190
-215
-243
-260
-245
-265
-270
-275
-290
-295
-319
-337
-352
-380
-348
-372
-413
-427
-406
-432
-505
-482
-482
-494
-498
-495
-485
-494
-476
-455
-492
-465
-422
-393
-419
-378
-287
-325
-281
-257
-207
-183
-190
-117
-88
-99
-65
-23
26
-4
33
133
96
144
171
241
253
274
327
368
399
415
438
468
482
486
533
489
547
559
546
557
535
600
551
536
566
544
573
510
538
569
477
482
480
472
439
395
413
406
390
318
327
331
276
239
217
198
190
181
113
96
100
65
13
-1
-18
-13
-53
-122
-94
-125
-187
-216
-233
-268
-296
-329
-355
-372
-385
-447
-479
-495
-488
-528
-574
-569
-549
-561
-643
-599
-575
-597
-614
-596
-548
-532
-542
-520
-482
-471
-441
-465
-430
-393
-398
-413
-394
-349
-355
-349
-335
-304
-288
-289
-236
-242
-224
-175
-176
-161
-125
-107
-88
-65
-49
-53
-6
-3
26
22
47
85
61
77
100
112
104
138
131
151
151
167
197
194
217
241
261
265
283
319
312
332
339
339
363
360
377
387
405
415
435
451
458
452
478
491
481
482
467
508
489
436
460
471
454
429
436
437
422
403
391
389
377
343
330
322
292
266
245
242
186
158
160
106
79
51
20
2
-55
-75
-92
-133
-169
-179
-181
-225
-238
-246
-267
-265
-306
-299
-307
-327
-339
-359
-339
-385
-382
-400
-403
-400
-424
-419
-412
-414
-430
-431
-427
-406
-425
-438
-411
-395
-415
-411
-389
-392
-364
-375
-363
-345
-337
-320
-329
-301
-272
-257
-284
-240
-205
-214
-194
-178
-127
-117
-113
-82
-59
-39
-38
-25
-2
10
3
11
29
40
34
39
57
65
64
65
74
78
82
64
65
69
62
62
37
63
68
52
71
68
103
96
116
126
143
168
154
192
192
205
212
207
236
236
228
235
249
243
244
247
241
246
250
246
242
252
264
267
251
269
286
272
269
283
297
281
276
276
282
269
246
258
247
234
219
221
210
195
196
174
171
158
132
125
107
91
80
49
35
25
-1
-20
-29
-41
-60
-62
-83
-92
-86
-120
-120
-133
-148
-154
-165
-174
-174
-183
-189
-185
-192
-192
-182
-192
-191
-190
-189
-195
-205
-189
-194
-203
-192
-196
-190
-193
-195
-177
-183
-173
-165
-159
-153
-145
-135
-133
-121
-118
-109
-107
-97
-99
-104
-93
-98
-107
-109
-109
-116
-119
-128
-125
-132
-127
-129
-134
-122
-129
-121
-119
-127
-107
-114
-108
-101
-101
-94
-94
-80
-90
-80
-77
-67
-62
-52
-48
-38
-25
-15
-5
-3
26
27
47
53
68
86
95
112
116
136
148
148
160
169
169
171
176
179
174
178
178
176
184
182
188
187
202
204
201
218
217
222
232
228
226
240
230
223
224
222
216
207
199
198
192
175
166
150
145
127
103
85
72
49
26
11
-9
-19
-49
-58
-72
-85
-101
-110
-122
-127
-137
-139
-153
-158
-161
-174
-173
-178
-182
-183
-184
-180
-181
-185
-175
-169
-160
-158
-149
-126
-128
-115
-102
-92
-71
-76
-54
-57
-41
-26
-42
-17
-22
-16
-1
-11
3
4
6
14
9
20
21
19
26
19
30
26
29
39
35
45
45
51
48
57
55
55
63
64
64
66
68
64
76
67
76
79
81
85
90
90
89
96
95
96
87
92
88
77
76
65
61
54
46
39
34
30
16
8
5
-3
-10
-17
-19
-28
-32
-37
-41
-43
-46
-49
-50
-54
-56
-61
-66
-63
-73
-76
-80
-85
-86
-96
-104
-107
-119
-115
-124
-127
-124
-125
-122
-123
-120
-112
-112
-104
-101
-92
-90
-90
-79
-81
-71
-68
-69
-59
-60
-53
-55
-52
-44
-47
-35
-38
-33
-29
-27
-28
-22
-21
-18
-18
-9
-13
-9
-6
-6
-1
-4
3
2
4
4
4
7
7
8
14
16
21
24
26
33
35
40
45
48
54
54
63
61
66
69
71
79
80
84
84
86
89
91
92
92
94
99
91
100
93
92
94
91
97
91
94
92
89
89
85
79
81
78
76
74
70
68
60
63
55
52
50
42
42
38
30
31
25
23
22
20
18
13
16
11
13
11
7
12
9
8
8
2
5
0
-1
-3
-7
-9
-16
-14
-18
-24
-22
-31
-27
-30
-39
-33
-43
-40
-43
-49
-48
-50
-53
-59
-57
-62
-69
-67
-75
-73
-74
-82
-78
-85
-80
-90
-90
-87
-91
-90
-90
-92
-93
-96
-96
-92
-98
-97
-98
-93
-99
-98
-99
-99
-96
-101
-98
-99
-99
-98
-100
-98
-93
-95
-90
-84
-84
-80
-74
-72
-64
-60
-58
-47
-44
-40
-33
-26
-21
-15
-6
0
13
18
24
37
46
50
62
70
77
85
88
96
101
102
106
107
111
113
109
111
113
111
110
109
110
110
107
104
104
101
98
93
93
94
86
86
86
84
83
80
82
83
81
78
81
79
77
74
74
71
68
61
60
59
53
46
46
45
37
39
28
35
29
22
23
18
19
10
5
7
0
-6
-10
-15
-15
-25
-28
-29
-35
-38
-44
-45
-46
-52
-54
-57
-57
-61
-65
-66
-66
-72
-76
-74
-75
-75
-80
-77
-76
-76
-77
-77
-70
-73
-73
-71
-68
-69
-70
-68
-66
-63
-66
-65
-60
-58
-58
-54
-48
-47
-45
-40
-37
-31
-29
-30
-21
-19
-20
-15
-13
-10
-9
-8
-3
-3
1
-1
2
8
6
9
13
16
18
18
21
28
28
29
30
34
36
33
36
36
39
34
38
39
42
40
40
45
47
46
45
51
50
49
46
50
48
46
42
42
42
37
35
33
33
32
27
27
30
25
25
24
24
23
20
21
20
21
16
17
17
16
13
13
13
11
9
8
7
7
2
2
2
-2
-2
-8
-7
-8
-14
-15
-16
-20
-22
-27
-27
-29
-31
-35
-37
-34
-38
-40
-39
-39
-40
-41
-43
-39
-41
-42
-42
-40
-40
-40
-42
-39
-39
-42
-39
-37
-35
-34
-33
-28
-27
-24
-21
-19
-14
-13
-12
-7
-5
-2
-2
2
4
6
8
11
13
16
16
19
22
21
23
22
24
25
24
24
27
26
25
26
28
30
29
30
34
34
35
37
37
39
40
39
40
41
40
38
39
40
38
38
37
37
35
34
33
32
28
28
24
23
19
17
14
12
9
5
3
1
-1
-5
-6
-8
-9
-12
-13
-16
-14
-18
-18
-20
-20
-21
-22
-21
-22
-21
-22
-20
-20
-20
-20
-19
-19
-19
-20
-19
-19
-20
-20
-20
-20
-21
-21
-22
-22
-21
-22
-22
-21
-21
-21
-22
-21
-22
-21
-22
-22
-21
-21
-21
-21
-21
-21
-20
-20
-18
-18
-17
-17
-15
-15
-14
-13
-11
-11
-10
-9
-8
-8
-8
-7
-6
-5
-5
-4
-3
-1
-1
1
2
4
5
8
9
11
12
15
16
17
20
20
22
22
24
23
25
25
26
25
26
25
26
25
25
23
22
23
23
21
21
21
20
20
20
21
19
20
19
18
18
17
17
15
14
13
11
10
9
7
7
6
5
4
4
2
3
1
1
0
-2
0
-2
-3
-4
-4
-5
-6
-7
-7
-8
-8
-10
-8
-10
-9
-10
-9
-10
-10
-8
-9
-8
-9
-8
-11
-9
-11
-9
-10
-10
-10
-12
-12
-13
-14
-13
-14
-13
-15
-15
-14
-16
-15
-17
-15
-17
-16
-17
-17
-16
-17
-15
-15
-14
-14
-12
-12
-12
-10
-11
-10
-10
-10
-9
-11
-8
-10
-8
-8
-8
-6
-7
-4
-6
-4
-4
-3
-1
-1
1
0
4
4
4
6
7
9
9
12
12
13
13
14
15
14
17
16
16
17
16
18
17
18
18
18
18
19
20
19
21
19
20
20
20
21
19
21
20
20
20
20
19
18
19
18
17
16
16
16
15
14
13
12
11
9
10
8
8
5
4
2
1
0
0
-2
-3
-5
-5
-7
-8
-10
-10
-12
-13
-14
-14
-16
-17
-18
-19
-20
-21
-21
-20
-21
-20
-21
-21
-22
-20
-21
-21
-21
-22
-21
-21
-22
-21
-22
-21
-20
-21
-20
-19
-18
-18
-16
-17
-16
-15
-14
-14
-13
-12
-12
-10
-10
-10
-8
-8
-7
-7
-5
-4
-3
-2
-1
0
1
2
4
5
6
6
8
8
9
11
10
12
12
13
14
15
16
14
16
15
16
15
15
16
15
16
14
16
15
16
16
15
16
14
14
13
14
14
13
12
13
13
12
13
11
12
12
11
11
10
10
9
10
10
9
9
9
9
8
7
7
6
7
5
6
5
4
3
3
3
2
2
-1
0
-2
-4
-3
-5
-5
-7
-7
-8
-8
-9
-10
-8
-10
-9
-10
-10
-10
-11
-11
-12
-10
-11
-11
-11
-12
-11
-12
-11
-12
-12
-11
-11
-12
-11
-11
-12
-11
-10
-11
-10
-10
-10
-10
-10
-9
-10
-7
-8
-7
-6
-6
-5
-5
-4
-3
-3
-2
-1
0
-1
0
-1
2
2
1
1
2
3
2
3
3
3
3
3
3
3
3
3
3
3
2
3
2
2
2
3
4
4
3
4
3
4
4
5
4
4
4
4
4
4
5
4
4
5
5
6
5
5
5
6
6
7
7
6
7
7
7
7
8
7
7
8
7
7
7
8
6
7
6
6
5
6
5
