SAMPLES:	10378
BITSPERSAMPLE:	16
CHANNELS:	1
SAMPLERATE:	16000
NORMALIZED:	FALSE
0
-2
0
-2
-3
1
-4
-3
-1
-4
0
-4
-2
-1
-2
-1
0
-1
1
1
1
2
1
5
3
3
4
4
4
5
3
4
4
4
3
1
2
3
1
0
2
-1
1
0
-1
0
1
-1
0
0
-1
0
0
-1
0
1
-1
0
0
0
2
-1
0
1
1
-1
-1
1
-1
1
-1
0
0
2
-2
-1
-1
0
1
-4
0
-2
-1
0
-1
-2
-1
0
-4
0
-3
-2
-1
-4
0
-2
-3
-1
-4
-2
0
-2
-1
-2
0
-1
-1
1
-3
1
-1
-3
1
0
-3
0
-2
-2
2
-3
-1
1
-3
3
-1
-1
4
0
0
1
-1
2
0
-2
0
-2
-1
1
-5
1
-3
0
1
0
1
1
4
1
5
0
8
0
4
2
0
6
-3
2
2
-2
2
0
-2
3
1
1
3
1
3
1
3
2
4
2
5
1
1
5
0
5
-1
5
3
2
2
2
4
1
5
0
2
5
-2
4
1
-5
8
-9
0
0
-9
2
-8
-4
-5
-3
-9
-1
-7
-3
0
-9
7
-7
1
-2
0
4
-1
5
-3
3
1
-2
-2
-3
-5
-6
-3
-9
-4
-4
-5
-2
-5
2
-2
3
3
4
7
2
7
2
1
3
0
-6
4
-8
-3
0
-11
6
-5
4
4
1
7
4
7
5
10
5
6
7
5
0
3
6
-5
5
3
-11
11
-4
-6
11
-14
3
-2
-9
-1
-4
-7
1
-5
-10
6
-5
3
5
-1
5
5
-4
3
1
-2
3
-3
4
-1
2
4
1
5
3
3
-1
0
-4
-3
-6
-6
-4
-10
-4
-5
-8
-4
0
-10
2
0
-6
7
-2
6
0
5
3
0
5
-2
0
0
-3
-5
-3
-9
-3
-12
-3
-7
-9
-3
-10
-3
-7
1
-8
4
1
2
6
3
5
6
7
5
9
8
10
7
9
12
3
10
8
3
13
4
4
13
0
3
8
-2
0
1
-3
-7
4
-11
-3
1
-18
7
-8
-6
5
-5
4
1
4
2
6
8
3
11
5
9
2
1
6
-2
7
0
1
6
2
2
10
-3
12
3
1
8
-3
9
-4
11
0
3
12
-8
8
2
1
6
6
9
1
12
2
6
9
1
-1
1
-12
-11
-4
-29
-6
-18
-22
-2
-22
-11
2
-16
6
-3
-4
11
-14
-4
-5
-25
-14
-28
-26
-28
-37
-19
-40
-17
-26
-23
-3
-18
7
-1
11
18
7
22
6
23
-3
22
-1
7
16
-6
28
-9
27
9
8
29
6
17
17
7
3
3
0
-10
0
-24
-13
-10
-34
1
-27
-10
-8
-26
-5
-5
-16
-4
2
-1
15
17
26
36
39
48
54
52
57
68
52
67
51
51
49
26
38
15
19
6
-17
-2
-22
-44
-28
-55
-52
-53
-67
-54
-57
-66
-56
-47
-56
-47
-53
-38
-47
-43
-39
-36
-33
-40
-34
-21
-30
-29
-22
-31
-20
-24
-36
-16
-19
-16
-11
3
21
16
51
39
64
68
58
92
59
80
61
59
66
34
54
28
27
41
9
32
27
28
45
48
58
64
85
69
99
81
86
98
75
69
61
47
22
35
-19
2
-22
-32
-39
-59
-49
-70
-63
-78
-80
-66
-91
-69
-85
-92
-70
-108
-83
-104
-107
-106
-112
-122
-117
-126
-130
-113
-135
-122
-121
-129
-106
-120
-109
-108
-101
-99
-102
-74
-82
-51
-42
-26
1
17
15
56
49
55
77
51
88
65
77
88
81
113
112
150
171
194
209
231
253
245
260
227
230
189
145
102
52
2
-40
-92
-129
-145
-180
-177
-178
-168
-146
-136
-92
-67
-30
13
59
103
134
206
218
286
330
346
415
419
440
445
451
421
392
363
284
252
172
76
15
-81
-164
-239
-331
-387
-448
-485
-492
-500
-459
-390
-347
-225
-155
-51
65
116
237
254
307
326
288
295
211
165
89
8
-75
-180
-233
-320
-387
-416
-460
-506
-520
-563
-580
-595
-614
-642
-629
-626
-622
-576
-536
-472
-370
-289
-189
-65
8
152
196
289
326
323
358
293
258
189
115
40
-21
-100
-128
-145
-149
-109
-56
29
104
233
322
453
556
617
730
738
767
739
696
648
546
486
345
303
233
158
202
150
240
286
345
486
505
632
676
700
728
674
649
556
462
354
232
126
8
-76
-183
-230
-307
-348
-360
-417
-405
-437
-442
-456
-480
-491
-508
-539
-546
-585
-583
-591
-622
-585
-620
-570
-578
-574
-548
-579
-560
-609
-631
-692
-786
-820
-955
-1012
-1101
-1230
-1252
-1358
-1366
-1370
-1348
-1244
-1165
-976
-810
-558
-296
-40
280
558
841
1125
1348
1571
1751
1848
1959
1933
1913
1839
1686
1556
1362
1173
949
801
631
514
478
388
460
495
560
732
835
1015
1163
1292
1412
1501
1581
1562
1603
1523
1431
1337
1162
973
735
523
205
-51
-320
-656
-888
-1137
-1379
-1522
-1669
-1747
-1774
-1757
-1707
-1576
-1466
-1353
-1184
-1097
-956
-916
-869
-894
-923
-1011
-1192
-1257
-1478
-1595
-1748
-1897
-1943
-1985
-1986
-1967
-1879
-1775
-1639
-1523
-1380
-1251
-1121
-1043
-974
-897
-859
-797
-806
-682
-637
-545
-392
-294
-61
74
304
519
756
1011
1234
1588
1890
2269
2674
3068
3614
4065
4591
5135
5511
5940
6196
6282
6318
6032
5606
5014
4171
3277
2125
1009
-95
-1312
-2352
-3275
-4126
-4633
-5045
-5359
-5219
-5079
-4704
-4189
-3653
-2868
-2143
-1437
-658
-14
613
1125
1430
1709
1828
1807
1652
1361
1100
770
271
-59
-461
-775
-955
-1276
-1293
-1291
-1296
-1288
-1232
-1087
-1151
-1173
-1303
-1535
-1702
-2140
-2561
-2901
-3310
-3663
-3954
-4045
-4057
-3869
-3600
-3209
-2569
-1983
-1324
-648
-71
562
979
1314
1658
1759
1958
1986
2095
2323
2486
2925
3313
3998
4754
5484
6437
7219
8047
8652
9061
9270
9082
8641
7764
6637
5222
3530
1720
-170
-2042
-3822
-5380
-6718
-7706
-8364
-8680
-8620
-8166
-7439
-6480
-5270
-3970
-2601
-1264
-32
1002
1955
2509
2824
2958
2737
2371
1747
1031
291
-428
-1158
-1744
-2169
-2362
-2425
-2360
-2087
-1746
-1264
-949
-660
-395
-415
-533
-923
-1503
-2115
-2941
-3756
-4566
-5261
-5787
-6141
-6169
-6002
-5506
-4748
-3877
-2757
-1494
-282
963
2090
3066
4000
4590
4987
5289
5453
5488
5437
5459
5535
5687
5985
6316
6813
7562
8057
8785
9242
9525
9790
9358
8891
7764
6481
4838
2635
555
-1894
-4068
-6277
-8350
-9829
-11044
-11723
-11996
-11672
-10779
-9593
-7979
-6190
-4107
-1951
-142
1631
3171
4311
5037
5238
5186
4703
3876
2765
1550
396
-868
-1871
-2773
-3299
-3581
-3645
-3321
-2915
-2330
-1800
-1211
-786
-559
-488
-727
-1163
-1912
-2754
-3712
-4695
-5683
-6531
-7107
-7465
-7560
-7342
-6710
-5767
-4664
-3390
-1895
-275
1313
2741
4162
5448
6495
7320
7871
8362
8794
8856
9042
9135
9109
9369
9293
9476
9640
9550
9799
9404
9234
8753
7824
7015
5474
4001
2148
59
-1928
-4212
-6245
-8157
-9821
-11007
-11944
-12334
-12141
-11475
-10432
-8955
-7108
-5118
-2969
-966
820
2520
3775
4576
4903
4813
4434
3632
2527
1271
98
-1077
-2107
-2918
-3465
-3608
-3532
-3199
-2753
-2067
-1439
-878
-492
-353
-306
-736
-1392
-2182
-3245
-4283
-5379
-6462
-7366
-8016
-8345
-8465
-8231
-7595
-6694
-5428
-4088
-2435
-464
1323
3191
4801
6577
8085
8999
10155
10795
11421
11715
11530
11800
11576
11252
10954
10477
10309
9578
8919
8348
7437
6627
5162
3887
2432
530
-1164
-3314
-4953
-6899
-8656
-9905
-11128
-11616
-11972
-11696
-10836
-9823
-8379
-6590
-4595
-2603
-740
1088
2581
3936
4614
4935
5073
4698
4015
2964
1975
908
-233
-1232
-2079
-2518
-2753
-2992
-2800
-2531
-2136
-1805
-1639
-1497
-1557
-1836
-2426
-3194
-4023
-4972
-6021
-7062
-7933
-8490
-8924
-9163
-8928
-8388
-7487
-6348
-5007
-3144
-1244
761
2675
4726
6661
8365
9894
11027
12277
12953
13545
13758
13860
14034
13574
13351
12775
12266
11536
10465
9568
8270
6967
5267
3434
1674
-449
-2445
-4611
-6487
-8261
-9983
-11156
-12175
-12533
-12736
-12374
-11510
-10494
-9005
-7540
-5649
-3794
-2125
-527
871
2220
2953
3399
3762
3716
3494
2913
2335
1820
1134
538
-23
-239
-458
-704
-639
-635
-582
-719
-887
-1055
-1526
-2173
-2979
-3791
-4809
-5914
-6963
-7883
-8625
-9284
-9628
-9605
-9215
-8612
-7684
-6223
-4731
-2893
-924
1085
3270
5219
7164
9004
10575
11957
13120
14093
14818
15338
15719
15717
15736
15379
14847
14047
12863
11634
9873
7964
5641
3380
933
-1800
-4405
-6877
-8893
-10989
-12658
-13790
-14279
-14344
-14299
-13498
-12171
-10612
-9036
-7385
-5312
-3444
-1906
-480
729
1831
2306
2718
2904
2844
2661
2290
2112
1720
1424
1235
1167
1171
1069
1152
1306
1310
1142
885
566
-8
-917
-1861
-2840
-4142
-5555
-6771
-7883
-8958
-9916
-10391
-10340
-10225
-9749
-8811
-7250
-5446
-3943
-1811
536
2783
4838
6648
8765
10677
11901
13096
14153
15228
15922
15916
16524
16541
16430
15848
14887
14369
12829
11000
8774
6443
4155
988
-2091
-5079
-7550
-10152
-12891
-14545
-15707
-16065
-16417
-16303
-14778
-13130
-11318
-9563
-7377
-4696
-2848
-1272
0
1451
2290
2299
2372
2244
2091
1455
946
658
458
270
200
607
952
1170
1728
2254
2627
2587
2371
2345
1608
607
-739
-2000
-3392
-5283
-6831
-8356
-9453
-10457
-11314
-11127
-10976
-10250
-8982
-7505
-5317
-3569
-1239
1324
3542
5751
7647
9751
11587
12873
13805
15051
16031
16401
16858
16799
17199
17098
16134
15677
14578
13428
11544
9083
7150
4301
1526
-1683
-4706
-7273
-10234
-12560
-14720
-15784
-16672
-17156
-16634
-15829
-13973
-12449
-10595
-8099
-6050
-3810
-2322
-918
497
1191
1458
1418
1562
1392
978
588
428
528
506
658
1043
1504
2025
2321
2611
2774
2452
2065
1329
216
-1152
-2844
-4429
-6214
-7994
-9512
-10764
-11503
-12036
-12190
-11462
-10389
-9002
-7145
-5135
-2551
-159
2120
4724
6835
9116
10866
12295
14133
14894
16090
16711
17051
17634
17238
17430
16848
16181
15340
13806
12722
10587
8652
6352
3810
1465
-1585
-3943
-6477
-8682
-10644
-12426
-13383
-14047
-14310
-13969
-13053
-11746
-10229
-8633
-6681
-4739
-3091
-1832
-705
89
505
341
-93
-228
-855
-1515
-2209
-2611
-2436
-2611
-2452
-1937
-1157
-341
-24
516
949
1081
641
-199
-1059
-2381
-3917
-5785
-7428
-8894
-10257
-11356
-12027
-11954
-11540
-10645
-9342
-7448
-5189
-2960
-441
2087
4587
6997
8916
10903
12622
14049
15161
15948
16865
17318
17508
17549
17445
17133
16408
15405
14415
13032
11141
9385
7130
5098
2706
-89
-2078
-4431
-6524
-8437
-10124
-10872
-11754
-12233
-11941
-11337
-10206
-9156
-7757
-5975
-4368
-2915
-1674
-613
197
580
462
318
-34
-782
-1361
-1955
-2607
-2801
-3073
-3015
-2637
-2371
-1814
-1271
-840
-531
-577
-790
-1236
-2119
-3290
-4733
-6323
-7758
-9375
-10847
-11869
-12550
-12703
-12558
-11991
-10674
-8873
-6991
-4803
-2299
482
3114
5417
7829
10288
12345
14023
15391
16759
18006
18423
18729
18768
18755
18150
16934
15776
14300
12792
10413
8087
5892
3703
1154
-1567
-3550
-5441
-7041
-8877
-10039
-10306
-10573
-10620
-10408
-9431
-7986
-6978
-5852
-4415
-2863
-1519
-986
-209
469
797
739
200
85
-89
-562
-1032
-1254
-1123
-926
-912
-667
-98
309
484
549
438
156
-664
-1769
-2902
-4603
-6340
-8194
-10079
-11627
-13202
-14255
-14776
-14980
-14613
-13582
-12225
-10298
-8108
-5668
-2781
-145
2729
5496
8010
10426
12565
14539
16156
17365
18616
19295
19727
19864
19560
19381
18171
16700
15342
13321
11158
8268
5504
3186
-18
-3019
-5585
-7632
-9503
-11454
-12563
-12661
-12405
-12250
-11453
-9763
-7728
-6240
-4799
-2712
-703
543
1168
1979
2723
2771
2245
1582
1369
1011
12
-613
-754
-694
-886
-1031
-604
-218
-7
22
19
62
-434
-1350
-2235
-3394
-4923
-6720
-8334
-9783
-11396
-12758
-13664
-13972
-13997
-13690
-12777
-11174
-9230
-7460
-5094
-2361
271
2781
5082
7666
10035
11834
13507
15074
16524
17582
18006
18507
18943
18767
18109
17276
16087
14802
12835
10222
8211
5443
2703
-361
-3499
-5344
-8063
-10203
-11750
-12790
-12810
-13245
-12802
-11392
-9825
-8197
-6623
-4454
-2186
-780
569
1806
2697
3248
3001
2742
2642
1887
1198
494
-1
-106
-709
-770
-443
-363
-112
95
357
458
189
-328
-976
-1874
-3287
-5016
-6604
-8165
-9981
-11620
-12860
-13556
-14052
-14061
-13506
-12461
-10735
-9038
-6980
-4570
-2133
352
2731
5044
7065
9276
10914
12387
13834
14763
16252
16787
17312
17850
17895
18208
17235
16521
15759
14065
12301
9732
7370
4891
1814
-1333
-4096
-6387
-8793
-10971
-12561
-12958
-13238
-13473
-12741
-11393
-9493
-7908
-6549
-4133
-1947
-601
398
1471
2671
2853
2408
2061
2127
1659
645
128
192
191
-37
-127
662
1413
1298
1837
2020
2083
1707
474
-378
-1900
-3881
-5964
-8174
-10095
-12199
-13931
-14950
-15695
-15810
-15487
-14277
-12616
-10842
-8471
-5890
-3082
-431
2038
4647
7157
9161
10939
12391
13982
15355
16023
16999
17517
18056
18378
17654
17529
16805
15561
14033
11534
9815
7287
4144
1228
-1830
-3967
-6928
-9543
-11266
-12422
-12967
-13979
-13755
-12616
-11099
-9962
-8611
-6000
-3869
-2137
-820
777
2554
2930
2869
3101
3258
2683
1532
952
1014
544
-346
-234
418
974
976
1336
2474
2870
2502
2240
1848
1042
-606
-2783
-4212
-6341
-8649
-10848
-12444
-13319
-14576
-15038
-14658
-13634
-12415
-11016
-8728
-6250
-3943
-1549
908
3508
5636
7300
9220
10982
12107
13060
14284
15349
16115
16364
16723
17437
17223
16582
15797
15035
13630
11262
9092
6735
4046
1011
-2266
-4652
-7310
-9855
-11951
-13487
-13935
-14640
-14744
-13951
-12430
-10894
-9298
-7250
-4842
-2524
-930
660
2130
3253
3651
3549
3496
3155
2445
1509
953
578
-15
-260
-172
263
696
925
1518
2139
2309
1946
1482
832
-299
-2004
-4067
-5702
-7560
-9826
-11589
-12800
-13639
-14197
-14561
-13745
-12297
-10836
-8891
-6680
-3843
-933
1553
3959
6581
9065
10940
12358
13766
15185
16061
16794
17000
17316
17866
17341
16925
16280
15221
14351
12266
10134
8119
5582
3084
-218
-3145
-5100
-7819
-10603
-12388
-13574
-14198
-14840
-15392
-14260
-12641
-11707
-10245
-8259
-5588
-3565
-2449
-542
1322
2356
2755
2931
3366
3441
2562
1845
1717
1364
779
180
180
741
567
570
978
1255
1564
1087
391
106
-770
-2172
-3777
-5482
-6830
-8468
-10218
-11503
-12348
-12833
-12996
-12869
-11940
-10350
-8718
-6853
-4597
-1978
763
3097
5225
7812
9979
11844
13214
14602
16264
16984
17987
18172
18534
19249
18442
18137
16912
15933
14716
11792
9817
6988
4304
1306
-2565
-5071
-7739
-10460
-13035
-14864
-15362
-16219
-16664
-16212
-14730
-13146
-11865
-9750
-7511
-4738
-2974
-1423
710
2314
3358
3552
4155
4579
4281
3493
3076
2842
2150
1481
637
770
626
-3
-110
-167
-10
-596
-1073
-1355
-2243
-3035
-4184
-5578
-6712
-8073
-9357
-10419
-11448
-12165
-12187
-11956
-11546
-10461
-8898
-6941
-4895
-2589
-4
2846
5174
7482
9963
11824
13910
15110
16381
17478
18208
18750
18514
18830
18271
17826
16652
14999
14105
11591
9488
6787
3892
1734
-2055
-4924
-7394
-10121
-12160
-14665
-15800
-16030
-16720
-16674
-15575
-13845
-11988
-10306
-8149
-5074
-2549
-910
1001
3035
4556
5084
5303
5634
5607
5059
3899
3274
2696
1604
682
91
-170
-650
-1000
-998
-1049
-1156
-1422
-1692
-1969
-2790
-3866
-4757
-5716
-7336
-8809
-9702
-10797
-11799
-12545
-12490
-11833
-11433
-10372
-8641
-6395
-4247
-2143
639
3459
5896
8017
10304
12532
14209
15372
16555
17704
18234
18329
18506
18339
17903
16992
15597
14683
12959
10503
8400
5932
3633
557
-2812
-4902
-7406
-10063
-12407
-14230
-14746
-15474
-16464
-15952
-14451
-12944
-11566
-9830
-7048
-4201
-2251
-618
1527
3823
4686
4712
5351
5822
5387
4121
3261
3007
2052
722
-95
-153
-245
-902
-1018
-581
-147
-429
-704
-529
-715
-1683
-2853
-3723
-4949
-6511
-8210
-9441
-10428
-11599
-12413
-12325
-11793
-11174
-10156
-8341
-6068
-4016
-1717
807
3661
5873
7890
10159
12010
13717
14840
15881
17078
17368
17538
17993
17449
17213
16364
14713
14304
12196
9822
8161
5196
3495
140
-3121
-4623
-7709
-9775
-12051
-13984
-14011
-14885
-15971
-15298
-13664
-12543
-11264
-9609
-7109
-4176
-2843
-1425
717
2807
3458
3078
3945
4354
3838
2549
1674
1737
811
-431
-1074
-1007
-816
-1396
-1692
-720
-302
-733
-718
-525
-695
-1422
-2576
-3611
-4161
-5958
-7585
-8345
-9369
-10082
-10824
-10750
-9900
-9061
-8125
-6405
-4187
-2050
15
2298
4841
7026
8915
10617
12425
14026
15013
15890
16708
17387
17537
17513
17489
17007
16406
14877
13725
12527
9953
7918
5154
2843
255
-3273
-5773
-8139
-10239
-12784
-14694
-15069
-15558
-15987
-15921
-14578
-12526
-11145
-9668
-7268
-4126
-2094
-850
1007
3190
4440
4266
4475
4893
4796
3701
2312
1960
1179
-1
-1162
-1549
-1584
-2257
-2541
-2399
-1924
-2007
-2209
-2108
-2094
-2502
-3464
-4207
-5012
-6198
-7618
-8724
-9633
-10286
-10760
-11121
-10450
-9592
-8529
-6721
-5037
-2734
-181
2071
4462
6822
9021
10954
12640
13919
15143
16122
16600
16950
16992
16985
16925
16175
15770
14676
13504
12696
10568
8989
6649
4407
2573
-896
-3395
-5491
-8191
-10348
-12672
-14106
-14410
-15201
-15839
-14828
-13063
-11922
-10400
-8245
-5357
-2868
-1483
504
2631
3999
4445
4518
5016
4784
3815
2767
2033
1295
-179
-1004
-1577
-1834
-2353
-2857
-2380
-2103
-2137
-2198
-2018
-1872
-2273
-3144
-4016
-4686
-5953
-7674
-8975
-10188
-11038
-11911
-12626
-12388
-11567
-10511
-9373
-7336
-4854
-2335
372
2816
5615
8460
10608
12493
14460
15913
17010
17720
18188
18580
18337
18040
17653
17029
16179
14821
13804
12549
10435
8508
6259
4084
1897
-1567
-4144
-5988
-8683
-11119
-13167
-14154
-14576
-15366
-15483
-14189
-12492
-11144
-9418
-6991
-4197
-2017
-362
1463
3407
4406
4547
4845
4728
4227
3171
2036
1337
76
-1032
-1792
-2278
-2754
-3097
-2987
-2813
-2547
-2504
-2428
-2063
-2337
-2991
-3557
-4371
-5305
-6866
-8285
-9442
-10502
-11581
-12379
-12486
-12216
-11522
-10582
-8902
-6946
-4853
-2358
140
2819
5191
7493
9846
11681
13444
14779
15827
16871
17401
17692
17804
17679
17529
16895
16071
15021
13768
12555
10553
8411
6104
4070
1611
-1495
-4135
-6167
-8164
-10592
-12595
-13492
-13588
-14074
-14292
-13175
-11218
-9512
-8175
-6080
-3012
-688
725
1990
4045
5509
5274
5117
5078
4881
3686
1788
1022
367
-1098
-2339
-3003
-2915
-3117
-3662
-3304
-2606
-2340
-2467
-2215
-2042
-2415
-3135
-4214
-4992
-6192
-7919
-9275
-10479
-11499
-12318
-12934
-12589
-12119
-11277
-9584
-7907
-5554
-3321
-665
2048
4451
6791
9029
11254
12723
14321
15015
16428
17051
16918
17753
16848
17654
16920
15744
15735
13667
13672
11449
9184
8125
5236
3827
413
-2137
-3646
-6481
-8332
-10825
-11896
-12456
-13413
-13965
-13598
-11942
-11147
-9870
-8189
-5697
-3189
-2239
-219
1643
3116
3989
3706
4531
4595
3788
2739
1712
1580
341
-1049
-1428
-1597
-1784
-2254
-2426
-1692
-1416
-1837
-1844
-1678
-1983
-2891
-4059
-5086
-5961
-7926
-9590
-10642
-12092
-12985
-13835
-13936
-13496
-13042
-11831
-9889
-7777
-5584
-3000
-155
2905
5254
7562
10344
12315
14038
15381
16452
17869
18385
18617
18668
18900
18999
18133
17615
16513
15314
14490
12093
10086
7975
5491
3099
-357
-2975
-5302
-7990
-10394
-12759
-13756
-14402
-15244
-15523
-14611
-12953
-11628
-9961
-8238
-5035
-2676
-1643
512
2178
3855
4045
3671
4300
3988
2960
1439
598
168
-974
-2342
-2584
-2475
-2655
-2626
-2724
-1850
-1375
-1837
-1608
-1674
-2213
-3013
-4296
-5482
-6593
-8379
-10051
-10826
-12260
-13133
-13272
-13416
-12448
-11507
-10282
-7873
-5664
-3159
-510
2132
4945
7333
9346
11369
13014
14323
15056
15536
16475
16527
16757
16474
16411
16863
16083
16012
15214
14561
14255
12189
10809
8944
6688
4639
1001
-1621
-4041
-7146
-9643
-12415
-13836
-14576
-15601
-15864
-14887
-13207
-11579
-9722
-7212
-4026
-1614
265
2359
4276
5723
5779
5727
5686
4768
3342
1598
309
-952
-2679
-4059
-4490
-4720
-5107
-5089
-4525
-3536
-3140
-2912
-2145
-1768
-2053
-2719
-3471
-4087
-5523
-7295
-8631
-9919
-11180
-12436
-13229
-13111
-12812
-12472
-11251
-9248
-7124
-5018
-2362
610
3352
5880
8145
10684
12746
14076
15438
16233
17201
17489
17670
17806
17225
17681
16823
16470
15902
14295
14363
12384
10537
8851
6292
4704
1272
-1898
-3923
-6524
-9339
-11977
-13229
-13945
-14911
-15389
-14570
-12558
-11194
-9574
-7201
-3982
-1177
188
2524
4511
6354
6629
6066
6888
6319
4965
3131
1795
1144
-758
-2798
-3555
-3796
-4538
-5277
-5478
-4762
-4234
-4774
-4668
-3964
-4014
-4658
-5562
-6096
-6532
-8152
-9641
-10409
-11402
-12111
-13011
-13194
-12505
-12240
-11057
-9471
-7819
-5551
-3328
-728
1755
3773
6189
8532
10179
11453
12828
14299
15062
15242
15940
16581
17124
16681
16859
17562
17054
16747
15534
15505
14781
11927
10521
8233
6247
3360
-956
-2705
-5374
-8428
-11336
-13412
-13494
-14824
-15685
-15177
-13294
-11515
-10319
-7982
-4958
-1694
-56
1536
4130
5904
6641
5888
6179
6504
4824
3060
1512
638
-558
-2959
-4025
-4170
-4757
-5309
-5733
-5137
-4293
-4648
-4692
-3921
-3934
-4394
-5345
-6194
-6482
-8025
-9922
-10959
-11866
-12756
-13769
-14240
-13539
-12780
-12082
-10551
-8140
-5811
-3552
-1144
1943
4537
6503
8918
10984
12697
13641
14848
16137
16420
16739
17067
17689
17687
17168
17414
17306
16983
16010
14768
14500
13039
10783
8841
6557
4705
1707
-1826
-3919
-6250
-8710
-11368
-13342
-13568
-14291
-14954
-14813
-13156
-11238
-9880
-7900
-5252
-1863
-29
1584
3884
5631
6667
6246
6016
6046
4641
2714
789
-760
-2132
-4588
-6271
-6940
-7640
-8199
-8533
-8047
-6994
-6621
-6258
-4792
-4249
-4063
-4127
-4491
-4402
-5688
-7229
-8184
-9295
-10658
-12128
-12619
-12492
-12628
-12147
-10729
-8759
-6725
-4473
-1488
1650
4433
7037
9842
12414
14198
15797
17309
18254
18636
18731
18989
18760
18214
17592
16809
16506
15496
14441
13808
12579
11905
10376
8745
7764
5594
4014
1761
-654
-2460
-4880
-7087
-9434
-11109
-12293
-13687
-14418
-14482
-13721
-12734
-11802
-9710
-7311
-4909
-2921
-983
1464
2953
3915
4200
4365
4259
3023
1447
-11
-1349
-3233
-5092
-6443
-7187
-7927
-8751
-8503
-8045
-7291
-6785
-6146
-4791
-3993
-3620
-3451
-3317
-3481
-4339
-5574
-6454
-7737
-9207
-10359
-11491
-11840
-12158
-11981
-10834
-9569
-7642
-5204
-2459
684
3723
6691
10102
12918
15026
17313
18963
20133
20681
20706
20819
20101
19255
18312
17049
16059
14671
13805
12890
11588
10667
9859
9154
7530
6060
5071
3455
1334
-1327
-3010
-5023
-7776
-10196
-12046
-12879
-14379
-15518
-15266
-14157
-13014
-12142
-10028
-7082
-4574
-2925
-987
1657
3267
3563
3528
3891
3571
1778
-201
-1606
-3077
-5287
-7450
-8572
-9181
-9962
-10621
-10267
-9165
-8296
-7488
-6425
-4657
-3402
-3005
-2389
-1792
-1856
-2854
-3802
-4563
-5812
-7551
-8834
-9541
-10150
-10524
-10256
-9011
-7405
-5781
-3204
-110
2817
5820
8762
11731
14222
16066
17584
18702
19278
19115
18680
18115
17056
16143
14915
13927
13162
12194
12196
11434
10931
10951
10293
10216
8921
7598
6732
4882
2633
-79
-2372
-4564
-7317
-10367
-12292
-13356
-14881
-16111
-16134
-15062
-13926
-12991
-11170
-8204
-5762
-4029
-1987
445
2192
2753
2860
3293
3080
1568
-104
-1568
-2781
-4873
-6795
-7741
-8410
-8877
-9507
-9026
-7879
-7197
-6453
-5144
-3788
-2952
-2567
-2170
-1685
-2118
-3047
-3673
-4523
-5582
-6859
-7806
-8051
-8491
-8689
-8046
-6842
-5382
-3868
-1575
1278
3810
6292
8943
11838
13889
15390
16863
18049
18564
18182
17887
17502
16550
15072
14107
13228
12182
11156
10193
10082
9477
8856
8271
7896
7630
6044
4810
3569
2137
-161
-2955
-4735
-6924
-9298
-12094
-13750
-14402
-15736
-16590
-16662
-15226
-13853
-13166
-11132
-8210
-5476
-3904
-2083
721
2468
3039
3050
3806
4009
2494
898
-136
-854
-2720
-4575
-5274
-5505
-6008
-6741
-6323
-5261
-4647
-4369
-3470
-2477
-1797
-1813
-1726
-1418
-1867
-2452
-3314
-3829
-4508
-5248
-5865
-6101
-6040
-5966
-5272
-4416
-3077
-1687
97
2009
3903
6016
7901
9804
11217
12528
13596
14191
14381
14399
14203
13585
12951
11933
11344
10676
9703
9167
8430
8262
7883
7190
6831
6383
5940
4731
3417
2165
807
-1231
-3600
-5349
-7581
-9351
-11553
-13323
-13911
-14915
-15221
-15141
-14171
-12559
-11322
-9475
-7090
-4512
-2327
-550
1496
3195
4206
4454
4627
4627
3744
2508
1053
-93
-1445
-3278
-4412
-4997
-5656
-6159
-6226
-5593
-4711
-4233
-3386
-2137
-1127
-490
-89
473
757
506
-103
-661
-1144
-1969
-3018
-3733
-4050
-4317
-4516
-4308
-3546
-2430
-1342
75
1839
3620
5226
6643
8161
9379
10042
10317
10728
10616
9985
9207
8585
8244
7142
6163
6048
5747
5575
5190
5295
6281
5957
5938
5790
6029
5940
4184
3511
2254
959
-1350
-3941
-5210
-7348
-9450
-11851
-12834
-13410
-14515
-14748
-14302
-12501
-11228
-9848
-7340
-4468
-1715
68
2275
4739
6252
6689
6607
6837
6391
4682
2739
1269
-327
-2213
-4244
-5575
-5933
-6484
-6955
-6539
-5445
-4243
-3129
-1999
-334
1266
2051
2867
3352
3679
3591
2650
2114
1044
-33
-1237
-2601
-3281
-4107
-4485
-4647
-4375
-3601
-2672
-1400
74
1599
3170
4484
5647
6750
7326
7722
7635
7344
6994
6185
5491
4639
3892
3561
2790
2548
2660
2664
3252
3304
3865
4687
4751
5046
4900
4940
4474
3242
2219
743
-755
-2754
-4775
-6370
-8062
-9588
-11110
-11421
-11581
-11617
-10726
-9623
-7684
-5947
-3916
-1451
839
2939
4457
5925
6841
7073
6672
5902
4816
3116
1119
-868
-2418
-4153
-5648
-6335
-6702
-6535
-6064
-5173
-3501
-2174
-602
1252
2613
3888
4775
5349
5586
5340
4627
4002
2940
1317
357
-893
-1907
-2807
-3752
-3852
-4076
-3930
-3636
-3083
-2245
-1469
-850
-294
523
1066
1251
1222
1326
1338
905
393
128
-92
-316
-592
-636
-34
256
771
1786
2785
4070
4872
5825
7030
7796
8272
8147
8175
7657
6547
5286
3389
1922
-213
-2544
-4189
-6244
-7647
-8990
-9853
-9816
-9878
-9160
-8039
-6523
-4715
-2767
-687
1345
3139
4600
5875
6376
6672
6403
5675
4563
2911
1752
14
-1578
-2706
-3832
-4232
-4528
-4419
-3631
-2797
-1737
-372
875
2282
3102
3933
4595
4677
4384
3802
3270
2078
932
-567
-1682
-2791
-4258
-5005
-5818
-6322
-6582
-6764
-6577
-6286
-6000
-5472
-4994
-4565
-4129
-3827
-3474
-3296
-3220
-3047
-2951
-2718
-2428
-2202
-1588
-822
71
1055
2308
3743
5084
6765
7936
9434
10860
11515
12567
12625
12921
12556
11483
10537
8952
7640
5337
3419
1645
-383
-1972
-3810
-4873
-5793
-6618
-6950
-6957
-6528
-6140
-5411
-4334
-3065
-1931
-1069
433
1470
2262
2780
3060
3516
3126
2790
2186
1642
986
81
-358
-845
-1153
-1375
-1344
-882
-601
-360
369
938
1455
1613
1713
2045
1692
1230
464
-258
-1064
-2358
-3571
-4741
-5688
-6795
-8001
-8708
-9256
-9742
-10217
-10308
-10182
-9960
-9699
-9396
-8613
-8086
-7330
-6544
-5735
-4742
-3892
-2840
-1883
-833
306
1419
2502
3573
4816
6056
7186
8208
9383
10654
11729
12470
13311
14177
14644
14945
14730
14538
14127
12953
11691
10052
8485
6601
4145
1986
36
-1856
-3899
-5776
-6904
-7510
-8322
-8798
-8563
-7547
-6744
-6082
-4491
-2686
-1040
25
1334
3080
4120
4342
4610
5127
5073
4238
3402
2998
2268
1111
138
-344
-740
-1536
-1903
-1867
-1739
-1813
-2045
-1697
-1706
-1944
-2308
-2685
-3227
-4249
-5040
-6048
-7093
-8326
-9386
-10024
-10823
-11497
-11862
-11668
-11336
-11025
-10546
-9546
-8334
-7475
-6579
-5490
-4302
-3424
-2934
-2160
-1343
-952
-570
-166
413
1093
1620
2441
3427
4418
5758
7051
8314
9745
11091
12582
13555
14384
15336
15900
16091
15621
15513
14915
13838
12627
11219
10180
8425
6668
5165
3744
2321
730
-339
-1326
-2307
-3008
-3383
-3612
-3851
-3787
-3464
-3120
-2915
-2534
-1879
-1400
-1099
-809
-263
-5
-29
20
-39
-174
-731
-1318
-1764
-2325
-3227
-4115
-4636
-5223
-5947
-6573
-6752
-6670
-6892
-7043
-6751
-6343
-6169
-6239
-6048
-5852
-5898
-6264
-6659
-6651
-7055
-7615
-7993
-8158
-8101
-8465
-8500
-7950
-7454
-7186
-6682
-5769
-4898
-4236
-3663
-2633
-1712
-1255
-547
371
1211
1760
2265
3416
4312
4908
5700
6639
7720
8290
8937
9881
10595
10937
11420
12105
12542
12653
12703
13307
13486
13297
13320
13417
13562
12938
12610
12302
11588
10550
9171
8279
6593
4594
2815
1200
-506
-2859
-4455
-5471
-6787
-8126
-8839
-8632
-8673
-9005
-8297
-7072
-6205
-5763
-4764
-3294
-2543
-2223
-2051
-1368
-1279
-2166
-2580
-3210
-4021
-5174
-6436
-7022
-7974
-8824
-9220
-9412
-9208
-9017
-8581
-7644
-6846
-6176
-5275
-4500
-3766
-3399
-3430
-3152
-3151
-3590
-4065
-4563
-4887
-5264
-5811
-5992
-5909
-5632
-5281
-4715
-3819
-2965
-1838
-796
339
1491
2391
3459
4348
5152
5767
6322
7039
7429
7758
8095
8505
8787
8955
9259
9502
9900
10033
10241
10516
10881
11106
11271
11724
11817
12130
12228
12203
12271
11827
11384
10803
9900
8676
7183
5801
4148
2106
82
-1832
-3540
-5510
-7441
-8677
-9590
-10566
-11164
-11218
-10860
-10239
-9803
-8740
-7427
-6303
-5264
-4399
-3319
-2668
-2300
-2229
-2394
-2655
-3518
-4277
-5149
-6191
-7164
-8087
-8652
-9093
-9416
-9438
-8994
-8394
-7820
-7049
-5980
-5001
-4219
-3394
-2648
-1971
-1690
-1659
-1292
-1285
-1658
-1931
-2025
-1864
-2185
-2323
-1819
-1339
-845
-314
498
1729
2593
3048
4073
4876
5286
5623
5630
5943
5674
5129
5149
4798
4470
4161
3979
4346
4310
4400
4995
5570
6205
6543
7170
7933
8395
8861
9296
9780
9965
10160
10465
10631
10615
10553
10691
10439
9985
9417
8880
7994
6498
5236
3601
1717
-251
-2476
-4427
-6447
-8405
-9805
-11185
-12289
-12867
-12974
-12767
-12524
-11870
-10621
-9465
-8576
-7422
-6327
-5147
-4760
-4611
-4194
-4479
-4896
-5634
-6346
-6925
-7915
-8567
-8834
-9148
-9041
-8722
-7963
-6860
-5891
-4542
-2886
-1381
-5
1331
2541
3705
4234
4577
4917
4833
4461
3650
3004
2418
1412
358
-284
-708
-1141
-1557
-1608
-1095
-797
-523
105
1029
1677
2093
2678
3285
3801
3753
3829
4147
4251
3953
3723
4030
4149
4068
4060
4533
5087
5253
5568
6129
6970
7319
7611
8411
8875
9304
9548
9945
10489
10286
10377
10241
9866
9491
8396
7656
6537
4893
3459
1617
-164
-2022
-3965
-5625
-7321
-8927
-9964
-10863
-11660
-12086
-12191
-11753
-11501
-11197
-10350
-9321
-8721
-8163
-7327
-6650
-6128
-6223
-5979
-5510
-5681
-5927
-6053
-5711
-5622
-5732
-5357
-4580
-3829
-3345
-2431
-1179
-1
808
1774
2872
3638
4123
4318
4678
4563
4008
3488
2812
1919
768
-288
-1025
-1819
-2865
-3359
-3422
-3462
-3417
-3152
-2351
-1480
-794
-68
958
1926
2349
2979
3533
3804
3900
3672
3871
3717
3209
2957
2707
2680
2405
2040
2303
2547
2683
2883
3369
4172
4661
5175
5954
6833
7701
8244
8839
9643
10250
10679
10894
11015
11093
10802
10347
9590
8484
7437
5940
4323
2334
92
-1658
-3820
-5952
-7965
-9679
-10761
-12267
-13242
-13539
-13561
-13411
-13451
-12526
-11330
-10631
-10058
-8952
-7470
-6700
-6427
-5852
-4712
-4123
-4378
-4217
-3542
-3258
-3289
-3191
-2709
-2184
-2038
-1573
-822
-237
251
798
1606
2103
2286
2662
2966
3067
2817
2376
2221
1720
1027
430
-406
-902
-1561
-2181
-2396
-2867
-2854
-2574
-2413
-1905
-1384
-642
343
909
1570
2416
3000
3582
3856
4037
4313
4457
4367
4225
4093
4033
4073
3909
3795
3955
4216
4328
4571
4836
5367
5862
5941
6522
6992
7318
7669
7805
8237
8375
8152
8223
8212
7861
7412
6869
6412
5814
4572
3556
2639
1129
-302
-2034
-3731
-5094
-7188
-8738
-10068
-11588
-12298
-13326
-13685
-13582
-13498
-12784
-11941
-10810
-9584
-8140
-6756
-5371
-4079
-3121
-2115
-1406
-960
-766
-740
-953
-1213
-1463
-2006
-2403
-2592
-2706
-2798
-2727
-2186
-1562
-1071
-504
382
1353
1923
2318
2875
3432
3373
2930
2746
2667
1976
886
233
-76
-661
-1654
-2138
-1970
-1867
-2019
-1952
-1104
-285
200
863
1713
2604
3176
3522
4068
4492
4410
4341
4439
4226
3766
3422
3266
2967
2503
2339
2235
2192
2146
2126
2484
2749
2879
3290
3831
4098
4410
4860
5208
5534
5577
5873
6068
5876
5858
5751
5732
5342
4670
4480
4045
3049
2081
1150
282
-1135
-2854
-3916
-5129
-6711
-8209
-9352
-9974
-10973
-11812
-11820
-11582
-11421
-11230
-10311
-8922
-7934
-7176
-5840
-4412
-3389
-2687
-2101
-1135
-656
-713
-635
-432
-288
-431
-481
-302
-68
175
541
1157
1753
2318
2961
3603
4303
4793
5167
5392
5477
5401
4968
4540
3952
3154
2271
1279
356
-464
-1345
-2164
-2724
-2968
-3185
-3501
-3341
-2875
-2495
-1968
-1662
-1073
-296
-156
200
515
565
683
595
647
437
152
215
175
369
320
524
1275
1597
1909
2274
2835
3643
3920
4109
4524
4788
5131
5200
5112
5410
5597
5694
5691
5408
5601
5752
5426
4943
4501
4370
3802
2765
2048
1428
360
-971
-2383
-3346
-4353
-6152
-7509
-8267
-9163
-10090
-11011
-11168
-10790
-10927
-10728
-9764
-8649
-7511
-6591
-5136
-3404
-2291
-1193
-13
1150
1830
2155
2654
2953
2905
2673
2645
2598
2474
2230
2049
2238
2266
2369
2662
2878
3180
3441
3435
3630
3545
3283
3054
2391
2040
1330
348
-196
-1112
-2014
-2744
-3450
-3804
-4294
-4760
-4834
-4736
-4444
-4255
-3862
-3103
-2293
-1596
-887
4
633
1418
2044
2448
2865
2905
3177
3277
3011
2771
2659
2680
2562
2371
2213
2475
2610
2542
2548
2529
2618
2395
2092
1779
1276
981
515
58
-88
-303
-236
-16
230
665
1181
1774
2303
2783
3175
3347
3430
3220
2756
2081
1115
68
-1314
-2842
-4223
-5718
-6927
-8084
-9143
-9625
-9919
-9758
-9233
-8579
-7396
-5982
-4523
-2928
-1365
265
1791
2998
3939
4708
5169
5304
5160
4800
4367
3907
3267
2630
2338
1951
1784
1738
1758
2067
2265
2622
3025
3365
3654
3745
3733
3598
3252
2836
2361
1693
859
161
-495
-1324
-2147
-2740
-3090
-3576
-4042
-4320
-4294
-4167
-4154
-4087
-3796
-3388
-3193
-2963
-2605
-2444
-2219
-2024
-2041
-1930
-1850
-1751
-1630
-1519
-1354
-1093
-652
-221
183
825
1366
1825
2345
2616
2806
2911
2843
2620
2178
1601
989
467
-134
-936
-1375
-1536
-1507
-1357
-1229
-439
582
1517
2576
3686
4865
6100
6777
7264
7662
7587
7338
6500
5525
4252
2520
854
-1122
-3009
-4806
-6554
-7821
-8909
-9619
-9931
-9805
-9192
-8302
-7014
-5475
-3763
-2142
-669
867
2201
3190
3911
4363
4456
4305
3979
3511
2924
2375
1766
1306
1171
1043
1233
1673
2196
2881
3453
4128
4916
5433
5777
5984
5826
5660
5006
4033
3174
1942
746
-558
-1833
-2763
-3709
-4703
-5257
-5501
-5798
-5760
-5709
-5574
-5138
-4926
-4576
-4140
-3936
-3767
-3748
-3459
-3211
-3485
-3349
-3236
-3175
-2902
-2948
-2536
-1833
-1460
-943
-350
389
1311
1817
2450
3268
3613
3931
4162
3910
3883
3337
2485
1945
902
21
-836
-2007
-2716
-3211
-3549
-3550
-3434
-2828
-1881
-902
301
1729
3285
4893
6045
6986
7868
8244
8402
7930
7150
6095
4482
2844
757
-1154
-2988
-4972
-6461
-7696
-8588
-8927
-8934
-8491
-7560
-6516
-5136
-3567
-1931
-300
980
2262
3192
3661
4192
4293
4159
3740
3210
2849
2418
2100
1777
1919
2209
2399
2976
3691
4437
5232
5824
6415
6958
7182
7015
6715
6144
5274
4264
2779
1313
-165
-1791
-3172
-4597
-5705
-6512
-7055
-7144
-7232
-6853
-6279
-5477
-4617
-3932
-3004
-2272
-1721
-1292
-1130
-926
-992
-1283
-1567
-2198
-2469
-2685
-2953
-2994
-2986
-2648
-2225
-1693
-902
-42
684
1379
1886
2489
2795
2661
2616
2260
1786
896
-103
-998
-1973
-2781
-3843
-4453
-4811
-5026
-4848
-4556
-4006
-3160
-2074
-1091
312
1775
2958
4283
5117
5951
6655
6896
6966
6642
6088
5207
3960
2655
1393
-184
-1649
-3172
-4534
-5393
-6400
-6915
-6893
-6656
-6023
-5223
-4008
-2449
-1123
392
1950
3168
4371
5036
5579
5923
5951
5837
5404
5083
4508
3947
3566
3307
3154
3140
3409
3553
3901
4234
4430
4851
4939
5018
4925
4551
4194
3573
2869
1923
878
-90
-1124
-2238
-3396
-4229
-4925
-5666
-6155
-6425
-6320
-6166
-6174
-5906
-5284
-4661
-4310
-3923
-3353
-2857
-2580
-2556
-2422
-2307
-2402
-2530
-2720
-2759
-2796
-2862
-2688
-2289
-1929
-1367
-677
189
1166
1792
2460
3210
3680
3930
3993
3802
3615
3022
2163
1420
387
-482
-1326
-2337
-2704
-3199
-3708
-3510
-3574
-3317
-2638
-2207
-1288
-433
169
1182
1753
2167
2713
2831
3021
2881
2386
2014
1337
631
57
-761
-1228
-1776
-2379
-2704
-2872
-2752
-2599
-2393
-2045
-1525
-935
-233
390
1253
2012
2437
2909
3295
3695
3934
3826
3775
3852
3702
3458
3277
3091
3213
3174
3138
3457
3440
3662
3914
3877
4025
3901
3690
3414
2941
2406
1561
827
-5
-1001
-1898
-2864
-3614
-4188
-4849
-5219
-5324
-5308
-4997
-4801
-4182
-3548
-2997
-1953
-1503
-664
10
-94
477
383
241
273
-462
-675
-1078
-1820
-1860
-2322
-2522
-2265
-2577
-2105
-1644
-1348
-417
-99
628
1556
1647
2239
2353
2141
2330
1547
1018
529
-406
-990
-1974
-2964
-3510
-4206
-4763
-5032
-5332
-5209
-5034
-4822
-4312
-3932
-3375
-2670
-2014
-1256
-528
-25
681
1431
1886
2384
2827
3313
3628
3766
3990
4197
4413
4277
4165
4147
3809
3560
3017
2564
2330
1790
1259
786
410
112
-176
-308
-376
-346
-111
168
653
1174
1735
2318
2892
3525
3955
4559
4913
5091
5383
5218
5172
4946
4515
4226
3614
3085
2525
1823
1434
855
264
41
-308
-568
-785
-1016
-1094
-1236
-1377
-1565
-1630
-1735
-2066
-2279
-2363
-2405
-2461
-2658
-2904
-2920
-2906
-2922
-2858
-2655
-2392
-2303
-2230
-1975
-1699
-1548
-1382
-1343
-1283
-1288
-1589
-1797
-1950
-2339
-2768
-3259
-3778
-4158
-4720
-5168
-5432
-5730
-5819
-5963
-6079
-5876
-5611
-5247
-4860
-4367
-3737
-3224
-2765
-2275
-1747
-1195
-876
-698
-389
-340
-320
-402
-495
-202
-151
-57
176
468
997
1345
1832
2543
3319
4054
4624
5128
5793
6460
6767
7332
7564
7739
7958
7602
7639
7566
7245
7193
6831
6394
6285
5767
5275
5057
4281
3930
3401
2479
2209
1339
734
394
-444
-613
-1050
-1582
-1460
-1697
-1711
-1446
-1548
-1183
-965
-959
-437
-257
-64
191
94
391
431
224
367
173
-33
-238
-698
-917
-1200
-1575
-1882
-2258
-2469
-2680
-3020
-3169
-3274
-3344
-3381
-3556
-3668
-3669
-3754
-3897
-4012
-4203
-4217
-4329
-4471
-4385
-4388
-4239
-4050
-3950
-3612
-3293
-3018
-2625
-2390
-2079
-1773
-1521
-1256
-1082
-933
-936
-724
-705
-729
-530
-725
-541
-461
-595
-321
-284
16
389
462
929
1311
1648
2249
2520
2944
3349
3315
3603
3691
3596
3644
3287
3063
2786
2259
2090
1755
1387
1290
942
958
987
829
1189
1221
1431
1848
1879
2333
2501
2553
2846
2566
2619
2569
2180
2222
1752
1390
1191
609
468
161
-136
-52
-273
-178
-59
-75
317
492
746
1153
1228
1508
1712
1632
1765
1499
1182
981
331
-143
-803
-1553
-1959
-2677
-3328
-3722
-4158
-4291
-4482
-4659
-4348
-4097
-3805
-3432
-3105
-2536
-2119
-1841
-1416
-1199
-857
-639
-637
-326
-210
-125
105
197
399
711
1053
1326
1688
2089
2314
2670
2901
2968
3138
3206
3184
3026
2823
2720
2414
2211
1936
1487
1382
1016
634
409
25
-104
-364
-636
-787
-1033
-1066
-1304
-1514
-1517
-1606
-1540
-1655
-1696
-1555
-1596
-1590
-1614
-1642
-1464
-1466
-1473
-1316
-1328
-1127
-1044
-1012
-813
-803
-619
-592
-648
-471
-543
-520
-503
-649
-644
-699
-763
-908
-956
-995
-1136
-1124
-1244
-1398
-1378
-1487
-1551
-1526
-1575
-1563
-1537
-1530
-1512
-1431
-1287
-1184
-1027
-862
-713
-542
-373
-225
-99
102
285
430
518
665
789
932
1100
1231
1444
1623
1870
2028
2206
2466
2543
2753
2858
2870
3050
3035
3019
3025
3041
3039
2979
2925
2852
2789
2695
2647
2550
2530
2628
2554
2583
2651
2583
2687
2719
2630
2640
2573
2466
2379
2162
1942
1654
1327
1013
567
234
-76
-502
-749
-1058
-1367
-1457
-1640
-1798
-1836
-1972
-2017
-2049
-2193
-2206
-2336
-2451
-2508
-2753
-2874
-3037
-3284
-3437
-3665
-3881
-4019
-4131
-4219
-4231
-4145
-4039
-3872
-3639
-3395
-3124
-2822
-2478
-2224
-1935
-1607
-1454
-1295
-1186
-1188
-1162
-1185
-1246
-1299
-1294
-1223
-1206
-1109
-945
-766
-449
-165
152
532
887
1251
1565
1857
2160
2416
2560
2689
2721
2697
2743
2569
2398
2298
2010
1901
1721
1534
1525
1396
1413
1412
1427
1607
1655
1817
2002
2083
2277
2348
2383
2467
2414
2372
2298
2145
2007
1841
1646
1496
1373
1200
1146
1080
969
974
880
880
855
801
795
654
599
471
228
64
-206
-506
-723
-1082
-1392
-1640
-1919
-2140
-2391
-2593
-2682
-2801
-2861
-2849
-2879
-2798
-2711
-2654
-2529
-2414
-2287
-2198
-2122
-2045
-1957
-1853
-1799
-1702
-1641
-1564
-1445
-1387
-1241
-1100
-955
-746
-579
-367
-128
110
348
605
845
1048
1304
1443
1594
1742
1747
1835
1831
1781
1770
1671
1657
1600
1491
1433
1364
1300
1240
1094
1041
994
882
861
699
670
655
506
500
408
372
403
317
327
340
311
394
363
375
408
339
383
314
216
176
85
-9
-97
-216
-309
-373
-472
-550
-637
-707
-691
-715
-708
-625
-607
-499
-453
-424
-313
-319
-296
-300
-336
-360
-463
-581
-695
-864
-1055
-1288
-1492
-1676
-1874
-1998
-2138
-2175
-2163
-2142
-1958
-1791
-1563
-1252
-977
-627
-336
-56
277
460
677
802
864
959
915
895
862
754
684
601
476
442
389
354
347
303
309
298
318
275
254
259
220
262
197
202
236
172
207
194
244
364
397
493
656
771
910
1058
1176
1355
1452
1516
1626
1665
1727
1741
1688
1663
1600
1497
1403
1273
1125
1025
850
725
574
426
356
208
146
71
25
-6
-46
-25
-44
-27
-14
-7
28
19
24
43
13
15
-68
-153
-206
-334
-429
-590
-719
-834
-995
-1079
-1216
-1316
-1365
-1466
-1497
-1473
-1497
-1460
-1430
-1420
-1346
-1356
-1323
-1300
-1318
-1325
-1360
-1347
-1341
-1308
-1261
-1219
-1108
-1037
-919
-783
-689
-527
-436
-323
-224
-165
-57
-20
31
72
93
169
198
246
334
394
488
591
675
772
868
945
1012
1051
1077
1086
1051
1004
942
867
792
725
661
602
547
523
491
501
518
520
578
607
647
659
670
687
646
610
537
478
374
262
153
27
-72
-186
-256
-309
-341
-350
-335
-299
-230
-179
-119
-39
24
72
78
64
70
12
-66
-135
-222
-249
-320
-354
-357
-326
-274
-215
-109
6
143
252
370
472
545
603
615
609
564
478
378
238
69
-90
-287
-448
-613
-781
-847
-950
-948
-911
-888
-758
-662
-493
-328
-194
2
141
312
396
510
605
631
735
703
739
765
716
770
737
751
775
759
797
764
738
734
680
656
565
433
400
207
75
-30
-249
-329
-478
-631
-681
-784
-824
-819
-874
-853
-830
-825
-779
-772
-732
-684
-720
-671
-667
-666
-631
-687
-633
-676
-702
-696
-729
-721
-765
-767
-773
-796
-779
-751
-716
-664
-611
-530
-443
-339
-242
-128
-1
106
204
300
348
364
374
357
331
252
202
133
70
18
-44
-34
-57
-41
-17
24
98
183
293
404
527
643
789
903
984
1068
1139
1164
1149
1111
1053
991
871
732
632
496
373
279
176
128
92
79
124
138
194
286
345
389
427
474
486
464
419
357
302
176
82
-14
-147
-257
-364
-425
-478
-504
-502
-451
-423
-401
-331
-255
-204
-181
-139
-99
-113
-119
-127
-134
-144
-206
-200
-203
-172
-131
-93
3
64
177
262
324
410
453
476
448
419
360
296
169
20
-82
-219
-339
-447
-517
-566
-580
-589
-527
-446
-375
-226
-138
-39
50
132
196
199
195
177
143
64
-14
-85
-152
-275
-380
-424
-497
-553
-594
-590
-581
-547
-522
-476
-369
-336
-242
-169
-133
-63
-70
-62
-86
-166
-207
-285
-384
-503
-631
-733
-859
-972
-1056
-1117
-1143
-1173
-1151
-1094
-1015
-873
-749
-574
-377
-181
59
226
430
621
745
899
978
1058
1145
1162
1158
1162
1154
1121
1089
1037
987
948
901
856
826
779
728
682
635
578
537
494
465
459
462
493
533
596
646
739
815
885
1018
1080
1189
1268
1308
1380
1363
1350
1281
1171
1042
864
696
472
259
55
-186
-400
-608
-779
-918
-1057
-1132
-1192
-1213
-1212
-1206
-1154
-1105
-1041
-978
-898
-816
-740
-659
-592
-544
-501
-479
-452
-467
-506
-520
-573
-615
-647
-725
-771
-828
-894
-934
-1017
-1030
-1062
-1076
-1070
-1120
-1080
-1079
-1046
-999
-969
-867
-813
-714
-602
-499
-370
-261
-142
-27
98
188
278
362
428
515
558
592
591
582
593
557
532
495
465
474
461
480
498
514
553
606
655
700
763
821
891
927
967
978
972
984
954
950
913
851
839
805
742
728
666
641
625
571
589
561
563
568
562
585
568
545
524
495
449
392
289
180
43
-86
-230
-411
-577
-744
-881
-1025
-1140
-1236
-1302
-1322
-1356
-1373
-1328
-1285
-1230
-1156
-1097
-1000
-919
-866
-791
-738
-664
-619
-571
-515
-492
-416
-391
-329
-251
-177
-72
18
125
241
332
396
480
544
590
593
573
548
491
429
330
249
158
55
-6
-89
-110
-133
-144
-96
-67
6
72
148
241
324
407
470
552
606
661
722
730
752
751
715
696
618
561
502
384
307
214
111
46
-62
-117
-154
-238
-232
-273
-274
-267
-283
-222
-217
-169
-135
-118
-64
-64
-28
0
5
53
55
72
103
117
152
148
179
207
208
208
186
178
129
76
37
-36
-85
-188
-272
-330
-460
-536
-642
-740
-805
-912
-980
-1047
-1097
-1137
-1176
-1194
-1195
-1188
-1150
-1094
-1046
-931
-855
-738
-606
-499
-356
-231
-115
-5
98
189
285
345
408
467
507
553
566
578
605
622
647
647
683
701
718
765
774
839
869
895
946
968
1005
1005
1012
1019
1008
990
947
907
859
782
703
603
497
401
273
163
76
-13
-90
-182
-237
-292
-345
-360
-425
-441
-433
-449
-438
-441
-413
-378
-356
-304
-267
-220
-167
-152
-121
-87
-109
-114
-130
-195
-222
-269
-338
-386
-437
-480
-506
-535
-574
-564
-558
-557
-539
-526
-485
-455
-429
-401
-393
-365
-349
-362
-348
-346
-361
-379
-392
-425
-420
-428
-458
-423
-406
-368
-303
-247
-155
-62
22
128
214
338
435
499
600
654
700
744
748
741
747
705
662
629
586
568
530
511
496
492
510
511
533
572
601
637
681
709
751
777
781
789
784
792
752
728
699
632
599
519
434
385
307
211
146
63
-9
-70
-166
-230
-285
-344
-405
-462
-502
-538
-592
-625
-663
-708
-714
-766
-786
-787
-807
-806
-827
-822
-834
-817
-797
-805
-770
-751
-727
-700
-699
-688
-680
-686
-694
-716
-716
-735
-775
-789
-828
-848
-856
-884
-873
-854
-828
-782
-704
-641
-562
-455
-372
-266
-182
-94
-7
70
143
199
267
329
367
405
463
496
547
606
643
713
775
827
900
989
1061
1135
1212
1284
1372
1441
1500
1572
1639
1687
1724
1744
1786
1785
1755
1737
1654
1579
1489
1349
1223
1085
919
753
585
407
245
79
-86
-227
-355
-484
-592
-668
-752
-817
-884
-934
-951
-983
-997
-1008
-1012
-1002
-1024
-1028
-1013
-1021
-1003
-993
-976
-936
-917
-880
-853
-800
-764
-740
-673
-637
-572
-530
-479
-399
-353
-299
-256
-209
-176
-176
-162
-157
-173
-182
-227
-262
-270
-294
-310
-318
-294
-265
-240
-199
-141
-72
-16
51
114
185
243
282
329
350
368
360
351
340
300
260
222
188
168
138
107
103
92
112
118
133
185
235
281
310
367
407
447
467
481
510
517
520
499
491
464
432
390
343
311
254
205
143
104
51
-10
-56
-112
-160
-214
-251
-283
-290
-326
-353
-365
-380
-380
-413
-411
-420
-431
-442
-463
-450
-458
-468
-481
-488
-482
-472
-453
-433
-389
-357
-322
-266
-204
-131
-79
-12
57
126
186
231
284
329
352
368
388
415
425
402
394
394
383
371
371
372
395
404
408
451
472
507
529
534
575
594
597
603
604
595
574
542
522
488
446
388
326
278
201
136
72
7
-40
-106
-159
-196
-238
-293
-339
-388
-423
-461
-509
-535
-564
-579
-600
-612
-606
-601
-590
-583
-548
-518
-481
-442
-398
-342
-309
-250
-207
-154
-112
-95
-62
-52
-37
-46
-62
-80
-99
-137
-186
-206
-238
-276
-298
-330
-338
-332
-347
-324
-300
-285
-250
-226
-187
-138
-119
-92
-43
-34
-15
-6
-14
-1
-26
-57
-72
-97
-125
-159
-192
-211
-221
-244
-258
-256
-259
-246
-225
-194
-144
-89
-33
41
121
203
300
393
495
598
689
786
889
979
1060
1121
1188
1234
1258
1265
1259
1247
1205
1151
1085
1021
957
867
775
696
610
539
449
377
331
262
211
166
125
96
61
18
0
-34
-69
-99
-147
-184
-239
-303
-353
-409
-463
-511
-568
-603
-645
-680
-705
-739
-753
-769
-791
-791
-794
-792
-784
-778
-755
-747
-733
-705
-688
-657
-640
-620
-597
-579
-556
-541
-513
-489
-480
-457
-446
-435
-417
-427
-415
-413
-427
-423
-444
-460
-467
-489
-495
-502
-507
-497
-485
-469
-436
-396
-349
-295
-234
-167
-96
-22
50
121
194
263
318
380
432
484
531
569
609
648
678
703
734
760
781
802
816
836
849
864
876
883
903
901
907
897
885
871
844
825
792
766
732
691
655
611
571
538
494
463
434
398
383
350
324
316
286
272
254
225
218
187
168
145
108
87
41
2
-44
-95
-139
-203
-259
-326
-395
-454
-531
-594
-653
-714
-760
-813
-851
-881
-905
-913
-923
-920
-904
-887
-861
-834
-805
-780
-748
-711
-685
-640
-606
-566
-525
-492
-446
-409
-370
-330
-296
-261
-235
-204
-172
-147
-112
-89
-55
-27
-7
32
50
84
116
133
171
196
217
254
262
285
306
304
328
324
325
340
331
338
336
336
350
348
358
362
363
376
367
367
366
343
336
305
277
255
213
192
160
123
104
74
48
29
1
-12
-26
-39
-45
-53
-61
-54
-62
-58
-44
-45
-27
-22
-15
2
2
14
17
21
32
27
40
38
39
44
42
48
52
59
65
81
94
106
130
144
165
187
199
225
236
248
260
259
265
261
253
252
235
224
206
183
171
140
115
95
64
48
19
3
-8
-26
-27
-38
-39
-31
-31
-20
-11
-4
11
10
16
15
0
-7
-32
-55
-81
-118
-150
-187
-228
-266
-302
-341
-371
-406
-422
-438
-459
-454
-464
-459
-449
-447
-429
-423
-413
-400
-393
-383
-374
-363
-355
-344
-331
-319
-304
-287
-273
-251
-238
-219
-197
-181
-156
-146
-123
-115
-102
-79
-76
-58
-42
-36
-22
-21
-20
-7
-12
-2
6
10
27
34
49
66
76
93
106
121
133
145
162
167
177
185
192
207
212
218
231
236
244
262
262
284
296
305
324
332
345
360
367
377
388
392
406
415
421
430
441
447
452
457
457
457
453
446
433
423
402
385
363
343
320
297
279
255
237
214
194
167
146
123
101
73
48
21
-10
-41
-78
-108
-146
-181
-217
-247
-278
-307
-326
-346
-357
-363
-367
-363
-352
-337
-317
-298
-274
-250
-230
-207
-189
-173
-163
-153
-151
-149
-148
-158
-163
-171
-187
-194
-206
-217
-222
-227
-237
-242
-248
-251
-255
-266
-260
-268
-271
-274
-279
-281
-284
-286
-291
-286
-291
-288
-282
-277
-269
-261
-249
-245
-234
-219
-210
-193
-175
-158
-137
-121
-99
-78
-60
-36
-18
4
26
40
59
82
92
117
134
151
174
188
214
232
249
276
287
307
322
331
341
353
361
358
363
360
356
347
341
333
321
306
292
281
266
253
244
238
225
224
216
205
203
189
180
168
149
145
120
105
97
69
59
44
27
17
-1
-13
-21
-34
-41
-54
-65
-70
-86
-91
-96
-103
-107
-112
-113
-121
-122
-120
-124
-118
-115
-110
-102
-91
-84
-81
-72
-70
-71
-69
-70
-67
-65
-69
-68
-71
-73
-78
-84
-82
-90
-93
-96
-99
-100
-104
-99
-97
-95
-84
-80
-68
-57
-53
-37
-32
-26
-24
-20
-14
-21
-19
-21
-30
-28
-35
-38
-39
-46
-44
-51
-54
-53
-61
-56
-58
-59
-59
-58
-55
-51
-49
-47
-46
-44
-44
-45
-36
-42
-41
-40
-41
-39
-42
-34
-32
-30
-24
-24
-23
-19
-18
-13
-12
-6
-3
1
10
6
13
10
4
6
-3
-4
-15
-22
-27
-43
-49
-56
-70
-75
-82
-87
-93
-98
-98
-104
-102
-105
-98
-95
-88
-81
-70
-52
-46
-28
-6
11
35
53
79
100
114
145
152
170
188
188
205
213
216
227
232
236
242
244
249
252
257
260
257
261
260
259
252
249
252
241
240
240
229
228
219
208
197
191
179
162
159
147
138
131
118
120
112
100
102
88
79
69
49
38
19
-2
-17
-38
-55
-77
-101
-114
-134
-150
-163
-179
-190
-204
-221
-231
-244
-257
-266
-274
-281
-282
-296
-297
-298
-310
-306
-312
-314
-309
-308
-305
-297
-291
-283
-275
-269
-257
-249
-243
-234
-226
-221
-214
-214
-207
-197
-198
-186
-176
-166
-153
-144
-124
-110
-95
-73
-57
-34
-18
2
27
36
62
72
85
109
115
134
144
153
175
179
186
203
211
215
219
221
226
224
217
219
215
215
207
202
204
202
196
187
192
187
181
176
175
179
171
169
169
169
166
159
162
161
159
159
158
158
157
152
144
140
126
121
108
95
90
72
63
50
36
25
16
2
-7
-15
-17
-22
-30
-27
-34
-35
-37
-42
-41
-45
-48
-49
-55
-52
-55
-64
-64
-74
-77
-83
-90
-92
-98
-100
-105
-104
-104
-105
-105
-106
-100
-101
-98
-94
-95
-88
-91
-90
-89
-97
-100
-107
-117
-118
-130
-141
-147
-157
-168
-176
-188
-191
-194
-205
-199
-199
-197
-187
-186
-173
-165
-157
-144
-140
-124
-113
-107
-91
-86
-70
-61
-52
-37
-31
-13
-3
5
23
34
45
55
65
78
86
99
109
118
133
139
151
159
165
169
167
170
166
162
161
152
146
139
131
121
112
106
100
95
87
87
83
77
76
71
72
67
62
62
56
54
46
41
42
32
31
25
18
20
9
11
6
2
5
-6
0
-5
-9
-7
-15
-12
-13
-18
-12
-14
-9
-8
-2
2
4
10
8
16
15
20
25
20
27
32
25
32
28
29
29
23
24
20
15
10
5
0
-9
-18
-25
-35
-40
-51
-55
-58
-65
-66
-69
-70
-72
-72
-70
-66
-62
-57
-46
-41
-39
-28
-25
-21
-18
-16
-10
-15
-14
-13
-17
-18
-18
-21
-24
-21
-27
-28
-28
-34
-33
-35
-38
-37
-41
-42
-44
-46
-50
-51
-53
-60
-59
-61
-67
-64
-64
-65
-59
-60
-56
-51
-51
-46
-40
-34
-31
-25
-18
-17
-7
-10
-3
7
2
13
17
22
29
30
40
45
50
57
61
67
64
72
72
72
75
76
76
77
77
75
74
73
70
71
69
67
69
66
65
66
62
65
62
61
67
63
67
67
67
67
64
65
61
58
56
50
50
42
41
35
28
25
14
10
1
-7
-14
-25
-33
-46
-57
-67
-83
-93
-105
-117
-127
-136
-143
-151
-157
-161
-166
-169
-171
-173
-171
-175
-171
-170
-169
-164
-164
-159
-152
-147
-142
-133
-125
-115
-102
-96
-77
-68
-56
-36
-29
-10
4
17
36
46
62
78
91
105
117
129
142
149
157
165
172
178
181
187
191
191
194
194
196
196
193
190
190
185
181
178
172
167
160
153
148
139
132
124
120
112
107
103
94
89
80
73
66
56
51
39
31
25
13
5
-4
-14
-24
-34
-45
-53
-60
-71
-78
-84
-91
-97
-103
-109
-112
-118
-124
-126
-132
-134
-138
-143
-143
-146
-150
-149
-152
-151
-152
-152
-149
-151
-148
-146
-146
-141
-140
-139
-133
-130
-129
-124
-120
-117
-112
-109
-105
-100
-99
-92
-88
-85
-77
-75
-66
-59
-55
-44
-39
-32
-22
-17
-10
1
7
10
23
25
33
40
41
48
51
53
57
58
58
61
61
62
63
64
67
67
72
74
76
84
83
90
95
96
105
106
110
112
114
117
117
118
119
121
120
122
124
123
124
125
123
124
122
118
116
112
106
100
94
88
80
73
65
56
49
39
30
24
13
8
0
-9
-11
-17
-26
-26
-28
-37
-32
-36
-39
-30
-39
-36
-29
-36
-30
-30
-34
-31
-34
-36
-35
-38
-41
-42
-45
-46
-50
-51
-50
-55
-54
-55
-58
-56
-60
-61
-59
-64
-65
-66
-69
-68
-69
-71
-71
-70
-73
-73
-71
-72
-71
-68
-70
-64
-64
-65
-59
-59
-57
-55
-53
-51
-45
-45
-42
-35
-33
-32
-24
-22
-18
-13
-9
-9
-2
-1
-2
3
0
-1
1
-3
-5
-3
-10
-7
-9
-13
-9
-10
-7
-6
-5
0
3
7
12
16
21
26
31
34
41
41
49
51
51
60
57
60
64
61
64
64
61
63
61
58
59
56
51
51
48
42
42
37
34
33
29
25
24
22
18
16
14
7
9
5
-2
3
-5
-7
-6
-13
-14
-15
-19
-19
-19
-21
-23
-20
-20
-20
-16
-17
-13
-10
-10
-7
-3
-2
-2
3
1
5
7
7
9
12
11
13
18
18
18
24
22
24
29
27
30
34
32
33
37
33
34
37
31
32
31
26
27
26
19
19
16
9
10
5
0
-4
-7
-14
-15
-20
-27
-29
-33
-38
-39
-43
-48
-45
-52
-52
-53
-55
-56
-55
-57
-58
-55
-57
-57
-54
-54
-53
-49
-49
-48
-43
-43
-42
-36
-37
-37
-31
-32
-31
-27
-28
-27
-22
-23
-22
-14
-16
-14
-6
-8
-2
4
4
9
17
16
22
28
26
32
35
34
37
41
38
41
43
39
44
43
41
43
42
40
41
40
39
37
38
35
34
35
31
31
30
25
25
24
19
19
18
14
15
13
10
11
8
7
8
5
3
4
1
-2
0
-5
-7
-5
-9
-10
-11
-14
-16
-15
-19
-21
-19
-25
-26
-24
-31
-29
-28
-33
-27
-29
-31
-28
-28
-29
-27
-25
-28
-23
-25
-27
-21
-22
-21
-16
-16
-14
-10
-9
-8
-2
-4
0
2
2
4
5
6
6
10
8
9
13
10
12
15
14
16
17
16
17
18
18
17
20
16
18
18
16
15
16
14
13
14
9
11
10
8
9
8
8
8
9
9
6
11
7
9
11
4
10
7
4
9
4
2
4
-1
-1
-2
-5
-6
-6
-8
-10
-10
-12
-12
-12
-13
-15
-12
-17
-13
-15
-18
-13
-17
-15
-15
-14
-11
-13
-10
-8
-8
-4
-4
-2
2
2
6
7
11
12
14
18
19
22
25
25
27
30
30
33
33
31
36
31
34
33
30
33
28
30
27
25
25
20
20
17
14
13
10
9
8
3
3
-1
-2
-5
-8
-9
-12
-16
-17
-21
-25
-25
-30
-30
-31
-35
-33
-37
-36
-38
-38
-38
-41
-38
-42
-40
-40
-42
-41
-42
-41
-41
-41
-40
-38
-38
-35
-33
-35
-30
-29
-26
-24
-24
-19
-20
-15
-13
-13
-7
-9
-4
0
-2
6
4
7
11
10
13
16
17
20
23
23
28
28
29
32
33
35
36
37
38
39
40
39
39
39
39
38
37
37
35
36
34
33
34
31
31
34
30
31
33
30
34
32
32
34
30
32
31
28
31
29
28
29
24
25
24
21
20
17
15
13
9
7
4
1
-2
-5
-8
-10
-15
-14
-18
-21
-22
-26
-26
-29
-33
-33
-36
-37
-40
-40
-42
-44
-45
-47
-47
-49
-50
-50
-51
-51
-52
-52
-51
-51
-51
-50
-48
-47
-45
-44
-43
-40
-39
-37
-33
-32
-29
-27
-26
-21
-20
-17
-14
-11
-9
-5
-2
0
5
8
11
16
17
21
24
26
29
31
34
34
37
39
38
42
41
42
43
42
44
42
42
44
42
44
42
42
42
40
40
39
38
38
36
34
31
32
28
25
26
21
21
19
16
15
12
10
8
7
3
0
1
-4
-4
-7
-11
-10
-14
-16
-17
-20
-21
-23
-24
-26
-28
-29
-30
-30
-33
-33
-33
-35
-34
-34
-35
-33
-34
-33
-33
-31
-31
-30
-29
-28
-27
-26
-25
-24
-23
-22
-21
-19
-18
-17
-15
-14
-13
-11
-10
-9
-7
-5
-3
-2
-2
2
3
3
6
7
8
10
