SAMPLES:	13685
BITSPERSAMPLE:	16
CHANNELS:	1
SAMPLERATE:	16000
NORMALIZED:	FALSE
-2
0
1
-1
2
2
0
0
2
0
0
2
1
0
3
3
-2
1
1
-3
2
2
2
1
3
-1
1
3
1
2
1
2
-2
5
-1
3
1
-1
1
0
3
0
2
2
2
-1
2
2
-2
0
1
-1
-1
1
-5
-2
0
-4
-2
1
-2
-2
0
-2
-2
2
0
0
4
1
1
1
1
2
1
4
2
2
3
0
0
0
1
-1
2
3
-1
-1
1
-3
-2
0
-2
0
0
-1
-2
-1
1
-1
-1
3
-2
2
-1
1
0
1
1
-1
2
-1
-2
0
0
-3
1
-3
-4
-3
-1
-4
-1
-1
-3
-2
-1
-2
2
1
2
2
-1
1
0
1
3
0
1
2
0
0
1
-1
-1
0
-1
-2
-1
-2
-3
-1
-1
-2
-1
0
-3
0
-1
1
2
-1
2
-1
1
2
1
2
2
1
-1
2
0
0
1
2
0
2
1
0
0
-1
-3
0
-2
-1
-1
-1
-3
-1
1
-2
1
0
0
-1
2
1
0
2
2
0
1
2
0
1
0
1
-1
1
-1
-3
0
-1
-3
-2
-1
-2
-2
1
-2
-2
-1
-2
-3
0
0
1
3
1
2
1
3
3
2
3
3
2
3
2
0
2
0
-1
-1
-2
-1
-1
0
-1
0
-1
-2
1
0
-1
1
1
-1
0
1
-1
-1
0
1
1
0
3
-1
3
2
3
2
4
2
0
4
0
-1
1
-1
-4
0
-2
-4
-2
-1
-1
-1
0
1
-1
3
2
1
3
1
2
0
3
1
-1
0
-1
0
-2
1
1
-2
3
-1
0
0
1
-1
1
-1
2
-2
-1
-3
-2
-2
-3
0
-2
0
0
-1
1
0
1
1
1
2
-1
1
0
0
-3
1
-4
-3
-2
0
-3
0
0
-2
1
0
1
1
1
1
0
0
1
-3
0
-2
-1
-1
-3
0
-2
-2
2
-1
0
1
0
1
-1
1
0
-1
-1
-3
-2
-3
-2
-2
-4
1
-1
-2
1
0
2
1
5
1
3
4
1
3
1
1
-1
-2
2
-4
-1
-2
-2
-2
-2
0
0
-1
2
1
0
3
0
0
0
2
-3
0
0
-1
-2
2
-1
2
1
2
1
2
3
2
-2
3
0
-2
2
-3
-2
-3
0
-3
-2
-1
-2
0
-1
3
0
-1
5
-3
0
2
-1
-2
-2
0
-3
0
-1
-2
-1
0
1
0
2
1
1
2
2
4
-1
2
1
0
0
1
-1
-3
2
-1
-1
1
1
0
3
1
2
2
2
2
1
0
1
0
-3
1
-2
-2
0
-2
-2
-1
0
-1
-1
2
0
1
4
0
1
1
1
0
-1
0
-1
-1
0
0
-4
0
-2
-1
-1
2
-2
0
5
-2
1
0
-1
-1
-1
-2
0
-4
1
-3
-1
0
1
-2
0
3
0
0
4
1
0
2
-1
0
0
1
-1
0
1
-1
-2
2
1
1
0
3
0
0
0
2
-1
1
-1
0
-1
-1
0
-3
3
0
0
1
1
1
1
1
4
-1
4
1
2
1
1
1
1
2
2
0
1
3
0
2
1
1
1
-1
1
0
-1
0
0
0
-1
-2
-1
-2
-3
-1
-3
-1
-2
-3
0
-2
0
-1
0
0
-1
-2
0
-1
-2
0
-1
-2
-1
-2
0
-2
0
-1
-2
2
-2
0
-2
0
0
-2
-1
-1
-2
-2
-1
-1
0
-2
0
-2
0
0
0
-1
1
1
1
1
1
2
0
2
0
2
1
1
0
2
-1
2
-2
1
0
-2
1
-2
1
0
0
1
0
0
0
-1
2
0
2
0
2
1
0
1
-2
0
-3
1
1
-1
1
1
0
1
0
1
-1
1
0
1
2
0
2
-2
1
0
-1
0
2
2
2
1
3
-1
0
-1
0
1
1
1
-1
1
0
0
-2
-1
0
-2
1
1
-1
1
0
-1
-1
-2
0
0
3
3
1
2
2
-1
0
1
0
-1
0
4
-1
1
0
-3
-1
-2
1
-1
3
3
2
2
1
0
-4
0
0
-1
2
2
1
-1
0
-3
-2
-2
0
-1
3
1
2
-1
-1
-1
-3
-1
-1
0
1
2
-1
2
-1
-2
-2
-2
1
0
4
1
2
0
-2
-1
-3
0
0
1
3
2
0
0
-2
-2
-4
0
-1
2
1
0
3
-3
-1
-1
-3
2
-2
2
1
2
2
-3
0
-2
-3
-1
0
0
2
-1
0
-2
-2
-2
-1
-3
1
1
1
1
1
-2
-1
0
-1
1
1
3
2
2
1
1
-3
0
-1
0
2
4
2
1
0
-1
-2
-3
-3
1
-1
3
2
0
0
-2
-2
-3
-1
-1
1
3
1
2
-1
-1
-2
-1
-1
2
1
1
3
-1
0
-3
-1
-2
1
-1
1
2
0
1
0
-2
-3
-1
-2
2
0
2
1
-1
0
-2
0
-3
1
-1
1
4
-1
1
-1
-4
-2
-2
0
0
0
3
0
1
-1
-1
-1
-1
2
2
2
4
0
1
0
-2
0
0
1
2
2
1
2
0
-1
-1
-2
-2
2
1
2
2
0
0
-1
-1
-1
2
1
2
3
2
2
-1
-1
-1
0
0
3
1
2
1
0
0
0
-1
0
-1
1
0
0
0
-2
-2
-3
-2
-2
-1
1
1
-1
0
-1
-2
-1
-1
1
0
1
1
1
1
-1
0
-2
-2
0
-1
1
0
0
-1
-3
-2
-3
-1
-2
-1
1
-1
-1
-2
-4
0
-3
1
-2
0
0
1
0
0
-1
-1
-1
-1
0
2
1
0
1
-1
0
-1
-2
0
1
1
2
-1
2
-1
0
-1
0
1
-1
1
2
0
1
0
-1
-1
0
2
1
3
2
2
1
0
0
0
0
1
-1
1
1
-1
0
0
-1
-2
-1
0
0
2
0
0
-2
1
-1
0
1
0
1
0
1
1
0
1
0
0
1
1
1
1
2
0
2
0
2
0
1
2
0
2
1
1
1
0
0
1
-1
2
1
0
1
-1
1
-1
1
1
-1
-1
-1
0
0
0
-1
-1
-1
-1
0
-1
0
-1
-1
-1
-1
-1
0
-1
-2
1
-2
0
0
0
1
0
-1
0
-1
0
1
0
0
-1
0
-1
0
-1
0
-2
0
-1
-2
-1
-1
-1
-1
-1
-3
0
-2
-1
-1
-1
-2
0
-2
-1
0
-3
0
-3
1
0
0
0
-1
-1
1
0
2
0
0
0
0
2
-1
1
-1
1
-1
-1
0
0
-1
0
-1
-1
-1
-2
2
-5
4
-3
0
1
0
1
2
0
-1
2
-2
3
2
1
2
-1
1
0
-2
2
1
-3
4
-4
0
2
-3
3
-1
1
1
1
-2
4
1
1
2
1
0
2
0
2
0
-1
2
-1
1
0
-1
-4
2
-2
2
1
0
-1
0
-1
3
4
0
6
-2
2
2
2
2
5
-1
4
0
1
3
-2
1
-1
1
-2
0
-2
-1
-3
1
-1
-3
3
-4
1
-1
-2
2
-2
2
2
-1
1
1
0
2
1
2
-2
0
-1
-2
0
0
-3
-2
-2
-3
2
-7
2
-4
-5
1
-5
-1
-1
-2
-2
0
-2
3
-1
0
4
-1
1
6
-1
0
3
-2
5
1
-2
1
-2
-1
3
-4
4
-2
-3
5
-8
9
-3
1
3
-2
-1
1
-1
1
3
-4
2
-2
-3
0
-3
-1
2
-5
-1
-2
-1
-1
0
-3
1
0
-1
8
-8
9
-4
2
3
0
2
-2
6
-8
8
-4
-1
0
0
-1
0
1
2
-4
-2
8
-2
13
5
2
2
-1
6
5
4
5
-1
-3
1
-10
9
-11
-2
5
-19
7
-4
-15
-5
-12
-3
-3
-3
12
-15
15
-2
-7
17
-12
25
8
8
19
-14
8
4
7
-1
-4
1
-17
0
3
-16
-23
4
-10
-16
10
-15
-13
-3
4
11
1
18
-3
-1
18
-4
12
14
3
7
8
-15
21
-18
10
5
-6
15
-38
33
-32
10
2
-14
7
4
15
7
-4
8
-15
-2
47
-22
39
-4
12
23
-17
24
-5
2
14
16
4
-14
-34
6
-34
5
5
-15
1
-35
24
-38
-4
-6
-4
16
7
10
-4
13
-5
35
18
30
12
7
-6
-4
1
-38
24
-35
-23
-16
-46
-30
-12
-42
1
-37
-17
-17
-59
28
-64
34
-2
18
40
-27
24
-6
5
46
21
33
7
8
28
-19
32
-37
45
-46
33
-19
2
-62
23
-61
22
9
-64
113
-142
136
-134
153
-95
75
-31
-3
18
-53
92
-60
71
-117
66
-52
-6
25
5
8
-32
36
-70
52
-50
43
-18
-13
35
23
13
55
-22
45
50
-3
58
12
46
-16
35
-15
4
11
5
-7
18
-7
48
-42
29
2
-49
23
-64
21
-35
-13
29
-4
-56
31
-52
40
-63
51
4
-36
22
-21
4
-53
24
-24
23
-9
8
11
-13
-12
-41
-26
-64
-32
-33
-48
39
8
46
29
73
-121
155
-125
151
-97
182
-6
65
116
18
93
-127
153
-210
184
-230
207
-209
131
-184
47
-90
-31
-12
-128
88
-145
41
-85
18
-18
-7
86
1
55
-27
86
-11
36
49
26
52
-15
99
-29
39
-11
18
24
-18
-50
-14
-72
-81
8
-98
13
-35
-32
-16
-44
3
-67
8
-11
-31
18
12
6
15
75
51
15
-13
44
-10
35
-29
40
74
-38
16
33
-16
-38
25
-18
-22
-46
16
-14
1
1
11
-62
-5
-5
-40
22
-40
42
-69
-7
-44
60
9
-59
48
3
-15
12
0
23
32
-7
99
26
55
3
96
-23
61
-40
-36
6
-59
-8
-7
31
-73
28
-32
-59
-9
-103
-39
-18
-80
76
30
19
31
1
88
-44
-38
37
-4
-22
-1
99
30
-10
45
-12
-62
-90
13
-6
-66
38
10
36
-1
62
74
-7
38
58
-1
46
2
9
-19
16
41
-8
33
26
-28
-18
50
-76
-20
-12
-65
-39
-27
-22
43
-19
42
-10
-18
43
-92
83
-75
14
21
-27
95
-31
75
-11
-34
30
-30
36
-13
14
30
-46
67
17
31
57
-55
11
-23
-12
-15
-44
-15
-65
-17
53
12
0
-8
-18
-157
-87
-9
-86
-4
-42
14
-19
-2
58
-42
-18
-11
-19
1
58
68
22
51
-2
14
53
5
40
-1
-28
12
22
28
37
5
-38
-29
-83
-7
-29
-22
40
-4
57
-24
38
58
4
38
-16
55
-4
55
93
44
70
39
40
27
-14
42
-28
-51
-6
-27
-33
-47
22
-71
-14
-94
-14
-59
-58
-4
-27
-39
-90
-22
-68
-47
-61
45
-1
23
19
63
59
23
25
79
-22
-37
63
-15
29
7
73
-7
-25
24
-22
-50
-12
-12
-13
-10
-27
14
-61
-19
-48
-44
-36
-16
35
-10
-2
43
-41
5
-11
-8
-32
-43
4
-11
48
26
57
0
14
-11
4
-7
3
21
19
8
30
54
-23
15
-4
-15
12
2
68
22
30
11
41
-32
-32
24
-12
9
-13
14
9
-23
1
17
-15
8
6
-4
17
-9
29
35
-5
5
24
-16
-15
40
35
19
56
3
32
-26
-38
6
-57
-60
-23
-29
-30
7
-3
-17
-6
-30
-47
-31
-69
8
-9
1
14
22
-5
-2
27
-14
48
5
-10
49
22
18
43
15
25
0
12
5
13
11
-16
1
-2
-19
-12
-7
-26
-31
-18
-35
-19
-8
-4
-31
-26
-21
-44
-10
2
-8
29
49
6
37
48
1
20
9
-6
39
-1
31
56
12
15
-6
-4
-5
-42
-44
12
-21
-18
27
57
-40
24
-9
-14
-1
-35
36
17
-13
41
17
-4
-3
6
-18
-14
-6
38
3
3
5
15
14
-26
25
29
-10
21
10
30
50
-28
18
14
-25
-57
2
-12
-64
-17
-13
-20
-38
-24
-46
-51
-31
-37
-40
-19
-5
-9
-1
-27
25
-52
-32
9
-36
-24
-10
-3
-5
-5
-45
-29
-15
-54
-3
1
3
2
-4
-3
23
20
6
41
18
51
44
32
82
63
55
40
22
59
3
47
20
32
21
-42
13
-8
-18
-21
11
-4
7
-5
15
-3
-10
11
0
27
16
32
28
4
51
24
11
34
8
-4
0
-9
21
31
14
17
5
6
4
-4
4
23
-5
-13
20
3
-31
-13
3
-26
-10
17
-10
-4
-6
0
-18
-6
-19
15
-25
-20
-13
-44
-20
-36
-39
-41
-68
-66
-61
-61
-66
-68
-65
-82
-41
-76
-40
-25
-53
-28
-18
-26
-27
5
-12
5
8
15
21
21
16
26
1
1
17
5
8
-9
-3
-15
10
-3
18
8
-18
-5
-3
5
30
29
26
36
13
29
39
55
23
42
28
20
36
34
35
25
19
38
32
28
31
43
-2
32
11
28
39
45
34
49
56
62
63
33
73
46
66
34
55
47
-3
17
15
17
11
20
7
9
-21
-24
-35
-36
-27
-24
-35
-25
-37
-37
-34
-64
-50
-54
-56
-26
-43
-24
-4
-39
-9
-44
-30
-23
-30
5
12
-7
19
18
10
6
-11
-18
-22
-11
8
13
0
-11
-13
-63
-31
-36
-54
-31
-43
-31
-26
-1
-20
-28
1
-12
-48
-14
-21
25
33
45
47
10
18
10
2
14
28
34
47
33
20
20
-20
-26
-35
-1
6
-24
4
6
-24
-51
-59
-77
-77
-32
-29
7
-16
-5
-1
-33
-2
8
9
7
51
37
34
69
46
64
30
14
13
20
19
27
61
31
12
14
9
-18
-12
-4
3
44
8
53
22
-23
-31
-34
-28
-10
23
35
30
4
38
-22
-40
-68
-57
-19
-50
-4
30
50
31
-23
-35
-74
-55
-59
-38
37
35
23
30
-19
-11
-23
-38
31
22
54
15
36
55
-3
43
22
3
-27
48
79
32
37
67
18
1
-4
2
-14
18
51
42
105
61
41
80
-3
-4
25
36
119
83
76
86
22
-5
33
-42
-67
28
-22
-13
16
-35
-69
-117
-123
-109
-144
-98
-6
-96
-34
-8
-91
-81
-116
-66
-68
-47
35
24
16
17
2
-59
-43
-80
-33
-28
-40
28
-33
-44
-55
-117
-91
-44
-85
-47
-69
13
4
-57
47
-1
-14
-4
-7
-18
51
5
64
82
26
41
-39
-42
-26
-22
8
46
71
37
-7
-18
-59
-2
4
0
67
40
25
100
-22
-20
10
-81
22
18
-2
145
36
109
62
-37
70
-23
43
139
69
159
163
106
116
33
20
33
26
59
69
105
55
50
-17
-2
-29
-72
-1
-10
5
19
-17
38
47
-25
8
20
-35
33
14
7
100
41
46
37
-66
-25
-42
-58
-6
-19
15
-26
-56
-104
-113
-100
-118
-32
40
-9
69
43
10
0
-29
-9
-4
34
35
85
10
45
82
-16
25
12
-27
-6
-48
-44
-7
-100
-77
-85
-124
-129
-127
-99
-135
-104
-91
-76
-92
-71
-96
-124
-101
-88
-53
11
-10
28
16
-28
20
-37
10
38
28
66
56
40
32
100
-7
50
9
-13
69
12
48
45
17
-14
-51
-33
-41
-79
1
-52
-54
-27
-27
-56
-83
-88
-41
-93
-5
59
26
42
49
13
55
76
78
110
81
92
163
99
138
194
68
119
73
35
62
50
22
46
32
20
14
-29
-40
-79
-52
-55
-37
-41
-40
-50
-35
-67
-11
-10
-77
28
6
-36
24
22
6
29
1
53
11
16
55
44
23
23
20
-36
-12
21
-15
36
56
13
-6
24
-4
-18
9
-13
9
-21
6
50
-40
71
1
-35
56
-31
45
40
-26
105
-20
26
85
-37
85
34
12
39
-35
3
-34
-61
4
-62
-28
-39
-25
-36
-23
-10
-32
-29
-47
-29
-45
-51
-21
-15
-23
22
-6
28
-36
-17
-12
-47
-10
-42
7
-53
-8
-20
-60
17
-59
-49
-26
-68
-63
-59
-70
-74
-73
-64
-81
-63
-69
-59
-23
-48
-9
-25
-41
-7
1
5
26
35
31
19
47
71
11
36
59
-10
15
22
-7
36
-35
19
-6
-16
-2
29
0
-30
57
-21
28
39
65
72
34
111
32
40
37
84
37
46
61
19
29
26
14
56
19
2
51
-13
-20
16
24
-12
25
71
-3
89
65
53
64
70
32
65
69
-2
76
20
-13
46
-3
8
42
-26
5
-12
-25
-47
-39
-25
-11
-15
-35
36
-10
-68
28
-4
-59
10
13
-16
-15
11
-3
-26
-32
-44
-29
-42
-46
-27
-59
-24
-40
-56
-15
-39
-47
-2
-34
-62
16
-74
-10
-8
-32
39
-8
-16
39
1
-4
61
46
18
14
57
-44
-3
-13
36
1
-30
39
-47
-108
-30
-36
-107
-2
-15
-48
-92
-35
-21
-97
-8
15
32
-40
100
55
-22
102
27
48
5
73
52
-16
64
20
-16
-14
-8
27
-81
4
24
-35
-13
12
33
-22
-43
94
8
-31
57
44
-1
-15
71
44
-20
20
47
-49
-34
17
6
-10
12
55
-27
5
-6
-70
-8
-43
-53
16
-24
14
-10
-56
20
-56
-14
22
-28
-17
-33
29
-38
11
6
11
41
-46
78
34
-45
100
26
-16
99
3
37
5
2
2
-97
35
26
-62
29
-53
-83
-117
-172
-55
-29
-123
-48
17
-66
-89
18
-5
-49
-22
72
-14
-50
137
64
31
59
106
34
2
153
123
38
105
112
104
20
91
123
10
88
117
60
78
215
170
6
101
-6
-86
-35
-12
70
127
14
-56
5
-75
-151
39
27
-10
91
-33
71
65
-88
46
52
-20
98
145
129
140
85
40
51
28
-123
24
-132
-97
-58
-329
-221
-132
-275
-352
-111
-169
-328
-259
-257
-182
-179
-116
-70
-58
-56
-45
97
216
-22
161
145
-2
139
32
80
262
-18
-21
311
79
73
241
82
-98
-162
-220
-319
-218
-172
-189
-87
-241
-213
-366
-456
-95
-140
-203
-165
10
-27
-261
107
230
67
161
268
336
366
387
412
434
365
254
312
453
398
269
455
323
60
76
222
92
-252
-210
-186
-458
-485
-67
-185
-608
-247
-354
-718
-464
-156
-94
-139
87
247
-130
26
297
377
403
663
545
-94
262
231
-200
272
275
38
64
10
-109
-247
-50
-146
-345
-54
-64
-205
-68
-91
27
61
103
383
72
35
154
-316
-437
-158
23
-62
160
344
-95
-174
-178
-210
-211
-99
251
-153
-40
261
122
216
86
-189
-300
-380
-350
-109
-60
-11
304
128
-87
18
-331
-451
-145
-259
30
703
279
591
561
-30
264
-103
-44
179
-111
279
142
-239
344
162
-104
194
-167
-290
-219
-76
132
56
49
-65
-212
-171
-60
162
133
-70
79
-160
-281
-58
280
283
37
293
-60
-171
168
-68
60
212
-81
-7
-27
-355
-258
-202
-353
-334
-179
-213
-174
50
-158
73
-125
-249
84
-221
338
304
200
637
164
65
-85
69
-353
-410
132
-241
-129
19
-249
-257
60
-845
-316
-373
-1004
27
-782
-258
22
-327
382
257
461
478
323
520
-179
693
656
-242
879
-114
332
233
-988
203
-719
-815
-85
110
126
132
981
123
526
976
-29
1417
335
1879
2650
-2591
3517
-581
-2466
4602
-2863
1210
2297
-4291
2585
-2226
-4314
2977
-3998
-2482
1661
-2596
-937
242
87
36
1224
224
1274
2279
-99
3252
1580
-7
3212
736
620
2372
539
1058
650
-2057
341
-908
-3495
327
-1949
-3745
-575
-2282
-1629
-472
-1810
183
-1416
-1584
435
-1784
-20
1309
-113
1193
1192
-215
385
393
-536
282
122
-216
-675
-1267
337
-1520
-1341
278
-1503
-1091
-290
159
-69
230
64
-303
472
-469
1534
1785
1402
2508
1058
830
1165
582
1309
1667
1849
1799
1114
20
-875
-419
-1699
-1271
-537
-1592
-1389
-1399
-1004
-1145
-1902
-435
-264
-973
1297
1158
1311
2328
1958
2261
2815
2575
2896
1931
1933
1735
822
1262
-29
347
-1065
-2502
-2450
-3339
-3655
-2887
-2411
-3007
-2825
-2796
-2124
-1418
-742
386
1394
883
2020
2207
1697
2912
2856
2566
3276
2285
1947
2607
39
105
465
-1937
-2030
-1890
-3047
-3527
-3133
-3532
-3842
-3338
-3945
-3226
-2794
-3228
-720
-849
-317
1653
439
1211
1616
2302
2903
3374
4448
3158
3355
3094
2469
2292
445
597
388
-2056
-777
-149
-2748
-1863
-3623
-3501
-3636
-3902
-1123
-1344
-674
-72
320
683
738
1983
2150
3153
2877
3130
3707
3121
2601
3081
2497
1373
2100
906
608
921
736
-230
694
216
-368
-298
-2113
141
-3635
-4108
672
-2730
-1897
86
-1224
-1560
-2369
-2330
470
-1645
-2167
4374
817
-2604
3426
3341
-1875
1284
4578
662
1007
1451
2420
1247
-2499
-207
315
-4559
-2593
2135
-2705
-3406
612
-1704
-4499
-3118
-1546
-2190
-2931
-1311
1410
-944
-1299
1926
76
-1892
686
2031
118
632
2547
2118
233
-1192
-406
-1380
-2189
651
1140
-164
494
-70
-72
-1258
-1794
636
-711
-1218
411
907
1362
947
2082
1977
325
415
1143
1131
-398
1286
1703
450
1021
1024
974
-251
203
1284
-28
40
1130
625
-881
-59
1734
1099
2013
4050
4364
4234
2202
1581
-343
-3353
-657
-2790
-1529
2345
-1184
-351
-717
-3470
-2858
-4799
-5506
-1304
-5039
-4074
2712
-507
-1819
3336
2624
-1111
2716
4426
4642
5043
3138
4400
3688
-1981
543
3957
-3137
-1791
2687
-3700
-6791
-3664
-4447
-7806
-7035
-4346
-3195
-5397
-4346
1477
-2776
-4366
1684
379
-1074
1674
4183
3485
2352
4641
3451
459
405
2039
2080
-1209
2072
4024
-715
-39
900
-449
-2135
-1733
-201
-2078
-2708
-602
735
-1365
-923
1054
88
-805
975
3041
1826
812
3110
2158
-402
2133
3389
1214
1136
2080
1618
186
-19
2007
423
521
4886
3397
6155
6153
2168
2342
-4042
-2979
-3795
-2669
2680
-1867
-1054
442
-6557
-7281
-6356
-7223
-5740
-9278
-4708
168
-5395
-1012
7155
2367
87
6720
7089
4457
6544
10645
9351
3931
3583
6562
2104
-2124
4886
3054
-7489
-6208
-5160
-11093
-13627
-10046
-8129
-11085
-10523
-3476
-3005
-5993
-9
2447
-2396
-1492
4180
5250
3842
7990
10234
7026
3668
5138
5216
1721
1383
3693
1383
-2688
-3295
-1137
-4443
-6994
-4102
-5940
-8547
-6746
-4604
-3035
-2758
100
3691
1951
2048
5960
6526
4872
5562
7452
5790
3802
6329
6290
2740
2478
2682
1681
-672
-635
3163
761
-408
3432
1932
1404
1976
2259
-595
-5898
-854
-5258
-5403
3273
-3075
-1223
-708
-6518
-1996
-8255
-7003
1876
-8126
-5174
5981
-2253
-479
7206
4976
3343
5703
6889
7839
4747
5313
10216
4265
-1717
4447
1749
-6627
-2199
-298
-7652
-8259
-7839
-8772
-11698
-13962
-7632
-8009
-11875
-4232
-773
-4472
220
4370
3042
3161
2179
4544
5283
1971
7111
7951
4139
4834
3714
1066
-1487
-4128
-3023
-4521
-7215
-4576
-4490
-6708
-5841
-4303
-5122
-5553
-2644
-49
1239
2446
5790
6909
5178
5885
6947
7537
6773
7428
7319
4613
3856
3761
2478
1379
2370
2300
1942
3921
3572
3558
1958
610
3529
-1701
-2034
122
-2960
-1969
-5390
-3026
1292
-7814
-4701
-636
-6844
-6503
-4571
-1763
-2109
-5326
3432
5667
-3308
3009
11378
5739
2446
9015
11588
5231
2477
8803
5145
-1875
-416
2506
-3384
-10691
-4154
-3998
-14561
-12081
-8867
-12140
-14948
-12262
-5957
-9484
-10912
-3327
-1330
-4963
-2661
5441
3879
373
6811
8112
5635
4926
6542
7429
44
1294
6210
83
-3332
-977
-1192
-8232
-10492
-4492
-5918
-9418
-3291
394
-3143
-3306
949
2064
-655
2381
8339
8250
8197
12592
13825
8911
9083
10565
9007
7952
9645
11736
8674
5121
8057
3733
437
1901
169
4025
-4936
-8064
-5494
-10972
-12630
-11126
-4502
-5327
-12856
-7093
-2596
-7142
-7046
2386
6340
-1219
1394
15724
10559
5917
17295
19933
8585
6486
13076
12676
3132
1947
9027
-868
-10919
-7891
-7001
-14501
-18161
-13162
-15868
-22669
-21675
-16648
-15077
-18792
-12901
-6405
-8548
-9858
-1902
4570
2420
4070
9663
9917
6234
8368
13347
10732
4274
8595
8917
-3319
-4206
-1299
-5325
-11877
-10244
-6085
-13704
-15353
-7992
-7835
-10680
-6690
1144
1610
171
7647
13457
10228
12240
17860
17293
14322
16010
21144
16629
15016
20439
16801
10541
8693
9155
5094
1770
2753
3294
-244
-10719
-13803
-14536
-22076
-17603
-13820
-11999
-5605
-11576
-12899
-4016
-7219
-5782
3616
6561
8384
10728
15303
19087
17930
16449
21468
17800
9690
11415
14879
7403
-406
607
-5933
-15504
-19947
-19834
-17373
-23605
-23729
-19581
-25073
-26958
-22550
-20591
-17032
-12686
-9233
-3092
-1178
1511
6741
8969
8204
8632
11987
11895
9935
11655
13898
8502
2333
730
-2465
-7513
-10372
-8047
-8860
-13495
-12198
-11148
-14556
-14813
-9698
-7938
-6824
9
5003
7457
8534
13404
17966
15416
18587
22396
20422
20717
20719
21958
20100
17151
18556
12943
8095
8608
7325
4573
4664
2127
-3341
-5159
-12039
-17456
-15685
-20099
-16789
-12297
-13554
-5864
-5035
-10259
-3651
-1944
-3041
4138
9749
13728
15719
17267
20380
20615
16309
16799
18202
11949
6718
8785
5127
-3195
-6564
-12494
-17677
-22881
-27863
-24006
-25352
-28099
-23752
-25008
-26356
-21281
-20678
-15910
-8393
-6444
-1512
3686
5672
7630
8230
9317
10577
9429
9565
10047
7577
5136
4113
1613
-4003
-7681
-7229
-9714
-11625
-9834
-9522
-10839
-11755
-10541
-9246
-8877
-5105
-935
1291
4030
8577
12086
13648
16736
18873
20158
19595
19645
21734
18539
20110
19709
16879
16457
11208
11783
9937
8695
8465
2332
2100
-3332
-10604
-9762
-13515
-16504
-13264
-14741
-12367
-8650
-10649
-6271
-4232
-9410
-3817
3439
-1272
7380
16427
14376
17527
20431
18774
20253
17687
14257
16196
9306
3095
4495
-2576
-10070
-12494
-17028
-22763
-25669
-27917
-29598
-27939
-29217
-29449
-27570
-24539
-22590
-19357
-12180
-5484
-2269
885
7811
10278
6859
10659
14267
10460
10498
12180
10880
5841
2572
3037
-2479
-8635
-7288
-7591
-11637
-11444
-8794
-10714
-14795
-12042
-9839
-10306
-5533
-556
3507
5883
9680
15513
16059
16547
21137
22269
20810
23367
24388
21783
22272
21390
17050
17910
13408
10782
10747
8778
9642
2736
1429
-1620
-8565
-13711
-13119
-14390
-14635
-13263
-9339
-8925
-11195
-5710
-5654
-10004
-3911
4065
2140
8760
17181
18003
18852
19918
19626
20093
14602
14240
13981
7174
700
2169
-4084
-12737
-14628
-19188
-24854
-28336
-30002
-31489
-30218
-31528
-31402
-30259
-28980
-22601
-21297
-15079
-5245
-3667
-948
5076
5852
5546
8772
9571
10500
9086
9272
9887
4981
3425
2522
-367
-4817
-7049
-6461
-8483
-10137
-10143
-9249
-8888
-10968
-7723
-2612
-4099
1514
7670
7757
11764
14087
16944
19226
17582
24502
26159
21329
25926
25815
20011
18007
18546
14956
11388
12810
11890
9709
8502
4758
3112
-8005
-11149
-6991
-20662
-16753
-5780
-14487
-9169
-4807
-7484
-3543
-11113
-4129
7029
-1670
6727
21202
16462
15903
22942
22454
19042
16652
16024
14887
7888
1160
1150
-4488
-12745
-15785
-22181
-26279
-27407
-29419
-30622
-28586
-26278
-30392
-31934
-25341
-23296
-22708
-14417
-5588
-3149
-3515
2060
5719
3490
4083
9109
10841
6524
6744
10397
6675
1486
2214
596
-5940
-7235
-6274
-6719
-8298
-8909
-6096
-7745
-9996
-6043
-2970
-3198
1320
7059
8517
11130
14589
18271
19644
19347
22714
26419
23768
22989
26072
22651
18360
18761
15305
15139
12274
6567
8065
-8
-4065
-4774
-12080
-14959
-15127
-15260
-14539
-11662
-7185
-5643
-6065
-7782
-1118
3013
-612
9476
19724
14520
17261
22958
23371
20552
19442
19253
14815
6751
1675
1484
-6258
-9515
-14290
-20095
-23151
-27809
-29714
-30414
-28556
-27497
-31695
-30494
-23213
-23478
-21204
-9434
-5442
-6807
-3568
2583
5572
2550
7147
13024
7986
4938
8537
8111
1927
-42
2678
-2601
-9366
-7530
-7106
-9904
-11465
-9090
-6835
-10803
-9552
-2815
-3141
-996
3554
6261
9108
11204
16740
20747
19826
23837
27235
24533
23705
25128
24148
19793
17951
17184
16354
10468
5038
6030
-1441
-8518
-10883
-15695
-16085
-14048
-16559
-10104
-5525
-9757
-7113
-7445
-5214
2547
3150
7758
19181
18818
18280
23773
25601
25538
24782
22288
19790
15366
7557
4782
1900
-6624
-12139
-17223
-20564
-23675
-28162
-25955
-24341
-27936
-31960
-30942
-24474
-24549
-22561
-10521
-6134
-7013
-4612
741
3864
1833
5861
11985
8070
6184
10208
9775
4676
2617
4251
-1172
-8637
-7955
-7222
-11081
-12471
-9679
-9336
-13139
-13102
-8467
-7364
-6119
-409
3243
4167
7731
12990
16233
18446
21827
25503
24271
22202
24728
22814
20766
20273
18751
14990
7970
5172
1303
-3969
-8079
-11271
-12876
-13375
-17916
-13756
-9313
-11303
-9391
-9389
-6425
-1600
-532
5083
15570
15869
16601
21689
22259
23342
24414
21961
22586
18945
11584
8396
7007
812
-6480
-9365
-13468
-20160
-24109
-24781
-23419
-25358
-32297
-28667
-24714
-28040
-22056
-14832
-11211
-8294
-6549
-1173
2043
1173
6757
11345
8137
9489
12591
10588
6862
6223
6087
457
-4195
-5167
-6964
-10650
-12114
-11162
-12704
-15210
-14351
-11515
-11163
-9031
-3697
-1063
808
3805
8457
12970
15295
18577
23217
23317
21873
22863
24042
21976
19661
18923
12933
7979
5167
1795
-4252
-9076
-8959
-9868
-17087
-15692
-8397
-11386
-14955
-11367
-6132
-5403
-4769
3508
12530
12682
14666
20600
23114
22644
24021
24249
22964
20252
15496
12036
10839
6101
-272
-5221
-9078
-13740
-21477
-24286
-21874
-24786
-31916
-29942
-24576
-26286
-24721
-16759
-10624
-10449
-10410
-2513
1451
-376
4817
10787
9360
8047
11391
11781
6912
4842
6161
1863
-4503
-5697
-5759
-9868
-12859
-11801
-12571
-15635
-15909
-13027
-11773
-11148
-7701
-3502
-1626
872
5948
10276
12794
15467
19346
21057
20992
21139
22062
21727
19874
18245
13610
10507
5287
1558
-3141
-9654
-8691
-8698
-14300
-12471
-9118
-11138
-12266
-13791
-8227
-4303
-6457
1503
12136
11000
13348
21327
22664
22478
23695
23607
24054
20355
15741
15619
14054
6898
2227
-1163
-7495
-11533
-17614
-21522
-20379
-25762
-31886
-27097
-25878
-26379
-20441
-16224
-13197
-11108
-8585
-3304
-691
675
7077
10178
8054
10357
13651
11276
8051
7563
4889
594
-2350
-4435
-6084
-9010
-10805
-11512
-14972
-16826
-15203
-14618
-13991
-11207
-7856
-5157
-2793
1290
5436
8605
11410
14635
17550
18596
19598
21394
20626
20253
18402
14379
11634
4552
3834
-2739
-10845
-5466
-9455
-14955
-9116
-11228
-11057
-11491
-16682
-6946
-5159
-9635
2052
10046
7717
13672
19552
20387
23466
23561
21604
24161
21184
15596
18065
15936
8229
6648
1872
-3689
-6300
-14257
-16123
-16616
-25062
-28230
-24173
-24258
-23945
-18480
-15398
-12754
-11379
-10437
-4061
-1985
-1345
5762
7887
6647
10708
12723
9844
8200
6439
4070
1212
-1710
-2352
-3083
-6461
-8127
-9814
-13756
-14192
-14031
-15151
-13966
-11099
-8209
-7678
-4187
86
2739
6138
8518
12626
15130
14441
17513
19393
18090
17803
15462
13511
6688
4796
243
-7668
-3854
-7798
-12767
-8653
-11712
-11849
-12100
-17712
-9405
-6529
-12295
-1391
6563
5141
10411
16410
18765
22032
21062
19759
23129
20660
16333
17507
17348
12322
9328
3909
34
-1888
-10389
-14641
-13376
-19314
-26144
-23376
-20379
-21348
-18383
-13640
-9896
-10303
-11184
-4508
-1432
-2392
3136
8439
7332
8713
11552
10776
8531
6165
5863
4411
85
-632
-114
-3662
-7148
-7951
-10193
-13086
-13110
-12429
-11986
-11087
-8751
-7155
-5397
-3157
816
4928
5430
9688
12949
12097
15083
14728
15986
16010
11019
11524
6027
2976
-115
-9352
-4503
-6228
-13733
-9711
-9570
-10623
-11975
-17012
-8430
-5320
-11300
-1930
6411
6116
10438
15274
18234
22245
19685
17375
19738
18931
14475
13688
14615
11209
6857
1110
-2037
-2880
-10530
-15280
-13398
-17706
-24002
-21459
-17832
-17589
-14465
-10342
-7240
-7226
-6404
-1853
951
1798
5391
8933
8106
9029
11080
9422
7458
5549
3010
1293
-1326
-3060
-2650
-4142
-7158
-8627
-10467
-10775
-10203
-9639
-8076
-5858
-4452
-4926
-1103
1726
3313
8273
8879
10963
13144
10909
14120
13674
11899
11443
7773
3874
1726
-1658
-9626
-8644
-6599
-13237
-13725
-10444
-10765
-10764
-16230
-12217
-2568
-9420
-6799
6291
7557
8201
13777
16651
20784
21963
17646
19640
20083
15715
13343
12541
11732
7530
2062
-3216
-3964
-8111
-16922
-15789
-13872
-23457
-26132
-19247
-18921
-17892
-13377
-8169
-5573
-7790
-3923
2143
1902
4768
11094
11102
9623
12362
13434
10891
7642
6489
5358
1632
-1853
-1725
-1927
-5573
-8230
-9079
-10238
-11403
-10630
-8488
-6386
-4588
-4167
-1555
1659
2643
6622
9454
11908
14586
13098
14020
15726
14879
11914
9553
7567
2066
-114
-8075
-11318
-5079
-12585
-15496
-10812
-13721
-11908
-16926
-19869
-5867
-8908
-14085
763
5970
4259
9721
13881
18033
20825
16832
17929
21607
17425
14957
15473
13690
11791
6863
-967
-1431
-3544
-13222
-17619
-15005
-15656
-27321
-27486
-16891
-21748
-22276
-13709
-8664
-8096
-11793
-3238
5165
-1230
4656
15396
11663
9883
13060
16576
12204
5809
10761
9893
1474
617
2862
-996
-7060
-7965
-7683
-11905
-13385
-9262
-7545
-8069
-5255
-2092
-1724
-596
4879
8592
8859
12447
17040
14874
14861
18189
17682
15338
10725
9297
3667
-624
-6978
-11748
-6180
-10813
-16350
-11690
-13424
-13755
-16784
-22260
-9929
-8596
-15273
-2017
5429
4050
9992
12953
15705
21291
17059
15572
20189
18252
14830
13820
14590
12138
7481
-33
-1969
-2007
-12739
-18358
-15437
-16366
-26574
-28583
-19050
-21744
-24415
-16540
-11243
-9864
-13324
-7641
3118
-1562
983
13494
12246
9772
12928
15959
13877
7206
10052
11662
4165
1200
3911
879
-5385
-6972
-7607
-10559
-12533
-10040
-7055
-7383
-5444
-1863
-805
-364
3743
9778
10931
13424
18455
17726
18671
19889
17886
19608
13863
9361
6534
475
-4814
-11843
-9631
-9513
-16537
-15065
-12929
-14843
-17042
-21654
-13798
-7995
-14126
-4536
6456
5661
10384
15489
16720
21744
19341
17141
20100
18391
16120
12404
13199
12008
4799
-1503
-4949
-5803
-13995
-21168
-18273
-17341
-27094
-29551
-20926
-23306
-25148
-17065
-12549
-9569
-10130
-7305
2912
789
1179
12875
13408
10269
12716
15174
13503
8007
8492
9680
4234
20
977
-462
-5602
-8291
-8328
-11003
-13716
-11130
-8039
-8033
-4715
-806
325
1955
5220
11060
13198
15105
20809
21841
20286
21514
21191
21468
16901
11348
8599
2258
-3540
-13519
-13500
-9697
-17386
-19153
-14801
-14830
-16804
-22097
-18467
-7300
-11535
-10032
4726
9177
11267
16038
18714
24725
24492
18426
21116
22486
18144
14528
13123
14138
7538
-1562
-5755
-7208
-13062
-22324
-23496
-19987
-25124
-32183
-28844
-22778
-25459
-24719
-15633
-10753
-9724
-9135
-1905
5611
2120
5909
16029
13562
10588
13635
15670
10609
4939
7678
6398
-1244
-2469
-1110
-4653
-9508
-10761
-10413
-14403
-15743
-10334
-8293
-8040
-3717
1718
2235
2477
9512
15184
15578
18928
23813
24626
21618
21464
23711
19934
17509
14786
7007
1241
-2078
-12343
-16465
-12057
-14708
-19314
-19176
-15347
-13732
-22029
-20749
-5954
-7513
-10552
3191
11597
13102
16493
20558
26613
26481
21124
22300
24162
20588
16593
14813
13092
6691
666
-6282
-10115
-11205
-20953
-25457
-21835
-25425
-32083
-30296
-25157
-24981
-23752
-17682
-10720
-8476
-8725
-634
5858
2815
7264
14875
12829
12035
13779
14168
11344
6095
6016
4489
-1309
-4103
-4113
-7047
-11467
-12977
-13476
-15761
-15969
-12574
-9358
-7894
-5049
-40
2050
3036
9237
15406
16626
20119
24194
24351
22133
22289
22374
20495
18472
12809
8078
3978
-2835
-11381
-14442
-11906
-15536
-20962
-17577
-13395
-15572
-20862
-16558
-6518
-8943
-8794
4523
11091
13488
17347
21712
27009
26341
21302
22599
24449
20342
15689
13633
14665
8297
-1702
-6032
-7622
-13405
-22994
-25045
-20509
-24589
-32149
-29540
-22487
-24015
-24856
-14758
-8273
-7614
-6231
-419
7069
4597
5717
15591
13848
10186
13176
14166
10244
5285
5676
3808
-3542
-6287
-5508
-8905
-12958
-13788
-13737
-16423
-17927
-13421
-10050
-9716
-5600
-357
1973
2599
8002
14911
15606
17770
22212
22802
21397
20572
21403
20665
17685
14007
8405
2623
-1008
-7943
-15097
-12796
-11877
-16969
-18680
-13477
-10999
-16071
-18352
-8686
-3354
-7606
-1243
11220
15223
15958
19139
24760
27337
22385
20438
23305
21840
16419
13293
13409
9532
1568
-4683
-8589
-10675
-18385
-24943
-21985
-22307
-29985
-30896
-23127
-23016
-23130
-16679
-10126
-6077
-7426
-2404
6990
4767
5675
14384
13965
10804
11912
13573
10823
5639
4375
3005
-1747
-5800
-6414
-7133
-11547
-14391
-14306
-16933
-18191
-14616
-11508
-9281
-6445
-2327
988
1984
5439
11877
13903
14873
19325
20679
18877
19456
20779
19778
17805
13317
8001
3596
-1427
-8993
-12404
-10193
-11315
-15030
-14889
-11628
-9948
-16070
-16948
-5771
-5645
-8800
2359
10369
13062
16600
18602
24085
25924
20368
20968
23821
19545
15872
14009
12926
9391
1506
-4349
-6081
-11467
-19694
-22240
-20531
-22736
-29569
-28645
-21975
-23942
-23015
-14526
-9555
-7398
-7080
-1047
5984
2786
6493
15173
12584
10865
12673
13837
10755
5248
5379
3813
-2146
-4965
-4516
-7432
-11280
-12571
-13422
-15649
-16588
-12853
-10095
-9440
-6591
-2184
-424
19
4838
11043
12157
14121
18232
18527
17425
17592
17821
18120
15371
10941
7059
952
-2412
-8157
-14344
-9736
-9354
-15699
-13787
-11244
-10240
-14413
-16598
-6105
-3332
-7253
3021
12010
14752
16856
19390
24205
25041
20927
20281
22672
19985
15833
14067
13825
9423
2573
-3470
-7683
-11841
-18888
-22493
-20342
-21651
-28409
-26826
-21338
-23556
-20436
-13832
-9566
-6520
-7722
-681
5957
2427
7775
15072
11753
11221
13189
13449
10567
6504
6069
3166
-1627
-3916
-4916
-7069
-9825
-11215
-12555
-15393
-14600
-12082
-11227
-9224
-6106
-3509
-2072
-223
4839
10090
10490
13641
18015
16699
15829
17072
17547
16723
14197
10766
6208
925
-2945
-9751
-12790
-8749
-10742
-15301
-13496
-10656
-11301
-17287
-15594
-5095
-6182
-7899
3902
10610
12009
14851
18541
23085
22654
19446
20214
21929
19049
15800
14707
13901
9997
2820
-3933
-5738
-10097
-18594
-20204
-17633
-21255
-27884
-25344
-20504
-22591
-19626
-12818
-8171
-7376
-7553
972
5087
2174
8067
13132
10914
10928
11968
13410
10532
6035
5460
3284
-1242
-3848
-3726
-5483
-8834
-9918
-11035
-13401
-12724
-10499
-8975
-7240
-5228
-2453
-762
385
5368
9339
10759
12936
15617
15858
13913
15370
15696
14013
13590
8391
3526
1269
-5380
-10872
-9181
-8895
-10578
-12982
-13044
-9273
-12016
-17869
-11076
-4287
-8620
-4984
4616
8771
11762
13805
17203
21714
18946
16519
19470
19295
16236
14633
13242
12068
7864
723
-3187
-4616
-10956
-17047
-16777
-16253
-21176
-25440
-20762
-19204
-20859
-15930
-10932
-7116
-7343
-5542
3540
3288
2142
9717
10202
8898
10311
11005
11829
7615
4956
4669
756
-2613
-3289
-3873
-6546
-8575
-8819
-10688
-12383
-9903
-7823
-7087
-5451
-2894
-193
311
2825
8041
10497
11138
12985
15203
13965
12834
13761
12674
13258
11317
5755
1764
-1437
-6539
-13010
-11918
-8391
-10855
-14010
-13151
-8446
-10743
-18620
-9753
-1603
-8209
-3531
5833
9820
12982
13684
17403
21893
17753
15626
18611
17575
15586
13771
11777
10257
6794
-475
-5682
-5363
-10371
-17615
-17321
-16057
-20794
-24185
-21034
-18610
-18275
-16013
-11117
-6342
-7146
-4230
3264
2833
4309
10133
9541
9976
11324
10754
11221
8400
5354
4088
1228
-1745
-3238
-4070
-5580
-7728
-8563
-9789
-10303
-9299
-7869
-5823
-4645
-3477
264
1692
3134
8846
11573
11442
13453
15028
14410
12805
14213
14838
12918
10820
5657
2343
-408
-7508
-12466
-10613
-10344
-11782
-14707
-12646
-7419
-13046
-19335
-8923
-4311
-9556
-3623
4983
8499
11140
11949
16592
21046
17389
15469
18016
17899
15230
13486
11496
11662
7781
-1052
-4587
-4268
-10845
-17651
-17276
-16218
-20775
-25253
-21960
-18264
-18826
-18234
-12076
-7000
-8586
-5866
1534
3392
4819
8286
10830
12077
10596
10622
12976
9767
5352
5112
3670
-605
-2702
-2540
-4457
-7077
-8658
-9443
-10396
-10627
-8070
-5797
-5752
-3544
543
1308
2535
7807
11153
11707
13402
14966
15512
14097
14862
15305
13499
12574
7733
3341
1578
-4445
-11037
-10292
-10367
-11406
-13668
-13259
-8414
-11861
-19078
-10799
-5821
-9981
-4747
2996
6057
10118
11011
14503
19601
16929
14911
16275
16919
15614
13203
11411
11825
8604
1125
-4888
-4882
-9117
-18256
-18876
-16582
-20267
-24030
-23094
-18984
-17307
-19664
-14858
-7531
-8566
-7091
115
3614
5285
7467
10937
12872
10806
10756
13265
11046
6159
5840
5381
-19
-3364
-2389
-4253
-7819
-9105
-8945
-10118
-11580
-9911
-6533
-6738
-5221
-552
1862
2556
5882
10657
12288
12959
15492
16676
15810
15104
15381
15560
13382
11277
9877
3266
-568
-3653
-12245
-13012
-11020
-12687
-12492
-12024
-9939
-10819
-17000
-12613
-5726
-8169
-5189
3998
8332
10478
13460
16965
18918
16374
14064
15540
16888
15635
14358
14013
10840
6802
129
-7170
-7514
-12706
-20721
-19775
-18765
-21701
-24258
-23052
-20220
-20639
-20821
-15452
-10673
-8289
-4604
847
4804
6752
9012
11041
12431
12169
12350
12897
11233
8197
6042
4411
238
-3332
-3011
-4771
-8889
-9472
-8820
-10407
-11419
-9189
-6294
-6897
-5548
-469
1971
3043
6499
10297
11756
12190
14159
16185
15496
15196
15876
15092
13378
11900
10532
4932
745
-726
-9135
-13183
-10411
-11118
-10394
-10594
-9678
-7495
-14766
-15275
-6259
-6871
-6236
1895
6617
9283
11500
14236
16951
15689
12970
13970
15527
14953
15406
15049
10517
7912
2980
-6207
-8021
-9970
-16652
-18413
-18324
-19154
-21148
-23606
-21538
-19264
-21901
-19693
-12314
-9464
-7228
-1657
2769
4719
6067
7953
10399
10742
9945
10673
11205
8736
6031
6301
3061
-1537
-1789
-3217
-6238
-7053
-7707
-8136
-8202
-8245
-6478
-5241
-5204
-2870
393
1856
3985
7376
9358
9888
11534
13273
14098
13102
13133
14077
12299
11583
11839
8818
5259
2613
-2634
-8107
-9550
-8286
-6376
-7174
-6565
-3768
-8214
-13275
-8784
-5696
-7603
-3524
3284
6272
7946
10765
14165
14407
11532
10855
12626
13333
13643
13014
11996
9163
5296
-473
-6001
-6889
-11103
-17998
-17517
-16281
-19523
-20634
-20536
-19798
-19995
-22024
-17346
-11388
-10004
-5698
-638
1918
3699
4580
6803
8699
7242
8718
10625
9038
7294
7099
6428
1498
-1389
-377
-2588
-6198
-5648
-5423
-7113
-8327
-7401
-5845
-6725
-6035
-2987
-1821
-213
3487
5415
7057
9672
10497
10892
13058
13117
13741
14990
14012
14567
14198
11371
9019
6123
1254
-4374
-7136
-6737
-5141
-5488
-6448
-4616
-7042
-14307
-12558
-8515
-10092
-6759
-652
3432
6482
9101
11932
13684
12375
11200
12748
14170
15411
15241
14239
11482
8979
4258
-4192
-6303
-7803
-15997
-18667
-15531
-17577
-20376
-21434
-22000
-20780
-23157
-22320
-14386
-11518
-9676
-3916
-913
1509
2948
3440
7307
7989
7830
10520
11481
10839
9155
8033
5428
1182
58
-831
-3433
-4693
-5087
-6017
-7942
-8738
-7381
-8084
-9266
-7014
-5194
-4119
-1115
2931
5199
6480
8823
10167
10671
12527
14351
15977
17001
16817
17655
16843
13692
11194
7758
1976
-3405
-5338
-4516
-4861
-5299
-5363
-6289
-11079
-15966
-13295
-10527
-11705
-6579
230
1930
4799
8862
10566
11794
11836
12191
14494
16841
17455
16574
15004
12237
8394
2193
-3498
-4656
-9139
-16088
-15626
-15620
-19776
-20631
-22312
-24446
-23260
-24550
-21890
-14637
-12185
-8515
-4147
-2688
536
1993
3315
8028
9364
9929
12606
13683
12085
9857
9123
5392
783
188
-924
-3714
-5205
-6037
-7653
-9800
-11091
-10791
-11185
-12008
-9785
-6939
-5033
-1769
2179
4716
6916
8810
11145
13482
15231
17766
19431
19199
19451
19817
18750
16553
12943
9634
3119
-4481
-5162
-4907
-6917
-6645
-7043
-9359
-13725
-17738
-15313
-12446
-13008
-8140
-1374
1157
4715
9627
11929
13617
13988
13688
15785
18798
18905
17922
16834
14189
9010
2968
-2101
-4128
-8569
-14755
-16748
-16772
-20179
-22905
-24069
-25238
-24357
-25434
-23256
-15837
-13188
-10541
-4879
-2352
54
2518
5732
9369
10937
12455
14848
14687
13375
11802
9897
6075
1871
725
-932
-3732
-5595
-7190
-9865
-12526
-14536
-14618
-14432
-14881
-12526
-9230
-6681
-2991
1066
4523
7323
9679
12637
15038
17716
20869
22233
22659
22112
21820
20403
17842
15119
10244
5214
-2669
-7902
-7562
-8987
-10022
-10357
-12612
-13946
-18710
-20303
-14551
-13034
-11054
-4346
1234
5933
9663
12946
16239
17251
16162
16769
19828
21705
20544
18679
16288
11673
6649
-307
-4270
-6136
-12339
-17158
-18202
-20153
-23366
-24720
-26453
-27418
-25638
-26285
-22283
-14146
-11692
-7290
-2362
-98
4332
5282
8016
13684
13872
14403
16789
16533
13624
10100
8396
3907
-1263
-1903
-3388
-6926
-9142
-10704
-13675
-16632
-18168
-16888
-16508
-15731
-11296
-7258
-4501
128
5026
7709
10011
13098
16788
18382
20845
24031
25293
24389
22434
22502
19905
15022
11070
6526
806
-7325
-11842
-10540
-11316
-13750
-13756
-13934
-16416
-20520
-19592
-13652
-11076
-7775
101
6032
10305
14049
16529
19050
19773
18430
19710
21482
22704
21005
17415
13889
9184
4119
-2512
-7013
-9241
-15147
-20323
-21312
-22587
-24131
-26243
-27888
-25988
-25614
-25793
-19006
-11515
-8454
-4428
303
3461
6186
7965
12320
15617
15059
15554
15994
14015
10492
7211
4574
-589
-4378
-5342
-7983
-11593
-13743
-15719
-18234
-19642
-19305
-16854
-14855
-12866
-8195
-4303
-1248
4020
8477
11862
15009
17404
20494
22612
23034
25087
25083
22629
20587
18550
15479
12967
8900
3592
-137
-7838
-13097
-13418
-14498
-14074
-13546
-14793
-13870
-15859
-16930
-11616
-8065
-5137
1301
6303
10778
15439
17847
20199
21250
19661
19902
21332
21081
20263
17640
13338
8810
4017
-1026
-5711
-9810
-14729
-19675
-22666
-23656
-24869
-25495
-26925
-26944
-24440
-23185
-20290
-13077
-7485
-4449
-642
3033
6831
8534
10619
14094
14591
13145
13591
12765
9164
5006
1911
-2030
-6672
-8697
-9519
-12269
-14763
-15812
-17712
-19013
-17693
-15520
-13086
-10377
-7125
-2703
371
4711
10279
13567
16045
18745
20423
21195
21438
22392
22280
20547
18397
15656
14252
11196
9013
6003
210
-3913
-10086
-15477
-14752
-14691
-13098
-11958
-12708
-10875
-12853
-13902
-8306
-4434
-2172
3580
9252
13852
16613
18416
20809
21122
19136
19249
20481
19467
17882
14416
11065
6958
2754
-2356
-7423
-11527
-15943
-21906
-23315
-22354
-23300
-24865
-25951
-24489
-23362
-23078
-17810
-10431
-6930
-3562
1187
4948
6561
7922
10655
12429
11099
11228
12124
10337
6132
2667
51
-4469
-8100
-8686
-9973
-12769
-13949
-14783
-15732
-15742
-13984
-11605
-10355
-8724
-4445
-629
2114
6709
11515
13308
15158
16768
18274
19525
19529
20327
19956
17937
17297
14548
13094
12176
10014
6792
715
-3120
-7757
-14600
-13462
-10972
-11090
-9826
-10886
-10299
-11137
-13781
-9107
-3702
-2001
2871
8817
13590
16156
17559
19283
19155
18589
18618
19211
19728
16744
13672
10651
5173
2291
-1334
-7909
-12417
-16452
-20513
-22667
-22758
-22325
-23203
-26132
-25778
-23720
-21939
-18521
-12287
-7166
-4586
-1556
2692
5707
7546
8858
9894
10465
9715
9486
9039
6308
2443
137
-2642
-6173
-7323
-7829
-10374
-12202
-12277
-12601
-12953
-12381
-10632
-9496
-8995
-5791
-1274
2346
5868
8910
11852
11803
12621
15586
16992
19153
19941
19928
19602
17149
15196
13302
11575
10850
9062
6272
253
-3362
-8118
-13822
-12679
-10527
-10590
-9579
-11012
-9657
-10091
-12216
-7138
-2084
-671
4412
10955
15118
17237
18747
20088
19505
18656
19036
19209
18071
16042
12417
8146
3887
421
-4229
-10223
-14834
-17063
-20975
-24121
-22408
-22327
-25169
-26469
-24898
-22990
-21019
-17256
-10623
-5926
-4741
-1358
3472
4847
5509
8279
10010
9479
8742
9337
8512
4848
1701
-104
-3089
-5942
-6559
-6866
-8888
-10193
-10563
-11763
-12904
-12708
-11474
-10462
-8473
-4731
-992
2158
5750
7641
9122
11033
13079
16047
18014
20263
21981
20925
20453
18078
14888
13548
10408
8727
7869
5828
2422
-2509
-7019
-11966
-15914
-14827
-13095
-11292
-9594
-8599
-7397
-7987
-6986
-2160
1410
4353
9693
14665
17763
19958
21114
20320
19113
17601
16211
15933
14144
11278
7636
2831
-1776
-5312
-9125
-13507
-18335
-20325
-22693
-25478
-24464
-23136
-23546
-24589
-23658
-20463
-16754
-13769
-8264
-2539
-690
769
3890
5863
7486
8012
8801
10168
8767
7425
7642
5388
1407
-1908
-3635
-6024
-7865
-7138
-7655
-9956
-11273
-12255
-13153
-13133
-11135
-8202
-5210
-1873
2244
5218
6984
8854
10378
11287
13484
17521
20039
21147
22321
21124
17629
14645
11404
9842
7592
5712
6274
4937
2260
-1410
-6172
-10113
-13415
-14001
-10893
-7441
-4078
-3547
-3564
-2597
-3099
-1583
2597
5392
8964
12697
15237
17055
17589
16565
14825
12558
10915
9906
8739
6827
4252
929
-2685
-6494
-8641
-12327
-16271
-18197
-19703
-21578
-21033
-20040
-19417
-19039
-19442
-17982
-14853
-12763
-9616
-5037
-2056
-898
402
2744
4131
3868
4645
6286
5899
4781
4433
3582
678
-2394
-3495
-4629
-6378
-6253
-6145
-7528
-8646
-9310
-9563
-8664
-7467
-5242
-2633
32
2911
5726
7481
9273
10761
11930
13003
14998
17212
18426
17894
16743
15007
12289
9295
6985
6628
5073
3786
4986
3967
3465
922
-4412
-5485
-8663
-9570
-5176
-2391
1231
2220
-310
1322
-110
-1961
1880
4730
6504
9413
11427
12801
13075
10565
8144
6826
5336
4576
4515
3609
2206
-536
-4645
-6411
-8225
-11648
-14047
-16240
-17107
-17133
-18209
-16524
-15414
-17350
-18027
-16914
-15070
-12298
-9388
-5420
-2014
-1836
-899
1279
2166
1640
2571
3807
3424
2547
3152
2579
345
-1643
-2692
-3844
-5399
-5883
-4821
-5325
-6496
-5611
-5270
-5600
-4456
-2436
-707
1640
4460
7323
9180
10520
11440
11676
11754
13370
14686
15311
15338
14537
12638
9481
7571
6538
4370
4129
4586
3817
5165
5263
5519
3378
-2091
-3459
-4742
-6268
-1872
1946
3901
3971
2153
1802
-512
-2563
450
2730
2881
5576
8655
8882
7754
6568
4757
2642
1257
1818
2552
1500
-648
-2923
-5590
-8312
-9282
-10020
-11798
-13062
-14413
-14878
-13744
-14240
-14373
-13733
-15764
-16232
-14270
-11737
-8659
-6390
-3858
-2124
-2862
-1706
-25
-877
-355
883
1015
1443
1793
2301
1494
-669
-1509
-1965
-2709
-2213
-1279
-1415
-1296
-905
-888
-768
-498
41
854
2500
4757
6966
8824
10052
10047
9927
9780
9515
10115
10864
10918
10278
9448
8887
7755
6707
7182
6513
4913
6080
7364
7178
7854
8015
4827
1387
-37
-1254
-1585
711
2780
2478
-461
-1656
-1114
-4567
-5111
-318
271
-677
2128
3721
2895
1479
911
1306
345
-245
1551
1723
544
-1241
-3881
-4560
-6057
-7623
-6942
-8066
-10321
-11312
-13897
-14141
-14162
-16075
-14985
-14564
-15267
-13097
-11532
-10387
-8983
-8365
-7277
-6114
-4137
-1779
-587
148
450
593
1021
1517
1821
2700
2606
2073
3142
3490
3310
3457
2336
1549
1067
946
1403
1567
1674
1828
1962
2784
3973
4387
5011
5095
4768
5017
6283
7745
9167
9985
10437
10018
9690
10486
10506
10083
11060
10329
9882
10654
10119
10970
10658
7834
4610
1859
-1129
-3494
-3697
-1044
49
-910
-2644
-1778
-3413
-8233
-6459
-3190
-5015
-3726
-132
1748
1903
648
1236
1865
92
-52
1883
1936
731
-1240
-2451
-2490
-4720
-5808
-6388
-9579
-11036
-12963
-15548
-12685
-13356
-16515
-15067
-15658
-16742
-14572
-12815
-10185
-9031
-8851
-6095
-4153
-2275
171
1381
2415
2729
3343
5585
6804
7042
6945
5784
4820
4394
3925
3587
2568
695
311
-167
-1240
-1381
-1698
-2616
-2962
-1832
564
2218
3638
5276
5522
5714
7004
8615
10044
11497
12674
13237
13073
13279
13921
12860
11865
12251
10292
9244
9538
8516
8090
7289
5410
1959
-1860
-3750
-6317
-6833
-3991
-3079
-2669
-4327
-5282
-4347
-8211
-8582
-3586
-3533
-4003
-490
1680
2134
708
87
1187
-58
-1252
936
2124
523
-1610
-3024
-4861
-6466
-6919
-8443
-9347
-10206
-12839
-14526
-14205
-14051
-14414
-15391
-14481
-13813
-13789
-11212
-8672
-7126
-5626
-5002
-3128
-276
1368
2710
4630
4913
4187
5101
6818
7621
6706
5761
5575
3623
1925
1994
1502
-17
-678
-479
-490
-722
-458
-767
-1662
-1147
656
2605
4927
7477
9421
10240
10412
11937
12973
13241
14439
15089
15100
14535
13822
13809
12258
10065
8801
7351
6011
4789
5230
4458
2788
3516
80
-3605
-2301
-5773
-7780
-5295
-4913
-2636
-4252
-6240
-1741
-6181
-11405
-5256
-4324
-6228
-3240
-724
560
-798
-3046
-256
-408
-3651
-1827
-165
-1959
-2290
-3163
-5207
-5440
-6763
-8461
-8417
-9058
-10258
-11455
-13892
-12191
-11482
-14903
-12572
-9769
-12328
-11053
-8358
-7771
-6415
-5647
-3375
-496
-173
1521
3971
3981
4104
4654
5241
5337
5027
5031
4858
4128
3750
3250
2527
1440
961
1000
769
859
1689
2349
1946
2526
4048
4768
5745
7785
9401
10040
10599
12017
12781
12198
12793
13293
12979
12658
12416
11373
10174
8977
7393
5340
4693
3865
2661
2756
2690
2235
953
-354
-2874
-4663
-4927
-5968
-6666
-4058
-3820
-4461
-5189
-5678
-6099
-9344
-10627
-6688
-6779
-7743
-3916
-1544
-2819
-3781
-3207
-2625
-4025
-4593
-2639
-1635
-2716
-2162
-2245
-3111
-3528
-4406
-5547
-5843
-6942
-8128
-9383
-9992
-8895
-9807
-11150
-9814
-9426
-11322
-10131
-7703
-6870
-5758
-4213
-1904
-685
-233
1535
3220
2946
3532
5109
6617
6751
7701
9568
8620
7038
7275
6873
5382
4514
5221
5397
4440
4740
5302
4963
3704
3584
4733
4807
5567
7599
8769
9140
8617
8680
8569
7822
8715
9515
9359
9401
9581
8950
7501
6328
5979
4669
2795
2759
3607
2001
1633
2611
653
185
-2844
-6270
-4162
-7213
-9302
-4958
-6894
-7218
-7624
-12228
-8643
-9858
-15546
-9794
-7549
-10889
-8063
-5561
-4571
-5054
-6796
-3438
-829
-3026
-575
3080
1366
252
229
-720
-1080
-3158
-4161
-2854
-4830
-6209
-6593
-9491
-10732
-12261
-14830
-13100
-10686
-10882
-8976
-6499
-5731
-5667
-3942
-1396
624
2739
4813
7413
9741
10095
11350
12771
11954
11093
11204
11306
10452
9528
8441
7288
5414
3637
2919
2695
1634
1496
1712
986
1177
2240
2159
2322
3660
4605
5203
6610
8116
8894
8926
8851
8967
8914
8276
8202
7562
7074
6076
4693
4350
3359
1186
319
-750
-1776
-2233
-2476
-1993
-2860
-3335
-4261
-7609
-9207
-9788
-11402
-10982
-9535
-7862
-8384
-10683
-8605
-8397
-12367
-10858
-7388
-8050
-7474
-4741
-1723
-1943
-2945
-774
520
-1528
-547
1996
1754
-63
-160
-372
-1695
-2853
-3509
-2975
-3339
-4746
-4562
-6001
-7221
-6591
-7775
-7038
-3807
-3442
-2015
-49
730
1133
1376
2569
4704
5454
7064
9680
10088
10075
10789
10328
9756
9319
8426
8353
7502
7096
7441
6058
5140
4904
3120
1999
1656
1237
1234
912
1347
2098
2100
2402
2982
2454
2324
2528
2979
3910
4263
4846
4826
3677
2599
1872
1106
931
488
696
167
-978
-1605
-2230
-3530
-4127
-4865
-4578
-4772
-4849
-4019
-4277
-4460
-3533
-5114
-6675
-6399
-7126
-7242
-7576
-6652
-4405
-6401
-9078
-6502
-7470
-10763
-8930
-6264
-6567
-6063
-4662
-1821
-2053
-3806
-554
1328
-608
1305
4060
3982
3957
3655
3882
3511
2018
2224
3939
3971
3163
3270
2112
871
-204
-1578
-584
341
-1113
-181
971
73
296
476
1095
1466
963
2654
4496
4854
5817
6911
6931
6363
6770
7473
6913
6946
7762
7385
6211
5776
5230
3952
2451
1892
1628
301
-583
-612
-1453
-2602
-2983
-3099
-3366
-4020
-3789
-3723
-3965
-3713
-2947
-2582
-2444
-1842
-1347
-1599
-1404
-871
-399
-115
243
960
724
46
14
-535
-1402
-1788
-1721
-1550
-2525
-2465
-2315
-3697
-3626
-4440
-6631
-6674
-7862
-8188
-6608
-6867
-5066
-3868
-7225
-5945
-4653
-7214
-5854
-3019
-2197
-109
272
2163
4774
3002
2949
6369
5897
5907
8980
10388
10539
9456
8051
7980
6076
4110
5759
6224
3919
3589
1991
-394
-1038
-3614
-3769
-1816
-4563
-3651
-1205
-2925
-2128
-1092
-1577
441
282
1412
4753
4381
4737
6647
6400
6063
6146
6177
6037
4655
4761
4932
2718
1729
854
-1788
-3268
-3532
-4518
-5273
-5900
-6370
-7056
-8049
-7648
-6396
-6248
-5799
-4652
-4197
-4102
-3383
-2034
-930
-489
33
577
438
-12
-179
-56
-829
-1013
-894
-972
-1519
-1661
-1841
-2344
-3289
-2947
-2508
-3467
-2844
-1520
-1757
-1322
40
617
1209
521
253
136
-1067
-233
1109
690
2746
2064
-511
220
92
-1104
-69
1052
3029
2363
1651
5099
5084
2341
4494
6217
5115
5325
7461
8679
7362
5830
6241
5595
3237
3408
4989
3427
1734
1747
27
-1251
-2482
-3622
-3088
-3508
-4154
-2508
-2473
-2556
-2323
-2712
-2024
-1569
-1730
-495
485
130
523
1457
1629
1552
1383
886
338
-346
-300
-292
-1044
-1571
-2220
-3630
-4595
-4841
-4939
-5591
-5958
-5994
-6261
-6121
-5554
-5144
-5040
-5131
-5047
-4655
-4272
-3329
-2159
-1519
-1086
-390
-110
88
932
1382
1872
2296
2710
3323
3321
3416
3731
3665
3435
3289
3490
2959
2964
3630
3212
3525
3407
3339
4264
3209
3577
4483
2597
2297
1483
408
1765
1013
1004
3312
168
-1915
-590
-2573
-3220
-2076
-1719
6
-1240
-1764
2227
778
-1435
2226
2808
2009
4426
5660
6600
6239
4520
5627
5579
3449
4334
5042
2777
1467
852
-760
-1979
-3645
-5225
-5360
-7025
-8130
-6957
-7758
-8442
-8113
-8730
-8144
-7566
-7280
-4971
-4162
-4454
-2724
-1403
-750
732
1735
2389
2672
2556
3033
3200
2628
2304
1088
-532
-1014
-1826
-2810
-3382
-3579
-4260
-5652
-6032
-5388
-5371
-5378
-4662
-3706
-3344
-3069
-1609
111
729
1646
3043
3742
4383
5703
6492
7010
7637
7591
7756
7916
7567
7398
6886
6298
6180
5395
4117
3708
2677
1641
1300
863
598
510
-634
-793
-718
-1379
-147
-987
-2503
-1708
-2456
-2922
-450
1327
1753
-123
294
1068
-1023
-381
2093
2094
1557
973
3587
3737
124
1694
3380
157
-23
2066
2557
505
-1372
-745
-1745
-4570
-4189
-2726
-3554
-4432
-3878
-4077
-5055
-6327
-6697
-5991
-6524
-5585
-3229
-3270
-2519
-1690
-2955
-2731
-2595
-2772
-628
-124
24
906
868
456
332
530
749
800
1199
1439
1524
1466
925
550
-391
-946
-469
-822
-1045
-729
-879
-1635
-1883
-1300
-911
-1014
101
1246
1138
1065
1665
2211
2058
2379
3624
4264
3791
3940
4521
3753
3170
3595
3385
2680
2295
2543
2244
993
1216
1763
1049
1027
1430
903
521
107
920
713
63
806
513
-432
29
306
383
666
-276
-825
-2612
-3612
-2756
-3594
-3506
-486
-3004
-4294
-3256
-5310
-5846
-4934
-4082
-1396
-3125
-1574
2648
-995
-1258
3340
1891
1031
3485
5256
5490
3766
4291
6369
3389
1092
3459
2599
-771
523
997
-1198
-2614
-3652
-4242
-5403
-6711
-4381
-3766
-5337
-3961
-3814
-4956
-3754
-2559
-1579
-54
279
1618
3181
2833
3925
5073
4120
3762
4026
4172
4936
4814
4892
4189
2190
1275
1096
531
45
138
158
-1194
-1858
-1269
-1895
-2615
-2089
-1497
-1766
-1333
-420
-48
-230
-601
-152
101
-793
-274
288
-263
-376
-125
-300
-836
-1388
-1172
-1171
-1417
-1097
-716
-1208
-2020
-1817
-1927
-2218
-1956
-1669
-1569
-1603
-1711
-1279
-1066
-1314
-599
-368
-193
192
677
1511
2349
2087
1458
1515
629
-318
381
1378
2292
2099
-317
744
-615
-3432
-1132
-7
-515
719
-130
1986
1804
-1047
2017
3060
430
2877
4706
3975
3693
3754
4660
3762
1765
2834
3379
648
-27
1465
291
-1005
-867
-1478
-2357
-3604
-3239
-1114
-1985
-2018
-48
-629
-1463
-294
751
1276
1610
2163
3065
2564
2004
2960
3077
1638
1447
1611
446
-398
-249
-218
-1410
-2518
-2491
-3274
-4416
-3933
-3733
-4126
-4176
-3582
-3303
-3996
-3635
-2461
-2489
-2220
-988
-113
-589
-799
-32
-211
-1051
-559
210
-350
-1079
-583
-663
-1822
-1959
-1602
-2036
-2529
-2413
-1414
-1416
-1885
-775
-311
-941
-619
-67
296
555
944
2223
2571
2310
3127
3331
2772
3159
3374
3316
3645
3702
3725
3744
3641
3170
3249
2570
1775
1673
861
160
898
-80
-79
314
-1541
-1362
-819
-1880
-372
642
766
2354
1644
1805
3441
1949
2501
4967
3857
4224
5952
5073
4510
3788
3143
2836
1078
395
1430
-689
-2371
-1634
-2778
-4539
-4835
-5281
-5956
-6868
-6744
-4742
-5049
-5903
-4262
-4581
-5554
-3793
-2226
-1792
-935
-133
284
61
476
1822
1880
1393
1892
1573
793
917
1005
354
-501
-841
-985
-1666
-1979
-1688
-2337
-3038
-3093
-3187
-3030
-2870
-2650
-2156
-2090
-1618
-878
-771
-869
-265
-88
-305
42
719
1034
1059
1243
1420
882
254
144
-112
-416
-295
-214
-359
-560
-736
-601
-481
-529
147
399
550
1042
1306
1632
2205
3036
4126
4415
4734
4777
4510
4226
4060
4910
5057
4542
4680
3995
3725
3025
2570
1645
170
-711
-2032
-2565
-1882
-2180
-1550
-1712
-3876
-3674
-4678
-5190
-3098
-2758
-1702
205
-1101
-455
616
-23
1397
3092
2931
3871
4201
3942
4220
3696
3889
4084
2555
2375
2775
857
264
299
-1227
-2225
-3145
-3727
-3979
-4971
-4450
-3505
-4976
-4673
-3609
-4468
-4083
-2452
-1819
-1286
-561
374
969
711
1501
2341
1745
1943
2190
1462
1531
1294
770
383
-568
-1112
-1533
-2412
-2468
-2324
-3244
-2930
-2796
-3499
-3177
-2864
-2612
-1937
-1633
-1010
-296
-355
56
650
627
1160
1607
1559
1711
1735
1516
1639
1367
1001
694
136
-173
-429
-829
-817
-882
-1326
-1692
-2034
-2197
-2197
-1955
-1781
-1528
-1228
-1108
-870
-418
45
361
964
1566
1759
2166
2590
2797
2991
2958
3183
3193
2995
2763
2513
2904
2648
2150
2551
1868
602
811
384
2
519
122
483
-69
-1377
-3
-655
-1782
749
57
-786
885
361
633
914
665
2309
1476
1393
3601
2665
2027
3489
3104
2242
2345
2660
2213
1092
1027
1525
272
-826
-65
-1218
-2988
-2250
-2638
-3438
-3154
-3294
-3248
-3967
-4213
-2914
-3301
-3108
-1547
-1592
-1741
-736
8
280
732
1260
1124
823
1088
1521
1542
1382
1384
595
-234
-425
-657
-958
-1364
-1572
-2174
-2839
-3059
-3113
-3031
-2981
-2875
-3232
-3019
-2684
-3029
-2254
-1896
-1719
-1260
-1302
-612
-770
-757
375
171
273
871
618
536
188
559
934
610
1040
1136
359
153
258
166
285
535
863
938
580
789
1154
719
724
1398
1476
1303
1576
2172
1885
1300
1709
1724
1051
1210
1741
1521
1085
1126
929
237
35
137
151
289
282
377
349
62
-36
239
420
477
701
730
897
861
691
1146
1188
1151
1403
1299
1282
909
730
1175
1030
1164
1454
1171
1016
493
-25
-136
-275
-310
-541
-212
-237
-860
-704
-731
-1233
-1632
-1737
-1359
-1552
-1100
-457
-910
-933
-1039
-1107
-1047
-867
-224
-328
-369
-13
-225
-319
-459
-506
-469
-860
-672
-470
-628
-733
-1087
-1173
-1406
-1596
-1358
-1195
-1069
-1083
-1176
-996
-1051
-969
-833
-684
-419
-275
-168
-3
81
99
74
115
174
172
395
467
502
611
332
276
199
107
-65
-178
90
198
269
477
365
148
-87
-89
104
93
237
520
593
444
580
785
633
511
517
501
392
248
431
666
543
446
407
401
211
66
269
245
171
120
30
119
66
90
272
278
181
89
141
110
131
438
523
499
476
535
574
562
738
917
861
712
652
638
451
471
611
607
496
422
289
142
-23
1
-10
3
41
-16
-102
-115
-137
-186
-252
-71
-61
-113
21
115
23
-76
-123
-138
-250
-101
-24
19
81
-82
-182
-297
-398
-415
-448
-316
-379
-345
-405
-531
-532
-672
-654
-548
-416
-350
-353
-167
-343
-529
-541
-578
-550
-445
-262
-244
-231
-221
-394
-422
-432
-445
-345
-245
-148
-135
-110
-228
-388
-353
-474
-512
-433
-271
-282
-366
-272
-259
-351
-449
-395
-384
-486
-399
-221
-195
-121
43
-32
-184
-255
-147
-237
-186
119
199
52
-12
47
-164
-321
-164
-82
7
131
204
253
211
128
137
238
189
186
412
453
462
556
526
510
442
338
440
577
534
503
621
597
433
497
478
458
499
450
356
425
446
281
213
333
295
239
233
261
230
211
366
400
370
368
301
325
324
389
449
399
361
360
273
275
294
313
158
137
145
101
176
45
-57
-114
-77
-56
52
-58
-273
-131
-129
-127
-69
36
-2
-182
-185
-69
-40
-129
-32
-89
-182
-292
-347
-199
-237
-314
-241
-414
-481
-360
-406
-366
-332
-435
-490
-418
-318
-391
-422
-336
-305
-327
-294
-303
-243
-326
-424
-411
-286
-247
-279
-234
-335
-351
-316
-366
-402
-343
-324
-355
-327
-366
-371
-408
-462
-381
-262
-245
-176
-102
-150
-280
-276
-196
-116
-44
53
190
-34
-21
126
44
161
85
206
465
226
285
355
10
-6
93
94
216
137
143
416
56
-215
304
-251
-269
443
-81
170
461
-81
355
168
-134
451
157
134
726
359
338
622
438
460
487
487
609
538
607
630
411
482
464
158
446
294
156
517
137
146
386
-248
57
268
-47
253
144
259
249
-9
293
159
40
270
327
188
224
266
71
334
161
-181
159
-141
-176
70
-87
-75
-139
-183
-313
-367
-356
-506
-418
-267
-398
-314
-288
-190
-280
-436
-279
-508
-394
-24
-255
-204
31
-107
-332
-248
-186
-345
-321
-342
-225
-184
-380
-163
-327
-486
-445
-629
-517
-401
-496
-410
-351
-440
-310
-282
-505
-372
-323
-531
-257
-244
-261
-52
-262
-294
0
-122
-143
31
-44
-14
-98
-113
67
-192
-237
56
-121
-174
149
-100
-44
11
-160
-64
-119
-151
76
-101
27
165
108
67
238
187
99
263
234
387
308
383
515
435
516
490
414
363
276
307
395
409
437
443
404
362
238
223
189
160
45
120
252
187
231
311
249
-1
139
280
169
234
298
278
228
259
249
258
109
69
104
62
64
127
171
160
77
18
-5
-12
-124
-122
-106
-89
-131
-21
71
2
-182
-202
-85
-116
-83
-26
48
-4
-50
-66
-22
8
-89
-47
-28
10
64
-45
8
-61
-177
-173
-93
-83
-92
-80
-145
-136
-168
-165
-58
-197
-153
-81
-140
-81
-122
-131
-160
-217
-97
-91
-1
-27
42
-10
-28
-74
-89
-79
-84
-76
30
-77
105
44
-42
-28
-61
-111
-83
15
-43
79
1
45
-6
-36
-83
-38
10
-25
-22
89
-19
42
14
34
-31
13
16
-29
83
76
4
7
-95
15
-22
-24
92
91
39
-86
9
50
-62
-52
-28
-25
27
-31
180
53
-26
-70
-72
0
-5
-9
34
-23
8
-33
52
57
13
38
-129
36
64
-16
20
-65
51
-43
-85
92
-20
57
-56
-1
-31
0
-10
27
1
-26
-54
38
-61
60
-2
-19
-49
-41
33
35
-39
94
-65
-38
17
-17
-22
10
3
-33
43
18
8
9
-56
-20
-76
-31
-22
18
54
21
7
94
-74
-21
9
-43
-103
32
16
32
43
43
16
25
-65
-14
-69
31
24
57
81
-4
-5
16
-48
-72
15
-68
52
31
61
41
61
-3
-72
15
-50
55
44
14
51
-108
45
-93
45
-13
12
62
49
78
70
-10
-51
-50
-85
-59
-7
93
-3
102
6
19
17
-38
-18
-33
-98
5
-22
110
-27
98
35
-39
23
-9
9
-48
-57
-16
-17
33
-43
13
36
-32
28
22
54
12
17
-14
-74
-62
-64
-44
-22
-16
39
83
14
-10
35
-19
-65
-71
-14
16
-12
23
14
41
-26
-13
-35
-46
-36
-8
-1
-9
64
37
51
21
-1
-58
-103
-64
-99
0
3
80
122
16
42
-52
-41
-107
-51
-8
-29
58
106
62
-1
-75
-58
-39
-11
34
67
71
60
-5
-6
-96
-50
-60
26
37
69
47
70
-19
-11
-119
-36
-12
10
35
53
104
-17
-15
-21
-1
-52
-10
31
48
28
9
14
27
-72
5
-37
77
-35
71
35
23
-2
-50
-24
13
-19
24
-46
69
-30
11
22
0
12
26
-8
69
-37
49
-83
-58
1
-33
80
2
78
62
-44
27
-43
-6
-124
-92
135
-11
69
47
45
39
-118
23
-68
-72
-30
-44
146
-21
50
41
-50
-13
-87
34
-45
-30
82
-43
103
-13
3
-59
-113
-1
-32
47
3
50
68
-16
38
-39
-26
-110
-36
-22
18
82
34
41
-22
26
-44
-66
-39
-29
29
-26
40
77
-11
20
-55
39
-56
-6
38
-15
-1
-40
18
-22
-11
20
31
27
33
14
13
-83
-35
-13
-24
-4
6
68
51
15
16
-45
20
-73
1
-28
60
0
8
6
22
24
-47
0
-2
26
-20
21
39
1
-22
-33
14
-3
-3
12
15
25
-3
18
-21
-20
-26
19
19
-12
21
19
18
-24
-33
19
-33
30
-7
38
7
-34
8
-31
18
-33
4
41
8
41
-31
1
-19
-45
-19
-22
23
18
14
46
-10
-3
-27
-27
-14
-41
15
8
21
34
-2
11
-42
-16
-16
-47
9
4
47
13
6
27
-35
-16
-49
-17
-15
-13
52
19
37
9
0
-11
-57
-15
-31
-14
7
26
49
-1
18
5
-19
-33
-35
14
-14
-5
27
32
23
-33
0
9
-11
-17
-11
34
9
-1
0
-1
5
-29
2
7
26
13
9
7
6
-16
-25
-20
2
11
7
31
30
22
-11
-10
1
-25
-13
-13
34
9
16
14
13
-1
-18
2
-10
-2
3
17
19
1
11
-9
0
-8
4
-8
-2
12
15
-1
-4
0
4
-6
-4
3
-4
7
8
4
-7
-8
12
-11
-6
-8
17
0
-5
5
-1
-7
-16
7
0
-8
-1
19
20
-10
-13
-11
0
-22
-20
-11
15
23
14
14
6
-1
-17
-15
-13
-21
-9
5
29
-3
2
0
15
-14
-20
6
11
12
-12
11
-2
-14
-15
-17
6
-9
20
12
15
4
-5
-4
-21
-12
-8
2
11
10
10
-1
-3
-6
-17
-9
2
15
12
6
15
-2
-11
-17
-9
-5
-8
14
15
17
2
5
-1
-16
-15
-5
8
1
5
11
11
-1
-5
-4
-8
-1
-4
12
-3
3
1
0
0
-13
4
-2
8
3
-1
6
-8
3
-13
-5
-3
2
10
-4
7
0
3
-3
-11
-1
-7
1
-2
2
4
-2
1
-3
-4
-3
-6
4
-4
1
-1
0
4
-3
5
-5
3
-1
0
0
-9
2
-5
2
-5
3
3
0
4
-3
0
-7
0
0
0
-1
2
5
-3
-3
-2
1
-4
-2
4
5
2
1
5
-1
-6
-4
3
0
-1
2
8
4
-1
1
2
0
-6
2
4
4
0
2
6
1
0
-2
3
0
-1
1
5
4
-1
4
5
3
0
1
3
-1
-3
0
3
4
3
6
5
1
-1
-3
-2
-5
-3
1
5
8
6
5
3
-1
-4
-6
-5
-2
1
5
6
6
3
1
-3
-5
-5
-4
-1
0
5
5
4
1
-2
-4
-7
-4
-3
1
2
4
4
1
1
-3
-3
-6
-4
-2
0
3
3
3
0
0
-1
-4
-4
-3
0
-3
0
2
2
0
-3
-2
-3
-5
-3
-1
1
2
2
1
-1
0
-1
-1
-2
-1
1
0
2
0
1
1
1
0
-4
-2
0
1
-2
0
2
0
1
1
0
-3
-2
0
0
0
0
0
1
0
1
1
0
-2
0
2
3
1
2
1
0
-1
-1
-2
-1
0
3
4
3
2
2
0
-2
-1
-1
-2
-1
2
2
0
1
2
0
-2
-1
0
-1
-1
2
2
0
-2
1
1
-2
-1
1
1
0
1
1
0
-1
0
1
-1
-1
2
0
-1
0
1
0
-1
0
1
-1
-1
0
0
0
0
1
1
1
1
1
0
-1
-2
-1
-2
-1
0
0
0
0
1
0
-1
-2
-1
-2
-1
0
0
2
2
1
1
1
-1
-2
-2
-2
-1
-1
1
2
2
1
2
0
-1
-2
0
-1
-1
1
2
1
1
1
0
-1
0
0
0
-1
-1
1
1
0
1
1
0
-1
0
1
-1
0
1
1
0
0
-1
1
0
-1
-1
0
0
0
0
1
0
0
1
2
0
-1
0
1
0
-1
1
1
0
0
1
2
0
-1
1
2
-1
-1
1
2
0
0
2
2
-1
-1
1
1
-2
-1
1
1
-1
0
0
0
-1
-1
1
1
0
0
3
1
-1
-1
-1
0
-1
-1
1
2
1
1
1
0
-1
-2
-2
-2
-3
-1
1
1
1
1
3
0
-1
-1
-1
-2
-2
0
0
-1
1
0
0
-1
-1
0
-1
-2
-1
0
0
-1
1
0
0
0
0
0
0
1
0
1
0
0
-1
-1
-1
-2
-1
-1
1
1
0
1
1
0
-1
0
0
-1
-1
0
0
0
2
1
1
0
0
0
-2
-2
0
1
1
1
2
2
0
0
0
-1
-2
-1
-1
0
1
1
2
1
1
-1
-1
-2
-2
-2
0
0
2
2
2
1
1
0
0
-1
-2
-2
0
0
0
1
1
2
0
0
-1
-1
-2
-1
0
0
0
2
1
2
0
-1
0
-1
-2
-1
-1
0
0
1
1
0
0
1
0
-2
-1
0
0
0
1
1
2
1
0
0
0
-1
0
-1
0
0
1
2
1
1
0
0
0
-1
0
-1
0
0
1
1
1
1
2
0
-1
-1
0
-1
-1
0
0
0
1
1
0
-1
0
0
0
-2
0
0
0
0
0
1
1
0
0
1
0
0
1
0
0
-1
0
0
1
0
0
-1
-1
0
0
1
0
0
0
1
0
-1
-1
0
0
0
0
0
0
1
1
-1
-1
-1
-1
-1
0
-1
0
1
1
0
0
0
-1
-1
-1
0
-1
-1
0
1
1
0
0
0
0
0
0
1
1
1
0
1
-1
0
0
-1
-1
0
0
0
-1
0
1
1
-1
0
0
1
0
0
1
1
0
0
0
-1
-1
-1
1
1
0
-1
1
-1
0
-2
0
0
-1
0
0
0
0
0
0
0
-1
-1
0
1
1
0
0
-1
0
-1
-1
-1
0
0
1
1
1
0
0
-1
-1
-2
-2
0
0
1
1
2
1
1
-1
0
-1
-2
-1
1
0
0
1
2
1
0
0
0
0
-1
0
0
1
-1
0
1
0
-1
0
1
1
-1
0
0
0
-1
0
1
0
-2
-1
1
1
0
0
1
1
0
0
0
0
-1
0
2
1
0
1
1
0
-3
-1
-1
-1
-1
1
1
1
1
1
1
-1
-1
-1
-2
-1
0
0
0
1
2
1
0
0
0
-1
-1
-2
0
0
0
1
1
0
-1
0
0
-2
-2
-1
0
0
1
1
1
1
0
0
1
-1
-2
-2
0
0
1
0
1
1
0
0
0
0
-1
-1
-1
-1
0
0
1
1
1
2
1
1
-1
-1
0
0
1
0
1
1
1
0
0
0
0
-1
-2
1
1
0
0
1
0
-1
-1
0
-2
-2
0
1
0
0
1
1
0
-1
-1
0
-1
-1
1
2
2
1
1
-1
-1
-1
-1
-1
-1
0
2
1
-1
0
1
0
-1
-1
-1
1
1
1
0
0
0
1
0
-2
-1
0
1
0
-1
1
1
0
-1
0
0
1
0
1
-1
-1
0
2
1
-1
0
2
0
-1
0
1
0
-2
-1
0
0
0
1
2
0
0
0
0
-2
-3
-1
1
1
1
1
2
0
0
-1
-1
-2
-1
1
0
1
-1
1
0
-1
-1
-1
0
1
1
2
1
1
0
0
-2
-3
-2
0
0
1
2
2
0
-1
-1
-2
-2
-2
-1
1
2
2
2
1
-1
-2
-1
-1
-1
1
3
2
0
0
0
-2
-3
-3
-1
1
3
4
2
1
1
-1
-4
-4
-3
-1
2
3
4
4
3
2
-2
-3
-4
-2
-2
0
2
5
5
2
0
-1
-2
-2
-3
-1
0
2
3
1
0
-1
-1
-2
-2
-2
1
4
4
2
2
1
0
-2
-3
-3
-1
0
1
2
1
1
1
0
-2
-2
-1
0
0
-1
1
1
0
0
-1
-1
-1
0
0
0
0
1
0
0
0
0
0
0
1
0
1
0
-1
-1
0
0
-1
0
1
3
1
0
-1
0
-1
-2
-2
-1
0
2
3
2
1
0
0
-1
-3
-4
-2
0
1
2
2
3
2
0
-1
-3
-3
-4
-1
2
1
2
3
2
0
0
-2
-3
-1
-1
0
0
2
2
1
1
1
-1
-1
0
1
0
-1
1
3
1
-1
0
0
0
-2
0
0
-2
-1
1
2
-1
-2
1
2
0
-2
0
1
-1
-2
0
0
-2
0
2
2
-1
-2
2
2
0
-2
-1
1
0
0
1
0
0
1
1
2
-2
-2
1
3
0
-3
0
2
1
0
0
0
0
0
1
1
-3
-3
2
2
-1
-1
1
2
0
-1
0
0
-2
-1
2
0
-1
1
3
1
-1
0
1
-1
-2
-1
1
0
0
1
1
-1
-1
0
0
-2
0
1
1
0
1
2
-1
-2
-1
0
-2
-2
0
2
1
1
1
0
-2
-2
1
0
-2
-1
1
2
0
-1
0
1
0
-1
0
-1
-2
0
2
0
-2
-1
3
1
-1
-1
1
1
0
0
0
-1
-1
0
1
-1
-2
1
2
0
-2
-1
0
-1
-1
0
0
0
1
1
0
-1
0
0
-1
0
0
0
0
2
3
0
-1
-1
-1
0
-1
-1
0
0
1
2
1
-1
-1
0
0
-2
-1
0
0
0
0
1
0
0
0
0
-1
-1
0
1
1
1
0
0
0
0
-1
-1
-1
0
0
0
0
0
0
0
0
0
-1
-1
2
2
1
-2
1
2
0
-1
0
1
-1
0
1
0
0
0
1
1
0
-1
0
0
0
-1
0
0
0
-1
0
1
0
-1
-1
0
1
0
0
1
1
0
-1
1
1
-1
-1
1
0
-1
-1
-1
0
0
0
1
1
-1
0
1
1
-1
-1
1
0
-1
-1
0
1
-1
0
0
0
-2
0
1
1
-1
-1
2
1
0
-1
0
1
-1
-2
0
0
0
-1
2
0
-1
0
1
0
-2
-2
0
1
1
0
1
0
-1
0
0
0
-2
0
1
1
0
0
1
1
1
-1
-1
-1
0
1
1
1
1
0
1
0
0
-1
-2
1
1
0
0
1
1
1
0
1
-1
-2
-2
1
0
-1
-1
1
1
0
0
0
0
-1
-1
0
0
0
1
1
0
-1
0
0
1
-1
0
0
0
0
0
0
0
0
0
0
0
0
1
0
0
0
-1
-1
-2
0
0
-1
0
1
-1
-1
0
0
-1
-1
1
1
0
-1
1
0
0
-1
0
-1
-1
0
1
0
0
1
2
1
-1
-1
0
0
0
0
1
0
0
0
0
0
-1
0
1
-1
0
0
-1
-1
2
1
0
0
1
0
0
-1
-2
-1
-1
0
1
1
-1
0
2
0
-2
-1
1
0
-2
0
2
1
0
1
2
-1
-1
0
-1
1
-1
0
0
0
0
0
-1
0
0
-1
0
1
1
-1
0
1
0
-1
0
1
0
-1
0
0
-1
0
0
0
-1
-2
1
0
-1
0
1
-1
-1
1
0
0
-1
2
1
0
0
1
0
-2
0
2
0
0
1
2
-1
0
0
0
0
-1
0
0
0
0
2
2
-1
-2
0
0
-1
-2
1
0
1
0
1
0
-1
0
1
0
0
0
2
1
0
-1
0
0
-2
-1
0
-1
0
2
2
1
