SAMPLES:	10690
BITSPERSAMPLE:	16
CHANNELS:	1
SAMPLERATE:	16000
NORMALIZED:	FALSE
-5
-1
0
-4
4
-3
-1
1
-1
-3
5
-3
0
4
-3
2
2
0
-1
-1
4
-7
-1
5
-10
3
1
-9
5
-3
-5
0
-1
-2
1
-6
1
2
-7
5
-6
3
-1
-1
4
-6
9
-2
-1
3
2
-4
5
-2
-2
6
-8
5
-4
0
-1
-2
2
-4
5
-5
2
1
-1
-2
2
-1
-2
5
-9
8
-5
2
4
-5
5
1
2
-2
6
0
0
5
1
0
1
6
-7
9
1
-3
1
0
3
-3
2
-4
-1
5
-4
2
0
-3
-1
4
-7
3
1
-7
5
-3
0
0
1
2
0
4
-2
1
3
0
2
2
-2
2
3
-4
1
1
-3
2
1
-6
0
6
-5
-1
3
-7
4
2
-7
2
-5
5
-2
-3
2
-6
4
0
-3
1
-2
-2
4
-5
0
3
-8
4
-2
-2
-2
1
1
-6
5
-4
-4
7
-3
-3
0
0
1
0
-3
3
-3
5
3
-3
2
1
0
4
1
-3
1
3
-1
5
-4
1
1
3
1
-2
-1
-2
2
2
-3
-1
-1
0
1
4
-7
0
2
-2
3
-1
-4
-2
7
0
-5
4
-3
2
4
2
-5
3
6
-4
4
1
-5
6
2
-4
3
-1
-2
9
-6
0
5
-7
6
2
-8
0
5
-2
-2
5
-6
-3
10
-3
-7
5
-3
-2
7
-2
-4
1
2
1
-2
2
-4
0
4
-2
1
-3
0
5
-3
1
2
-5
0
5
-5
-2
0
0
0
-2
4
-4
0
7
-5
-2
6
-2
-3
7
-4
-4
5
0
-3
0
3
-4
3
5
-5
0
0
2
-2
1
0
-6
5
1
-4
3
-3
1
7
-3
1
-1
-4
6
-3
-1
0
-4
6
-2
2
2
-7
8
-1
-4
4
-5
2
3
-4
4
-2
-1
4
-4
1
1
-2
0
-2
2
0
-3
5
-4
-3
6
-3
-3
6
-3
-1
4
2
-3
2
2
-5
0
3
-4
0
3
-2
0
2
1
0
-5
6
-2
-3
8
-9
2
4
-2
5
-4
0
3
-3
3
0
-5
2
3
0
-1
-4
6
-7
0
7
-12
1
7
-7
1
6
-5
-3
9
-2
-4
6
-2
-6
6
2
-9
6
0
-8
6
0
-3
1
0
-1
-3
1
4
-6
1
5
-6
4
4
-6
2
1
-1
0
1
1
-3
1
4
-5
2
2
-8
3
4
-5
1
3
-3
0
7
-1
-6
7
4
-8
6
6
-12
6
8
-11
0
8
-6
-4
8
0
-9
7
7
-9
2
9
-10
-1
12
-8
-4
11
-6
-6
8
-3
-7
5
-1
-5
2
4
-5
0
6
-5
0
8
-4
0
6
-5
0
5
-3
-3
2
2
-4
2
4
-9
1
6
-10
0
7
-8
-1
9
-2
-5
7
1
-9
5
5
-11
3
8
-9
-1
8
-4
-6
6
-2
-9
5
4
-8
5
5
-4
3
5
-2
0
3
-1
-3
4
1
-2
3
0
-4
4
-2
-2
3
-1
-1
5
1
-2
3
3
-3
3
4
-2
-2
3
-4
-3
6
0
-7
6
-1
-9
4
1
-7
5
3
-4
-1
5
-2
-4
8
2
-6
7
-1
-8
4
0
-4
3
1
-1
-3
0
-1
-5
5
-3
-4
8
-3
-5
7
-4
-4
4
0
-3
5
1
-5
-1
5
-6
0
4
0
-4
3
-2
-5
1
4
-4
7
5
-6
-1
1
-4
3
3
1
2
-1
-3
-3
5
2
-1
6
1
-6
4
1
-5
6
6
-3
4
3
-7
-6
7
0
-3
8
3
-8
1
2
-5
1
3
-3
2
5
1
-3
2
2
-2
3
4
-1
4
0
-6
4
1
-5
7
3
-7
2
2
-7
1
6
-1
-1
6
-3
-8
1
2
0
4
3
2
-8
-4
2
-9
3
10
-6
3
2
-9
0
-3
1
7
-3
1
4
-5
1
0
-1
-1
3
-2
-3
-3
4
-5
-1
2
5
-7
1
-1
-1
-2
4
-6
3
3
3
-7
2
-4
-3
-4
8
1
4
-2
-1
-4
-1
-6
6
1
1
5
-2
-7
0
-4
2
6
3
0
-5
-1
1
-3
3
6
-1
-1
-4
1
-4
-2
5
4
-2
5
-6
-2
0
1
0
2
5
5
-9
-1
5
-8
-2
5
0
4
-2
-1
4
-5
0
1
-7
11
6
-8
3
5
-6
0
-1
7
3
-5
4
-1
-8
7
3
-3
10
1
-7
-1
0
1
0
1
10
-5
-7
5
-4
-5
5
6
-2
0
1
-7
-7
5
4
-6
8
2
0
-5
3
0
-1
0
8
-2
2
6
-2
-5
4
1
-2
-3
4
0
-9
3
1
-6
2
3
-1
-5
5
-8
-2
-3
5
-2
2
-3
2
-9
-6
8
-4
-1
10
-3
-6
5
-8
1
1
5
1
3
-4
2
-3
-3
6
4
-3
-2
7
-7
-2
5
-4
-1
2
-4
-3
0
-6
3
-2
-1
3
0
-8
9
-5
-5
3
2
-5
4
2
-2
4
-7
2
1
0
4
3
-3
4
1
-7
3
6
-3
2
3
0
-2
-2
1
-1
3
-3
5
-7
-2
2
-4
-1
3
1
-6
4
-4
-1
0
1
2
1
0
2
1
-3
5
2
-1
4
2
-3
6
-2
4
1
3
1
4
0
2
6
-7
6
-3
2
-2
5
-5
4
0
-3
3
-3
2
-1
0
-5
3
-5
-1
2
-2
-2
3
-2
0
4
-2
3
2
0
2
4
-3
5
2
-2
4
0
-1
1
0
-4
4
-3
-1
0
-1
-3
2
-5
-1
0
-5
-1
-1
-3
-3
2
-7
4
-3
0
0
1
-4
2
-1
-5
6
-4
2
1
2
-2
7
-3
2
4
-2
1
4
-3
1
4
-4
2
2
-3
-1
2
-8
3
-2
-5
0
-1
-5
1
-1
-6
4
-5
-1
-1
-1
-4
5
-5
1
1
-3
1
0
-3
0
4
-5
6
-3
0
1
1
-4
4
-1
-3
7
-5
1
2
-1
-3
6
-6
0
2
-4
-1
3
-5
1
2
-6
3
1
-3
0
5
-5
7
0
-1
4
2
0
4
5
-4
9
-1
1
4
2
-2
6
0
0
5
-2
1
4
0
-1
5
-5
3
0
-1
-2
3
-3
1
2
-4
1
-1
-1
-1
3
-4
2
-2
-1
-1
0
-1
1
1
-1
2
1
2
0
2
-1
2
-1
2
1
1
2
0
2
-1
1
-1
2
-1
1
0
1
0
0
-1
0
0
-1
2
-1
1
-1
1
-3
2
-4
0
-1
-1
0
0
0
-1
1
-1
1
-2
0
-2
-1
-1
1
-1
-1
-1
-1
-1
-1
-1
-1
0
-1
-2
-1
-2
-2
-1
-2
-2
-1
-3
-1
-1
0
-1
-1
-2
0
0
-1
-1
-1
-1
-1
0
-1
-1
-2
-1
0
-1
-1
-1
0
0
0
0
1
-1
0
1
1
1
1
1
1
2
1
1
2
2
1
1
2
2
2
1
0
1
1
1
1
0
0
1
1
1
0
0
0
0
0
0
-1
-1
-1
-2
-2
0
-1
-1
-2
-1
-1
0
-1
-1
-1
-1
-1
-1
0
-2
-1
0
0
0
-1
-1
-1
0
1
0
-1
-1
0
1
0
1
0
1
1
1
1
1
1
2
2
1
2
2
1
2
2
2
2
1
1
1
2
1
0
0
1
2
2
2
1
0
2
2
1
0
1
1
0
1
0
0
0
0
1
-1
-1
0
-1
-1
-1
-2
-2
-2
-2
-4
-3
-3
-3
-4
-3
-3
-2
-3
-3
-3
-4
-3
-3
-3
-3
-3
-4
-3
-2
-3
-2
-3
-2
-3
-2
-2
-1
-2
-1
-1
-1
-2
0
0
0
0
1
1
1
1
1
2
2
2
2
2
3
3
3
4
5
4
4
5
5
4
5
4
4
5
5
5
4
6
4
5
6
6
5
4
4
5
4
4
4
3
3
4
3
3
2
2
1
2
2
1
0
1
1
0
0
1
-2
-2
-1
-1
-2
-1
-1
-3
-3
-2
-3
-4
-4
-3
-5
-4
-5
-4
-6
-4
-5
-6
-6
-5
-6
-6
-5
-5
-6
-5
-5
-6
-6
-4
-3
-4
-5
-4
-5
-3
-3
-2
-4
-3
-3
-2
-2
-1
-2
-2
-1
0
-2
0
1
-2
0
1
0
0
1
0
1
2
2
1
3
3
1
4
3
3
4
2
1
1
3
2
2
1
2
2
4
3
2
3
3
1
1
4
1
1
1
3
3
1
2
1
2
4
4
0
3
2
0
1
5
3
0
3
0
-1
3
3
-1
2
1
-2
44
-91
135
260
-147
-29
171
-45
-192
-98
372
356
-452
-181
503
-49
-616
-187
267
77
-198
96
469
-5
-228
94
120
-222
-208
227
-31
-201
33
245
69
-32
30
-7
-29
-144
-33
133
48
-14
-66
-23
126
-137
-127
215
28
-70
-262
2
476
-176
-281
94
91
-26
-54
-129
99
-116
-452
48
286
123
-128
-137
245
16
-314
-52
124
17
-306
-76
164
41
-6
188
74
-128
122
-52
-111
-51
-14
259
-229
-388
103
123
-41
-43
358
264
-261
-28
281
-61
-164
43
252
-74
-256
296
125
-328
-63
288
4
-289
27
177
15
-117
-42
143
-32
-200
13
74
114
56
-65
86
80
-223
-217
211
327
-156
-59
106
-129
-228
16
137
-89
150
95
-85
-131
31
188
-98
26
24
-25
74
-121
-22
231
-56
-174
73
78
-106
-92
173
21
-193
57
227
-25
-124
5
104
-74
-307
74
287
53
-103
164
143
-166
-166
26
-59
-92
2
56
36
-43
45
79
68
89
-222
-10
195
-118
-98
49
64
1
80
93
72
-80
61
14
-265
25
185
48
16
-100
57
149
-195
-231
-27
145
-9
-90
16
31
9
-97
-149
178
139
-140
-196
-125
201
92
-1
227
120
45
-129
-225
-2
-12
-6
4
-78
141
41
-19
98
86
83
-66
74
63
-108
152
-18
-252
138
246
0
24
230
-65
-272
71
95
-159
-159
-59
95
-71
47
166
-9
-98
-189
-259
-33
215
85
-79
75
207
-98
79
360
256
149
51
222
308
227
283
172
293
281
191
158
307
445
281
51
-15
28
-194
83
66
-134
-16
-179
-184
-287
-240
-98
-270
-440
-493
-432
-323
-445
-430
-275
-477
-531
-264
-410
-477
-213
-223
-90
-330
-323
147
-181
-155
-151
84
225
-185
-40
111
13
112
100
395
455
-91
87
528
217
-58
381
534
199
40
376
290
247
246
364
525
346
477
361
311
225
192
131
25
287
148
1
-15
191
-70
-256
90
-15
-483
-785
-392
-275
-407
-631
-656
-403
-665
-861
-605
-399
-604
-579
-676
-765
-331
-446
-212
-79
-193
-362
-84
238
-50
98
525
402
205
429
712
743
551
678
616
789
574
626
965
684
531
390
731
533
473
974
423
203
459
290
150
377
779
346
-47
364
-10
44
214
-188
-192
-118
-72
-404
-309
-146
-284
-500
-795
-859
-488
-606
-494
-632
-692
-476
-859
-710
-545
-414
-374
-525
-533
-386
17
-114
-122
51
167
160
-158
-60
-100
98
223
-13
-133
103
315
-298
-343
223
67
-44
-66
-384
32
162
-362
-404
201
62
8
199
45
-43
-61
89
74
423
205
165
194
-159
-116
89
207
246
-69
-235
-339
-43
-94
-260
288
-174
-670
-473
-286
-235
-44
-56
-495
-567
248
-49
164
783
412
307
457
869
718
1070
1332
1115
1039
1431
1395
1113
1805
1482
1382
1245
1698
1254
853
1741
1167
1247
867
943
863
705
1159
213
295
173
-180
-68
-648
-456
-767
-1337
-1389
-1740
-1641
-1720
-2398
-2255
-2126
-2369
-2911
-2945
-2443
-3223
-3492
-3007
-3115
-3437
-3282
-2919
-2946
-2932
-2615
-2488
-2546
-2333
-2008
-1621
-1584
-1186
-932
-740
-570
33
901
614
854
1524
2229
2469
2608
3422
3341
3283
4049
4662
4486
5354
5331
4470
5610
5871
3885
4337
6502
4685
3564
5362
5688
3063
2389
3609
3783
2619
1743
1578
965
-367
-1752
-259
565
-1424
-3695
-3910
-3535
-4023
-4767
-4234
-4774
-6448
-6884
-7295
-6926
-6632
-5667
-6422
-7332
-7135
-6621
-5924
-5829
-4635
-4465
-5024
-4336
-3909
-3220
-1312
-552
-693
-189
675
1055
1143
1873
3139
3635
3390
3399
4185
4905
4808
4708
5650
6413
5835
5809
6403
6681
6234
6143
6831
5934
6144
6335
6576
4871
5020
7507
4167
3441
4922
6546
2947
281
3653
2248
374
101
-254
-1094
-2760
-3976
-4006
-4532
-4645
-6753
-7836
-5969
-7502
-9048
-8843
-8815
-9920
-10037
-8935
-9373
-9403
-7755
-8251
-8870
-7978
-6629
-5607
-5758
-3606
-2872
-3207
-2051
-1964
-620
436
1919
2510
1984
3487
3660
3846
4715
5148
5504
5326
5900
6008
6046
6592
6054
6451
6559
6100
6677
6752
6451
6440
6292
6632
6925
5837
6884
8166
3547
4805
9019
6112
3690
4645
6782
3808
570
2767
5009
1996
-2438
-3692
-530
-1645
-5899
-5490
-5100
-5437
-9625
-11162
-8411
-7678
-9603
-11410
-10926
-10073
-10667
-10980
-9405
-8016
-7934
-9406
-7986
-7269
-5956
-3771
-4279
-3977
-3359
-2186
-2078
-1707
750
1566
830
442
885
2641
3225
4075
4547
3706
3880
3577
3553
4336
5179
6783
5327
3518
5036
6494
6167
5575
6699
7257
6460
4717
7293
7963
7009
7337
7107
8591
6268
5212
6670
9483
7501
4098
3179
4837
5684
819
1621
3489
2719
-3832
-6060
-1607
-2159
-5121
-7466
-6657
-6253
-8297
-11149
-9574
-7964
-7781
-11461
-12209
-8722
-9362
-9980
-10406
-8433
-8012
-7527
-8022
-7731
-5572
-3519
-3223
-4938
-3539
-1919
-1383
-1471
-96
1429
1918
740
464
2527
4360
3897
3522
3259
3414
3863
3623
3611
4082
5587
4483
3354
3440
4905
5019
4175
5393
6241
6218
5407
4506
6284
7782
6771
6194
7564
8220
6838
5327
5931
10112
6909
5451
6045
4739
5999
1196
2383
3530
2498
-1877
-5302
-1637
-2625
-4716
-7011
-5396
-5240
-7638
-9515
-8425
-7130
-7851
-9801
-11142
-8467
-8674
-9051
-9310
-8835
-7287
-7150
-8702
-7501
-5637
-3978
-4034
-5232
-2662
-2748
-3160
-2499
-1215
1220
992
327
9
1200
2586
2197
3133
3109
3190
2804
2310
2924
4206
4971
4000
3259
3417
4679
3394
3904
4834
5343
6138
4062
4108
5495
5870
5888
6465
6920
7221
6384
4829
7281
10330
6405
6975
7918
5987
4039
1876
5597
3837
3135
-876
-3366
-825
-2527
-3933
-4965
-3534
-4669
-7244
-10420
-8304
-7767
-9108
-9136
-10378
-8919
-10093
-10457
-10265
-8914
-7530
-8052
-8307
-7612
-7494
-5342
-4509
-5595
-4296
-3692
-2588
-3613
-2423
890
63
-328
290
1064
1866
1907
3509
3337
3554
3929
3731
3989
4310
5689
5494
5442
4709
5459
5889
5995
6205
6952
7972
6413
6243
6609
8759
8845
8456
9715
10400
9300
5482
12043
13003
8406
10401
8633
9362
4750
4750
5630
5668
5787
-2108
-2286
-1648
-954
-4336
-5832
-4804
-5774
-9326
-13066
-10101
-9873
-9314
-10943
-13260
-12464
-12226
-13176
-11895
-11327
-10532
-9682
-10766
-10808
-11470
-7090
-7096
-9706
-7530
-4369
-3729
-7043
-5616
-2331
-2235
-2197
-2862
-1553
-558
-792
467
-166
1013
1940
1876
1945
3135
3989
5100
4537
2959
5274
6770
6751
4790
6993
8956
7798
5933
8364
11942
9996
9995
12917
11617
7241
12519
12608
11736
12762
10795
11710
5942
7128
6687
8208
8451
849
827
-726
636
-2133
-4122
-3040
-2959
-6986
-10794
-9500
-8663
-7504
-10806
-11665
-12157
-11310
-12815
-13726
-12552
-10684
-9641
-11610
-13344
-13286
-9122
-10225
-10375
-7800
-5888
-6571
-9110
-7476
-3989
-1354
-1261
-3967
-3180
-1558
-514
-417
332
4057
3040
2363
2570
4490
6920
7970
6101
5802
7952
8262
8738
8580
11216
10982
10288
11109
12132
13917
15846
16425
15968
11806
13396
16827
15340
16352
13072
17971
11676
5940
8408
9544
13196
5424
2958
-1372
44
-182
-3039
-3698
-4068
-4495
-12833
-13894
-12608
-8075
-10856
-14554
-15304
-14827
-15039
-16875
-17473
-16383
-9343
-14386
-19283
-18312
-13371
-12670
-15789
-10590
-9608
-11794
-12306
-12348
-9158
-3641
-2398
-7439
-9055
-4309
-2986
-3215
-1958
2904
3005
250
100
1882
6580
7865
6651
5084
7767
8138
7995
9239
11175
12455
12082
12702
12533
13914
16700
19425
16928
11243
15330
18495
17142
16111
15042
18932
10792
8044
7168
10770
13152
5181
2844
-2857
1092
-1719
-4964
-5408
-5490
-5508
-13399
-15526
-13649
-10382
-12149
-14584
-16518
-14748
-14914
-17223
-19143
-14360
-10370
-14653
-16935
-16521
-13278
-14131
-10874
-10120
-11696
-10508
-8918
-10672
-8796
-2165
-1374
-5398
-6980
-1896
-67
-616
833
5155
3984
2925
2399
4840
9591
9775
9232
8839
9921
9881
12097
13567
15121
14981
15280
15546
15484
16031
21494
22374
12359
14743
18368
22653
17489
13883
19528
13011
10822
5922
10913
12764
7712
2566
-4101
849
-405
-3274
-7782
-5924
-5742
-11172
-14753
-14946
-10763
-11878
-14821
-18660
-17356
-16041
-15870
-20254
-17055
-11506
-15423
-18569
-19022
-15296
-15721
-12940
-10935
-14395
-14077
-11184
-11919
-11369
-6179
-2325
-6778
-9567
-5489
-1225
334
-1568
1584
3135
2529
599
2821
8494
9410
7300
7343
9985
10365
10277
12666
15649
14335
14908
14782
15297
17693
22864
16398
10339
16422
21215
21201
12351
19761
16827
8837
6546
6954
15901
9517
6352
-2807
-1920
2839
-368
-3955
-7375
-1559
-7260
-12111
-14669
-10504
-8067
-12712
-16417
-17781
-15137
-14874
-17758
-17831
-11999
-12578
-16707
-18986
-17279
-15366
-11363
-9708
-12918
-15638
-11584
-9167
-11429
-7723
-1713
-2214
-9869
-8881
-2030
3115
504
712
4349
3868
2107
2969
7765
9710
9216
7793
9239
9827
11270
13722
15401
13135
13941
16235
16661
16860
18904
19887
10435
12502
20134
21356
13921
15316
18446
8914
5725
5862
12915
10915
6392
-1060
-3081
2217
1045
-2521
-7423
-2811
-5761
-11072
-13917
-10289
-7670
-11333
-15657
-17398
-15160
-14254
-16055
-18012
-10848
-12265
-16529
-18533
-17534
-16050
-12099
-6762
-12875
-16439
-13177
-9215
-11828
-10034
-2538
-2636
-9091
-11065
-3780
1628
451
1007
3664
3885
1176
1294
7717
10626
8239
7014
9914
9879
9007
11833
15021
13793
11965
14493
17299
17716
17273
15356
9247
13934
22853
16452
11944
18612
16771
6990
4296
12296
14255
9750
3535
-3129
107
3913
3453
-4948
-6701
-1858
-5532
-11742
-13985
-7872
-6551
-10904
-16284
-17942
-12054
-11207
-15603
-15258
-11355
-10581
-13778
-16934
-17038
-13867
-5945
-7096
-16276
-15725
-7596
-6843
-12597
-9929
-1581
-3654
-12792
-9370
47
1850
-2039
-2093
789
403
-31
2840
7382
6924
5394
6374
7481
6770
7584
12359
13667
10052
8436
14258
18742
17242
12194
4755
16440
25555
12151
10957
18763
19674
5362
2769
13464
15376
14117
1132
-3399
16
6560
4984
-5222
-4221
-1429
-4063
-12234
-12938
-6496
-3345
-7682
-15969
-18101
-10849
-7195
-12110
-14222
-9336
-7515
-13199
-16351
-14955
-10011
-2739
-3655
-15995
-17340
-6080
-1470
-9102
-10305
40
-2391
-12711
-12229
377
4231
-1971
-4487
-1826
921
-1500
256
6692
7371
3267
2945
5520
6243
6730
10851
13314
10079
6253
13650
17777
16874
10270
743
21237
24623
8865
9157
17487
17948
-223
5052
12422
14265
11816
-2313
-2597
97
9034
2728
-6287
-3426
-1909
-4537
-12012
-9483
-4130
-2895
-7330
-14207
-15330
-8108
-5660
-9442
-12361
-8825
-5983
-9625
-13156
-14523
-7852
198
-4090
-16342
-13980
-1881
306
-9542
-9459
882
-2224
-11381
-10049
445
3704
-1315
-4363
-1931
18
-1636
1119
5417
4724
2200
2703
5025
4075
4744
9310
11900
8680
4712
12521
17741
13889
-1483
2917
28402
14823
1154
8224
18126
7728
-4748
8595
10229
14590
2076
-7077
-1507
3623
9063
-5991
-5944
-1973
-1313
-6823
-10361
-4035
-2298
-1913
-8502
-13799
-10791
-2733
-3892
-9651
-9837
-4923
-5397
-8398
-9686
-10024
-3763
1048
-6099
-16772
-7533
4595
-211
-10611
-5627
3163
-3081
-9231
-4609
5135
3193
-3262
-3257
731
1466
-460
3330
4820
2116
-28
2789
6139
3394
4049
8458
9039
5264
5178
12396
16668
1608
-5906
20795
20671
149
916
14512
11392
-6095
4794
8662
11563
5342
-8662
-3578
68
8479
-3419
-9551
-3179
-2539
-6588
-11531
-4006
-2943
-3299
-7077
-11441
-11451
-5088
-1343
-5339
-7879
-6733
-4072
-6048
-5944
-5915
-3450
1086
-183
-9968
-9627
4499
7712
-3571
-5653
3168
2990
-4285
-3836
6315
7289
-91
-3543
1811
4401
1204
1681
6157
4914
-1231
-563
3866
5888
3932
4844
6717
4542
2855
8162
12694
11437
-10846
3090
26992
5276
-3678
3478
18937
-5826
-7902
9279
7114
13742
-11196
-9617
-5342
2664
3735
-14228
-6108
-5308
-3706
-15516
-11487
-2918
-5114
-5416
-13252
-13065
-9558
-1798
-3025
-7697
-7583
-4911
-4878
-3850
-6070
-4660
2280
6405
-3749
-13258
279
12695
6771
-5814
3045
9045
2007
-4119
3800
13240
7325
701
114
7255
5897
3358
6519
8133
4378
1125
4073
5914
5415
5619
6758
7148
1916
5212
12578
11946
-1092
-11104
19615
17118
-5436
-2401
10046
9317
-17398
-48
5565
10784
-14
-21375
-6790
-5428
4090
-12134
-14063
-5190
-7760
-11857
-18614
-6481
-6828
-6490
-11139
-15137
-12167
-7097
-2761
-5865
-7748
-6747
-5289
-4307
-2580
-6247
-1308
7344
5557
-9050
-8735
7684
14662
3567
-2307
8627
9191
1944
-452
11223
14559
7017
1805
5621
9385
5377
6841
11256
8624
2495
3145
6772
6429
3686
6596
8319
4672
-23
7597
11731
9215
-9738
-8517
25655
8687
-10364
-2980
13093
383
-21222
3011
3482
10049
-9974
-21776
-7408
-6474
3781
-18138
-11503
-7328
-7655
-14473
-18754
-4291
-7472
-4799
-12928
-13336
-10396
-4974
-2967
-5440
-4021
-4119
-4872
-2177
-275
-4715
2740
10569
5727
-9509
-4377
11991
14808
2147
25
11069
10113
2599
726
15870
16025
4631
2670
9804
9921
4748
9558
14744
8062
-556
4428
8659
5757
3340
8187
9492
3229
-1616
7537
11920
8608
-15921
-7441
26962
2665
-12597
-4879
15081
-7187
-23450
2600
729
8020
-18971
-20487
-10718
-8394
-156
-22036
-11701
-11162
-7341
-19888
-20770
-4372
-7039
-6359
-16668
-12586
-9586
-4654
-3966
-5464
-3516
-2829
-4107
-1835
36
-1239
4157
9745
6947
-7650
-2041
13666
16364
125
1254
14559
10737
2429
4226
19696
15529
5252
6434
12152
10776
7821
12773
16727
8621
1277
6491
11891
8006
4244
10092
11494
4580
-2052
9265
11618
10017
-12602
-11477
25244
5086
-11904
-7844
13182
-3897
-25613
820
-2182
5616
-16436
-21190
-11984
-13280
-359
-21790
-14314
-11746
-10024
-19612
-22187
-5249
-9374
-8103
-18133
-14102
-9208
-7055
-3510
-7921
-4720
-3251
-6954
-2856
2497
755
-1449
6406
9171
-5476
-2620
9664
19275
3803
-1189
12954
11155
6497
5401
19311
15275
9882
8391
9762
13342
9431
15387
15939
9762
2650
6976
14203
9134
4759
8192
12405
4814
-5032
7827
12392
10232
-6286
-20748
18412
13322
-10873
-10445
5333
8140
-25524
-7151
-3707
4185
-4902
-24769
-11198
-16057
113
-16902
-18860
-7034
-12231
-13556
-24290
-8959
-8027
-8254
-13534
-16359
-7357
-11107
-4549
-6727
-4121
-945
-9264
-6219
2635
1028
-4534
3472
10502
147
-4657
1391
16696
11841
-1812
10404
10188
8155
5752
13369
16848
12677
10085
6034
12963
9052
15820
17431
10067
3207
3798
15232
11099
4190
7782
13687
5482
-5222
4480
13044
11439
6384
-19587
-1906
23630
813
-12435
-4748
16342
-10129
-21630
-3155
-240
5662
-19077
-17561
-14346
-7960
-6199
-23198
-8671
-12657
-9105
-20577
-21848
-6987
-9862
-8104
-15424
-11251
-12973
-9970
-5377
-5643
2324
-7661
-10166
2075
-1053
-4342
-1331
10535
8931
-4572
-5915
7688
20472
3050
4520
8499
8271
9654
5182
15867
15404
10369
5087
10439
9595
12790
18652
11508
7033
895
11139
15165
6349
6827
12685
9915
-495
-5
11511
14820
12174
-5872
-16568
16601
16678
-6227
-9472
8744
9455
-23522
-9932
-995
5045
-3477
-21979
-13738
-13821
-3987
-15009
-15920
-8660
-11028
-13088
-28331
-10820
-6224
-9388
-11409
-16908
-10890
-13969
-7978
-7950
1655
-4291
-12395
-3309
-3204
-2090
-5131
4607
9531
689
-7841
-4196
16347
14280
1013
2478
6810
11339
4324
7887
16382
12290
6058
4501
9332
10755
16196
13164
8310
2685
4561
14677
9845
6026
9698
11800
4942
-2000
4986
14469
14738
8464
-17120
-6504
26213
9202
-10802
-5596
17857
-3722
-23654
-1847
1921
9109
-12106
-18749
-12570
-8267
-677
-18340
-8665
-6846
-7163
-20041
-22849
-1576
-5160
-7000
-15756
-13517
-10573
-11537
-5310
-2052
-1184
-9779
-8869
-5397
-3367
-1762
-1820
4175
4206
-6120
-10301
4036
17525
5617
-2801
3214
7476
5860
2691
11932
13679
6055
3338
7428
8749
10622
15590
11484
3809
1488
10357
16114
7277
5628
12455
11069
1845
-1628
10247
17370
16455
-6336
-21988
18568
25957
-4784
-14607
9820
18658
-21880
-12357
1818
10893
4594
-21306
-13237
-9714
4059
-11529
-16669
-1094
-7135
-9024
-27834
-9581
698
-6177
-10016
-18163
-8987
-12187
-6925
-6009
-1743
-3636
-12659
-8158
-6455
-2302
-1048
-2300
1466
-1098
-8436
-7009
8326
13415
-1130
-401
1475
4461
3796
4127
12377
6946
3568
3908
6341
5501
11939
13629
6331
1805
1488
13821
12490
3667
8217
13758
6848
-1787
2863
16450
18100
7418
-16437
-4814
29920
11371
-11212
-3558
21962
2725
-23038
-150
7822
14979
-8232
-18085
-5772
-2185
2050
-17551
-4876
-1293
-5784
-16601
-21946
2135
-2439
-6156
-13587
-14090
-7921
-9123
-6212
-6033
453
-8900
-11499
-8855
-6384
578
-3426
-2015
-1863
-4838
-9103
-4148
10312
7280
-1463
-2806
-932
2967
1978
7686
8030
2422
3092
4083
2847
4632
12756
11073
2958
-2521
4531
14831
7334
2669
10075
10373
2736
-914
8714
17636
15602
-2032
-18176
14458
26966
-505
-9692
8772
21176
-14265
-11005
7358
12843
7893
-15438
-7578
-5157
3622
-3924
-13726
1013
-4802
-4685
-20700
-9100
4637
-3698
-6268
-15677
-6831
-7697
-4301
-6277
-2523
-36
-9699
-7923
-10151
-1644
2317
-3085
-3896
-1646
-4363
-10477
360
10904
2512
-3737
-4668
-879
2350
2649
6639
1929
43
3156
2587
-1056
6157
12594
4929
-2057
-3349
9057
11282
2270
3364
8956
7591
-670
1224
12284
18203
10708
-10237
-10530
23411
22178
-5809
-6057
16935
14230
-18282
-1495
11278
12723
3680
-14314
-6524
-3730
6177
-6113
-8343
-671
-4770
-6411
-20861
-2403
3370
-3854
-7816
-15466
-6489
-5844
-2684
-7357
-206
-1584
-10615
-9414
-9425
3734
670
-6708
-2557
-360
-8520
-11141
4444
8841
-1261
-7408
-7974
-42
1846
2668
2927
-3349
423
1506
-2066
-1144
7734
8177
973
-3902
-3224
9084
8795
244
2820
8987
5432
-543
1121
14351
18738
6241
-13093
-2741
28797
14967
-7598
632
22080
6510
-15558
4112
10888
16896
698
-12232
-4846
-339
8788
-7228
-3599
614
-201
-8967
-18069
2745
3068
954
-10296
-13180
-2393
-4465
-3915
-5027
3923
-4688
-11589
-8567
-5100
2923
-3053
-2133
-2110
-5507
-7987
-7531
3898
6428
-1254
-9708
-7510
-438
70
4233
13
-4440
-405
116
-3202
-3299
7149
8158
-220
-8329
-3597
10662
5233
-1857
3558
6884
3778
-2960
831
14218
16139
6048
-14140
-4892
28010
17871
-9154
-2499
24145
8062
-18395
3315
13226
16744
2301
-13434
-6902
3950
11827
-7373
-4642
2853
1189
-9456
-17079
3600
5964
1706
-9710
-13187
-3267
-3704
-283
-3597
2086
-1802
-10093
-10857
-5370
6641
874
-3235
-3051
-4475
-5867
-6624
4652
8694
-1059
-6550
-7876
-2474
3524
8419
-473
-7251
1354
784
-2967
-4394
7616
9963
-791
-9903
-5813
10450
6268
-48
-966
3699
6329
-5038
-769
14296
15135
4916
-9612
-10816
18384
25576
-2706
-7016
16160
14819
-15633
-4990
13511
18103
8117
-15621
-9615
3173
10181
22
-7184
2256
-150
-5746
-16124
-4284
9331
4395
-7010
-16141
-7034
-1326
273
-2284
474
307
-10443
-12237
-3887
3963
2090
-1782
-5354
-7910
-5427
-6050
-620
8913
597
-8261
-12090
-7245
4214
6640
-45
-9070
-4377
-702
-3313
-6436
2142
11022
115
-12227
-9919
5231
8722
1532
-4422
1344
4503
-3840
-952
10726
15512
5445
1137
-8097
-3887
26647
19542
-4078
-863
17178
8117
-16589
6644
19164
14926
945
-14937
-3693
6572
13311
-2766
-6529
3175
135
-7392
-15968
4544
11083
355
-10429
-16416
-1029
1311
2582
-2215
-961
-778
-11725
-7183
-568
7084
1903
-7477
-7655
-6538
-3586
-3396
4039
4580
-4533
-7813
-13597
-4002
7220
5896
-3614
-12047
-4396
-622
-1321
-2758
3456
6440
-5575
-10016
-5585
8437
10313
-2426
-4612
353
3760
975
3004
11485
13778
5289
1913
-882
-4768
21287
29192
163
-8371
13698
15714
-8551
4636
15899
14785
7790
-12423
-5876
7907
16228
4521
-10310
-1130
5143
-110
-14831
-230
15542
3872
-9137
-17347
-2437
7195
3317
-4768
-3759
1229
-8092
-10692
-3696
6556
1739
-12247
-12727
-7523
-2156
-5071
-4056
-747
-6543
-10686
-14533
-9457
1984
4142
-6395
-18639
-12766
-1708
2291
-6560
-9509
1876
-1137
-13795
-11508
5226
8826
-2755
-10840
-6133
4387
3592
-428
5028
10468
7516
2886
2011
-6207
9025
32608
12348
-11016
1972
25237
8673
-8902
12957
19742
16257
-2831
-11554
8166
19691
16298
-8621
-2972
11063
5976
-7308
-6184
18645
13287
-3666
-13301
-5727
10624
4965
-788
-3739
3318
-1825
-12622
-6161
4060
5656
-9633
-12663
-8673
-5777
-2506
-5280
-5277
-8061
-8278
-9246
-13387
-8600
2698
3217
-16179
-22739
-3792
4420
-5664
-12977
-2662
3854
-7318
-16045
-4250
11263
3395
-10498
-9547
3266
6224
-720
459
8980
12792
2534
907
9079
138
10418
30963
10299
-9971
9043
28673
5409
-4758
18119
19122
14558
-1290
-5241
12009
20098
15981
-6502
-1105
10264
8194
-4498
-3803
17364
8016
-3972
-11425
-5814
7538
4565
-1546
-9200
-1471
-5588
-10202
-6004
-3862
280
-10673
-13578
-13840
-9367
-4229
-7982
-10769
-14923
-8642
-9372
-17321
-13126
-1426
914
-18227
-25795
-9605
3991
-4075
-16933
-7337
134
-4195
-13644
-8995
7449
5652
-6368
-10318
647
5210
3118
3971
5612
11416
6638
6054
11736
1635
7150
31050
20100
-6848
3660
29545
18585
-4811
10051
22849
21311
3287
-7893
10694
22686
18638
-4131
-4345
12756
12779
-1417
-8783
13905
15600
-3135
-14503
-7046
11488
6906
-3747
-13048
-3417
375
-8782
-9009
-6685
1115
-6277
-15032
-17500
-11258
-1018
-7819
-14781
-16438
-10057
-8821
-15978
-14772
-6165
-788
-14373
-25362
-13572
1252
-649
-15250
-12928
-844
-2147
-11173
-7841
6363
6153
-3924
-8296
-350
8890
7350
3730
6179
12168
12071
7296
12713
14499
3372
19593
30260
7316
-2226
19146
31169
2663
1026
19416
19526
12433
-2716
3186
16727
17726
4200
-6835
7060
10268
4975
-7333
-276
12785
1042
-7730
-10672
492
5489
-2254
-10641
-9603
-688
-7546
-11211
-9452
-5035
-5288
-14015
-15953
-13925
-7572
-8325
-12151
-16191
-17239
-8595
-9873
-18186
-16520
-4248
-2930
-18583
-23203
-6706
4545
-7958
-16805
-5838
2417
-2480
-10576
-2888
8714
3400
-3583
-2137
6062
8313
6971
7982
8197
12526
11828
13488
15569
10894
5996
22808
29539
5583
1579
24202
29140
1574
1660
21097
21985
11015
-2577
5214
17548
13558
2390
-3782
7065
10302
2558
-7518
-1070
8871
-27
-5455
-8252
-4104
681
-4345
-9432
-8139
-4924
-10397
-10813
-9340
-9312
-10632
-14979
-11394
-14405
-15640
-8228
-9351
-19241
-19528
-7972
-8933
-17728
-17878
-6315
-2278
-15914
-20096
-7701
2531
-4341
-13239
-6951
1359
-1621
-6939
-90
5942
1907
-1508
1464
7072
6818
6403
9255
10911
10458
10886
14316
17339
14082
4275
17154
31528
13781
1466
18280
30489
9102
1608
18218
22986
15954
1863
1231
12483
17803
8925
-6118
4275
11734
4495
-5924
-4754
5599
4910
-2820
-12187
-7698
-798
-2472
-6760
-13511
-7788
-6764
-13384
-13301
-11541
-11559
-14147
-12099
-18770
-18086
-9660
-11470
-17315
-20714
-11069
-8209
-17492
-21045
-8594
1052
-12773
-22881
-10947
4400
-632
-16386
-10073
5427
2880
-8956
-5717
8753
8053
61
-1567
6388
10397
8613
8764
10134
13195
14181
13153
13638
20849
12204
7729
28874
26154
3660
10330
30957
22169
-1108
12812
25402
20046
7881
-899
10292
17837
12409
-1258
-1030
9562
8402
-593
-9827
292
8657
-2419
-11815
-12324
-4008
-1851
-5910
-15935
-14339
-6581
-11689
-15804
-18077
-14478
-11556
-13897
-20844
-23122
-13742
-10051
-15255
-23850
-17494
-6064
-14045
-23261
-15622
518
-4531
-21071
-18279
-873
4668
-10684
-12640
3
5966
-942
-7645
2935
10794
6989
1646
3423
9546
11820
12474
11035
13098
15006
15269
16720
18281
18877
9320
18247
32424
15659
3476
20218
32530
10128
883
19760
21902
14268
4236
2425
12319
14143
5454
-4564
2563
8865
3289
-7410
-8345
3965
1673
-8599
-12896
-9996
-4340
-5980
-12475
-16273
-9920
-9808
-16673
-17447
-15482
-11669
-15751
-18668
-18464
-17733
-14857
-14097
-15073
-19763
-14820
-9996
-15896
-17772
-9145
-2031
-10716
-18276
-10266
1214
693
-9267
-7702
2593
5971
-1488
-3377
7913
11257
5864
2892
8280
12997
12833
12915
13086
15463
15439
15564
17168
19927
21752
9448
13623
32514
21066
3046
16225
31747
12409
1051
16252
19743
14816
4499
884
10449
11872
3774
-4181
1874
5836
469
-8047
-8127
1218
-1723
-8264
-12162
-11714
-7334
-8011
-12070
-15989
-11332
-11641
-16683
-16647
-15141
-13822
-17832
-14751
-15004
-19652
-17691
-11862
-11270
-20175
-16842
-9249
-12265
-17384
-11820
-2972
-8130
-13912
-10663
-1311
1414
-7568
-5915
2458
3875
-895
-727
6425
9056
7107
4835
9633
11526
9665
14294
16528
14582
11731
15209
20750
18997
18700
11622
12255
29464
25982
6798
9501
29550
22801
-213
9829
22762
16698
6380
452
7424
11322
7556
-1309
-3251
4897
2746
-6143
-11398
-3279
945
-6115
-12657
-15335
-9267
-7636
-11317
-17416
-16590
-9480
-14059
-21901
-18386
-11555
-15738
-18431
-14784
-18840
-19583
-12446
-10451
-17748
-19175
-10337
-9038
-16122
-17150
-3602
-26
-11473
-15747
-4787
6470
-1021
-8848
-1098
8896
3604
-3978
2779
12100
12096
5747
6292
12104
13255
13814
15394
15617
15795
14613
17346
19632
19783
20511
11598
13162
29219
24623
6278
13633
29683
15534
-104
14013
18811
14165
6015
-1622
5214
10164
5397
-5473
-3029
4422
-383
-11653
-13947
-412
-688
-11744
-16392
-14382
-8477
-11362
-15497
-18075
-14058
-12232
-18779
-22817
-17078
-9724
-16992
-20839
-16858
-16375
-17936
-14090
-10936
-17583
-16299
-10129
-11589
-16284
-12560
-300
-2726
-13976
-13269
946
6562
-3728
-5422
2957
9557
3207
-2953
6447
14698
12518
6712
8062
13039
15121
16378
16157
15160
15477
16947
19695
18528
17506
23020
19573
7924
19531
32192
15914
5524
20527
25080
4692
4443
15610
16570
10605
-395
-2288
4971
8382
122
-8070
-1430
283
-6767
-14671
-9459
-2321
-7830
-14576
-17095
-12389
-12477
-14423
-14907
-16650
-15482
-18265
-19431
-15219
-13456
-18532
-20037
-12414
-14911
-20674
-16471
-5979
-10798
-21159
-13045
-5560
-11265
-15182
-3388
1204
-8941
-13194
-3223
7825
2611
-4369
592
8073
5667
1629
7481
12346
10861
9153
10566
12569
12304
15253
17962
15756
12427
14167
17833
19349
18562
17773
19975
14192
6684
21118
29925
11863
3975
17612
21281
1998
2190
14553
16823
6083
-6468
-2927
5486
5867
-4159
-9083
-2006
-877
-9938
-17321
-8689
-2240
-9737
-17706
-18311
-11654
-11817
-16935
-16752
-13031
-15346
-19569
-16543
-16204
-15929
-14969
-15175
-14859
-19329
-18126
-11753
-6412
-12250
-18192
-10614
-5115
-10349
-14014
-915
3656
-9420
-12392
981
11474
1653
-5768
4313
13683
7967
-70
7597
17455
15207
8754
9246
15337
17096
16262
15942
16842
16783
15823
18022
17664
18103
18377
20791
20634
5706
8261
29340
24749
1725
3890
23694
14853
-5532
3229
17067
13002
-3509
-11052
-3229
6948
1841
-12429
-9910
-1851
-6437
-17500
-16061
-5447
-5887
-16360
-21164
-17053
-14503
-14791
-13382
-16642
-17239
-16526
-19399
-18180
-13919
-11341
-16263
-17252
-15692
-16727
-14778
-9942
-5800
-12746
-14494
-7287
-5686
-10105
-6299
2530
-14
-7271
-6200
5100
10624
3642
919
6995
10960
7508
6968
13598
15428
12343
11152
14255
14425
14004
18953
20169
15169
11344
16361
20909
16239
14022
18043
20016
17741
4221
6883
28050
23541
-1171
398
22639
13984
-7669
1824
14620
10209
-6311
-13240
-2463
4149
-2333
-11517
-9404
-6018
-9660
-16571
-15323
-6824
-8775
-18054
-20390
-17617
-14704
-14101
-14909
-14893
-17041
-21584
-17238
-11178
-13869
-15588
-13569
-12222
-15964
-15453
-10395
-5440
-5535
-12028
-11163
-5491
-1871
-6267
-4957
5437
2938
-5959
-4253
8481
13488
5446
1109
7264
13260
8707
7760
14408
15857
12644
10529
12197
16243
16204
15310
16650
15791
12734
12875
17287
17436
15199
12755
12740
17198
14158
670
12214
28038
9433
-9228
6359
22271
1579
-9592
5070
9810
-377
-11467
-11717
-1700
1934
-7380
-17074
-11426
-6826
-12159
-18720
-13713
-7637
-14204
-20090
-18386
-16275
-14202
-13806
-15368
-17084
-17573
-16250
-13305
-11756
-12624
-13768
-12459
-9721
-12330
-12183
-5554
-640
-6824
-12464
-3530
2777
-1161
-6294
2369
8736
1425
-4604
2843
15649
11829
2033
4301
12892
13394
7928
9848
16594
17434
9740
8624
16738
18699
13474
12849
16035
15579
11348
12141
17383
15519
11230
11059
12781
12728
12215
4002
6257
19635
10021
-8391
799
17833
3602
-13357
-3297
7836
2023
-13097
-15201
-3674
-238
-9375
-17208
-13407
-7507
-10526
-19132
-16539
-8349
-12071
-18522
-17825
-14230
-11926
-14139
-15874
-14356
-10933
-14533
-14286
-9296
-8718
-10654
-12310
-6225
-6688
-8609
-4487
-1521
-3990
-6504
23
4564
1174
-3521
824
9753
6424
-621
3347
12911
12728
3517
4980
13095
14170
8178
7843
13521
13220
11318
11066
11481
12884
12884
10898
11459
11252
10905
10491
10330
9855
9502
8255
7141
9067
8452
8244
26
1594
12719
5931
-7794
-897
10377
-2279
-13194
-2441
3146
-2537
-11549
-13348
-4854
-3078
-10351
-16074
-10962
-5713
-11146
-18900
-14023
-5231
-8965
-16876
-14813
-10535
-9977
-11435
-10804
-8373
-8079
-12234
-10925
-3179
-3297
-7899
-8395
568
-603
-8563
-4255
5289
4470
-4717
-994
7396
5041
-1831
4266
13302
6779
-197
5604
14138
11238
3721
6862
14107
11955
5029
7037
13314
11442
7397
8414
10771
7667
5655
9606
9390
5280
5150
7180
6478
3838
3211
5099
6371
2650
-479
4938
6738
-7173
-3841
11923
3635
-13098
-7009
9823
-2552
-15481
-4737
2356
-2978
-11888
-13092
-6113
-1953
-8011
-15056
-10093
-5171
-8916
-14531
-11817
-3229
-6053
-14090
-11034
-5913
-6026
-8133
-7116
-4384
-3538
-7691
-6224
778
-462
-4035
-2161
2539
-547
-2614
1664
7094
3173
-4431
2661
10141
5421
-1046
5658
11837
6054
199
5084
13110
9545
3325
4691
8089
8000
7221
7236
7056
5794
5223
5611
5430
3884
4219
6388
4697
796
-595
3346
5003
2671
62
-698
1783
1821
-1314
-447
5564
328
-9536
1697
7610
-4605
-7847
2898
4220
-9785
-8245
1520
2072
-5505
-9225
-5544
-1840
-4060
-7957
-5692
-1394
-5536
-10589
-6723
-814
-2996
-6526
-4422
-3069
-4345
-4569
-1061
77
-1069
-2506
-3055
-377
1997
770
-1247
2192
3214
-984
-1472
2180
4433
855
-88
2910
2604
-303
535
6659
3541
-1566
-321
4567
5188
-1335
-1432
5561
6566
-2707
-3470
5124
6216
-1077
-3572
2405
3720
-2124
-1761
2226
547
-2496
-1980
782
402
-1214
-2037
593
1198
-2210
-524
1533
2848
2220
-6306
-1515
9751
3541
-6662
937
8954
-1525
-5684
3683
7175
1988
-5333
-2806
4094
4286
-1591
-3998
2543
4797
-2375
-6998
1270
7567
-75
-5726
690
3072
-528
-1459
1249
2521
962
-2270
-2696
2908
3131
-2176
-1298
3126
-50
-5062
-2097
4790
159
-5722
-1180
1547
-2871
-5652
379
1819
-3222
-6486
-3942
994
-783
-5458
-4153
-47
-1746
-5102
-3401
-34
-977
-4060
-3374
-1636
-2874
-1937
-672
-1071
-2400
-3237
-987
769
4
-696
542
1412
936
-115
2124
5624
4124
2468
464
1973
9915
7684
-15
3545
11342
6366
-2224
5260
11025
7852
1484
87
5186
7386
3912
1296
3983
6355
1571
-3443
1920
7676
1721
-3248
725
1923
-1083
-2353
-234
1879
-781
-5555
-4510
-333
-633
-4108
-4594
-2865
-4045
-6806
-5497
-2482
-4457
-7454
-6319
-5434
-6777
-8541
-5287
-1769
-6894
-10622
-7504
-2966
-3520
-7074
-6041
-3178
-4076
-6998
-3801
788
-1366
-4562
-3480
103
-157
-1709
1248
3327
1533
-1283
655
5387
5360
3715
3124
6399
6088
3879
6010
9063
9089
6351
8775
7973
3469
11005
14853
6676
4324
12179
13393
2571
4257
12750
11687
4391
496
4716
7467
4129
1581
2181
3704
131
-3609
-1573
2173
-325
-5960
-4745
-2642
-5292
-7012
-5789
-3564
-5777
-9589
-9358
-7156
-5104
-7171
-9990
-8979
-6843
-9539
-11796
-6212
-4225
-10611
-12188
-6754
-5563
-9803
-8494
-3339
-4781
-8670
-8431
-2602
-769
-3792
-4304
-1904
41
-2771
-1898
3016
4003
362
-330
3580
4379
4298
5503
4896
5409
5786
5918
6943
7587
8440
8173
8479
7108
7613
9470
10533
10088
8048
8237
9482
11669
8070
5251
13076
12714
4692
5354
11393
10488
2426
4789
8740
5597
446
-530
3213
3206
-449
-3645
-3204
-722
-4827
-7861
-5103
-4799
-8213
-10221
-8444
-9047
-11380
-10447
-8227
-9099
-13793
-13643
-9060
-8281
-11004
-13599
-10366
-6982
-10885
-13116
-7890
-4824
-8063
-10603
-7852
-4420
-4528
-6457
-3812
-763
-3557
-4359
-869
2779
1435
-925
1409
4434
3918
1499
4365
7499
5777
4122
5981
8099
6680
5512
7911
9770
7210
5398
8023
9925
8205
6213
6806
9444
8798
6308
6842
8986
8463
6908
7129
7427
7726
7211
8355
6451
2982
9146
8683
1533
3407
7787
3851
-2843
1702
5488
41
-3806
-2606
-909
-3683
-6304
-4690
-4589
-6636
-9482
-9407
-7486
-7807
-10459
-10858
-7722
-9790
-13590
-10578
-6992
-8476
-12614
-10558
-6449
-8297
-10449
-7970
-3811
-5958
-8977
-6481
-3166
-2846
-4735
-4231
-684
-240
-3099
-1965
2826
3073
-767
1377
4993
3955
1727
4349
7500
5836
3966
4832
8666
8065
4470
5620
9648
7986
4047
6061
9412
7407
3600
4522
7800
6717
3099
3501
5403
4939
1983
1506
3644
4276
1131
-101
2733
2032
277
145
1872
1209
-1198
1037
989
-3359
-149
2601
-2129
-4137
417
630
-6377
-4410
1364
-1921
-6193
-4779
-2922
-4397
-5311
-4558
-4212
-4763
-5773
-6559
-4730
-3477
-4842
-5533
-3245
-2757
-5778
-4467
-839
-406
-3646
-3380
-153
-106
-1665
-500
2119
1108
-558
227
2091
2020
1908
2006
2248
2483
1470
1850
4346
3779
890
2724
4454
2660
1231
4049
4777
1834
1610
3498
3731
1738
1817
2847
2582
1177
339
1026
2020
1275
-910
-1001
298
-580
-1483
-1112
-1637
-1966
-2146
-2514
-2912
-2626
-2099
-2599
-3670
-2903
-1902
-3422
-3015
-1186
-1568
-2290
-1668
-1651
-862
891
-1371
-1676
3467
1153
-3070
1447
5435
1002
-1588
4391
5293
-840
915
5795
4102
675
2167
4509
3867
1818
1529
4246
4852
1527
655
3720
4179
1526
267
2805
3191
373
-1060
1176
2052
-741
-1798
-869
-151
-1817
-3124
-2159
-1264
-3264
-4781
-3005
-2473
-4383
-5106
-3877
-3373
-3794
-5396
-4830
-3086
-3397
-5310
-4415
-2211
-3645
-4924
-3243
-1720
-3325
-3751
-2588
-1407
-2000
-2835
-2060
-359
-859
-2445
-1128
153
-380
-1098
-28
519
377
-160
476
1876
1671
1339
1258
2325
3192
2873
2431
4299
5151
3902
3632
5585
6884
5781
5181
6578
8240
7465
5159
6538
11118
7974
3088
7948
11130
4637
2870
9338
8387
1620
2907
6634
4215
1139
1256
2255
1642
-1318
-2344
-894
-1177
-3802
-4864
-3621
-4165
-7055
-7394
-4416
-6269
-9617
-8122
-6643
-8542
-9648
-8162
-8151
-8986
-9253
-8482
-8520
-8930
-7753
-7375
-8175
-7450
-6597
-7035
-6109
-4313
-5250
-5605
-3147
-2583
-3410
-2176
-556
-329
-426
14
1496
2411
2042
2785
3975
4134
4378
4469
5488
6530
5515
5306
7030
7225
5434
5778
7595
7383
5350
5330
7362
6814
4421
5205
6812
5169
4026
5078
5345
4370
3715
3916
4832
3997
2807
3603
4169
3126
2678
2786
2720
3430
2857
139
1091
4466
851
-2932
2121
3194
-4022
-3332
2606
-1269
-6465
-2700
-150
-4442
-7246
-4093
-2419
-5798
-7928
-5453
-4571
-6629
-7734
-6479
-5128
-6677
-8103
-6227
-4610
-6565
-7363
-5258
-3852
-5595
-6493
-3795
-2979
-4372
-4225
-2866
-2441
-2137
-2133
-1773
-560
-511
-401
77
1006
2092
1433
1007
3465
4303
2329
2971
5546
5648
3772
4089
6710
6740
3912
5311
7859
5592
3843
6292
6736
4378
4193
5260
4751
3246
3215
3406
2471
1783
1656
807
462
259
-591
-822
-977
-1792
-2056
-2034
-2411
-2682
-2853
-2932
-2962
-2966
-3164
-2859
-2748
-2512
-2655
-2898
-1709
-1579
-2964
-1889
657
-2262
-3323
1445
735
-3938
-528
3307
-1842
-3147
2540
1538
-2870
-506
2765
-413
-1707
762
1476
-404
-505
663
671
319
-274
505
1191
691
-516
881
1777
236
-3
1284
1571
156
293
1131
1288
104
200
1286
502
-259
262
687
11
-209
-199
7
-111
-551
-742
-159
-178
-1122
-1003
-176
-629
-1434
-513
-515
-1102
-1113
-461
-836
-974
-607
-815
-1021
-447
-365
-1671
-544
345
-1296
-1643
557
-262
-1878
-285
342
-918
-1156
-173
38
-509
-1142
26
563
-780
-397
718
342
31
534
739
1187
947
860
1845
1752
1725
1949
2026
2861
2787
1562
3107
4398
1353
2408
5089
2641
910
4576
4068
380
2578
4484
1382
121
3404
2404
-620
742
2220
133
-1448
479
191
-1536
-1785
-948
-1328
-2489
-2478
-2468
-2101
-3226
-3579
-3026
-2847
-3872
-4278
-3142
-3434
-4317
-4230
-3071
-3732
-4287
-3577
-2946
-3510
-3645
-2722
-2424
-2938
-2573
-1429
-1898
-1929
-954
-449
-1020
-444
500
480
194
815
1862
1339
1196
2031
2754
1997
1912
2951
3276
2426
2141
3583
3528
2042
2304
4056
2879
1280
2964
3569
1529
1418
3025
2111
947
1626
1837
1216
890
853
814
1000
301
-42
554
513
-440
-373
243
-93
-817
-480
-150
-653
-588
-757
-907
-204
-266
-2167
-457
776
-1916
-2416
1151
-163
-3322
-854
1312
-1776
-2973
382
343
-2666
-1944
524
-641
-2597
-1141
215
-1071
-2159
-698
119
-1198
-1633
-270
-30
-1137
-970
-19
-111
-652
-550
172
216
-454
-119
721
145
-167
672
693
237
541
907
840
626
857
1307
1038
736
1361
1505
937
1051
1578
1344
909
1197
1411
1083
796
1002
1045
699
393
481
577
6
-213
-67
-227
-695
-791
-783
-994
-1161
-1437
-1461
-1360
-1573
-2056
-1745
-1377
-2124
-2179
-1380
-1532
-2276
-1519
-1034
-1613
-1589
-774
-740
-1061
-730
-80
-52
-356
193
1006
508
279
1650
1676
592
1624
2938
1303
1176
3494
2779
796
2946
4192
1370
1607
4369
2796
744
3055
3798
1118
1298
3275
2096
420
1677
2125
689
238
946
814
-117
-523
-2
-58
-1261
-1296
-562
-1274
-2216
-1654
-1374
-2417
-2645
-1987
-2328
-3129
-2717
-2576
-3084
-3132
-2965
-3106
-3129
-3180
-3195
-3065
-3071
-3118
-3085
-2840
-2737
-2951
-2663
-2167
-2418
-2470
-1665
-1552
-1894
-1357
-635
-958
-936
61
125
-172
603
1141
695
1348
1850
1600
1989
2641
2223
2514
3334
2867
2813
3745
3666
2887
3887
4155
3217
3508
4391
3485
3222
4147
3683
3117
3642
3691
2935
3214
3219
2853
2682
2645
2397
2390
2003
1553
2126
1644
547
1124
1749
-344
-358
1312
-199
-2122
-1
231
-2860
-2150
-16
-2311
-4097
-1480
-1696
-4457
-3675
-1792
-3837
-4955
-3113
-3134
-4890
-4399
-3260
-4124
-4768
-3967
-3548
-4228
-4269
-3516
-3458
-3854
-3547
-2979
-3007
-3108
-2722
-2270
-2322
-2233
-1718
-1460
-1434
-1166
-777
-588
-455
-193
232
303
460
911
1125
1139
1597
1919
1838
2143
2624
2550
2499
3131
3285
2872
3219
3884
3406
3142
3968
3996
3194
3488
4157
3501
2936
3570
3715
2693
2612
3240
2731
1894
2240
2388
1624
1226
1513
1290
639
454
549
205
-220
-378
-414
-526
-919
-1218
-956
-1051
-1648
-1600
-1271
-1557
-2010
-1796
-1428
-1770
-2219
-1705
-1324
-1982
-2279
-1341
-1126
-2436
-1964
-519
-1564
-2677
-723
-422
-2352
-1796
205
-1296
-2424
-333
-105
-2170
-1237
315
-1138
-1659
-147
-169
-1350
-652
-52
-630
-737
-267
-404
-313
-287
-495
-80
54
-442
-344
397
-57
-541
186
482
-377
-178
644
214
-219
362
739
192
177
785
898
421
607
1249
1152
672
1193
1868
1196
1022
2015
2048
1107
1733
2542
1690
1238
2415
2260
1112
1716
2395
1302
888
1915
1481
424
919
1347
157
-48
631
72
-770
-301
-273
-1139
-1130
-787
-1350
-1686
-1352
-1605
-1989
-1748
-1786
-2142
-1972
-1781
-2120
-2012
-1651
-1796
-1936
-1526
-1351
-1488
-1464
-961
-792
-1063
-894
-133
-215
-747
25
797
-173
-251
1406
936
-338
1140
2084
174
392
2429
1340
-191
1831
2234
50
701
2432
784
-61
1671
1415
-215
635
1360
13
-105
746
116
-454
159
-69
-622
-292
-289
-812
-628
-429
-951
-845
-534
-871
-1008
-521
-664
-897
-525
-335
-621
-411
-56
-189
-166
184
255
192
447
649
629
690
950
982
946
1045
1228
1110
1001
1178
1220
903
913
1143
846
513
740
728
151
136
362
-124
-518
-229
-394
-968
-925
-751
-1247
-1525
-1231
-1433
-1864
-1759
-1635
-1985
-2065
-1860
-1923
-2133
-1943
-1823
-1944
-1846
-1627
-1614
-1563
-1315
-1213
-1090
-855
-666
-584
-252
-63
15
324
643
642
896
1286
1284
1398
1857
1927
1772
2263
2457
2110
2365
2863
2393
2299
2908
2685
2102
2608
2774
1963
2013
2505
1836
1339
1884
1594
808
1035
1167
351
198
492
-61
-509
-265
-510
-1056
-933
-972
-1428
-1456
-1342
-1694
-1768
-1606
-1815
-1927
-1689
-1780
-1907
-1635
-1569
-1726
-1473
-1238
-1382
-1226
-877
-900
-898
-516
-402
-450
-206
47
-10
125
354
401
408
574
635
642
699
751
738
735
726
693
667
596
524
482
389
253
223
115
-51
-134
-173
-392
-492
-529
-683
-871
-855
-964
-1129
-1159
-1159
-1317
-1335
-1308
-1364
-1409
-1335
-1337
-1323
-1229
-1156
-1118
-981
-860
-781
-613
-460
-337
-166
39
136
364
575
708
858
1137
1250
1381
1592
1767
1821
1980
2130
2192
2250
2339
2401
2425
2394
2397
2433
2320
2190
2223
2139
1842
1769
1788
1442
1160
1218
1008
522
474
439
-24
-319
-253
-573
-980
-1013
-1115
-1516
-1644
-1656
-1927
-2098
-2086
-2219
-2384
-2342
-2397
-2483
-2424
-2390
-2439
-2288
-2204
-2213
-2034
-1802
-1830
-1675
-1319
-1253
-1210
-814
-570
-595
-293
98
127
257
673
820
837
1153
1382
1381
1541
1798
1803
1870
2036
2065
2027
2132
2107
2040
2037
1989
1833
1793
1712
1499
1380
1304
1055
834
762
533
245
129
-27
-344
-497
-604
-863
-1063
-1139
-1305
-1520
-1571
-1659
-1796
-1868
-1858
-1953
-1948
-1916
-1907
-1905
-1776
-1736
-1664
-1533
-1391
-1319
-1137
-961
-840
-672
-453
-313
-157
71
231
361
562
740
839
1001
1170
1257
1341
1492
1556
1591
1684
1734
1707
1745
1771
1702
1665
1666
1576
1468
1434
1334
1184
1100
1007
822
705
594
428
252
168
-9
-176
-294
-400
-588
-677
-775
-907
-1025
-1066
-1171
-1248
-1277
-1318
-1381
-1372
-1358
-1369
-1351
-1288
-1254
-1213
-1133
-1050
-975
-880
-783
-681
-565
-456
-348
-226
-112
-10
90
203
294
378
465
538
602
655
703
729
760
769
774
745
743
703
664
601
564
492
424
347
277
186
93
1
-89
-188
-288
-362
-462
-548
-635
-690
-774
-825
-883
-907
-956
-966
-972
-967
-955
-916
-879
-828
-753
-679
-590
-502
-378
-272
-150
-18
134
253
409
557
699
837
988
1126
1242
1375
1491
1605
1687
1791
1853
1922
1954
2005
2000
2014
1985
1963
1897
1844
1761
1670
1554
1435
1297
1142
983
808
632
434
252
41
-153
-368
-560
-778
-966
-1176
-1355
-1557
-1717
-1897
-2037
-2193
-2311
-2433
-2518
-2607
-2673
-2719
-2742
-2759
-2754
-2719
-2672
-2610
-2533
-2421
-2306
-2177
-2037
-1857
-1689
-1512
-1313
-1086
-887
-673
-432
-196
15
247
495
710
922
1137
1362
1540
1726
1907
2081
2208
2348
2465
2567
2637
2702
2751
2778
2779
2766
2746
2691
2629
2536
2448
2318
2200
2038
1896
1714
1547
1342
1161
947
749
531
329
103
-98
-307
-513
-712
-891
-1076
-1254
-1403
-1555
-1696
-1820
-1915
-2022
-2098
-2160
-2196
-2239
-2248
-2245
-2226
-2205
-2155
-2090
-2020
-1944
-1837
-1726
-1618
-1491
-1349
-1214
-1075
-919
-772
-624
-467
-315
-172
-21
128
256
387
520
635
735
840
933
1007
1079
1147
1193
1230
1264
1284
1289
1292
1287
1261
1240
1209
1163
1115
1076
1009
943
899
828
738
687
632
536
471
428
351
273
241
181
115
80
41
-16
-35
-62
-104
-113
-118
-154
-162
-146
-159
-169
-151
-147
-153
-135
-127
-118
-104
-97
-99
-75
-73
-79
-71
-56
-76
-83
-74
-85
-108
-105
-123
-150
-164
-184
-220
-245
-267
-312
-341
-372
-410
-451
-477
-517
-551
-584
-611
-645
-663
-692
-709
-720
-735
-743
-736
-735
-733
-709
-687
-667
-638
-587
-554
-509
-451
-388
-338
-262
-191
-120
-43
42
118
200
285
368
451
534
615
690
769
836
904
963
1030
1068
1113
1154
1186
1201
1219
1224
1221
1206
1188
1161
1126
1079
1024
968
895
824
741
658
562
469
366
264
154
52
-61
-168
-278
-382
-493
-592
-690
-786
-874
-958
-1035
-1111
-1175
-1229
-1278
-1324
-1348
-1375
-1391
-1396
-1388
-1383
-1357
-1325
-1289
-1243
-1183
-1121
-1054
-974
-888
-803
-707
-605
-507
-397
-288
-178
-68
49
156
267
376
482
581
683
773
859
942
1018
1080
1141
1198
1237
1269
1300
1318
1320
1323
1312
1293
1263
1231
1185
1135
1074
1008
937
862
776
688
602
508
409
313
217
118
21
-74
-166
-258
-341
-427
-504
-575
-640
-704
-755
-803
-840
-874
-901
-919
-926
-931
-930
-915
-894
-873
-843
-800
-760
-718
-665
-605
-550
-493
-425
-358
-297
-231
-162
-96
-35
26
87
144
195
245
292
333
368
399
429
448
463
476
482
480
474
466
453
430
407
381
347
310
275
235
191
148
102
56
8
-38
-84
-127
-169
-213
-253
-285
-319
-352
-376
-395
-416
-431
-438
-441
-443
-438
-429
-412
-394
-371
-342
-308
-274
-236
-191
-146
-99
-49
9
62
118
177
235
291
348
401
451
501
547
588
626
660
686
710
729
740
744
747
741
726
709
686
655
619
581
535
484
432
373
313
249
183
115
47
-23
-92
-162
-231
-296
-361
-422
-480
-535
-586
-632
-673
-710
-742
-766
-786
-800
-810
-811
-808
-798
-783
-763
-736
-706
-671
-631
-588
-541
-490
-437
-383
-326
-267
-209
-149
-91
-33
24
78
132
184
231
276
318
356
389
420
446
467
484
496
504
509
509
504
495
485
469
448
428
405
375
346
316
282
248
216
180
144
111
75
41
10
-21
-51
-77
-102
-128
-148
-165
-181
-194
-205
-211
-218
-221
-219
-218
-214
-205
-196
-185
-173
-159
-144
-127
-110
-93
-74
-57
-39
-22
-4
13
29
43
57
70
81
90
98
104
110
113
114
113
113
110
106
102
94
86
78
69
58
48
38
26
15
4
-6
-18
-29
-38
-46
-55
-62
-68
-73
-79
-81
-83
-85
-85
-84
-82
-80
-75
-71
-65
-59
-53
-46
-38
-30
-22
-15
-6
2
10
18
24
31
37
43
46
51
54
56
59
60
61
61
61
58
56
54
51
46
42
38
33
29
24
19
15
9
5
1
-4
-7
-10
-13
-15
-17
-18
-19
-21
-21
-20
-19
-19
-17
-15
-14
-11
-9
-6
-4
-2
0
2
5
6
8
9
10
10
11
9
8
8
6
5
4
3
3
1
1
0
-1
-2
-2
-3
-3
-5
-5
-5
-5
-5
-6
-5
-4
-4
-4
-3
-2
-2
-1
-1
1
2
2
4
4
5
5
7
8
8
9
11
10
12
12
13
13
12
13
13
12
12
11
11
9
9
7
7
5
4
3
1
1
-1
-3
-5
-7
-9
-10
-11
-12
-14
-16
-17
-18
-19
-20
-21
-21
-22
-22
-22
-23
-22
-22
-22
-22
-22
-21
-20
-20
-18
-18
-17
-15
-15
-13
-12
-11
-10
-9
-7
-7
-5
-5
-3
-1
-2
0
0
2
2
2
3
3
3
4
3
4
4
3
4
2
3
3
2
2
2
1
1
1
0
0
0
0
-1
-1
-1
-3
-1
-2
-2
-2
-1
-1
-1
0
0
0
2
2
3
3
4
5
6
6
7
8
9
10
11
12
12
13
14
15
15
17
17
18
18
19
19
19
20
20
20
20
20
19
19
18
18
17
17
15
15
14
14
14
13
12
11
10
8
8
8
6
5
4
3
3
1
1
1
-1
-2
-2
-3
-4
-5
-4
-6
-6
-5
-7
-8
-7
-7
-9
-9
-9
-10
-9
-11
-10
-10
-10
-11
-10
-9
-11
-11
-12
-12
-12
-11
-12
-12
-13
-12
-13
-12
-12
-13
-13
-13
-13
-12
-13
-13
-12
-12
-11
-12
-13
-12
-13
-12
-11
-12
-11
-12
-11
-11
-11
-11
-11
-10
-11
-11
-9
-9
-9
-8
-7
-7
-7
-6
-6
-5
-5
-4
-3
-2
-2
-1
-2
0
1
2
2
2
4
4
5
5
5
7
6
8
8
8
9
9
9
10
11
10
12
11
11
11
12
12
12
12
12
12
12
12
12
12
12
12
12
11
11
12
11
10
10
10
11
9
9
9
9
9
8
8
8
7
7
7
7
7
6
5
6
6
5
6
6
5
5
5
5
4
4
4
3
4
3
2
3
1
3
2
1
2
1
1
0
-1
0
-1
-1
-2
-1
-2
-2
-3
-3
-4
-4
-4
-5
-4
-5
-5
-5
-6
-5
-6
-6
-7
-7
-7
-7
-8
-7
-7
-7
-8
-8
-7
-7
-7
-7
-7
-6
-6
-6
-7
-7
-7
-6
-6
-6
-5
-5
-6
-6
-4
-5
-5
-4
-3
-4
-3
-3
-3
-2
-2
-3
-3
-2
-2
-2
-2
-1
-1
0
-1
0
-1
0
0
-1
-1
0
0
0
0
1
1
1
2
0
1
1
2
1
0
2
1
1
1
1
2
2
2
1
1
2
2
2
3
3
2
2
3
1
2
2
2
2
1
2
2
2
2
2
3
2
1
2
1
2
1
1
1
1
1
1
0
0
0
0
0
1
0
0
0
-1
-1
-1
0
-1
0
-1
-2
-1
-2
-1
-1
0
-1
-1
-1
-1
-1
-1
-2
-1
-2
-2
-2
-2
-2
-1
-2
-2
-2
-2
-1
-1
-2
-1
-2
-1
-1
0
-1
0
-1
-1
-1
0
-1
0
0
-1
1
1
1
1
1
0
1
1
0
1
0
1
0
1
1
1
1
2
1
1
1
1
2
1
2
1
1
1
1
1
1
0
1
0
1
1
1
1
1
1
1
2
1
2
1
2
1
1
1
1
1
0
1
0
1
1
1
0
0
1
1
0
1
0
-1
0
-1
0
0
0
0
0
0
0
-1
0
0
1
-1
-1
0
-1
-1
-1
-1
-1
-1
0
-1
-1
-1
-1
0
-2
-1
-1
-1
-1
-1
-1
-1
-1
-2
-1
-2
-1
-1
-1
-1
0
0
0
0
1
-1
0
-1
0
0
0
-1
0
-1
-1
0
0
-1
0
0
0
0
-1
1
0
0
0
1
-1
-1
0
1
0
0
1
0
0
0
0
0
0
0
0
1
1
1
0
0
1
0
1
1
0
0
1
0
0
-1
0
1
0
0
0
-1
-1
-1
0
0
1
0
0
-1
0
0
0
1
0
0
0
0
0
0
0
-1
-1
-1
1
0
0
0
0
0
0
0
1
1
0
0
0
0
1
1
1
1
1
2
1
0
1
-1
1
1
0
1
0
1
0
1
0
0
0
0
-1
1
0
0
1
0
1
0
0
0
0
0
-1
0
-1
0
0
0
0
0
0
1
0
0
0
0
1
0
0
0
-1
-1
0
0
-1
1
0
0
0
-1
-1
-1
0
-1
-1
0
0
0
0
0
0
-1
-1
0
0
0
-2
0
0
-1
0
-1
0
0
0
0
-1
-1
-1
-1
0
0
-1
0
0
0
0
0
-1
0
0
-1
0
-1
-1
-1
0
0
0
-1
0
0
-1
-1
0
0
0
1
1
1
0
0
1
1
1
1
1
0
0
-1
-1
0
0
0
0
0
0
1
0
0
0
1
1
0
1
0
0
0
0
0
-1
-1
0
-1
0
-1
-1
1
0
0
0
0
1
0
0
0
1
0
1
1
0
1
-1
1
1
0
-1
1
1
0
0
0
0
0
1
-1
0
0
0
0
0
-1
0
-1
-1
-1
0
0
0
-1
0
-1
0
0
1
0
0
0
0
0
0
1
-1
-1
0
0
1
0
0
0
0
1
1
1
0
0
0
0
0
1
0
0
0
0
0
-1
1
-1
0
0
0
0
1
0
0
0
0
0
0
0
0
0
0
0
0
-1
0
0
0
-1
0
-1
0
0
0
0
0
0
0
0
-1
0
0
1
0
0
2
1
1
0
0
1
1
1
0
1
0
0
-1
0
0
0
-1
-1
0
1
0
0
-1
0
0
0
1
0
-1
-1
0
-1
-1
0
0
0
0
0
0
0
0
0
0
0
0
-1
0
0
1
0
0
-1
1
0
0
-1
1
0
0
0
-1
0
0
0
0
0
0
0
0
1
0
0
0
0
0
1
1
0
1
0
0
0
-1
0
-1
0
0
0
1
0
0
0
0
-1
1
-1
1
1
0
0
0
0
-1
1
-1
0
0
-1
0
0
0
0
0
-1
-2
0
0
0
0
0
0
-1
0
0
-1
0
0
0
0
-1
0
0
0
0
0
-1
-1
0
0
0
0
-1
0
0
0
0
0
0
-1
-1
0
0
0
0
0
1
0
2
-1
0
0
0
0
0
-1
0
0
0
0
0
0
0
0
1
0
1
0
0
0
-1
-1
0
-1
0
0
0
0
-1
-1
0
0
0
1
0
-1
0
0
0
0
1
1
0
0
0
0
0
0
0
0
0
0
1
0
-1
1
0
0
0
0
0
0
1
0
0
0
-1
0
0
-1
-1
0
-1
-1
-1
-1
0
-1
0
0
0
0
0
0
0
0
0
0
0
0
0
-1
0
0
-1
0
0
0
1
0
1
0
1
1
0
0
0
0
1
0
1
0
0
-1
1
0
0
0
0
0
0
0
0
-1
0
0
0
1
0
0
0
1
-1
0
0
0
-1
-1
0
0
0
1
0
-1
0
0
0
0
0
-1
-1
-1
-1
0
0
0
0
0
-1
1
0
0
1
0
0
1
0
1
0
0
0
0
0
-1
-1
0
0
0
-1
-1
0
0
0
1
-1
0
0
