SAMPLES:	13992
BITSPERSAMPLE:	16
CHANNELS:	1
SAMPLERATE:	16000
NORMALIZED:	FALSE
0
-1
0
0
0
0
0
0
0
0
0
0
0
-1
0
0
-1
0
0
0
0
0
1
0
0
1
0
1
0
-1
0
0
0
1
0
1
0
0
0
0
1
0
-1
0
-1
1
1
0
0
0
1
0
-1
0
0
0
0
0
1
0
0
0
0
0
-1
0
0
0
-1
0
0
0
0
1
0
-1
-1
-1
-1
-1
-1
-1
-1
0
0
0
0
0
0
0
-1
0
0
0
1
-1
0
0
0
0
0
1
-1
0
0
-1
0
0
0
0
0
0
0
0
0
0
1
-1
0
0
1
1
1
0
0
0
1
0
1
0
1
1
0
0
1
0
0
1
0
0
0
-1
0
0
0
0
0
0
0
0
0
0
1
0
-1
0
0
0
0
0
0
0
1
0
1
0
1
1
0
1
0
1
0
0
0
0
-1
0
0
0
-1
0
0
0
0
0
-1
0
0
0
-1
0
0
0
-1
-1
0
-1
1
0
0
0
-1
0
0
0
0
0
0
0
0
1
0
0
0
0
0
0
0
0
0
-1
0
0
-1
0
0
0
0
0
0
-1
0
-1
0
0
0
-1
-1
-1
0
0
0
-1
0
-1
0
0
0
0
-1
-1
0
0
0
1
0
1
0
0
0
0
0
1
1
0
0
1
0
1
1
0
1
0
1
0
0
0
1
1
1
0
0
1
0
0
0
0
0
0
0
0
-1
0
0
-1
0
0
-1
-1
-1
0
0
0
0
0
0
1
0
0
-1
1
0
0
0
-1
0
0
0
1
0
0
0
0
0
1
0
1
0
1
0
0
1
0
0
0
0
1
0
-1
0
0
-1
-1
0
1
-1
0
0
0
0
-1
0
0
-1
0
0
-1
1
0
0
-1
0
0
0
0
1
0
0
0
0
0
-1
-1
0
0
0
0
0
0
-1
-1
0
0
0
-1
-1
0
-1
0
-1
0
1
0
0
1
1
-1
0
0
0
0
1
1
0
0
0
0
1
-1
1
0
0
0
0
1
0
1
1
-1
0
0
0
1
0
0
0
0
1
-1
-1
1
-1
2
0
1
0
-1
1
0
0
1
-1
1
0
0
0
-2
1
0
-1
1
-1
0
0
0
0
0
-1
0
0
0
-1
0
0
0
0
0
0
1
0
0
0
0
0
0
0
1
-1
0
0
-1
1
0
0
1
0
0
0
0
1
0
0
0
-1
0
-1
0
0
0
-1
0
0
0
0
-1
0
-1
0
1
0
0
0
0
0
-1
1
0
-1
1
-1
0
0
0
0
0
1
1
0
0
-1
0
0
-1
1
0
0
1
-1
1
-1
-1
0
0
0
-1
-1
1
0
0
1
-1
0
0
0
1
0
1
0
0
1
0
0
1
-1
1
-1
0
0
0
1
0
0
0
0
1
0
0
0
0
-1
0
-1
0
0
0
0
0
0
0
0
0
1
0
0
0
0
0
-1
0
0
0
-1
1
1
0
0
0
0
0
0
0
1
-1
1
0
0
0
0
0
0
0
0
0
0
0
-1
0
-1
0
0
0
0
-1
0
-1
-1
0
0
0
0
-1
0
0
-1
0
0
0
1
0
0
0
0
0
-1
0
0
0
0
-1
0
1
0
0
0
1
1
0
0
0
-1
0
0
0
1
1
1
1
0
0
-1
1
0
0
0
-1
0
0
0
0
0
0
0
0
0
0
0
1
-1
0
0
-1
0
0
0
0
0
1
0
0
0
-1
-1
0
0
0
0
0
1
-1
0
0
0
0
0
0
0
0
-1
0
0
0
1
0
0
0
0
-1
0
0
0
0
1
0
0
0
0
1
0
1
1
0
0
1
0
1
0
0
-1
0
1
-1
0
0
0
0
0
1
0
-1
0
0
0
0
-1
0
0
0
0
0
1
-1
-1
0
0
-1
0
1
-1
-1
1
0
0
-1
1
0
-1
1
0
-1
0
1
-1
-1
1
0
-1
0
2
-1
0
1
0
-1
1
0
-1
1
1
-1
0
1
-1
-1
0
1
-1
0
1
0
-1
1
0
-1
1
1
-1
-1
1
0
-1
0
1
-1
-1
1
0
-1
0
0
-1
0
1
-1
-1
1
0
-2
0
2
-1
-1
2
-1
-2
1
1
0
-1
2
0
-1
1
1
-2
0
2
-1
-1
2
0
-1
1
1
-1
-1
1
0
-2
1
1
-1
0
1
0
-1
1
0
-1
1
1
-2
-1
2
1
-2
0
1
-1
-1
2
0
-1
1
1
-1
0
1
-1
-1
1
0
-1
1
1
-2
1
2
-1
-2
3
1
-3
0
2
-1
-1
2
1
-2
0
3
-2
-1
1
1
-1
1
1
-1
0
0
-1
-2
1
-1
-2
1
1
-2
-1
2
-1
-2
1
1
-3
-1
2
-1
-2
2
1
-2
-1
1
-1
-1
2
0
-2
1
1
-1
0
1
0
-1
1
1
-1
1
2
0
-1
1
0
-2
1
1
-1
0
2
-1
-1
1
1
-2
0
2
-1
-1
2
0
-1
0
1
0
0
1
0
-1
1
0
-1
0
0
-2
0
2
0
-2
1
0
-2
-1
2
0
-3
1
2
-2
-2
2
0
-2
1
1
-1
0
0
0
0
0
0
0
1
0
-2
1
1
-1
-2
2
1
-1
0
1
0
0
1
1
-2
-1
1
-1
0
1
-1
0
1
1
0
0
2
-1
-1
2
0
-1
2
1
-1
-1
1
0
-2
2
1
-2
0
2
0
0
1
1
-1
0
1
-1
-1
0
0
-3
0
0
-2
-1
1
-2
-1
1
0
-2
0
1
-2
0
1
-1
-1
1
0
0
0
2
0
-1
2
1
-2
0
1
0
-2
1
0
-2
-1
0
-2
0
0
-1
0
0
0
0
0
1
-1
0
2
-1
-1
1
0
0
-1
0
0
-2
0
0
-2
0
1
0
0
1
0
1
0
1
1
1
1
1
0
2
1
-1
0
0
-1
0
0
0
-1
-2
1
-3
-2
1
-3
-1
-1
-2
0
-2
-1
2
-2
1
2
0
1
0
2
1
1
2
0
0
2
1
1
0
0
0
0
0
-1
0
1
-2
1
0
0
1
-2
1
0
-1
2
-1
-1
1
-1
1
0
1
1
0
2
1
0
2
-1
2
2
-1
1
-1
0
1
0
2
0
-2
1
-1
0
0
-3
1
-2
-2
1
-3
0
0
-2
2
-1
0
1
-1
1
0
-1
2
-1
0
-1
-2
0
-1
-2
0
-2
-1
-1
-1
-2
0
-1
-1
1
-1
1
1
-1
2
0
-1
3
-1
2
0
0
2
0
2
1
0
1
1
0
1
0
1
0
-1
1
1
0
0
-1
0
1
-1
0
-1
1
0
0
0
0
0
0
-1
1
-1
0
0
-1
1
-1
-1
2
-2
1
0
-1
2
-1
1
1
1
2
1
1
2
2
2
0
2
1
-1
2
-3
-1
0
-2
-1
-2
1
0
-1
0
-2
0
0
-2
0
-1
2
0
-2
3
-1
2
0
-3
3
-2
0
1
-4
3
-3
-2
1
-3
2
-1
0
0
0
2
-3
1
-1
-1
0
-3
2
-3
0
0
-3
4
-3
1
1
-2
5
-2
1
5
-3
5
-1
0
5
-4
3
0
0
6
-5
2
1
-2
4
-4
1
1
-2
1
-3
2
0
-2
1
-2
2
-1
0
1
-2
2
-1
-1
0
0
0
-1
0
-1
-1
-1
-1
0
0
-1
0
1
-1
2
0
0
4
-2
2
1
-1
5
-1
0
4
-1
1
0
-1
1
0
-2
0
0
-1
-1
-2
-1
0
-1
-2
-1
1
-1
-1
-2
-2
1
-1
-3
1
-2
-1
2
-5
2
1
-2
3
-1
1
3
-1
0
0
0
1
-1
-2
3
1
1
3
0
3
1
1
2
-1
2
-1
0
2
-2
4
-2
-2
2
-6
3
-1
-3
5
-3
1
3
-3
4
-1
-1
1
-1
2
-1
1
2
0
4
1
1
1
0
2
-1
2
1
-1
1
-2
-3
-3
-5
-1
-5
-2
-2
0
2
-1
2
-2
0
2
-5
2
1
1
5
0
5
2
2
2
-1
2
0
2
1
2
4
2
-1
0
-3
-4
-6
-3
-5
-3
-1
-3
0
-1
-1
-1
-4
3
1
0
8
3
4
3
0
1
-2
0
1
0
5
2
5
1
1
3
-6
-4
-2
-7
0
-4
-1
-1
-6
-3
-9
-9
-6
-5
0
-2
5
5
1
3
0
-1
0
-1
2
0
3
5
0
1
1
-1
-2
-5
0
-3
-2
1
0
3
-1
1
-1
-4
-2
-3
-6
-4
-1
-1
-2
3
-1
-2
0
0
-3
1
1
-2
2
1
2
3
-1
4
2
-3
5
5
1
10
9
4
7
1
1
0
2
4
2
6
6
3
2
1
-1
-4
-3
-4
-1
0
0
5
4
3
4
2
-3
-4
-1
-6
0
2
3
2
-1
-2
-6
-8
-5
-6
-5
-3
0
-8
-5
-4
-7
0
2
6
4
6
6
3
2
5
6
5
6
6
-1
1
1
-2
-5
-3
-2
-3
-4
-4
-3
-7
-7
3
-9
1
1
1
6
2
10
3
4
6
-1
2
-3
1
2
-3
-2
-5
-8
-6
-6
-4
-6
-1
0
-5
-1
-4
-3
-7
4
2
-1
8
0
1
1
-4
0
1
1
3
-1
5
3
0
5
-3
6
-4
-1
2
-2
2
4
5
6
6
2
4
-9
-4
-9
-10
1
-3
1
5
3
-3
0
-4
-5
-2
-3
4
3
3
-1
7
-3
1
2
-6
0
-9
0
-1
2
8
2
1
6
-3
2
3
6
9
8
16
5
11
4
-4
3
-4
-2
-2
-1
-11
-6
-6
-14
-5
-9
-5
-8
-5
-10
-1
-6
-4
4
3
2
-1
8
-6
4
6
2
10
7
6
3
8
4
3
4
8
1
4
0
-4
-1
-6
-8
-4
2
-12
-2
-8
-9
-6
-10
-1
-3
1
-5
0
-2
0
-4
4
1
-6
8
-4
2
1
9
1
5
8
-3
8
-7
5
-4
4
3
0
2
-8
2
-7
-4
3
6
-4
10
-1
1
-1
-7
10
-4
13
-2
6
3
-11
5
-5
1
0
3
-3
0
-3
-9
-7
-10
-9
-6
4
-9
12
-4
7
3
-1
12
-7
5
-4
0
-5
0
-5
-3
1
-4
-3
-7
-2
-9
-3
-1
1
8
-2
7
4
2
8
13
9
17
8
16
12
10
19
0
20
1
0
-4
-7
2
-9
3
0
-1
1
-15
-8
-12
-19
-8
-11
-11
-5
-2
0
-4
8
-1
7
5
0
16
4
13
6
14
7
10
5
2
1
5
-9
-14
-2
-20
-6
-17
-5
-13
-17
8
-6
-4
11
-2
6
13
4
19
12
5
14
-10
8
-1
-11
1
-13
6
-8
-12
-7
2
-10
1
-9
-2
-5
-11
-5
-19
4
-9
16
1
9
17
-3
18
-14
-5
-4
-17
-4
-12
-14
4
1
1
9
4
4
5
-11
-19
2
-5
-13
18
11
26
29
14
24
13
14
8
-13
7
-14
-15
-7
-30
3
-5
-5
23
-16
15
-6
-12
-8
-26
-9
-20
2
-14
14
7
17
8
17
22
3
3
-2
-17
3
-7
-29
13
-8
10
5
5
29
1
6
14
-25
-19
-8
-43
-4
-3
-20
41
2
11
23
8
22
-4
10
-9
-10
-3
-8
-14
15
30
28
25
21
27
9
-22
-3
-24
-16
-26
-8
-28
0
6
-1
4
-6
21
-8
-6
-20
-13
-3
-19
5
-15
1
3
17
-10
15
28
-8
28
-13
6
-12
-36
9
-41
-7
20
-22
36
6
19
28
-8
13
-5
-11
-4
-36
-25
-23
-32
-9
-10
-3
16
3
10
4
-17
15
-16
-9
9
-3
39
35
25
57
32
44
11
6
3
-11
-17
-20
-1
-19
-1
-1
-4
-17
-7
-18
-32
-8
-29
10
-9
-4
23
5
6
29
-7
23
23
-4
38
-17
19
13
-25
15
-19
9
0
-3
19
1
27
4
7
16
-28
15
-8
-39
7
-15
-1
-10
-7
5
-27
-16
2
-22
-19
11
-11
-6
-20
-7
3
-30
0
-1
9
-19
26
-10
-11
12
-21
-4
-23
-8
14
-16
17
29
-8
54
-11
19
29
-44
26
-24
-43
13
-4
-5
20
8
39
37
-1
29
-6
-14
-9
-22
-12
-31
4
-36
19
10
-13
39
-14
4
0
-33
-28
-46
-9
-25
29
3
-29
67
-45
19
13
-20
15
27
-18
26
32
8
56
2
46
-9
27
-26
-33
10
-78
10
1
-41
43
-31
52
-12
-42
49
-61
-18
15
-4
1
23
19
45
-1
13
19
-30
25
28
-21
45
-13
22
5
-35
1
-45
-16
-6
26
-14
42
-2
-20
62
-60
7
43
-43
48
10
22
42
-44
53
-14
-55
22
-2
2
4
-4
46
-13
-39
40
-64
-17
39
-65
58
-29
-31
16
-70
33
-61
-18
-22
-9
5
-40
21
-26
25
-13
43
33
-38
58
-5
-17
43
-46
20
67
-56
79
3
-44
42
-66
-23
20
-65
-11
57
-53
43
18
-22
64
-62
40
-12
-17
4
6
-37
23
-41
33
-28
-38
20
-70
1
-64
15
-63
48
-42
48
9
8
65
-72
143
-38
55
61
-8
105
-42
70
3
-15
20
-30
-38
-42
21
-2
-81
84
-32
-78
14
-36
-55
4
6
-34
8
10
19
-35
57
53
55
14
122
4
38
106
-88
84
17
-73
89
-115
35
-5
-104
65
-127
-3
-55
-137
18
-54
-98
48
-42
-6
45
-92
81
14
-70
84
-12
62
-43
99
36
-73
110
49
-54
51
127
-50
52
-34
90
-13
-100
179
-138
81
-24
-39
36
-150
77
-116
-5
-21
-28
19
25
-48
47
-61
-111
201
-186
89
114
-189
192
-103
-68
265
-350
175
139
-328
246
-19
-158
186
-193
154
-45
-205
288
-134
-116
163
-36
-65
71
63
-26
23
60
30
-63
65
75
-182
170
-12
-54
82
-70
46
-84
-15
33
-116
-94
103
-165
4
-6
53
-49
4
88
-164
123
-76
43
84
-17
49
33
-98
130
-95
33
56
-35
97
-120
144
-164
-2
42
-123
67
-124
65
6
-157
147
-1
-149
158
6
-71
230
-212
200
139
-300
370
-44
-82
255
-22
49
126
-114
215
-133
-61
107
-291
89
-147
-4
13
-113
87
-154
-1
-188
33
-36
-164
266
-181
159
154
-189
295
-166
98
67
-137
226
-95
28
151
-98
20
-6
-114
128
-264
67
-41
-192
15
-205
-135
54
-268
114
1
-186
253
-283
91
-106
-159
-100
-210
9
-56
82
-272
167
-70
-309
36
-132
-67
-179
-72
82
-123
-189
237
-32
47
238
187
97
182
53
179
188
-129
295
121
89
179
237
64
163
-58
-166
111
-348
-15
120
-104
117
312
-141
170
182
-140
383
-56
331
529
-191
611
386
-46
313
-79
118
-143
-469
245
-212
-340
277
-27
-229
-21
-73
-285
80
-369
405
84
-189
796
-201
293
227
-137
431
-70
-95
180
-21
-398
-63
-300
-499
-426
-638
-207
-883
-533
-301
-830
-496
-294
-628
-512
-124
-435
-251
-165
-19
253
-220
199
589
-239
281
661
-44
827
186
706
457
-15
861
152
58
214
460
30
-41
479
168
171
162
215
178
-299
430
189
-59
527
291
67
200
-124
84
33
-212
363
3
-296
270
-326
-385
450
-432
-222
-110
-518
146
-813
118
162
-638
278
-154
-319
-383
-243
-364
-285
-327
346
-39
-342
670
-378
-133
20
-491
215
-829
60
265
-623
727
-102
54
265
-276
-43
-396
-42
-46
-171
345
244
335
-122
221
96
-304
358
-102
431
339
344
679
518
329
581
352
226
451
97
764
447
527
744
164
53
141
-171
-73
-58
183
26
-9
-73
-135
-245
-622
55
-908
-344
-301
-1134
-142
-703
-723
-451
-541
-448
-755
-579
-617
-729
-1089
-244
-634
-833
-156
-519
-196
-252
-342
86
235
167
17
505
592
179
613
704
1096
524
779
1576
782
1116
1409
1383
1248
1069
1746
1088
337
1080
277
-206
-90
-482
-228
-1193
-1175
-1411
-2031
-1525
-2323
-1748
-1196
-1703
-282
-882
-764
830
-134
381
1835
1061
1993
2086
1584
2290
1781
1301
1538
1053
901
234
-813
-798
-1314
-2244
-2045
-1653
-2529
-2626
-2799
-3217
-3225
-2920
-2934
-2680
-1969
-1395
-831
-22
688
1309
1075
1388
2066
1886
2057
2031
1988
2104
1525
985
1044
624
-143
-7
-340
-605
-567
-1066
-936
-1026
-1089
-1
-423
107
971
1156
1627
1828
3383
2819
2937
3611
3442
3453
3217
2986
2239
1410
1524
509
-556
-329
-1671
-2684
-2917
-3434
-4329
-3815
-3755
-3349
-2562
-2033
-693
-706
-543
1528
1488
2125
4136
3756
3319
4346
4126
3216
3401
3054
2302
1193
-52
-677
-1799
-3719
-3036
-4044
-5618
-4574
-5242
-6223
-5882
-6589
-6346
-5982
-5600
-3413
-2729
-2045
-304
540
1208
1612
2542
2303
2373
3346
3482
3211
3642
2989
1693
1024
-383
-1101
-1788
-1537
-1272
-2360
-1920
-1538
-1963
-1506
-1888
-655
-881
144
2163
2286
5184
5606
5736
7056
6510
6899
6354
5679
5818
4841
4016
2615
2797
1264
-336
-1420
-4324
-4005
-6890
-7685
-4321
-6387
-5841
-3532
-3096
-2519
-2800
-208
2483
1247
3598
7145
5431
5876
8934
8288
6270
6134
6259
4824
1911
1001
880
-2352
-4545
-4163
-6317
-8379
-9417
-10530
-11188
-11713
-10778
-9000
-9220
-8284
-5456
-4846
-3821
-2056
97
1224
1557
3970
5905
5892
5580
6762
6869
4307
3455
3392
1272
-576
-531
-727
-3312
-3857
-2828
-4285
-5151
-3979
-3216
-4001
-4109
-1265
1145
451
3490
5652
5934
8597
8505
10140
9939
9077
10799
7838
7132
7290
5028
3281
2231
2169
-2129
-4961
-3713
-8634
-9435
-8259
-9566
-7334
-9511
-6256
-1733
-5824
-1671
4129
-117
2838
7721
7614
8268
10258
12623
11691
8960
10185
10606
4739
2523
3623
-1717
-4909
-3888
-6864
-9436
-12125
-13241
-13078
-16981
-15655
-11145
-13664
-11625
-7516
-7570
-4333
-2481
-1013
1531
1789
4774
7078
5868
8058
9354
6802
6359
5125
3328
2368
-157
-1047
-1751
-4176
-3990
-5051
-6656
-6534
-7883
-8290
-7400
-6080
-3934
-2504
-385
1415
3524
5605
8073
9995
9678
12551
13093
12738
13877
12864
11840
10453
7980
6014
3867
802
-141
-2365
-5125
-4321
-8193
-12175
-9983
-11190
-12580
-9230
-5944
-3817
-4044
-1840
4160
2618
2902
10589
10386
8773
14527
15780
12610
11743
12491
10935
5283
3705
3890
-1052
-6436
-7073
-9429
-13880
-14596
-15389
-18453
-18651
-17581
-16483
-14870
-12866
-8423
-7296
-6169
-2394
-625
1876
4151
5888
7539
7496
7741
7059
7490
7164
4378
3904
2365
-916
-2331
-3717
-4604
-6460
-7523
-6735
-8625
-9691
-7327
-6942
-6039
-3025
-1045
2113
2387
5541
9715
10360
12707
14347
15451
16553
15654
16652
17253
13995
11843
8738
4252
476
-1289
-4212
-4720
-6357
-11850
-10243
-14838
-18026
-13836
-15314
-11133
-8788
-8505
-7
667
810
10908
10021
10879
17159
17622
18629
20178
18916
18770
15751
11030
11827
6730
-1583
-3844
-7761
-12986
-14991
-17746
-19707
-21706
-24857
-23992
-22255
-22568
-18121
-14189
-12606
-8328
-4196
-238
2600
3775
6428
8282
8448
10572
10783
11561
11335
7904
6763
3296
63
-1623
-4719
-5992
-7518
-9096
-9275
-11282
-12442
-11178
-9182
-9001
-6652
-2113
-70
2753
5937
9684
12777
14370
18845
19113
19190
21026
21096
20483
18753
18401
12106
6309
3943
-3431
-6759
-7860
-7956
-11342
-19393
-13148
-17461
-25312
-16056
-14530
-13153
-11424
-5839
4843
1409
5085
20175
13882
12929
24037
24223
20793
23271
25166
21286
13141
10264
11086
2163
-7009
-6897
-10410
-19300
-19428
-19991
-24565
-28171
-28420
-26425
-26801
-24823
-16063
-11254
-11297
-5641
493
2214
3317
6770
10088
9989
9797
14163
14730
10580
10364
8169
2936
-2093
-3121
-3772
-9178
-11414
-9914
-11505
-13954
-13210
-11403
-12212
-11889
-7793
-4467
-1276
3756
8704
11261
13066
17531
19607
21317
22661
23779
25618
24361
23519
23943
19593
11201
4892
-3324
-9331
-12414
-12298
-12158
-14432
-15645
-19518
-21232
-22528
-22103
-14535
-15599
-9324
3237
871
10461
20125
15095
21433
23751
21976
26548
25276
24932
25253
18327
14206
12951
3027
-3337
-7615
-15900
-20174
-22307
-25240
-25933
-26864
-31988
-30463
-28019
-27843
-20252
-15848
-11165
-5764
-4347
1941
6905
5952
10215
13061
10544
11653
13595
13724
9845
7653
5754
47
-4540
-5173
-7046
-11662
-11743
-12204
-13791
-14166
-13274
-10953
-11119
-9817
-4054
-337
2576
7573
12328
13576
16051
19477
21632
25081
24820
24860
27427
22575
20463
23488
14262
6354
1647
-10628
-13736
-15055
-15801
-10748
-14996
-18010
-18261
-22728
-23384
-16453
-12817
-12126
539
6919
6332
19753
22719
20285
25569
24081
24965
27979
24584
25415
22932
13155
12138
7216
-3657
-7456
-14183
-21186
-23859
-26299
-27582
-25839
-28907
-32465
-25778
-26935
-24198
-13861
-13704
-8093
-3963
-1848
6615
5854
8109
14965
9369
8565
13116
11374
9578
8290
7362
2593
-3542
-3370
-4462
-11131
-11988
-10767
-14221
-13621
-11643
-10497
-10116
-9405
-5301
-2667
246
5594
10923
13508
15338
19204
21836
22935
23643
24523
23731
23669
22790
19439
14195
9074
-872
-12493
-12588
-11814
-17012
-14272
-10607
-16043
-21224
-20923
-15712
-16398
-17460
-5070
4603
727
11863
24977
21507
21313
26097
27024
25236
24035
27155
27837
18685
13880
14079
4433
-4788
-8102
-16065
-22344
-25659
-29341
-29488
-28884
-32158
-31460
-30376
-28954
-24031
-20504
-12517
-6641
-4879
3534
9450
8536
11244
14760
12572
7518
10413
13193
7766
6732
6677
877
-6051
-8846
-8251
-14633
-17823
-14048
-16049
-18131
-13743
-10238
-11853
-10948
-4750
-1141
767
7441
15129
17181
18721
24162
26205
26288
26674
28072
26710
22995
23884
22622
12343
5705
1775
-12875
-20985
-16208
-15981
-20609
-19823
-14153
-18854
-27357
-19606
-11460
-15204
-12825
4610
11686
7358
21103
32550
25778
24816
31418
31038
25335
24567
27067
24028
13348
9387
7984
-3800
-11773
-15247
-22483
-26370
-28913
-31518
-29980
-29471
-32281
-30258
-24459
-25173
-19576
-10672
-5990
-101
2149
10105
14591
8159
12963
15189
6968
7297
11409
9258
4280
3838
1127
-6387
-11927
-10915
-12004
-19427
-17105
-14828
-17769
-15357
-13624
-10088
-8999
-8629
-1582
3119
5287
11608
19510
20067
21112
26535
28155
27214
24627
26372
26733
21797
18675
15328
6974
-8458
-16259
-13740
-19729
-19316
-13876
-16838
-18447
-25542
-23928
-13976
-19342
-14346
2017
265
6301
20506
24046
27126
30705
28845
31534
30640
26735
29766
27394
18937
15211
11435
3762
-2442
-12361
-19677
-21077
-27564
-31555
-26924
-29898
-31989
-27842
-29932
-24868
-20832
-19465
-6754
-5148
-2432
9074
9552
12145
13007
11975
13713
8747
9282
12913
9372
5313
3909
-792
-7076
-9566
-11026
-12471
-16561
-17914
-14895
-17537
-17075
-12526
-11416
-10190
-6979
-1343
2551
5695
11442
16306
17592
20286
24796
25513
24850
25173
25951
22630
19879
17890
11216
3252
-10656
-15848
-12879
-20025
-16948
-10664
-16999
-20590
-23715
-22754
-14092
-16250
-10928
4089
2269
6998
22714
25250
25345
30004
27876
29027
28705
25777
29227
25431
15194
13788
10276
-314
-5196
-12644
-20546
-22590
-28369
-30686
-28186
-31782
-31477
-29830
-29294
-22755
-19740
-14877
-5218
-2602
1663
9811
13951
13375
12705
16585
14297
9879
13020
14744
9765
4495
3270
-2619
-10051
-10484
-11164
-16203
-19476
-18131
-17954
-20217
-18206
-13354
-12948
-11797
-5769
-882
2897
7708
12904
16623
17963
22676
26142
26612
26604
25771
26126
21574
21161
17204
7568
167
-16209
-16543
-13645
-22593
-11607
-11580
-23518
-21622
-28356
-22477
-14204
-19790
-4612
4335
-23
14677
27258
24574
30228
31750
28869
31036
29803
29989
31546
23644
16140
15870
8638
-1380
-6322
-16208
-22685
-23299
-29899
-29074
-26863
-32490
-29204
-28711
-28638
-18787
-18236
-11232
-2576
-2820
5152
10234
13050
13800
13170
15314
12323
10080
13466
13643
7369
3290
568
-6529
-9328
-9740
-11648
-14486
-18279
-16050
-17176
-18766
-14397
-12315
-11211
-8018
-3825
1037
5391
8721
13373
16252
18185
21942
24836
24467
23444
24044
23046
20937
17676
10599
3805
-10276
-18484
-11783
-15951
-15728
-8275
-16632
-24537
-26558
-26377
-16546
-17999
-14869
2609
589
2226
22624
25291
21945
29039
28151
26645
27646
27739
31479
26845
16824
17652
13613
2117
-2851
-8968
-19240
-21468
-24315
-28503
-27104
-29352
-31138
-30210
-30525
-24505
-19799
-16001
-6003
-2905
66
9180
12715
10896
13021
15278
11535
10453
15010
15787
11233
7115
4803
-3521
-8746
-5906
-8412
-12112
-13337
-14420
-15963
-17921
-14425
-11760
-12506
-9156
-4776
-1640
2964
7345
11425
14454
15581
19519
23322
22382
22237
24561
22220
20901
20075
12518
5220
-9303
-15189
-12001
-18168
-11855
-6398
-15167
-20550
-27654
-23491
-18577
-20669
-10831
-1550
-2276
3100
16974
23992
21756
25140
29040
25703
24899
28143
30773
26051
18591
16477
14787
3194
-3270
-8977
-17643
-21542
-25736
-26930
-25902
-31194
-30541
-30008
-32223
-23815
-21383
-15459
-6012
-5401
1987
7362
11089
14365
11679
14893
14062
10233
14829
16198
12299
7754
5075
-2783
-7668
-7015
-8984
-10867
-14457
-15532
-15795
-18247
-14777
-12093
-12808
-9536
-5937
-1922
2763
6802
10647
14199
15542
18771
22253
23909
22780
23369
23400
21570
22256
16591
7310
-6079
-13682
-12471
-18870
-12582
-4617
-13979
-18301
-27078
-26662
-17695
-24170
-14925
-1084
-7089
224
14178
19822
21958
22637
25692
27184
22911
25702
32611
26692
17611
18349
15499
5540
-225
-7643
-14583
-18755
-25278
-24891
-23260
-30065
-29375
-30281
-31450
-23835
-21777
-15785
-6659
-5858
-675
7258
11383
12127
12533
14611
12538
10525
14900
17664
12461
8577
7248
-2153
-7399
-5365
-7040
-10574
-12964
-13167
-14268
-15689
-13493
-10593
-11981
-10358
-4745
-2185
2164
6000
9138
13382
12232
16074
21260
19706
20202
21471
21754
20514
20380
18222
9216
-6170
-14025
-9683
-17132
-15855
-1385
-9468
-19528
-24205
-24510
-18296
-22651
-16861
-1361
-6248
-4708
12921
20758
16793
20774
26514
23581
21712
26359
31635
27043
17660
17573
17171
7242
-76
-3918
-13965
-19551
-22305
-25895
-22967
-28037
-31701
-29390
-32279
-26685
-20528
-18004
-9303
-6662
-2602
5496
8508
12283
12061
12226
12338
10763
14388
17108
14284
9203
6595
-366
-6424
-4151
-6411
-9456
-10624
-13123
-13792
-14427
-11309
-10653
-12302
-8464
-4435
-2686
2722
7415
9207
11577
14163
16859
18510
18848
20110
19100
21194
20936
18719
19789
10471
-6542
-13737
-10054
-15567
-15888
-4464
-4725
-17170
-27743
-21367
-13165
-25378
-16740
969
-6525
-6791
11619
22414
17672
17224
26874
26097
18562
24155
32626
27091
16191
17610
17535
8776
1361
-3297
-12218
-18751
-23489
-25146
-23343
-28034
-31135
-30688
-31931
-27346
-23493
-18805
-9245
-8323
-4398
5917
9076
10780
13142
14125
11663
10147
15671
17807
13037
11448
8845
-525
-5880
-2669
-4573
-9722
-10807
-11376
-14898
-16427
-12547
-10730
-13645
-10666
-4080
-2968
722
6994
9936
11317
12245
16958
19248
16299
17987
20341
21213
20295
21427
21976
12589
-3941
-14598
-9268
-14605
-18498
-2238
-2771
-17888
-22083
-22010
-16219
-20188
-20020
-3400
-5594
-11142
10883
19820
14507
21506
23780
21086
22474
23148
28372
29230
19502
16384
17402
13176
4140
-1150
-10573
-18178
-20351
-24719
-22924
-23447
-31935
-28406
-29952
-31087
-21125
-20531
-13930
-7918
-7130
2333
6896
9439
11758
10841
10876
10650
13110
15623
15028
12673
7463
2094
-2998
-2993
-3237
-6918
-9226
-10740
-12857
-13176
-11300
-10509
-11292
-9396
-5412
-3203
175
6865
9336
9315
13551
15782
17153
17896
16670
17553
19031
20101
20238
19343
16796
1620
-13471
-10110
-10823
-17735
-6375
-1082
-10011
-19831
-22860
-11544
-15776
-24074
-5099
-2731
-12928
5865
16809
15732
19225
19033
20001
20911
18121
23344
28230
19909
13324
15514
13280
6931
-66
-8414
-13475
-17936
-23261
-21937
-20878
-29040
-29927
-28061
-29555
-24224
-20541
-15863
-10088
-11207
-3234
7624
6600
9187
12788
10381
7668
10915
15790
13432
11176
9598
3174
-2953
-3802
-1395
-5930
-10477
-9462
-11465
-12982
-11438
-9229
-9761
-10548
-6003
-2454
-517
5507
9477
10593
11209
13848
18417
17243
15359
18119
17238
17883
19193
17389
17436
8416
-11864
-13041
-7310
-17722
-11552
-341
-6162
-13557
-24050
-14618
-5963
-24853
-13512
3871
-9798
-3338
17399
19089
17831
18266
20374
22753
19232
20411
29642
24410
13136
13252
14966
9385
1880
-5924
-12371
-16040
-22984
-25090
-20043
-26763
-32689
-28863
-28836
-26520
-22844
-16933
-10105
-12694
-7905
6218
8850
7009
13071
15300
8029
8614
17056
15910
10240
9452
6926
-1988
-6274
-1580
-3244
-11711
-11997
-10220
-13661
-14228
-10080
-8841
-11853
-9374
-3004
-827
1686
7098
10976
10343
11108
16359
19177
15800
15233
18668
19139
19068
18613
17173
15434
-2358
-16074
-7238
-10054
-15992
-4802
-2133
-6169
-19853
-22384
-4550
-15833
-24908
-3341
-1881
-8094
6486
18239
19908
15029
16791
22914
22333
18188
25493
29558
18995
12033
15189
14854
7309
-2736
-9509
-12625
-18128
-24427
-21698
-22378
-30914
-31426
-30861
-25929
-23776
-23107
-11944
-12005
-12936
-350
7595
9506
8026
12427
14327
5840
11155
17612
12853
8367
7328
4735
-4340
-5919
-59
-6811
-13795
-11494
-9782
-12336
-12496
-9331
-9172
-11490
-8248
-992
1274
3591
8085
11076
9896
10959
17724
17999
14655
15482
19118
20465
16739
17347
18252
8534
-9429
-12677
-4045
-12285
-13774
-156
-274
-12515
-21991
-12284
-6138
-22260
-17306
1263
-2801
-5313
11579
21440
15240
13070
18823
21970
18974
18482
26483
25481
13638
10906
16104
11748
518
-5512
-9370
-13267
-18918
-22192
-19725
-24890
-31356
-29484
-26009
-23847
-22302
-16525
-11131
-13097
-8705
3155
7379
5321
7737
12679
8282
4325
12798
14546
6718
6388
7424
-203
-5545
-1125
-1278
-10215
-12175
-7891
-8927
-11959
-9682
-7080
-10036
-10088
-3542
893
982
4766
9570
9200
8858
13497
17309
14335
12056
16297
18742
16063
14441
16683
13629
-4147
-12598
-4864
-8099
-14389
-5333
3570
-5380
-22210
-14604
-3009
-17797
-20008
12
1741
-6963
5299
21489
17474
11751
18562
22737
18212
17013
24200
25597
15910
10112
14607
13978
4122
-3255
-7382
-9753
-16022
-22068
-18752
-20945
-29055
-28905
-24544
-22895
-23405
-18176
-11922
-14556
-12143
-475
6606
4775
5138
12127
8789
2812
10702
13910
7289
6605
8670
3134
-3140
-781
588
-6808
-10975
-7174
-7193
-10969
-10365
-7343
-7959
-10464
-5249
599
-668
1445
7042
9055
7515
10310
16909
12908
10364
15267
18090
17668
15979
18024
13600
-1886
-11229
-7503
-8723
-14159
-3996
4444
-6328
-16462
-15347
-8983
-15124
-20634
-3555
1672
-8117
5210
18563
13291
13335
19081
19105
18258
19007
22948
24413
16906
12017
14805
14127
6591
113
-5104
-9294
-13028
-18325
-17943
-19958
-27230
-26595
-25541
-23782
-20362
-18895
-14386
-14775
-12843
-3113
3481
6337
6507
8274
8493
3915
7901
12281
8372
7185
7612
3399
-1465
-1232
-453
-5236
-8817
-7602
-7293
-9720
-9675
-7882
-9251
-9353
-5358
-1506
-682
1414
4864
6543
6334
10347
14413
12751
11750
13785
17171
17666
16686
17887
13854
1871
-8503
-10441
-6177
-13463
-7413
4154
-3908
-13196
-13891
-12078
-10767
-20378
-10020
3533
-5644
-407
18025
14663
10149
17846
19177
17382
18320
20781
22880
19335
11887
13293
15450
7894
514
-3246
-8955
-11381
-16537
-18342
-16417
-26502
-29268
-23629
-24731
-21670
-17308
-14849
-12788
-13757
-5468
4100
5396
6466
9014
8177
4521
6808
12549
9567
6378
7636
4349
-1526
-2641
-559
-4586
-9587
-8747
-7724
-9445
-9367
-7521
-8569
-9396
-6460
-1817
44
1672
5730
6597
7372
10851
13947
15427
12560
12907
15924
16249
17504
18146
15436
7893
-5563
-13290
-8094
-10967
-11826
-873
436
-10232
-16380
-14855
-8605
-16815
-16704
-121
-1196
-4873
11183
17651
13161
14034
18862
20503
19569
20212
23043
21547
14310
11306
14787
13319
4198
-1448
-7541
-11940
-15579
-20242
-17885
-22913
-31041
-29221
-26391
-21315
-21472
-17061
-11436
-15711
-10610
-503
6963
7464
6189
11523
8042
3914
11422
14745
8897
5531
7371
1817
-3617
-1469
-1873
-7437
-11375
-8757
-8215
-10378
-8677
-8663
-9751
-9193
-4736
17
1234
4245
4930
7390
10348
11470
16181
14103
11880
14603
15893
19470
19424
17160
14236
-54
-11349
-10183
-8549
-12286
-4378
2757
-5060
-13081
-15313
-12228
-12708
-20173
-7259
706
-7122
4735
15974
11473
12870
17829
17282
20377
21499
22122
22443
18496
13497
14084
14720
9905
1618
-4060
-9646
-12175
-17989
-19602
-18675
-28982
-31660
-25834
-23753
-21956
-18655
-14889
-15147
-14954
-5742
4856
6504
6199
10225
8619
5108
9223
13842
11418
7115
7778
4511
-1163
-1139
-919
-4655
-8334
-8288
-6891
-8763
-8660
-8284
-10580
-10034
-7098
-2735
43
1667
4301
5236
7258
9564
11616
13034
11623
13425
14475
17006
20311
16601
15755
9687
-3758
-8539
-9363
-8790
-9662
-2914
1442
-7623
-12423
-13969
-12892
-14915
-17354
-3363
-883
-4980
9687
13437
10872
14753
17493
18527
19656
19905
21649
20670
16597
13382
14776
11624
5022
-41
-7332
-10782
-12181
-19410
-19355
-21705
-29277
-29244
-25853
-22093
-21751
-17936
-13115
-14076
-10635
-1768
6634
5636
6062
11795
8896
6114
11080
13608
8733
5616
7562
3083
-1946
-1211
-1865
-7112
-9383
-8134
-8440
-9140
-8554
-9138
-9927
-9620
-7021
-3243
-463
1993
5196
7664
8339
9284
12228
12911
11989
15382
17941
17901
18245
16848
15241
10731
-460
-6152
-8373
-10288
-11449
-5308
-756
-6832
-13601
-14766
-15158
-17934
-17720
-6495
-1860
-3033
7146
12690
13179
14724
17736
19781
20502
21399
23472
22036
19646
14145
13960
13494
6022
437
-5738
-11683
-13703
-20865
-21009
-20150
-29733
-29937
-25601
-25642
-23431
-18094
-13922
-13698
-10912
-1947
4577
5583
7722
12464
10273
7075
11112
12815
9681
8051
8438
4676
-16
-677
-1336
-5440
-8985
-8236
-7367
-9979
-9082
-8345
-9779
-10356
-9052
-3923
-1332
-282
5036
6457
5709
7976
10186
11542
13021
16015
17378
16175
17141
15630
13714
14869
8600
-1404
-7357
-7421
-9249
-9460
-1561
792
-11149
-16218
-14792
-15528
-20135
-12977
-1832
-2166
-1007
9769
12191
10992
13317
17662
19521
19662
21248
20825
19869
15776
12445
14201
10650
2035
-3072
-10360
-12164
-16906
-21419
-16631
-22649
-29976
-25412
-24745
-24209
-20874
-16082
-12610
-13051
-7272
1084
5015
5587
8790
10280
5825
6509
11136
10818
9823
9332
7436
3486
533
549
-1959
-6618
-7434
-6582
-8154
-8055
-6370
-8097
-10911
-10781
-6837
-3960
-2206
2543
6062
3864
5009
9279
10592
11694
14772
16573
15927
13769
15070
16919
15516
14793
10715
-1003
-9288
-7607
-8897
-7058
-384
532
-7577
-14803
-16093
-13807
-17875
-12278
-3487
-2169
21
7753
11808
11557
12208
15933
17686
17849
19174
19465
18882
15045
11301
12680
9375
772
-3740
-10889
-12115
-15167
-19658
-15371
-22115
-28557
-25983
-25527
-21942
-20408
-15490
-11578
-13379
-7227
20
4578
5160
6100
9502
5630
4616
11362
12976
9791
9173
9540
6020
2167
3123
1317
-4902
-8308
-7139
-7776
-8662
-7122
-7689
-9883
-13093
-10933
-6983
-5483
-2286
1413
3572
4841
7039
11003
11782
13284
17207
17689
16667
19310
19585
16403
19574
16352
2885
-4142
-3966
-8598
-10436
-2616
1326
-7390
-16097
-17029
-15697
-22702
-18103
-4420
-6296
-5828
6451
8880
10094
13563
16392
18836
18928
19908
22333
21894
18969
15537
13303
11894
6229
-1928
-8585
-10934
-14565
-20226
-18596
-18375
-28534
-29234
-25419
-25520
-24241
-19753
-14569
-14951
-12348
-1102
2599
1886
5858
7867
6402
6039
12164
14564
11122
12393
13139
7529
5086
5946
2305
-4923
-6771
-5781
-8187
-9927
-7474
-8375
-14304
-15742
-13667
-11842
-11011
-6035
545
1916
3164
7847
11832
11075
11303
19166
20867
19868
22207
22673
22126
19482
22360
17970
3744
-3465
-6886
-10852
-11374
-2809
25
-11597
-16475
-20234
-23991
-22363
-17463
-8763
-6114
-3174
5568
7116
10871
15880
16196
18390
21667
22463
22572
24070
21346
13849
13918
13104
4259
-1799
-7800
-11568
-13995
-19384
-18178
-22162
-31300
-29400
-28196
-27041
-22902
-19846
-17404
-16685
-11235
-4304
454
3698
4470
6185
7559
8527
13098
16102
16809
15289
12677
10002
5635
1956
175
-3898
-7936
-8268
-8586
-10231
-11115
-12773
-15532
-18762
-18894
-13898
-9954
-5746
668
4723
6509
8795
11946
13836
17063
22364
23652
24746
25047
23590
23164
20687
22758
18094
2658
-3789
-7952
-12728
-12724
-6302
-1764
-12085
-20202
-21571
-22535
-23678
-19865
-7062
-2364
-5196
5338
11648
10978
13940
19119
21073
22640
23537
25003
24737
21153
14796
13930
13999
3812
-3588
-5976
-11464
-15846
-19290
-19280
-21278
-31364
-29563
-25089
-28323
-24821
-18951
-20272
-18120
-12081
-3522
1448
1309
5597
8735
6683
9777
16475
17728
15713
16322
15208
8462
5650
4479
554
-5583
-8326
-8734
-12564
-16601
-14770
-15175
-19951
-20501
-17482
-15809
-11572
-5507
1425
4669
5092
11344
14892
14077
19542
24792
27080
26126
27540
27097
21922
20461
19799
18453
10871
-517
-5996
-12711
-16488
-13578
-10417
-7114
-16177
-22122
-22261
-23413
-21084
-14469
-6150
-383
-687
6730
13850
15959
17841
23053
24349
23139
24713
25753
24221
20608
14376
12211
9405
-71
-4082
-8181
-13647
-17177
-22307
-24310
-25569
-31887
-30171
-26520
-27400
-23933
-19837
-18153
-14869
-10082
-1493
3616
4576
9470
11427
11047
12979
16653
17832
15074
14455
12198
6839
3699
684
-2833
-8744
-13285
-14244
-17307
-19004
-18655
-18979
-20204
-19839
-17399
-13139
-7894
-2783
3958
9109
10763
16132
19048
20306
23952
25996
29029
28739
26779
25962
21460
18230
15618
14108
8783
-1442
-6808
-15215
-17347
-15930
-16164
-8450
-14284
-23310
-19135
-22988
-19989
-11593
-6615
2347
3817
6768
15179
18050
18659
22918
25067
24500
25247
26061
23230
20776
13383
8990
8239
487
-4520
-7814
-15499
-18471
-23620
-26872
-26122
-31308
-31752
-28285
-26421
-23878
-20087
-14819
-12467
-9186
-1376
4235
8507
10650
12959
14807
12858
14716
17003
13314
11151
9647
4576
442
-3275
-6047
-10911
-16309
-16831
-17826
-20258
-18140
-17282
-18263
-16136
-13522
-9719
-4564
-548
5596
11614
13812
18649
21535
21990
22859
23803
25808
25335
23325
21760
17123
14551
10832
10168
9544
-208
-5363
-12954
-17868
-16881
-18187
-12512
-8497
-17963
-17488
-15283
-14369
-10734
-5907
1393
6085
5926
13253
20872
19451
20107
25336
24152
22357
24282
23045
20286
12988
6948
7461
2513
-4823
-6794
-13533
-18663
-21611
-26805
-26275
-28998
-32465
-28951
-25478
-22807
-19566
-15167
-11448
-10350
-4329
3653
8499
10385
12049
14411
12938
11041
14851
13719
7547
5977
4129
-1477
-5339
-6332
-8303
-15114
-18535
-16303
-18496
-18902
-14181
-13445
-13348
-11832
-8607
-3980
-1057
4274
11314
14280
16825
20783
21417
19545
19481
21917
23020
22246
19901
18375
13279
9743
10488
10596
8656
560
-8875
-15382
-18788
-17591
-15020
-8950
-6597
-14877
-15564
-13498
-12256
-8446
-3891
3413
7457
7312
14402
20745
19292
19180
23798
23705
21843
21883
20628
16894
9803
4832
4905
1769
-5693
-9544
-14554
-19460
-22411
-26499
-24768
-25994
-30897
-25889
-23279
-21578
-18200
-14770
-9503
-9185
-3899
5129
5786
8505
9943
10595
11622
8701
11102
11469
4548
2704
1265
-2538
-5088
-6652
-8009
-13300
-16731
-14770
-14777
-14951
-10764
-9573
-10194
-9892
-7381
-2179
572
5147
10811
13498
15172
16740
18199
17645
17191
19353
20370
20134
17758
17471
15407
10329
11027
11662
7636
192
-4668
-11531
-15583
-12937
-11992
-9165
-6635
-13027
-12349
-12954
-12646
-6085
-4279
-422
7437
7837
11504
19254
19425
17503
21575
22315
20891
21395
19306
16509
11123
5401
5739
3031
-4796
-8684
-13585
-19101
-20603
-22971
-23680
-23974
-27424
-26911
-22991
-21921
-21586
-14343
-11902
-11000
-3963
-154
3943
4635
4469
9850
7772
7047
11010
9376
5209
3942
3595
-208
-2453
-3217
-6333
-10308
-11946
-10610
-11618
-12117
-9908
-9629
-11017
-10350
-6796
-4305
-1758
3130
6746
9052
10014
12892
15334
13482
15800
19351
19289
19962
20500
18380
16309
12606
12899
11381
10004
9323
328
-4971
-10402
-16229
-11711
-12009
-10658
-6566
-13045
-12643
-12545
-13074
-5827
-3710
-718
7837
8976
10731
17634
19787
18382
21577
23454
22092
21325
18153
15377
12292
5493
4536
2682
-6270
-9873
-13968
-17395
-18975
-23609
-24277
-26255
-29761
-25872
-23231
-21112
-20239
-16448
-11929
-12188
-5020
1350
1754
4932
5427
8161
9904
6636
9446
10019
5402
5670
5591
1855
-1387
-3863
-6091
-9058
-11146
-9708
-10569
-13891
-12109
-11752
-12858
-10502
-7914
-4366
-2327
590
6039
8840
10719
13309
15866
16049
17200
21313
22860
23534
22937
19298
16189
13043
12138
11047
9065
10263
2004
-6948
-10095
-16666
-16550
-14592
-12516
-6951
-10408
-11738
-9291
-11615
-6898
-2595
368
7938
11952
13311
18156
20658
18576
19276
21717
21202
19852
18452
14966
10196
3793
-363
-2047
-6698
-12043
-14543
-17302
-20293
-24495
-26173
-26556
-28537
-26881
-21855
-19325
-18688
-15164
-11050
-10786
-5618
1408
3632
6396
8596
9068
8748
7293
8430
8300
5302
5474
4358
-276
-2357
-4182
-8117
-10043
-11079
-11893
-12449
-13489
-13155
-11856
-12017
-10346
-7198
-4225
-651
3838
7247
10211
12437
13989
16273
17624
18625
21028
21668
20709
20363
18717
14755
11452
9259
6925
5800
4070
4164
-749
-7586
-10114
-14788
-14853
-10729
-8744
-3692
-3170
-6529
-5305
-5874
-2361
2963
4260
10029
14533
12733
15367
19104
15763
14737
18239
16513
13564
13242
9630
4069
-215
-2682
-3725
-6518
-12163
-14488
-17473
-21080
-20801
-22377
-23821
-21879
-21707
-19485
-15142
-13904
-13029
-10680
-8969
-5999
-449
3359
5916
6634
5486
6384
5837
3870
5592
4680
1113
441
-1060
-4266
-6500
-7284
-8857
-11172
-11007
-9298
-9941
-11616
-10285
-9044
-8021
-5546
-859
3277
4727
7452
11473
12269
13397
15026
17145
17189
17337
19365
18509
15967
14497
13038
10463
7154
6327
5096
2785
1788
2334
1773
-4025
-6787
-8522
-10343
-7635
-3476
-1413
1407
-1005
-2091
-2262
-1369
2821
5155
4983
9751
10436
8012
11590
14568
10658
10525
11799
9803
7331
6239
4524
-91
-3643
-3300
-5649
-9584
-12060
-14784
-16970
-17964
-17656
-18480
-19871
-19395
-18712
-16979
-12668
-10100
-10150
-9802
-7686
-5420
-1919
2330
4437
5159
4122
3096
2129
470
1166
1228
-1157
-1580
-2542
-4666
-6154
-7718
-8642
-8422
-8423
-7030
-6584
-7198
-5635
-4464
-2944
7
3942
6892
8422
10738
12624
13102
14272
14675
15462
15589
15072
15414
13816
11090
8835
7017
6021
4644
3777
4622
3293
1878
3003
4442
1700
-529
-1676
-5426
-5242
-1626
1190
3785
3109
2198
1685
-2356
894
4912
2367
3495
7281
6055
6140
8703
8497
5522
4510
5597
5527
3276
2470
1005
-4459
-5936
-5506
-7275
-8092
-10632
-13853
-14764
-15381
-14367
-15462
-15981
-13956
-14500
-13342
-10316
-10512
-11676
-10790
-6517
-4844
-2758
1402
650
-1739
-1785
-973
-150
-268
1019
884
-1404
-1386
-156
-1261
-2676
-3243
-4186
-4438
-3897
-1533
-514
-882
-891
-642
593
1841
4357
7333
7933
9312
10544
10656
10741
10105
10436
10659
9478
10207
10033
8092
7075
7333
7117
6457
6673
6898
5250
5759
7168
8407
7385
4437
2978
-2178
-3698
24
1627
2093
1796
288
-2128
-4705
-1053
697
-410
-839
-53
-73
-40
3546
5367
3559
3920
4288
3624
3434
2139
904
-1966
-3224
-2101
-3390
-4415
-6252
-11144
-12706
-14332
-15072
-14508
-16615
-15970
-14856
-15416
-13373
-13431
-14739
-14906
-13540
-9842
-5804
-2587
-385
-640
-1740
-1521
171
2478
4124
4234
4353
3205
2788
4319
3405
1766
705
-652
-899
-625
378
593
-1614
-2497
-2261
-1598
466
2417
3887
4291
4728
5968
6262
7107
8302
9429
10628
11131
11810
11852
11304
10987
10732
11551
11641
10978
10769
8884
9424
9854
9556
11443
6559
1167
-1476
-6343
-4632
-1449
-1267
866
-4547
-8058
-6580
-9102
-6907
-2682
-4949
-4094
-2370
-1623
1451
3392
2950
3877
3832
4311
5986
5155
3618
1020
-2536
-1314
-1633
-4348
-5330
-8612
-12425
-14712
-15708
-14784
-17467
-19392
-16608
-16848
-17227
-13280
-13947
-15428
-14259
-10786
-4890
-2706
325
4641
1623
1958
5529
5762
8369
8095
7560
8237
4934
5812
6846
2713
517
-100
-1187
-2387
-2972
-2672
-5033
-7475
-6195
-4787
-3566
-790
1775
3097
3648
5529
8253
8818
10003
12632
14248
15739
16356
17165
16221
13711
13903
13938
13466
13415
11348
8225
6146
5792
6114
5512
6550
2113
-3581
-5232
-9604
-7695
-3623
-5302
-2987
-5793
-9801
-6437
-9350
-7610
-2840
-6551
-3536
753
-1720
1686
4389
1289
1836
3620
4074
4925
4149
2096
-72
-3921
-4224
-2510
-6031
-8332
-8849
-12550
-14331
-15094
-15265
-16074
-19152
-17317
-15075
-15747
-12707
-10372
-10961
-10182
-7914
-3489
-414
852
5271
6051
4835
7517
7656
8687
9612
6841
7742
6370
3277
4112
1177
-1890
-3164
-4172
-3291
-4254
-4287
-3840
-6790
-6852
-4313
-2220
1227
4774
7102
8988
10213
12072
13512
13620
14879
17104
18101
18559
18702
17097
13777
11343
10879
10065
9935
9202
6055
2840
1271
580
1027
2160
3039
62
-4574
-6887
-9389
-8675
-4362
-2394
-1939
-2586
-5781
-8302
-10257
-7474
-5090
-6426
-3465
-1516
-3927
-2545
-219
-784
-1854
-530
1638
525
-38
680
-1184
-4541
-5690
-3353
-4716
-7311
-6015
-8296
-10797
-12169
-13684
-12960
-15632
-14588
-10855
-11713
-10389
-9026
-8989
-8520
-7319
-3322
102
1798
3110
4824
4929
4074
5807
6990
6157
5504
5139
5258
3636
2809
3114
721
-1637
-1370
-917
-1232
-748
927
-65
-1109
1074
2694
4047
7368
9961
11023
12243
13003
13377
13290
12817
13702
14649
14131
13886
12168
9271
6550
5184
5058
5151
5083
4573
2342
-25
-954
-627
-32
2493
3022
-808
-2794
-5700
-7929
-5972
-3513
-3271
-2547
-5599
-7484
-9984
-11087
-9217
-8610
-9416
-5780
-5488
-5888
-3645
-3643
-4887
-3183
-2054
-846
1018
1345
1067
-257
-1608
-1415
-741
-1796
-3248
-4522
-6953
-8824
-9047
-9902
-10571
-12017
-13056
-11468
-10978
-10398
-8567
-8043
-7582
-5806
-2136
5
1644
5133
4941
5289
7551
7925
10212
9537
8765
9959
7071
7034
7970
4916
4164
2917
1446
1387
1120
2039
1310
459
999
901
1548
3598
5068
6762
7993
9300
10285
10283
9900
9676
9558
9946
10248
9637
8693
6452
5312
4986
3707
3575
4257
2744
1445
489
-691
-1378
23
359
1292
1946
-2317
-5471
-7554
-11668
-9655
-7312
-7580
-5051
-9705
-12738
-11684
-15553
-13542
-9084
-11039
-8154
-6252
-7373
-3767
-2368
-2951
24
982
1571
4227
4725
3750
2585
324
649
440
-1534
-1708
-3769
-6854
-7705
-9448
-10162
-11310
-12625
-11113
-10966
-9045
-6467
-6301
-5407
-4423
-2785
908
3759
6598
8784
9197
9398
9994
11311
12909
12610
11720
11445
9730
7881
7075
6197
4126
2475
2290
1654
270
1001
1139
-536
-443
662
1157
1862
3915
5314
5779
7288
8183
8219
8724
8940
8946
8660
7782
7241
5961
4797
2813
2339
2010
808
-161
44
-1308
-2705
-3609
-4156
-4317
-4149
-2216
-1694
-1697
-3731
-7631
-9073
-10699
-11663
-6369
-6127
-6274
-6064
-11553
-11940
-12010
-14236
-8203
-7475
-8794
-3954
-4926
-5186
-1837
-3018
-1781
453
427
2468
4454
2738
1818
778
-1011
-572
-401
-736
-206
-2238
-3296
-4105
-6184
-6526
-6568
-5673
-3659
-2223
-339
-179
-1080
-134
741
3094
5836
7738
9601
9408
8130
9514
10102
9446
11757
10245
7963
8599
6093
5740
5112
3240
4303
2070
1698
2645
1036
857
-485
-783
-505
141
2516
3235
3184
3699
2954
2245
2781
3901
4641
5130
4608
3897
2456
158
-536
-1622
-1169
-859
-1087
-1585
-3036
-5071
-4996
-4811
-3847
-1847
-2922
-3421
-2225
-4280
-1800
125
-2879
-3008
-6650
-8650
-7523
-5814
-4727
-4386
-7520
-10753
-11325
-11006
-10578
-5643
-8179
-7361
-4319
-6522
-2339
703
-1517
1636
2100
3439
5979
6104
6303
5006
3147
3738
4888
4666
4146
4270
2191
415
-154
-644
-1114
-2346
-1628
-864
-1606
-420
-147
-1262
-1521
-179
2136
2985
3921
6069
4587
4528
6623
7203
8831
9376
8353
8646
7339
6188
7428
5635
3654
3471
1979
1328
1674
479
-804
-3168
-4610
-4158
-4509
-4094
-3033
-3473
-3573
-2869
-2308
-1897
-2106
-1637
-1282
-446
1169
2063
1950
633
211
74
-332
919
1360
512
-341
-1919
-2014
-2648
-2044
-1454
-2927
-3422
-3535
-4584
-2968
-2462
-4905
-5598
-7848
-10284
-9500
-6078
-6298
-5977
-4928
-8555
-8706
-6536
-6932
-3321
-3472
-3115
1037
-1336
1508
6435
3327
4673
8112
8180
9182
11215
11199
9009
7045
7804
8268
6890
6262
6505
2905
682
503
-388
-2068
-3559
-3315
-3469
-4245
-2736
-2610
-3462
-3833
-3273
-494
1714
3513
6493
5683
4027
5783
5916
7016
9207
8808
9048
7577
5572
6176
3523
1194
864
-1541
-3318
-3191
-3973
-5179
-6773
-8385
-8426
-8555
-8570
-6564
-5900
-5378
-4171
-3079
-1861
-1711
-996
193
434
1352
2400
2661
1390
130
-693
-2274
-2277
-1582
-1736
-2529
-3203
-4828
-5109
-5661
-4458
-3326
-2398
-2717
-2882
-3009
-2124
-1607
1408
3027
2879
1370
-657
-1850
-1719
1923
548
2427
2916
-3141
-1898
261
-2206
1822
-382
1496
2529
-859
4284
6874
2415
5377
7785
6056
6225
9100
9199
6854
5136
6534
6457
3774
4003
5091
1446
-745
45
-1158
-4211
-4849
-3596
-4039
-4929
-2989
-3126
-4635
-4895
-2998
-172
821
1889
3826
2543
1242
2991
4064
4598
4512
3829
3617
2148
548
2092
549
-2556
-2570
-4147
-5771
-6122
-5645
-5242
-7406
-8560
-7502
-7829
-8143
-5763
-4499
-4850
-4158
-2480
-2572
-3430
-2418
-1377
-1547
-626
908
1176
-10
-745
-483
-1083
-849
290
358
-63
-123
81
624
748
1281
2682
2190
2138
3407
3457
3323
5045
5594
5875
6562
6622
4709
3321
943
469
2736
1353
2170
2552
-2751
-3177
-2974
-3975
-859
-2785
-1767
-868
-4434
-584
2992
252
2544
4342
3358
3824
6188
7499
6767
5149
6033
6640
4699
5304
6451
3318
1647
1574
100
-1578
-2599
-2379
-3012
-4988
-3855
-3937
-6188
-6965
-6876
-6178
-5577
-4374
-1518
-2497
-3608
-2217
-2323
-1878
124
1331
1467
1144
1083
2158
811
91
884
-698
-1858
-1471
-1629
-2487
-4185
-4482
-5497
-6968
-5663
-4558
-4317
-3790
-3491
-4053
-4520
-3546
-2174
-1114
214
1627
2059
1426
1259
1500
1480
1992
3477
4182
3669
3453
3254
2207
2102
2489
3099
2735
2748
3613
2774
2891
3249
2401
2802
3271
3804
3918
3899
4384
3078
2846
3307
3441
3096
1467
1284
-473
-2322
-1448
-617
-531
-2477
-1448
-3347
-5986
-2699
-2155
-1698
868
-1095
1292
-58
-618
4147
3288
1992
6036
5374
3215
4588
4333
1907
796
191
768
-613
-1959
-1520
-4095
-7056
-6626
-6569
-7799
-7778
-6624
-6673
-6814
-5601
-4163
-4635
-4140
-2314
-740
327
1659
3012
2329
1135
3047
3689
3748
4939
4785
3183
1897
1571
848
-4
-536
-693
-2090
-2680
-2299
-3345
-4303
-4518
-5025
-5100
-4398
-2970
-2159
-1427
-276
-540
-264
890
1714
2320
3405
4944
4854
5535
5411
4785
4715
4234
4104
4033
3912
3316
1925
1359
529
297
87
75
-46
-930
-916
-1255
-1200
-285
341
709
486
990
1341
-60
1360
1308
1578
2523
3005
2393
322
-659
-2292
-3984
-1030
-932
-2282
-1220
-5823
-5934
-7140
-7541
-3214
-4522
-5680
-626
-4720
-3938
479
-753
-1294
2231
2540
3199
5227
6568
6318
4981
4167
5631
4655
3842
4882
2372
-226
-190
-1478
-2522
-3736
-3801
-4056
-6140
-5566
-4191
-5403
-5644
-5193
-3682
-2571
-1023
2389
2607
1587
3253
3041
2708
4282
5217
5462
5166
4431
4559
3608
1226
938
-394
-1792
-1261
-1425
-765
-1573
-2852
-3073
-4574
-4018
-2592
-1417
255
506
1219
1757
1472
2124
2466
2775
3168
3709
3617
3392
2904
1895
1181
710
-375
-1221
-1854
-2851
-3789
-4392
-4649
-4454
-5175
-5088
-5031
-5233
-4414
-3911
-3072
-2483
-1917
-1087
-611
766
1034
1239
1652
1010
1576
2000
2153
2656
2268
2065
953
781
765
-259
520
300
-3
359
-1093
-1017
-1695
-2190
-764
-496
-264
983
1693
75
194
1490
214
911
3508
3714
3819
3492
3843
2498
530
2907
3377
1039
2216
3250
378
-515
1199
505
-1339
-604
178
-920
-1548
39
617
-664
-488
1437
709
-293
1774
2624
1496
1175
2562
1802
534
2051
2473
1181
467
843
-79
-1954
-1311
-1211
-2862
-3088
-2403
-3170
-4413
-4159
-4119
-4607
-3967
-2800
-2070
-2335
-2005
-497
-1040
-568
1136
346
800
1517
1739
2435
1499
1469
613
-1582
-1082
-1166
-1534
-1466
-1980
-2867
-4400
-4572
-4238
-4283
-3593
-3309
-3133
-3099
-2427
-1603
-631
-41
253
850
851
1463
2539
2917
3452
3367
3434
3051
3027
3593
3187
2957
3053
2512
2353
2268
2287
1469
1841
1234
598
1035
281
387
734
328
224
375
77
782
-46
412
2022
1380
187
3173
1582
-106
2251
1915
673
1540
1229
1987
-342
-389
2164
-417
-1546
2030
936
-1890
213
1074
-1561
-1558
19
64
-1554
-935
918
-1426
-3165
-1080
-2029
-3921
-2901
-1385
-2430
-3556
-2137
-1800
-4115
-3085
-1015
-1993
-2271
-178
420
-416
-128
1174
903
-504
714
1673
272
545
1151
-17
-665
-740
-618
-1103
-2116
-1393
-1399
-2483
-1453
-862
-1199
-969
-273
111
263
913
1611
1704
1818
2278
2420
2085
2468
2129
1539
1630
845
564
-5
-721
-949
-1579
-1429
-1841
-1887
-1201
-1606
-1064
-646
-662
10
467
671
1108
1800
1915
2094
2628
2713
2646
2811
2935
2306
1514
2121
1457
661
1182
968
148
195
391
-90
-748
-456
-643
-713
-325
-171
392
-408
-428
-143
-723
-760
-312
-359
-573
-906
158
-1215
-1836
-459
-2013
-1682
-797
-1658
-92
-1057
-1217
944
-1318
-428
2510
24
624
3148
1389
1457
3073
2390
1923
1821
2175
2473
1065
1289
1811
-487
-693
423
-870
-1191
-1073
-1599
-1937
-2634
-1889
-1739
-2548
-1855
-1659
-2011
-1374
-1055
-480
-522
-874
362
-24
-383
1224
486
-92
329
-103
539
459
226
920
-247
-982
-545
-721
-1208
-878
-934
-1210
-1391
-1151
-860
-1121
-1028
-675
-798
-454
52
212
178
296
368
112
202
555
260
-247
-96
-331
-925
-892
-1044
-1488
-2026
-2360
-1910
-2378
-2184
-1607
-1991
-2189
-1859
-1640
-1363
-753
-106
310
623
950
1592
1292
1826
2555
2192
2917
3354
3216
3398
3300
3113
2660
2806
2682
2654
2530
1998
2061
1716
1007
1487
1148
383
564
117
-209
-16
-214
-32
282
-681
-394
330
-695
-67
1004
84
602
1048
578
1564
996
1182
2392
736
883
2585
1001
779
2166
1028
56
720
328
-411
-651
-713
-950
-2030
-2129
-1556
-2298
-2438
-1858
-1905
-2388
-2233
-1540
-1559
-1584
-735
-572
-1003
-470
-320
-103
26
118
806
83
-173
431
-331
-441
-289
-581
-1025
-1719
-1773
-2132
-2637
-2187
-2129
-2692
-2641
-2401
-2510
-2314
-1968
-1673
-1660
-1480
-728
-493
-245
497
724
695
827
1258
1188
999
1318
1230
710
927
908
476
205
20
-166
-695
-591
-160
-663
-370
323
26
492
967
827
1146
1245
1774
2370
2518
2914
2885
2501
2429
2507
2019
2209
1919
1553
1248
887
540
81
-507
-351
-756
-718
-317
-358
-56
-356
-85
-175
8
190
578
626
923
1052
1470
740
1271
750
633
425
544
519
70
232
408
-501
-293
-310
-589
-716
-781
-596
-1194
-707
-710
-846
-346
-488
-541
-502
-851
-362
-542
-377
323
-80
-393
-50
-390
-576
-202
-195
-540
-397
-376
-705
-891
-923
-1080
-1328
-1281
-1060
-1308
-1525
-1445
-1655
-1710
-1330
-1236
-1194
-1187
-985
-1160
-927
-368
-308
-254
164
71
172
324
321
470
309
246
248
-66
76
85
-352
-105
-361
-684
-556
-495
-417
-271
-143
-28
54
50
276
490
264
859
924
632
1374
968
989
1095
680
847
328
444
516
55
355
194
7
-125
-379
-260
-518
-421
-187
-184
-252
123
79
-114
213
332
217
586
716
786
709
717
749
732
787
960
854
857
796
628
673
506
517
633
446
703
690
462
949
510
855
870
794
869
779
842
1074
692
1084
746
593
632
631
727
407
272
339
-293
-187
45
-228
-139
-100
-423
-319
-61
-152
42
363
104
142
315
355
302
347
405
337
358
392
308
129
-231
-277
-629
-692
-606
-925
-975
-1087
-1269
-1221
-1428
-1475
-1505
-1437
-1417
-1472
-1175
-1300
-1343
-1019
-1097
-955
-889
-765
-775
-1044
-432
-442
-700
-171
-482
-637
-428
-499
-214
-494
-261
-251
-780
-214
-303
-479
-210
-397
-28
-326
-191
252
-234
-14
78
-31
148
-89
274
121
-262
405
-28
-284
123
-246
-227
-86
-74
189
-93
-210
152
-31
-89
267
392
252
429
590
802
490
604
882
621
792
1186
937
992
1086
974
816
831
841
710
595
625
598
458
426
450
330
69
268
229
161
231
160
102
66
105
449
225
337
625
315
441
631
536
585
553
649
570
454
891
487
562
706
366
401
394
324
314
84
336
96
1
164
-124
-268
-309
-393
-584
-414
-580
-579
-565
-629
-671
-593
-694
-609
-625
-690
-539
-468
-491
-362
-457
-564
-436
-366
-528
-358
-379
-498
-500
-479
-529
-588
-608
-435
-613
-548
-403
-631
-604
-410
-475
-291
-287
-311
-280
-477
-170
-201
-242
83
-247
-100
-141
-428
-75
-265
-245
-308
-389
-257
-694
-450
-373
-647
-329
-515
-481
-455
-403
-321
-265
-202
-136
-45
-133
128
129
118
425
382
580
536
559
718
363
528
635
488
597
580
415
590
350
327
432
267
304
368
142
364
296
418
380
489
460
303
491
384
510
549
495
624
445
577
565
515
666
584
784
571
728
888
659
863
786
741
925
641
1024
917
753
904
647
660
647
583
625
523
640
598
375
434
350
-22
288
142
19
333
-9
-105
-66
-433
-249
-322
-618
-480
-643
-918
-760
-854
-879
-819
-964
-977
-857
-953
-883
-832
-918
-874
-869
-709
-618
-828
-560
-699
-825
-696
-746
-730
-700
-737
-747
-888
-903
-1067
-1050
-954
-1097
-865
-935
-989
-989
-875
-739
-726
-741
-526
-721
-470
-390
-318
-131
-320
-143
-188
-335
19
-193
-204
13
-468
-111
-125
-334
-24
-122
-246
-98
-230
-76
-169
-86
125
30
164
275
202
314
306
329
412
340
391
526
570
481
665
773
498
720
737
583
682
635
778
784
561
888
808
678
918
659
787
808
665
1036
879
731
956
736
741
724
682
665
464
589
416
431
526
287
296
4
102
231
-93
448
30
180
328
-285
470
-10
-170
615
-200
406
266
-121
612
-141
205
442
-304
303
-48
-158
159
-202
-23
-286
-437
-232
-458
-339
-233
-326
-188
-605
-129
-211
-570
-58
-291
-360
-79
-317
-70
-205
-210
52
-242
-114
-6
-124
-216
-191
-311
-323
-343
-322
-269
-479
-437
-419
-635
-686
-573
-754
-965
-588
-699
-866
-487
-648
-420
-427
-536
-164
-291
-127
118
-38
74
161
108
222
399
200
164
259
-109
157
184
18
-11
-181
-6
-179
-169
-141
-310
-215
-163
-161
-172
49
-84
-147
182
-45
131
338
149
262
370
313
433
365
424
520
358
479
541
428
507
446
389
235
306
360
178
440
342
246
284
287
238
325
234
344
354
248
354
555
219
443
246
133
296
228
68
382
95
33
110
-113
-88
-37
-173
-9
48
-125
36
-66
-249
76
45
-134
87
11
-185
-42
96
67
72
-25
-290
-349
-498
-359
-267
-444
-381
-505
-893
-713
-952
-909
-750
-851
-784
-803
-761
-850
-783
-727
-792
-628
-539
-520
-424
-531
-416
-477
-561
-280
-413
-227
-367
-502
-230
-375
-238
-232
-325
-223
-311
-157
-122
-30
83
72
231
230
301
404
340
421
426
639
601
574
801
547
513
488
418
462
461
617
482
411
546
275
395
433
395
343
383
509
510
620
680
741
713
510
816
818
799
1071
703
928
839
605
1181
688
692
972
432
717
780
513
752
419
438
457
-10
500
184
7
526
72
172
192
-50
84
28
-226
-34
-136
-185
-121
-100
-257
-301
-237
-401
-527
-433
-479
-694
-543
-553
-719
-610
-753
-787
-683
-1030
-783
-702
-906
-837
-767
-820
-587
-757
-692
-779
-761
-598
-608
-518
-353
-691
-578
-469
-735
-462
-565
-696
-630
-686
-620
-617
-688
-512
-867
-742
-573
-752
-412
-565
-326
-372
-604
-255
-367
-252
1
-130
185
124
281
208
260
417
138
263
494
270
570
387
225
455
64
358
291
212
330
173
128
269
273
332
559
439
431
489
388
718
584
533
647
456
818
745
679
969
490
708
776
330
721
382
258
509
339
293
699
224
204
407
70
159
228
-7
294
-5
287
231
147
281
76
220
25
155
23
0
347
7
71
256
-139
142
-181
31
272
-145
288
84
-266
150
-371
-234
88
-398
-165
-119
-489
-37
-333
-334
-181
-553
-378
-365
-394
-228
-347
-395
-515
-378
-581
-428
-460
-690
-446
-479
-579
-438
-470
-595
-325
-478
-389
-310
-434
-335
-278
-332
-134
-202
-139
-204
-220
-173
-153
-148
-212
-135
-164
-258
-134
-75
-184
-128
-35
-158
-104
13
61
11
35
117
97
-54
143
130
139
339
147
197
293
5
273
110
213
263
123
303
213
183
237
106
125
153
177
153
108
293
46
261
119
119
259
167
264
449
123
428
379
355
377
270
451
353
364
531
475
421
473
442
310
366
239
169
343
208
312
248
92
256
71
95
168
-17
-61
30
-84
-49
-59
3
-55
-4
2
-124
-48
-56
-163
-103
-51
-147
-118
-104
-21
-71
-272
-71
-213
-268
-12
-304
-117
-223
-166
-139
-232
-86
-224
-318
-99
-267
-130
-123
-131
-148
-180
-106
-180
-233
-75
-213
-216
-77
-208
-151
-199
-290
-278
-342
-334
-265
-347
-219
-349
-288
-253
-333
-276
-305
-301
-206
-219
-113
-136
-195
-96
-135
-170
-35
-72
-153
104
-73
27
137
-98
-59
88
-177
26
96
-53
83
106
-45
55
8
35
60
48
127
-35
53
124
109
116
157
116
83
179
95
151
288
127
177
289
65
86
278
86
214
242
202
197
109
177
132
31
108
112
15
151
46
62
4
3
-12
-45
8
-2
-86
17
-69
-32
-20
-73
-17
-112
-127
-56
-52
-72
-65
-74
-115
-63
-20
-68
9
-93
-19
-33
-55
107
-7
-23
9
8
-1
-50
88
3
-23
51
-44
-63
-28
-73
12
-9
14
27
-73
49
69
28
92
28
80
119
151
166
112
28
117
59
127
206
75
157
44
36
27
11
-14
8
-14
-43
41
-22
13
41
-61
57
-56
-16
53
-7
110
34
-9
101
-13
21
77
6
58
87
68
145
94
71
149
62
165
190
107
191
185
158
243
154
169
165
81
145
127
55
136
57
25
31
-50
9
-55
-109
-16
-130
-64
-36
-171
-60
-99
-211
-9
-100
-70
24
-66
-27
48
-103
57
-75
-24
37
-17
-18
-35
-75
-92
-57
-142
-103
-96
-138
-27
-109
-133
-77
-187
-89
-109
-127
-45
-117
-75
-102
-112
-36
-170
-92
-151
-200
-166
-205
-103
-172
-198
-180
-215
-251
-185
-229
-199
-181
-179
-116
-190
-139
-113
-158
-77
-100
-125
-80
-162
-83
-66
-96
-40
-35
-107
-95
-64
-82
-71
-104
-70
-57
-89
-38
-80
1
-35
-10
22
14
50
52
32
89
79
160
120
143
151
204
179
154
187
180
183
199
205
164
184
131
159
148
138
140
113
127
125
101
111
42
130
101
88
136
93
119
179
124
140
112
87
152
111
139
139
80
148
61
65
116
23
39
49
62
-31
9
16
-47
33
-32
-40
-9
-88
21
-7
-14
-4
-20
-11
-12
-15
-54
0
-49
-29
5
-18
-49
-39
-60
-78
-58
-50
-82
-103
-44
-90
-92
-51
-70
-96
-98
-53
-51
-75
-75
8
-66
11
41
-37
12
1
-41
55
55
25
65
-23
65
10
15
47
-13
0
29
-41
23
-20
-56
11
-27
-43
-25
-52
-31
-34
-42
-28
-36
-23
-61
-36
-17
-48
-5
-38
-26
-19
-39
3
23
6
-29
34
16
-16
37
17
35
40
23
67
20
2
30
-17
16
-9
-7
-15
-27
6
-29
-42
-18
-50
-52
-76
-46
-54
-93
-28
-72
-79
-36
-103
-69
-52
-89
-55
-88
-83
-59
-88
-73
-76
-82
-99
-77
-80
-75
-60
-104
-22
-89
-39
-22
-64
14
-33
-35
8
-20
22
11
8
39
-1
19
27
23
5
57
17
41
63
6
76
37
17
86
-9
70
58
55
72
77
66
96
37
59
109
37
83
119
47
114
88
76
84
91
100
64
124
77
82
111
68
68
75
30
59
25
78
61
16
44
56
-21
61
26
35
23
29
35
17
26
10
0
-28
-30
-41
-68
-78
-73
-104
-101
-113
-119
-102
-119
-97
-64
-109
-62
-68
-109
-21
-51
-37
-15
-17
-17
-12
-1
-3
-19
-5
-7
-51
-18
-51
-65
-43
-88
-56
-77
-78
-37
-73
-68
-41
-87
-48
-9
-72
25
-12
-6
27
11
27
14
51
29
40
55
43
41
72
50
61
78
38
62
46
34
54
51
30
40
38
9
33
13
11
28
9
-6
33
5
-12
38
5
35
46
6
49
21
19
42
29
39
5
47
12
30
49
17
31
28
6
30
2
19
28
-12
13
2
0
-26
-7
-31
-40
-42
-48
-61
-41
-60
-55
-52
-47
-57
-49
-76
-40
-71
-59
-37
-63
-44
-50
-41
-55
-48
-60
-46
-57
-22
-44
-18
-11
-37
-12
-19
-5
4
-21
24
14
36
54
48
46
47
45
61
51
79
45
60
46
44
52
35
57
38
30
37
15
23
0
24
0
16
31
11
16
38
12
30
37
17
65
15
29
62
9
58
14
33
28
13
21
17
15
0
-7
-17
-23
-13
-6
-31
-2
-19
-22
-27
-15
-23
-27
-17
-24
-1
-45
-10
-16
-45
-7
-42
-32
2
-40
-47
0
-58
-38
-7
-53
-8
3
-61
11
-31
-34
-5
-46
-11
-41
-24
-55
-21
-40
-44
-31
-77
-36
-70
-80
-42
-92
-51
-66
-70
-52
-78
-70
-55
-69
-45
-43
-50
-34
-37
-31
-33
-25
-24
-19
-7
17
0
14
34
1
42
24
24
70
26
65
50
42
68
34
53
58
46
46
48
43
52
55
50
46
55
44
25
54
37
54
74
49
58
79
35
73
52
57
63
37
80
59
59
56
43
34
38
24
43
27
26
59
17
39
37
19
28
30
41
28
43
41
43
43
39
42
36
24
39
22
40
34
24
32
27
-6
13
-4
-15
10
-17
-7
-19
-27
-27
-49
-30
-41
-57
-28
-45
-58
-39
-50
-70
-37
-60
-50
-41
-51
-59
-40
-68
-53
-39
-70
-49
-40
-68
-53
-48
-74
-60
-70
-64
-60
-63
-52
-56
-63
-61
-53
-63
-63
-45
-69
-46
-57
-49
-56
-44
-45
-56
-51
-38
-58
-42
-37
-46
-31
-29
-37
-25
-33
-39
-17
-30
-4
-8
5
23
0
23
25
20
36
34
42
51
45
65
60
54
78
49
67
66
54
72
56
59
50
50
54
36
63
34
27
42
33
19
40
11
21
20
0
32
18
-3
38
9
5
54
-1
38
20
27
42
22
42
33
34
23
34
32
12
52
9
27
37
1
24
17
-6
15
1
-5
19
-13
10
-6
-16
-8
-17
-9
-23
-13
-8
-31
2
-22
-28
-16
-28
-29
-18
-32
-22
-21
-46
-22
-44
-44
-19
-45
-31
-24
-37
-38
-23
-49
-21
-32
-32
-8
-35
-7
-22
-21
-19
-19
-6
-34
1
-6
-15
3
-3
-9
3
-5
-4
5
-9
11
1
6
11
1
14
10
-4
8
1
4
8
3
20
-7
-1
11
-11
16
-2
-5
11
-1
2
5
7
12
8
17
21
11
11
19
24
11
19
25
10
16
18
-9
28
-9
12
1
-17
0
-17
-14
-6
-25
-14
-11
-9
-5
-6
-7
-12
9
5
-3
20
-15
26
20
15
36
15
17
27
20
32
17
33
33
21
23
24
32
19
13
27
16
-8
26
10
4
13
-12
8
-8
5
-12
-15
-3
-6
-9
0
-5
-25
10
-17
-7
-18
-7
-1
-12
-10
-7
-8
-23
10
-14
-11
-7
-25
2
-14
-5
-7
-11
-7
-18
-1
-8
-24
12
-13
-12
-8
-49
-4
-18
-35
-16
-31
-27
-30
-27
-32
-29
-30
-33
-19
-35
-28
-22
-40
-22
-13
-33
-19
-33
-7
-23
-19
-15
-20
-17
-14
-10
-12
-7
-7
-7
-2
-13
1
-2
8
-7
6
3
-3
5
9
9
11
5
10
22
7
30
20
24
26
16
19
26
23
19
38
25
21
35
23
44
16
29
33
27
25
45
21
28
44
29
34
47
21
26
55
7
45
32
21
36
17
43
28
11
28
17
8
18
11
16
5
10
11
20
-9
18
11
-11
0
-2
4
-3
-10
-3
-7
-22
-10
-21
-22
-21
-36
-14
-31
-28
-24
-44
-29
-42
-13
-39
-30
-20
-42
-3
-42
-29
-10
-37
-5
-30
-12
-14
-28
-6
-29
-4
-31
-16
-8
-23
-6
-13
-11
-21
1
-18
-6
-1
-9
18
-14
-4
13
-13
14
0
7
9
4
23
3
14
19
8
22
2
11
7
16
11
22
16
12
14
0
18
4
6
1
3
23
-17
20
-1
-17
6
-24
5
-2
-3
11
2
-3
13
0
4
13
3
18
15
9
30
9
10
20
3
24
3
7
9
-7
0
-3
-12
-9
-14
-16
-19
-8
-31
-19
-14
-37
-1
-33
-18
-15
-22
-17
-4
-33
1
-15
-14
4
-10
8
-5
-3
0
-2
4
11
-1
5
2
-10
5
-4
1
-1
-5
3
-7
-4
3
-3
-14
7
-8
-3
-2
-6
1
3
-10
11
-1
4
8
-1
9
-1
10
2
9
11
6
20
-6
20
11
-6
26
10
10
21
11
19
5
17
24
5
28
7
18
10
16
23
9
27
1
15
7
11
16
19
15
4
12
13
4
9
15
5
-2
4
-4
4
1
-1
-7
-6
5
-15
-2
-6
-3
-11
-7
-13
-8
-8
-11
-8
-12
6
-8
-19
0
-10
-15
-9
-4
-6
-17
7
-18
-16
-2
-4
-7
-12
-4
-6
-10
-8
-1
-6
-2
-2
-9
1
-5
-2
-2
-11
13
-6
-5
4
2
-14
4
-5
-6
2
-4
-4
-15
-1
-11
5
-7
-10
-5
-10
-1
-4
-1
8
-8
10
-4
-3
7
4
3
12
11
5
9
0
10
0
7
3
-3
7
4
3
6
5
-3
4
-1
1
7
-1
7
9
-2
9
6
3
14
-1
8
4
-6
18
-5
9
0
-5
5
-8
-1
5
-20
0
4
-19
3
-3
-16
0
-4
-2
-1
-5
1
-9
-4
7
-2
3
1
-6
-1
0
-5
3
-1
0
-1
-3
-1
6
-5
2
5
0
-1
-2
1
-4
2
0
-3
-1
9
-8
4
-1
3
-6
3
4
-12
12
-2
3
8
-1
8
5
-2
3
-1
7
-1
6
5
6
3
8
-2
9
2
-9
17
-8
4
2
2
2
-2
2
-4
-3
1
-6
-5
5
-12
4
-4
-3
-8
2
-8
1
5
-10
2
-2
0
-8
1
1
-6
2
-10
-1
-2
-1
3
0
2
-3
2
-2
0
13
-7
-1
8
-12
5
-1
3
5
-6
7
-4
3
5
-10
8
-5
-13
5
-10
0
3
-10
0
-3
-6
0
-6
-3
-5
-10
3
-8
4
-5
-11
8
-7
1
5
2
-2
3
2
2
13
14
10
8
16
3
6
20
2
5
9
4
5
7
7
-3
8
-3
-3
3
-3
1
0
-2
-3
-1
3
0
8
-3
3
0
3
8
-4
5
0
1
3
0
4
-3
-2
-2
-8
-7
-2
-5
-1
-2
1
-8
-5
-2
-8
-5
-4
-3
-4
3
0
-4
0
-8
-3
3
-8
-7
-1
-10
1
-3
-5
-4
-7
-12
0
-6
-4
2
-6
5
-7
-6
-1
-2
0
-4
0
4
-5
2
-1
-6
1
-9
-2
-6
-6
-5
-8
11
-12
1
-2
-6
11
-1
5
0
7
8
6
19
6
4
9
9
7
7
10
3
7
11
0
4
6
4
0
2
5
2
0
-3
2
-3
-6
3
-8
0
-5
-5
3
-7
2
-6
0
5
0
4
3
4
3
5
3
6
2
5
1
4
3
-6
1
-2
-2
-2
0
-5
-1
-1
-8
0
0
-4
2
-2
-3
-2
-6
4
-1
2
-6
-2
5
-7
1
0
-5
-4
2
-1
-11
6
-4
-3
6
-4
4
0
-2
6
4
5
1
4
4
4
-5
4
6
-2
5
-1
2
-1
3
1
-3
3
0
0
2
1
3
-4
3
3
-4
1
-1
0
0
2
2
-9
2
3
-2
2
-5
7
-4
5
10
-7
4
-7
-1
1
-3
0
1
-1
2
-5
-1
1
-4
-4
3
-9
1
-1
-4
8
-4
3
-3
0
3
2
4
9
-3
6
-1
-1
4
-1
-4
-6
-4
-2
3
-2
3
-10
-1
2
-3
6
-4
1
-6
-2
5
-8
1
-3
-5
-1
-10
3
-2
-6
6
-10
8
-2
-1
7
-9
5
-2
6
4
1
3
-2
0
3
1
2
2
-3
0
-1
1
4
0
-1
0
-6
2
2
0
1
2
-1
2
4
-2
7
-10
6
2
2
8
-2
-2
-4
-3
-7
0
-6
-3
-3
-3
0
-2
-3
5
-8
-3
-1
-4
5
1
6
7
-7
8
-1
4
3
-4
6
-2
10
6
0
5
-7
-1
0
-1
6
-3
3
-4
4
6
-2
6
-7
2
-3
1
8
-2
5
-6
-5
-1
-5
-3
-3
-7
-5
2
-6
2
0
-7
-1
-6
-3
4
0
7
-8
6
1
0
11
-4
12
-5
5
10
2
11
-1
11
-11
3
-3
-4
6
-9
2
-1
-2
6
3
5
8
0
15
0
15
1
2
6
-2
3
-5
-1
-4
-11
-2
-7
-7
-4
-8
-7
-2
-2
2
4
-1
7
-8
4
-3
-2
-1
-6
-2
2
5
-2
6
0
-9
2
-3
-2
5
-3
7
-3
-3
8
-6
1
-3
-4
-7
4
-3
6
-5
-4
-5
-10
-1
-1
-5
-2
-2
-6
3
-3
5
-3
-2
2
-5
18
-6
8
1
6
5
6
10
3
-2
-2
-2
-3
5
-4
2
-8
-6
-5
-4
-2
-3
2
-2
6
5
8
7
4
7
-4
6
-1
6
2
-1
8
-7
7
-5
-1
-2
-4
0
7
0
2
3
0
-2
-3
3
-6
-1
-7
-2
-1
-4
3
-1
-5
-4
-7
-4
-3
3
-1
0
-1
-5
0
-9
5
-8
8
-1
6
10
-2
14
-5
2
5
2
3
2
0
-10
4
-7
-5
8
-11
6
-4
-5
7
-10
1
-4
-3
-3
-4
2
-3
1
-3
0
-2
0
2
-3
3
-1
2
-2
-1
2
-6
-1
2
-3
5
-2
4
0
-2
7
0
3
3
5
0
5
5
5
2
3
0
-4
4
-5
1
0
-3
-1
0
-1
-2
-3
0
-4
-1
3
-2
1
3
-2
4
1
3
6
0
4
2
1
2
3
0
-1
4
-5
2
0
0
1
-3
3
-2
-6
3
-7
2
-2
1
1
1
1
0
-1
0
2
-1
3
2
0
3
-1
4
1
0
4
-7
6
-4
-1
-5
-4
1
-11
3
-2
-6
4
-8
3
-5
-3
-1
-5
4
-4
5
2
0
5
-4
4
2
-4
9
-1
4
0
1
6
-6
3
-1
-2
3
-2
2
0
1
-1
-1
1
-3
-5
5
-9
2
-4
-2
-1
-4
-1
-7
0
-8
1
-3
-2
5
-5
3
3
-6
7
0
3
1
6
5
-1
9
2
1
4
1
1
0
2
1
-2
2
2
-1
0
5
-5
-1
3
-7
2
2
-3
1
2
-4
-1
-3
4
-4
1
1
1
-7
6
0
-5
7
-2
-4
1
2
-7
1
1
-2
2
-2
0
-1
-4
2
-5
2
-1
-5
-1
0
-3
-3
7
-3
-3
9
-5
0
3
-3
6
-2
2
9
-8
9
2
-7
6
0
-7
2
1
-1
-3
5
-1
0
-2
2
-2
-4
6
-1
-4
10
-3
0
4
0
0
1
1
-1
0
3
-1
3
0
5
-4
0
6
-9
2
3
-6
4
2
-4
-5
4
-7
-6
3
-8
4
-7
1
0
-7
2
-1
-6
2
4
-7
4
2
-5
3
5
-4
5
0
-2
0
-2
1
1
-1
6
1
-7
10
-7
-7
8
-8
0
1
2
-4
1
3
-4
2
-1
3
0
-2
10
-6
2
10
-8
6
2
-4
3
0
5
-3
6
2
-2
6
-3
4
-4
4
3
-7
7
2
-5
4
3
-6
4
-1
-1
-4
2
-3
-1
-1
0
3
-7
6
1
-5
5
2
-4
9
0
2
7
2
2
7
0
5
3
-2
9
-8
5
-1
-1
-3
0
-2
-8
5
-6
-5
0
-4
-7
-4
-5
-2
-7
3
-4
-1
-6
2
-3
-6
8
-11
1
2
-9
3
-3
-2
3
-5
1
0
-5
3
-3
-1
1
2
0
1
8
-8
5
2
-7
12
-5
1
6
-6
6
1
-1
5
-2
0
1
2
-1
1
2
-7
2
-1
-3
1
-2
-6
3
-5
-1
3
-4
3
0
-3
6
-4
0
5
-4
2
4
-2
5
1
1
1
-1
3
3
2
2
4
-1
-2
6
-6
2
4
-8
3
0
-1
6
-1
3
-1
-2
3
-3
0
-4
2
-3
3
4
-2
2
0
-5
1
3
-4
4
-1
-2
1
-3
0
-2
-5
0
-3
-4
4
-3
1
3
-1
0
1
2
-2
4
0
1
2
-1
5
3
2
4
-2
-2
3
-4
4
1
-1
1
-2
4
-1
6
-3
0
1
-1
1
0
-1
-1
-3
-3
5
-5
2
-1
-5
3
-3
3
-1
0
-1
-2
1
-1
3
0
1
2
0
0
3
-2
3
2
-3
3
-2
-3
4
-4
0
2
-7
4
-1
-4
4
-7
0
2
-3
2
0
-4
1
1
0
2
1
-1
-2
3
-5
5
2
-4
6
-3
-4
7
-3
1
3
-7
1
-2
-2
0
1
-3
-2
1
-7
5
-1
-5
5
-8
2
0
-3
3
-4
-1
0
0
-1
6
-1
-1
3
-4
2
5
-4
4
-2
-2
3
1
3
0
2
0
-2
6
-2
4
3
-2
2
2
0
3
0
2
-2
-1
0
-3
4
-2
-3
5
-4
2
1
1
-1
5
-4
2
1
1
0
2
1
-2
5
-3
3
2
-2
1
-2
0
0
-2
2
-5
1
0
-4
6
-7
2
-2
-3
3
-4
3
-1
-7
8
-7
4
4
-8
7
-3
-4
8
-6
3
-2
-3
-1
-3
1
-1
-3
3
-8
1
1
-5
2
-1
-4
2
-2
0
0
2
-3
-1
2
-3
3
3
-1
1
4
-2
3
5
-2
2
2
-2
2
3
0
3
3
-2
0
5
-3
4
-3
1
-1
-1
4
-3
4
2
-4
6
-1
-2
7
-5
2
1
-3
4
-4
4
-3
1
5
-8
5
0
-6
8
-5
-1
5
-5
4
-2
-1
2
-3
4
-8
5
-2
-4
4
-4
1
1
-4
0
0
-1
2
-2
5
-3
1
5
-8
7
-1
-3
5
-3
1
4
-2
2
-2
2
-2
-5
8
-10
4
0
-8
5
-4
-1
3
-2
0
-2
1
-3
-3
6
-6
2
1
-4
3
0
0
-1
5
-5
4
-1
2
-2
2
1
-5
8
-2
-1
6
-5
1
4
-6
2
2
-3
1
-1
1
-2
1
1
-5
7
-3
-5
6
-6
-1
4
-6
3
1
-3
3
-4
2
-2
0
0
-3
1
4
-7
5
-2
-4
5
-4
1
0
2
0
1
2
-2
5
0
-1
3
-1
1
0
0
1
0
3
-3
2
-1
-4
0
-1
-2
-1
2
-3
0
0
-4
-2
-1
-2
-2
3
-5
2
4
-7
6
-3
0
6
-5
4
-2
-2
5
-7
7
1
-1
8
-5
2
-1
-4
4
-4
4
2
-1
8
-8
3
1
-6
10
-5
5
2
-1
1
0
-1
0
-1
6
-1
4
-2
-2
3
-4
4
-2
1
3
-3
1
-4
-2
0
-2
3
-1
0
3
-3
