SAMPLES:	9788
BITSPERSAMPLE:	16
CHANNELS:	1
SAMPLERATE:	16000
NORMALIZED:	FALSE
-2
0
4
4
-1
-1
1
7
-2
4
-4
2
7
-1
2
-4
4
5
5
-3
4
3
5
5
-1
2
5
7
3
4
0
10
6
7
8
2
10
7
4
5
2
6
8
-1
7
1
5
5
0
4
1
4
4
-1
0
2
-2
2
-3
-1
-3
0
-3
-4
-5
-9
0
-13
-5
-9
-10
-8
-9
-11
-9
-10
-7
-9
-13
-8
-9
1
-12
-1
-6
-1
3
-3
4
5
8
3
7
1
9
5
2
4
0
-1
6
-5
1
-4
-4
1
-6
0
-5
1
-2
1
-4
-3
2
-1
3
3
3
5
6
5
7
5
7
4
9
4
10
4
6
6
1
6
2
7
3
7
-1
6
2
-1
5
-1
2
0
0
4
0
-4
6
-10
7
-8
-1
0
-8
0
-12
-1
-10
3
-8
-1
-4
-5
-1
-2
2
-1
-1
5
1
0
10
-6
5
-1
2
-2
3
-2
1
3
-6
4
-5
0
-2
3
-6
4
-6
4
-1
-6
-1
-9
-1
-9
-6
-4
-7
-7
-4
-10
3
-16
2
-10
-13
-3
-27
0
-25
-15
-15
-32
-8
-27
-21
-11
-26
-7
-17
-17
-7
-13
-5
-4
-4
0
3
0
5
13
7
15
15
14
21
17
23
27
24
26
31
26
31
30
29
36
27
36
27
35
35
27
35
24
24
23
24
8
19
0
3
3
-19
-5
-22
-10
-15
-15
-23
-6
-12
-12
8
-12
10
-2
0
-1
2
-7
-9
-4
-23
-7
-31
-22
-26
-30
-29
-34
-30
-37
-21
-37
-22
-22
-22
-11
-20
-13
-9
-20
-10
-28
-13
-19
-35
-4
-42
-1
-29
-14
-1
-21
7
-17
10
4
8
21
8
34
14
23
46
19
51
42
44
67
36
55
64
41
65
54
39
61
34
30
55
-4
41
10
-10
24
-36
10
-21
-24
-5
-32
-10
-25
-28
-17
-35
-24
-40
-31
-30
-55
-16
-59
-33
-35
-60
-14
-59
-32
-35
-31
-25
-28
-14
-31
1
-30
-6
-5
-21
2
-10
-15
1
-16
1
-6
-13
2
-23
4
-10
-6
-2
-2
-10
7
-3
-3
27
2
19
29
13
37
35
27
49
42
38
50
33
40
26
27
27
18
23
7
20
12
14
16
21
25
31
39
38
50
52
61
69
67
64
75
64
93
65
82
84
62
105
54
78
67
62
68
60
54
41
55
16
34
8
-1
-1
-27
-27
-32
-39
-40
-37
-31
-25
-13
-3
6
52
35
72
84
58
124
67
91
96
63
76
34
32
-8
-13
-79
-98
-137
-207
-225
-327
-340
-427
-457
-510
-568
-536
-625
-541
-574
-509
-435
-424
-285
-265
-138
-61
1
99
143
213
264
284
308
300
295
303
242
221
191
104
147
58
26
91
-49
83
27
37
153
53
183
185
192
265
245
249
299
254
250
278
210
245
223
195
231
207
219
221
238
234
242
234
205
245
195
185
177
107
126
50
23
24
-50
-7
-104
-75
-61
-135
-72
-178
-147
-156
-256
-237
-342
-342
-408
-484
-484
-598
-534
-613
-640
-511
-588
-464
-394
-401
-180
-141
-70
124
135
278
414
331
526
463
425
556
263
383
201
-2
127
-284
-182
-339
-517
-310
-601
-356
-336
-360
41
-64
332
539
567
1066
1011
1308
1470
1348
1622
1384
1376
1286
910
899
474
241
46
-421
-461
-824
-1038
-1050
-1398
-1291
-1458
-1573
-1427
-1668
-1506
-1586
-1661
-1506
-1684
-1532
-1500
-1528
-1287
-1315
-1099
-894
-820
-498
-412
-104
118
261
584
647
913
1089
1115
1338
1356
1403
1539
1454
1523
1548
1420
1503
1436
1375
1480
1351
1400
1459
1396
1551
1510
1572
1611
1555
1640
1479
1445
1265
1031
833
452
161
-333
-700
-1180
-1639
-1974
-2498
-2717
-2952
-3169
-3151
-3119
-3001
-2640
-2327
-1952
-1299
-918
-327
295
602
1222
1500
1707
1993
1913
1929
1754
1450
1160
708
310
-194
-627
-1012
-1490
-1709
-2051
-2228
-2286
-2462
-2312
-2311
-2201
-1955
-1849
-1532
-1307
-1076
-780
-568
-302
-118
44
249
308
516
543
572
799
671
868
932
843
1120
1067
1110
1311
1223
1370
1559
1482
1789
1900
1874
2338
2302
2538
2885
2766
3091
3133
3075
3229
2970
2910
2778
2335
2233
1705
1319
1049
293
35
-464
-1131
-1276
-1952
-2313
-2411
-3076
-2964
-3132
-3390
-2986
-3196
-2959
-2497
-2545
-1951
-1673
-1542
-925
-918
-617
-329
-441
-207
-276
-386
-301
-543
-578
-668
-840
-816
-1073
-1055
-1209
-1311
-1288
-1526
-1512
-1632
-1764
-1721
-1844
-1916
-1786
-1907
-1797
-1706
-1693
-1438
-1304
-1072
-837
-538
-197
177
592
968
1449
1877
2285
2789
3106
3566
3987
4195
4592
4968
5033
5432
5636
5415
6033
5609
5476
5736
4564
4781
3954
2802
2802
988
412
-346
-2178
-2236
-3488
-4479
-4226
-5508
-5383
-4948
-5658
-4295
-4124
-3875
-2049
-2198
-818
398
184
1871
1850
1831
2878
1801
1999
1815
357
503
-715
-1803
-1769
-3167
-3358
-3407
-4242
-3547
-3585
-3381
-2388
-2330
-1475
-892
-816
-75
-135
-192
-62
-635
-888
-1320
-1983
-2263
-2741
-3139
-3244
-3461
-3372
-3059
-2905
-2388
-1813
-1330
-581
-74
531
1193
1524
2111
2332
2637
3084
3132
3449
3685
3848
4326
4543
4886
5443
5673
6372
6576
6949
7510
7388
7789
7518
7240
7019
6007
5358
4220
2774
1568
-236
-1788
-3133
-4983
-6121
-7180
-8299
-8520
-8812
-8629
-7857
-7146
-5914
-4561
-3185
-1620
-298
911
2039
2661
3157
3465
3187
2938
2385
1602
957
136
-590
-1204
-1698
-2005
-2254
-2227
-2118
-2063
-1693
-1616
-1578
-1248
-1509
-1643
-1818
-2400
-2711
-3265
-3993
-4427
-4963
-5414
-5599
-5876
-5771
-5455
-5208
-4507
-3836
-3002
-1834
-915
195
1337
2336
3500
4385
5152
6149
6474
7017
7525
7416
7816
7647
7461
7553
7178
7068
6844
6599
6357
6038
5716
5167
4691
3877
3117
2102
810
-283
-1760
-3120
-4370
-5696
-6764
-7420
-8143
-8291
-8008
-7810
-6746
-5749
-4611
-2880
-1559
-24
1483
2545
3718
4353
4713
4968
4642
4311
3682
2604
1976
1047
-35
-537
-1431
-1692
-1828
-2176
-1943
-1969
-1702
-1448
-1590
-1403
-1535
-1982
-2127
-2872
-3471
-3996
-5051
-5477
-6221
-6798
-6954
-7365
-7121
-6902
-6535
-5690
-4981
-3908
-2746
-1699
-288
883
1975
3325
4304
5233
6300
6738
7492
8094
8219
8874
8783
8936
9357
8998
9263
9234
8690
8947
8273
7508
7376
5911
5136
4012
1978
1119
-918
-2798
-3940
-6092
-7155
-7976
-9458
-9426
-9574
-9745
-8439
-8077
-6993
-5110
-4384
-2498
-1007
-168
1591
2246
2864
3801
3583
3816
3755
2821
2770
1975
964
697
-335
-778
-960
-1617
-1555
-1578
-1612
-1412
-1383
-1370
-1320
-1554
-1918
-2311
-2976
-3701
-4505
-5362
-6151
-6832
-7496
-7851
-8059
-8001
-7660
-7160
-6364
-5327
-4190
-2853
-1441
-78
1402
2673
4029
5181
6234
7197
7905
8674
9257
9725
10133
10419
10574
10839
10902
10819
10818
10459
10128
9593
8831
7871
6749
5407
3685
2214
208
-1719
-3462
-5624
-7066
-8601
-9923
-10675
-11242
-11274
-10929
-10264
-9258
-7748
-6212
-4426
-2594
-914
960
2460
3660
4864
5399
5714
5906
5257
4863
3890
2794
1846
341
-616
-1568
-2630
-3048
-3431
-3865
-3531
-3472
-3445
-2982
-3055
-2854
-2919
-3358
-3583
-4412
-4927
-5607
-6547
-7008
-7700
-8065
-8150
-8155
-7672
-7120
-6240
-5054
-3854
-2367
-806
610
2250
3768
5053
6428
7605
8592
9557
10339
11025
11541
11923
12252
12320
12380
12396
12084
11594
11296
10414
9559
8790
7125
6070
4485
2599
1127
-1135
-2936
-4717
-6816
-8310
-9798
-11200
-11803
-12454
-12708
-11926
-11497
-10262
-8490
-7155
-4864
-2913
-1027
1286
2738
4175
5519
6048
6649
6709
6078
5763
4636
3467
2513
984
-108
-1167
-2264
-2864
-3437
-3895
-3864
-4062
-3948
-3774
-3959
-3703
-3881
-4221
-4430
-5040
-5615
-6109
-6925
-7539
-7997
-8565
-8545
-8486
-8308
-7441
-6790
-5466
-3976
-2721
-599
891
2741
4669
6236
8173
9390
11051
12043
13022
14065
14066
14884
14634
14498
14375
13402
13127
11873
10991
9796
8396
7185
5517
4013
2088
602
-1618
-3272
-5017
-7244
-8516
-10357
-11459
-12290
-13078
-13023
-12818
-12127
-11116
-9563
-7963
-5858
-3950
-1966
383
1840
3622
4943
5835
6533
6717
6620
6198
5519
4546
3518
2390
1267
59
-944
-1821
-2696
-3286
-3879
-4245
-4592
-4913
-5161
-5437
-5657
-6197
-6431
-7064
-7668
-7971
-8859
-9172
-9544
-9972
-9625
-9488
-8840
-7750
-6748
-5076
-3349
-1485
745
2895
4868
7176
9170
10962
12905
13988
15311
16284
16556
16942
16853
16291
15932
14837
13743
12709
10970
9873
8088
6370
4838
2890
1182
-754
-2679
-4582
-6134
-8181
-9606
-10850
-12133
-12298
-13182
-12873
-12190
-11805
-10170
-8779
-7295
-4878
-3182
-1278
1073
2478
4329
5706
6416
7412
7584
7488
7402
6526
5672
4779
3305
2194
896
-545
-1426
-2783
-3714
-4251
-5233
-5692
-5972
-6638
-6732
-7071
-7639
-7722
-8287
-8774
-9171
-9889
-10030
-10552
-10851
-10555
-10433
-9630
-8589
-7383
-5634
-3682
-1669
831
3257
5613
8223
10342
12494
14405
15916
17215
18146
18637
18632
18685
17848
17050
16079
14317
13091
10942
8950
7195
4722
2774
371
-1893
-4084
-6177
-8098
-10256
-11466
-13056
-13988
-14292
-14865
-14494
-13480
-12669
-11337
-9238
-7623
-5267
-3059
-1184
1264
2975
4569
6048
6911
7853
8111
8001
7936
7281
6406
5606
4388
3110
2160
647
-395
-1369
-2578
-3113
-4032
-4649
-5179
-5752
-6172
-6682
-7340
-7966
-8315
-9087
-9602
-10129
-10588
-10656
-10839
-10578
-9789
-9013
-7721
-6142
-4413
-2066
142
2670
5183
7700
10241
12542
14676
16462
18133
19177
20055
20296
20333
19984
19008
18038
16339
14763
12701
10361
8082
5605
3146
238
-1970
-4855
-7043
-9192
-11861
-13034
-14949
-16066
-16645
-17298
-16953
-16360
-15519
-13943
-12112
-10352
-7567
-5500
-3160
-637
1099
3233
4637
5622
6540
6923
6888
6679
6096
5333
4786
3509
2771
1873
853
397
-601
-1159
-1759
-2283
-2755
-3346
-3904
-4599
-5305
-6016
-6953
-7867
-8676
-9593
-10209
-10895
-11298
-11164
-10900
-10328
-9427
-7898
-6179
-4134
-1717
785
3746
6434
9392
12140
14651
17257
18958
20846
21956
22555
23198
22639
22190
20864
19439
17684
15188
13136
10074
7872
4708
1658
-505
-4149
-6261
-9036
-11513
-12998
-15437
-16660
-17523
-18369
-18542
-18253
-17675
-16105
-14707
-13062
-10224
-8082
-5588
-2947
-915
1519
3282
4476
5889
6491
6519
6460
6085
5395
4570
3538
2552
1944
852
71
-305
-1004
-1435
-2004
-2476
-2843
-3392
-4066
-4729
-5600
-6668
-7585
-8618
-9618
-10544
-11436
-11619
-11792
-11898
-10935
-10063
-8426
-6479
-4544
-1459
1466
4499
7797
11019
14019
17007
19377
21566
23613
24092
25238
25438
24449
24237
22287
20480
18870
15710
13095
10813
7098
4376
1779
-2360
-4593
-7576
-10636
-11832
-15057
-16636
-16886
-18562
-18587
-18625
-18192
-16372
-15366
-13941
-11141
-8805
-6482
-4119
-1992
470
2000
3349
4604
5099
5340
4918
4672
3985
2572
1617
647
-288
-1339
-2486
-2697
-3085
-3970
-4164
-4503
-4660
-4801
-5529
-5684
-6064
-7052
-7432
-8129
-9261
-9635
-10468
-10974
-10705
-11180
-10544
-9357
-8624
-6753
-4863
-2364
701
3104
6449
9813
12545
15643
18053
20442
22701
23495
24538
25189
24921
24445
23183
21562
20142
17875
15108
13173
9962
7451
5041
1117
-789
-3960
-6829
-8420
-11706
-13113
-14003
-15613
-16280
-16407
-16148
-15034
-14128
-13180
-10566
-8699
-6913
-4674
-2909
-677
523
1462
2790
3121
3125
2905
2637
1876
598
-146
-946
-1861
-2913
-3635
-3674
-4193
-4750
-4923
-4956
-5145
-5462
-5817
-6051
-6303
-7229
-7650
-8211
-9180
-9605
-10304
-10545
-10478
-10656
-9886
-8864
-7813
-6107
-4310
-1856
871
3163
6232
9155
11750
14475
16551
18900
20664
21717
22597
23373
23615
23148
22728
21234
20416
18661
16141
14618
11561
9490
6705
2986
924
-2359
-5293
-7589
-10455
-12204
-13519
-15073
-15763
-15658
-15594
-14491
-13496
-12348
-9835
-8102
-6093
-4041
-2504
-347
709
1536
2371
2555
2548
2026
1375
517
-400
-1438
-2445
-3284
-4092
-4329
-4884
-5211
-5131
-5448
-5426
-5639
-5973
-6191
-6538
-7337
-8014
-8599
-9527
-10201
-11011
-11392
-11468
-11538
-11049
-10037
-8652
-6848
-4798
-2324
645
3448
6337
9324
12110
14872
17073
18918
20595
21432
22344
22517
22333
22391
21186
20120
18948
17143
15689
13534
11170
9363
6739
4236
1927
-829
-2969
-5462
-8036
-9553
-11271
-12632
-13354
-13873
-13597
-13072
-12504
-11029
-9237
-7708
-5820
-4049
-2197
-468
498
1422
2054
2265
2034
1280
847
-186
-1372
-2209
-3636
-4178
-4992
-5801
-5628
-6210
-6209
-5911
-6194
-5879
-5979
-6294
-6211
-6845
-7433
-7963
-8644
-9228
-9933
-10672
-10744
-10663
-10616
-9695
-8517
-7000
-4676
-2557
233
3487
5939
9316
12205
14670
17473
18840
20848
21864
22149
22790
21912
22015
20596
18939
18060
15616
14267
11666
9378
7685
4765
2720
274
-1845
-3869
-6114
-7955
-9241
-10272
-11672
-11917
-11834
-11657
-10861
-10342
-8574
-6832
-5768
-3886
-2160
-608
730
1423
2115
2580
2404
1792
1300
351
-878
-1661
-3115
-3899
-4551
-5727
-5633
-6098
-6695
-6306
-6434
-6569
-6385
-6818
-6913
-6891
-7976
-8009
-8483
-9675
-9637
-10551
-10842
-10589
-11086
-10176
-9234
-8325
-6381
-4400
-2176
789
3414
6080
9421
11871
14732
16880
18198
20549
21018
21548
21767
20869
21238
19130
17721
16650
14011
12868
9545
7457
6112
2719
816
-1486
-3424
-4714
-7163
-8582
-8818
-9610
-10596
-10354
-9832
-8886
-7967
-7582
-5145
-3604
-2661
-1007
382
2230
2547
3055
3684
3817
3558
2172
2142
1062
-425
-1050
-2705
-2949
-4089
-5373
-4960
-5903
-6506
-6551
-6854
-7105
-7591
-8538
-8384
-8785
-10394
-10455
-11159
-11834
-12148
-13117
-12440
-12294
-12387
-11020
-9907
-8202
-6372
-4259
-1387
1527
3934
6940
10147
12673
15413
16925
19083
20713
20775
22016
21164
21299
21116
18281
18390
16205
13835
12681
8950
7831
5260
1554
-20
-2635
-4609
-6868
-9243
-9936
-10462
-11806
-12218
-11224
-10266
-8953
-8373
-6566
-3606
-2480
-828
791
2730
4207
4237
5153
5706
5826
4908
4083
3916
2851
1804
531
-233
-642
-2087
-2679
-3254
-3905
-4478
-5452
-5880
-6749
-7891
-8678
-9589
-10774
-11975
-13192
-13916
-14740
-15542
-15851
-15813
-15252
-14475
-13388
-11353
-9317
-6861
-3738
-610
2487
5834
9092
12049
15462
17010
19241
21283
21459
22977
21970
22040
22130
19237
19067
16500
14421
13076
9201
7647
4837
1146
-784
-3367
-6209
-8145
-10566
-11730
-12116
-13735
-13697
-12131
-11482
-10064
-8732
-6519
-3377
-2170
-138
2126
3927
5148
5621
6661
7213
6623
5859
5506
4856
3524
2524
1586
990
67
-1168
-1117
-1882
-2475
-3267
-3987
-4090
-5592
-6719
-7656
-8746
-10308
-11899
-13036
-14204
-15014
-16251
-16609
-16086
-15903
-14941
-13436
-11409
-9062
-6305
-3235
128
3296
6198
9793
12284
15092
16920
18502
20487
20332
21409
20980
20780
20355
17935
17940
15699
13881
12396
9012
8204
4905
1754
113
-2645
-4700
-7817
-9789
-10685
-11941
-13444
-13763
-12548
-12101
-11211
-10116
-7804
-4998
-3886
-1757
488
2449
3832
4204
5544
6127
5320
5011
4529
3580
2750
1444
933
633
-696
-976
-907
-1005
-1365
-2164
-1901
-2045
-3501
-4436
-5348
-6622
-8103
-10256
-11567
-12432
-14321
-15425
-15688
-15850
-15199
-14804
-13188
-10549
-8697
-5670
-2393
625
4212
7088
10212
13235
15352
17261
18969
20079
20601
20861
20685
20298
18910
17635
16499
14564
12840
10113
8305
6279
2990
747
-1721
-3631
-6198
-9124
-10337
-11450
-12837
-14088
-13995
-13117
-12508
-11866
-10619
-7716
-5619
-4183
-2076
351
2484
3433
4250
5224
5984
5422
4681
4353
3578
2876
1694
1029
834
-20
-278
-227
-303
-439
-996
-1136
-1250
-2306
-3515
-4586
-5878
-7466
-9297
-11020
-12366
-13809
-14936
-15345
-15482
-15098
-14189
-12403
-10128
-7756
-4774
-1580
1823
5184
8293
11407
14222
16434
18331
19830
20707
21354
20922
20765
20040
17976
17126
14818
12921
11007
7447
6347
3502
400
-1416
-4303
-5526
-8104
-10596
-11269
-12286
-13438
-14240
-13706
-12767
-11892
-11548
-9798
-6628
-4997
-3619
-1494
1015
3074
3463
4397
5831
6394
5808
4928
5287
4760
3357
2617
2190
1675
781
45
397
363
-945
-1235
-954
-1583
-2758
-4228
-4883
-5752
-7833
-9643
-10828
-12147
-13484
-14508
-14738
-14453
-14186
-13101
-11067
-8753
-6331
-3544
27
3249
6334
9589
12362
15504
17175
18874
20590
20720
21494
20893
20174
19237
17004
15747
13436
11209
8447
5797
3869
511
-1938
-4576
-6509
-8416
-11504
-12609
-13349
-14452
-15207
-15286
-13985
-12743
-12164
-11095
-7880
-5382
-4515
-2502
-198
2167
2857
2942
4601
5574
5037
4041
4342
4518
3262
2476
2203
2338
1758
684
1490
1787
978
467
441
674
-426
-2124
-2955
-3474
-5615
-7633
-9113
-10548
-11497
-13415
-13949
-13103
-13486
-12502
-10788
-8692
-5943
-3811
-461
3239
6059
8717
11899
14807
16879
18221
19170
20700
20929
19925
19856
18400
17393
15629
12779
11949
8716
6298
4255
696
-979
-4302
-6635
-8174
-11177
-12831
-13867
-14567
-15524
-15535
-14794
-13420
-12279
-11414
-8534
-6146
-4663
-3175
-1008
1399
2043
2172
3220
4101
3976
2780
2628
3112
2213
1413
1017
1107
1353
455
591
1522
1033
608
434
461
-2
-1552
-2660
-3110
-4745
-6954
-8424
-9500
-10204
-11857
-12652
-11896
-11532
-10840
-9030
-7029
-4664
-2016
688
3964
6872
9222
11841
14740
16435
17320
18512
19499
19673
19118
18090
17453
16462
14321
12672
10834
8612
6396
4013
1595
-734
-3565
-5722
-7264
-9927
-11808
-12792
-13413
-14206
-14837
-14152
-12720
-11800
-11144
-8632
-5806
-4485
-3184
-1115
1352
2525
2248
2962
4203
4051
2507
2072
2552
1558
492
-425
-239
199
-1308
-1302
-269
-590
-1208
-1721
-1384
-1619
-3665
-4774
-4852
-6260
-8347
-10076
-10668
-10656
-12273
-12871
-11684
-10930
-9662
-8135
-5605
-2471
-112
2760
6321
9230
11629
14140
16554
18745
19475
20003
21026
21293
20542
19266
18481
16952
15698
13317
10989
9448
6338
4714
1926
-774
-2959
-5889
-6963
-9911
-12131
-12922
-14178
-14500
-15842
-15624
-14077
-13261
-12644
-10908
-7654
-5997
-4434
-2636
-241
2076
1684
2520
3746
3768
3192
1904
2189
1814
445
-272
-423
-181
-1010
-1354
-543
-405
-1069
-1296
-1220
-1629
-3158
-4857
-5282
-6397
-8946
-10687
-11712
-12228
-13196
-14369
-13471
-12135
-11090
-9315
-6768
-3551
-262
2472
6039
9799
12303
15114
17619
19748
21657
21659
22840
23593
22408
22352
20333
19219
18412
15011
13549
11331
8160
6469
3449
536
-1337
-4648
-6823
-8303
-11764
-13015
-13995
-15633
-15740
-16863
-16217
-14633
-14493
-13084
-10720
-8289
-6268
-4777
-2368
59
1167
1800
2641
3634
3801
2346
2075
2214
933
404
-628
-828
-334
-1902
-1564
-873
-1657
-1221
-1858
-2181
-2236
-4251
-5038
-5656
-7797
-9433
-10796
-12124
-12532
-13787
-14370
-12720
-12379
-11047
-8588
-6321
-2691
-62
3020
7122
10148
13295
15959
18594
20705
21991
23119
23791
24253
23106
22592
21537
19163
18259
15217
13274
11530
7066
6172
3234
-360
-1636
-5307
-6630
-8820
-12195
-12791
-13844
-15289
-16281
-16306
-15624
-14525
-14533
-13141
-9898
-8387
-6646
-4917
-2368
204
504
1515
2726
3482
3453
2009
2465
2103
873
685
-335
-83
-335
-1408
-530
-437
-1168
-824
-1331
-1627
-2121
-4196
-4764
-5627
-7987
-9283
-10834
-12161
-12380
-13874
-13748
-12552
-12477
-10384
-8445
-6118
-2606
-324
3039
6760
9538
12633
15338
17655
19859
21115
22064
23430
22761
22894
22398
20681
20214
17440
16043
14444
11311
8892
6517
4185
1214
-1441
-4705
-5853
-8101
-11892
-12408
-14092
-15142
-15817
-17219
-15851
-14967
-15142
-13685
-11409
-9234
-7544
-5999
-3676
-1035
117
743
2079
2932
3198
2471
1893
2086
1190
338
134
-503
-491
-617
-909
-266
-449
-559
-324
-661
-1333
-2367
-3279
-4380
-5912
-7764
-9268
-10518
-11699
-12691
-13132
-12968
-12565
-11469
-9824
-7777
-5207
-2795
190
3496
6216
9210
11950
14417
16422
18361
19638
20562
21604
21050
21698
20951
19561
19586
17083
16171
14554
11479
10446
7597
4878
2602
-119
-2765
-4981
-7604
-10240
-11120
-13378
-14771
-15050
-15992
-15356
-15046
-14558
-12687
-11334
-9389
-7411
-5549
-3476
-1579
27
949
2346
2562
2796
2939
2079
1983
1342
637
221
-598
-633
-903
-1011
-994
-1544
-1060
-1380
-1756
-2474
-3391
-4004
-5157
-6462
-8153
-9035
-10295
-11097
-11639
-12213
-11600
-11215
-10097
-8458
-6646
-4208
-1843
859
3679
6465
9025
11683
13987
15617
17666
18726
19681
20564
19949
20613
20158
18702
18374
16312
15130
13876
10573
9131
7060
3724
1978
-1285
-3787
-5031
-8658
-10420
-11258
-13472
-13758
-14601
-15228
-13884
-13589
-13012
-11136
-9805
-7973
-5943
-4697
-2476
-819
146
1377
2150
2819
2778
2601
2267
2023
1923
501
360
215
-462
-406
-1143
-1251
-775
-1416
-2049
-2060
-2820
-3383
-4406
-5780
-6381
-7762
-9121
-9983
-10988
-11404
-11831
-11886
-11028
-10404
-9028
-7242
-5080
-2417
-60
2513
5533
8601
10763
12998
15190
17109
18757
18972
19713
20623
19931
20098
18652
17894
17849
14629
14230
12162
9673
8899
4736
3368
1289
-2671
-4061
-6937
-9312
-10706
-13388
-14513
-14873
-16082
-15922
-15155
-14855
-13160
-11686
-9925
-7329
-5896
-3539
-1214
110
1855
2785
3873
4569
3953
4121
3761
3183
2458
1149
1084
307
-909
-1153
-1605
-1806
-2255
-3170
-3043
-2918
-4187
-4607
-5192
-5995
-6259
-8250
-8565
-8754
-10390
-10272
-10821
-10716
-9715
-9769
-8426
-6577
-5200
-2788
-384
1846
4682
7229
9666
12291
14319
16122
18019
19168
19694
20674
20647
20313
20218
18419
18127
16682
13759
13354
10327
8262
6590
2398
1551
-1479
-5008
-6057
-9116
-10866
-12233
-14461
-15150
-15293
-16016
-15543
-14550
-14241
-12308
-10672
-9135
-6413
-5162
-2985
-1035
355
2168
2599
3737
3932
3989
4226
3204
2992
2080
1198
886
-565
-1177
-1688
-2729
-2765
-3525
-4253
-4152
-4701
-5282
-5129
-5829
-6300
-6359
-7316
-7073
-7610
-8363
-7844
-8170
-7801
-7388
-6857
-5289
-4406
-2951
-733
1241
3482
5594
7614
10523
12538
13993
16234
17563
19064
19489
19689
20436
19604
19366
17415
16507
15452
12054
11346
7854
5951
4257
-114
-851
-4248
-6586
-7931
-11177
-11899
-13662
-14847
-15270
-15875
-15419
-14712
-13700
-12913
-10537
-8549
-6673
-4069
-2819
87
1969
2716
4580
5036
5841
5631
5077
5056
3846
2908
1692
307
-499
-1879
-2970
-3323
-4496
-4908
-4965
-5641
-5151
-5337
-5815
-4785
-5316
-5568
-5001
-5837
-5443
-5820
-6874
-6460
-6650
-7194
-6955
-7021
-6359
-5381
-4890
-3231
-1426
392
2238
4560
6892
9172
11263
13083
15271
16228
17566
18496
18439
19041
17851
17731
17006
14666
14356
11556
10524
8898
5441
5149
1858
-202
-1641
-4828
-5599
-8327
-10585
-11264
-12706
-13815
-14520
-14382
-13905
-12881
-12222
-10687
-7892
-6379
-4261
-1774
262
2277
3280
4699
5938
6011
5753
5109
5027
3787
1940
1338
-358
-1382
-2511
-4267
-3878
-4675
-5625
-5020
-5276
-4848
-4215
-4669
-3794
-3127
-3895
-3415
-3861
-4323
-4638
-6003
-6250
-7098
-8173
-8491
-8747
-8790
-8228
-7723
-6315
-4199
-2670
-155
2546
4900
7835
10311
12434
15095
16201
17535
19045
18575
19273
18338
17490
17250
14400
13780
11658
9653
8451
4994
4350
1924
-503
-1901
-4745
-5427
-7666
-9764
-10486
-11704
-12380
-13296
-13325
-12733
-11582
-11280
-10468
-7520
-6188
-4343
-2595
-961
1851
2514
3365
4744
5415
5405
5055
4575
4290
3493
1659
1327
529
-982
-1468
-2608
-2750
-2803
-4103
-3731
-3463
-3786
-3679
-3792
-3513
-3426
-4050
-4425
-4298
-5138
-5934
-6481
-7294
-7562
-8526
-8876
-8450
-8607
-8118
-7107
-5821
-4016
-2390
-313
2419
4447
6934
8995
11084
13118
13928
15310
15873
16082
16264
15418
15034
14291
13132
12252
10664
9868
8722
7162
5998
4542
3633
1757
410
-1090
-2931
-3680
-6282
-7389
-8186
-10089
-10446
-11386
-11319
-10924
-10880
-9744
-8311
-6767
-5278
-3463
-1375
573
1889
2941
4474
5329
5273
4952
4866
4237
3162
1630
314
-186
-2226
-3327
-4063
-4979
-4814
-6051
-5774
-4949
-5416
-4677
-4324
-4125
-3309
-3758
-3840
-3586
-4559
-5105
-5739
-6699
-7310
-8326
-8999
-8830
-9030
-8898
-8001
-6898
-5311
-3582
-1713
919
3338
5492
8185
10162
12379
14021
14927
16491
16873
16915
17006
16341
15961
14882
13850
12970
11457
10467
8832
7534
6208
4723
3085
1475
231
-2043
-3199
-4960
-6665
-7535
-9133
-9722
-10574
-11156
-10591
-10340
-9607
-8827
-7394
-5396
-4081
-2200
-466
1608
2749
3726
5114
5490
5569
5088
4859
3973
2672
1045
-109
-1071
-3173
-4243
-5103
-5977
-6343
-7181
-6980
-6212
-6726
-6295
-5311
-5209
-4734
-4839
-4700
-4404
-5293
-5963
-6408
-6981
-7714
-8703
-8964
-8887
-8948
-8650
-7945
-6424
-5105
-3582
-1445
579
3155
5381
7449
9972
11583
13494
15069
15949
17071
16982
17416
17090
16294
15957
14429
13703
12062
10738
9515
7543
6626
4656
3695
2165
282
-177
-2198
-3023
-4459
-5972
-6065
-7901
-8572
-9319
-9707
-9410
-10018
-9302
-8332
-7177
-5943
-4405
-2411
-841
1014
2285
3620
4672
4965
5190
4875
4364
3266
2129
554
-725
-2076
-3970
-4585
-5980
-6777
-6924
-7890
-7258
-7099
-7082
-6341
-6239
-5375
-5112
-5424
-5005
-5287
-5836
-6396
-7225
-7729
-8310
-9199
-9363
-9137
-8938
-8297
-7337
-5652
-3706
-1880
279
3070
5648
7812
10086
12301
14441
15730
16624
17809
17875
17923
17617
16478
16261
14497
13227
12398
10236
9432
7483
6421
5521
3223
2974
1645
273
-577
-2398
-2847
-4460
-6066
-6751
-8164
-8858
-10172
-10390
-10199
-10294
-9855
-8829
-6853
-5837
-4021
-2058
40
2288
2811
4483
5930
5810
5841
5191
4872
3967
1714
268
-912
-2690
-4687
-6269
-7025
-7900
-8921
-9410
-9124
-8702
-8631
-8036
-7199
-6464
-6003
-5736
-5173
-4975
-5204
-5607
-5853
-6117
-6859
-7354
-7492
-7374
-7245
-6859
-5819
-4524
-3046
-1164
933
3190
5453
7610
9841
11939
13302
14718
16023
16405
16714
16461
16123
15820
14676
13716
12765
11618
10765
9754
8720
8008
7399
6551
5706
5019
4470
3459
2114
984
-342
-1686
-3696
-5457
-6870
-8529
-10019
-11366
-11847
-12107
-12174
-11949
-10713
-9126
-7823
-5964
-4237
-1924
11
871
2416
3567
3963
3975
3310
2897
1953
483
-1119
-2632
-3914
-5572
-6890
-7800
-8304
-8689
-9248
-8791
-8099
-7705
-7065
-6344
-5309
-4557
-4227
-3796
-3298
-3094
-3382
-3557
-3591
-3803
-4185
-4401
-4134
-3873
-3397
-2791
-1731
-283
1112
2875
4532
6380
8307
9962
11433
12685
13628
14482
14710
14546
14571
13752
13269
12360
11136
10928
9510
8929
8654
7302
7769
7034
6225
6430
4999
5040
4067
1899
1342
-792
-2268
-3960
-7057
-7994
-9575
-11407
-12279
-13297
-13023
-12633
-12474
-11317
-9530
-8019
-6320
-4513
-2664
-627
180
1338
2579
2674
2946
2357
1903
1393
-313
-1367
-2534
-3935
-5133
-6326
-7048
-7340
-7800
-8054
-7191
-6834
-6308
-5155
-4351
-3024
-2403
-1787
-526
-153
-58
-12
78
87
-504
-1243
-1433
-1730
-2402
-2504
-2697
-2308
-1721
-1719
-269
879
1844
3629
4711
6548
7993
8860
10337
11185
11765
12080
12338
12392
11929
11507
11086
10792
10109
9335
8805
8543
8029
6984
6631
5973
5316
4280
2846
2086
491
-1024
-2966
-4609
-5715
-7975
-9325
-10628
-11412
-11758
-12585
-12434
-11741
-10702
-9832
-8481
-6816
-4874
-2992
-1822
-158
1299
2185
2752
2720
2824
2507
1568
569
-560
-1605
-2854
-4104
-4786
-5527
-5967
-5918
-5807
-4938
-4184
-3524
-2112
-985
-32
950
1456
2099
2433
1966
1910
1423
486
-107
-1241
-1857
-2420
-3280
-3433
-3531
-3439
-2921
-2355
-1421
-272
816
2155
3459
4737
5824
6680
7673
8174
8230
8170
7857
7539
6786
5994
5169
4650
4082
3499
3573
3437
3670
3821
4138
4708
5019
5058
4960
4872
4190
3396
1887
656
-766
-3286
-4595
-6480
-8231
-9257
-10739
-10930
-11034
-10936
-9923
-8703
-7082
-5254
-3317
-1275
764
2457
3845
4890
5367
5637
5105
4328
3297
1821
262
-1561
-2740
-4129
-5321
-6099
-6245
-5905
-5632
-4671
-3483
-1832
-491
833
2472
3663
4594
4953
5201
5298
4637
3939
3013
1748
642
-561
-1700
-2753
-3544
-4145
-4554
-4773
-4710
-4338
-4063
-3330
-2699
-2007
-1064
-671
17
769
997
1166
1032
1059
1023
404
-53
-163
-284
-637
-569
-328
350
1173
1632
2772
4118
5273
6415
7463
8564
9334
9598
9694
9375
8759
7664
6422
4520
2606
992
-1424
-2961
-4907
-6383
-6903
-8089
-8263
-7857
-7211
-6499
-5455
-4015
-2397
-878
-245
1404
2415
2717
3247
2886
3349
2705
1640
1371
632
76
-856
-1312
-1174
-1279
-1195
-913
69
991
1576
2685
3472
4367
4952
5043
5245
4703
3861
2972
1554
-240
-2020
-4005
-5766
-7459
-9413
-10702
-11491
-12223
-12705
-12730
-12375
-11445
-10831
-10133
-8679
-7788
-6662
-5629
-4793
-3581
-2982
-2396
-1506
-908
-349
175
624
1326
1964
2579
3509
4253
5085
6129
7032
8232
9303
10218
11249
12181
13023
13544
13773
14071
13890
13250
12652
11572
10123
8643
6508
4612
2694
81
-1490
-3568
-5389
-6124
-7587
-7612
-7279
-7400
-5921
-4628
-3225
-1081
408
2278
4104
5283
6284
6995
7268
7062
6472
5541
4347
2890
1295
-361
-1748
-3244
-4470
-5089
-5985
-6311
-6167
-6259
-5503
-5134
-4914
-3823
-3829
-3500
-3198
-4085
-4121
-4881
-6369
-6965
-8459
-9707
-10587
-12212
-12513
-12879
-13435
-12975
-12696
-11846
-10592
-9757
-8088
-6483
-5108
-3443
-2345
-1027
336
1134
1919
2766
3206
3820
4373
4459
5228
5681
5979
6636
6944
7830
8457
8974
9797
10267
11144
11566
12102
12721
12688
13189
13103
13060
12926
12195
12111
11115
10346
9725
8264
7824
6352
5130
4488
2892
2291
1011
154
-106
-1207
-1589
-1956
-2185
-2321
-2579
-2716
-2431
-2207
-2553
-2259
-2294
-2144
-2306
-3095
-2891
-3437
-4162
-4992
-5868
-6314
-7535
-8285
-8884
-9523
-9927
-10436
-10412
-10301
-10185
-9959
-9454
-8633
-8340
-7697
-7099
-6500
-5646
-5730
-5231
-4955
-5031
-4679
-5252
-5176
-5064
-5680
-5421
-5579
-5534
-5124
-5158
-4472
-3780
-3212
-2226
-1392
-389
768
1570
2744
3851
4528
5664
6331
6904
7777
8218
8680
8984
9234
9343
9523
9342
9093
9141
8868
8618
8284
8164
8227
7929
8073
8415
8504
9169
9375
9963
10870
10690
11258
11407
11114
10932
9601
9016
7791
5669
4291
2067
350
-1291
-3712
-4860
-5944
-7402
-8032
-8413
-8472
-8268
-8256
-7680
-6900
-6503
-5903
-5422
-5045
-4714
-4990
-5113
-5403
-6106
-6674
-7677
-8558
-9347
-10254
-10618
-11207
-11452
-11171
-10959
-10073
-9299
-8298
-6907
-5748
-4254
-2997
-1949
-684
178
703
1325
1640
1777
1901
1479
1372
1282
622
382
25
-284
-338
-656
-604
-393
-368
-145
394
779
1163
1751
2234
2734
3180
3417
3885
4324
4446
4593
4888
5322
5514
5705
6086
6552
6904
7101
7453
7692
7768
7885
7697
7392
7359
6868
6486
6235
5660
5619
5517
5155
5410
5388
5512
5782
5559
5835
5721
5333
4840
4331
3422
2376
1293
-395
-1322
-3080
-4787
-5763
-7623
-8411
-9640
-10916
-11023
-11762
-11997
-12000
-11884
-11285
-10865
-10313
-9386
-8409
-7699
-6760
-6062
-5250
-4479
-4365
-3826
-3740
-3689
-3617
-4010
-3950
-4017
-3992
-3829
-3463
-2815
-2172
-1099
-47
1197
2407
3516
4878
5827
6604
7162
7375
7529
7233
6598
5827
4879
3790
2655
1486
354
-529
-1388
-1947
-2306
-2447
-2430
-2139
-1636
-1208
-545
134
822
1430
1901
2381
2653
2752
2842
2677
2496
2284
2006
1852
1642
1698
1775
1827
2212
2509
3002
3399
3690
4133
4493
4686
4578
4652
4610
4442
4080
3691
3625
3350
3068
2838
2759
2830
2610
2488
2435
2286
1915
1273
940
57
-828
-1852
-3255
-4011
-5648
-6933
-7863
-9177
-9874
-10932
-11185
-11144
-11330
-10898
-10222
-9073
-8043
-7014
-5533
-3774
-2405
-1321
50
1385
2449
2903
3316
3989
4069
3890
3619
3472
3303
2728
2399
2241
2083
1924
1816
2005
2252
2364
2639
2829
3101
3427
3182
3194
3133
2612
2318
1605
929
342
-630
-1206
-1983
-2720
-2969
-3581
-3749
-3735
-3857
-3455
-3242
-2949
-2418
-1998
-1387
-1076
-700
-177
97
457
581
757
1111
1160
1152
1316
1371
1494
1412
1355
1472
1335
1306
1146
1096
1039
948
925
807
893
910
985
920
993
1113
1082
1229
1199
1351
1554
1698
2052
2252
2649
3113
3394
3761
3960
4168
4101
3886
3459
2866
2027
974
-53
-1455
-2626
-4022
-5291
-6248
-7445
-7950
-8383
-8675
-8362
-8052
-7158
-6133
-5246
-3808
-2310
-1020
393
1582
2618
3665
4284
4637
4923
4958
4863
4526
4097
3720
3250
2833
2496
2108
1872
1762
1649
1708
1656
1651
1863
1916
1847
1782
1661
1619
1165
611
248
-419
-1008
-1890
-2596
-3220
-4066
-4530
-5135
-5406
-5754
-6126
-5951
-5983
-5779
-5581
-5198
-4649
-4211
-3491
-2955
-2108
-1426
-750
100
569
1281
1918
2317
2726
2961
3241
3489
3437
3326
3355
3325
3043
2695
2436
2300
2027
1632
1481
1352
1166
1057
960
996
1217
1149
1377
1687
1912
2417
2609
3055
3506
3757
3933
4032
4022
3849
3349
2557
2071
1083
-97
-1228
-2565
-3453
-4778
-5858
-6611
-7246
-7485
-7988
-7760
-7352
-6719
-6003
-5164
-3929
-2875
-1616
-784
393
1317
1955
2729
2823
3245
3346
3201
3122
2747
2541
2232
1928
1588
1556
1537
1478
1693
1811
2232
2495
2772
3153
3392
3662
3657
3571
3501
3212
2767
2200
1582
1002
276
-522
-1269
-1954
-2593
-3245
-3800
-4272
-4543
-4769
-4979
-4885
-4919
-4697
-4460
-4328
-3843
-3601
-3250
-2903
-2619
-2195
-2034
-1806
-1514
-1132
-830
-569
-168
217
817
1167
1569
2153
2416
2862
3014
3072
3197
2950
2716
2248
1671
1067
406
-248
-886
-1534
-2099
-2382
-2618
-2584
-2531
-2238
-1567
-1048
-114
608
1503
2590
3250
4046
4424
4909
5030
4787
4553
3826
3270
2246
1089
166
-954
-1871
-2813
-3482
-3856
-4052
-4131
-3842
-3285
-2728
-1887
-1099
-98
901
1624
2448
3106
3612
4023
4163
4260
4264
4056
3784
3529
3245
2946
2684
2499
2405
2361
2392
2424
2556
2758
2917
3094
3218
3143
3144
2980
2600
2215
1540
918
65
-952
-1786
-2766
-3643
-4501
-5376
-5934
-6423
-6907
-7092
-7293
-7181
-6986
-6982
-6554
-6333
-5990
-5549
-5265
-4806
-4455
-4111
-3762
-3418
-3118
-2780
-2406
-2194
-1830
-1492
-1221
-898
-679
-253
158
512
903
1214
1647
2066
2264
2454
2617
2646
2631
2341
2056
1882
1447
1030
651
393
290
56
0
242
511
962
1455
2103
2914
3502
4230
4803
5207
5665
5529
5568
5349
4453
4017
2906
1895
948
-640
-1426
-2548
-3568
-4140
-4942
-5046
-5003
-4904
-4364
-3619
-2726
-1580
-546
656
1990
2944
4123
4833
5384
5958
5940
6056
5763
5322
4996
4190
3610
2953
2322
1957
1346
1093
919
844
883
888
1050
1132
1247
1117
1084
851
349
-31
-889
-1588
-2361
-3323
-4091
-4993
-5646
-6125
-6486
-6650
-6652
-6368
-5908
-5285
-4623
-3951
-3134
-2364
-1688
-1086
-632
-320
-77
-12
-119
-220
-437
-741
-1055
-1369
-1653
-1798
-1978
-2027
-1941
-1837
-1474
-1143
-739
-240
168
625
1035
1340
1376
1390
1283
942
608
-135
-712
-1312
-2073
-2683
-3451
-3898
-4197
-4449
-4490
-4316
-3936
-3363
-2582
-1780
-675
383
1446
2656
3617
4622
5405
6023
6625
6909
6911
6889
6549
6120
5556
4761
4213
3396
2560
1892
1093
747
252
-171
-237
-350
-62
102
338
911
1397
2056
2496
2885
3506
3934
4255
4375
4472
4563
4491
4220
3913
3678
3337
2914
2485
2086
1822
1443
1010
818
626
394
163
-116
-159
-225
-516
-710
-835
-1037
-1305
-1698
-2102
-2329
-2783
-3301
-3771
-4250
-4679
-5139
-5561
-5877
-6073
-6192
-6286
-6296
-6205
-6046
-5745
-5504
-5186
-4870
-4512
-4156
-3902
-3599
-3234
-2905
-2629
-2367
-2090
-1698
-1464
-1139
-808
-478
-98
97
340
576
759
789
725
622
378
96
-347
-816
-1245
-1743
-2291
-2772
-3180
-3529
-3705
-3805
-3719
-3496
-3105
-2497
-1787
-928
74
1168
2280
3488
4631
5792
6899
7769
8596
9262
9764
10043
10126
9984
9693
9239
8493
7728
6743
5704
4686
3535
2504
1538
624
-126
-706
-1163
-1442
-1542
-1591
-1409
-1188
-977
-673
-406
-86
130
187
297
309
292
197
-37
-157
-219
-313
-500
-602
-468
-350
-215
-184
-34
307
456
607
661
848
984
845
755
615
482
206
-237
-683
-1147
-1644
-2208
-2751
-3289
-3801
-4281
-4676
-5028
-5309
-5464
-5503
-5521
-5499
-5332
-5143
-4924
-4786
-4657
-4430
-4220
-4226
-4164
-4079
-3911
-3699
-3639
-3352
-3060
-2613
-2117
-1780
-1184
-706
-176
327
555
893
1082
1242
1270
1072
925
700
554
245
-114
-386
-636
-687
-865
-1009
-942
-686
-386
-46
336
884
1683
2273
2978
3772
4570
5410
5951
6648
7411
7942
8332
8510
8818
8963
8882
8600
8117
7825
7154
6342
5516
4460
3602
2521
1367
476
-551
-1344
-2062
-2761
-3143
-3414
-3474
-3469
-3368
-3061
-2629
-2207
-1800
-1228
-687
-192
136
450
914
1152
1197
1186
1325
1406
1302
1071
933
1071
966
700
525
473
529
381
189
111
15
-212
-486
-775
-987
-1358
-1857
-2266
-2712
-3025
-3562
-4068
-4295
-4619
-4866
-5118
-5194
-5052
-5043
-4998
-4886
-4558
-4280
-4132
-3908
-3744
-3427
-3290
-3200
-2972
-2883
-2677
-2518
-2343
-2022
-1770
-1505
-1171
-871
-489
-41
226
573
794
1002
1339
1355
1376
1310
1195
1200
936
581
306
-13
-247
-518
-918
-1092
-1315
-1558
-1612
-1767
-1657
-1493
-1391
-1069
-761
-216
426
979
1702
2474
3297
4089
4779
5618
6443
7021
7519
7906
8278
8451
8258
8115
7835
7422
6805
5954
5263
4488
3602
2628
1717
979
207
-552
-1265
-1708
-2067
-2432
-2654
-2750
-2681
-2579
-2468
-2227
-1848
-1486
-1188
-913
-548
-291
-101
-34
-48
71
-15
-186
-357
-563
-722
-969
-1260
-1419
-1456
-1490
-1624
-1721
-1685
-1588
-1502
-1506
-1431
-1286
-1280
-1229
-1294
-1387
-1425
-1668
-1808
-1994
-2174
-2296
-2455
-2534
-2683
-2689
-2660
-2689
-2632
-2581
-2386
-2238
-2262
-2127
-2097
-1997
-1934
-2031
-1800
-1735
-1774
-1679
-1672
-1503
-1408
-1463
-1311
-1147
-1015
-888
-803
-527
-266
-121
52
184
446
563
613
804
811
858
860
797
895
848
703
700
530
448
434
326
395
392
413
613
819
1110
1471
1764
2186
2633
3048
3527
3944
4320
4665
4947
5261
5536
5668
5708
5729
5628
5495
5334
5012
4687
4306
3798
3191
2517
1867
1259
507
-330
-1051
-1761
-2413
-3084
-3730
-4075
-4338
-4537
-4553
-4509
-4250
-3864
-3490
-2893
-2253
-1620
-899
-245
446
1097
1561
1986
2364
2638
2871
2899
2871
2912
2755
2618
2407
2220
2170
1855
1671
1469
1204
1085
782
621
486
247
-27
-334
-570
-790
-1046
-1441
-1764
-2036
-2419
-2742
-3128
-3400
-3548
-3797
-3923
-4018
-4074
-4026
-3980
-3922
-3810
-3674
-3569
-3496
-3481
-3455
-3361
-3394
-3412
-3455
-3533
-3404
-3381
-3295
-3158
-3036
-2707
-2450
-2171
-1831
-1464
-1057
-744
-410
-142
100
308
365
473
511
512
439
254
121
-31
-141
-284
-402
-538
-601
-562
-527
-363
-129
214
643
1077
1550
2202
2870
3505
4138
4636
5250
5795
6176
6599
6879
7121
7231
7153
7078
6838
6574
6135
5584
5072
4433
3849
3170
2461
1861
1237
644
146
-316
-662
-914
-1168
-1153
-1105
-1094
-950
-842
-559
-294
-135
130
408
605
791
890
977
1128
1160
1215
1189
1037
939
810
763
569
311
179
-29
-196
-489
-716
-814
-1099
-1359
-1619
-1761
-1872
-2129
-2349
-2546
-2709
-2941
-3201
-3422
-3640
-3973
-4306
-4581
-4881
-5167
-5529
-5785
-5992
-6220
-6375
-6591
-6646
-6643
-6693
-6652
-6614
-6404
-6123
-5967
-5733
-5406
-4956
-4468
-4105
-3574
-3026
-2466
-1913
-1433
-720
-122
395
976
1457
2037
2501
2834
3234
3532
3764
3946
4075
4193
4214
4154
4103
4013
3938
3801
3634
3575
3456
3416
3359
3286
3368
3439
3553
3654
3820
4047
4248
4446
4558
4743
4894
4973
5073
5062
5096
5046
4933
4909
4796
4649
4467
4241
4060
3830
3499
3182
2790
2414
2009
1527
1120
661
213
-193
-646
-987
-1289
-1575
-1784
-1997
-2128
-2207
-2280
-2284
-2226
-2174
-2042
-1971
-1914
-1762
-1700
-1617
-1575
-1634
-1571
-1585
-1613
-1634
-1772
-1791
-1818
-1874
-1926
-2026
-2062
-1996
-1986
-2028
-2030
-1952
-1891
-1867
-1875
-1858
-1765
-1827
-1845
-1860
-1929
-1917
-2096
-2210
-2321
-2465
-2536
-2689
-2777
-2879
-2853
-2795
-2682
-2487
-2345
-2020
-1754
-1484
-1143
-890
-554
-317
-145
80
170
232
297
306
344
206
87
81
23
7
-96
-120
-128
-142
-167
-173
-91
-94
24
80
183
342
446
647
763
946
1124
1269
1415
1524
1666
1723
1817
1847
1859
1897
1817
1766
1683
1534
1437
1306
1182
1038
896
787
738
711
634
650
671
753
859
968
1101
1248
1355
1516
1695
1803
1936
1958
2015
2110
2126
2163
2130
2087
2067
1972
1892
1785
1680
1559
1469
1392
1308
1248
1179
1162
1144
1132
1135
1131
1146
1164
1146
1149
1119
1060
1006
894
750
573
370
144
-146
-417
-714
-996
-1272
-1588
-1764
-1977
-2217
-2369
-2526
-2549
-2571
-2659
-2656
-2655
-2595
-2527
-2530
-2496
-2488
-2488
-2549
-2604
-2635
-2718
-2762
-2882
-2949
-2978
-3032
-3001
-2984
-2951
-2889
-2823
-2721
-2575
-2459
-2325
-2184
-2073
-1947
-1834
-1696
-1557
-1482
-1451
-1397
-1267
-1156
-1093
-1031
-957
-824
-720
-612
-451
-348
-203
-75
66
287
399
588
751
886
1051
1155
1300
1394
1471
1492
1539
1590
1592
1610
1590
1609
1606
1553
1537
1525
1555
1541
1496
1491
1532
1594
1603
1621
1655
1749
1841
1917
1989
2090
2206
2321
2463
2584
2740
2863
2996
3112
3240
3378
3483
3618
3643
3744
3831
3879
3962
3887
3893
3868
3739
3653
3474
3316
3113
2804
2510
2187
1836
1421
988
579
122
-314
-754
-1187
-1557
-1986
-2355
-2674
-2962
-3142
-3363
-3544
-3641
-3709
-3671
-3619
-3582
-3476
-3355
-3197
-2990
-2817
-2627
-2408
-2249
-2068
-1942
-1835
-1689
-1664
-1611
-1602
-1612
-1621
-1753
-1795
-1907
-1997
-2092
-2293
-2376
-2478
-2600
-2656
-2759
-2762
-2703
-2683
-2609
-2512
-2337
-2162
-2012
-1840
-1636
-1429
-1290
-1146
-967
-792
-634
-547
-436
-303
-165
-93
-36
60
145
242
277
386
524
637
735
801
969
1117
1232
1335
1434
1591
1686
1766
1853
1916
1947
1920
1852
1843
1787
1680
1564
1438
1321
1210
1080
958
876
791
759
724
717
736
773
815
889
962
1057
1180
1270
1378
1479
1571
1690
1805
1933
2044
2086
2195
2287
2365
2450
2472
2531
2564
2582
2610
2616
2618
2591
2559
2496
2451
2393
2300
2199
2044
1924
1774
1595
1371
1134
887
618
324
30
-237
-562
-846
-1143
-1403
-1616
-1886
-2064
-2240
-2376
-2458
-2581
-2636
-2652
-2661
-2657
-2636
-2600
-2528
-2486
-2429
-2358
-2299
-2251
-2229
-2206
-2198
-2214
-2258
-2309
-2360
-2449
-2547
-2626
-2700
-2764
-2834
-2866
-2891
-2890
-2880
-2843
-2751
-2682
-2575
-2487
-2349
-2178
-2039
-1829
-1671
-1475
-1279
-1105
-859
-666
-459
-285
-113
78
225
344
449
568
638
696
743
781
841
840
849
871
869
893
895
903
928
958
995
1017
1070
1148
1225
1293
1358
1441
1545
1644
1708
1800
1850
1902
1955
1961
2014
1985
1976
1962
1912
1912
1853
1846
1840
1805
1828
1814
1851
1879
1903
1974
1981
2033
2079
2108
2116
2105
2118
2105
2067
2012
1932
1861
1781
1665
1561
1441
1346
1233
1121
1011
895
822
698
595
513
421
374
300
247
202
150
139
100
73
73
56
63
16
-24
-45
-106
-177
-319
-443
-618
-805
-1002
-1256
-1478
-1741
-1997
-2238
-2506
-2747
-2954
-3143
-3302
-3446
-3562
-3629
-3658
-3678
-3671
-3648
-3592
-3512
-3435
-3343
-3241
-3110
-3015
-2873
-2729
-2592
-2402
-2248
-2052
-1862
-1678
-1440
-1210
-1009
-781
-579
-368
-174
-2
175
317
472
590
711
789
836
906
945
962
972
955
969
984
956
955
938
924
943
914
926
930
926
953
937
949
928
902
895
854
810
750
699
675
596
541
501
476
501
478
512
595
687
818
926
1098
1312
1482
1670
1843
2038
2212
2316
2425
2509
2574
2578
2546
2501
2434
2346
2204
2054
1914
1735
1594
1418
1233
1113
938
817
685
545
490
373
284
209
123
76
25
-47
-110
-166
-219
-256
-333
-393
-445
-507
-573
-642
-701
-753
-813
-884
-952
-1020
-1063
-1119
-1152
-1200
-1232
-1233
-1243
-1226
-1229
-1214
-1177
-1157
-1118
-1108
-1084
-1038
-1017
-1005
-1026
-1034
-1043
-1077
-1130
-1203
-1259
-1328
-1421
-1511
-1633
-1712
-1796
-1905
-1979
-2052
-2075
-2096
-2103
-2082
-2049
-1979
-1883
-1789
-1679
-1550
-1412
-1237
-1111
-977
-825
-689
-530
-423
-321
-204
-103
-6
73
124
187
251
283
312
341
359
395
385
383
394
385
410
390
409
412
406
441
435
460
472
519
588
626
692
770
889
1025
1149
1278
1423
1595
1761
1913
2075
2248
2388
2521
2627
2710
2808
2853
2908
2909
2890
2871
2807
2757
2677
2560
2455
2325
2193
2061
1888
1754
1603
1438
1291
1097
940
790
615
478
335
205
114
15
-84
-158
-236
-299
-369
-434
-479
-551
-616
-679
-757
-832
-933
-1022
-1117
-1226
-1314
-1420
-1513
-1614
-1708
-1797
-1877
-1949
-2002
-2050
-2095
-2111
-2136
-2133
-2127
-2098
-2081
-2058
-2016
-1995
-1944
-1907
-1887
-1843
-1824
-1802
-1758
-1737
-1692
-1639
-1603
-1532
-1466
-1391
-1294
-1206
-1076
-949
-820
-688
-550
-415
-284
-159
-23
95
202
315
403
499
584
661
749
821
887
965
1035
1102
1179
1243
1289
1360
1396
1458
1489
1517
1550
1537
1558
1528
1511
1488
1435
1409
1350
1302
1254
1202
1164
1107
1066
1017
982
945
900
882
835
803
776
736
707
676
656
634
607
606
579
585
579
563
562
527
525
481
446
409
346
303
232
164
83
8
-73
-161
-241
-339
-404
-496
-563
-639
-725
-792
-873
-942
-1013
-1070
-1126
-1167
-1225
-1246
-1280
-1303
-1291
-1300
-1276
-1237
-1199
-1130
-1067
-1008
-911
-840
-765
-671
-598
-511
-436
-369
-309
-254
-209
-194
-162
-162
-172
-189
-227
-258
-291
-355
-392
-444
-495
-516
-554
-563
-560
-566
-525
-504
-459
-385
-351
-263
-203
-131
-47
18
97
167
229
297
341
394
440
468
499
511
533
543
541
546
545
533
544
546
547
558
561
560
566
561
553
548
539
525
523
499
481
476
439
430
411
390
383
367
350
340
349
340
340
355
353
376
386
397
419
433
441
453
460
464
477
475
487
488
482
485
478
482
470
459
440
401
367
305
261
188
122
47
-54
-116
-232
-295
-373
-470
-519
-615
-673
-724
-770
-800
-823
-835
-852
-854
-868
-866
-861
-871
-866
-870
-880
-872
-878
-873
-857
-852
-832
-806
-773
-716
-676
-600
-549
-484
-409
-380
-297
-253
-207
-148
-135
-114
-98
-113
-112
-133
-164
-191
-240
-276
-331
-359
-402
-430
-445
-486
-474
-486
-477
-458
-457
-408
-392
-347
-311
-266
-213
-159
-99
-45
31
77
169
230
323
409
484
579
643
740
795
885
943
997
1061
1079
1117
1122
1130
1119
1109
1083
1063
1037
996
979
940
918
871
855
828
811
805
786
795
787
805
810
831
841
860
867
872
887
870
890
859
851
826
777
753
682
643
567
519
451
374
320
224
169
87
25
-33
-97
-148
-202
-248
-290
-307
-361
-368
-399
-432
-437
-469
-471
-493
-498
-527
-546
-581
-606
-635
-676
-697
-748
-784
-836
-871
-917
-961
-989
-1037
-1056
-1093
-1092
-1112
-1105
-1108
-1119
-1093
-1112
-1067
-1072
-1042
-1015
-1022
-990
-1001
-972
-974
-959
-951
-945
-930
-914
-896
-884
-841
-837
-796
-775
-747
-693
-664
-603
-567
-506
-454
-395
-332
-269
-194
-129
-51
16
109
175
278
362
440
554
608
723
783
862
952
985
1077
1099
1151
1193
1220
1254
1275
1284
1283
1295
1258
1259
1219
1182
1150
1091
1047
993
947
891
852
797
767
721
683
662
625
609
571
552
513
489
466
432
413
378
355
325
312
285
274
267
242
245
215
213
195
180
167
143
124
89
71
28
16
-19
-39
-61
-92
-114
-144
-155
-201
-213
-250
-279
-294
-330
-345
-378
-391
-432
-441
-473
-504
-496
-542
-552
-573
-604
-615
-626
-639
-646
-641
-650
-644
-635
-622
-605
-588
-563
-536
-509
-480
-455
-433
-403
-394
-370
-349
-340
-326
-321
-308
-309
-308
-310
-313
-310
-319
-319
-314
-313
-307
-291
-284
-255
-229
-214
-166
-145
-106
-71
-37
-3
33
76
99
151
167
212
249
263
300
304
327
340
344
359
351
355
354
334
331
303
286
271
242
238
203
188
176
136
124
95
68
53
27
16
-1
-11
-20
-29
-42
-35
-33
-35
-26
-17
-2
10
24
34
42
54
65
75
85
99
109
110
134
146
162
190
212
241
274
295
319
342
345
355
351
347
342
328
303
300
273
247
245
215
213
197
190
190
180
183
172
172
157
154
139
123
112
90
68
52
33
-5
-6
-44
-60
-73
-103
-95
-111
-114
-101
-110
-98
-79
-78
-56
-37
-30
-12
0
3
7
4
-3
-20
-42
-74
-94
-115
-151
-161
-201
-222
-242
-286
-298
-319
-342
-366
-387
-410
-426
-448
-472
-475
-489
-502
-515
-528
-527
-524
-537
-529
-512
-514
-497
-485
-467
-440
-420
-392
-355
-319
-289
-240
-206
-150
-102
-70
-1
30
73
115
132
167
188
188
206
206
205
213
198
209
209
197
198
181
168
154
135
114
97
75
51
40
29
18
19
17
20
37
37
59
68
72
106
95
117
129
120
153
139
156
157
152
159
155
159
166
153
164
167
161
179
168
190
192
205
224
233
259
266
290
304
330
357
368
395
408
421
437
444
452
462
459
460
466
451
449
423
413
382
356
327
292
266
218
188
146
99
55
14
-36
-65
-109
-144
-163
-199
-217
-234
-256
-269
-276
-284
-286
-290
-298
-306
-298
-310
-304
-305
-329
-328
-361
-382
-394
-429
-445
-468
-486
-505
-518
-524
-532
-520
-509
-495
-463
-442
-413
-380
-342
-306
-272
-233
-199
-166
-141
-109
-88
-64
-42
-33
-7
-3
17
36
41
72
68
86
107
104
134
143
154
174
176
186
203
210
216
232
228
230
238
224
223
214
208
193
186
177
163
158
145
136
132
120
114
108
98
94
82
77
68
65
57
55
53
53
50
52
51
58
57
65
66
65
72
63
73
61
66
61
52
57
47
53
41
41
49
38
51
54
61
70
78
91
100
121
128
142
158
156
168
168
169
169
164
160
154
148
136
139
133
134
135
136
137
133
134
121
121
107
90
79
50
38
9
-13
-28
-66
-75
-105
-125
-141
-169
-177
-203
-210
-233
-245
-249
-274
-265
-279
-279
-274
-282
-266
-270
-255
-249
-239
-219
-213
-194
-179
-169
-152
-140
-123
-105
-91
-73
-64
-46
-35
-26
-12
-4
5
9
15
22
18
27
23
28
34
26
40
40
35
44
43
42
49
51
56
66
76
77
92
101
101
121
125
133
146
145
161
157
162
167
156
164
148
150
139
123
127
101
101
89
74
69
57
50
41
36
25
18
7
-4
-14
-31
-33
-45
-50
-50
-58
-58
-62
-61
-60
-57
-49
-43
-37
-27
-20
-13
-5
4
8
14
19
21
29
28
32
32
29
24
24
16
12
6
-4
-7
-30
-37
-57
-81
-94
-123
-139
-158
-185
-197
-214
-236
-244
-261
-278
-274
-295
-290
-288
-296
-285
-284
-280
-272
-265
-256
-245
-232
-223
-207
-193
-183
-163
-156
-141
-124
-110
-97
-80
-62
-51
-30
-14
6
26
49
63
90
111
121
156
161
180
200
201
221
228
232
242
247
247
256
257
253
265
257
264
264
269
273
271
279
272
274
275
267
269
267
255
260
250
238
242
226
222
216
205
198
196
184
184
181
170
172
164
163
157
159
146
145
131
119
109
90
78
58
34
17
-11
-37
-58
-89
-109
-136
-163
-181
-203
-224
-237
-257
-265
-276
-292
-286
-297
-291
-293
-291
-284
-285
-275
-275
-270
-262
-260
-257
-245
-253
-240
-241
-244
-234
-241
-238
-232
-234
-227
-221
-219
-204
-197
-183
-171
-155
-141
-122
-102
-86
-59
-46
-24
-5
10
30
43
61
72
84
99
97
114
117
123
126
134
135
137
146
140
153
147
151
153
152
156
152
156
155
153
155
148
151
151
147
151
150
151
151
152
149
145
146
131
129
121
109
103
91
78
69
57
41
38
18
6
1
-19
-23
-33
-46
-46
-55
-60
-58
-64
-60
-62
-59
-59
-62
-55
-65
-59
-65
-69
-72
-75
-81
-83
-85
-92
-86
-95
-92
-92
-95
-94
-97
-102
-105
-109
-114
-116
-117
-119
-118
-115
-117
-110
-110
-106
-104
-99
-100
-93
-91
-88
-83
-80
-70
-65
-54
-44
-32
-19
-6
5
24
30
49
58
72
87
91
108
116
126
136
143
151
161
161
169
173
174
181
181
185
191
191
198
201
205
213
208
218
213
214
213
206
207
198
195
184
182
169
167
153
147
138
124
117
101
91
76
62
46
31
15
3
-17
-27
-45
-59
-69
-85
-94
-110
-117
-130
-137
-145
-156
-156
-167
-164
-171
-169
-172
-169
-169
-167
-161
-164
-153
-154
-145
-143
-133
-128
-115
-109
-97
-90
-80
-71
-68
-55
-60
-47
-51
-47
-49
-45
-52
-47
-50
-52
-48
-58
-50
-60
-59
-64
-65
-69
-72
-74
-78
-75
-77
-79
-76
-75
-78
-69
-77
-69
-72
-71
-69
-72
-67
-68
-62
-62
-53
-55
-39
-40
-30
-21
-21
-6
-8
0
5
12
17
25
28
35
41
44
51
58
59
68
68
75
79
81
93
91
104
106
113
125
124
138
139
150
154
160
168
169
176
179
183
188
192
196
204
204
211
209
218
213
219
213
213
213
204
206
195
192
183
177
169
162
149
144
130
120
104
92
82
68
58
40
34
20
9
2
-13
-15
-29
-32
-43
-49
-58
-65
-71
-76
-83
-90
-90
-99
-101
-111
-111
-119
-119
-132
-135
-144
-150
-157
-167
-172
-182
-186
-198
-200
-212
-216
-224
-229
-235
-241
-245
-249
-256
-258
-262
-265
-265
-270
-270
-270
-271
-268
-266
-262
-258
-247
-246
-235
-230
-222
-211
-204
-191
-183
-171
-163
-146
-143
-124
-119
-99
-88
-75
-58
-48
-29
-16
5
17
39
55
75
91
111
124
145
163
179
194
211
226
237
254
260
278
287
296
310
314
324
329
337
341
346
350
350
355
352
352
348
346
343
335
328
325
314
309
296
286
277
265
254
241
227
211
200
181
167
151
132
121
102
87
72
56
45
25
17
-1
-11
-25
-37
-49
-62
-73
-87
-98
-109
-122
-133
-141
-156
-163
-178
-187
-197
-205
-216
-224
-230
-240
-245
-253
-260
-262
-269
-271
-276
-276
-278
-278
-275
-275
-272
-270
-264
-262
-254
-251
-243
-239
-230
-226
-215
-211
-199
-193
-182
-172
-163
-152
-144
-129
-124
-112
-103
-94
-85
-77
-70
-59
-55
-44
-38
-29
-22
-16
-6
-2
7
12
21
26
35
39
48
53
61
68
75
83
88
97
103
112
118
127
133
141
151
155
163
169
177
181
187
188
195
196
199
200
199
200
200
199
196
195
190
188
183
178
171
165
156
151
140
133
122
113
106
96
87
78
69
63
52
44
38
29
21
13
7
-1
-6
-13
-17
-24
-29
-31
-36
-39
-42
-44
-49
-47
-53
-53
-55
-58
-57
-62
-62
-63
-66
-64
-67
-68
-68
-67
-66
-68
-65
-68
-64
-68
-64
-65
-66
-65
-65
-65
-63
-62
-64
-62
-64
-60
-63
-60
-60
-58
-58
-55
-55
-54
-49
-51
-48
-47
-45
-45
-43
-43
-42
-39
-40
-37
-37
-34
-33
-30
-29
-26
-26
-23
-20
-21
-15
-17
-13
-12
-10
-9
-6
-7
-5
-6
-5
-3
-5
0
-1
2
5
6
9
12
15
18
21
22
27
29
29
35
33
38
38
41
41
45
43
45
46
47
46
45
45
43
44
41
42
37
39
35
35
34
32
33
32
31
32
33
30
33
31
32
34
32
35
35
34
36
37
34
38
37
37
37
36
36
35
35
35
35
34
33
33
31
32
31
29
31
28
26
27
23
24
21
18
18
14
12
10
7
6
4
1
0
-4
-7
-8
-11
-14
-15
-18
-21
-23
-26
-29
-33
-32
-35
-39
-39
-43
-46
-47
-49
-51
-53
-55
-57
-58
-59
-60
-60
-60
-62
-62
-60
-61
-60
-60
-58
-56
-56
-53
-52
-51
-47
-45
-43
-39
-39
-32
-34
-28
-27
-23
-18
-19
-14
-11
-10
-5
-2
-1
4
6
8
12
14
15
19
21
23
25
28
30
32
34
35
39
39
41
45
44
45
48
47
48
50
49
52
50
50
50
50
50
47
49
46
46
46
43
42
40
38
37
35
31
31
27
24
23
19
18
15
11
10
7
6
3
1
0
-3
-4
-7
-8
-9
-11
-13
-14
-15
-18
-16
-20
-18
-21
-20
-22
-22
-21
-23
-20
-23
-22
-22
-24
-24
-26
-25
-28
-26
-28
-28
-28
-32
-28
-30
-30
-30
-31
-30
-33
-31
-33
-33
-35
-35
-36
-36
-37
-38
-36
-36
-34
-36
-33
-32
-31
-30
-30
-27
-27
-26
-24
-23
-22
-18
-15
-13
-8
-4
0
4
8
12
15
19
21
24
28
26
31
30
30
34
33
36
38
38
40
44
45
45
47
47
48
47
46
44
43
42
38
40
38
35
38
36
39
37
39
39
41
40
39
39
35
34
32
27
26
24
20
19
16
16
13
15
10
11
11
7
6
2
-1
-6
-11
-16
-20
-24
-30
-31
-34
-36
-36
-36
-35
-35
-35
-34
-36
-34
-39
-37
-40
-43
-43
-46
-46
-48
-45
-46
-41
-40
-35
-32
-27
-24
-23
-18
-21
-17
-18
-21
-20
-23
-24
-23
-24
-23
