SAMPLES:	10329
BITSPERSAMPLE:	16
CHANNELS:	1
SAMPLERATE:	16000
NORMALIZED:	FALSE
11
4
8
7
-1
7
-3
-2
-2
-6
-1
-5
-2
-1
-1
-2
-1
-4
-3
1
-7
-1
-4
-6
-3
-14
-1
-15
-9
-10
-15
-3
-13
-2
-3
4
14
6
21
18
14
24
11
20
14
8
16
-4
10
-5
-10
-8
-19
-15
-21
-19
-12
-16
-15
-3
-14
2
0
2
12
8
19
11
19
21
20
15
22
17
12
14
7
7
5
0
0
-4
-3
-6
-17
-4
-15
-13
-9
-9
-2
-6
-1
1
-8
1
-7
-11
-4
-11
-13
-5
-11
0
-5
5
9
10
19
14
28
18
28
19
15
18
-1
5
-8
-7
-14
-22
-19
-25
-28
-22
-31
-15
-22
-11
-5
-8
8
-4
14
2
16
11
10
14
6
10
5
8
3
7
0
3
-6
-1
-6
-9
-11
-9
-8
-17
-2
-5
0
10
4
24
13
24
22
12
26
14
13
8
8
-1
-8
-13
-14
-19
-31
-17
-30
-25
-26
-22
-21
-19
-11
-12
-2
6
13
12
28
31
22
40
23
32
24
15
20
1
8
-1
-17
-6
-23
-15
-25
-13
-14
-21
3
-7
12
2
17
4
10
20
8
12
18
10
4
8
-2
-1
-13
-18
-17
-30
-29
-16
-48
-9
-28
-29
-6
-11
-2
-10
16
7
10
24
14
18
18
13
9
7
4
10
-2
7
-1
-2
2
-6
5
-22
4
-8
-24
1
-9
-8
6
-6
15
-13
34
3
22
29
7
36
-12
43
-7
8
12
-11
7
-24
7
-34
-3
-9
-29
6
-27
16
-11
2
18
-11
26
12
6
15
22
14
2
16
15
8
23
22
4
22
1
-3
1
-24
4
-51
-31
-27
-68
-29
-36
-43
-12
0
-16
26
8
44
25
29
58
10
47
-3
22
-4
-19
22
-54
14
-32
-25
-2
-58
17
-42
-7
9
-22
2
0
-3
-7
31
-8
19
22
-2
25
2
25
-1
8
11
1
3
6
23
-13
0
21
-31
16
-24
-20
8
-44
24
-27
5
21
-21
14
2
1
2
2
-4
1
-31
12
-29
-18
3
-34
-2
-30
0
-33
-7
-1
-17
10
-9
27
-14
19
12
-13
14
-38
9
-28
-15
2
-20
8
5
-7
40
14
40
55
27
49
43
47
50
15
30
28
-18
-15
-19
-22
-67
-38
-62
-76
-44
-85
-45
-50
-29
-38
-21
3
-22
-17
9
-9
-30
-35
-19
-62
-79
-58
-97
-93
-82
-67
-53
-38
2
20
70
33
134
128
130
195
93
218
105
98
136
53
92
-4
41
44
-12
21
63
91
49
122
147
107
138
147
176
67
125
59
23
6
-99
-127
-215
-196
-284
-350
-287
-309
-374
-263
-276
-234
-191
-123
-18
26
99
201
160
304
348
347
437
388
463
381
401
396
320
253
191
113
4
-99
-201
-295
-321
-528
-548
-564
-588
-623
-728
-429
-599
-541
-408
-338
-235
-213
-8
17
12
150
188
226
295
256
328
319
313
328
303
262
226
245
208
115
202
143
43
104
-14
62
-27
-33
-26
-87
-30
-111
-160
-79
-178
-231
-191
-260
-234
-363
-336
-352
-371
-395
-267
-179
-203
11
31
162
279
365
542
604
689
687
735
792
760
649
599
594
458
295
140
88
-91
-204
-309
-462
-453
-548
-606
-582
-433
-369
-378
-158
43
142
124
250
427
395
179
277
241
35
-214
-327
-300
-488
-676
-694
-581
-714
-827
-736
-558
-520
-672
-431
-287
-356
-196
-80
36
172
228
350
331
470
566
487
675
667
806
774
738
840
766
828
799
747
887
633
549
640
409
366
143
193
3
-183
-241
-372
-396
-534
-546
-666
-585
-623
-645
-616
-428
-427
-413
-225
-340
-253
-102
-128
-126
-92
-42
-48
-38
-158
-129
-153
-176
-276
-372
-249
-375
-413
-489
-476
-400
-541
-347
-347
-234
-226
-173
21
-2
85
157
284
200
197
257
236
2
64
104
-102
-168
-235
-306
-262
-291
-310
-92
-221
-37
-19
-15
351
-124
440
25
150
155
-355
262
-533
-159
-340
-617
-114
-857
-116
-702
-591
-241
-814
32
-372
57
79
153
622
439
978
1122
1241
1589
1384
1658
1673
1573
1507
1606
1336
1251
1059
822
871
392
349
-86
-13
-489
-590
-682
-985
-782
-1188
-1053
-1027
-1084
-831
-953
-284
-463
-224
337
396
718
1148
1378
1478
1907
1728
2511
1965
2707
2854
2109
2874
1750
2250
1435
539
787
-1162
-1234
-2552
-3394
-3632
-4908
-4587
-5176
-5099
-4701
-4543
-3773
-3144
-2454
-1389
-710
-125
884
1313
1609
2176
2254
2696
2490
2839
2974
2392
2709
2305
2271
1856
1629
1452
612
181
-255
-1176
-1591
-2201
-2602
-3244
-3676
-3691
-4072
-4064
-3890
-3643
-3455
-3009
-2571
-1737
-1421
-735
88
678
1273
1782
2394
2808
2975
3624
3534
3469
3324
3197
2912
2040
2251
1469
811
364
-82
-435
-1160
-1143
-1182
-1750
-1520
-1654
-1562
-1494
-1310
-1255
-1200
-615
-514
-284
161
582
919
1241
1767
1912
2237
2432
2536
2308
2290
2435
2071
2297
1905
2323
2238
2439
2473
2901
3278
3294
3263
3384
3049
2777
1404
1167
-595
-1740
-2899
-4777
-5344
-7151
-7744
-8334
-8558
-8490
-8297
-7369
-6716
-5960
-4480
-3565
-2261
-1286
93
822
2129
2751
3806
4331
4922
5496
5637
6073
6031
5880
5968
5400
4670
4140
3338
2252
1403
465
-756
-1868
-2599
-3644
-4765
-5226
-5697
-5916
-6213
-5811
-5271
-4949
-4399
-3486
-2278
-1798
-908
629
1611
2295
2921
4203
4753
4753
4965
5655
5255
4915
4129
4015
3565
1762
1317
28
-688
-1683
-2730
-2459
-3359
-3927
-3994
-4054
-3776
-3996
-3249
-3047
-2691
-2563
-1931
-1468
-923
-226
-21
789
1169
1790
2146
3113
4014
4444
5298
5989
7138
7395
8096
8918
8905
9037
8783
7831
7282
5140
3949
1857
-1049
-2809
-5721
-7746
-10010
-12405
-12743
-14365
-14720
-14387
-13944
-12313
-11520
-9840
-7377
-5727
-3607
-1365
536
2811
3863
5596
7134
7685
9036
9750
10258
10730
10384
10867
10302
9593
8953
7759
6518
4739
3314
1234
-882
-2584
-4341
-6292
-8049
-9149
-10225
-11081
-11497
-11507
-11060
-10649
-9946
-8901
-7623
-6167
-4980
-3589
-2194
-768
806
1914
3248
4580
5399
6325
6951
7509
8251
7991
8024
7773
7227
6709
5493
4428
3312
2111
856
-274
-1404
-2341
-3499
-4219
-4584
-5322
-5346
-5317
-5251
-4991
-4709
-3921
-2942
-2568
-1636
197
826
2389
3515
4660
6661
7449
9535
10505
10879
12633
12231
12779
12739
12049
12103
9401
7166
5126
1594
-929
-4212
-7212
-10185
-14075
-16060
-17559
-19766
-19380
-19561
-18762
-17546
-16867
-13511
-11270
-8872
-5397
-3164
-62
2001
4274
7220
8533
10138
11861
13132
14099
14330
14715
15356
14716
13953
13042
11639
10162
7716
5802
3579
791
-1577
-4403
-6452
-8666
-10668
-11733
-13244
-13946
-14373
-14286
-13799
-13151
-11663
-10374
-8935
-7156
-5518
-3617
-2036
74
1579
2722
4191
5277
6606
6780
7646
8394
8581
8580
8493
8462
7823
7003
6022
5031
3345
2024
618
-913
-2152
-3527
-4522
-5480
-6397
-6482
-6758
-6732
-6475
-6148
-5678
-5329
-4309
-3132
-2436
-657
914
2102
4351
4934
8103
8939
10818
13398
13141
15858
15583
15892
16367
14700
15945
12104
9239
8284
3103
864
-4574
-7465
-9991
-16053
-18510
-20282
-22887
-23508
-25017
-23217
-21447
-22417
-18698
-15134
-12477
-8632
-6256
-841
1947
3315
8367
10492
13138
14530
15654
18410
17506
17712
18577
17757
16754
14487
13303
11868
8624
6108
3663
919
-1989
-5189
-7523
-9659
-11900
-13432
-14950
-15417
-15748
-16018
-15011
-14462
-12720
-11386
-9227
-6732
-5059
-2756
-637
1673
4057
5454
7348
8859
9739
10720
10870
11371
11172
10208
9453
8455
7246
5442
3593
2650
1096
-933
-2035
-3299
-3982
-5357
-6041
-5948
-7006
-7185
-6997
-6765
-6257
-6495
-5539
-4401
-4098
-2481
-1548
398
2409
3393
5986
7454
9462
11427
12370
14548
15317
16178
16537
16099
15475
14529
12472
9270
7282
3234
14
-4852
-8748
-10988
-16488
-19210
-21701
-23550
-24325
-26509
-24758
-23169
-22352
-19981
-16684
-12351
-9326
-6047
-1395
2774
5039
8329
12170
14538
15957
17045
19380
19708
18591
18596
18864
17642
14916
12627
11088
8437
4720
1512
-723
-4035
-7755
-10583
-12892
-14461
-16690
-17697
-17627
-17963
-17517
-16414
-14381
-11903
-10155
-7298
-4184
-1768
979
3497
6267
8609
9654
11421
12562
13229
13635
13318
13471
12591
11111
10304
8642
7386
5503
3021
1993
-109
-2130
-3831
-5528
-6381
-8003
-9627
-9455
-9892
-10377
-9991
-9667
-8037
-7186
-6143
-3309
-2107
719
3195
5054
8705
9914
12623
14766
15564
17926
18097
18227
18019
16266
16090
12424
9196
7311
2692
-763
-5977
-9702
-12131
-17981
-20106
-22021
-24665
-24909
-26942
-24669
-23154
-22943
-18873
-16037
-12159
-8440
-6034
-556
2997
5291
9109
11387
14279
15328
16199
18443
18138
17996
18162
17825
16866
14437
13056
11986
8898
5638
2464
216
-3191
-7672
-10366
-12694
-15149
-17788
-19279
-18909
-19327
-19358
-17661
-15484
-12881
-10943
-7477
-3728
-1312
1574
4836
7981
9706
10957
12874
13847
13958
13651
13516
13257
12268
10842
9893
8350
7177
5600
3759
3094
838
-564
-2287
-3841
-4861
-7064
-8122
-8636
-9621
-9607
-10560
-9325
-8095
-7744
-5235
-3875
-373
1708
3859
7560
10105
12346
14834
16480
18646
18495
18034
17224
16828
13442
10164
6857
2843
-585
-7561
-10215
-13945
-19237
-20723
-24085
-24288
-25040
-26554
-23017
-21703
-19809
-16131
-13097
-8824
-5806
-3685
1073
3838
4573
7930
9393
11437
11909
11927
14743
14412
14533
14958
15258
15284
13425
12555
11590
9604
6707
3590
1387
-1954
-5663
-8829
-10866
-12699
-15428
-16598
-16406
-15998
-15727
-14353
-11427
-8748
-6965
-3867
-307
2732
4837
6937
9796
10819
10840
11731
12088
11961
10509
9275
9213
7905
6396
5492
4820
4306
2585
1530
1080
302
-1294
-2705
-4008
-4480
-6498
-8019
-8417
-9065
-8942
-9765
-8447
-7224
-5903
-3896
-2006
1583
3665
6421
9577
11960
14817
15559
17739
18217
18152
17032
15381
13263
9212
6403
1636
-2261
-7457
-12196
-14934
-20161
-22451
-24346
-25741
-25561
-26330
-23543
-21437
-19690
-15745
-11503
-7736
-4616
-1701
2518
5599
6673
9713
12132
13309
13741
14138
16374
15994
15306
15911
15359
14287
11926
10824
9233
6164
3116
54
-2421
-5927
-9151
-11339
-13262
-14830
-16525
-16863
-16108
-15443
-14006
-11977
-9127
-6207
-4073
-827
2775
5611
7646
9662
11753
12854
12867
13340
13533
12931
11776
10155
9444
8300
6490
5090
3835
3269
1525
-290
-994
-2044
-3584
-5319
-6296
-7140
-8340
-9604
-9893
-9627
-9923
-8755
-7980
-5900
-4083
-2493
1150
3514
6195
9450
11340
14372
15937
17078
19003
17954
17720
16633
13887
11160
7654
3205
182
-6018
-10352
-13774
-18771
-21398
-24387
-26026
-25730
-27536
-25591
-23494
-21401
-17780
-14829
-10531
-6377
-3781
57
4218
6470
8842
10722
13232
14597
14915
16403
17408
17288
17077
17015
16819
15185
13291
11847
9500
6364
2626
-210
-3521
-7356
-10867
-13554
-15660
-18148
-19393
-19468
-19155
-17989
-16458
-13886
-10542
-7536
-3710
-307
3615
7327
9325
11893
14028
15103
15733
15059
15093
14541
12608
11233
10084
8690
7074
5101
4141
3014
1230
-191
-1444
-2356
-4202
-5685
-6885
-7820
-9145
-10162
-9896
-10143
-9533
-8719
-7532
-5004
-3332
-510
2259
5596
8695
10366
14169
15235
17795
18477
18174
18415
16198
14527
11178
7239
4619
-689
-5653
-9661
-13954
-18253
-21541
-23755
-25344
-26059
-26850
-25553
-23575
-21350
-18393
-15425
-11058
-7912
-5180
-1886
2113
4567
5846
8766
10771
12035
12820
14439
16373
16124
16452
17239
17313
16600
15007
14190
12267
9308
5978
2706
-284
-4765
-8973
-11877
-15101
-17966
-20201
-21181
-20823
-20745
-19410
-16571
-13684
-10244
-6582
-2657
1829
5464
8347
11567
13889
15362
16128
16468
16905
16198
14706
13878
12721
10975
9464
8086
6833
5040
3274
2072
722
-931
-2725
-4098
-5564
-7188
-8368
-9969
-9866
-10523
-10973
-10007
-9252
-7607
-5475
-3415
371
3438
5821
10305
12344
15597
18568
18219
20924
19299
18361
16914
11366
10354
4765
-630
-4587
-11077
-14193
-19040
-23324
-24116
-26280
-26882
-26688
-25548
-22216
-20067
-17963
-12913
-9468
-6523
-3525
-693
3575
4514
5770
8660
9877
10790
10897
12885
14191
14075
14594
15092
15934
14809
13842
13384
11633
9209
5778
3005
253
-4185
-8105
-11078
-14138
-16946
-19253
-20445
-20230
-20056
-18778
-16536
-13719
-10336
-7500
-3353
739
3653
6496
9304
11816
12893
13496
14730
14783
14280
13410
12788
12240
10549
9768
8600
7326
6149
4238
3611
2419
455
-669
-2302
-3414
-5073
-6962
-7177
-8706
-9221
-9658
-10076
-8421
-8281
-6446
-4079
-1834
1993
4299
7647
11586
14031
16562
18481
19082
19635
18677
14969
13977
9275
4823
486
-6158
-8850
-14840
-19810
-21028
-24687
-25302
-25895
-25889
-22482
-20983
-18915
-14375
-10877
-7222
-4283
-1952
2488
4106
4690
7489
8418
9418
9364
9725
11892
11533
11673
12702
13451
13753
12828
12745
12889
11018
8182
6355
4024
424
-3370
-6683
-9293
-12921
-15912
-17183
-18517
-18645
-18475
-17117
-14496
-12509
-9691
-5956
-2555
578
3246
5722
8278
9826
10741
11687
11861
11928
11255
10500
10335
9225
8374
7830
7007
5824
4865
4292
3486
2653
1294
490
-525
-2150
-3012
-4800
-5398
-6244
-7254
-7859
-8060
-7367
-6586
-5300
-3513
-931
1423
4608
7112
10413
13369
15282
16893
17483
17613
16994
13714
11610
8053
3416
-802
-6699
-10015
-14918
-19481
-21961
-23992
-25257
-25626
-25489
-22978
-20236
-18677
-14725
-10486
-7204
-3913
-1254
2691
5279
5820
8548
10411
10797
10998
11571
13309
13238
12599
13568
14197
13475
12477
12020
11749
9609
6619
4563
2067
-1338
-5283
-8132
-10289
-13741
-16437
-17731
-18360
-18353
-18119
-16514
-13899
-11519
-8743
-5391
-1396
1825
4451
7194
9700
11988
12376
13263
14094
13504
12810
11570
10827
9915
7823
6627
5511
4048
2703
1080
190
-128
-1753
-3049
-3596
-4546
-5316
-6405
-6913
-6326
-7478
-7268
-6586
-6052
-4073
-3070
-593
2150
4480
7405
10429
12595
15884
17281
18288
19564
17891
17799
14294
10641
8757
2291
-1916
-7053
-12462
-15889
-21668
-24415
-25453
-28218
-28066
-27230
-25379
-22037
-19902
-15906
-10127
-7436
-3638
347
3962
7340
7858
10688
12967
12977
13324
13711
15157
15107
14329
14691
15097
14711
13020
12354
11881
9836
6548
3828
1608
-2162
-6472
-9719
-12573
-15828
-18825
-20907
-21582
-21641
-21954
-20112
-17785
-14645
-11466
-8076
-3096
838
4412
7975
11365
13950
15530
16626
17387
17601
16610
15481
14003
12647
10705
8358
7092
5426
3308
1095
55
-1218
-2793
-4372
-5363
-6250
-7628
-8588
-8686
-8955
-9273
-8862
-8293
-6966
-5495
-3916
-1076
1784
3829
7509
9681
13109
15404
17084
19394
19497
19505
18270
16848
13589
9937
6282
974
-3568
-9465
-14339
-17994
-23196
-25538
-27651
-29505
-28590
-28246
-26139
-22694
-19833
-15330
-10551
-7391
-2105
1054
4516
8570
9423
12298
13857
14076
15815
15171
16089
16903
15480
15876
15470
14742
14069
12110
10983
9120
5694
3069
-17
-3521
-7004
-10704
-13569
-16249
-18903
-20393
-21221
-21220
-20136
-18686
-16125
-12835
-9622
-5721
-1613
2312
6166
9037
11716
14255
15255
16129
16717
16007
15279
13510
12026
10913
8907
6861
5728
3883
2259
742
-549
-1107
-2765
-4165
-4971
-6217
-7430
-8294
-8822
-9123
-9882
-9404
-9223
-7961
-6406
-4451
-1629
746
3691
7624
10394
14035
16343
18964
21605
21001
21965
20512
18815
15300
11255
7405
1498
-3942
-9452
-14924
-19196
-24476
-27156
-29292
-30875
-30365
-29611
-27137
-24066
-20673
-16267
-11341
-7732
-3123
974
4333
7804
8876
12297
13758
14318
15671
15864
17374
16754
16653
17463
16914
16342
14996
13687
12783
9910
6892
4225
836
-2884
-7050
-10289
-13460
-17000
-19792
-21147
-22105
-22543
-21791
-20052
-17560
-14886
-11358
-7582
-2956
926
4291
8003
11001
13453
14807
15816
16761
16412
15123
14107
13022
11573
9169
7266
6113
4369
2277
384
197
-1408
-3066
-3679
-4635
-5147
-6304
-6987
-6941
-7543
-7707
-7693
-7195
-6052
-4936
-3279
-1407
1381
4143
7251
10471
13028
16494
18700
19822
21624
20760
20343
17430
13907
11153
4996
-84
-5421
-11623
-15955
-22110
-25443
-27689
-30683
-30472
-30271
-28336
-24983
-22459
-17928
-12781
-9068
-4136
-440
3086
7254
8238
10472
12641
13188
13828
13850
14820
15252
14511
14705
15586
15276
14110
13481
12945
11442
8771
6311
3720
393
-3682
-7367
-10767
-14076
-17419
-20210
-20978
-22114
-22353
-21046
-19101
-16133
-13218
-9670
-4439
-531
2746
6912
10031
12919
14221
14978
16285
15737
14315
13118
11766
10253
7990
5926
4897
3270
1655
489
-352
-540
-1513
-2651
-2419
-2898
-3590
-4065
-4477
-4256
-4767
-5858
-4718
-4466
-4143
-2931
-1701
1086
2134
4907
8107
11138
12872
16025
18248
18629
19981
18251
18367
14574
10340
8283
664
-3705
-9064
-16068
-18682
-25617
-28072
-29167
-32297
-30687
-29785
-27403
-22869
-20281
-15735
-9177
-6317
-1611
2647
5341
9328
9580
11972
13963
13349
14502
14457
15063
15136
14288
15299
15473
14863
14110
13517
12906
11028
8255
6022
3541
-368
-4216
-7861
-11307
-14790
-18373
-20346
-21717
-22624
-22735
-21279
-18848
-16290
-12831
-8879
-3862
194
3657
7938
11128
13602
15353
16166
17014
16715
15431
14224
13008
11152
9252
7357
5716
4602
2570
1082
396
-942
-1843
-3420
-4231
-4639
-6232
-7143
-7648
-7887
-8304
-8674
-8069
-6652
-5983
-4248
-1284
757
4072
6666
10349
14218
15224
19432
20663
21651
22330
19872
20232
15476
11378
8804
1199
-3195
-9538
-15821
-19000
-25990
-28286
-29042
-32424
-31300
-30299
-28659
-23984
-22256
-16999
-10633
-8687
-3216
477
3738
7838
8057
11307
13084
12754
14074
14536
15621
15734
15470
16881
17137
16274
16068
15940
14931
12618
9854
7554
4587
-149
-3976
-7776
-12232
-15700
-19404
-21958
-23278
-24785
-24438
-22748
-21075
-17505
-14456
-10447
-4787
-1307
2857
7436
10594
13764
15160
16508
18231
17337
16654
16032
14222
12630
10328
8270
7070
4948
2942
1719
249
-729
-1790
-3096
-3795
-4254
-5701
-6480
-7031
-7938
-7974
-8632
-8438
-7330
-7301
-5312
-3093
-858
2394
5621
8915
12597
15451
17991
21723
21590
22747
22511
20290
18529
13501
10109
6003
-1690
-6103
-11846
-17475
-21755
-26904
-28366
-29833
-31884
-30885
-29107
-26649
-22819
-19796
-14585
-9524
-6857
-2310
1437
5006
7431
8756
11349
12310
12706
13404
14515
15364
14947
15423
16147
16373
15677
14959
14866
13358
10586
8158
5782
2645
-1885
-5712
-8432
-12723
-15722
-19042
-20587
-21458
-23313
-21512
-20707
-18698
-15523
-13484
-8451
-5054
-2302
2435
5438
8705
10939
12305
14940
15393
15237
15652
15012
14461
12789
11397
10853
9038
7519
5871
4769
3436
1616
491
-975
-2113
-3654
-5669
-6443
-7920
-9043
-9463
-10279
-9486
-9850
-8656
-6659
-4601
-1543
820
5040
7786
11410
14391
16807
19724
20205
20930
20508
18691
16849
13506
10009
5837
570
-3859
-8794
-13230
-17762
-21059
-23904
-25690
-27020
-27491
-26654
-25156
-22642
-20451
-16926
-13322
-10264
-6762
-3479
-159
2622
4854
7187
9330
11010
12142
13700
15095
16009
16662
17096
17783
17275
16596
16258
14814
12759
9998
7563
4883
1202
-2986
-6124
-8792
-13064
-15872
-18423
-19406
-20553
-22343
-20496
-19374
-18191
-15311
-12933
-8775
-5552
-2579
1736
4586
7589
10441
12146
14094
15224
15043
16071
15456
14462
14109
12335
11654
10026
8419
7649
5573
4006
2449
739
-949
-3054
-4861
-6615
-8333
-9989
-11219
-12002
-12335
-12063
-11232
-9908
-7598
-5299
-2917
1422
4543
8038
11582
13848
17297
18585
19669
21055
19825
19268
17164
13590
11143
7378
2644
-1382
-6363
-10287
-14389
-19194
-20846
-22992
-25617
-26083
-26138
-24400
-23362
-21983
-17992
-14672
-12064
-9257
-4983
-874
1196
3290
6796
9784
10682
11955
14265
15860
16057
15991
17327
18004
16966
15690
15374
14641
11947
9093
7241
4872
1069
-2815
-5476
-8195
-11927
-14831
-16749
-18351
-19408
-20368
-19812
-18281
-17049
-15096
-11930
-8515
-5433
-2665
936
4699
6814
8767
11093
12512
13525
13521
13328
13927
12901
11764
11195
10605
9752
7415
6476
6329
4404
2511
1049
-8
-1971
-4454
-6250
-7104
-8756
-10780
-10849
-11602
-11501
-10801
-10369
-7422
-5773
-3891
-389
2115
5767
9066
10708
14280
16226
17148
19189
18483
18850
18500
15728
14349
10802
7671
5444
-275
-3330
-7181
-11670
-15042
-19001
-20277
-22184
-25117
-25165
-24603
-23777
-22754
-21161
-16985
-14396
-12783
-8624
-4402
-1057
1467
4659
8808
10959
12269
15144
17453
18219
18293
19143
19902
18895
17442
16386
15278
12802
9417
7173
4363
1194
-2865
-6373
-8514
-11934
-15273
-17585
-18617
-19475
-20953
-20503
-19103
-17666
-15730
-13471
-9148
-6442
-4189
-36
3191
6253
8129
9781
12447
13264
13485
14282
14391
14502
13532
12321
12336
11500
9375
7857
6699
5143
2537
-51
-1341
-3170
-6338
-8643
-9872
-10913
-12324
-13421
-12683
-12060
-11706
-10539
-7880
-4748
-3355
-391
3146
5802
9445
11354
14539
17248
17776
20275
20327
20117
21098
18414
16612
14229
10525
7969
2540
-2213
-4733
-10431
-15414
-18833
-22242
-23636
-26903
-28700
-26956
-27185
-26417
-24288
-20409
-16119
-14417
-10762
-4915
-1229
1901
5569
10170
13224
14207
16495
19265
20352
19972
20310
20874
19937
17525
15940
15227
12849
8997
5957
3579
202
-4036
-7660
-9945
-12701
-16567
-18826
-19972
-20583
-21125
-21441
-19682
-17364
-15871
-13122
-8976
-5345
-2351
740
4684
8041
9837
11795
14145
15058
15475
15857
15685
15758
14461
13075
12453
10849
9363
7385
5385
3894
819
-1374
-2800
-5364
-7564
-9710
-11560
-11953
-13437
-14098
-13326
-13222
-12135
-11046
-8895
-5882
-3986
-1468
2484
5450
8125
11316
14401
17577
18925
20208
21825
22033
21464
20075
19048
15257
11868
8463
4306
84
-5486
-9176
-13398
-18830
-21083
-23958
-26398
-27314
-28486
-27431
-26265
-24986
-21568
-17929
-14660
-10781
-7085
-2323
2074
4635
9076
12532
14491
16534
17723
20026
20376
19670
20168
19175
17653
16092
13904
12541
9490
5958
3527
459
-2942
-6352
-9449
-11725
-14115
-16979
-18249
-18778
-19348
-19176
-18468
-16872
-14307
-12464
-9769
-5983
-2904
121
3505
6373
9411
11521
12987
15248
16028
16503
16735
16232
15718
14212
12524
11111
9166
6138
3704
1403
-1016
-3796
-6689
-8205
-9711
-12046
-13306
-13534
-13624
-13977
-13145
-12022
-10381
-9085
-7618
-3855
-2008
890
3715
6052
9582
12031
14041
17799
18151
19839
21767
20061
21408
19044
17895
16779
10985
9055
5419
-219
-2980
-8441
-12261
-15949
-21985
-23010
-25427
-28180
-28303
-29019
-27215
-25344
-24490
-19469
-15218
-12180
-7507
-3596
2177
5286
7923
12861
15157
16537
17651
18951
20115
19190
17988
18367
17088
14875
12766
11016
10076
6733
3585
1690
-977
-3858
-6995
-9059
-11025
-13800
-15982
-16833
-17125
-18002
-18275
-16995
-15209
-13763
-11574
-8296
-4769
-1947
1137
5188
8477
10793
12987
15144
16644
17092
16982
16853
15636
14214
12032
9617
7801
5069
2102
-531
-2427
-4589
-6950
-8693
-9493
-10420
-11823
-12186
-11460
-11362
-11342
-10363
-8977
-7101
-6548
-4405
-1964
192
2171
4717
7474
10058
12228
13940
17513
18056
19177
20736
20178
20647
18353
17046
15922
10356
8414
4010
-775
-4553
-10235
-13066
-17714
-23247
-24049
-26901
-28599
-28706
-28915
-26293
-24736
-23159
-17188
-13284
-9871
-5054
-1247
4406
6946
9061
13817
15366
15855
16565
17185
17916
16447
15207
15017
13795
12136
9921
9055
8013
5445
3163
1605
-198
-2833
-5524
-7412
-8859
-11569
-13815
-14380
-15265
-15815
-16018
-15312
-13022
-11758
-9748
-6073
-3236
-203
2985
5864
9559
11433
12584
14727
15380
15317
15203
14006
12996
11343
8604
6816
5131
2155
-17
-2249
-4035
-5134
-7668
-8882
-8638
-10315
-11086
-10246
-10678
-9400
-9670
-8860
-6003
-6046
-3971
-1819
-558
2424
3925
5672
9080
10120
12527
14263
15319
17639
17106
18046
18335
17380
16202
13728
12347
9137
5042
2017
-2090
-6418
-10553
-14199
-17293
-21328
-23686
-24493
-25988
-26226
-25417
-23832
-21524
-19371
-15771
-11754
-8457
-4484
-1105
2899
5959
7796
10939
12357
13567
14478
14376
15130
14448
13495
13547
12348
11422
10382
8791
8257
6792
4721
3539
1725
-314
-2216
-4746
-6161
-7971
-10556
-11702
-12672
-13326
-13601
-13772
-12385
-10877
-9652
-7408
-4586
-2351
654
2707
5392
7782
8434
10188
11157
11260
11414
10438
9881
9059
6959
6000
4724
2975
1365
-384
-1313
-2067
-3782
-4579
-5224
-5684
-6469
-6984
-6559
-6614
-6656
-6797
-5712
-4777
-4271
-3287
-1687
90
1152
2447
5309
6891
8488
10385
11555
14487
14375
15447
16921
15752
16116
14996
12676
12462
8036
5444
3234
-2237
-4239
-9215
-12607
-14705
-19642
-20913
-21883
-24403
-23450
-23771
-22116
-19942
-19313
-15184
-11683
-9601
-5721
-3229
547
3706
4473
7695
9770
10523
11337
11640
13088
13238
11918
12380
13042
12002
10961
10501
10412
9603
7151
6164
5381
2765
600
-1558
-3102
-5272
-8152
-9456
-10323
-11594
-12617
-12652
-11734
-11281
-10485
-8651
-6490
-4382
-2919
-732
1940
3236
4609
5973
6921
7697
7485
7238
7264
6444
5486
4483
3472
2767
1099
-33
-257
-1372
-2179
-2818
-2873
-3282
-3818
-3843
-3747
-3233
-4068
-3214
-2598
-2954
-1606
-1578
-284
942
863
3047
3840
4963
6863
7394
8818
10124
11076
11668
12319
12609
12718
12207
11124
10462
9253
6034
4672
2042
-1071
-3632
-7522
-9499
-11932
-16319
-17082
-18326
-20214
-20430
-21221
-19234
-17844
-18231
-14726
-11434
-9927
-7261
-4783
-913
1567
2151
5222
7754
8345
9244
10395
11716
12081
11321
12103
13044
12053
11583
11355
11353
10348
8278
7803
6745
4134
2325
302
-1713
-3716
-6724
-7943
-9280
-11430
-11787
-12537
-12512
-11658
-11755
-9853
-8032
-6747
-4351
-2632
-462
1859
2759
4349
6162
6416
6918
7004
6654
6938
5442
4664
4389
2976
2163
1162
439
141
-809
-1366
-1146
-1473
-2149
-2220
-2219
-2231
-2422
-2937
-2573
-2431
-2487
-2221
-1781
-472
-186
741
2081
3584
4965
5673
7236
9313
9575
10688
11409
12111
12935
11164
12024
10772
9888
7624
5416
4432
1117
-2078
-4320
-7754
-9679
-13394
-16270
-16574
-19423
-20570
-20893
-20987
-19369
-19459
-18151
-14123
-12859
-10845
-7372
-4487
-1169
-186
2552
6141
7099
8294
9803
11847
12699
12171
13327
14672
14090
13611
13432
13618
13091
10613
10040
9046
6544
4309
1612
158
-2756
-5895
-8175
-9929
-11574
-14174
-14289
-14370
-14842
-14014
-13295
-10575
-8680
-7793
-3982
-1425
245
2986
4405
6954
8369
7820
9418
10087
8723
8598
7739
7026
6373
4022
3468
3122
1060
53
-442
-1573
-1757
-3153
-4234
-3524
-4900
-5253
-5111
-6128
-4948
-5349
-5386
-3741
-3200
-1790
-302
661
3363
5149
5944
8459
9946
11626
12403
12885
14564
14709
13994
14137
13335
12815
10664
8613
7323
4273
1729
-2094
-5272
-7495
-11918
-15180
-17592
-20231
-22036
-24245
-24574
-23528
-24235
-23052
-20310
-17987
-15053
-12578
-9031
-4588
-2166
842
4765
7612
10289
11661
14197
16614
16856
17739
18569
19137
18439
17344
17228
15833
13883
12277
9728
7682
4828
1810
-472
-3798
-6456
-9066
-11628
-13453
-15481
-16664
-17257
-17632
-17478
-16827
-15132
-13534
-11546
-9268
-6759
-3735
-1292
923
3993
6105
7743
9450
10404
11783
12019
11693
11847
11376
10110
8924
7876
6206
4716
2703
1041
-209
-2254
-3704
-4792
-6162
-6574
-7337
-8000
-7463
-7443
-7098
-6173
-5510
-3895
-2879
-1838
144
1555
3215
4356
6318
7843
9010
10228
11867
12829
14017
14196
15388
16039
14831
15775
14245
13251
11554
8365
7046
2641
-1428
-4178
-9328
-13256
-17447
-21385
-23586
-27526
-29030
-29279
-29926
-28954
-27427
-24469
-20708
-17871
-13635
-8269
-3990
343
4408
9072
13003
15401
18069
20770
22431
22854
23403
23481
23118
21812
19914
18846
16647
14151
11476
8601
6276
2752
-644
-3262
-6669
-9449
-12396
-15520
-17022
-19389
-20985
-21527
-22409
-21624
-20904
-19799
-17055
-14692
-11630
-8168
-4792
-575
2849
6132
9871
12428
14626
16520
17559
18327
17949
16895
16325
14292
11680
9848
6844
4393
1313
-1644
-3281
-5996
-8221
-9322
-10829
-11090
-11727
-11892
-10754
-10418
-9062
-8058
-6548
-4367
-2968
-1462
495
2672
4210
5711
7593
9852
11166
12249
14083
15964
16503
17472
18204
18832
18732
17143
17108
15158
12919
9270
6611
2796
-1793
-6919
-11000
-15125
-20448
-24678
-26591
-28878
-30927
-32361
-31597
-30058
-29356
-26640
-22508
-18054
-14257
-9583
-3765
1667
5823
10127
15141
18809
21269
23321
25438
26580
25905
25486
24770
23238
20912
17960
16195
13054
9674
6687
3329
628
-2825
-6419
-8721
-11722
-14404
-17149
-19247
-20311
-22415
-23339
-23190
-22612
-21744
-20538
-17488
-14003
-11341
-7010
-2579
1752
6032
9680
13756
17051
18920
20963
21804
21600
21276
19311
17405
15147
11451
8537
5274
1702
-1081
-4650
-6902
-8594
-11029
-11974
-12646
-13061
-12992
-12763
-11597
-10458
-9591
-8081
-6234
-4857
-3187
-1553
335
1899
3648
5027
7136
8730
9901
11990
13233
14771
15869
16510
17555
17868
17480
17432
15962
14712
12601
10277
6565
3735
-189
-4428
-8399
-13112
-16115
-20210
-24467
-26037
-28327
-30092
-30290
-30667
-28032
-26342
-24555
-19357
-15286
-10727
-5449
-766
5584
10237
13586
18884
22045
24259
25932
26527
27542
25894
24192
22849
20121
17171
13629
10898
8087
4114
1173
-1611
-4378
-6965
-9960
-12035
-13670
-16490
-18098
-19360
-20676
-21301
-22131
-21590
-20441
-19513
-17311
-14477
-11115
-7246
-3366
1114
5536
9639
13414
16723
19481
21633
22487
22216
22010
20724
18079
15444
12305
8933
5151
1187
-1281
-4653
-7727
-9625
-11245
-12407
-13905
-14076
-13494
-13605
-13013
-12112
-10821
-9454
-8314
-6309
-4796
-2638
-929
679
3011
5160
6649
8424
10372
12153
13024
14011
15516
16000
16079
16178
16127
15638
13938
13319
11858
9657
7778
4408
3483
-850
-3729
-6299
-9730
-12149
-16340
-18289
-20000
-23705
-24422
-25385
-26204
-25527
-25541
-22577
-20182
-18019
-13309
-8846
-4498
880
5171
10639
15519
17909
22521
24810
25967
27102
26209
26029
23704
20533
18332
14809
10674
7044
3620
348
-2978
-6219
-8391
-10351
-12531
-14160
-15309
-16171
-16977
-18025
-18128
-17676
-17837
-17206
-16143
-14317
-12340
-10294
-7082
-3442
-360
3513
7489
10981
14795
17187
19698
21616
22281
22518
21370
20018
18136
14497
10975
7588
3631
-645
-4611
-7930
-10845
-13954
-16227
-17147
-18428
-18900
-18677
-17847
-16632
-15264
-13324
-10889
-8582
-6187
-3396
-868
1956
4299
6814
9108
11048
12809
14213
15347
16233
16408
16400
16306
15603
14658
13238
12204
10420
8821
7048
5715
3299
1885
-453
-1630
-3582
-6143
-6802
-9657
-10752
-13162
-14893
-15797
-18179
-19243
-19330
-20721
-19657
-19902
-18016
-15274
-13872
-10135
-6089
-2168
2061
5886
10283
15079
16952
19798
22593
22951
23496
22293
21473
19675
15935
13473
10375
6512
2974
-341
-2830
-5517
-8100
-9554
-10599
-11734
-12359
-12793
-12557
-12506
-12631
-12447
-11578
-11202
-10729
-9622
-8516
-6717
-5423
-3309
-468
1649
4262
7360
9563
12376
14346
15553
17091
17005
17033
15816
13719
11931
8570
5195
1671
-2028
-5528
-9123
-12177
-14578
-16762
-18167
-18580
-18684
-18067
-16814
-14869
-12779
-10599
-7830
-4913
-2177
272
2845
5049
7177
8702
10113
11208
12222
12731
12848
13060
13298
12635
12296
11422
11033
10131
8384
7885
6486
5333
4064
2315
1766
835
-1382
-1578
-2782
-3224
-4610
-5911
-6147
-6718
-8908
-9904
-9863
-11448
-12829
-13608
-13758
-13390
-14657
-13759
-11329
-10731
-8737
-6001
-2673
720
3022
6445
10631
12650
14261
16697
17723
18138
16820
15804
15511
12230
9220
7161
4676
1746
-1577
-3142
-4243
-6449
-7634
-7622
-7543
-7747
-7927
-7348
-6330
-6375
-6778
-6059
-5571
-5947
-6112
-5684
-4482
-4008
-3995
-1713
92
1265
3520
5239
7484
9426
9841
11391
11999
11196
10905
8745
6663
4995
1352
-1649
-4642
-7998
-10220
-13239
-15462
-16060
-17000
-17238
-16403
-15213
-13170
-11167
-8940
-5549
-3070
-493
2669
4597
6953
8828
10072
11460
11722
12439
12412
12364
12011
11283
10722
9827
9206
8135
7004
6191
5368
3892
3314
2446
1731
975
-106
542
-454
-1285
-903
-1156
-1243
-2700
-2607
-3353
-4079
-5545
-7080
-7254
-9498
-10947
-11464
-12876
-12476
-13689
-13696
-11291
-11030
-9297
-6557
-3981
-579
1746
4743
9022
10964
12794
15410
16356
17201
16470
15795
15671
13010
10739
8824
6379
3773
1147
-735
-2214
-4095
-5175
-5781
-6160
-6468
-6588
-6241
-6264
-6129
-6706
-6516
-6552
-7341
-7457
-7896
-7435
-7215
-7599
-6070
-4618
-3817
-1573
131
2528
4530
5390
7705
8576
8671
8917
7932
6807
5162
2398
353
-1899
-5028
-7167
-9078
-10540
-11402
-12040
-11754
-10648
-9500
-7788
-5486
-3507
-789
1474
2861
5455
6882
7632
8709
8625
9309
8771
7539
7817
6827
5510
5142
4392
3975
3525
2812
3138
3232
2865
3362
3368
3832
4312
3663
4689
4834
4225
4835
3694
4459
3812
1605
2385
197
-915
-2432
-5625
-5380
-8334
-11361
-11407
-13824
-14414
-15635
-16500
-13876
-14343
-13511
-9788
-7786
-4735
-2084
1033
6068
7836
9950
13649
14919
16240
16049
16132
16533
14249
12299
10830
8994
6435
3628
2121
517
-1646
-3180
-3907
-4456
-5726
-6518
-6624
-6899
-7898
-8436
-8538
-9142
-9782
-10442
-10459
-10086
-10290
-9525
-8359
-7339
-5101
-3472
-1496
1359
3301
5212
7281
8636
9763
10068
9760
9237
7978
6252
4294
2165
-88
-2299
-4369
-6104
-6987
-7989
-8349
-7852
-7474
-6425
-5126
-3855
-2130
-1080
69
1670
2113
2662
2909
3044
3217
2471
2495
2548
1941
1772
2082
2103
2556
2607
3094
3970
4044
4779
4972
5286
5807
5230
5982
6206
5992
6102
5892
7064
6132
6283
6851
5878
5789
4584
3424
2759
-315
-2114
-3793
-7314
-9520
-12007
-14208
-15219
-17443
-17824
-16071
-16563
-14721
-11769
-9291
-5069
-2833
1092
5629
7847
10602
13139
14750
15671
15327
15215
14808
12692
10610
9207
7134
4700
2589
1190
-293
-2102
-3143
-3967
-4397
-5523
-6272
-6420
-7237
-8240
-9184
-9740
-10637
-11508
-11995
-12287
-11996
-11917
-11172
-9545
-7970
-5765
-3589
-1011
1989
4111
6276
8830
10326
11391
11965
11904
11742
10580
8882
7443
5516
3238
1253
-771
-2178
-3550
-5132
-5551
-5793
-6251
-6032
-5647
-5214
-4520
-4365
-3786
-3014
-3157
-2767
-2712
-2760
-2421
-2638
-2525
-2014
-1594
-1264
-315
703
1651
2920
3798
5425
6181
6845
8149
8229
8987
9147
9059
9149
9009
9163
9129
8718
9219
9110
8772
8829
8203
7884
6188
5060
3632
788
-1562
-4503
-7128
-10133
-13524
-15181
-17402
-18734
-19446
-19377
-17661
-16587
-14251
-10677
-7421
-3530
-240
3503
7616
9885
11954
14284
15128
15295
14619
13711
12888
10351
8174
6554
4279
2034
-25
-1028
-2230
-3678
-4396
-4498
-4814
-5448
-5475
-5531
-5727
-6594
-7134
-7437
-8183
-9024
-9522
-10075
-9708
-9721
-9434
-7737
-6711
-4848
-2566
-708
2219
4365
6186
8579
9438
10797
11203
10356
10393
9118
7203
5628
3705
1884
-158
-2008
-2931
-4017
-5233
-5120
-5205
-5432
-4925
-4452
-4135
-3678
-3280
-2950
-2842
-2968
-2607
-2856
-3272
-2880
-2868
-3130
-2557
-2227
-1291
-468
415
2156
3288
4488
5860
7070
8263
8768
9287
9729
9381
9313
8697
8369
7920
7352
7253
6828
6959
7372
6884
7227
7268
6602
6444
4750
3427
1774
-1462
-4152
-6580
-10538
-13352
-16110
-18645
-19668
-21579
-21546
-20050
-19363
-16810
-13465
-10261
-6115
-2759
860
5093
7166
9567
11919
12394
12817
12571
11950
11158
9394
8163
7166
5735
4740
3960
3715
3216
2701
2846
2605
2244
1743
863
-40
-1350
-2888
-4565
-6278
-7926
-9662
-10939
-11820
-12220
-12196
-12100
-10711
-9158
-7758
-5159
-2964
-397
1803
3614
6139
7279
8096
9217
9101
8691
8207
7060
5974
4784
3230
1975
721
-316
-829
-1852
-2617
-2404
-2979
-3197
-3286
-3660
-3563
-4162
-4739
-4762
-5246
-5979
-5985
-6389
-6205
-5798
-5751
-4663
-3743
-2950
-1113
64
1671
3352
4372
5977
7333
8059
8813
9440
9751
9860
9759
9830
9608
9350
9118
9472
9267
9081
9738
9416
9739
9834
8990
9523
7530
6485
5166
1969
357
-3705
-6724
-9566
-13621
-15974
-18840
-21109
-21751
-22541
-22101
-20731
-18679
-15768
-12585
-8911
-4693
-1006
2316
5923
8429
10619
11847
12665
13330
12660
12120
11214
10248
9075
7619
7017
6174
5197
4414
3898
3309
2397
1439
611
-220
-2038
-3742
-4843
-6571
-8492
-9943
-10886
-11642
-12773
-12788
-11946
-11635
-10402
-8608
-6694
-4549
-2271
202
2666
4643
6606
8335
9357
10177
10425
10210
9623
8459
7149
5770
4081
2358
908
-388
-1705
-2760
-3528
-3840
-4230
-4770
-4514
-4814
-5091
-5022
-5411
-5648
-6060
-6382
-6643
-6882
-6979
-6497
-6296
-5636
-4411
-3463
-2092
-259
1286
2989
4483
5866
7385
8246
8921
9458
9631
9449
9315
8473
7933
7479
6393
5946
5578
5013
4833
4705
4754
5106
5057
5300
5720
5418
5040
5153
3763
2889
1530
-638
-1636
-4805
-6461
-8116
-10777
-11774
-13370
-14057
-14016
-14324
-13037
-11957
-10321
-7969
-6105
-3495
-1223
840
2727
4199
5538
6462
6807
7074
6907
6574
6389
5662
5485
5155
4689
4593
4141
4257
4172
3666
3589
3010
2198
1471
429
-567
-1787
-2904
-4171
-5268
-6077
-6887
-7268
-7521
-7637
-7158
-6761
-5842
-4968
-4102
-2656
-1533
-714
606
1520
2099
2687
2965
3189
2925
2659
2312
1844
1255
538
206
-424
-819
-1184
-1641
-1734
-2071
-2279
-2516
-2648
-2784
-3121
-3481
-3488
-3411
-3905
-3662
-3390
-3146
-2887
-2362
-1339
-799
27
764
1714
2611
3105
3704
4120
4341
4711
4488
4354
4553
4162
4104
3640
3548
3649
3006
3358
3024
3136
3424
3070
3843
4265
4352
4990
5530
6166
6763
6948
7647
7749
7630
7526
7108
5922
5050
3462
1482
303
-2581
-4330
-6543
-8730
-10158
-12326
-13210
-13939
-14926
-14475
-14378
-13488
-12059
-10938
-8903
-7071
-5028
-2993
-1137
722
2479
3674
4894
6159
6660
7157
7412
7808
7918
7491
7696
7464
7165
6776
6395
6190
5290
4828
4035
3094
2203
1080
-40
-1383
-2497
-3696
-5060
-6075
-7132
-8084
-8653
-9119
-9397
-9328
-9028
-8416
-7603
-6693
-5499
-4261
-2927
-1626
-291
942
1900
2940
3693
4407
4890
5218
5690
5646
5636
5756
5557
5199
4831
4381
3710
2946
2113
1295
197
-886
-1884
-2857
-3830
-4771
-5418
-5841
-6075
-6205
-6009
-5519
-4940
-4082
-3226
-2009
-994
63
1210
2313
3415
4167
5054
5695
6104
6483
6558
6635
6549
6079
5685
5344
4843
4076
3704
3159
2709
2406
2043
1970
1888
1601
1909
1781
1758
1927
1554
1404
1130
436
90
-1061
-1992
-2594
-4540
-5134
-6633
-7813
-8684
-10214
-10405
-11000
-11710
-10842
-10866
-10065
-8784
-7720
-5702
-4152
-2481
-130
1638
3298
5102
6359
7776
8560
9133
9730
9600
9356
9107
8312
7672
6718
5812
4819
3743
2812
1850
900
64
-679
-1542
-2121
-2722
-3143
-3660
-4101
-4357
-4733
-5037
-5170
-5263
-5443
-5409
-5434
-5108
-4860
-4334
-3681
-3143
-2192
-1246
-156
765
2011
2984
3719
4669
5165
5577
5561
5527
5271
4525
3710
3042
2118
1014
260
-674
-1281
-1879
-2471
-2503
-2651
-2855
-2576
-2635
-2305
-2096
-2121
-1592
-1573
-1506
-1330
-1104
-909
-707
-576
-151
127
402
830
1273
1546
1812
2132
2209
2439
2233
2156
1961
1563
1262
751
296
7
-533
-892
-772
-1060
-858
-691
-192
471
784
1851
2490
3052
3999
4344
4924
4932
4941
4922
3834
3722
2266
1266
161
-1777
-2739
-4339
-5963
-6753
-8183
-8927
-9244
-9905
-9432
-9064
-8688
-7234
-6288
-4992
-3144
-1915
-24
1522
2802
4442
5374
6570
7380
7712
8372
8476
8504
8222
8033
7721
6932
6505
5789
4960
4209
3184
2305
1433
266
-645
-1648
-2740
-3440
-4423
-5142
-5743
-6183
-6527
-6787
-6794
-6582
-6386
-6091
-5435
-4664
-3925
-3162
-2089
-1232
-225
767
1575
2397
3046
3679
4224
4247
4593
4919
4589
4606
4396
4028
3555
3031
2519
1717
915
77
-753
-1789
-2549
-3305
-4381
-4977
-5434
-6099
-6255
-6372
-6195
-5967
-5681
-4739
-4038
-3262
-2297
-1203
-345
554
1473
2008
2628
3145
3212
3413
3187
2939
2902
2181
2002
1598
953
963
449
122
151
-216
-227
-298
-501
-336
-615
-624
-367
-481
-263
-29
421
1071
1543
2460
3386
4159
5291
6291
6972
7778
8055
8446
8375
7593
7160
5888
4443
2944
898
-776
-2908
-4739
-6258
-8115
-9014
-9883
-10481
-10376
-10236
-9213
-8341
-7136
-5293
-3825
-2020
-300
1243
2772
4057
5013
5822
6459
6691
6836
6665
6444
6243
5718
5188
4695
4182
3502
3028
2358
1710
1126
180
-437
-1315
-2306
-3012
-4104
-5057
-5711
-6646
-7122
-7554
-7901
-7785
-7768
-7250
-6525
-5852
-4836
-3637
-2466
-1370
-31
1039
2021
2946
3537
4241
4547
4653
4822
4554
4245
4033
3388
2846
2522
1785
1333
721
297
-103
-843
-1128
-1495
-2067
-2466
-2943
-3198
-3648
-4070
-4156
-4512
-4627
-4666
-4519
-4445
-4253
-3809
-3237
-2787
-2035
-1209
-544
325
916
1661
2277
2717
3050
3217
3377
3369
3260
3011
2978
2820
2491
2544
2308
2256
2265
1976
2099
1918
1673
1588
1194
1074
733
438
347
101
213
392
685
1214
1777
2536
3385
4032
5039
5647
6220
6727
6691
6812
6362
5617
5020
3711
2423
1073
-656
-1952
-3727
-5062
-6085
-7535
-8174
-8556
-9061
-8763
-8565
-7862
-6880
-6117
-4639
-3431
-2229
-651
442
1618
2862
3617
4388
4972
5390
5691
5677
5604
5588
5216
4747
4452
3783
3164
2534
1772
987
175
-694
-1548
-2447
-3363
-3988
-4781
-5502
-5857
-6373
-6509
-6531
-6537
-6083
-5806
-5243
-4572
-3980
-3094
-2405
-1669
-868
-281
370
817
1326
1786
2001
2238
2408
2559
2598
2630
2554
2549
2461
2162
2007
1766
1475
1038
591
253
-212
-844
-1172
-1715
-2232
-2647
-3041
-3269
-3659
-3698
-3805
-3881
-3668
-3521
-3183
-2851
-2402
-1861
-1428
-801
-188
331
874
1419
1901
2296
2749
3088
3313
3586
3807
3999
4005
4052
4044
3899
3718
3481
3151
2807
2316
1800
1420
823
421
-91
-524
-732
-1107
-1167
-1151
-1200
-959
-720
-332
144
599
1169
1702
2291
2842
3268
3688
4121
4382
4385
4562
4509
4211
3997
3470
3006
2234
1486
730
-311
-1093
-2035
-2950
-3708
-4431
-4914
-5409
-5660
-5644
-5634
-5378
-4945
-4494
-3806
-3105
-2517
-1632
-1030
-343
400
806
1387
1730
2117
2296
2416
2750
2654
2751
2844
2810
2829
2630
2773
2543
2261
2142
1633
1302
705
135
-562
-1371
-1947
-2729
-3403
-4044
-4476
-4844
-5196
-5121
-5169
-5010
-4708
-4408
-3896
-3576
-3022
-2459
-2145
-1605
-1184
-754
-383
-78
325
628
874
1180
1494
1648
1867
2032
2077
2222
2152
2073
2024
1801
1618
1282
983
593
130
-264
-652
-1185
-1586
-1864
-2238
-2426
-2540
-2460
-2419
-2170
-1810
-1405
-828
-365
363
916
1443
2064
2463
2876
3136
3270
3438
3444
3212
3188
2992
2617
2535
2099
1876
1614
1187
1105
628
424
172
-257
-417
-794
-1078
-1408
-1692
-1798
-2055
-2129
-1966
-1983
-1682
-1255
-793
-138
393
1276
2084
2797
3606
4274
4958
5382
5785
6035
5895
5930
5471
4991
4557
3427
2814
1718
558
-243
-1606
-2516
-3467
-4511
-5016
-5760
-6272
-6351
-6670
-6469
-6115
-5810
-5082
-4471
-3609
-2607
-1659
-616
284
1237
2016
2789
3369
3759
4114
4078
4150
4038
3576
3326
2831
2199
1682
1060
417
-132
-706
-1347
-1772
-2282
-2670
-3075
-3440
-3645
-3916
-4061
-4020
-4004
-4018
-3830
-3563
-3281
-2975
-2684
-2210
-1754
-1400
-838
-279
279
695
1247
1851
2214
2691
3012
3294
3605
3590
3774
3773
3495
3602
3204
2800
2647
1868
1557
980
160
-211
-1010
-1580
-2021
-2658
-2948
-3224
-3483
-3351
-3279
-3129
-2584
-2312
-1774
-1196
-822
-184
158
526
912
1009
1154
1260
1156
1126
979
835
712
514
383
230
72
-55
-121
-280
-319
-384
-452
-482
-581
-513
-603
-710
-634
-676
-670
-614
-586
-480
-358
-197
-14
177
388
687
879
1143
1430
1560
1794
1977
2152
2275
2349
2526
2563
2733
2921
2956
3161
3305
3398
3446
3378
3339
3128
2694
2253
1631
704
-120
-1115
-2248
-3298
-4383
-5260
-6070
-6691
-7001
-7216
-7068
-6655
-6138
-5324
-4368
-3247
-2072
-868
379
1526
2560
3516
4361
4900
5388
5654
5746
5660
5416
5086
4561
4022
3371
2749
1951
1211
612
-239
-826
-1400
-2110
-2473
-3003
-3419
-3639
-4063
-4131
-4220
-4332
-4170
-4064
-3788
-3421
-2999
-2408
-1855
-1241
-462
166
837
1447
1990
2411
2596
2847
2840
2637
2386
1957
1457
850
316
-232
-809
-1275
-1652
-1893
-2069
-2057
-2057
-1901
-1742
-1564
-1288
-1144
-1010
-922
-850
-819
-871
-838
-920
-992
-900
-914
-796
-690
-524
-276
-4
321
523
871
1169
1298
1530
1566
1570
1509
1255
1086
803
406
70
-305
-693
-1000
-1291
-1521
-1634
-1822
-1806
-1711
-1737
-1459
-1267
-1051
-650
-356
74
487
849
1355
1709
2129
2463
2782
3186
3305
3521
3687
3657
3767
3616
3511
3390
3105
2897
2593
2320
2014
1778
1500
1272
1138
922
776
755
602
579
527
318
324
61
-174
-312
-787
-1020
-1436
-1943
-2146
-2742
-2962
-3159
-3498
-3394
-3393
-3278
-2872
-2573
-1998
-1396
-918
-123
415
954
1587
1885
2162
2370
2387
2324
2120
1905
1595
1244
893
587
404
50
-48
-101
-187
-90
-105
12
216
94
252
332
190
243
95
7
-79
-282
-387
-417
-644
-685
-624
-806
-731
-753
-786
-622
-756
-705
-623
-821
-748
-807
-1035
-1025
-1275
-1444
-1482
-1809
-1830
-1902
-2082
-1977
-2059
-1967
-1768
-1781
-1588
-1381
-1245
-1066
-929
-755
-704
-624
-535
-481
-528
-632
-552
-710
-728
-755
-904
-778
-861
-847
-647
-707
-438
-312
-268
154
79
314
601
571
915
908
1013
1281
1195
1400
1422
1374
1561
1448
1503
1525
1440
1489
1361
1344
1302
1227
1204
1140
1162
1126
1180
1264
1266
1432
1461
1584
1732
1676
1844
1824
1775
1786
1700
1717
1591
1423
1475
1351
1276
1413
1357
1487
1589
1575
1829
1782
1750
1907
1680
1687
1456
1131
1054
413
199
-255
-801
-1075
-1725
-1951
-2384
-2731
-2790
-3083
-3005
-3005
-2918
-2515
-2351
-1879
-1402
-1004
-349
80
552
1131
1415
1820
2148
2188
2428
2395
2344
2299
1921
1850
1489
1102
805
350
70
-418
-750
-1012
-1418
-1623
-1919
-2048
-2252
-2446
-2458
-2610
-2612
-2716
-2773
-2719
-2841
-2752
-2782
-2729
-2565
-2600
-2368
-2197
-2045
-1769
-1611
-1245
-1081
-924
-576
-551
-356
-330
-356
-286
-532
-525
-693
-957
-1040
-1317
-1425
-1612
-1810
-1839
-2009
-2047
-2042
-2080
-2080
-1989
-1917
-1803
-1613
-1448
-1147
-944
-659
-250
58
445
881
1228
1727
2080
2433
2865
3071
3377
3598
3625
3834
3759
3692
3736
3472
3450
3293
3064
3036
2768
2641
2553
2312
2308
2095
1898
1897
1627
1527
1376
1216
1135
909
838
679
564
462
291
237
164
37
40
2
45
73
32
244
230
333
498
443
516
627
594
638
641
542
650
433
365
417
114
137
-79
-335
-278
-625
-685
-820
-1084
-1025
-1357
-1341
-1368
-1512
-1411
-1579
-1368
-1321
-1367
-1042
-1073
-853
-704
-648
-278
-318
-164
82
-22
23
66
-80
-128
-409
-650
-799
-1234
-1510
-1741
-2042
-2300
-2541
-2599
-2690
-2760
-2631
-2517
-2322
-2113
-1834
-1566
-1211
-990
-781
-411
-325
-116
37
5
175
77
48
164
-27
-65
-78
-277
-307
-418
-565
-537
-773
-859
-847
-1055
-1011
-1062
-1190
-1090
-1096
-1013
-882
-860
-595
-420
-310
55
192
441
646
765
1106
1177
1289
1479
1488
1583
1688
1691
1751
1766
1802
1870
1881
1910
1951
1985
2054
2044
2137
2178
2143
2196
2214
2276
2165
2285
2270
2215
2355
2194
2307
2212
2021
2120
1773
1688
1520
1104
1098
574
308
130
-438
-543
-953
-1319
-1390
-1866
-1918
-2014
-2260
-2168
-2325
-2273
-2090
-2037
-1859
-1656
-1432
-1224
-992
-757
-524
-351
-205
32
152
299
428
504
693
704
756
830
755
822
708
639
557
388
251
56
-55
-270
-490
-550
-726
-884
-912
-1030
-1050
-1079
-1151
-1037
-1064
-1035
-889
-904
-749
-692
-560
-439
-393
-168
-194
-94
44
22
76
14
39
-29
-127
-188
-308
-349
-529
-520
-587
-686
-652
-753
-669
-753
-723
-701
-780
-651
-819
-740
-776
-978
-760
-1005
-941
-882
-1019
-741
-852
-650
-458
-437
-153
-23
178
419
644
805
1070
1262
1368
1661
1692
1808
1946
1829
1971
1902
1745
1794
1547
1475
1314
1070
1054
772
614
550
359
265
206
71
69
66
-8
73
50
117
207
210
369
456
532
676
723
831
895
912
945
923
916
835
742
686
543
401
299
90
7
-229
-393
-384
-631
-671
-763
-770
-773
-886
-797
-879
-858
-900
-968
-857
-1030
-1000
-1002
-1096
-1006
-1090
-1005
-938
-954
-822
-722
-598
-510
-312
-182
-79
108
182
346
458
463
631
662
613
688
624
629
559
405
378
266
105
68
-79
-162
-211
-356
-332
-416
-426
-455
-442
-332
-351
-254
-161
-66
1
64
224
254
299
382
392
408
344
331
284
187
90
-17
-91
-211
-380
-477
-554
-718
-800
-919
-973
-1016
-1108
-1108
-1101
-1137
-1090
-1067
-1025
-906
-942
-857
-731
-702
-609
-530
-446
-314
-264
-166
-23
67
168
298
432
546
666
747
833
876
929
952
922
970
876
861
804
684
666
460
387
281
133
89
-60
-75
-116
-170
-111
-133
-67
-43
40
137
162
255
292
399
463
562
607
669
775
770
859
845
866
878
829
873
789
765
738
634
617
526
418
373
234
155
89
-43
-95
-184
-242
-304
-366
-365
-410
-419
-455
-448
-432
-447
-399
-366
-298
-263
-211
-137
-124
-51
-22
21
96
56
93
90
50
68
-6
26
-30
-76
-27
-118
-79
-93
-109
-91
-116
-86
-85
-80
-35
-51
-79
9
-18
38
64
29
118
47
53
56
-48
-15
-67
-71
-58
-141
-118
-177
-254
-265
-377
-469
-576
-665
-737
-911
-976
-1051
-1145
-1190
-1250
-1222
-1263
-1270
-1230
-1189
-1093
-1069
-953
-841
-748
-576
-488
-346
-214
-127
42
141
218
357
389
496
556
553
661
646
692
747
744
774
765
811
824
820
817
832
808
741
769
671
632
609
522
531
460
427
438
398
395
394
380
400
409
432
446
438
454
402
386
366
353
331
260
340
309
300
383
362
438
461
464
557
534
533
511
442
446
336
251
178
56
-14
-189
-240
-355
-511
-519
-666
-672
-705
-744
-677
-684
-604
-554
-523
-409
-358
-311
-208
-128
-53
22
77
159
208
234
270
269
273
251
209
197
188
151
132
116
86
72
33
29
36
-15
-33
-29
-65
-56
-80
-74
-77
-103
-99
-142
-123
-154
-191
-165
-212
-218
-271
-305
-336
-418
-474
-541
-586
-661
-694
-741
-780
-800
-832
-849
-850
-822
-819
-792
-734
-687
-623
-569
-518
-420
-365
-321
-228
-196
-123
-90
-75
-10
2
56
74
108
139
127
165
210
228
243
285
318
367
399
447
499
498
554
560
574
581
555
562
541
512
498
442
422
374
339
329
253
256
182
185
165
94
132
50
78
56
35
89
34
95
111
109
169
171
201
218
238
270
257
284
268
270
276
225
197
187
125
84
61
-19
-40
-95
-117
-134
-193
-177
-197
-204
-197
-194
-155
-171
-150
-104
-118
-74
-43
-27
27
36
87
123
133
182
188
194
242
212
204
221
189
170
142
129
86
37
16
-19
-53
-83
-88
-100
-115
-113
-103
-73
-83
-57
-32
-25
-18
-33
-1
-39
-46
-52
-84
-88
-126
-150
-159
-200
-213
-222
-273
-286
-304
-338
-373
-417
-454
-464
-506
-545
-551
-587
-603
-591
-603
-606
-596
-584
-568
-523
-509
-490
-432
-399
-347
-331
-283
-235
-232
-168
-151
-125
-88
-79
-40
-60
-23
-20
-43
10
-23
1
25
-1
60
43
91
134
106
191
188
192
234
249
272
290
297
346
363
355
416
421
459
469
486
521
505
546
535
554
566
506
553
508
478
480
403
428
349
308
336
237
235
232
181
218
175
215
257
241
317
303
374
383
382
456
384
437
403
368
402
314
339
279
248
233
167
182
106
98
47
14
18
-60
-32
-67
-87
-58
-91
-66
-43
-50
-9
-2
-4
4
-1
-3
-26
-46
-83
-112
-154
-205
-225
-289
-305
-334
-375
-381
-414
-405
-417
-440
-418
-436
-441
-429
-454
-449
-463
-476
-502
-537
-547
-572
-604
-612
-626
-647
-613
-623
-612
-578
-578
-553
-502
-481
-450
-397
-362
-319
-292
-261
-231
-218
-215
-199
-197
-193
-200
-205
-186
-207
-194
-187
-180
-158
-137
-124
-101
-54
-49
13
51
65
131
160
204
273
290
350
403
420
487
516
542
603
614
650
694
679
708
698
699
681
659
640
587
579
524
481
455
393
362
315
268
248
199
194
157
138
151
131
139
153
179
185
198
220
229
283
273
308
323
318
361
334
347
353
315
317
299
269
255
212
179
158
112
77
80
26
13
17
-33
-20
-27
-48
-36
-45
-42
-53
-47
-49
-62
-64
-93
-91
-149
-161
-181
-241
-245
-299
-321
-354
-379
-403
-434
-430
-454
-463
-450
-458
-446
-448
-413
-406
-410
-364
-369
-347
-341
-331
-311
-325
-307
-313
-333
-335
-354
-363
-388
-398
-416
-446
-435
-446
-460
-453
-459
-459
-463
-441
-415
-439
-388
-371
-363
-309
-305
-254
-220
-204
-124
-125
-72
-4
-5
60
93
112
171
177
212
232
230
263
257
277
285
277
305
294
285
304
289
299
306
310
320
348
342
364
392
375
431
424
434
472
453
480
492
467
492
475
459
472
436
421
418
380
355
346
297
285
259
207
207
148
132
125
69
90
75
56
84
58
71
91
73
113
105
122
138
133
137
124
125
108
93
72
43
24
2
-22
-47
-76
-87
-121
-123
-148
-166
-158
-184
-185
-184
-187
-189
-177
-181
-174
-165
-187
-167
-195
-207
-195
-251
-242
-271
-319
-318
-360
-377
-396
-422
-426
-447
-437
-444
-435
-423
-398
-365
-370
-300
-288
-263
-203
-217
-154
-148
-133
-92
-118
-85
-93
-110
-105
-101
-122
-122
-117
-128
-117
-132
-101
-104
-85
-57
-50
-35
-11
14
2
32
45
39
52
57
64
81
65
95
92
115
134
131
170
175
201
196
231
242
244
281
289
314
329
344
377
372
376
396
361
367
342
318
297
244
231
183
151
143
94
70
60
33
33
13
11
23
9
35
45
30
62
73
71
92
99
104
105
126
115
124
133
128
141
133
142
122
111
88
70
25
-14
-34
-100
-120
-169
-208
-234
-270
-271
-305
-300
-283
-297
-264
-250
-236
-200
-195
-164
-145
-145
-118
-118
-105
-100
-101
-74
-84
-72
-57
-61
-43
-27
-23
-6
6
-7
19
19
1
19
-4
-12
-22
-41
-48
-57
-74
-76
-67
-102
-73
-80
-87
-50
-68
-42
-38
-35
-8
-13
-6
9
9
11
11
15
7
9
7
-9
1
-9
-16
-6
-6
-3
2
9
19
16
21
42
44
54
66
78
87
106
123
133
160
165
178
194
194
201
218
205
203
208
196
186
179
161
140
150
109
116
97
82
88
53
74
59
50
55
59
46
51
56
44
53
35
38
35
22
18
8
-6
-8
-21
-38
-53
-62
-78
-97
-95
-121
-120
-124
-134
-122
-131
-122
-103
-116
-100
-81
-89
-75
-70
-70
-65
-61
-69
-70
-88
-100
-99
-126
-130
-136
-158
-147
-154
-163
-151
-165
-150
-147
-154
-132
-138
-135
-115
-114
-108
-92
-86
-70
-69
-54
-53
-47
-40
-39
-32
-35
-35
-36
-26
-35
-27
-24
-21
-5
-8
6
14
9
33
33
32
52
42
42
55
46
50
61
41
56
51
42
51
43
44
47
42
47
46
47
58
59
68
70
72
69
71
67
60
59
56
53
42
32
43
34
34
45
29
48
37
59
57
48
74
51
67
73
52
70
53
50
47
26
34
8
2
1
-11
-19
-17
-10
-22
-5
-6
1
22
23
38
48
63
69
75
86
74
89
84
74
93
63
57
60
40
45
35
21
23
19
9
17
1
5
13
-9
3
-11
-20
-7
-34
-16
-27
-30
-16
-36
-14
-30
-21
-13
-18
-12
-23
-23
-22
-21
-19
-13
-22
-11
4
-2
11
18
8
29
26
22
32
15
14
5
-1
-18
-29
-36
-60
-52
-77
-96
-93
-106
-104
-108
-100
-101
-89
-86
-75
-63
-56
-31
-35
-17
-9
-8
7
-2
15
20
8
18
14
15
14
-2
9
-2
-10
-2
-35
-30
-33
-48
-37
-47
-44
-38
-47
-35
-36
-45
-25
-30
-22
-17
-22
-11
-19
-3
-15
-21
-11
-29
-17
-39
-49
-49
-62
-64
-76
-79
-89
-89
-93
-83
-90
-82
-67
-73
-41
-45
-25
-3
-4
35
35
47
73
81
107
102
110
125
117
140
133
133
139
124
132
127
116
112
105
102
95
87
90
80
66
74
60
65
59
56
62
47
55
48
51
58
56
49
57
54
51
59
43
51
49
34
46
37
26
33
26
33
26
30
31
15
32
23
26
27
25
33
29
35
37
25
31
38
25
26
17
4
11
-4
-8
-18
-37
-21
-42
-45
-54
-62
-61
-75
-71
-94
-85
-95
-95
-90
-105
-96
-105
-106
-103
-112
-112
-110
-107
-104
-102
-97
-101
-86
-87
-86
-84
-78
-77
-78
-68
-85
-70
-73
-73
-75
-80
-74
-86
-79
-84
-88
-86
-87
-83
-89
-85
-85
-88
-81
-84
-82
-81
-82
-74
-69
-69
-62
-66
-53
-55
-46
-39
-51
-32
-39
-35
-19
-30
-23
-18
-16
-11
-9
-2
-2
9
6
16
24
24
45
39
54
68
61
88
85
91
106
93
116
110
104
121
105
120
113
109
118
99
116
103
96
101
91
91
86
84
85
77
78
80
71
80
80
66
80
71
69
77
68
84
74
93
91
86
106
95
112
111
115
117
113
122
117
108
110
104
95
93
93
85
85
80
73
75
59
62
47
44
44
30
31
23
17
12
7
-2
1
-4
-13
-11
-22
-20
-26
-37
-31
-42
-45
-42
-46
-50
-58
-55
-67
-67
-73
-81
-85
-103
-98
-118
-123
-122
-136
-143
-156
-156
-168
-174
-175
-181
-182
-180
-177
-178
-173
-174
-164
-163
-159
-150
-150
-143
-137
-147
-136
-135
-139
-131
-144
-119
-130
-121
-110
-111
-82
-87
-63
-52
-35
-18
-18
0
2
8
21
16
18
21
19
23
16
22
21
11
22
17
25
26
27
41
32
40
49
46
56
64
72
82
91
102
104
116
123
126
131
132
142
138
137
140
130
133
134
126
130
119
120
115
110
110
102
108
102
108
104
114
115
111
125
115
123
123
120
123
117
116
112
103
107
82
90
72
62
62
37
52
28
30
20
6
7
0
-11
-8
-19
-26
-23
-37
-31
-49
-44
-46
-52
-50
-46
-54
-41
-52
-53
-45
-56
-45
-68
-50
-73
-74
-71
-88
-82
-90
-99
-98
-104
-110
-113
-118
-107
-118
-104
-108
-107
-103
-103
-98
-100
-90
-87
-77
-70
-64
-62
-57
-55
-50
-49
-48
-44
-40
-44
-38
-46
-50
-40
-52
-44
-49
-43
-40
-34
-30
-33
-29
-32
-27
-34
-28
-29
-25
-19
-14
-18
-10
-4
-4
12
12
20
26
35
42
42
59
67
74
87
88
100
100
108
107
102
107
100
105
95
97
89
87
87
84
63
67
57
50
54
36
44
22
31
27
14
15
14
10
14
8
10
16
13
23
14
28
26
32
40
37
48
46
50
62
51
63
58
58
61
52
60
44
45
36
30
13
12
5
-10
-6
-16
-18
-30
-32
-33
-43
-40
-42
-43
-45
-53
-47
-55
-55
-52
-56
-62
-65
-55
-75
-66
-77
-78
-77
-89
-68
-86
-71
-68
-69
-67
-65
-54
-58
-50
-46
-49
-49
-41
-42
-49
-46
-45
-58
-56
-61
-61
-70
-65
-61
-73
-59
-56
-53
-51
-37
-38
-37
-19
-20
-17
-13
0
3
-1
13
15
11
27
28
28
29
33
47
31
47
49
38
53
45
48
43
37
48
33
36
32
32
26
27
38
21
32
37
33
38
36
42
35
31
41
24
22
29
17
17
17
13
5
8
10
6
5
11
11
9
20
17
15
16
21
15
17
13
12
11
2
7
-5
-12
-5
-13
-16
-6
-18
-7
-17
-8
-7
-13
1
-5
6
-2
12
7
10
21
17
17
14
22
16
14
19
9
15
11
10
3
1
5
0
5
-1
8
0
8
11
0
2
-3
-3
-6
-6
-12
-10
-10
-13
-11
-8
-11
-10
-4
-11
-10
-1
-12
-6
-3
-4
-4
-9
0
-5
-7
-1
-1
-7
2
2
-8
-4
-2
-6
-4
-4
-1
-2
-1
3
0
-2
0
0
1
-3
2
2
-8
2
-1
-1
-8
1
-4
-11
1
-12
-10
-16
-12
-14
-22
-12
-21
-23
-18
-17
-22
-17
-9
-14
-3
-4
6
9
12
21
13
13
18
15
12
13
8
14
1
0
4
-12
-7
0
-12
-11
-2
-5
-13
-4
-6
-11
-4
-3
0
-16
-1
-4
-19
-12
-10
-14
-17
-7
-12
-21
-14
-11
-26
-13
-15
-15
-24
-11
-12
-22
-12
-10
-6
-14
1
-6
-8
4
5
6
4
12
13
12
18
17
16
12
18
19
9
19
15
13
8
13
13
3
10
7
1
1
4
-1
-1
0
3
1
1
9
0
8
18
15
9
23
25
21
29
29
32
26
40
31
26
36
31
32
28
29
33
20
30
25
15
23
17
20
8
16
9
6
8
-1
-2
-12
-4
-12
-14
-15
-14
-19
-19
-17
-19
-16
-14
-9
-15
-4
-2
-4
1
5
7
3
8
8
2
-3
3
-12
-13
-11
-18
-14
-26
-10
-20
-25
-13
-24
-17
