SAMPLES:	11438
BITSPERSAMPLE:	16
CHANNELS:	1
SAMPLERATE:	16000
NORMALIZED:	FALSE
-3
-2
-3
-2
-2
-3
-1
1
-5
4
-5
3
0
0
0
-3
2
-4
4
-5
-1
-2
-4
1
-5
1
0
1
6
0
10
7
4
10
3
3
4
-2
0
-2
-4
-5
-6
-3
-6
-2
0
-4
4
5
1
10
5
11
11
5
14
7
11
8
7
11
5
7
5
3
3
-2
-3
-1
-5
-6
-3
-5
-2
-5
-2
0
-2
0
-2
0
-3
-5
-4
-7
-5
-9
-5
-5
-4
-1
-3
5
-2
3
1
1
0
-3
-1
-7
-4
-6
-7
-1
-3
-2
0
1
4
0
4
0
3
3
-4
1
-3
2
2
-2
4
0
4
0
2
-1
3
-2
-1
1
-5
-3
-3
-4
-5
-1
-4
-1
2
-3
2
2
1
2
4
7
-1
10
2
4
3
0
4
-4
0
-3
2
-7
-3
-4
-4
0
-5
3
-2
4
1
5
5
1
7
2
1
-2
-6
-1
-2
-5
-6
-1
-3
-8
-2
-1
-2
-3
-2
-1
-2
-4
-6
1
0
-6
0
-1
-4
2
-5
-1
5
-3
4
2
1
5
4
2
12
2
12
3
4
6
1
8
-1
5
1
1
2
-5
3
-7
2
-3
-3
8
-6
6
-6
10
-2
4
6
3
13
-3
13
3
7
6
0
9
-5
6
-6
6
-7
-3
1
-3
3
-6
7
2
4
4
2
6
2
0
5
-4
-1
-2
-4
-8
-4
-10
-3
-4
-11
-1
-10
-6
-7
-9
-7
-4
0
-3
6
2
2
9
2
-1
5
2
-3
-3
-1
-7
-2
-11
-9
-5
-8
-9
-5
-5
-6
1
-6
2
1
-1
3
10
5
11
12
9
15
16
14
14
20
12
18
14
9
5
14
5
1
7
1
7
-2
3
0
6
-5
-5
3
-9
-5
-12
-14
-8
-20
-22
-27
-25
-33
-40
-36
-45
-34
-45
-44
-39
-36
-37
-32
-22
-22
-4
-5
0
19
19
26
28
34
39
39
36
36
42
29
23
22
23
11
17
13
10
22
10
28
31
34
42
52
56
58
63
54
56
57
44
34
30
20
5
-5
-13
-26
-22
-40
-46
-39
-62
-43
-54
-55
-46
-46
-42
-47
-28
-36
-25
-21
-18
-13
-4
-11
-11
1
-7
-3
-8
-13
-8
-21
-25
-20
-26
-29
-20
-13
-12
1
4
19
30
40
48
46
64
67
66
68
62
66
42
30
25
-5
-9
-28
-46
-47
-64
-80
-83
-87
-97
-94
-96
-88
-72
-79
-57
-30
-24
7
27
53
84
97
117
141
154
158
154
162
139
131
105
79
55
22
-7
-39
-60
-105
-119
-152
-173
-183
-204
-209
-226
-205
-200
-192
-169
-149
-112
-77
-55
-13
17
67
95
119
153
167
192
188
205
196
188
179
164
139
114
87
62
53
5
-15
-18
-46
-52
-66
-70
-59
-62
-59
-44
-35
-22
-5
11
26
34
55
43
49
57
40
33
15
3
-13
-39
-53
-70
-71
-91
-93
-79
-96
-69
-79
-60
-49
-56
-25
-28
-20
-12
0
6
5
18
-1
16
11
-7
-1
-8
-23
-28
-32
-36
-25
-22
0
7
20
38
47
68
56
57
62
36
39
24
2
19
16
8
25
49
72
98
129
125
170
184
170
191
148
137
100
35
14
-60
-108
-150
-185
-194
-232
-225
-197
-181
-166
-120
-101
-36
-22
-15
24
20
72
53
71
90
118
155
163
200
227
258
281
287
309
325
313
305
270
276
212
179
157
56
43
-32
-101
-123
-188
-226
-259
-276
-255
-263
-239
-183
-146
-69
-18
44
114
151
218
246
284
308
278
284
237
179
118
19
-62
-172
-294
-351
-459
-530
-569
-611
-587
-583
-552
-463
-418
-352
-284
-234
-175
-172
-138
-153
-155
-158
-206
-200
-233
-254
-252
-270
-293
-327
-358
-356
-419
-453
-460
-509
-475
-515
-516
-482
-472
-434
-451
-421
-374
-377
-367
-370
-310
-272
-253
-161
-30
102
256
483
729
1021
1305
1584
1930
2260
2508
2799
2997
3155
3304
3259
3260
3106
2880
2639
2257
1902
1463
1043
639
216
-145
-493
-763
-955
-1163
-1291
-1394
-1453
-1452
-1499
-1546
-1561
-1582
-1635
-1694
-1804
-1862
-1940
-2070
-2132
-2219
-2251
-2281
-2306
-2229
-2165
-2034
-1859
-1661
-1368
-1135
-816
-488
-203
123
310
558
726
817
896
831
811
665
465
265
-3
-246
-578
-859
-1124
-1380
-1574
-1784
-1875
-1918
-1917
-1867
-1686
-1456
-1167
-774
-378
169
718
1345
1976
2660
3406
4042
4759
5349
5873
6363
6568
6773
6750
6498
6167
5494
4844
3935
2914
1888
710
-341
-1445
-2450
-3320
-4025
-4580
-4937
-5118
-5108
-4863
-4536
-4094
-3554
-2870
-2262
-1686
-1094
-648
-201
26
147
235
148
54
-201
-390
-587
-855
-1043
-1191
-1223
-1284
-1238
-1138
-1017
-837
-741
-567
-437
-383
-406
-477
-583
-779
-958
-1220
-1440
-1654
-1834
-1929
-1976
-1916
-1845
-1638
-1369
-1136
-819
-549
-247
-6
155
322
445
587
581
660
780
886
1111
1253
1636
2039
2512
3103
3696
4528
5146
5874
6573
7116
7642
7815
7934
7821
7406
6865
6024
4968
3839
2454
1099
-271
-1707
-2855
-4024
-4929
-5592
-6099
-6187
-6151
-5869
-5367
-4796
-4048
-3240
-2557
-1879
-1188
-767
-510
-393
-474
-618
-1058
-1511
-1945
-2444
-2783
-3228
-3383
-3293
-3185
-2904
-2479
-1833
-1274
-700
-126
370
776
887
864
651
293
-229
-929
-1504
-2199
-2777
-3256
-3621
-3705
-3747
-3428
-3087
-2547
-1816
-1164
-264
420
1124
1820
2357
2802
3121
3354
3498
3595
3568
3711
3687
3891
4098
4300
4898
5187
5880
6422
6854
7611
7738
8096
8142
7762
7579
6638
5718
4662
3121
1716
83
-1530
-3023
-4472
-5700
-6705
-7409
-7815
-7949
-7773
-7270
-6556
-5708
-4820
-3796
-2779
-1985
-1276
-768
-427
-276
-491
-786
-1033
-1531
-2020
-2457
-2738
-2832
-2933
-2715
-2327
-1810
-1130
-467
195
907
1419
1742
1964
1844
1605
1168
430
-395
-1304
-2241
-3118
-3944
-4584
-5053
-5261
-5215
-4981
-4462
-3753
-2917
-1970
-1008
-24
933
1714
2473
2987
3372
3647
3698
3806
3696
3576
3628
3626
3814
4087
4495
5173
5795
6501
7366
8157
8871
9409
9681
9878
9618
9072
8211
6950
5631
3767
1881
17
-1960
-3764
-5486
-6862
-7832
-8607
-8963
-8827
-8364
-7617
-6741
-5562
-4281
-3119
-2129
-1214
-491
-149
-25
-226
-556
-1087
-1821
-2476
-3122
-3642
-4082
-4273
-4122
-3890
-3410
-2744
-1871
-928
-159
663
1418
1968
2226
2195
2073
1678
1026
176
-730
-1660
-2633
-3499
-4328
-4821
-5198
-5443
-5258
-4986
-4378
-3749
-3006
-1957
-1165
-206
583
1237
1981
2349
2620
2819
2922
3047
3097
3196
3421
3803
4344
5065
5785
6759
7884
8731
9909
10627
11232
11858
11610
11465
10715
9573
8342
6262
4412
2256
-116
-2144
-4396
-6088
-7465
-8769
-9253
-9525
-9381
-8569
-7808
-6603
-5247
-3953
-2639
-1561
-658
0
329
291
64
-487
-1162
-1924
-2925
-3626
-4310
-4828
-4984
-5082
-4627
-4055
-3354
-2318
-1323
-297
690
1467
1993
2259
2310
2045
1400
521
-454
-1566
-2781
-3920
-5018
-5771
-6246
-6592
-6547
-6086
-5432
-4551
-3464
-2270
-989
105
1154
2044
2660
3175
3413
3501
3579
3514
3413
3501
3667
3988
4518
5286
6186
7284
8417
9637
10849
11736
12617
13097
13206
12941
12110
11059
9428
7307
5084
2587
-35
-2661
-5174
-7229
-9002
-10445
-11255
-11467
-11145
-10448
-9297
-7897
-6158
-4418
-2874
-1367
-198
687
1146
1244
889
270
-531
-1625
-2685
-3686
-4536
-5113
-5272
-5267
-4913
-4101
-3198
-2048
-845
275
1366
2308
2807
3018
2944
2480
1766
550
-658
-2058
-3593
-4785
-6142
-6996
-7656
-7984
-7761
-7462
-6580
-5622
-4445
-2981
-1722
-433
733
1854
2663
3292
3940
4225
4662
4865
5049
5374
5752
6270
6757
7557
8236
9218
10109
10788
11688
12037
12488
12354
11726
11176
9751
8270
6180
3795
1595
-1138
-3548
-6026
-8116
-9510
-10928
-11506
-11576
-11101
-9923
-8818
-7074
-5164
-3278
-1499
-141
1250
2084
2514
2380
1909
1358
228
-1019
-2158
-3263
-4152
-4877
-5253
-5066
-4722
-4019
-3027
-1887
-563
495
1527
2520
3092
3202
3015
2639
1776
647
-724
-2319
-3571
-5188
-6516
-7387
-8233
-8464
-8554
-8107
-7351
-6407
-5098
-3794
-2260
-762
518
1913
3022
3921
4877
5233
5869
6193
6291
6704
6647
7136
7463
7686
8456
8802
9568
10342
10492
11173
11216
11026
10765
9502
8491
6912
4749
2749
209
-2047
-4380
-6799
-8281
-9757
-10688
-11101
-11106
-10090
-9143
-7905
-6144
-4304
-2369
-959
284
1569
2347
2587
2413
1946
1431
547
-761
-1585
-2455
-3183
-3594
-4063
-3766
-3360
-2898
-2026
-1311
-369
555
1127
1703
1842
1760
1504
764
-170
-1350
-2608
-3924
-5214
-6413
-7398
-8088
-8528
-8518
-8330
-7737
-6723
-5569
-4165
-2699
-1024
696
2223
3598
4873
5958
7040
7481
7866
8347
8386
8652
8435
8711
8774
8896
9306
9273
9813
9665
9876
9852
9101
8662
7173
6103
4420
1899
266
-2314
-4488
-6656
-8811
-9735
-11323
-11948
-11906
-11639
-10518
-9664
-8049
-5921
-4102
-2436
-748
1052
2321
3013
3301
3635
3569
2660
1812
938
232
-868
-2085
-2613
-2926
-3097
-3361
-3104
-2411
-1749
-1140
-501
375
991
1254
1259
1222
984
-44
-994
-2042
-3302
-4502
-5912
-6830
-7501
-8119
-8345
-8146
-7406
-6464
-5282
-3596
-1788
299
2122
3950
6087
7521
8901
10025
10581
11325
11396
11282
11307
10769
10625
10222
9867
9734
9060
9165
8698
8023
7633
6435
5592
4134
2236
745
-1422
-3411
-5599
-7720
-9030
-10806
-11956
-12638
-12947
-12586
-12296
-11356
-9855
-8308
-6722
-4992
-3052
-1357
70
1232
2275
3070
3122
3165
2870
2443
1736
770
225
-641
-1293
-1759
-1993
-2027
-2119
-1791
-1324
-866
-460
-92
434
633
464
347
-147
-805
-1790
-2854
-3647
-4931
-6021
-6799
-7349
-7535
-7757
-7283
-6279
-5106
-3677
-1963
314
2465
4442
6420
8378
10265
11393
12342
13045
13417
13637
13168
12778
12411
11763
11131
10183
9433
8987
7856
6771
5711
4545
3568
1549
-95
-1392
-3146
-4889
-7110
-8319
-9244
-10850
-11926
-12597
-12488
-12271
-12623
-11926
-10346
-9120
-8031
-6744
-4751
-2662
-1603
-449
1062
2342
2931
2739
3152
3524
3045
2395
1863
1764
1294
434
101
100
-171
-609
-781
-661
-599
-906
-1001
-893
-1127
-1578
-1954
-2270
-2869
-3600
-4180
-4714
-5219
-5855
-6133
-5899
-5841
-5399
-4710
-3610
-2083
-817
966
2857
4897
6797
8342
10222
11673
12998
13843
14490
15132
15078
14936
14328
13938
13223
11713
10737
9174
7868
6154
3914
2753
782
-1074
-3008
-4883
-5992
-7598
-9159
-10234
-11052
-11665
-12323
-12818
-12555
-12156
-11790
-11116
-10267
-8975
-7766
-6706
-5091
-3836
-2604
-1445
-676
466
1050
1351
1794
2039
2353
2233
2126
2367
2262
2122
1887
1682
1814
1451
1033
720
338
-30
-753
-1558
-2245
-2819
-3700
-4594
-5325
-5861
-6272
-6835
-7093
-7061
-6678
-6350
-5856
-4861
-3633
-2226
-803
873
2871
4787
6668
8661
10430
12285
13829
15016
16332
16966
17508
17863
17202
16929
15978
14767
13362
10977
9458
7343
4808
2434
-201
-1961
-4134
-6583
-8213
-9585
-10546
-11786
-12911
-12975
-12653
-12813
-12643
-11976
-10938
-9772
-9358
-8291
-6850
-5758
-4888
-4227
-3316
-2410
-1967
-1716
-1291
-989
-640
-550
-338
80
314
654
1081
1374
1705
2090
2187
2484
2266
1984
1704
1015
389
-773
-1674
-2581
-3666
-4566
-5585
-6153
-6410
-6712
-6900
-6571
-6064
-5328
-4486
-3500
-2146
-593
858
2505
4335
5974
7980
9362
11241
12797
13708
15492
16097
17198
17569
17254
18108
17108
16372
15247
13405
12749
9771
7327
5430
2309
569
-2829
-5431
-6767
-9613
-10970
-12766
-14070
-13960
-14954
-14896
-14210
-13750
-12406
-11277
-10205
-8385
-6975
-5762
-4373
-3458
-2352
-1572
-1541
-1185
-1095
-1115
-1270
-1747
-1566
-1462
-1601
-1363
-775
-148
408
735
1471
2306
2357
2489
2317
2012
1356
173
-706
-1809
-3174
-4494
-5652
-6408
-7248
-8058
-8032
-7789
-7437
-6891
-5940
-4176
-2716
-1244
842
3043
5164
6993
8799
11063
12797
13958
15338
16460
17739
18047
18179
18699
18401
17929
16810
15712
14618
12644
10316
8009
5766
3201
342
-2428
-4706
-7030
-9427
-11271
-12857
-13806
-14607
-15298
-15123
-14856
-13950
-13002
-12161
-10620
-9296
-7829
-6681
-5609
-4261
-3410
-2947
-2647
-2341
-2012
-2148
-2499
-2403
-2237
-2114
-2169
-1687
-852
-248
251
843
1932
2395
2500
2530
2625
2302
1087
200
-864
-2120
-3654
-5341
-6189
-7311
-8366
-8892
-9014
-8488
-8166
-7219
-5538
-3741
-1776
382
3028
5807
7992
10398
12828
14970
16669
17770
19265
20221
20193
20318
19842
19394
18332
16351
15190
13208
10929
8541
5883
3946
1354
-1459
-3464
-5634
-7391
-9099
-10780
-11240
-12052
-12845
-12742
-12807
-12209
-11672
-11409
-10215
-9492
-8774
-7829
-7176
-6320
-5707
-5227
-4634
-4379
-4187
-3779
-3605
-3280
-3114
-2864
-2298
-1939
-1401
-741
-170
390
826
1109
1433
1372
1108
891
212
-605
-1642
-2674
-3377
-4404
-5446
-6262
-6600
-6618
-6901
-6540
-5860
-4880
-3646
-2698
-1013
1037
2784
4563
6295
8392
10588
11811
13430
15188
16439
17676
17796
18380
19232
18388
18096
16915
15863
15115
12077
10518
8263
5982
3965
167
-1305
-3538
-5851
-7465
-9796
-9968
-10852
-11953
-11901
-12004
-10981
-10808
-10533
-9372
-8522
-7519
-7355
-6605
-5719
-5282
-5272
-5376
-4909
-4835
-5064
-5259
-5080
-4741
-4678
-4606
-3913
-3118
-2511
-1929
-1226
-277
77
336
540
486
109
-698
-1479
-2310
-3462
-4640
-5508
-6190
-6936
-7483
-7184
-6858
-6156
-5357
-4172
-2298
-1006
647
2499
4588
6413
7589
9470
11137
12524
13679
14475
16232
16863
17226
17898
17952
18519
17464
16690
16359
14560
13338
10850
9018
7602
4176
2179
-210
-2263
-4002
-6822
-7873
-8824
-10055
-10647
-11325
-10792
-10306
-10333
-9630
-8655
-7591
-6946
-6391
-5738
-4887
-4603
-4792
-4565
-4534
-4547
-4879
-5249
-5072
-5023
-4983
-4897
-4456
-3813
-3509
-2965
-2470
-1883
-1564
-1624
-1716
-1839
-2342
-3296
-4118
-5149
-5994
-6919
-8047
-8618
-8918
-9042
-8592
-8118
-6949
-5472
-3980
-1982
-263
2148
4479
6381
8392
10176
11996
13490
14677
15797
16777
17452
17818
17971
18082
17799
17166
16338
15229
14066
12205
10402
8656
6648
4507
2172
258
-1589
-3171
-5100
-6525
-7054
-7822
-8431
-8763
-8529
-7721
-7414
-7042
-6179
-5239
-4334
-4149
-3820
-3277
-2989
-3341
-3728
-3864
-4169
-4601
-5254
-5469
-5560
-5500
-5574
-5433
-4773
-4569
-3966
-3390
-2994
-2652
-2699
-2550
-2877
-3462
-4146
-5061
-5772
-6888
-7948
-8697
-9277
-9720
-10043
-9832
-9058
-8135
-7161
-5509
-3801
-1459
437
2539
5206
7177
9611
10968
12948
14908
15741
17290
17686
18325
18837
18292
18452
17589
16670
15977
14106
12857
10915
8830
7510
4950
3061
981
-1047
-2202
-4441
-5794
-6539
-7354
-8011
-8595
-8572
-7797
-7446
-7240
-6301
-5359
-4373
-3850
-3607
-2879
-2254
-2483
-2377
-2727
-2827
-2803
-3698
-3735
-3796
-3896
-3911
-4238
-3765
-3228
-3254
-3267
-3006
-2767
-2917
-3565
-4002
-4186
-4953
-6106
-7090
-7665
-8263
-9215
-10061
-10256
-10243
-10133
-9778
-9000
-7595
-6129
-4659
-2711
-707
1769
4137
6122
8139
10238
12308
14047
15167
16446
17648
18254
18346
17975
18002
17998
16798
15133
13898
12537
11172
8396
6196
4838
2736
672
-2052
-3457
-4136
-5891
-7207
-8068
-7982
-7601
-8320
-7917
-6764
-5859
-4953
-4792
-3651
-2366
-1966
-2130
-1885
-1312
-1432
-2031
-2728
-2460
-2640
-3173
-3611
-3481
-2934
-3027
-3078
-2514
-1959
-1910
-2081
-2118
-2057
-2557
-3363
-4079
-5019
-6155
-7420
-8600
-9233
-10154
-11379
-11592
-11473
-11259
-10725
-9749
-8264
-6442
-4917
-2949
-420
1914
4231
6396
8735
10806
12573
14637
16138
17466
18163
18518
19380
19026
18732
17430
16674
15678
13046
11176
8708
6693
4855
1284
-726
-2983
-4741
-5900
-8274
-8560
-9012
-9076
-8739
-8824
-7416
-6182
-5364
-4190
-3305
-1706
-910
-828
-405
-26
-73
-827
-1126
-1518
-1853
-2551
-2959
-2476
-2431
-2429
-2123
-1427
-327
-404
-173
516
284
-115
-1061
-1865
-2586
-4368
-6274
-7563
-8914
-10334
-11893
-12795
-12781
-13055
-12918
-12032
-10588
-8606
-7075
-4994
-2494
-183
2227
4368
6521
8522
10106
11735
13165
13798
14928
15331
15942
16353
15337
16003
15005
14869
13765
11624
11311
8886
7604
5369
2576
1568
-1399
-2952
-4812
-7028
-6915
-8561
-8631
-8513
-8788
-7246
-6806
-5667
-4434
-3391
-1969
-1436
-511
-194
285
76
-248
-228
-1108
-1272
-2125
-2216
-1969
-2508
-2191
-1852
-1225
-418
-723
-203
464
180
37
-1006
-1401
-2161
-3754
-5126
-6528
-7515
-8947
-10368
-11131
-11253
-11626
-11413
-10759
-9630
-8002
-6830
-4878
-2579
-386
1430
3547
5628
7623
9102
10186
12012
12633
13915
14025
14247
15426
14381
14970
13723
13321
13045
10687
10166
7550
6303
4868
1483
351
-1971
-3356
-4490
-7203
-6907
-7541
-7862
-7730
-8503
-6543
-5880
-5514
-4455
-3584
-1816
-1474
-1184
-566
303
462
-167
-202
-357
-226
-974
-1018
-675
-620
-221
-239
699
1329
819
1297
1519
1301
591
-971
-1448
-2273
-4332
-6075
-7406
-8419
-9916
-11354
-11821
-11984
-11935
-11552
-10548
-9270
-7651
-6014
-4011
-1591
233
2066
4400
6421
8031
9060
10591
12181
13029
13721
13629
14875
15154
14818
14319
12934
13415
11670
9580
7633
5431
4798
1820
-1091
-2765
-4341
-4923
-7333
-9122
-8721
-8421
-8657
-9691
-8756
-6581
-5577
-5439
-4868
-2556
-919
-765
-933
81
1712
835
-93
-268
189
90
-1402
-1070
-399
-150
-105
199
2031
2405
2265
2881
3534
3567
1897
976
934
-687
-3194
-5378
-6387
-7350
-9722
-11323
-11549
-11117
-11298
-11235
-9829
-7818
-6313
-4876
-2648
-123
1840
3532
5591
7420
8685
9717
11107
12390
12970
12802
13812
14151
14216
13433
12069
12740
10885
9046
7095
4747
4287
911
-1605
-3358
-5509
-6112
-8975
-10417
-9990
-10879
-10728
-10982
-10342
-8202
-7522
-6560
-5220
-3517
-1820
-1236
-836
376
827
510
445
-135
-103
-346
-829
-568
-497
-266
593
1354
2685
3270
3514
4960
5459
5110
4636
3988
3402
2106
-330
-2306
-3521
-5036
-7065
-9115
-9528
-9814
-10225
-10026
-9294
-7760
-6240
-4681
-3014
-435
1687
3488
5294
6955
8585
9534
10831
11772
12207
12299
12749
12753
12641
12382
10550
10604
9388
7577
6318
3315
2751
837
-2210
-3746
-6249
-7387
-8601
-10941
-11308
-11736
-11801
-11270
-11508
-9829
-8392
-7230
-5707
-4456
-2442
-1195
-411
38
687
1146
1018
328
-214
-142
-312
-642
-1254
-621
-48
564
1187
1398
2642
3435
3904
3774
3757
3833
3086
2195
536
-787
-1970
-3443
-4713
-6527
-7238
-7455
-7714
-7332
-6999
-5806
-3894
-2370
-607
1260
3499
5737
7167
8694
9670
11106
12046
12494
12737
12266
12757
12641
11757
10742
9100
8826
7675
5625
3308
1694
1069
-1132
-3856
-5964
-7025
-7624
-9905
-11634
-11406
-11185
-11251
-11992
-11235
-9281
-8143
-7737
-6688
-4828
-3139
-2740
-2640
-1623
-650
-501
-1237
-1153
-984
-1112
-1257
-1771
-1104
-535
-418
448
1004
1856
2639
3069
3805
3887
3295
3280
2626
1562
207
-1558
-2375
-3723
-5271
-6363
-6774
-6648
-6526
-6272
-4962
-3220
-1581
453
2105
4716
6525
8274
10065
10993
12423
12914
13754
14251
13733
13796
13504
12789
12500
10202
9449
8849
6485
5171
2396
1189
70
-3268
-4746
-7066
-7982
-8732
-11383
-11528
-11716
-11577
-11531
-12009
-10489
-8990
-8165
-7554
-6557
-4793
-3716
-3696
-3288
-2321
-1668
-1908
-2372
-2309
-2043
-2113
-2898
-2646
-1983
-1471
-1242
-579
542
1335
2009
2410
3106
3183
2611
2111
1474
418
-1317
-2618
-3784
-5128
-6245
-7118
-6794
-6568
-6107
-5163
-3220
-1100
678
2745
4941
7341
9068
10681
11963
13642
14173
14816
15302
15361
15316
14795
14504
13395
12679
10872
10076
8675
6042
4808
1630
702
-1825
-4723
-5925
-8787
-9287
-11249
-13077
-12882
-13613
-13284
-13175
-13014
-11156
-9850
-8834
-7693
-6225
-4483
-3454
-2990
-2299
-1341
-784
-1218
-1664
-1641
-1556
-1841
-2714
-2721
-2027
-1431
-1388
-974
454
1406
2203
2662
3000
3436
3337
2489
1401
222
-1403
-2905
-4938
-6293
-7653
-8704
-8429
-8848
-7695
-6580
-4784
-2136
-326
2520
4877
7480
9886
11879
13540
14809
16411
16743
17221
17657
16451
17484
15917
14752
14907
11352
12404
9643
6882
6790
1905
2445
-1073
-4250
-4657
-8905
-8852
-11340
-13923
-13400
-15070
-14520
-14722
-15004
-12811
-11917
-10687
-9328
-7836
-5801
-4450
-3833
-2736
-1485
-1118
-1162
-1541
-1372
-1310
-1925
-2186
-2212
-1818
-1379
-1190
-420
706
1556
2645
2891
3865
4105
3643
3372
2182
1070
-836
-2444
-4495
-5977
-7749
-9033
-9472
-9604
-8886
-8645
-6637
-4514
-2228
-59
2444
5361
7939
10338
11806
14158
15469
17156
16835
18062
18379
17421
18006
15627
16629
14221
12454
12243
8541
8497
4309
2401
1700
-2572
-3771
-7283
-8328
-9202
-12823
-13267
-13993
-14105
-13917
-15289
-13865
-11981
-11147
-10278
-9444
-6939
-5222
-4708
-4164
-2820
-1741
-2024
-2459
-2870
-1992
-2012
-3296
-3036
-2564
-1627
-1452
-1529
300
1125
2260
2340
2698
4034
3654
2820
1945
1185
-331
-1871
-3866
-5200
-6334
-7964
-8122
-8673
-8021
-7334
-6258
-3774
-1884
189
2825
5581
7747
10495
11684
14004
15885
16061
17607
17487
18363
17999
16964
16904
16154
14770
13057
11980
10010
8604
5171
3312
2039
-1295
-2878
-6556
-7334
-8374
-11629
-12369
-13552
-13183
-13495
-14631
-13660
-12115
-11319
-10320
-9850
-8069
-5994
-5831
-5089
-4568
-3326
-3389
-4125
-4199
-4067
-3714
-4481
-4530
-3812
-3142
-2384
-2098
-611
931
1524
2458
3039
3733
4208
2854
2379
1716
-158
-1545
-3776
-4935
-6225
-7774
-8560
-8610
-7998
-7435
-6226
-4316
-1432
819
2835
6107
8572
10825
12825
13870
16181
16813
16781
17818
17622
17358
17248
16156
15761
15475
13054
12893
11212
9197
8163
3968
3738
1141
-2475
-4001
-7345
-8314
-10508
-13313
-13617
-14583
-14599
-14576
-15290
-13221
-11522
-10862
-9316
-7938
-5683
-4291
-3823
-3086
-2237
-1760
-2449
-3040
-3597
-3648
-4535
-5304
-5300
-5131
-4861
-4278
-3527
-1923
-961
312
1724
2246
3315
3021
2899
2488
912
-52
-2228
-3782
-5118
-7026
-8307
-8946
-9023
-8611
-8187
-6502
-3825
-1880
907
3277
6833
9454
11350
13608
15158
17083
17613
17698
18133
18834
17835
17216
16845
15718
16370
13466
13236
12470
10133
9658
6124
4830
3278
-611
-1953
-5759
-8031
-9596
-12963
-14143
-15770
-16714
-16350
-17044
-16307
-14641
-13513
-11316
-9995
-7972
-5852
-4022
-3144
-2366
-989
-1088
-1011
-2144
-1764
-1962
-3567
-3249
-4339
-3318
-3144
-3898
-1792
-1211
-85
933
823
2802
2856
1657
1838
736
91
-1872
-4195
-4540
-6222
-8008
-8579
-9203
-8646
-7874
-7404
-5430
-2622
-752
1858
4621
7235
10050
11575
13792
15497
16544
17389
17793
18190
18635
17876
17757
17212
16181
16127
13984
13510
12099
9761
8453
5769
3539
1436
-1699
-3908
-6799
-9352
-11024
-13422
-14569
-15206
-16725
-15621
-15383
-14961
-13287
-11916
-9882
-9284
-6936
-5784
-4350
-3937
-3188
-2578
-2867
-2304
-3614
-3521
-2776
-4219
-4084
-3574
-3305
-2385
-2790
-708
-137
313
1817
1382
2354
2305
1085
752
-579
-1709
-3220
-5065
-5598
-7008
-8069
-8146
-8212
-7234
-6681
-5059
-3308
-1166
1106
2925
5840
7605
9820
11525
12979
14536
15596
16187
17022
17291
17713
17713
17396
17539
16559
16038
15768
13580
12848
11000
8751
6957
3637
1623
-1368
-4177
-6756
-10145
-11552
-13487
-15283
-16172
-16592
-16046
-15703
-14704
-13446
-11682
-9513
-8207
-6894
-5147
-3563
-2932
-2728
-2361
-1985
-2197
-2936
-3057
-3494
-3703
-3601
-4004
-2943
-2807
-2302
-599
-431
1009
1623
1726
3349
2391
1739
1301
55
-716
-3222
-4818
-5483
-6988
-8271
-8708
-9186
-7727
-7227
-6894
-4118
-2391
1
1807
3666
6688
8192
9804
10972
12249
13523
14016
14202
14980
15703
15439
15748
15536
15968
15797
14968
15009
13891
13289
11325
9509
8064
5080
3092
-469
-2832
-5292
-8672
-10752
-12716
-14411
-15250
-16356
-15948
-15419
-14681
-12929
-12245
-9543
-7636
-6742
-4476
-3072
-1862
-1375
-695
-536
-538
-1053
-1700
-2115
-2764
-3009
-4128
-4129
-3368
-4347
-3513
-3040
-2470
-1234
-1668
-614
-86
-395
-448
-1442
-1865
-2186
-4190
-4929
-5526
-6189
-6745
-7225
-6634
-5435
-4695
-3788
-1381
526
2486
4381
6038
8713
9906
10901
12300
13491
14226
14403
15063
15502
15977
15735
15357
15719
15540
14781
13456
12564
11743
9490
7378
5058
2709
722
-2313
-5103
-7380
-8813
-10594
-12802
-13740
-13644
-13840
-14021
-13545
-12611
-10776
-9786
-8978
-7330
-5520
-4070
-3672
-2649
-1437
-539
-602
-726
-457
-132
-595
-1545
-1507
-1581
-2121
-2502
-2760
-2473
-1994
-2610
-2096
-1496
-1164
-1209
-1725
-1145
-1463
-2351
-2966
-3729
-4426
-4663
-5903
-6349
-6000
-6111
-5344
-5077
-3509
-1909
-627
1498
3194
4548
6607
7901
8587
10073
10334
11309
11561
11894
12731
12774
13615
13919
14527
15026
15548
15659
14552
15399
13532
12206
10528
7357
6066
2313
-942
-3605
-7012
-8644
-11858
-14215
-14617
-15717
-16016
-16098
-15351
-13584
-12110
-10717
-8931
-6637
-4383
-3326
-2047
-586
308
508
386
293
-57
-351
-1806
-2495
-2658
-3760
-3809
-4752
-3995
-3560
-3690
-2303
-1830
-834
177
562
1186
1333
1146
635
-207
-1224
-2650
-3879
-5359
-6470
-7579
-8196
-8379
-8188
-7286
-6263
-4481
-2454
-181
2166
4457
6164
8626
10068
11162
12730
12597
13821
13715
13489
14524
13194
14224
13904
12957
14546
12375
12987
12541
10230
10516
7124
5991
4358
-304
-935
-5294
-7475
-8874
-13083
-13372
-14667
-15568
-15306
-15445
-13786
-12307
-10855
-8440
-6822
-4131
-2179
-747
561
1415
2475
1846
1900
1097
-139
9
-2112
-2686
-3583
-4333
-3750
-5099
-3952
-3669
-2513
-1535
-1139
117
1254
2001
1673
1872
1592
1444
-97
-1441
-2571
-3695
-4820
-6687
-7510
-7603
-8011
-8027
-7562
-6154
-4689
-2944
-1286
630
3357
4952
6833
8320
10179
11476
12064
13340
13643
14133
14886
14071
14797
14494
13699
14245
12487
12644
11235
9328
9115
5863
4851
2632
-764
-1697
-5122
-7106
-8346
-11304
-11288
-12629
-13016
-12268
-12776
-10729
-9782
-8706
-6496
-5501
-3284
-2151
-1436
-72
113
586
107
-161
-638
-1431
-1794
-2742
-3269
-3516
-3667
-3689
-3643
-2918
-2440
-1891
-1147
-543
-120
469
558
16
-27
-808
-1665
-2921
-4082
-5101
-6454
-7415
-8170
-8930
-9129
-8973
-8600
-7973
-6624
-5081
-3541
-1399
341
2392
4431
6075
7530
8857
9984
11214
11600
12185
12730
13385
13445
13425
13886
13817
14641
13577
13593
13574
12460
11788
9772
8496
7023
3981
2130
-737
-2925
-4619
-7800
-9238
-10279
-11411
-11756
-12415
-11686
-10155
-9525
-8416
-6582
-4637
-2807
-2192
-977
769
915
1388
565
892
780
-755
-1025
-2139
-2265
-2612
-3779
-3272
-3059
-2772
-2379
-2041
-929
-593
-378
75
-142
-353
-1034
-2259
-3092
-4555
-6006
-7435
-8806
-9731
-10893
-11266
-11419
-11121
-10290
-9345
-7459
-5655
-3313
-1117
1254
3738
5639
7742
9081
10575
11918
12238
13149
13312
13568
14077
13214
13915
13558
13329
13872
12342
13073
12310
10693
10896
8030
7594
5537
2349
1643
-1853
-3349
-5593
-8568
-8557
-10669
-11494
-11692
-12321
-10621
-10394
-9451
-7456
-5811
-3704
-2538
-989
761
1920
2300
2241
2561
2225
1588
226
-694
-1015
-2604
-3169
-3935
-4251
-3604
-4441
-3601
-3037
-2585
-1678
-2007
-1243
-1121
-1760
-2187
-3157
-4003
-5032
-6784
-7925
-8870
-9886
-10808
-11200
-11053
-10305
-9729
-8613
-6687
-4586
-2590
-534
1729
4048
6109
7398
9237
10591
11807
12441
12773
13845
13960
14050
14040
14223
14442
14023
14025
13402
13397
12834
11273
10653
9099
7626
5754
3344
1796
-659
-2649
-4568
-6629
-7840
-9014
-10130
-10362
-10646
-10156
-9582
-8620
-7442
-5913
-4347
-3101
-1442
-349
856
1435
1747
2207
1722
1278
560
-493
-841
-2381
-3209
-3636
-4262
-4475
-4866
-4597
-3966
-3956
-3700
-3315
-3017
-2789
-3408
-3734
-4189
-4845
-5950
-7138
-8048
-8898
-9790
-10580
-10827
-10661
-10251
-9680
-8421
-6924
-5231
-3442
-1270
594
2600
4504
6428
8078
9276
10850
12084
13054
13772
14642
15277
16085
16460
16518
17051
17136
17075
16545
15280
15468
13269
11798
9753
6988
5745
2065
-253
-2788
-5369
-6511
-9304
-10329
-10808
-11229
-10924
-11036
-9771
-8031
-7050
-5653
-4250
-2403
-862
-412
446
1112
1589
1281
397
129
-656
-1683
-2956
-3961
-4464
-5595
-5910
-6320
-6221
-5941
-6043
-5011
-4752
-4052
-3894
-3622
-3180
-3602
-4110
-4994
-5374
-6713
-7817
-9033
-9894
-10482
-11344
-11241
-11355
-10431
-9331
-8276
-6401
-4494
-2308
-233
1936
3956
5895
7768
9086
10453
11579
12627
13208
13828
14426
14627
15488
15448
15556
16239
16049
16242
15650
15270
15104
13680
12366
10735
8934
7500
4300
2054
213
-2107
-4141
-6739
-7546
-8231
-9517
-9980
-9880
-8804
-8071
-7731
-6479
-4687
-3292
-2534
-1877
-295
440
383
88
-41
-128
-1375
-2629
-3879
-4490
-5545
-7167
-7712
-8045
-7895
-8272
-8234
-7202
-6303
-5633
-5121
-4233
-3314
-3006
-3255
-3492
-3667
-4441
-5701
-6848
-7732
-8793
-9835
-10773
-10877
-10754
-10494
-9665
-8608
-6473
-4682
-2808
-270
2096
4657
6719
8516
10909
12307
13547
14740
15134
16110
16348
16147
16551
16490
16205
16478
15966
15807
15899
14903
15001
13918
12927
12145
10245
9076
7084
4688
3134
453
-1312
-3659
-5920
-7044
-8655
-9687
-10530
-10826
-10278
-9931
-9374
-8092
-6727
-5181
-4179
-2994
-1654
-989
-707
-1009
-1203
-1862
-3158
-4611
-6108
-7222
-8930
-10215
-11155
-11417
-11616
-11748
-10809
-10018
-8464
-7471
-6184
-4459
-3552
-2450
-2238
-1929
-1868
-2510
-3317
-4530
-5245
-6565
-7576
-8349
-8979
-8780
-8665
-7775
-6602
-4754
-2563
-663
2131
4558
7035
9350
11139
13009
14220
15172
15549
15760
15820
15347
15123
14586
14193
14148
13692
13654
13947
13685
14038
13989
13748
13779
12587
12083
10902
8726
7342
4619
2541
116
-3105
-4883
-7517
-9208
-10686
-12435
-12108
-12461
-12176
-11194
-10100
-8179
-7013
-5492
-3885
-2789
-1735
-1567
-1582
-1894
-2693
-3856
-5407
-6696
-8174
-9633
-10716
-11530
-11874
-11888
-11384
-10585
-9532
-7816
-6380
-5037
-3379
-2264
-1231
-784
-608
-792
-1442
-2280
-3471
-4382
-5613
-6638
-7348
-7512
-7402
-7068
-5921
-4458
-2464
-662
1806
4211
6519
8621
10234
12190
13084
13885
14126
14151
14135
13413
12979
12480
11918
11602
11335
11544
11661
11994
12505
12823
13490
13459
13440
13119
12327
11359
9529
7554
5563
2877
192
-2592
-5183
-7508
-9993
-11715
-12917
-13783
-14101
-14069
-13195
-12275
-11013
-9473
-8111
-6486
-5179
-4272
-3467
-2950
-3033
-3311
-4006
-4767
-5640
-7142
-7927
-8796
-9464
-9914
-10231
-9666
-9108
-8352
-7194
-5862
-4619
-3197
-1883
-914
-62
512
752
653
319
-279
-1002
-1853
-2491
-3255
-3907
-3845
-3936
-3430
-2835
-1817
-273
1199
2678
4364
6160
7718
8866
10016
10951
11428
11889
11959
11777
11731
11395
11276
11071
10929
10903
11057
11440
11485
11830
12262
12446
12276
12178
11620
11005
9668
8150
6428
4440
2117
-579
-2969
-5363
-7852
-10035
-11971
-13463
-14285
-15036
-15413
-14821
-13824
-12873
-11730
-10129
-8215
-6761
-5526
-4381
-3413
-2620
-2583
-2807
-3197
-3626
-4357
-5568
-6310
-6949
-7486
-8018
-7968
-7809
-7204
-6299
-5482
-3936
-2637
-1430
62
1206
2265
2860
3259
3555
3187
2752
2156
1122
453
-398
-1304
-1733
-2040
-2016
-1791
-1133
-133
1093
2276
3911
5515
6721
8243
9309
10035
10755
10900
10731
10525
10033
9471
8506
7931
7502
6815
6488
6376
6442
6723
6662
7113
7680
7562
7462
7229
6722
5780
4336
2668
1072
-1342
-3553
-5778
-8259
-9874
-12000
-13422
-14231
-14691
-14612
-14311
-13187
-11558
-10085
-8215
-6229
-4531
-2575
-1058
-196
676
1021
1117
513
-208
-957
-2155
-2979
-4415
-5042
-5539
-6230
-6116
-5810
-5041
-4336
-3231
-1756
-392
1103
2243
3530
4652
5365
5859
5753
5991
5502
4701
4075
3050
2331
1263
522
154
-431
-477
-314
42
628
1105
1962
2901
3290
3891
4203
4342
4221
3623
3050
2334
1527
450
-326
-999
-1376
-1543
-1622
-1075
-300
646
1513
2997
4349
5168
6446
6817
7255
7468
6539
6069
4469
3078
1481
-691
-2378
-4420
-5998
-7046
-8472
-8745
-9060
-8956
-7869
-7437
-6121
-4553
-3457
-1930
-910
484
1094
1157
1903
1505
857
287
-828
-1653
-2800
-3894
-4776
-5379
-5529
-5771
-5471
-4520
-3519
-2265
-688
1052
2866
4499
5866
7322
8337
8784
8983
8913
8319
7322
6222
4670
3366
1790
138
-1100
-2177
-2953
-3897
-4027
-4054
-4076
-3753
-3480
-2843
-2574
-2367
-2026
-2082
-2119
-2364
-2669
-3017
-3512
-3752
-4044
-4076
-3845
-3479
-2709
-1696
-435
1132
2712
4333
6297
7833
9082
10216
10781
11275
10826
10097
8947
7348
5726
3583
1294
-586
-2532
-3960
-5751
-6616
-6805
-7067
-6744
-6248
-5287
-3699
-2815
-1652
-388
737
1709
1783
2082
2257
1776
1136
1
-703
-1364
-2611
-3559
-3861
-4095
-4041
-3882
-3228
-1840
-852
364
1852
3342
4864
5658
6474
7324
7417
6945
6271
5537
4222
2493
855
-879
-2453
-4116
-5810
-6898
-7704
-8247
-8776
-8692
-8372
-8090
-7346
-6901
-6262
-5637
-5290
-4888
-4883
-4709
-4829
-5146
-5088
-5425
-5246
-5263
-4937
-3984
-3300
-1887
-507
1225
3530
5180
7380
9491
10938
12966
13665
14516
15147
14501
14394
13039
11869
10453
8332
6814
4676
3073
1485
-294
-1018
-2141
-2709
-2847
-3041
-2528
-2268
-1913
-913
-550
307
689
816
1593
1433
1109
1040
758
128
-692
-1087
-1678
-2040
-2749
-2948
-2600
-2676
-2131
-1987
-722
23
191
1549
1906
2720
2836
2507
2866
2103
1437
320
-893
-1826
-3494
-4913
-6221
-7465
-8545
-9697
-10300
-10662
-10982
-10914
-10829
-10219
-9685
-8984
-8326
-7824
-6809
-6373
-5821
-5583
-5162
-4534
-4585
-4284
-3905
-3240
-2631
-2075
-850
363
1745
3299
4923
6872
8670
10393
11904
13442
14786
15314
16027
16109
15899
15457
14183
13217
11725
10122
8205
6490
4917
3038
1548
335
-912
-1310
-2126
-2434
-2266
-2083
-1284
-1240
-540
629
1010
1799
1900
2251
2750
2164
2065
1209
614
132
-1313
-2088
-2800
-3562
-4311
-4783
-4837
-4777
-4691
-4460
-3814
-3149
-2736
-2293
-1766
-1388
-1684
-1872
-2079
-2940
-3659
-4775
-5840
-6533
-7902
-8975
-9503
-10016
-10479
-10808
-10535
-10138
-9676
-8927
-8136
-7142
-6114
-5389
-4552
-3717
-3290
-3109
-2760
-2687
-2807
-2899
-2891
-2819
-2521
-2050
-1389
-127
1090
2527
4430
6314
8275
10113
11877
13572
14851
15920
16455
16950
17046
16602
16069
15298
14324
13135
12164
10733
9612
8549
7290
6498
5370
4567
3783
3063
2589
1544
1127
652
-107
-524
-1202
-1794
-2086
-2692
-2993
-3288
-3820
-3618
-3932
-4024
-3951
-4097
-3860
-4102
-4114
-4086
-4185
-4501
-4708
-4697
-5056
-5390
-5702
-5644
-5756
-6094
-5961
-6005
-5714
-5513
-5641
-5351
-5128
-5127
-5114
-5297
-5433
-5580
-5994
-6487
-6934
-7283
-7782
-8285
-8522
-8781
-8806
-8768
-8485
-7921
-7567
-6694
-5770
-4930
-4024
-3047
-2007
-1233
-428
337
1127
1750
2370
3122
3834
4760
5504
6418
7679
8756
9735
10818
12061
13049
13776
14568
15055
15469
15610
15466
15399
14912
14562
13852
13177
12578
11352
10855
9614
8408
7626
5999
5025
3495
2000
1103
-700
-1621
-2834
-4139
-4373
-5416
-5760
-5840
-6173
-5631
-5808
-5256
-4902
-4769
-3902
-4187
-3845
-3738
-4045
-4130
-4938
-5210
-5933
-6781
-7535
-8544
-8864
-9716
-10297
-10666
-10580
-10473
-10760
-10057
-9371
-8695
-8225
-7483
-6191
-5619
-4961
-4374
-3676
-3055
-2972
-2657
-2553
-2363
-2393
-2636
-2424
-2384
-2472
-2469
-2126
-1722
-1505
-1113
-443
336
944
1629
2317
3065
3857
4418
4834
5294
5819
6043
6259
6426
6630
7085
7167
7310
7809
8197
8708
8916
9471
10138
10486
10973
11252
11690
12106
12236
12188
12164
12156
11697
11165
10441
9739
8813
7536
6399
5017
3636
2213
717
-742
-2038
-3280
-4355
-5387
-6140
-6637
-7013
-7244
-7474
-7231
-7107
-7006
-6784
-6766
-6467
-6565
-6858
-6927
-7321
-7833
-8472
-9024
-9570
-10315
-10934
-11390
-11728
-11823
-12059
-11990
-11448
-10841
-10386
-9568
-8369
-7426
-6229
-5167
-4066
-2791
-1812
-779
-130
634
1527
1927
2310
2512
3003
3362
3265
3392
3577
3898
3990
3743
3885
4155
4096
3693
3507
3512
3159
2516
2245
1969
1610
1216
970
1106
1276
1360
1751
2494
3230
3909
4870
5882
6845
7576
8373
9225
9604
9970
10174
10257
10369
10094
9797
9763
9262
9006
8862
8124
7875
7316
6903
6346
4966
4590
3537
2273
1146
-613
-1287
-2949
-4517
-5448
-7066
-7468
-8845
-9785
-9709
-10505
-10301
-10620
-10390
-9541
-9600
-8896
-8585
-7879
-7078
-7406
-6818
-6636
-6609
-6764
-7371
-7085
-7618
-7962
-8206
-8241
-7793
-7941
-7257
-6291
-5125
-4010
-2916
-964
631
2084
3348
4768
6277
6729
7286
7625
7840
7639
6730
6233
5658
4644
3551
2656
2045
1347
463
-41
14
-115
-394
-265
278
707
676
967
1531
1746
1669
1448
1547
1627
1074
734
743
750
620
543
872
1341
1729
2132
2816
3432
4072
4520
5058
5624
5687
6031
6184
6367
6400
6134
6331
6134
6113
5842
5360
5388
4805
4343
3504
2672
2196
799
-255
-1529
-2731
-3599
-5410
-6392
-7416
-8455
-8938
-10088
-10160
-10275
-10562
-10061
-9929
-9056
-8335
-7710
-6585
-5712
-4653
-3933
-3081
-2269
-1806
-1406
-1234
-936
-983
-1164
-1334
-1526
-1495
-1736
-1796
-1608
-1281
-786
-335
363
1316
2105
2904
3715
4367
4987
5242
5242
5185
4907
4345
3624
2804
2087
1331
417
-147
-583
-1022
-1287
-1425
-1296
-1235
-1072
-798
-527
-217
-63
185
408
484
495
480
593
436
270
307
278
363
311
452
843
1025
1427
1831
2265
2761
3151
3602
3887
4218
4468
4619
4693
4780
4798
4669
4715
4595
4475
4466
4384
4336
4012
3950
3871
3448
3125
2590
2204
1379
468
-446
-1447
-2413
-3933
-4963
-5962
-6890
-7811
-8689
-8737
-9012
-8983
-8660
-8335
-7287
-6570
-5607
-4684
-3783
-2614
-2007
-1174
-791
-450
-47
-273
-321
-577
-828
-1082
-1620
-1731
-1881
-1853
-1785
-1552
-991
-477
281
971
1715
2582
3180
3767
4037
4304
4346
3991
3731
3083
2412
1713
875
105
-751
-1260
-1740
-2230
-2468
-2505
-2309
-2221
-1990
-1508
-1002
-643
-355
170
549
746
778
865
1003
787
571
337
204
83
-172
-191
-18
260
526
991
1715
2355
2930
3588
4264
4588
4850
4899
4801
4614
3965
3593
3036
2387
2073
1610
1443
1442
1549
1849
2158
2526
3006
3385
3538
3602
3453
3094
2488
1662
635
-599
-1932
-3238
-4571
-5937
-7080
-8063
-8785
-9196
-9425
-9366
-8958
-8181
-7332
-6359
-5218
-3981
-2737
-1664
-668
104
771
1168
1308
1277
1035
751
375
-87
-441
-643
-766
-751
-495
-49
466
1141
1775
2528
3233
3819
4314
4504
4799
4812
4639
4351
3800
3424
2677
1941
1181
373
-242
-1067
-1632
-2141
-2513
-2703
-2853
-2696
-2595
-2278
-1930
-1604
-1065
-788
-405
-232
-82
133
-72
-109
-282
-471
-614
-827
-814
-788
-623
-389
8
559
1154
1766
2378
3011
3534
4015
4257
4442
4484
4336
4149
3763
3477
3090
2698
2456
2129
1995
1879
1805
1867
1672
1619
1410
1017
720
-142
-770
-1672
-2857
-3760
-5025
-5953
-6982
-7969
-8450
-9031
-9138
-9180
-8921
-8236
-7577
-6584
-5546
-4289
-2986
-1761
-555
572
1643
2526
3198
3687
3973
4204
4198
4039
3821
3485
3339
2943
2732
2647
2542
2703
2647
3033
3337
3516
3869
4013
4372
4292
4099
3890
3530
2996
2188
1470
569
-255
-1182
-2032
-2765
-3490
-3916
-4424
-4586
-4692
-4688
-4455
-4236
-3722
-3368
-2846
-2286
-1771
-1148
-772
-329
168
506
737
1015
1139
1326
1373
1350
1502
1379
1429
1436
1394
1452
1366
1464
1457
1377
1356
1301
1267
1032
825
624
509
325
-37
-71
-87
-97
52
150
560
897
1248
1795
2011
2473
2532
2642
2780
2240
2081
1384
847
108
-992
-1551
-2545
-3142
-3932
-4602
-4690
-5112
-5039
-5012
-4750
-4137
-3830
-3071
-2399
-1699
-939
-458
274
707
1038
1286
1363
1461
1266
1083
813
656
401
143
215
184
404
657
1138
1774
2379
3138
3697
4500
5012
5399
5653
5533
5488
4930
4338
3496
2512
1630
380
-484
-1538
-2369
-2961
-3668
-3851
-4108
-4044
-4052
-3946
-3484
-3297
-3005
-2932
-2697
-2530
-2646
-2656
-2855
-2877
-3013
-3175
-3126
-3078
-2840
-2641
-2206
-1644
-1067
-382
237
962
1582
2142
2655
2965
3238
3379
3398
3396
3125
2868
2630
2260
1993
1609
1318
1116
885
832
807
1036
1210
1430
1879
2202
2697
2873
3028
3148
2956
2723
2023
1367
434
-719
-1771
-3102
-4162
-5243
-6186
-6703
-7210
-7272
-7131
-6766
-5943
-5164
-4046
-2976
-1958
-772
120
978
1529
1993
2314
2401
2427
2187
2026
1795
1558
1424
1376
1494
1618
1954
2392
2926
3558
4154
4691
5256
5709
5906
6059
5892
5581
5116
4461
3755
2869
1967
1077
323
-428
-1084
-1610
-2070
-2247
-2452
-2580
-2583
-2666
-2615
-2612
-2622
-2612
-2702
-2753
-2849
-2940
-2958
-3087
-3182
-3217
-3254
-3240
-3281
-3206
-3081
-2998
-2792
-2575
-2227
-1792
-1480
-1013
-496
-25
428
794
1154
1439
1599
1614
1540
1365
1094
717
350
5
-446
-785
-1012
-1074
-1093
-1071
-775
-460
44
494
954
1417
1760
2153
2318
2424
2361
2253
2040
1661
1338
918
493
-15
-511
-871
-1330
-1675
-2170
-2531
-2796
-3156
-3297
-3556
-3572
-3485
-3349
-2962
-2663
-2126
-1429
-808
-110
503
1123
1690
2103
2394
2669
2781
2882
2908
2850
2981
2922
3057
3271
3428
3843
4159
4667
5010
5335
5680
5802
5954
5661
5405
4952
4274
3545
2539
1720
705
-247
-1081
-1945
-2484
-3085
-3476
-3656
-3790
-3646
-3580
-3300
-3000
-2725
-2341
-2136
-1876
-1720
-1628
-1582
-1661
-1735
-1929
-2140
-2318
-2533
-2693
-2863
-2993
-3040
-3043
-2974
-2918
-2746
-2583
-2370
-2075
-1836
-1490
-1323
-1015
-767
-650
-404
-444
-388
-364
-499
-629
-848
-1041
-1268
-1515
-1747
-1867
-1993
-2101
-2091
-2013
-1813
-1672
-1466
-1172
-901
-603
-375
-113
133
376
648
852
1163
1502
1914
2352
2807
3381
3915
4455
5010
5422
5877
6140
6223
6361
6174
5996
5666
5158
4680
3991
3451
2811
2214
1734
1186
908
623
541
584
596
909
1190
1495
1896
2212
2542
2727
2813
2765
2577
2294
1804
1174
519
-216
-1050
-1772
-2535
-3118
-3590
-3967
-4123
-4162
-3984
-3726
-3349
-2894
-2427
-1922
-1497
-1150
-911
-797
-780
-951
-1167
-1504
-1894
-2288
-2716
-3010
-3243
-3378
-3337
-3138
-2833
-2406
-1863
-1277
-652
-94
429
843
1074
1206
1126
950
583
88
-483
-1245
-1850
-2540
-3178
-3731
-4273
-4515
-4772
-4863
-4850
-4759
-4495
-4302
-4008
-3663
-3367
-3017
-2713
-2389
-2058
-1795
-1423
-1084
-766
-373
-23
444
916
1342
1863
2341
2853
3361
3831
4294
4720
5041
5332
5575
5643
5733
5617
5424
5214
4775
4374
3904
3353
2853
2286
1837
1438
1016
810
644
582
618
713
990
1226
1521
1864
2180
2468
2672
2815
2875
2861
2707
2531
2192
1833
1467
994
599
168
-206
-509
-795
-996
-1085
-1124
-1098
-1008
-876
-676
-462
-224
-35
186
363
467
543
542
566
449
314
153
-45
-173
-371
-541
-666
-778
-837
-890
-913
-923
-972
-991
-1069
-1218
-1394
-1611
-1918
-2303
-2660
-3075
-3462
-3847
-4149
-4397
-4578
-4626
-4610
-4450
-4246
-3961
-3632
-3254
-2888
-2547
-2238
-2006
-1793
-1655
-1595
-1590
-1589
-1641
-1673
-1739
-1766
-1712
-1695
-1566
-1414
-1215
-971
-716
-413
-106
209
556
844
1125
1442
1686
1977
2171
2379
2564
2709
2871
2920
2996
3052
3078
3050
2995
2977
2928
2832
2742
2625
2537
2406
2230
2104
1954
1804
1608
1446
1302
1163
1038
912
851
776
733
730
715
740
774
820
905
960
1046
1137
1186
1277
1328
1400
1428
1400
1418
1361
1291
1179
1023
877
650
414
183
-100
-341
-614
-858
-1063
-1291
-1439
-1593
-1718
-1785
-1868
-1930
-1969
-2030
-2086
-2127
-2205
-2288
-2362
-2436
-2483
-2549
-2616
-2585
-2569
-2504
-2389
-2272
-2076
-1858
-1576
-1317
-1018
-674
-347
-9
313
639
918
1192
1430
1620
1821
1956
2063
2201
2244
2331
2388
2451
2511
2511
2563
2574
2588
2509
2427
2296
2063
1788
1451
1028
574
70
-462
-997
-1530
-1968
-2421
-2741
-2984
-3132
-3136
-3079
-2855
-2567
-2216
-1771
-1333
-861
-374
5
410
740
957
1125
1177
1203
1094
944
746
494
237
-42
-274
-538
-739
-903
-1035
-1136
-1214
-1267
-1312
-1338
-1434
-1527
-1658
-1843
-2040
-2316
-2614
-2909
-3209
-3491
-3735
-3912
-4045
-4044
-3929
-3771
-3441
-3045
-2535
-1919
-1280
-567
157
901
1597
2252
2863
3363
3825
4134
4377
4525
4557
4571
4449
4320
4153
3963
3760
3555
3393
3243
3129
3047
3001
2991
3017
3056
3141
3188
3285
3324
3351
3362
3263
3174
2966
2752
2471
2127
1774
1354
983
582
208
-151
-498
-775
-1068
-1300
-1509
-1736
-1885
-2077
-2240
-2367
-2528
-2636
-2739
-2823
-2870
-2896
-2907
-2874
-2840
-2767
-2715
-2640
-2538
-2488
-2375
-2314
-2234
-2139
-2078
-1991
-1931
-1846
-1759
-1739
-1662
-1611
-1584
-1537
-1550
-1509
-1513
-1508
-1488
-1502
-1450
-1425
-1371
-1281
-1186
-1053
-943
-801
-628
-487
-329
-196
-46
70
183
293
361
465
516
594
678
740
832
934
1055
1180
1318
1479
1646
1828
2005
2174
2352
2502
2646
2764
2846
2894
2926
2918
2865
2816
2709
2613
2478
2342
2235
2099
1992
1884
1817
1764
1739
1716
1682
1687
1667
1628
1567
1465
1356
1185
992
754
473
218
-107
-400
-681
-935
-1128
-1315
-1402
-1462
-1453
-1380
-1294
-1153
-1020
-898
-790
-733
-718
-797
-936
-1114
-1389
-1681
-2016
-2395
-2716
-3040
-3318
-3539
-3695
-3766
-3776
-3723
-3593
-3412
-3192
-2963
-2719
-2487
-2268
-2064
-1936
-1777
-1709
-1617
-1562
-1515
-1427
-1369
-1249
-1120
-936
-711
-460
-165
173
536
890
1276
1660
2004
2340
2621
2886
3088
3224
3334
3379
3386
3353
3276
3205
3094
2975
2857
2750
2663
2547
2462
2381
2312
2249
2166
2095
2005
1905
1786
1636
1480
1285
1070
816
554
283
9
-274
-539
-758
-970
-1113
-1230
-1274
-1269
-1224
-1094
-973
-781
-583
-411
-212
-58
69
131
147
95
-25
-195
-429
-693
-1016
-1346
-1677
-2007
-2290
-2555
-2765
-2920
-2996
-3014
-2972
-2864
-2707
-2495
-2268
-1995
-1714
-1415
-1166
-907
-668
-481
-281
-164
-57
39
95
144
174
197
219
230
251
275
311
344
379
429
481
533
581
622
672
740
783
843
896
977
1052
1143
1260
1374
1516
1654
1787
1936
2078
2184
2273
2292
2299
2246
2120
1984
1767
1532
1277
995
712
453
206
-1
-185
-353
-441
-535
-564
-605
-621
-605
-645
-648
-697
-737
-809
-896
-969
-1082
-1162
-1243
-1301
-1323
-1327
-1295
-1238
-1147
-1053
-934
-811
-708
-596
-525
-473
-450
-485
-531
-635
-758
-911
-1087
-1283
-1484
-1663
-1843
-1989
-2089
-2140
-2129
-2071
-1934
-1715
-1466
-1148
-824
-450
-88
244
560
811
1011
1137
1197
1210
1149
1056
940
798
689
563
490
466
459
535
619
757
942
1124
1349
1550
1767
1964
2134
2296
2408
2518
2572
2606
2637
2613
2598
2548
2494
2431
2340
2253
2144
2033
1897
1767
1612
1446
1282
1094
910
714
515
320
119
-74
-265
-445
-619
-787
-932
-1077
-1198
-1331
-1422
-1519
-1612
-1679
-1759
-1801
-1853
-1894
-1905
-1928
-1908
-1905
-1891
-1840
-1812
-1760
-1723
-1674
-1618
-1588
-1536
-1503
-1455
-1397
-1358
-1286
-1222
-1142
-1066
-987
-891
-827
-773
-738
-735
-762
-841
-946
-1082
-1243
-1420
-1599
-1762
-1902
-1996
-2037
-2011
-1924
-1756
-1522
-1232
-881
-498
-86
329
737
1121
1454
1750
1979
2149
2271
2312
2314
2270
2204
2109
2003
1905
1801
1727
1647
1573
1528
1474
1436
1391
1337
1294
1238
1174
1102
1031
957
883
801
721
641
558
477
409
330
261
205
143
115
76
69
93
123
187
262
351
468
576
686
796
877
952
984
977
951
874
775
639
467
302
110
-79
-247
-405
-529
-630
-703
-739
-756
-752
-732
-697
-663
-626
-618
-607
-617
-647
-685
-745
-792
-848
-908
-961
-991
-1020
-1022
-1018
-993
-936
-888
-833
-776
-717
-661
-629
-608
-597
-604
-631
-676
-722
-755
-802
-842
-869
-884
-867
-844
-799
-719
-622
-522
-399
-290
-164
-30
58
162
250
317
372
397
439
459
477
496
500
541
566
586
640
687
750
809
859
922
982
1030
1067
1091
1106
1115
1087
1048
1010
946
870
776
668
563
445
306
171
40
-94
-237
-384
-512
-635
-763
-871
-973
-1032
-1093
-1125
-1119
-1088
-1002
-921
-796
-629
-466
-276
-95
95
292
461
605
731
842
908
939
937
922
872
792
700
584
482
355
227
122
12
-71
-159
-226
-256
-278
-282
-265
-229
-178
-114
-60
9
90
147
203
244
275
298
284
267
239
198
161
91
38
-15
-75
-108
-152
-164
-146
-153
-115
-74
-24
37
79
132
178
199
190
187
159
116
59
-17
-74
-131
-198
-246
-286
-308
-323
-338
-341
-334
-336
-355
-366
-386
-417
-453
-489
-526
-550
-582
-608
-601
-595
-567
-533
-493
-436
-384
-336
-295
-262
-235
-226
-235
-248
-272
-302
-334
-356
-375
-384
-373
-356
-317
-254
-189
-105
-15
84
185
287
393
490
586
664
737
800
842
883
906
917
931
918
901
893
866
852
834
822
812
801
790
780
768
750
726
696
654
603
543
466
391
308
218
131
45
-37
-112
-180
-239
-274
-306
-323
-321
-317
-287
-264
-239
-199
-177
-150
-140
-142
-155
-184
-223
-273
-328
-392
-452
-526
-586
-652
-719
-771
-831
-876
-928
-972
-1001
-1029
-1040
-1041
-1028
-1000
-954
-895
-820
-731
-631
-529
-418
-308
-205
-100
-9
74
147
202
246
279
297
306
306
296
278
259
239
214
195
181
168
166
168
177
190
218
241
275
313
347
391
426
466
502
529
551
563
562
549
519
475
418
344
263
178
81
-11
-104
-189
-260
-319
-360
-386
-390
-387
-366
-324
-281
-227
-168
-110
-50
3
48
84
113
129
137
139
130
120
100
76
56
27
2
-23
-43
-57
-71
-76
-80
-75
-67
-57
-35
-19
5
33
53
81
113
139
169
200
228
259
291
317
347
372
395
423
442
464
477
490
498
502
501
500
490
476
458
431
405
370
333
296
255
219
189
154
127
110
96
92
94
100
109
122
125
130
129
119
102
69
29
-24
-87
-159
-236
-316
-397
-477
-558
-632
-703
-780
-842
-906
-975
-1030
-1096
-1152
-1209
-1255
-1295
-1331
-1341
-1357
-1350
-1328
-1300
-1246
-1197
-1121
-1048
-971
-881
-807
-725
-646
-575
-509
-439
-382
-324
-261
-209
-150
-83
-24
46
118
189
273
350
430
512
594
673
752
830
907
980
1047
1121
1179
1242
1299
1348
1388
1423
1448
1461
1470
1458
1443
1417
1384
1339
1291
1233
1175
1114
1047
985
920
849
777
710
636
569
491
423
348
279
210
135
70
-4
-71
-149
-222
-297
-381
-455
-531
-604
-668
-724
-773
-804
-827
-833
-828
-803
-779
-737
-689
-646
-594
-554
-513
-483
-459
-449
-442
-451
-461
-481
-508
-534
-570
-599
-641
-671
-707
-733
-759
-777
-783
-782
-767
-744
-704
-659
-593
-531
-451
-368
-288
-199
-116
-36
39
113
176
232
276
320
346
374
387
396
406
405
411
412
416
418
427
425
428
425
416
410
390
377
353
327
300
274
246
225
198
183
166
152
146
133
130
119
111
96
78
59
36
5
-28
-59
-99
-129
-166
-194
-218
-235
-250
-251
-248
-239
-223
-205
-178
-151
-118
-89
-53
-18
21
59
101
142
186
237
279
332
372
416
452
480
504
514
515
506
488
453
417
362
303
234
157
78
0
-81
-157
-224
-285
-330
-372
-391
-399
-384
-364
-328
-277
-225
-161
-100
-38
18
70
107
137
147
153
143
122
91
51
15
-26
-63
-96
-111
-120
-107
-84
-45
10
69
143
215
287
350
410
455
487
502
502
488
456
406
349
284
201
124
38
-44
-116
-188
-252
-303
-343
-373
-396
-416
-425
-426
-428
-429
-428
-424
-418
-417
-413
-406
-397
-388
-380
-367
-355
-337
-318
-304
-278
-250
-220
-188
-157
-124
-85
-56
-25
0
24
42
48
50
43
31
14
-10
-42
-73
-105
-141
-178
-216
-247
-272
-299
-316
-327
-331
-320
-307
-284
-249
-208
-162
-106
-49
12
84
147
211
278
340
399
451
492
530
554
567
567
552
533
498
452
401
350
300
250
203
169
145
134
130
135
160
187
229
271
321
373
425
482
531
579
624
665
691
709
720
715
699
663
610
555
479
392
299
198
95
-11
-110
-208
-302
-383
-456
-520
-572
-614
-649
-673
-690
-702
-709
-709
-708
-705
-700
-689
-677
-664
-647
-633
-610
-588
-565
-544
-520
-496
-474
-459
-444
-427
-419
-408
-403
-394
-385
-373
-362
-348
-324
-297
-266
-233
-193
-149
-100
-56
-8
39
86
130
166
202
229
251
269
277
283
285
284
284
279
277
285
293
307
322
346
378
410
445
484
527
564
606
642
671
703
719
728
734
728
715
692
658
624
584
535
479
429
377
324
275
222
178
135
95
60
25
-4
-32
-60
-86
-114
-142
-167
-197
-234
-265
-303
-343
-381
-427
-471
-512
-555
-594
-636
-665
-689
-710
-727
-739
-740
-733
-725
-715
-696
-672
-651
-627
-599
-575
-547
-521
-494
-467
-442
-416
-394
-368
-346
-326
-307
-284
-257
-234
-204
-173
-138
-98
-58
-16
32
80
134
186
239
292
340
393
439
481
516
553
586
612
633
651
668
677
682
683
679
677
668
654
648
635
626
619
605
597
588
577
564
550
531
514
494
467
443
412
381
356
323
291
261
225
200
164
125
91
53
19
-23
-60
-101
-138
-169
-214
-244
-275
-306
-326
-355
-367
-381
-394
-393
-401
-399
-397
-389
-382
-377
-370
-368
-358
-356
-364
-369
-376
-383
-395
-407
-412
-416
-418
-413
-405
-391
-374
-352
-331
-307
-287
-270
-249
-240
-235
-232
-234
-235
-246
-250
-257
-265
-259
-258
-250
-233
-213
-184
-153
-118
-75
-31
19
64
107
153
194
230
258
285
301
318
326
322
320
309
303
292
277
267
260
260
262
259
267
275
283
293
296
305
307
309
306
296
287
274
257
235
213
184
147
125
85
43
3
-37
-69
-109
-149
-182
-207
-225
-245
-256
-255
-249
-238
-225
-201
-177
-149
-116
-84
-47
-13
22
62
93
127
159
186
215
236
257
270
286
293
297
299
288
286
269
243
222
192
160
125
86
55
25
-8
-36
-58
-74
-91
-104
-113
-116
-124
-129
-129
-136
-136
-139
-137
-133
-134
-128
-123
-120
-111
-108
-103
-96
-89
-93
-92
-89
-97
-92
-101
-108
-105
-113
-114
-118
-119
-118
-117
-114
-111
-102
-97
-88
-74
-62
-50
-37
-22
-10
-1
8
14
15
22
15
8
3
-8
-18
-30
-37
-47
-52
-57
-61
-55
-61
-52
-42
-39
-26
-21
-9
4
9
16
20
27
27
21
12
2
-14
-37
-61
-87
-114
-143
-172
-194
-220
-241
-254
-266
-269
-266
-269
-255
-232
-221
-198
-171
-145
-108
-80
-50
-12
20
47
74
95
116
133
142
156
161
165
175
179
190
200
211
235
254
274
306
336
364
398
427
459
491
511
537
556
569
580
582
578
570
555
534
514
489
463
436
410
385
359
338
315
292
271
248
220
194
164
127
96
50
6
-36
-88
-136
-188
-239
-289
-333
-381
-427
-462
-501
-537
-568
-597
-621
-636
-660
-669
-678
-689
-684
-688
-680
-667
-654
-631
-609
-581
-555
-526
-493
-462
-438
-405
-380
-360
-334
-318
-300
-287
-272
-260
-245
-236
-226
-206
-191
-169
-147
-124
-88
-56
-24
12
51
89
124
162
199
231
261
291
320
343
364
380
395
410
413
418
419
418
414
405
396
385
374
355
347
333
320
315
309
308
312
315
326
335
344
359
370
384
392
399
403
405
403
397
395
384
373
362
348
330
310
288
265
234
198
162
116
70
17
-41
-93
-148
-203
-250
-289
-327
-357
-381
-396
-403
-408
-410
-400
-394
-387
-377
-372
-357
-349
-341
-334
-321
-311
-303
-288
-275
-260
-246
-233
-220
-210
-201
-195
-188
-188
-189
-189
-193
-198
-202
-202
-208
-209
-203
-205
-194
-188
-178
-164
-153
-138
-121
-98
-81
-57
-32
-2
29
59
97
134
176
211
253
294
332
362
386
410
422
433
430
428
426
415
402
390
384
373
362
347
339
327
303
287
264
241
210
174
142
106
73
38
7
-15
-38
-60
-80
-97
-109
-130
-148
-165
-182
-201
-222
-243
-258
-276
-287
-300
-305
-301
-299
-291
-281
-263
-249
-232
-219
-204
-195
-193
-194
-195
-194
-201
-203
-207
-199
-195
-190
-172
-155
-130
-115
-94
-74
-58
-44
-37
-28
-25
-23
-26
-26
-22
-15
-12
-1
10
24
40
52
71
86
98
105
109
117
119
121
120
125
130
134
138
150
165
177
189
201
218
228
235
244
250
258
260
266
272
278
285
286
292
299
303
306
303
303
297
285
270
257
241
222
201
180
164
143
123
103
87
67
44
18
-9
-33
-66
-97
-130
-158
-190
-220
-248
-268
-283
-302
-308
-314
-315
-313
-316
-312
-310
-312
-319
-324
-331
-341
-356
-371
-381
-395
-407
-421
-423
-428
-431
-428
-426
-414
-405
-397
-382
-367
-352
-332
-314
-285
-256
-230
-198
-163
-127
-89
-53
-18
20
52
81
108
136
158
179
197
213
232
252
268
290
315
338
364
387
411
440
458
475
489
500
502
503
498
491
483
467
454
440
426
409
396
378
368
351
329
314
292
269
242
212
184
155
122
89
63
39
13
-5
-24
-36
-47
-64
-73
-82
-95
-111
-123
-139
-153
-170
-189
-198
-211
-225
-234
-240
-247
-252
-256
-261
-260
-263
-268
-267
-270
-271
-268
-269
-265
-257
-251
-241
-230
-221
-209
-200
-195
-186
-182
-182
-182
-183
-185
-189
-197
-198
-198
-202
-201
-199
-193
-188
-182
-173
-162
-150
-140
-129
-111
-102
-86
-74
-57
-42
-27
-12
7
26
40
59
76
92
109
125
141
157
170
185
200
214
228
239
253
265
275
282
292
297
302
305
306
307
307
302
299
297
291
287
283
278
276
274
270
269
269
266
261
262
257
251
249
239
232
223
209
195
182
160
141
122
96
72
43
15
-11
-40
-70
-95
-122
-151
-176
-203
-230
-255
-282
-309
-335
-363
-391
-415
-443
-469
-488
-508
-521
-531
-538
-540
-536
-532
-521
-505
-493
-470
-447
-424
-395
-371
-342
-309
-281
-249
-214
-180
-147
-111
-79
-45
-10
20
54
87
117
147
180
209
236
262
286
312
332
350
370
387
403
417
431
443
454
462
467
471
468
463
456
442
428
408
385
364
338
310
281
256
227
204
177
150
130
105
81
61
39
18
2
-17
-32
-44
-61
-70
-77
-89
-96
-103
-112
-118
-127
-137
-145
-154
-167
-175
-186
-198
-205
-213
-218
-222
-224
-227
-223
-223
-220
-216
-211
-206
-198
-192
-184
-174
-165
-154
-141
-131
-120
-103
-95
-82
-71
-62
-53
-43
-38
-32
-25
-22
-18
-13
-13
-12
-9
-11
-8
-9
-9
-6
-4
-3
1
4
6
12
15
18
20
22
23
24
27
27
28
31
32
35
37
39
42
44
43
46
47
46
48
50
49
53
55
56
60
62
61
63
63
58
55
49
40
29
20
7
-3
-16
-29
-38
-48
-57
-63
-70
-76
-78
-82
-84
-85
-85
-86
-85
-82
-81
-79
-76
-75
-71
-69
-67
-62
-59
-57
-50
-47
-41
-36
-30
-24
-16
-9
-1
8
15
22
32
39
47
57
65
75
87
97
108
124
135
149
165
179
192
209
221
236
249
258
270
278
284
290
294
294
296
295
293
289
284
276
269
259
245
232
217
196
176
154
128
103
75
46
17
-12
-42
-71
-99
-127
-152
-178
-203
-225
-248
-271
-291
-309
-329
-345
-361
-376
-388
-397
-406
-413
-415
-418
-418
-415
-412
-408
-398
-393
-383
-372
-363
-350
-336
-324
-308
-292
-278
-259
-241
-223
-203
-183
-165
-142
-121
-101
-79
-57
-37
-15
6
26
44
64
80
95
110
121
133
143
152
162
170
177
185
191
196
203
206
208
212
214
213
215
215
214
216
216
216
219
220
222
226
229
231
234
235
237
238
237
236
235
233
231
227
224
220
216
212
206
201
194
187
181
173
165
158
148
139
131
122
112
104
92
83
75
64
55
46
36
29
20
10
5
-4
-12
-19
-27
-34
-44
-52
-61
-71
-79
-89
-100
-107
-118
-128
-136
-149
-157
-165
-176
-183
-191
-200
-206
-212
-219
-223
-228
-232
-236
-238
-242
-243
-245
-246
-247
-248
-247
-246
-247
-245
-244
-241
-237
-235
-231
-225
-221
-214
-207
-199
-190
-181
-170
-157
-146
-132
-117
-104
-87
-72
-56
-38
-22
-5
12
28
44
59
74
88
102
116
129
140
151
162
171
180
188
195
202
207
210
213
214
215
213
212
209
206
201
198
194
188
184
180
175
173
168
165
162
158
155
152
147
144
139
134
130
123
118
114
106
101
96
89
85
77
71
66
58
52
46
36
30
21
12
4
-5
-14
-24
-34
-43
-53
-61
-70
-80
-89
-98
-104
-113
-120
-126
-131
-137
-140
-145
-146
-149
-152
-152
-153
-154
-154
-154
-155
-153
-153
-150
-148
-146
-141
-136
-132
-124
-116
-108
-97
-87
-77
-65
-55
-43
-32
-23
-13
-4
5
13
21
27
35
40
46
50
56
61
66
70
75
80
82
87
90
92
96
98
99
100
101
102
102
102
101
101
99
95
94
89
86
81
76
69
63
56
50
42
36
27
21
13
5
-1
-8
-15
-21
-27
-34
-37
-44
-50
-54
-58
-63
-70
-75
-80
-86
-93
-99
-103
-108
-113
-118
-119
-120
-122
-121
-121
-119
-117
-114
-110
-105
-101
-95
-89
-83
-75
-68
-58
-50
-40
-31
-21
-12
-2
8
16
24
34
40
49
56
62
68
73
80
85
89
94
97
99
101
103
103
104
104
103
102
99
98
96
92
91
87
84
81
76
72
69
63
58
52
46
40
35
30
25
21
18
15
13
9
7
7
4
2
1
-1
-4
-6
-8
-9
-10
-11
-14
-13
-13
-13
-14
-16
-17
-19
-23
-25
-28
-31
-35
-40
-42
-44
-46
-48
-48
-48
-48
-49
-48
-49
-48
-49
-49
-48
-51
-51
-51
-52
-50
-50
-49
-47
-45
-41
-40
-36
-32
-28
-25
-22
-20
-17
-15
-13
-11
-10
-8
-7
-7
-5
-5
-4
-3
-4
-4
-4
-4
-5
-6
-7
-7
-7
-6
-6
-6
-4
-3
-1
0
2
6
7
9
12
14
18
19
22
25
26
29
30
32
34
36
37
38
40
41
40
41
42
41
40
40
39
38
35
33
30
27
24
20
17
14
9
6
2
-1
-4
-8
-9
-11
-14
-14
-17
-19
-18
-21
-23
-26
-28
-30
-34
-36
-39
-42
-44
-46
-47
-48
-50
-51
-51
-51
-50
-51
-50
-50
-49
-48
-45
-43
-41
-39
-34
-30
-26
-21
-15
-10
-4
1
6
13
18
22
28
31
36
40
44
48
50
53
56
58
61
61
64
65
67
67
69
70
70
71
71
70
70
69
67
67
65
63
59
58
55
51
48
46
42
40
35
33
27
24
21
15
12
7
2
-2
-7
-9
-15
-18
-20
-24
-26
-28
-31
-32
-34
-34
-37
-37
-39
-39
-39
-40
-41
-40
-41
-40
-42
-41
-42
-42
-42
-45
-44
-45
-45
-46
-47
-47
-49
-49
-49
-51
-49
-50
-50
-48
-49
-47
-47
-44
-43
-43
-40
-39
-37
-35
-34
-30
-29
-26
-25
-22
-19
-17
-14
-12
-10
-6
-4
0
1
4
7
8
11
12
15
17
19
21
22
23
25
26
26
27
27
27
26
26
25
26
24
24
24
25
24
24
24
25
24
24
26
27
27
27
29
30
31
31
33
32
33
34
34
34
35
34
33
33
33
31
31
30
29
29
27
27
25
26
24
23
23
21
21
20
17
17
14
14
11
11
8
7
7
5
4
4
2
3
2
2
4
3
4
4
4
4
4
5
5
5
4
4
4
1
1
0
-2
-3
-5
-5
-7
-9
-10
-12
-13
-15
-16
-17
-20
-20
-23
-25
-26
-29
-30
-32
-35
-36
-38
-38
-41
-42
-43
-46
-46
-47
-48
-48
-50
-51
-51
-51
-52
-52
-51
-51
-50
-50
-49
-48
-47
-46
-46
-44
-43
-42
-41
-40
-37
-35
-34
-31
-29
-25
-22
-19
-16
-13
-9
-6
-3
1
4
8
10
13
16
18
21
25
27
31
33
36
39
42
44
46
49
50
52
54
55
56
59
60
61
62
63
64
65
66
66
66
66
67
67
66
65
63
62
61
59
57
55
52
50
46
43
41
37
34
30
26
23
19
14
11
7
3
0
-5
-8
-13
-16
-20
-23
-27
-30
-32
-35
-37
-39
-41
-43
-43
-45
-45
-45
-46
-47
-47
-47
-46
-47
-47
-46
-46
-44
-44
-43
-43
-41
-41
-39
-38
-36
-36
-35
-33
-32
-31
-30
-28
-27
-26
-24
-23
-22
-21
-19
-18
-16
-15
-13
-12
-11
-10
-7
-6
-5
-5
-2
-1
-1
0
1
2
2
4
4
5
6
8
9
10
13
13
15
17
18
19
20
21
22
23
25
25
26
27
27
28
29
31
32
33
34
34
35
36
36
37
38
38
38
38
38
37
37
36
35
35
33
31
31
28
26
24
23
21
19
17
14
13
10
8
6
4
1
0
-2
-4
-6
-7
-9
-10
-13
-13
-15
-17
-17
-19
-21
-22
-22
-24
-25
-27
-28
-29
-30
-31
-32
-34
-34
-34
-35
-36
-35
-36
-36
-36
-35
-36
-36
-35
-34
-34
-34
-35
-33
-33
-32
-32
-32
-31
-31
-29
-29
-27
-26
-26
-23
-22
-20
-19
-17
-14
-12
-9
-7
-4
-1
1
5
7
10
12
16
18
19
22
24
27
29
30
31
33
33
35
35
36
37
37
38
38
37
38
38
37
37
36
37
37
36
36
36
36
35
35
35
35
34
33
34
33
33
32
32
31
30
29
28
27
26
26
25
23
21
20
19
16
14
12
11
8
5
3
0
-2
-5
-7
-11
-14
-17
-20
-22
-25
-27
-29
-31
-34
-36
-38
-40
-42
-43
-44
-46
-47
-47
-49
-49
-50
-50
-50
-49
-49
-49
-49
-48
-47
-47
-45
-45
-43
-41
-39
-37
-35
-33
-32
-30
-27
-25
-23
-20
-16
-15
-13
-11
-7
-5
-3
-1
2
4
5
8
10
12
13
15
17
18
19
21
22
23
24
24
26
26
27
28
28
28
29
28
29
27
27
27
27
27
25
24
24
23
22
21
20
20
18
17
17
15
15
14
13
11
11
10
10
8
8
7
7
6
5
6
5
4
3
4
4
3
3
2
3
4
3
4
4
4
4
4
5
5
5
6
5
6
6
6
7
6
7
7
7
7
7
6
8
