SAMPLES:	14821
BITSPERSAMPLE:	16
CHANNELS:	1
SAMPLERATE:	16000
NORMALIZED:	FALSE
0
0
1
1
0
0
0
0
0
0
0
0
0
1
0
0
0
0
0
0
0
0
1
0
0
0
0
-1
0
0
0
0
0
0
0
-1
0
0
-1
0
0
0
0
0
0
0
0
0
0
0
0
0
0
0
0
0
-1
0
0
1
0
0
-1
1
0
0
0
0
0
0
0
0
0
0
-1
1
0
0
-1
0
0
0
1
0
-1
0
0
0
0
0
0
0
1
-1
0
-1
0
-1
-1
0
0
0
1
0
0
0
0
0
1
0
-1
-1
0
0
0
0
0
0
0
-1
0
-1
0
1
0
0
0
0
1
0
0
0
0
0
-1
0
0
0
0
0
-1
0
1
0
0
0
0
0
0
-1
0
0
0
-1
0
0
0
0
0
0
0
0
-1
0
0
0
1
0
1
0
-1
0
1
0
0
-1
0
0
0
0
0
0
0
0
1
0
0
0
0
0
1
0
1
0
0
0
1
0
1
0
0
0
-1
0
0
0
0
0
0
0
0
0
-1
0
0
0
0
0
0
0
0
0
0
1
0
1
0
0
1
0
0
1
0
0
1
0
0
0
0
0
0
0
0
0
0
0
0
0
0
1
0
0
-1
0
0
-1
0
-1
0
0
1
1
0
0
0
-1
0
0
0
0
0
0
1
0
0
-1
0
0
0
0
-1
0
1
0
0
0
0
0
0
0
0
1
0
0
0
0
1
0
0
0
0
0
-1
0
0
0
0
0
1
0
0
0
0
0
0
0
1
0
-1
0
-1
1
0
0
0
0
-1
0
-1
0
0
0
0
-1
1
0
0
0
1
0
-1
0
1
1
0
-1
0
0
0
0
0
0
0
0
-1
0
0
0
0
1
-1
0
0
-1
0
0
0
0
0
0
1
0
0
0
-1
-1
0
0
0
1
0
0
0
0
0
0
1
0
0
-1
0
0
1
0
0
0
0
0
1
0
0
-1
0
0
0
0
0
0
0
0
1
0
0
0
0
0
0
0
0
1
0
0
0
0
0
0
-1
0
0
0
0
1
0
0
1
0
0
0
1
-1
0
-1
0
0
0
1
0
0
0
0
0
0
1
0
0
0
0
0
0
0
0
0
-1
0
0
0
1
0
0
0
1
0
0
0
0
0
0
0
0
0
0
1
0
1
0
-1
0
0
-1
0
0
0
-1
0
0
0
-1
0
-1
1
-1
1
0
0
0
0
0
1
0
1
0
0
0
0
0
0
0
0
0
0
0
1
0
0
-1
0
0
0
0
0
0
0
0
0
0
-1
0
0
1
0
0
-1
0
0
0
0
0
0
0
0
-1
0
1
0
0
0
0
1
0
0
0
0
0
-1
0
0
-1
0
0
0
0
0
0
1
0
0
0
0
1
0
1
1
0
0
-1
1
0
0
0
0
1
0
0
0
0
1
0
0
1
0
0
0
0
1
0
1
1
0
0
0
0
0
0
0
-1
0
0
1
1
0
0
-1
0
-1
-1
0
0
0
0
1
0
-1
0
1
0
0
0
0
1
0
1
-1
0
1
0
0
0
-1
0
-1
0
1
0
-1
0
0
-1
0
0
1
0
0
0
1
1
0
0
1
1
-1
1
-1
0
0
0
1
0
0
0
0
0
0
1
-1
1
0
-1
-1
0
1
-1
0
1
-1
0
0
0
0
0
0
0
0
1
0
1
-1
0
0
0
-1
0
0
0
0
0
-1
0
0
0
0
0
0
0
0
0
-1
0
0
0
0
0
0
1
0
0
0
0
0
0
0
-1
0
0
0
0
0
0
0
0
0
1
0
0
1
0
-1
1
0
-1
1
0
2
0
0
1
0
1
-1
-1
0
0
0
0
0
0
-1
1
-1
0
0
-1
0
-1
0
0
-1
0
0
-1
0
0
0
0
0
0
-1
1
-1
0
-1
0
0
-1
0
0
0
0
0
-1
0
-1
1
0
1
0
1
0
0
0
0
-1
1
0
0
0
-1
0
0
0
0
0
0
0
0
1
0
0
1
0
0
0
-1
0
1
0
0
0
0
1
0
0
0
0
0
0
0
0
0
0
0
0
1
0
0
0
0
0
0
0
0
1
0
0
0
-1
0
0
0
1
-1
0
-1
0
0
-1
-1
-1
0
0
-1
-1
0
-1
0
1
0
0
1
0
0
0
-1
2
0
1
0
1
1
0
0
1
1
1
1
0
1
0
1
0
0
0
1
0
0
0
0
-1
0
-1
-1
-1
0
-1
-1
-1
0
-1
-1
-1
-1
-1
-1
-1
0
0
0
0
0
0
0
1
0
1
0
0
0
1
1
0
1
0
1
1
0
0
0
0
0
0
1
0
0
0
0
0
0
-1
-1
0
-1
-1
-1
-1
0
0
0
-1
0
0
-1
0
-1
0
0
-1
0
-1
-1
0
0
-1
1
-1
-1
-1
0
0
0
0
0
1
-1
0
1
0
1
1
1
0
1
0
0
1
0
1
1
0
0
1
0
1
0
-1
1
0
0
1
0
0
1
0
1
1
0
1
1
1
2
0
1
2
1
1
1
1
0
0
1
0
1
0
0
0
1
-1
1
-1
0
0
-1
0
0
-1
-1
0
0
0
0
1
1
-1
0
0
0
-1
0
0
0
-2
0
0
-1
-1
-2
-1
-2
-3
-1
-2
-2
-2
-2
-1
0
-2
-1
0
-2
0
-1
-1
-1
0
0
1
0
0
0
-1
1
-2
1
0
0
0
-1
0
0
0
-1
0
-2
0
-1
0
-1
-1
0
0
0
0
0
0
1
-1
1
1
0
1
2
1
2
1
1
2
0
1
1
1
0
1
1
-1
1
0
1
1
1
0
2
1
1
2
2
2
2
2
1
4
1
2
1
3
2
1
3
1
3
2
1
2
2
0
1
1
-1
1
0
1
-1
0
-2
-1
0
-1
-1
-1
0
-4
1
-1
0
1
1
0
1
1
0
2
-1
0
-1
0
-2
0
-1
-3
-1
-3
-3
-3
-3
-5
-2
-4
-5
-3
-4
-5
-5
-4
-6
-3
-4
-4
-3
-3
-2
-3
-2
-2
0
0
2
1
2
2
2
3
1
4
2
2
1
4
-1
2
3
0
2
1
1
1
2
-1
3
0
1
-1
1
-1
0
0
-1
1
0
-1
-1
1
-1
0
1
-1
0
2
0
1
1
1
0
2
2
1
2
2
1
1
1
1
2
1
3
1
4
2
2
4
3
2
3
1
1
2
0
0
0
-1
-2
-1
-4
-2
-2
-3
-4
-1
-3
-3
-1
-4
-2
-3
-1
-3
-1
-2
-2
2
-1
1
1
-1
0
-1
-2
0
-2
-3
-2
-3
-2
-1
-3
-2
-1
-4
-2
-2
-2
-1
-3
-1
-2
0
-1
0
2
3
3
4
4
2
2
1
1
1
0
-1
1
-1
1
0
1
3
0
1
2
3
-1
2
1
1
2
2
2
2
5
0
6
4
2
4
2
1
-1
-1
-4
-1
-4
-1
-2
3
1
1
4
1
5
2
5
4
5
3
5
4
4
4
2
5
1
2
-1
-1
-1
-6
-6
-5
-6
-5
-2
-2
3
4
4
6
6
3
2
2
0
-3
0
-2
-1
2
-1
2
3
1
1
2
-1
-3
-1
-6
-3
-6
-5
-2
-1
1
4
5
5
5
1
0
-6
-6
-10
-13
-10
-14
-11
-11
-8
-10
-4
-5
-3
2
-2
2
-1
1
-1
0
-1
1
1
1
2
0
-1
-5
-4
-9
-6
-10
-9
-9
-10
-10
-7
-5
-5
0
0
2
3
2
0
3
-2
1
3
0
7
6
11
10
12
14
13
11
10
7
4
2
-2
-4
-6
-4
-9
-2
-4
-2
3
0
7
4
4
3
3
1
1
2
0
3
3
6
6
13
9
12
13
7
12
8
10
6
11
8
7
10
2
4
-1
-4
-8
-7
-12
-9
-7
-9
0
-1
4
7
10
4
7
3
-4
-3
-9
-9
-11
-9
-9
-6
-5
-4
-5
-1
-2
-5
0
-4
-2
-2
-4
-2
-2
-3
0
-3
2
-2
0
-2
-5
0
-9
-4
-3
0
1
8
11
9
15
9
8
2
2
-6
-10
-10
-19
-16
-16
-11
-14
-4
-1
1
6
4
7
5
6
6
5
7
7
2
4
2
-3
-7
-9
-9
-15
-12
-14
-10
-7
-3
2
7
11
13
15
9
8
5
-4
-3
-6
-11
-3
-4
-2
4
4
7
8
6
3
2
2
-5
1
1
0
4
7
4
5
6
2
2
1
-3
-5
-3
-11
-6
-8
-5
0
3
8
10
14
6
7
-4
-9
-10
-15
-14
-12
-7
-3
4
3
8
7
6
5
0
-3
-3
0
2
6
10
17
15
17
17
10
5
0
-2
-7
-5
-8
-8
-6
-6
-10
-6
-10
-9
-4
-12
-5
-1
-3
1
4
2
3
5
2
8
1
4
6
1
7
4
4
1
-1
-1
-5
-4
-3
-5
7
8
8
19
11
10
3
1
-2
-4
1
3
5
10
9
6
10
-1
-3
-10
-15
-15
-21
-16
-14
-12
-6
-2
2
2
5
13
6
11
17
10
16
18
10
9
4
-6
-12
-15
-21
-17
-17
-17
-3
-3
2
10
12
6
6
-5
-14
-11
-28
-30
-26
-19
-12
2
14
22
26
28
19
7
3
-17
-17
-17
-22
-7
2
6
16
14
12
7
-3
-7
-18
-20
-21
-21
-16
-14
-4
1
11
13
15
13
8
8
1
2
-6
-3
2
-3
6
5
6
8
8
6
2
3
-1
-6
-3
-8
-7
-5
-8
-3
-3
-4
1
-2
-2
4
4
7
11
7
11
15
10
15
13
13
9
9
14
14
15
14
16
7
7
2
-8
-10
-21
-21
-24
-26
-13
-13
-9
6
5
6
12
5
6
7
3
9
6
13
10
14
24
21
25
28
19
10
-2
-19
-27
-38
-47
-40
-42
-34
-28
-16
-2
3
17
24
25
29
24
21
21
8
6
-2
-10
-6
-17
-12
-13
-15
-1
0
4
12
-1
11
13
-7
8
-3
-17
-3
-19
-23
-7
-15
3
10
13
26
14
18
11
4
7
-3
0
-8
-8
-9
-5
0
3
3
8
5
-6
-10
-15
-16
-26
-20
-18
-15
-10
2
2
7
10
4
1
-7
-13
-19
-5
-16
-1
4
2
17
3
9
4
-6
-7
-17
-19
-21
-18
-12
-8
-11
4
2
-5
3
-8
-9
-6
-13
-11
-3
1
10
19
28
27
29
28
26
10
-4
-2
-20
-19
-11
-16
-4
7
5
26
31
33
38
30
28
24
17
9
0
-7
-4
-14
-9
-9
-13
1
-6
-6
3
-20
-15
-6
-25
-2
-1
2
13
19
23
33
32
21
30
11
-3
-13
5
-19
-2
16
5
18
43
36
22
25
4
0
-28
-27
-58
-37
-57
-38
-8
-18
-3
4
14
2
17
-8
18
9
12
18
7
9
-6
-5
5
-5
-20
19
-16
-35
-24
-31
-56
-23
-17
-32
-23
-5
12
13
13
-9
7
-28
-16
-3
-33
0
29
28
31
19
-3
-7
-8
-14
5
-13
-8
8
-14
6
4
-8
12
23
21
33
28
21
-6
19
-9
-7
-3
-49
-60
-93
-121
-131
-83
-121
-59
-40
3
47
56
103
72
96
62
60
27
18
13
-3
8
-5
-8
-15
0
-22
-12
-17
-45
-25
-9
-23
5
8
14
39
21
34
25
41
64
81
79
72
51
31
-10
-61
-63
-129
-91
-74
-41
3
19
76
111
144
120
148
101
72
66
44
-6
30
58
30
77
42
16
-10
-48
-82
-104
-123
-105
-110
-92
-33
-47
35
111
84
99
90
26
9
-51
-58
-66
-103
-12
-11
-19
5
41
22
30
52
-23
-56
-58
-52
-87
23
-50
-17
47
-13
-10
-5
-65
-94
-42
-151
-108
-135
-117
-85
-64
-33
-4
26
21
59
37
100
67
61
80
37
-4
-12
6
5
47
55
116
84
87
99
14
-17
-63
-102
-160
-178
-191
-199
-218
-188
-148
-98
-157
-97
28
-22
23
140
166
184
267
222
291
202
161
257
132
140
150
75
87
-23
-95
-11
-155
-232
-200
-161
-230
-155
-50
-49
45
91
186
148
189
149
64
-34
-35
-41
-74
-119
-200
-109
-179
-128
-73
-24
-23
-57
-10
-58
-160
-223
-221
-292
-265
-189
-121
-125
-37
173
329
354
372
623
613
436
434
389
318
266
135
186
94
35
100
29
50
108
244
235
229
174
305
125
-104
-79
-209
-307
-530
-516
-488
-466
-515
-244
-220
-106
154
154
269
281
354
355
298
28
227
306
23
186
526
542
410
633
663
316
353
485
113
2
186
59
-196
-220
-154
-136
-389
-493
-248
-516
-578
-326
-339
-474
-376
-267
-316
-280
-152
-96
-369
-180
-162
-64
-140
-185
43
-8
-192
-212
31
-233
-223
-188
-362
-517
-499
-754
-993
-1137
-1161
-1076
-1267
-1131
-746
-439
-393
-33
358
474
583
708
706
684
715
703
717
549
673
945
839
767
1014
1145
851
810
871
903
642
412
184
-188
-455
-530
-720
-878
-472
-533
-444
-39
348
215
296
337
243
47
111
360
185
423
721
1086
849
936
1254
1015
519
569
245
-352
-239
-603
-858
-649
-396
-424
-582
-180
-4
-222
-112
197
-278
-182
149
-353
-641
-339
-634
-1114
-910
-714
-457
-801
-74
182
84
688
503
-29
-160
-1318
-2405
-3215
-4378
-4641
-4707
-3540
-3085
-1502
672
1432
1439
2674
2305
1224
1205
525
-59
-329
-65
343
711
1878
2469
1999
2531
1475
79
-477
-1710
-2961
-3032
-2234
-2325
-1311
716
2010
2705
4236
5289
4487
4631
4897
4135
3883
3394
3385
2137
2135
2372
1628
2289
1841
1473
727
662
-660
-1468
-1903
-2299
-3563
-3274
-2948
-3033
-2692
-1747
-829
-792
593
572
1183
870
1378
1460
1324
1282
1618
1406
21
452
-167
-855
-692
-694
-1526
-2056
-2410
-3324
-3771
-4504
-4331
-4702
-4831
-3863
-4193
-3455
-2387
-2112
-1447
-259
240
145
88
341
-17
-854
-359
-199
-1050
-565
-132
-472
-285
232
771
546
420
188
28
-578
-1238
-1047
-1213
-2086
-2101
-2077
-2808
-2530
-2052
-1771
-1592
-593
211
784
1906
2573
2704
2926
3427
3374
4155
4178
4436
5253
5452
6208
7435
7431
8028
9289
8761
9254
9310
8717
8140
6774
5533
2510
-1370
-2183
-7112
-9750
-8743
-11354
-10956
-9254
-9553
-8139
-7177
-7507
-3807
-5074
-5322
-839
-1002
631
4699
6356
9231
10640
11295
14879
13165
10288
11204
7948
2457
844
-1656
-4839
-7289
-9448
-9067
-10665
-12262
-10492
-10578
-12588
-11834
-10571
-11182
-10062
-7940
-5086
-2844
-557
3283
7195
8533
10728
13577
12827
11254
10363
7768
3530
355
-2980
-4342
-7200
-9116
-8144
-10226
-9999
-8121
-9227
-8159
-7122
-7482
-6734
-7479
-6303
-4074
-2973
651
4721
6299
9571
12027
11771
12600
11732
10470
8511
5000
3453
1171
-1686
-2032
-3671
-5726
-4660
-5917
-5500
-4637
-4981
-3730
-4282
-4521
-2943
-2379
-1269
2191
3597
5149
8261
9814
10707
12439
12478
13145
12178
10322
9679
7171
5148
4219
3186
1590
1654
134
-172
-1448
-2974
-2919
-3976
-4446
-3745
-3571
-3735
-2890
-3399
-3115
-2767
-2938
-1996
-704
351
1277
1316
1892
1939
1123
903
490
-212
-1107
-1769
-2225
-2210
-2622
-1604
-381
-294
206
168
206
-766
-2823
-3651
-4271
-6209
-7488
-6664
-7049
-7219
-6203
-4984
-3435
-4610
-4059
-2487
-4366
-4868
-3612
-3009
-2582
-2399
-1553
-310
64
719
2039
2269
1652
2031
1950
1340
1044
1296
1619
603
791
1294
464
-259
-157
-1352
-2520
-2571
-3070
-2827
-2415
-1420
-507
-47
584
1995
2399
2680
4264
4854
4915
4945
4913
4754
4608
5159
5708
5852
6380
6144
7163
6454
6233
7948
7688
8828
9325
10013
10666
10961
12450
11670
9638
7322
2530
-4622
-10223
-11960
-16761
-18319
-15687
-15817
-14812
-13303
-10129
-8654
-9148
-6812
-3194
-3252
-3892
493
3395
4103
8706
14023
16783
15342
15794
18654
14389
8979
8814
7342
-529
-5920
-6481
-9572
-15444
-17527
-13813
-14740
-18802
-16611
-11677
-13769
-16445
-11233
-8330
-10113
-10677
-5950
-1529
-1821
1582
8329
10410
9592
12051
14034
12871
10238
8753
8055
3153
-715
-1509
-3657
-4939
-5404
-5116
-3970
-4393
-5132
-4660
-4795
-5803
-6280
-5862
-5324
-5477
-4483
-1100
1469
3454
6815
8247
8122
7799
7856
8216
5492
3805
3512
202
-1979
-1319
-455
540
1729
3375
5453
5631
6039
7645
7604
5558
5653
7058
6695
7621
9397
10931
11043
12167
12753
12079
10326
8255
5305
-2917
-9085
-13511
-17555
-20152
-20756
-17662
-17257
-16653
-13192
-11532
-11500
-8633
-4305
-2287
-1080
746
5195
8284
9884
16354
20011
20302
21442
22002
20621
15893
11773
8230
2583
-6689
-13448
-15576
-19293
-22730
-22461
-20435
-20901
-24315
-21382
-17991
-19094
-16728
-11496
-6721
-5791
-3913
2910
6409
8319
13859
17342
19010
18632
18045
17285
14983
11418
8382
4942
-13
-3140
-6898
-8522
-9807
-11679
-12038
-12224
-12675
-13933
-13288
-11778
-11036
-9756
-6323
-3045
-957
3546
8511
11101
13914
16731
17511
16741
15602
15607
13828
11147
10343
9054
6811
5983
6148
6744
5828
5036
5958
4442
2973
4079
6259
6546
8156
7839
5464
3035
-2198
-7419
-12449
-13674
-15205
-16530
-13896
-11912
-11159
-9997
-8048
-6439
-7071
-7832
-6200
-5066
-6563
-4386
1163
3438
6282
10497
15407
16466
14637
17309
16928
10717
6925
5534
110
-7187
-11552
-12330
-14301
-19803
-20341
-16361
-19473
-24066
-19400
-16396
-18767
-18303
-13456
-9252
-9845
-8232
908
5848
5395
11978
18436
18880
18555
19049
20626
17938
12329
10312
7292
1947
-1578
-4229
-5918
-6486
-8645
-8830
-8170
-9566
-9252
-9458
-9210
-7822
-8474
-7849
-4690
-1369
2003
5923
10601
14251
16216
17134
18139
18039
16390
14906
13529
11046
7563
6113
4629
2604
2777
2148
2893
2316
3231
6568
6518
9488
11313
11947
9858
7672
4954
559
-4575
-9639
-10559
-12079
-13437
-11992
-10127
-9234
-9546
-9233
-7732
-10964
-12395
-11983
-10371
-11174
-10464
-5307
-868
2214
5580
12677
14885
14535
15627
15572
12803
7749
4946
2816
-3371
-9036
-9695
-11586
-15514
-17756
-17602
-16609
-20025
-22357
-18198
-18588
-21409
-18152
-14459
-13631
-11940
-7487
301
3563
4962
13055
17495
17383
17604
19636
18961
14612
12147
11184
7600
3380
2445
1139
-527
-2154
-3965
-4156
-5699
-7490
-7971
-9319
-10166
-9372
-8902
-7180
-3624
-491
3440
7937
12300
15284
17955
19430
18966
18403
17947
15683
13045
11355
8138
6770
6385
4723
5661
6474
7223
9286
10134
10760
10034
7559
3511
-85
-6009
-13328
-16248
-16490
-18346
-17385
-12490
-11005
-10340
-6995
-4553
-4084
-5799
-5845
-3127
-5617
-7749
-2842
198
1397
4974
9843
13395
11703
10807
12984
10120
3071
-473
-1630
-6383
-13104
-15591
-14469
-15945
-19140
-17137
-12647
-15651
-19058
-15658
-13456
-16880
-18879
-15373
-11839
-12732
-12416
-3254
3268
3696
9242
16745
18317
15770
16432
19070
15589
10117
9047
8078
3829
440
734
1333
-844
-2437
-1036
-2423
-6186
-6700
-7176
-8580
-8986
-8483
-6735
-3751
205
5362
10841
14660
18114
21511
22180
21628
21025
19669
18239
15022
12047
9110
8199
6696
5220
6545
7041
7613
8049
11581
10285
6893
5551
376
-4138
-11839
-18784
-17857
-19119
-20713
-15958
-12143
-11737
-8327
-4340
-2336
-1526
-3888
-1170
-540
-4172
-1204
2035
5206
8413
10851
14835
14933
12087
12289
11762
4518
-2438
-5463
-10762
-18102
-22695
-22234
-21646
-24448
-24464
-20256
-18540
-20801
-18762
-13633
-14350
-15793
-14024
-11409
-9654
-8667
-3972
2904
6300
8247
12007
15141
15573
13307
12762
13666
9917
5443
3849
2494
490
-1782
-1738
-207
-1770
-3784
-2519
-2713
-4707
-4555
-4541
-4816
-4302
-3955
-768
2167
4394
9236
13539
16576
18728
20070
20915
20697
19141
17673
15838
12307
11649
10719
9129
8952
9142
11791
13950
13796
12845
12564
5092
-60
-6298
-18305
-20633
-22723
-25552
-21815
-19497
-17562
-11775
-8920
-5885
-2705
-3378
285
2405
-1838
1270
4595
6451
11997
16160
20927
22333
21541
22455
20618
13680
7132
1200
-5625
-15413
-25309
-27205
-28455
-31545
-32457
-30029
-26447
-26954
-26651
-19212
-14920
-16125
-11034
-4573
-2977
-2788
-176
10055
13773
11540
17696
20897
17775
13173
12090
12322
5759
-871
-341
-3271
-10606
-11072
-8752
-8727
-9192
-8623
-4862
-4379
-5498
-1637
257
1057
2572
3784
5448
6608
8677
12419
15669
18128
19549
20012
19676
18954
17111
15361
13351
9540
7489
5732
3297
2306
2957
4857
7542
9898
9841
10121
7395
1794
-2630
-11296
-17514
-18860
-20365
-20279
-17135
-14144
-10699
-8606
-6919
-3731
-3927
-4074
-1771
-2264
-3344
-940
1407
5697
10584
14443
18338
20489
20876
19176
16914
12508
5824
36
-6670
-14418
-19323
-22277
-24554
-24189
-25116
-24472
-22832
-25814
-24321
-22034
-21744
-18928
-16482
-12318
-7951
-4742
1198
9459
14015
17645
21296
23840
22410
18048
17068
14582
6992
1771
-911
-5499
-9453
-11139
-10101
-9313
-11133
-10685
-8108
-9007
-8020
-4440
-2394
116
2449
4488
7717
12221
15453
19414
23365
24191
23823
21906
20145
19343
14996
13912
11364
8435
7660
4143
5969
5559
5741
9607
10754
8500
8925
5727
-200
-5029
-15177
-18862
-19642
-23899
-20633
-16616
-16189
-11720
-9630
-9136
-8217
-8351
-7040
-5882
-8624
-8044
-3962
-1238
3710
9577
16367
18961
19362
20933
19977
14227
9054
7332
860
-8263
-14302
-17585
-19852
-22684
-23006
-19295
-18294
-20165
-20129
-19075
-18872
-19493
-18582
-13911
-11421
-10688
-5962
1451
7768
10456
14550
20704
21219
17190
16584
15963
11997
7259
4048
2303
-2376
-6355
-6216
-5748
-7174
-7910
-6811
-6793
-7349
-7386
-5662
-2913
-760
683
3149
6726
10393
13402
16582
20066
21356
21306
19551
18991
17471
15304
13398
13437
11267
8837
8422
8827
10271
9418
11571
13214
12321
9795
8089
2038
-2458
-11289
-18669
-19316
-23712
-23347
-19173
-16747
-14357
-11077
-12000
-8951
-8483
-9755
-7253
-8201
-9651
-7012
-5449
-1122
5440
9880
14680
16589
16714
15608
13152
9137
5076
1721
-5139
-11745
-16429
-19789
-21632
-21370
-20491
-18287
-16190
-17510
-16028
-13301
-13483
-13352
-10416
-9289
-7277
-5412
-1605
7119
9565
11645
16722
17959
15283
11674
10930
9817
4212
215
-388
-3484
-6960
-6792
-5145
-3776
-4988
-4758
-2815
-5007
-6621
-4635
-3030
-1167
1240
3576
7312
10775
12939
16135
17911
18888
19020
17427
16078
13986
12722
11426
10636
10940
10282
9041
10341
11204
10471
13650
13736
17426
16469
12598
13074
4087
-1086
-9437
-18557
-20200
-23302
-23722
-20959
-16359
-14990
-12193
-11593
-10485
-8384
-12801
-9862
-7993
-12178
-8180
-5211
854
7042
11829
19952
21684
21555
19951
17549
11918
6074
921
-5186
-11806
-19068
-21679
-24487
-25223
-24360
-23629
-20062
-20477
-19774
-16694
-15055
-14619
-11228
-8282
-6202
-2339
183
7544
12088
13638
16940
18231
16743
12541
9523
7850
4049
-1042
-3306
-4333
-7163
-8747
-7508
-6092
-5169
-7252
-6277
-5000
-6867
-6735
-4840
-1946
129
2451
6609
11489
14437
16086
20526
22224
20868
20122
17316
16524
13580
10815
10175
10471
10476
9644
11131
12066
13423
13698
16127
18423
18194
14744
13775
7620
-737
-10326
-19548
-20719
-26969
-26792
-22694
-18530
-16381
-14400
-11629
-10922
-11600
-12166
-8829
-8936
-12101
-7747
-4322
-968
6117
12276
21327
22580
23299
23866
19965
13749
6243
3799
-4601
-14724
-19759
-23170
-27163
-29172
-28114
-25744
-22284
-22705
-20745
-15485
-14966
-14170
-9005
-7658
-3954
-3187
-631
7932
8074
11988
15448
15283
17936
12647
9476
11175
5592
1147
710
-2553
-3725
-5150
-7364
-3529
-4846
-7940
-5199
-5883
-6165
-6290
-5958
-1961
-1686
-764
4957
8135
11662
16337
19086
23801
23415
21835
23895
21196
18718
17217
15632
13325
11517
10452
8945
10440
7633
8836
12001
10543
14506
13268
12953
13591
4227
-1746
-10015
-18483
-20541
-24426
-23787
-19551
-17251
-16048
-10695
-11527
-11775
-8614
-10274
-7767
-10745
-13341
-7439
-7152
-3524
4427
10374
16957
18440
21185
21518
16792
11693
7973
2876
-7426
-15767
-20174
-23480
-28537
-29213
-26924
-25761
-23570
-23798
-20087
-15910
-16785
-13988
-9856
-9020
-6770
-4352
751
8236
9654
14113
20399
20513
19861
17429
17415
15788
7176
4210
2610
-4302
-7489
-8776
-8165
-8584
-10720
-8677
-6473
-8559
-7677
-5296
-5737
-4507
-4382
-2259
1147
2762
9133
14964
18582
23865
26765
27860
28749
27117
25816
24104
18510
17134
13559
9742
8998
6135
7196
4687
7093
7877
11452
12324
10712
12865
1812
-2415
-13226
-21248
-22848
-27551
-25068
-22006
-18699
-16061
-11960
-9979
-9382
-5735
-6922
-7014
-7563
-9877
-6035
-6688
-156
5778
11592
16858
18433
22608
20337
17184
12781
8295
905
-9352
-16407
-22695
-26196
-30871
-30789
-27948
-26543
-25082
-23619
-18048
-15666
-14334
-10899
-8028
-6278
-6451
-3597
2286
6748
9527
14940
18949
20939
19638
18157
18486
14120
9211
5010
1064
-3029
-6759
-9678
-8796
-9129
-11205
-9040
-7738
-6627
-6074
-6439
-3875
-2823
-5088
-2202
1368
4800
9739
14464
20681
24751
25917
28115
29666
27960
26177
23391
19907
16588
12207
8599
8466
5473
5719
7096
5502
10688
12471
10173
13274
9402
498
-5963
-17173
-22298
-25059
-28771
-25231
-20182
-18609
-15773
-10866
-9791
-8015
-7487
-7096
-4811
-8044
-8016
-5075
-2449
2387
7283
14684
17796
20265
21298
19298
16345
9566
4424
-1651
-11725
-19025
-22746
-27335
-30198
-29685
-28961
-26356
-25464
-24679
-18315
-15202
-15299
-9117
-7024
-6472
-2500
-2353
5974
9973
10612
17714
18506
18318
16973
13666
13185
8925
3129
778
-3119
-7700
-9680
-10580
-10287
-9291
-11748
-8990
-6377
-7841
-5478
-4428
-3063
-1865
-3058
416
4965
7988
13726
19323
24050
26037
27059
28708
27525
25599
22391
19755
17793
13379
11408
9496
9528
8209
8088
11831
10234
14867
15325
14614
17253
6250
1362
-8512
-18940
-21977
-26257
-24596
-23607
-18876
-18043
-13827
-11619
-13331
-8894
-10538
-9135
-9657
-12362
-6410
-5151
623
9312
16020
22434
23780
26830
26271
22110
15753
9656
4082
-7801
-17522
-23050
-27389
-31427
-32550
-31253
-28719
-27148
-27304
-22714
-17616
-16756
-14902
-10449
-8553
-7383
-5040
-14
10128
12759
15610
22760
23601
20455
16927
15311
11245
3714
-1215
-3941
-9084
-14121
-14885
-12553
-13222
-13721
-11553
-8802
-7838
-6940
-4979
-3386
-1913
-2193
80
3190
7116
12257
16771
22560
25617
26437
27436
26359
24512
21276
17537
14681
11727
8877
6710
7331
6659
7116
7860
9570
13296
15340
14972
15450
13617
4580
-3280
-13460
-18424
-21989
-25263
-21468
-18822
-16745
-14600
-10661
-9920
-11455
-10251
-10320
-11446
-14464
-13549
-8259
-6365
2230
11547
19573
24095
26020
29621
27369
20602
13171
8577
-1101
-13503
-20200
-24236
-27486
-30211
-28925
-24332
-21751
-22288
-18937
-13753
-12953
-13823
-11749
-8704
-8854
-9110
-4053
4644
10226
13155
19207
24201
23506
20077
17708
14960
8122
821
-4898
-8057
-12686
-16601
-15007
-12686
-12436
-12870
-10280
-6222
-5470
-5644
-3116
-646
-1306
-1130
2080
6338
10432
14665
21260
25231
24513
25785
26682
23587
20221
17844
14245
11192
8669
5797
7785
5715
5129
8105
7161
8442
12465
13434
12527
13195
5336
119
-9677
-18477
-17446
-21696
-20914
-15903
-13534
-11252
-8552
-7918
-8542
-9117
-10335
-11540
-14805
-17309
-12724
-11539
-5989
3735
10851
19579
20940
25501
26314
21379
15523
9590
3098
-8948
-17407
-22919
-23698
-27109
-27568
-23169
-19808
-17704
-18218
-12632
-8490
-9487
-8884
-7813
-7154
-8384
-9581
-2109
6348
8502
12893
20663
23848
21261
18096
18271
15324
5723
-1309
-3733
-9201
-15196
-16778
-13304
-12634
-15095
-11874
-7556
-6604
-6647
-4681
-1627
-1005
-2912
-743
3904
6242
10805
16454
21667
24249
23652
25209
24650
21312
18258
16943
14946
11708
9831
9581
8514
6884
6792
5438
5190
5963
9674
10203
9655
10727
3861
-1001
-12759
-17575
-17775
-24474
-20259
-16872
-13738
-12441
-8809
-7105
-8906
-9852
-11496
-10137
-15168
-17246
-10073
-9488
-3945
3824
12882
19838
20106
24836
25885
20716
12619
8757
3693
-8437
-18074
-21518
-22283
-26242
-27167
-22551
-16839
-17661
-17448
-10988
-7550
-7646
-8542
-5557
-3481
-7534
-8181
-1522
5473
6232
10241
17136
20830
18992
14609
17250
14774
5910
826
-2243
-6619
-13245
-15539
-13698
-14389
-16194
-13754
-8714
-7186
-4470
-1246
1370
3850
2279
4742
7457
8198
12685
15303
18169
21109
21913
21977
21993
20226
18496
16679
13864
13096
10284
9215
8888
4825
4275
4611
1948
4536
7571
10326
10402
9580
6327
3050
-5805
-16821
-12585
-19306
-21755
-17785
-15484
-12071
-11404
-9260
-7954
-8758
-12928
-10924
-10684
-14737
-10978
-7602
-4506
1531
6418
14606
16961
18712
20470
18129
12398
5447
2278
-4497
-13445
-18588
-19340
-21846
-23782
-22801
-18296
-14614
-16131
-12392
-6294
-7042
-7413
-5184
-4210
-4393
-6155
-4553
2686
3957
5430
12616
13874
16372
13839
12315
13401
8418
2686
-684
-3334
-8272
-12234
-14026
-11661
-12588
-13546
-9081
-5835
-3712
-1504
791
4647
4105
2772
6650
6726
8264
11548
13513
17252
18900
19056
20460
20535
18733
17885
15415
13801
11609
8860
6464
4312
2915
1992
1663
2502
6512
9644
12693
12468
13274
9607
3203
-5038
-11763
-14277
-21150
-19267
-17243
-15670
-13608
-12197
-9964
-11359
-12250
-12234
-10929
-11706
-13389
-9101
-6813
-3464
3977
10051
17264
18308
20455
21619
17335
11882
6652
3580
-4657
-11794
-16938
-18373
-20833
-23666
-19589
-16668
-14830
-13251
-11338
-7323
-8093
-9554
-7478
-8226
-7564
-10121
-7692
937
2790
7039
12074
17334
18782
12599
14390
13694
6009
1387
-1520
-4461
-11567
-13776
-12269
-10481
-11822
-9871
-2671
-3167
-1637
1413
2257
4044
1840
2643
4481
5084
9094
11649
15108
19498
20628
21236
21771
22353
19226
16984
14931
11651
8837
2928
2685
2321
-1267
1501
3351
5110
8885
13032
14767
14650
14257
8215
3713
-9141
-14786
-17325
-24519
-21460
-19202
-17022
-16268
-14441
-13071
-14324
-15604
-14215
-12001
-14717
-14229
-9810
-7727
-2546
4279
13246
18384
18095
21519
21424
16509
10839
6685
3044
-5054
-13182
-15767
-17748
-21400
-21521
-18466
-15089
-14465
-14507
-10593
-9213
-11344
-11161
-10229
-9264
-9454
-8534
-2447
4303
6880
12479
16606
18655
17698
13495
13092
10871
3952
-1407
-2929
-6433
-9957
-11558
-9534
-6421
-6631
-4380
-215
807
836
2842
2934
2897
2090
2412
5803
8126
11189
15826
18975
21697
23508
22671
22428
21114
18216
14373
11610
7970
4940
2542
-135
830
-588
832
4390
6111
9556
14685
15680
15214
14091
8127
2091
-10087
-16258
-18496
-25190
-24679
-20490
-19656
-19251
-16358
-15102
-15626
-17071
-15811
-13138
-15762
-16699
-10042
-6899
-3268
5511
14274
19171
19029
21685
22512
18763
11423
7431
6031
-4367
-12546
-13980
-15038
-18460
-19521
-16976
-12846
-13019
-15866
-10874
-8696
-11794
-12650
-11786
-10186
-10310
-10465
-3794
3897
6019
8592
12776
16008
14572
10791
11383
11904
5459
120
-408
-2217
-5237
-7315
-4023
-1223
-2753
-2388
1231
2423
885
842
2065
2072
186
1059
4091
6903
10376
13140
16310
18951
19633
19728
19406
18601
17020
14266
11171
9512
6504
3564
2911
1359
2396
2753
4210
7611
9795
15408
14372
13337
13992
7849
-1255
-12916
-18085
-22107
-29242
-28708
-25044
-23658
-24375
-19909
-17877
-19240
-17945
-15165
-10890
-14432
-14110
-6332
-4104
124
7186
17036
21750
19851
23286
25883
19657
12415
10981
7889
-2444
-12101
-13988
-13153
-19110
-22092
-16439
-13498
-16657
-18206
-13957
-11115
-14422
-17270
-13000
-9780
-11849
-10665
-2538
6248
6063
5996
13007
16841
12391
8903
14289
15384
7491
2034
4213
3340
-3424
-4644
694
1459
-2973
-2741
2292
2149
-1238
-110
2932
2564
-1477
-797
3662
6165
7250
11077
15919
17473
17310
17335
19532
19163
17140
16071
14801
12213
6899
4913
4878
3292
2951
4300
6696
10088
10166
16280
14474
14782
14529
3211
-2048
-14591
-19344
-25226
-30683
-27290
-25204
-24142
-23117
-17171
-16809
-18309
-14613
-13743
-10472
-14120
-12748
-3292
-4506
2120
10024
18948
22273
21532
26972
25659
19540
13052
10199
4245
-6913
-14815
-15878
-17594
-23483
-22387
-17828
-16987
-19142
-18800
-15084
-13055
-16288
-17493
-12144
-13858
-14122
-11216
-4174
3348
1349
6278
13248
14439
11390
11314
16735
13451
6090
4479
5039
1228
-4231
-1762
1598
-1472
-3490
-1340
2479
-889
-1310
1932
2393
611
-2673
882
3485
3847
7177
12222
16433
17426
18107
20941
22093
20541
19732
19437
16858
12398
8829
7106
6979
4056
4442
6204
7413
9394
11379
16034
14614
14162
9624
64
-8002
-20478
-24095
-29095
-32344
-28480
-27109
-24550
-21891
-17000
-16786
-15845
-12968
-11685
-10109
-12510
-7455
-1430
-702
6794
14862
22949
24147
25500
29711
26207
19796
13931
10397
1817
-9173
-14994
-16109
-21054
-25492
-22633
-19249
-18058
-19278
-16263
-10699
-11081
-12892
-11585
-13736
-12994
-14850
-12594
-3090
-647
3451
9488
15494
17821
14294
17586
20608
14154
7568
4752
3372
-3744
-6417
-3660
-2727
-5799
-5196
439
-1731
-2794
-757
-520
-690
-4913
-4678
-1581
-1600
2268
6866
10677
16219
19389
21077
24410
25499
23697
22989
20082
16085
11494
6142
6098
4249
605
2648
5921
6353
9151
12698
15803
15744
10694
6483
-1131
-13546
-22121
-25316
-31326
-31860
-28912
-26341
-21865
-18676
-14982
-12535
-13239
-10328
-9194
-11022
-10319
-6421
-1871
1282
8171
17350
24058
24598
26741
29170
24520
18124
11358
7822
-850
-12227
-15953
-17542
-20867
-23985
-21823
-17291
-17383
-19526
-15792
-11705
-13080
-14390
-14117
-11603
-12098
-12640
-7139
-249
4764
8256
13288
18296
19484
17226
17623
17807
12502
5980
2244
69
-3621
-7778
-6177
-3920
-5774
-4747
-3250
-1992
-2596
-3551
-3361
-5029
-7198
-6719
-3881
-1214
3530
8514
13426
18857
21895
23863
26364
26176
24449
21328
18110
14148
8423
5248
3922
2106
852
1894
4246
6800
7307
11665
16028
13036
10709
7096
-440
-9571
-20699
-22660
-26705
-31774
-28467
-22930
-20214
-18900
-13185
-11285
-10936
-11356
-8945
-6735
-10069
-6625
-836
1900
8306
14925
23374
25829
25881
27260
25033
18978
11820
8370
1935
-8028
-15333
-17290
-19016
-22973
-22403
-18431
-16714
-19501
-19522
-14301
-13942
-16698
-15163
-11566
-13181
-13674
-10342
-2851
4452
6038
14592
20075
21626
21338
17147
18906
15721
6903
2408
455
-2716
-8768
-9221
-4236
-3746
-7832
-6433
-1359
-4970
-8931
-7207
-5564
-8914
-12261
-7318
-1872
325
6362
15008
20079
23882
25314
27144
27881
24182
21438
17837
12716
8012
3716
718
904
2165
1273
2668
5616
6627
7516
8726
13520
11684
8055
6173
-836
-7235
-19101
-23144
-24576
-30097
-27342
-22702
-18132
-16823
-12103
-8499
-10216
-8893
-8255
-5259
-6035
-6172
329
2468
8222
14667
21994
26116
26928
28247
25225
20584
13378
7508
2166
-7030
-15231
-18747
-21187
-22759
-22503
-21097
-17459
-18026
-19325
-17486
-16677
-18122
-16943
-15852
-14636
-11164
-9666
-2365
5739
9675
15405
18775
21201
22070
18786
17156
15291
9644
4460
184
-2728
-4736
-7549
-6559
-5851
-6781
-8104
-8398
-8379
-9552
-9978
-10880
-9958
-10393
-8359
-3325
1979
10496
16881
22527
27644
30082
29687
27864
25852
21142
15890
10489
6224
2378
-247
-67
1305
1823
1331
3456
4873
4608
5996
6999
8091
7211
4240
2666
-3875
-7888
-14258
-20260
-20056
-22779
-20909
-17578
-14473
-11978
-9754
-9186
-9158
-8125
-7227
-4951
-3668
-3020
1386
3382
6874
13831
18941
21985
22710
23406
21951
16870
10936
5483
2160
-5106
-12998
-16046
-16923
-19782
-20647
-18946
-15955
-15755
-19795
-16837
-14518
-17574
-18303
-14659
-11724
-11057
-9316
-2655
5823
8415
12146
18509
20633
19588
17609
16072
14879
9493
3558
999
-1738
-5869
-9644
-8468
-7294
-9629
-11754
-10400
-8891
-12087
-12808
-9685
-8592
-9001
-6283
414
6661
11111
17888
24889
27505
27208
26996
24801
20593
15797
10768
6796
2822
425
-724
-1656
257
95
-69
761
713
1716
355
2603
2536
3069
3342
2320
3316
-2242
-3576
-9121
-13949
-13965
-17770
-14824
-12181
-9776
-8104
-6313
-4606
-6303
-4906
-4339
-1104
-788
-1760
3988
5212
8003
13549
17929
21319
19851
19558
18325
13326
7656
3057
713
-5015
-12836
-15591
-15833
-19066
-20151
-18428
-15950
-16079
-19761
-17446
-13452
-15809
-16166
-10584
-9206
-9002
-7233
-2093
6019
7439
11471
18078
18945
17937
16027
16146
14160
7328
3050
805
-3957
-8799
-10450
-9511
-8904
-10972
-10655
-7959
-8454
-9047
-6279
-3941
-2541
-1108
2185
6806
9223
13712
19102
20963
21723
20933
19135
15731
11311
7900
4739
1015
-2201
-3381
-4817
-5451
-3559
-2812
-1555
-1092
-540
-722
-1180
1161
1950
3343
6028
9338
7758
7366
6354
3559
-2900
-9324
-8211
-13215
-15396
-11801
-9172
-9328
-8219
-5609
-5120
-6467
-5899
-2090
-2783
-3977
1712
3946
5079
9961
14586
18825
17164
18117
19073
13975
8921
4085
517
-5170
-12721
-16490
-16190
-19024
-20108
-17979
-16138
-14371
-16833
-16358
-12439
-13442
-15211
-12784
-10439
-8703
-7666
-3506
5842
8730
10963
16823
19616
18924
15469
14902
13519
7267
1075
-1226
-2990
-7315
-9431
-7951
-5811
-6366
-5765
-1516
-253
-600
440
1845
2470
1330
1334
4025
4639
4979
7559
9657
11475
11626
11543
11241
9114
6030
3362
1185
-1661
-3638
-4477
-3694
-3676
-4200
-2114
-695
721
1118
2432
4304
4582
6222
7200
9764
12690
10892
12148
9080
3911
1067
-7573
-8357
-9745
-12949
-10988
-8036
-8033
-7807
-4849
-6136
-4701
-4654
-5170
-2366
-4010
-1523
2519
3006
7869
10726
13511
14387
13164
13455
10977
7689
3371
989
-2727
-7123
-10836
-11044
-11161
-14053
-14023
-13239
-14100
-17634
-19154
-17181
-17367
-19375
-16145
-12123
-10090
-7754
-4562
3625
7137
7947
13079
16049
15609
12513
12030
12200
8122
4269
4531
4282
2142
814
1574
3236
1852
-258
873
955
-1602
-3987
-5763
-5675
-7105
-9920
-7707
-4099
-2305
-384
3470
7982
8740
7385
8916
8309
3451
646
-543
-1177
-2643
-3484
-1052
1342
1603
2289
5246
6492
6692
7617
7138
8706
7453
6774
10262
11076
12284
12045
10987
8678
4401
-3912
-7343
-8019
-13357
-12905
-11051
-10550
-10048
-8891
-6408
-4638
-6105
-3189
-594
-1437
-1449
1621
2899
3790
6254
8923
11664
11327
12477
14392
13174
9507
6190
5017
-1260
-7777
-10327
-13230
-17056
-21084
-22637
-21431
-22925
-24459
-18777
-15731
-15742
-12066
-9208
-6328
-4958
-6510
608
4189
2794
10720
12753
16261
18624
18030
22252
18326
15893
15988
9965
6008
3731
-1831
-4084
-5631
-7937
-8547
-10269
-8933
-7894
-11185
-10226
-7912
-11041
-9749
-8214
-7112
-3694
-1312
3112
7010
8075
10665
11806
10348
9938
7251
5331
3532
1594
-732
-945
100
483
2231
3419
7085
8427
8497
10205
11589
9871
10291
11523
11860
15096
12106
12723
10009
4933
-106
-7078
-7715
-11398
-13085
-11402
-8931
-9919
-10996
-9059
-8839
-10374
-11558
-8795
-5863
-8197
-4557
153
3554
7645
11192
17739
18004
16852
17223
15667
10877
4341
2373
-1914
-9741
-14625
-15472
-18729
-22455
-22414
-20899
-20688
-23187
-20522
-17056
-17993
-16986
-12931
-8788
-5792
-3962
3174
11413
13074
18119
22921
27250
27155
23147
24603
22030
13533
7332
4200
-1492
-7766
-12495
-12990
-12410
-16908
-16282
-11983
-12509
-13435
-12940
-11502
-10565
-12127
-11465
-6652
-3447
-946
4318
10071
13978
15482
16619
18171
16294
10667
7379
5154
1227
-1905
-3071
-299
2277
2041
5197
9945
10022
8343
8791
9205
7172
5823
5427
8081
9036
9179
15434
17026
16634
15385
11794
9146
-1239
-8740
-12088
-18151
-21114
-21752
-20117
-19381
-16716
-14419
-10478
-8711
-8299
-3955
-3724
-3024
-178
-66
4304
7832
10978
14457
16537
18065
16007
15513
11126
5195
2000
-5015
-12354
-16661
-20776
-23970
-24994
-25732
-23189
-21963
-21491
-14843
-10941
-10287
-4026
-119
3107
6757
8057
14511
16996
16951
22028
22124
21035
20030
16138
14321
9090
1989
-984
-5865
-11562
-13915
-16068
-16177
-15681
-15691
-13031
-11662
-11005
-8533
-8614
-7232
-5202
-5786
-2917
125
2648
6308
10030
13736
16093
15231
15122
14917
9663
6139
3846
496
-1912
-2669
-1044
627
1236
4834
8031
6637
7033
8229
6963
6977
8200
9142
10790
12396
14144
16565
17382
15662
13327
9379
4022
-1971
-11005
-16207
-18382
-23432
-24964
-22818
-21132
-20184
-17216
-14312
-12306
-12045
-10051
-5836
-3965
-3046
2445
6762
10443
13392
17650
21680
21145
21064
20218
16423
9640
3643
-1337
-7505
-16078
-20529
-20942
-25590
-26670
-23440
-20930
-17613
-13959
-8728
-2897
-1442
581
5680
5985
5969
8415
8982
10372
10766
11269
13614
12867
11454
11072
8526
4906
395
-4947
-7729
-11335
-15807
-15366
-14439
-14222
-12902
-10279
-6326
-4740
-4250
-665
629
-209
1183
3631
5655
5874
8195
11102
11747
10506
10582
10653
7484
5496
3538
1578
-586
-3144
-2326
-2128
-2083
-1267
1277
3108
3480
5269
6735
8340
9031
9711
11098
11990
11264
12547
14592
13377
13192
14539
12158
8013
3440
-2058
-7289
-15952
-21523
-23738
-28165
-28504
-25155
-22818
-18605
-13951
-10074
-5338
-2176
-189
3693
5735
7954
11377
12706
15998
19125
20223
20891
20912
18846
15692
12283
6485
879
-3597
-10205
-14984
-17866
-20443
-20923
-20770
-18885
-15855
-15207
-13828
-9151
-7915
-8174
-6216
-4005
-2226
-1937
-210
5547
7905
8677
13830
15495
13920
12367
10527
8752
2612
-3182
-3705
-7165
-12157
-12558
-11305
-10990
-9935
-7823
-4639
-3469
-4088
-2905
-2565
-3391
-2977
-2488
-855
1579
3117
5593
7646
9471
10474
9403
8222
7763
5005
1445
142
-1689
-3076
-3380
-2820
-71
2258
3616
7882
10911
10692
11264
11276
10002
7675
5268
5462
5295
2594
4709
7144
6835
7521
7758
8695
3575
-716
-3433
-9514
-15874
-20973
-20227
-21577
-21158
-16661
-10270
-6060
-2308
3632
5745
6652
7193
7275
7742
5559
7359
10224
10606
13596
15505
17217
16199
14516
12497
7619
1142
-4103
-8102
-14897
-19880
-21472
-20861
-20923
-20645
-16119
-11392
-9802
-8764
-5369
-2830
-3430
-4371
-1720
560
-784
1304
6093
9632
10577
12074
15718
15109
10903
8663
6340
1187
-4105
-8027
-9624
-11506
-14269
-12499
-9882
-8703
-6639
-4919
-3520
-2194
-3352
-4000
-2468
-3431
-2876
-1373
319
3106
4513
5957
8122
8870
7539
6912
5786
3395
1636
68
-563
-717
-1118
-122
1632
2335
3334
4943
5598
5263
4751
4356
4498
3641
2384
3624
4114
3508
3184
4040
5312
4749
5772
7907
7712
6768
5851
5460
3463
-1534
-3557
-5025
-8289
-9860
-9564
-9086
-7733
-6351
-4801
-2688
-3099
-2794
-1382
-1970
-1728
-1550
-384
2678
3132
4925
8172
10241
10852
11207
11354
9673
6154
2141
-264
-5008
-10378
-12766
-13853
-15654
-17556
-15709
-13271
-12399
-10338
-6463
-2886
-1872
55
2482
3007
2022
3279
4720
3915
4864
5456
6327
5665
4561
4762
3254
1063
-324
-2323
-5146
-7017
-8348
-9068
-9664
-9197
-6904
-6052
-5234
-3071
-1890
-865
-339
94
1820
1394
860
1822
2117
1816
2407
2772
2732
3164
2148
1942
2526
1611
1276
1914
1434
1861
1645
1306
3226
3325
2608
4474
5492
4765
5672
5948
6829
6708
5559
8062
7716
6930
8983
9499
10536
11290
11334
12358
10527
7175
5816
2008
-3213
-6337
-10040
-12890
-13473
-14920
-14550
-12627
-12432
-10949
-10415
-8944
-7810
-7374
-4779
-2515
493
3645
7316
11105
13477
14550
16357
15225
13245
11039
7303
4044
1341
-2409
-5050
-6421
-8674
-8920
-9699
-10754
-10653
-11928
-12527
-12856
-13730
-12058
-10363
-10511
-7202
-3810
-2628
1084
2777
4956
7134
5210
6137
5686
2069
1703
954
-691
-654
-1910
-1303
39
-1534
-742
264
-1206
-2361
-4096
-6233
-7639
-10114
-10728
-9149
-9421
-7684
-4896
-2111
926
3316
5906
7811
7921
7093
6980
6144
5679
5231
5281
5956
6288
6174
5970
6298
5355
3960
3074
2852
1343
806
1755
2345
3896
4534
6201
8379
7800
8758
8484
7462
7073
4581
4201
2671
2247
1437
1734
1724
-21
50
-2722
-4058
-7228
-9769
-10649
-12145
-12458
-12513
-10092
-8269
-6344
-2292
639
3425
5617
7592
9414
9371
8961
9505
9293
8074
7711
6790
5080
4802
2415
687
-810
-2642
-4903
-7668
-8904
-10655
-12113
-13495
-12617
-12492
-12214
-10900
-9319
-8098
-7593
-5039
-4122
-2832
-2159
-812
1105
1399
3051
4455
5015
5756
5683
4447
3216
1206
-734
-2780
-5300
-6113
-7062
-9000
-7795
-6590
-6291
-4660
-3617
-2049
-1674
-2027
-754
-259
-321
1015
3045
4870
6282
8461
11483
12775
12497
12886
11561
8584
5087
1948
-673
-3631
-4980
-4262
-3247
-2152
899
3085
4678
5685
6225
5973
4260
2802
2672
1208
-635
1717
1868
3059
5338
6472
8790
8746
8497
8496
6863
5016
2857
813
-670
-3203
-4558
-5747
-6211
-5930
-5727
-5784
-4788
-4540
-5183
-4268
-5866
-5117
-4471
-5810
-3560
-1910
-1228
976
2292
4931
6854
6338
7798
8558
6328
4488
2880
361
-1262
-4770
-6081
-6307
-8751
-9575
-9721
-8924
-8663
-9034
-8356
-7396
-8273
-8983
-7721
-7161
-6651
-6346
-4712
-3006
-3311
-1564
597
1600
2709
3084
3970
5056
4167
3937
4544
3140
2156
1869
1544
990
337
786
1408
1057
692
1771
2038
1432
1639
2117
1959
1718
1634
2228
2531
1848
2227
2489
2542
2267
1723
1521
1888
1156
197
722
945
913
971
1621
3061
2795
2391
3666
3521
3270
2909
3668
4210
3687
3565
3686
4537
3504
2863
2847
2449
2016
1439
2483
2735
2766
3423
4452
4606
4454
4396
3173
2105
-104
-2406
-5085
-7265
-7530
-8584
-9547
-8709
-7541
-7712
-7381
-5929
-4808
-4376
-3608
-1758
-1073
-1466
-55
2369
3032
3018
4937
6266
4866
4070
4294
3504
840
-900
-2000
-3861
-6786
-8360
-7963
-9691
-10716
-10325
-10102
-10054
-10328
-9081
-7439
-5799
-5331
-3385
-1033
139
2131
3218
5721
7064
7077
8420
9227
8582
8062
7608
6996
5794
3405
2780
2726
630
-680
-1078
-2253
-3492
-5089
-5378
-5101
-6371
-7015
-5696
-4825
-4910
-3534
-756
1781
3238
5013
7153
8516
8701
8610
8674
7530
5737
4185
2364
1008
-259
-1672
-2354
-2752
-3482
-4508
-4549
-4368
-5094
-5272
-4539
-3565
-2714
-1255
1430
3191
4859
6367
7677
8434
8417
9203
8178
7542
6713
5597
5132
3754
3044
2147
584
-987
-2308
-4621
-6693
-7945
-8541
-8665
-9843
-8802
-7033
-6516
-5567
-4948
-3934
-2693
-3345
-1704
114
280
1528
3559
5320
6883
8020
8498
10496
9256
7867
7868
6140
4568
1967
128
-1361
-3617
-6356
-6486
-6690
-8234
-8015
-7572
-6874
-7174
-6569
-5194
-4395
-4281
-3422
-1219
-17
1428
3777
6745
7903
8592
10240
9844
9047
7869
6197
4708
1985
-235
-1707
-3024
-3973
-4020
-3916
-3188
-2909
-3198
-2308
-2363
-3341
-3470
-3596
-3894
-3276
-2881
-1339
122
1333
2966
3911
3890
4235
3600
1873
1315
-488
-2866
-4269
-5372
-6499
-7146
-7345
-6442
-5896
-6213
-4835
-3692
-3211
-2538
-1297
-43
-91
764
1765
2947
3595
4628
6119
6191
6397
5675
5349
4980
3264
2546
2030
1521
689
796
2537
2930
4285
4556
5409
5757
3199
2377
577
-2594
-4957
-6252
-7422
-7839
-7957
-7847
-5468
-5327
-4033
-1428
-1143
1134
2483
3136
4980
5624
7596
9665
10108
11017
12371
11433
9864
8683
6260
3363
-58
-2106
-4598
-7713
-8683
-9113
-9000
-8951
-7809
-6168
-5657
-5090
-3598
-2349
-1679
-395
690
2521
3567
4448
6710
7780
7669
7517
7149
5608
3118
833
-59
-2279
-5119
-5427
-6090
-7049
-7606
-6987
-6317
-7211
-7302
-6575
-6685
-7295
-6394
-5644
-4482
-3880
-2534
-114
457
1715
2846
3490
3280
2377
1854
1205
-455
-2017
-2686
-3831
-5251
-5582
-5678
-5916
-6171
-6174
-5219
-5316
-5145
-3593
-2388
-1860
-581
1483
2737
4121
5477
7513
8942
8378
8623
8479
7000
5738
4592
3627
2935
1503
526
651
63
-251
66
672
1691
1196
1572
2745
3058
3441
3663
5805
5670
4972
5001
4811
4660
2873
3176
3025
2060
416
-255
360
-1281
-1407
-495
77
284
-154
1648
2556
3179
4503
6103
7260
6554
7173
6842
6104
5317
4371
3578
1292
175
-1275
-3101
-4793
-4876
-5729
-7498
-7932
-8453
-9008
-9837
-9102
-7854
-7154
-6014
-3652
-1942
-758
1717
2908
3039
3553
3252
1930
51
-1204
-2348
-4348
-5672
-5273
-5211
-5694
-4693
-3516
-3175
-3327
-3140
-3408
-4502
-5326
-5790
-6492
-6900
-6563
-5905
-4701
-2995
-1043
542
2101
3343
3155
2729
2349
1025
-532
-1815
-2777
-3273
-3867
-3815
-3022
-2598
-1777
-863
-411
-340
-778
-1199
-2182
-2961
-3467
-3486
-2813
-2284
-755
1301
3199
4959
6698
8290
8988
9259
9337
9276
8957
8229
8175
8329
8050
7984
7943
7878
7695
7093
6555
5862
4982
4285
3440
3502
3413
3344
3541
3954
4508
4234
4320
4954
4639
3700
3084
2747
1596
-236
-1151
-1444
-2207
-2950
-2150
-1219
-924
-971
-124
1418
1081
1282
2108
1990
1668
222
234
429
-935
-1115
-902
-1214
-2464
-3496
-3952
-4870
-6447
-7766
-7821
-8992
-9823
-9260
-8666
-7683
-6483
-5099
-3111
-1672
-629
973
1703
1889
1813
1214
600
-326
-1585
-2817
-3980
-5022
-6086
-7179
-7674
-8069
-8199
-8354
-8209
-7507
-7332
-7170
-6185
-5646
-5670
-4759
-4450
-3742
-3059
-2730
-1369
-651
-59
1348
2157
2012
2543
2447
1826
1230
285
-476
-1326
-2317
-2756
-2546
-2851
-2276
-1430
-1315
-739
-117
283
505
1097
1197
1647
2106
2328
3348
4003
5067
5904
6465
7180
7411
7698
8065
8293
7976
7657
7402
7012
6678
6335
6392
6361
6152
6116
6037
6054
6360
6698
6857
7404
7688
7449
7839
7861
7142
6878
6074
4797
3615
2283
1371
498
-896
-1546
-2061
-3257
-3350
-3649
-4172
-3813
-3976
-3398
-2692
-2531
-1224
-79
444
1242
1957
2447
2895
2504
2589
2563
1428
1248
556
-376
-1124
-2298
-3267
-4684
-6348
-7504
-8621
-9968
-10630
-10920
-11024
-10675
-10082
-8815
-7578
-6598
-5705
-4717
-3824
-3484
-2963
-2517
-2494
-2334
-2337
-2077
-1547
-1821
-1488
-806
-1552
-2080
-2621
-3552
-4360
-5686
-6071
-6550
-7362
-7228
-6516
-5750
-5227
-4053
-2619
-1901
-1362
-147
692
489
995
1885
2157
2127
2589
3397
3233
3111
3549
3648
3417
3133
3324
3240
2856
2735
2798
3004
3173
3269
3705
4163
4365
4605
4716
5238
5448
5204
5844
6402
6437
6341
6556
6956
6201
5513
5640
5060
3784
2785
2450
1847
865
843
1297
1368
1216
1880
3054
3494
3948
5059
5739
5873
6184
6401
6606
6446
6340
6088
5480
4872
3935
2927
1823
199
-1540
-3065
-4612
-5824
-6928
-7429
-7432
-7335
-6917
-5836
-4601
-3516
-2108
-997
166
779
921
1376
1301
884
414
-39
-822
-1512
-2511
-3522
-4303
-5588
-6605
-7554
-8644
-9515
-10153
-10737
-10846
-10617
-10458
-9559
-8608
-7733
-6235
-4870
-3694
-2489
-1653
-782
-250
25
252
432
589
511
447
368
549
453
209
467
579
365
27
-79
-424
-1084
-1275
-1450
-1604
-1757
-1637
-1018
-664
107
991
1670
2324
2809
3008
3133
3056
2813
2618
2513
2654
2514
2697
3071
3104
3066
2925
2584
1844
1184
543
-153
-743
-959
-803
-571
112
900
1610
2469
3427
3918
4178
4744
5244
5164
4903
5295
5248
4646
4291
3864
3266
2277
1392
644
-249
-1072
-1543
-1648
-1782
-1307
-620
276
1445
2292
3527
4362
4866
5492
5595
5480
4825
4215
3666
2565
1577
832
84
-704
-1286
-1753
-2089
-2605
-2942
-2903
-3241
-3324
-3086
-2839
-2450
-1911
-1324
-470
-66
491
1035
988
833
409
-297
-1168
-1992
-2660
-3157
-3499
-3509
-3109
-2731
-2050
-1045
-345
469
897
1013
1023
482
-12
-489
-1354
-2024
-2511
-3175
-3724
-4022
-4348
-4541
-4763
-5073
-5275
-5551
-5777
-5874
-5744
-5236
-4596
-3760
-2512
-1268
-185
1035
1954
2420
2729
2656
2376
1899
1280
899
410
-48
-175
-264
-300
-322
-355
-570
-956
-1572
-2272
-2634
-3186
-3413
-3009
-2401
-1498
-331
909
2140
3199
3931
4539
4768
4747
4463
4132
3989
3520
3267
3139
2829
2542
2213
1693
1070
477
-139
-615
-1114
-1187
-896
-650
-65
672
1447
2122
2701
3474
3710
4002
4339
4043
3989
3746
3422
3024
2552
2316
1787
1134
780
471
-152
-493
-489
-587
-721
-687
-427
-157
-14
372
962
1283
1457
1768
2264
2221
2207
2303
2021
1927
1376
1065
848
309
128
-147
-314
-480
-702
-620
-784
-1134
-1465
-2032
-2662
-3352
-3958
-4325
-4539
-4571
-4319
-4037
-3482
-2800
-2510
-2036
-1756
-1772
-2032
-2403
-2606
-3051
-3386
-3266
-2946
-2924
-2589
-1971
-1781
-1602
-1551
-1435
-1428
-1926
-2133
-2352
-2828
-3069
-3232
-3193
-2989
-2812
-2375
-1761
-1375
-799
-310
34
550
646
768
985
1104
1138
1172
1466
1713
1932
2250
2763
3078
3195
3457
3485
3379
3032
2730
2411
1883
1522
1385
1343
1251
1337
1398
1452
1377
1307
1361
1079
872
860
698
495
570
778
876
924
1119
1285
1015
755
750
547
72
-110
-2
-113
-219
-30
136
26
-135
-170
-161
-388
-484
-273
-192
-178
-86
72
198
175
168
334
387
299
333
308
139
-231
-542
-814
-1290
-1702
-1952
-1956
-2050
-2091
-1690
-1276
-1119
-790
-292
-15
-20
7
255
132
-61
38
153
-16
-55
156
108
80
59
81
10
-164
-141
-123
-95
-30
-23
-25
-20
41
59
55
268
545
770
1099
1767
2325
2591
3105
3413
3462
3435
3171
3024
2812
2414
2287
2288
2103
2114
2143
2090
2119
1897
1771
1604
1107
925
730
368
405
426
451
644
901
1195
1393
1627
1892
1863
1727
1695
1356
943
658
178
-244
-535
-808
-1119
-1453
-1651
-1908
-2254
-2580
-2834
-3127
-3490
-3560
-3685
-3750
-3534
-3404
-3143
-2862
-2573
-2260
-2151
-2020
-1926
-2055
-2160
-2323
-2617
-2802
-3000
-3118
-3303
-3372
-3403
-3626
-3641
-3766
-3909
-3966
-3974
-3882
-3772
-3544
-3213
-2872
-2565
-2155
-1895
-1776
-1646
-1678
-1895
-1991
-2077
-2187
-2233
-2062
-1746
-1464
-1042
-498
73
353
670
988
998
980
990
978
1022
1049
1289
1626
1894
2364
2836
3129
3335
3495
3518
3388
3299
3281
3153
3153
3220
3334
3508
3696
3952
4112
4308
4453
4448
4511
4551
4523
4445
4487
4535
4488
4602
4581
4642
4717
4736
4869
4897
4861
4788
4741
4648
4442
4282
4126
3950
3716
3448
3305
3099
2772
2595
2299
1699
1244
584
-85
-770
-1549
-2012
-2585
-3010
-3186
-3375
-3350
-3241
-3093
-2806
-2620
-2400
-2313
-2290
-2381
-2579
-2844
-2996
-3154
-3352
-3514
-3689
-3850
-4297
-4750
-5128
-5738
-6314
-6834
-7241
-7550
-7774
-7680
-7366
-7002
-6518
-5866
-5331
-4789
-4358
-4023
-3656
-3424
-3241
-3071
-3019
-2845
-2773
-2774
-2589
-2580
-2625
-2640
-2745
-2844
-3036
-3077
-2966
-2936
-2669
-2349
-1914
-1383
-926
-442
122
569
909
1270
1567
1801
1953
2213
2494
2670
2842
3180
3450
3681
4001
4318
4484
4566
4670
4710
4565
4399
4347
4129
3953
3862
3821
3820
3754
3832
3924
3856
3901
3940
3828
3723
3726
3577
3328
3239
3144
3051
3039
3112
3272
3354
3509
3623
3583
3488
3227
2915
2459
2025
1528
1033
608
179
-23
-193
-267
-225
-150
33
96
137
250
197
144
159
189
260
334
536
716
773
878
886
794
568
338
98
-297
-621
-906
-1149
-1417
-1620
-1704
-1865
-1959
-2039
-2186
-2251
-2417
-2549
-2721
-2843
-2829
-2915
-2812
-2687
-2627
-2451
-2291
-2094
-1856
-1732
-1614
-1512
-1569
-1697
-1740
-1871
-2145
-2370
-2610
-2933
-3214
-3429
-3556
-3683
-3845
-3772
-3821
-3840
-3612
-3461
-3239
-2953
-2663
-2239
-1870
-1500
-1090
-803
-489
-269
-132
102
193
230
274
237
303
292
344
490
518
588
713
791
836
843
867
863
861
911
927
993
1095
1109
1162
1172
1165
1158
1078
982
853
762
722
669
622
710
838
898
1069
1221
1335
1509
1689
1886
2038
2165
2432
2602
2692
2916
2969
2922
2973
2889
2695
2484
2280
2103
1706
1366
1238
935
682
577
475
454
404
398
471
476
499
602
634
771
922
980
1164
1352
1470
1616
1697
1733
1723
1611
1516
1354
1230
992
743
569
272
6
-211
-360
-509
-644
-643
-615
-606
-568
-503
-410
-425
-421
-395
-458
-406
-403
-405
-378
-367
-359
-469
-571
-704
-945
-1173
-1361
-1619
-1769
-1864
-1971
-1987
-1968
-1904
-1872
-1815
-1683
-1631
-1576
-1487
-1329
-1221
-1119
-893
-728
-636
-456
-342
-373
-355
-425
-548
-673
-910
-984
-1140
-1354
-1319
-1370
-1412
-1301
-1220
-1184
-1125
-1109
-1005
-1003
-944
-751
-641
-486
-248
-76
110
283
408
540
515
494
381
203
132
-40
-117
-128
-139
-71
-33
71
198
213
251
311
250
177
144
95
86
156
254
361
511
699
895
994
1105
1178
1153
1132
1043
921
799
681
568
501
461
425
493
514
537
628
700
760
773
834
892
872
932
1018
995
1011
993
953
913
776
693
572
430
276
123
94
3
1
51
127
232
350
484
578
677
705
648
593
544
395
306
237
167
81
22
-16
-147
-217
-377
-548
-784
-1077
-1253
-1518
-1736
-1817
-1855
-1869
-1725
-1490
-1225
-935
-696
-458
-308
-227
-183
-130
-135
-97
-51
-20
67
79
124
146
137
72
24
-97
-188
-260
-308
-293
-347
-242
-184
-66
63
123
211
223
264
266
252
257
261
258
222
242
195
150
122
89
75
58
77
70
81
72
73
104
60
13
-35
-132
-261
-396
-508
-592
-698
-722
-748
-769
-729
-673
-584
-560
-454
-297
-209
-79
35
111
140
136
169
144
132
139
74
41
-7
-101
-217
-337
-442
-585
-698
-751
-792
-853
-863
-835
-846
-822
-760
-760
-745
-763
-766
-766
-792
-791
-802
-814
-779
-730
-687
-576
-476
-363
-208
-38
138
348
519
696
914
1054
1177
1263
1299
1310
1276
1225
1168
1068
977
902
757
643
509
428
324
226
249
241
299
408
530
712
865
1030
1215
1354
1502
1590
1652
1726
1702
1690
1647
1549
1488
1407
1306
1258
1178
1073
994
846
699
535
343
179
9
-152
-237
-291
-302
-256
-162
-67
77
231
360
457
525
608
594
575
560
481
388
302
179
75
-34
-171
-261
-433
-596
-748
-977
-1144
-1324
-1478
-1588
-1680
-1695
-1700
-1668
-1590
-1533
-1435
-1326
-1246
-1183
-1087
-1042
-998
-955
-974
-946
-969
-1035
-1068
-1102
-1171
-1206
-1263
-1280
-1274
-1312
-1289
-1289
-1308
-1289
-1287
-1302
-1253
-1241
-1176
-1063
-1009
-860
-735
-660
-539
-464
-398
-334
-274
-194
-90
6
123
263
370
491
604
678
776
872
919
1015
1095
1144
1231
1286
1340
1365
1376
1409
1374
1325
1292
1237
1212
1210
1228
1259
1310
1396
1452
1546
1663
1718
1797
1876
1886
1930
1928
1899
1879
1810
1725
1638
1517
1375
1254
1100
936
803
666
530
412
330
247
161
110
92
61
47
46
31
39
1
-18
-67
-149
-197
-289
-405
-489
-588
-685
-753
-840
-889
-948
-1029
-1093
-1164
-1234
-1306
-1362
-1426
-1447
-1473
-1509
-1529
-1562
-1595
-1610
-1612
-1652
-1678
-1699
-1719
-1738
-1745
-1704
-1676
-1645
-1585
-1566
-1525
-1489
-1493
-1451
-1441
-1439
-1390
-1368
-1316
-1225
-1144
-1027
-900
-784
-666
-568
-469
-357
-268
-167
-35
51
188
319
424
576
690
801
916
986
1060
1139
1164
1215
1261
1296
1362
1427
1504
1584
1662
1736
1802
1857
1896
1913
1915
1916
1912
1907
1908
1920
1906
1924
1928
1899
1896
1850
1812
1762
1705
1659
1593
1538
1482
1436
1383
1346
1309
1265
1225
1146
1062
971
848
733
607
454
343
211
76
-34
-148
-266
-393
-504
-633
-764
-883
-983
-1089
-1185
-1254
-1344
-1411
-1465
-1551
-1603
-1659
-1720
-1751
-1794
-1810
-1814
-1815
-1801
-1797
-1784
-1785
-1791
-1802
-1831
-1869
-1909
-1959
-1993
-2004
-2012
-1996
-1956
-1915
-1851
-1781
-1695
-1601
-1516
-1387
-1274
-1156
-1017
-912
-794
-689
-612
-550
-501
-470
-455
-442
-437
-422
-402
-352
-285
-198
-92
18
145
264
398
531
658
783
905
1023
1126
1238
1330
1409
1491
1555
1605
1625
1647
1642
1611
1602
1557
1519
1479
1427
1393
1357
1329
1307
1299
1311
1324
1368
1414
1467
1534
1570
1609
1618
1594
1568
1510
1450
1381
1308
1265
1196
1142
1091
1010
932
844
739
636
532
418
325
225
142
65
-12
-62
-119
-169
-196
-231
-267
-280
-317
-346
-361
-396
-424
-459
-484
-520
-554
-570
-607
-639
-670
-721
-789
-867
-955
-1050
-1138
-1232
-1306
-1389
-1455
-1493
-1543
-1559
-1559
-1565
-1538
-1503
-1474
-1425
-1378
-1327
-1268
-1204
-1151
-1101
-1053
-1015
-972
-945
-912
-878
-846
-803
-754
-698
-633
-543
-467
-375
-292
-225
-155
-99
-56
-11
8
28
47
54
76
86
106
127
148
167
186
195
212
225
229
255
268
284
320
339
371
412
448
494
528
567
594
615
638
654
682
704
725
739
739
731
710
673
634
587
524
485
429
386
370
353
363
389
425
471
515
559
595
629
661
671
681
680
672
656
628
606
582
548
527
501
472
442
420
396
378
374
364
356
346
351
355
360
379
395
405
410
408
396
386
366
351
327
289
256
210
166
124
88
50
10
-25
-66
-104
-139
-178
-219
-254
-284
-322
-362
-399
-432
-459
-478
-486
-487
-494
-482
-473
-471
-460
-461
-468
-474
-479
-501
-517
-532
-537
-547
-552
-556
-572
-578
-603
-612
-642
-667
-682
-705
-706
-712
-719
-709
-705
-695
-677
-672
-667
-672
-673
-679
-667
-666
-656
-637
-612
-588
-560
-529
-511
-472
-439
-401
-370
-339
-300
-266
-220
-176
-141
-119
-86
-57
-44
-6
17
48
81
103
148
172
207
259
285
333
375
402
446
471
514
554
577
619
645
677
707
726
750
771
795
808
819
823
815
800
788
770
750
718
697
659
627
617
583
578
559
558
555
530
538
518
508
512
494
488
475
455
450
432
416
406
384
363
338
302
263
217
178
131
82
48
-4
-54
-94
-130
-167
-198
-223
-253
-283
-302
-334
-360
-367
-397
-410
-430
-463
-478
-509
-526
-545
-570
-593
-615
-642
-666
-679
-692
-697
-683
-676
-667
-636
-631
-593
-564
-531
-483
-470
-417
-398
-369
-334
-315
-290
-284
-267
-268
-259
-245
-232
-205
-171
-132
-88
-52
-9
44
84
134
184
213
260
282
303
328
335
356
367
382
389
400
402
400
409
418
423
432
436
440
449
438
448
440
442
450
447
450
442
440
439
431
430
429
411
399
376
355
323
300
269
248
222
188
171
136
117
97
80
59
57
19
5
-14
-53
-69
-102
-126
-162
-186
-221
-252
-282
-314
-337
-361
-381
-389
-400
-408
-403
-411
-414
-409
-410
-413
-416
-423
-429
-438
-444
-447
-438
-441
-433
-423
-426
-414
-414
-410
-405
-411
-413
-409
-411
-397
-370
-351
-319
-290
-260
-234
-216
-192
-171
-154
-135
-106
-82
-57
-24
3
33
63
91
111
139
150
170
186
190
213
214
232
246
255
278
294
314
340
362
384
413
427
448
465
478
496
503
515
523
527
531
523
514
499
480
462
436
424
401
380
366
356
343
341
337
331
333
318
326
314
314
304
288
273
244
218
183
153
112
81
43
4
-30
-67
-112
-140
-172
-209
-227
-258
-276
-301
-322
-339
-362
-379
-399
-414
-430
-443
-446
-457
-456
-452
-461
-454
-454
-455
-448
-451
-453
-453
-460
-466
-468
-474
-481
-482
-490
-490
-491
-493
-482
-480
-471
-455
-442
-422
-396
-375
-346
-321
-295
-263
-236
-208
-176
-150
-131
-104
-88
-71
-55
-39
-30
-16
5
11
36
59
86
114
146
177
204
237
262
289
318
347
372
404
431
453
479
496
514
528
535
542
544
548
547
545
545
537
531
527
516
512
507
497
494
483
474
465
453
445
429
423
408
392
381
358
342
321
296
278
252
233
212
190
170
149
126
104
81
59
35
12
-10
-31
-50
-71
-88
-108
-130
-152
-178
-205
-228
-254
-277
-293
-314
-328
-347
-362
-375
-392
-399
-413
-421
-428
-437
-445
-451
-456
-460
-465
-468
-474
-480
-479
-489
-485
-488
-491
-487
-492
-487
-479
-477
-456
-448
-430
-404
-395
-367
-352
-329
-308
-291
-265
-250
-227
-209
-192
-165
-147
-121
-94
-69
-39
-12
18
49
72
107
128
154
184
200
232
253
278
304
323
345
362
378
397
409
425
438
443
454
455
460
457
461
462
462
473
471
480
485
488
493
496
497
496
491
486
477
467
457
444
431
416
400
378
361
340
313
298
271
247
228
200
174
153
124
98
76
46
23
-2
-27
-51
-73
-96
-117
-139
-158
-181
-203
-217
-243
-257
-275
-293
-309
-327
-341
-358
-370
-380
-392
-402
-411
-423
-429
-437
-444
-443
-449
-443
-447
-441
-440
-439
-426
-426
-413
-402
-394
-382
-374
-365
-357
-349
-340
-327
-317
-302
-292
-273
-259
-241
-222
-209
-187
-175
-155
-143
-124
-111
-93
-75
-60
-38
-23
-3
17
37
58
84
101
126
147
163
187
204
224
245
264
280
297
311
322
335
344
354
363
372
378
384
388
391
395
395
398
395
396
388
385
376
368
362
355
349
342
335
327
318
305
296
282
267
254
236
221
206
189
174
159
141
126
109
90
78
58
49
35
25
16
4
-7
-22
-38
-55
-70
-89
-101
-118
-130
-143
-156
-168
-181
-186
-200
-199
-210
-210
-214
-217
-219
-221
-223
-228
-229
-236
-237
-244
-245
-249
-253
-251
-259
-253
-257
-254
-248
-246
-240
-233
-231
-226
-222
-224
-213
-212
-201
-193
-185
-173
-167
-158
-150
-142
-137
-127
-123
-115
-111
-106
-97
-91
-79
-73
-57
-50
-39
-28
-20
-10
-1
10
20
35
42
57
67
76
87
95
103
111
120
123
133
136
141
143
147
146
148
151
150
155
153
156
159
163
168
173
175
180
184
183
189
186
189
188
183
183
177
176
173
171
167
167
160
155
151
144
142
136
134
128
126
116
111
103
95
92
82
78
71
66
60
55
49
45
40
35
30
21
20
11
5
-1
-6
-13
-17
-23
-29
-36
-45
-51
-66
-70
-81
-86
-92
-98
-99
-103
-103
-107
-109
-113
-115
-120
-122
-123
-124
-122
-123
-122
-123
-125
-126
-129
-128
-131
-130
-133
-133
-135
-132
-133
-129
-127
-124
-120
-121
-117
-115
-114
-113
-113
-113
-112
-108
-107
-101
-98
-93
-89
-86
-82
-78
-72
-67
-62
-55
-47
-42
-32
-30
-21
-18
-12
-7
-2
6
10
14
17
20
24
27
31
39
43
49
57
58
64
68
74
78
84
90
95
99
104
107
110
113
116
119
123
127
130
134
135
132
134
132
129
132
130
132
133
133
135
133
130
130
125
123
121
115
111
107
101
96
89
85
81
79
76
70
67
61
56
51
44
39
33
25
20
16
9
4
-5
-12
-20
-27
-34
-41
-50
-56
-64
-73
-83
-88
-95
-99
-101
-104
-104
-103
-105
-107
-109
-111
-112
-114
-118
-118
-118
-120
-119
-121
-122
-121
-122
-119
-118
-115
-115
-113
-113
-109
-105
-101
-95
-91
-84
-81
-72
-71
-66
-59
-56
-50
-44
-39
-31
-26
-22
-15
-13
-9
-3
1
8
12
16
20
24
24
30
32
38
43
49
57
62
69
72
79
82
85
89
92
96
99
101
102
103
101
102
102
104
106
104
106
101
101
96
92
88
83
79
75
72
69
68
61
58
52
47
43
38
34
31
26
19
14
6
2
-5
-9
-13
-18
-20
-26
-30
-35
-39
-43
-47
-51
-52
-53
-53
-52
-54
-53
-56
-57
-56
-57
-56
-56
-55
-57
-57
-59
-58
-60
-59
-58
-58
-56
-56
-53
-54
-52
-55
-51
-51
-48
-46
-41
-40
-36
-33
-34
-27
-27
-22
-17
-13
-8
-3
-1
3
8
9
15
17
22
26
30
33
34
39
39
42
43
46
46
50
50
50
52
50
52
49
49
48
48
48
48
47
47
48
46
47
44
46
45
46
44
43
41
38
39
33
35
31
30
26
24
20
17
15
8
9
5
1
-2
-5
-11
-13
-18
-24
-24
-31
-33
-39
-43
-48
-50
-54
-57
-55
-59
-57
-59
-59
-61
-59
-61
-60
-59
-60
-57
-56
-53
-52
-47
-47
-43
-42
-43
-40
-41
-42
-39
-39
-40
-36
-38
-35
-33
-33
-29
-26
-24
-20
-14
-12
-7
-3
0
4
8
12
14
20
20
24
25
29
30
32
33
33
37
36
40
39
41
39
43
43
44
47
45
49
48
49
51
52
52
57
56
56
59
58
60
59
59
58
58
55
53
53
48
48
46
44
42
41
38
34
33
28
27
25
22
19
18
15
14
12
9
9
5
3
0
-4
-7
-10
-14
-17
-20
-23
-24
-29
-28
-33
-34
-35
-36
-36
-38
-38
-39
-40
-42
-42
-45
-45
-47
-47
-50
-50
-50
-51
-49
-51
-49
-49
-48
-49
-47
-48
-47
-46
-47
-45
-45
-45
-44
-44
-44
-42
-43
-41
-40
-39
-36
-35
-33
-31
-30
-28
-25
-21
-20
-14
-14
-9
-6
-3
1
2
5
9
11
13
15
19
20
23
27
26
30
30
32
36
35
39
40
39
41
41
42
42
41
42
40
39
40
37
37
35
34
33
32
33
32
31
31
31
28
28
26
24
24
22
22
19
20
17
18
17
15
15
13
13
10
12
9
8
6
4
3
1
0
-1
-3
-3
-6
-6
-7
-11
-10
-12
-14
-13
-16
-14
-15
-17
-17
-18
-20
-19
-20
-20
-20
-20
-21
-21
-19
-19
-17
-17
-16
-14
-15
-12
-13
-12
-12
-11
-10
-11
-9
-10
-9
-10
-9
-10
-10
-11
-10
-10
-8
-7
-6
-4
-2
-2
0
2
3
3
5
6
6
8
8
8
8
8
7
8
7
5
5
4
4
4
2
2
3
1
3
2
4
4
4
6
6
7
8
7
10
8
8
10
8
10
7
7
7
4
4
2
2
3
0
-1
0
0
-1
-2
-2
-3
-3
-3
-4
-4
-6
-7
-5
-5
-6
-6
-5
-6
-5
-7
-6
-6
-8
-6
-8
-6
-8
-7
-6
-6
-4
-5
-4
-3
-2
-3
0
-1
1
3
2
6
6
6
11
8
12
13
11
13
11
11
10
10
9
9
7
8
7
5
7
5
4
4
4
3
0
2
0
0
0
-1
0
-1
-1
-1
-2
-2
-4
-5
-4
-6
-7
-7
-6
-8
-6
-7
-5
-6
-6
-4
-6
-4
-6
-6
-3
-5
-4
-5
-4
-4
-6
-5
-6
-7
-8
-7
-8
-9
-9
-9
-8
-8
-9
-6
-6
-6
-6
-3
-2
-3
-3
-2
-1
-2
-1
1
0
2
-1
2
3
0
4
2
3
4
3
6
5
6
6
8
10
9
11
9
12
11
10
12
13
12
11
14
13
13
13
14
15
13
13
15
13
15
13
14
15
13
14
14
16
14
14
15
14
14
11
12
12
10
7
8
7
5
4
2
3
1
-2
-1
-2
-4
-4
-5
-3
-6
-5
-6
-6
-6
-9
-8
-9
-9
-11
-10
-9
-12
-11
-12
-11
-12
-13
-13
-14
-14
-14
-15
-15
-17
-18
-17
-17
-17
-19
-18
-19
-18
-19
-19
-16
-18
-16
-16
-15
-13
-13
-12
-10
-8
-11
-8
-8
-8
-6
-6
-5
-5
-6
-4
-4
-3
-5
-2
-3
0
-1
-2
2
0
1
2
4
4
4
6
7
8
8
10
10
12
13
12
13
13
11
12
11
11
11
10
13
10
12
13
13
14
12
14
12
16
12
14
15
11
14
12
14
12
13
13
13
14
12
14
14
13
14
12
13
11
10
11
9
9
6
7
5
5
6
3
5
3
3
3
1
2
-1
0
0
-2
-2
-5
-3
-5
-5
-6
-8
-7
-9
-8
-10
-10
-11
-12
-11
-12
-11
-12
-12
-14
-13
-15
-13
-17
-17
-17
-18
-19
-18
-18
-17
-16
-17
-15
-15
-14
-13
-11
-11
-11
-10
-11
-9
-10
-10
-10
-9
-10
-9
-9
-8
-7
-8
-7
-5
-6
-4
-1
-3
0
0
1
3
2
3
4
3
3
4
3
5
3
6
5
8
7
9
9
8
10
9
9
9
10
9
11
9
11
10
10
11
10
13
11
12
12
12
12
12
11
12
10
10
11
10
9
10
7
9
7
6
7
6
7
6
6
7
6
6
6
5
5
4
3
2
0
1
-1
-2
-2
-2
-4
-2
-4
-3
-4
-4
-5
-5
-5
-6
-6
-6
-6
-7
-6
-7
-7
-7
-6
-6
-4
-4
-3
-3
-1
-3
0
-2
-1
-3
-3
-2
-2
-3
-2
-3
-4
-2
-3
-2
-2
-2
-3
-3
-3
-2
-3
-3
-3
-2
-4
-3
-4
-4
-5
-5
-5
-7
-5
-6
-5
-6
-6
-5
-5
-5
-6
-6
-5
-6
-5
-6
-6
-5
-5
-4
-5
-4
-3
-3
-3
-2
-2
-2
-1
-3
-1
-2
-3
-2
-3
-3
-2
-4
-4
-4
-4
-4
-3
-3
-2
-2
-2
-1
1
1
1
1
1
4
2
4
4
5
5
6
6
6
7
7
7
7
9
8
9
8
8
8
10
8
10
9
9
9
9
10
11
11
11
12
11
11
11
11
10
10
10
9
9
8
8
8
7
6
7
6
6
6
4
4
4
3
3
3
2
3
3
2
2
2
1
0
1
-1
-1
-1
-1
-2
-3
-3
-3
-4
-5
-6
-8
-8
-9
-11
-11
-13
-12
-13
-12
-13
-14
-12
-13
-13
-13
-12
-13
-12
-13
-11
-12
-12
-12
-12
-12
-11
-10
-10
-10
-10
-8
-10
-9
-9
-8
-8
-7
-7
-5
-5
-4
-3
-3
-2
-1
0
0
0
0
1
0
1
1
2
2
2
3
2
3
3
3
4
5
4
6
6
6
7
6
8
7
8
8
8
7
8
7
8
7
8
7
7
9
8
8
8
8
7
6
6
7
6
7
5
6
6
7
7
6
6
6
7
5
7
6
7
6
7
5
6
5
4
5
4
4
3
3
2
2
0
0
-1
-1
-3
-2
-2
-3
-2
-5
-4
-5
-5
-5
-5
-4
-5
-5
-5
-6
-5
-5
-6
-6
-7
-6
-7
-5
-7
-6
-7
-6
-7
-7
-7
-8
-9
-8
-9
-8
-9
-9
-9
-8
-8
-8
-6
-7
-5
-6
-6
-6
-5
-4
-4
-4
-3
-3
-2
-3
-1
-3
-2
-1
-3
-2
-3
0
-2
0
0
1
2
1
4
3
4
3
5
5
6
6
6
6
7
8
8
9
8
11
9
10
9
11
10
12
11
11
11
11
12
10
12
11
11
10
10
9
9
7
9
7
7
7
5
6
5
4
3
4
3
2
2
2
2
1
1
0
1
0
1
0
-1
-1
-2
-2
-1
-3
-3
-5
-5
-5
-6
-6
-7
-7
-8
-8
-8
-10
-8
-9
-10
-10
-10
-9
-10
-9
-9
-9
-10
-9
-9
-11
-11
-11
-11
-11
-12
-11
-12
-11
-11
-11
-10
-9
-8
-9
-7
-8
-6
-5
-4
-4
-3
-2
-1
0
0
0
2
2
1
2
2
1
2
3
3
3
4
4
5
3
4
5
5
6
6
7
7
6
6
5
7
5
6
6
7
7
6
6
5
6
6
6
5
6
6
4
5
3
4
3
4
5
4
4
3
4
3
2
3
2
4
4
5
5
3
4
2
3
3
2
4
3
3
2
1
0
0
1
2
2
1
1
0
0
-1
0
-1
0
2
0
0
-1
-3
-1
-2
0
1
0
0
-1
-1
-1
-1
0
0
1
0
0
1
-1
-1
-2
0
1
0
2
0
1
0
-1
0
0
-1
1
1
0
1
-1
-1
-1
-1
-1
-2
2
0
0
-1
-2
-2
-3
0
-1
-1
0
-3
-1
-4
-3
-3
-2
-2
-2
-2
-2
-5
-3
-4
-3
-2
-3
-1
-3
-2
-4
-4
-4
-5
-3
-3
-3
-2
-4
-3
-5
-6
-3
-5
-1
-3
-4
-3
-6
-6
-6
-7
-5
-6
-3
-4
-5
-5
-7
-4
-5
-4
-1
-4
0
-1
-3
-2
-3
0
0
2
4
4
4
2
2
3
2
4
4
4
6
3
4
3
2
4
4
5
5
5
5
2
4
3
4
6
4
8
6
5
7
3
6
6
6
8
7
7
6
5
4
5
4
5
7
7
5
6
3
4
3
3
5
5
5
5
3
2
1
1
1
3
3
2
2
0
-1
-1
-2
-1
-1
-1
-1
-1
-1
-3
-3
-3
-3
-2
-2
-3
-1
-3
-3
-4
-6
-3
-3
-3
-2
-3
-3
-4
-4
-5
-5
-2
-3
0
-2
-2
-2
-5
-2
-4
-3
-1
-2
-1
-3
-3
-4
-5
-3
-4
-2
-3
-3
-4
-5
-5
-5
-5
-4
-3
-3
-3
-3
-5
-5
-4
-4
-3
0
-3
-1
-1
-4
-2
-4
-2
0
-1
1
-1
-1
-1
-2
-1
-2
1
0
1
1
-1
0
-1
-1
1
0
2
2
1
2
0
0
1
1
2
1
3
2
1
1
1
2
1
2
4
2
4
2
4
2
2
4
3
5
5
4
5
4
3
5
4
6
6
5
6
5
5
5
4
4
5
5
4
5
4
3
3
2
3
3
3
2
2
1
1
0
0
0
1
1
1
0
0
1
-1
-1
0
-1
0
-1
-1
-1
-2
-2
-2
-2
-1
-2
-2
-2
-2
-2
-2
-2
-1
-1
-1
-1
0
-2
0
0
-1
-1
0
0
-1
-1
-1
0
-1
-1
-1
-1
-1
-1
-2
-2
-3
-3
-3
-3
-4
-4
-4
-3
-4
-4
-4
-4
-4
-4
-4
-5
-4
-3
-3
-4
-3
-4
-4
-3
-4
-3
-1
-3
-2
-2
-1
-1
-1
-2
-1
-1
-1
-1
-1
-1
-1
-1
0
0
0
0
0
0
0
0
0
-1
1
1
1
1
2
2
2
2
3
3
2
4
3
3
4
3
4
4
5
5
5
4
5
5
5
4
4
5
5
5
5
4
6
3
5
4
4
5
5
4
4
4
3
5
2
4
3
3
3
2
2
2
2
1
1
1
1
0
1
-1
-1
-1
-1
-1
-1
-2
-2
-2
-2
-2
-3
-3
-3
-4
-3
-4
-4
-5
-5
-5
-4
-6
-5
-6
-5
-6
-6
-5
-6
-5
-6
-5
-7
-5
-6
-6
-6
-4
-5
-5
-5
-5
-3
-4
-4
-3
-4
-3
-3
-4
-2
-3
-2
-1
-2
-2
-2
-1
-1
0
0
-1
1
-1
1
0
2
2
2
3
2
3
4
2
4
3
3
4
2
5
4
4
4
3
5
4
4
5
4
5
4
5
5
4
5
3
5
4
4
5
4
5
3
4
3
4
3
3
3
3
1
4
1
2
2
1
3
1
2
1
1
1
2
0
2
-1
1
0
-1
0
-1
0
-1
-1
-1
-2
-2
-2
-2
-1
-2
-2
-2
-3
-1
-4
-1
-4
-1
-2
-2
-1
-3
-2
-3
-2
-2
-2
-3
-2
-3
-2
-4
-3
-3
-4
-1
-4
0
-3
-2
-1
-3
-1
-2
-2
-1
-2
-1
-2
-1
0
-2
0
-2
-1
0
-2
-1
-2
0
-1
-1
-1
-2
-1
-1
-1
-1
-2
-1
-1
-1
1
-1
-1
0
-1
-1
0
0
0
-1
1
0
2
0
1
1
0
2
1
2
1
2
2
2
2
2
2
2
3
3
3
2
3
1
3
2
3
3
2
2
2
2
2
2
1
2
-1
2
0
1
-1
0
1
-1
0
-1
-1
-1
0
-1
0
-1
1
-1
1
0
0
1
0
1
-1
1
1
1
1
0
0
0
1
1
0
0
1
1
1
0
1
0
1
0
0
0
1
0
0
1
-1
1
-1
0
0
0
0
0
0
0
-1
-1
0
0
0
0
0
0
0
0
0
1
0
1
0
1
0
1
1
1
0
0
0
0
0
0
0
-1
1
0
0
-1
0
-1
0
0
-1
0
-1
1
-2
0
-1
0
-1
0
-1
-1
1
-1
0
0
-1
0
-1
0
0
-1
0
0
0
0
0
1
0
0
0
-1
0
0
0
1
0
1
0
1
0
-1
-1
0
-1
-1
0
0
-1
-1
0
-1
-1
-1
-1
-1
-1
-1
-2
-2
-1
-1
-2
-2
-1
-2
-2
0
-1
-1
-1
-1
-1
-1
-1
0
-1
-1
0
-1
1
-1
0
-1
0
0
1
1
0
0
1
0
1
0
0
1
0
0
0
1
1
0
0
1
0
1
0
1
1
1
1
1
1
1
0
1
1
0
1
1
0
0
1
1
1
1
1
1
0
0
1
0
1
0
0
0
0
0
0
1
1
0
1
1
1
1
1
2
1
2
1
1
1
2
2
1
1
1
1
1
1
0
1
0
1
0
0
-1
0
0
-1
-1
0
-1
0
0
0
0
-1
0
0
-1
0
0
-1
0
0
0
-1
0
1
0
-1
0
-1
-1
0
-1
-1
0
0
0
0
0
0
0
0
1
0
1
1
1
1
1
1
1
0
0
0
0
0
-1
0
0
-1
-1
-1
-1
-1
0
-1
-1
-1
-1
-1
-1
-1
-1
-1
0
-1
0
0
-1
-1
-1
0
0
0
0
0
0
0
0
0
-1
0
0
-1
0
-1
-1
0
0
1
0
0
0
0
0
0
0
1
0
1
1
0
0
1
1
0
1
1
0
1
0
0
1
0
0
1
0
0
1
1
0
0
1
1
0
0
0
1
0
0
-1
0
0
0
0
0
-1
0
0
0
0
-1
0
0
0
0
0
0
0
0
0
0
0
0
0
0
-1
0
0
0
0
0
0
0
0
0
1
0
0
0
0
0
0
0
0
0
0
0
0
0
0
0
0
0
0
0
0
0
-1
0
0
-1
0
0
0
0
0
0
0
0
0
0
0
0
-1
0
0
0
0
0
1
0
0
0
1
1
0
0
0
-1
1
1
0
0
0
1
0
0
0
1
0
0
0
1
0
0
0
0
0
0
0
0
0
0
0
0
0
0
0
0
-1
-1
-1
-1
0
0
0
-1
0
0
0
0
0
0
0
0
0
1
0
1
-1
0
0
0
0
0
1
-1
0
1
-1
1
0
0
0
0
1
0
0
0
0
0
-1
0
0
0
0
0
0
0
-1
0
0
1
0
0
0
-1
0
0
0
0
0
0
0
0
-1
-1
0
0
0
0
0
0
0
0
0
0
0
-1
0
0
-1
0
-1
0
0
0
0
1
0
1
0
0
1
-1
1
0
0
0
0
-1
0
0
0
-1
0
0
0
1
0
0
0
0
0
0
1
0
0
0
-1
0
0
1
0
1
0
0
0
0
0
0
1
0
0
0
1
1
0
0
0
0
0
0
0
0
0
1
0
0
0
0
0
0
0
1
0
0
0
0
0
0
-1
0
-1
0
1
0
-1
0
0
0
0
0
0
-1
-1
0
0
-1
1
0
1
0
0
0
0
0
0
1
-1
-1
0
-1
0
0
0
0
0
1
-1
0
0
0
0
0
0
0
0
0
1
0
0
0
0
0
0
0
0
0
0
0
0
0
0
0
0
1
1
1
0
0
1
1
1
0
1
1
0
0
0
1
0
1
1
0
1
0
0
0
1
1
1
1
1
0
1
1
0
0
1
1
1
1
0
1
1
0
0
1
1
0
0
0
1
1
0
0
1
0
1
0
-1
2
0
0
0
0
0
-1
0
0
0
0
-1
0
-1
-1
-1
-1
0
0
0
0
-1
-1
-1
-1
0
-1
-1
-1
0
-2
-1
-1
-1
0
-1
-1
0
0
-1
0
-1
-1
-1
0
0
-1
-1
-1
-1
0
-1
-1
-1
-1
-2
0
-1
-1
0
-1
-1
-1
-1
-1
0
0
-1
-1
0
-1
-1
-1
0
-1
0
0
0
-1
0
0
0
0
0
-1
0
0
0
-1
-1
1
0
0
0
-1
0
0
1
0
0
0
0
1
0
0
1
1
1
0
1
1
2
1
1
1
1
1
1
1
1
1
1
1
0
2
1
1
2
1
1
1
2
2
1
2
1
1
1
0
2
1
1
0
1
1
1
1
0
0
1
0
1
1
1
1
0
1
0
1
1
0
1
1
-1
1
0
0
1
0
1
0
0
0
0
0
0
0
1
1
0
0
0
-1
-1
0
0
0
-1
0
0
0
0
0
-1
-1
0
0
0
1
-1
-1
-1
-1
0
0
-1
-1
0
-1
0
-1
0
0
-1
0
-1
0
0
-1
-1
-1
0
-1
0
-1
-1
0
-1
0
-1
-1
0
-1
-1
0
0
-1
-1
0
-1
-1
-1
-1
0
-1
1
0
-1
-1
-1
0
-1
0
0
-1
-1
-1
-1
0
-1
0
-1
0
0
0
-1
0
0
-1
0
-1
0
0
0
0
-1
0
-1
0
0
0
1
0
0
0
0
0
0
1
0
1
0
1
0
0
1
0
1
0
0
0
0
1
0
0
0
0
1
0
0
0
0
-1
0
0
0
1
0
0
1
0
0
-1
0
0
0
0
-1
0
0
0
0
0
0
0
