SAMPLES:	10192
BITSPERSAMPLE:	16
CHANNELS:	1
SAMPLERATE:	16000
NORMALIZED:	FALSE
7
-4
-4
7
-2
-6
5
2
-7
2
4
-7
0
4
-7
-5
4
-5
-8
2
-4
-9
-1
-2
-11
-5
-3
-10
-9
-1
-9
-9
-2
-6
-10
-4
-3
-10
-5
-1
-8
-6
0
-5
-7
0
-3
-9
-2
-1
-8
-4
1
-7
-5
3
-2
-4
2
3
-7
5
3
-4
3
5
-1
-1
7
-1
-3
7
2
-3
5
6
-5
5
8
-2
3
10
2
1
12
3
1
8
5
-1
6
8
-4
5
7
1
1
9
1
-1
8
3
0
5
7
-2
4
7
-1
2
5
1
0
4
4
-2
5
6
0
3
7
1
3
8
3
2
7
6
1
5
7
1
2
8
-1
-1
6
-1
-1
3
3
-5
2
3
-6
-1
3
-6
-3
2
-5
-3
-3
-2
-10
0
-2
-9
-1
-1
-7
-3
0
-7
-3
-1
-3
-8
-2
-3
-12
-6
-5
-16
-6
-13
-9
-11
-8
-7
-14
-2
-9
-8
-7
-1
-11
-1
-5
-5
-6
-2
-3
-6
1
1
-6
4
1
0
4
4
4
0
10
0
2
4
3
-3
1
3
-7
4
0
-1
1
2
2
-2
10
1
4
6
4
4
2
5
1
-2
5
-3
-1
4
0
2
3
8
3
6
9
7
6
13
6
5
11
4
7
5
7
3
5
5
2
3
2
1
-3
2
-5
0
-5
-2
-5
-2
-4
-7
-2
-6
0
-6
0
1
-4
4
-1
4
4
2
9
2
8
1
5
3
1
2
1
-1
-1
-1
-3
-3
-3
-2
-5
2
-4
-1
0
-4
2
-3
-2
-4
-4
-3
-6
-5
-4
-6
-2
-4
-1
0
-3
2
2
3
0
7
-1
6
2
4
1
1
3
-4
3
-1
-4
-1
-3
-3
-3
-2
1
-6
1
-2
-3
4
-1
3
5
-1
4
-1
4
-2
2
1
-3
6
-4
2
2
-1
-2
1
-2
-1
-3
3
-5
-1
1
-10
6
-5
1
7
-6
13
-6
9
5
2
10
-1
8
-6
11
-4
1
10
-9
9
-2
-5
9
-10
5
-1
-2
1
-11
5
-14
1
-6
-9
4
-12
3
-9
-6
-6
-11
-5
-7
0
-8
2
-9
-3
-1
-18
5
-14
-5
-2
-16
3
-20
0
-7
-14
6
-13
-5
5
-9
4
9
-1
14
6
14
2
15
9
3
18
-1
6
4
3
4
5
2
6
-3
17
-5
7
15
-3
5
12
-2
17
11
8
15
4
16
-4
23
0
22
19
0
25
0
13
7
2
6
-2
2
-2
3
-8
6
-22
4
-6
-14
7
-9
1
2
-2
-6
3
0
-10
19
-12
-3
13
-25
22
-19
8
-4
-16
9
-26
5
-8
-22
7
-35
2
-19
-22
15
-33
18
-5
0
13
-6
18
-10
9
7
-19
25
-25
-5
0
-38
5
-32
-9
-17
-10
-8
-8
-3
-3
1
1
9
-11
13
-15
10
11
-10
22
-17
18
-12
-9
28
-34
16
2
-27
27
-12
4
7
-3
3
-12
17
-24
5
-4
-19
7
-14
-10
-4
-7
-16
-8
2
-24
3
-20
0
14
-9
40
9
33
41
29
66
33
70
45
83
61
34
125
31
85
51
48
21
-42
25
-57
-77
-74
-101
-116
-134
-119
-112
-96
-72
-38
1
8
18
49
86
37
100
70
59
26
-18
-27
-69
-104
-110
-144
-170
-166
-242
-204
-214
-244
-228
-162
-180
-122
-55
7
58
191
281
254
429
366
398
458
391
435
356
285
255
186
149
119
10
40
6
-77
-48
-139
-173
-129
-219
-229
-220
-240
-214
-262
-210
-144
-192
-109
-107
-125
63
-92
-12
100
20
98
45
103
92
86
158
135
125
216
271
176
225
340
304
288
303
249
268
217
141
105
25
-34
-259
-252
-342
-436
-485
-513
-460
-535
-463
-505
-511
-354
-457
-378
-275
-310
-282
-336
-154
-299
-233
-55
-264
-95
-124
-141
-72
-143
-53
-166
-73
-67
-65
-108
-17
128
115
173
273
475
422
437
474
485
571
461
405
462
248
200
220
164
140
100
17
41
9
-159
-127
-188
-298
-308
-368
-380
-435
-426
-397
-324
-244
-93
104
204
459
512
606
847
855
1012
997
905
1028
715
611
510
382
115
-148
-234
-380
-579
-705
-592
-703
-691
-685
-574
-487
-460
-308
-213
-1
36
17
325
424
520
541
670
776
716
725
859
838
713
720
606
559
343
342
100
99
35
-82
-61
-118
25
-123
-147
-33
-26
41
-2
23
63
-120
-194
-221
-586
-514
-963
-1214
-1197
-2020
-1545
-2217
-2195
-1868
-2381
-1517
-1953
-1216
-883
-925
137
-302
605
639
628
1137
578
1039
455
361
471
-33
3
-316
32
-227
-472
48
-1
-48
65
314
134
80
39
-5
-104
-298
-481
-532
-684
-691
-612
-654
-379
-362
-71
246
341
914
909
1357
1884
1718
2259
2341
2481
2520
2540
2471
2488
2172
1886
1756
1141
1083
427
63
-64
-1245
-872
-1664
-2090
-1894
-2643
-1979
-2605
-2611
-1875
-2324
-1425
-1337
-786
-34
-243
564
980
1157
1659
1727
1926
2047
1864
2052
1867
1480
1389
745
581
232
-654
-634
-1466
-1783
-2170
-2689
-2680
-3103
-2940
-3148
-3088
-2702
-2532
-1872
-1842
-898
-436
-292
386
790
1494
1401
1591
1938
1701
1690
1529
1360
1468
834
555
611
172
231
68
-89
111
-115
-18
49
118
21
-165
-13
-13
-383
-334
-393
-476
-335
-428
-68
565
489
1442
1961
2674
3844
4057
5813
6097
6775
7769
7582
8561
8083
7891
7871
5992
5370
3206
1529
-533
-3311
-5180
-8226
-10323
-12512
-14486
-15736
-16775
-17393
-16929
-16413
-15367
-13431
-11270
-8852
-6191
-3227
-313
2111
4959
7209
9118
10780
11796
13179
13289
13502
13462
12676
11910
10736
9403
7815
5896
4011
1866
-462
-2376
-4384
-6591
-8377
-10078
-11261
-12173
-13101
-12770
-12477
-12195
-10692
-9431
-7560
-5599
-3369
-601
1136
3557
5794
7335
9058
10062
11251
11525
11146
11469
10604
9734
8702
7236
6116
4338
2746
1419
-141
-1673
-2981
-4246
-5183
-6142
-6969
-7373
-7679
-7276
-7542
-6827
-5816
-5474
-4075
-2861
-1584
-286
728
2561
3430
4554
5899
6518
7586
7683
8522
9063
8851
9328
8950
9016
8521
7723
7660
6329
5323
4105
2357
887
-1623
-3489
-5427
-8138
-9958
-12453
-13833
-15510
-16960
-16877
-17412
-16761
-15695
-14274
-11943
-9915
-7067
-4049
-1358
1622
4463
6781
9329
10860
12446
13666
13850
14462
13906
13350
12604
11016
9874
7644
5828
3782
1151
-794
-3340
-5754
-8043
-9828
-11818
-13170
-14317
-14584
-14555
-14678
-13064
-11788
-9789
-7238
-5095
-1853
465
3312
5763
7668
10062
10943
11929
12685
12407
12306
11613
10483
9519
7727
6100
4749
2704
1027
-981
-2685
-3879
-5770
-6660
-7516
-8358
-8708
-8858
-8223
-7573
-6831
-5595
-4241
-2722
-955
778
2727
4572
5992
7523
9093
10614
11522
12306
13192
13482
13373
13086
12710
11553
9973
8317
6297
3656
792
-2149
-5181
-8466
-11618
-14479
-17019
-19358
-21239
-21921
-22362
-22215
-20982
-19367
-16670
-13892
-10764
-6650
-3246
786
4139
7392
10774
12825
14721
16102
16871
17206
17008
16316
15489
13988
12327
10544
8613
6624
3938
1497
-823
-3678
-6151
-8884
-11220
-13031
-15475
-16715
-17405
-17849
-17074
-16583
-14661
-12099
-9789
-6402
-3278
297
3732
6516
9612
11713
13208
14671
15044
15106
14495
13351
12351
10486
8545
6730
4635
3004
974
-883
-1996
-3684
-4790
-5679
-6452
-6746
-7257
-7202
-6917
-6592
-5754
-5032
-3910
-2710
-1427
-64
1366
2968
4479
5734
7026
8430
9712
10455
11372
12196
12065
12572
12191
11822
11047
9121
8294
5878
3215
974
-2649
-5181
-8979
-12644
-15083
-18490
-20822
-22689
-24037
-24094
-24223
-23118
-20594
-18498
-15160
-11377
-7729
-3213
108
4105
7937
10619
13351
14942
16729
17792
17892
18072
17661
16937
15462
13954
12145
10181
7591
4814
2362
-1035
-3772
-7185
-10048
-12212
-15137
-16836
-18409
-19039
-18522
-18689
-16668
-14439
-12056
-8745
-5538
-1385
1987
5213
8769
11096
13154
14896
15355
15843
15421
14246
13049
11172
9534
7359
5032
3525
1290
-669
-2149
-3438
-4780
-5992
-6487
-7026
-7365
-7685
-7308
-6810
-6300
-5341
-4317
-2782
-1740
163
1632
3521
5446
6599
9198
10052
11957
12917
13558
15251
14453
15055
14241
12828
12207
8909
7614
4013
441
-2331
-7219
-9971
-14327
-17597
-19948
-23132
-24193
-25226
-25033
-23944
-22253
-19449
-16106
-12648
-8599
-3890
-343
3649
6988
10192
12852
13789
15745
16571
16866
16510
15842
15968
14410
12967
11850
10126
8051
5476
3160
529
-2511
-5777
-8833
-11246
-14247
-16501
-18343
-19480
-19378
-20087
-18758
-16424
-14704
-11431
-8424
-4427
-497
2142
6584
9690
11436
14177
15414
16239
16370
15615
15391
13588
11607
10123
7593
5613
3331
1025
-476
-2663
-3849
-4995
-6377
-6324
-6724
-6905
-6548
-5981
-5008
-4185
-2952
-1615
252
1653
2948
5366
6620
8433
9951
11183
13001
13160
14452
14894
14291
14701
12841
11908
9636
6791
4921
68
-3043
-6966
-11924
-15048
-19560
-22452
-24919
-27905
-27766
-28468
-27473
-25106
-23000
-18684
-15191
-11283
-6098
-2214
2089
5996
8713
12177
13808
15386
17197
17246
18125
18000
17301
17142
15849
14898
13140
10813
8949
5998
3002
-339
-3724
-7083
-10651
-13847
-16801
-18709
-20916
-21909
-21548
-21332
-19559
-17376
-14239
-10469
-6935
-1952
2273
6319
10873
14144
17084
19719
20853
21901
21592
20497
19276
16549
14414
11277
7770
5196
2015
-790
-3304
-5288
-6617
-8210
-9149
-9289
-9565
-9626
-9150
-8780
-7516
-6410
-5661
-3693
-2241
-95
2089
3892
7146
8999
11860
13741
15620
18466
18179
19349
19222
18060
16427
12873
11213
5996
786
-3006
-9070
-13856
-19607
-23711
-26796
-30582
-32071
-32517
-32161
-30482
-28183
-24889
-19867
-16161
-11569
-5918
-1505
3340
6380
10849
14431
15761
18771
20077
21413
22093
21722
22629
21617
20087
18706
16634
14358
11068
7295
3959
53
-4705
-8716
-12830
-16294
-19758
-23048
-24376
-25905
-26361
-25860
-24359
-21491
-18901
-14875
-10124
-5178
14
4716
9972
14589
18282
21170
23466
24984
24918
24098
22757
20927
17793
14249
11170
7692
4104
514
-2177
-4551
-7292
-9203
-10271
-11083
-12078
-12469
-11742
-11287
-11100
-9403
-8063
-6117
-4194
-2014
1766
3996
7191
10772
13805
17430
19744
21818
23687
23792
23558
22043
19480
15561
10591
5212
-690
-7564
-14222
-18969
-23097
-27277
-30352
-32155
-32510
-32181
-30586
-27275
-23823
-19450
-14711
-9460
-4285
54
4322
8646
11613
13791
16098
17758
18681
18582
19109
19406
18436
17518
16600
15489
13482
10630
8859
6003
2373
-1166
-4697
-8019
-11862
-15308
-17953
-20305
-22221
-22934
-23274
-22597
-20664
-18876
-15604
-11925
-7952
-3224
638
5680
9933
13043
16797
19356
20770
22108
22320
21665
20504
18491
16619
13878
10472
8272
4924
1904
-74
-2716
-4421
-6188
-7387
-8066
-9223
-9273
-8782
-9295
-8595
-7494
-6525
-5178
-3598
-961
1439
3973
6515
9674
13063
14679
17236
18725
19490
19195
17107
16257
12190
7744
3494
-2540
-7642
-13637
-19079
-23615
-27880
-30478
-32053
-32606
-31749
-29495
-26765
-22308
-18184
-13303
-7761
-3656
1458
5378
8885
11694
13447
16008
16669
17006
17476
17888
17632
16401
16192
15567
14116
12082
10581
8821
5449
2312
-425
-3618
-7774
-11258
-14041
-16513
-19147
-21116
-21362
-21657
-20719
-19092
-17215
-13402
-10154
-6331
-2027
1881
6693
10183
13293
16676
18468
19573
20453
20405
19602
17888
16066
14344
11210
8412
6166
3509
1260
-954
-2893
-4517
-5741
-6799
-7689
-7660
-8344
-8126
-7765
-7246
-5961
-4812
-2626
-369
1751
4714
7483
10948
13416
15363
17875
18290
18817
17811
16149
13325
9416
5393
431
-5676
-10445
-15658
-20822
-24267
-27842
-30062
-30696
-30569
-28546
-26335
-23045
-18122
-14256
-9026
-4308
52
4891
7924
11018
13338
15298
16653
16575
17304
17296
16976
16590
15799
15359
13977
12735
11415
9449
7197
4215
1709
-1270
-5189
-8742
-12343
-14959
-17674
-20636
-21961
-23039
-22762
-22188
-21146
-17755
-14991
-11226
-6806
-3118
2342
6176
10344
15149
17073
19889
21702
21563
22071
20598
19147
17541
13836
11296
8308
4755
2703
-146
-2605
-4030
-6114
-7213
-7649
-8785
-8598
-8646
-9000
-7922
-7818
-6992
-5096
-4190
-1920
572
2664
6216
9233
12377
15226
17534
19673
20672
20475
19630
17655
14187
10012
5593
-403
-6202
-11517
-17267
-22400
-26663
-29550
-31308
-32536
-31765
-29992
-27635
-23374
-19395
-15067
-10065
-5388
-785
3297
7054
9940
11981
14608
15938
16307
17247
17729
18117
18026
17705
17268
16071
15064
13876
11514
8735
5852
2255
-1550
-5274
-9883
-13259
-16643
-19919
-22209
-24604
-24596
-24291
-23972
-21014
-18238
-14750
-10096
-5473
-316
4682
9140
14119
17853
20304
23013
23769
24036
23555
21454
19820
16806
13659
10738
6850
3844
1354
-1471
-3674
-5272
-6935
-8008
-8819
-9129
-9020
-9674
-9447
-8639
-7881
-7156
-5592
-3825
-1709
717
2882
6856
10284
12417
15896
17997
19860
21617
20124
19834
17779
13317
10412
4952
-1222
-5553
-13005
-18131
-22662
-27747
-29268
-31700
-32206
-30400
-30300
-26761
-22400
-18846
-13302
-9522
-4432
409
3202
6875
9663
11952
14254
14444
15195
15901
15738
16451
16254
16030
15360
13782
13069
12056
9806
7287
4579
2099
-1385
-5600
-8799
-11151
-14318
-17484
-19269
-20912
-21712
-21684
-20406
-17660
-15974
-12627
-7929
-3867
1311
5325
9723
14858
17274
19781
21737
22150
22879
21211
19598
18007
14432
11703
8729
5345
2872
35
-2484
-4132
-5825
-7209
-8318
-8987
-9489
-9594
-10416
-10357
-10077
-9466
-8428
-7559
-5616
-3295
-1178
1605
4778
8202
11529
14490
17712
19021
20992
21871
21524
19314
16287
13345
9029
2893
-2911
-8126
-14285
-20298
-25129
-28547
-30827
-32376
-32136
-30581
-28788
-25678
-21677
-16036
-11201
-7160
-2749
1857
5738
7693
10443
13567
15040
15582
15905
16862
17297
17149
17669
17787
16667
15146
14237
12888
10867
7664
4732
1882
-1923
-6087
-9476
-12416
-15443
-18330
-20971
-22458
-22966
-22651
-21228
-18725
-16013
-12512
-8207
-3119
2243
6427
10528
15491
18202
20272
21756
22000
22379
20568
18321
16405
12930
10235
7440
4141
2256
-777
-2820
-3724
-5625
-6649
-7905
-8254
-8194
-9885
-10691
-10487
-10546
-9922
-9811
-8441
-6615
-4715
-1880
1260
4258
8338
11689
14184
18620
19160
21486
22388
21350
20185
15624
12430
9660
1790
-2764
-7918
-14543
-18938
-24502
-27518
-28727
-30880
-29885
-28369
-27251
-22751
-19755
-14714
-9175
-6849
-2031
2154
5045
7499
9330
12495
13682
13868
15174
15372
15731
16101
16263
16368
15367
14442
13617
11647
9704
7176
4110
1728
-2031
-6086
-9194
-12198
-14930
-17821
-20448
-21826
-22133
-22332
-21235
-18804
-16560
-12539
-8626
-4226
1369
4639
9574
14401
16417
19305
20566
21019
21409
19656
18249
16311
13071
11271
8205
4766
3528
1257
-886
-2060
-3954
-4997
-6134
-7245
-7048
-8538
-10059
-9786
-10246
-9873
-9413
-8841
-6771
-4608
-2792
481
4223
7084
11283
13698
16290
19471
19571
21681
21457
17966
16399
11781
8447
4007
-3278
-6176
-12272
-18741
-21367
-25935
-27335
-28064
-29124
-26467
-26062
-23924
-18835
-15617
-10820
-6887
-4284
1211
3384
5438
8693
11001
13266
13082
13995
15895
15633
15990
16654
16846
16247
14656
14463
13058
10606
8191
5578
2760
-407
-5046
-8428
-11106
-14480
-17154
-19925
-21414
-21326
-22530
-21610
-18331
-16901
-13178
-9017
-4874
90
2912
8051
13460
14551
17517
19288
19329
20178
18216
17233
16026
12532
11262
8417
5021
4142
1777
85
-927
-2825
-3966
-5218
-6122
-6027
-7870
-9023
-8680
-9978
-10675
-9900
-9400
-7693
-7083
-5454
-1980
-208
4105
7639
10888
14538
15931
19067
20481
20848
21902
19242
16693
13218
7834
4798
-2117
-6513
-10864
-18603
-21731
-25605
-28190
-28088
-29385
-27032
-25571
-24901
-19174
-15522
-11532
-6203
-3426
1447
4043
5498
9293
11299
13109
13856
13343
15006
14961
15175
15626
15606
15668
14173
13690
12557
10605
8578
6388
3680
696
-3838
-8048
-10671
-13926
-16754
-19207
-21635
-21815
-22397
-22252
-18983
-17212
-13550
-9419
-6018
-999
2439
6745
11942
13717
15569
17709
17983
18730
17593
15907
15204
13193
11296
9338
6739
5949
3832
1773
1630
-67
-2167
-3268
-4073
-5169
-7224
-8358
-8467
-10158
-10848
-10690
-9547
-8691
-7779
-5492
-3248
-145
2955
7074
10885
13588
16180
18343
20215
20462
21293
20356
16710
13813
8767
5333
-534
-5815
-8734
-16052
-20498
-23351
-26493
-26596
-27829
-26390
-24104
-23735
-19981
-15781
-12247
-7331
-4589
-1442
2971
3604
6207
8424
10069
12054
10853
12153
13405
13050
14226
14660
15288
14843
13793
13676
12540
10859
8576
6100
3223
-710
-5519
-9154
-11313
-15208
-18184
-20403
-22209
-21975
-23092
-20745
-17085
-16162
-11589
-7590
-4041
1247
3965
9512
13073
13000
16089
16995
17079
17511
15714
14948
13780
10920
9672
7889
5916
5540
3186
1498
1344
-803
-2138
-2878
-4099
-4724
-6796
-8037
-7627
-9617
-9524
-8693
-8098
-6932
-6129
-3715
-1073
1399
4459
8753
11397
14283
15678
17157
19352
18776
19060
17530
13819
10905
4981
2362
-2445
-8858
-11208
-17629
-21477
-24285
-27105
-25527
-26947
-25698
-22919
-22210
-18295
-14253
-10779
-5805
-3047
-655
3448
4338
6917
8915
10096
12436
11349
12359
13613
13450
14958
15260
15635
15071
14103
14138
12561
10896
8644
5903
2532
-1446
-5664
-9133
-11791
-15129
-17766
-20367
-21578
-21322
-21301
-19184
-16266
-14276
-10550
-6614
-3125
1173
4738
8925
12248
12826
14808
16366
15973
16664
15903
14600
13330
10772
9465
7855
5638
4741
2970
418
-390
-2464
-4187
-4578
-6367
-6971
-8517
-9821
-9140
-10387
-10153
-8223
-8012
-6090
-4752
-2703
974
3166
6378
10396
12691
15310
17294
17710
20599
19814
18982
18683
14282
11431
7571
2589
-52
-7198
-10680
-14576
-21140
-22972
-25837
-27092
-27017
-28275
-26172
-24412
-22967
-18210
-14818
-10915
-6352
-3695
708
4041
6101
10379
12572
15139
16280
16600
19378
19334
19734
20200
19668
19205
16764
15665
14398
10569
7841
4628
750
-3376
-8166
-11356
-14171
-17423
-20353
-22315
-23365
-23542
-22571
-21599
-18801
-15637
-13546
-8732
-5209
-1583
3443
6331
10747
13135
14085
17345
17958
18335
19052
17233
16416
14845
12301
10583
7781
5261
3097
-222
-2580
-4423
-6984
-8720
-9910
-11267
-12190
-12718
-12841
-11654
-11129
-10146
-7670
-6184
-3845
-726
1346
5026
8097
10209
14067
15772
17890
20238
19938
21297
21516
18210
18598
14971
10486
8944
1788
-293
-6082
-13079
-13521
-21007
-24010
-24987
-29574
-27776
-29943
-29561
-25113
-25347
-20873
-16401
-13892
-7587
-4632
-694
5894
7556
11606
15170
17142
20313
19773
21960
23259
21719
21942
20684
19759
17381
14371
12904
9376
5870
2578
-1712
-4941
-8968
-12955
-15690
-18519
-20967
-22811
-24081
-23855
-22788
-22298
-19709
-16156
-13791
-9616
-5300
-1280
3524
6825
10813
14789
16110
18564
20159
20186
21006
18941
17402
16546
13148
10933
7776
4533
2376
-1344
-3983
-5707
-8216
-10002
-10992
-12095
-12617
-12799
-13059
-11547
-10728
-10229
-7229
-6159
-3695
-376
1079
5124
7153
9880
13419
14731
17900
19406
20005
21141
20663
20002
18406
16606
13365
8869
5613
669
-3444
-9349
-14056
-17040
-22789
-25948
-27561
-29732
-29853
-30551
-28812
-25610
-24148
-20097
-15246
-10968
-6000
-2289
2276
7892
10322
13700
17202
19195
20982
21155
22435
22604
21345
21052
19826
18025
15321
13175
10943
7502
4430
920
-2861
-6087
-9567
-13484
-16237
-18680
-21030
-22687
-23419
-23306
-22515
-21750
-18859
-15308
-13072
-8904
-4384
-298
3968
7121
11250
14717
15889
18230
19265
19321
19314
17568
16180
14460
11927
9098
6348
3765
1346
-1650
-4142
-5191
-7173
-9013
-9759
-10312
-10937
-11202
-10873
-10305
-9655
-8964
-6957
-5313
-3670
-789
1441
4557
7425
10025
13342
15536
18471
19944
20802
22524
21488
21466
18945
16678
14513
8860
5388
222
-4783
-9226
-15979
-18633
-23118
-27557
-28582
-30620
-30265
-30182
-29591
-25400
-22583
-19631
-14045
-10098
-5046
-567
2715
8582
11094
13371
16968
17989
19976
19853
19917
21254
19445
18745
17731
16320
14991
11874
10137
8118
4550
1613
-1667
-4927
-8079
-11988
-15136
-17169
-19863
-21804
-22847
-23069
-22031
-21173
-19670
-15954
-12710
-9741
-4893
-779
3341
7267
10186
14331
16097
16927
19013
18743
18240
17350
15030
13861
11366
7937
6161
3465
920
-1202
-3809
-4583
-6042
-8237
-8269
-8958
-9547
-9409
-9908
-8963
-8304
-8222
-6497
-5100
-3857
-1238
393
3086
5812
7967
10990
13356
15922
17781
18859
20099
20523
19712
18932
17101
14547
11192
6957
3012
-1464
-6456
-10420
-16092
-19067
-22333
-26318
-26772
-28215
-28126
-27358
-26235
-22064
-20231
-17080
-11607
-7936
-3816
87
3898
8088
10781
12754
15552
16973
17962
18330
18255
18847
17757
16861
15828
14363
12957
10549
8708
6425
3697
1284
-2138
-4724
-7218
-10952
-13348
-15212
-17311
-18738
-19870
-19933
-19106
-18671
-16223
-13882
-11754
-7994
-4892
-1366
2174
5070
8235
10373
12502
13526
13946
14843
14193
13132
11691
10605
8815
6064
5029
3293
923
-411
-1757
-2790
-3942
-5008
-4891
-5368
-5935
-5688
-5924
-5160
-4710
-4707
-3593
-2484
-1179
-485
1083
3216
4600
6463
7841
10298
11624
12364
14795
14837
15465
15165
14049
14711
11237
9242
8157
3337
1059
-3003
-6949
-8756
-14765
-15830
-17938
-22443
-21990
-23512
-23678
-22009
-22908
-19250
-17023
-15935
-10658
-8638
-4509
-329
1326
6353
8805
10407
13826
15076
16956
16883
16843
18342
16807
15596
14560
13361
11772
8763
6994
5321
2425
-108
-2679
-4546
-7168
-10236
-11800
-13297
-14852
-16461
-17519
-17014
-16820
-16909
-15595
-13281
-11115
-9504
-6964
-3013
-165
1881
4960
8179
9992
11093
13034
14428
14820
14464
14022
13553
12367
10757
9008
7466
5801
3507
1143
-370
-1596
-3811
-5537
-5906
-6780
-7923
-8626
-7660
-7319
-7646
-6387
-5105
-3761
-2783
-1300
1330
2180
3787
6012
7228
9773
10310
11542
14065
13819
14787
15206
14860
15415
12387
11756
10598
6102
4738
595
-2832
-6603
-11278
-13076
-17764
-21258
-22095
-24777
-25433
-26045
-25435
-22789
-22110
-19264
-15028
-11876
-7882
-4398
-109
4604
6362
9649
13124
14803
16087
16291
18466
18109
16774
17054
16188
15375
12937
11590
10860
7966
5788
3521
1091
-1516
-5024
-7591
-9799
-12570
-15472
-17375
-17939
-19462
-19982
-19836
-18055
-15944
-15539
-11623
-8037
-5446
-1052
1768
6064
9114
10586
14599
15794
16787
17899
17287
17363
16267
14151
12912
11032
8696
6298
3560
1767
-236
-2936
-4554
-5923
-7682
-8944
-9620
-9959
-10375
-10509
-10369
-9204
-8766
-7925
-6136
-4566
-2887
-1038
901
3853
5287
7517
10466
12008
14239
15553
16706
18130
17971
18084
17124
14828
14494
10484
7146
4244
101
-3736
-8927
-12282
-15031
-20263
-22100
-23571
-25630
-25902
-26226
-24113
-22347
-21044
-17081
-13663
-10247
-6036
-3015
1666
5070
7369
10909
12956
15207
16335
17036
18462
17925
17446
17349
16123
15052
12930
11091
9185
6586
4193
810
-1857
-4319
-7605
-10425
-12733
-14452
-16516
-18004
-18160
-18299
-17710
-17159
-14633
-12597
-10947
-6928
-4338
-1115
2482
4558
8498
10474
11522
14598
14877
15611
15906
14530
14959
13149
10579
9994
7456
5193
3180
179
-809
-3089
-5485
-6161
-7754
-8646
-9005
-9939
-9297
-8847
-9059
-7765
-6677
-5324
-3963
-2979
-597
1390
2462
4651
6118
8236
9578
10790
12501
13173
14917
14396
14980
15572
14541
13770
12097
10583
9220
4639
2416
213
-4469
-7771
-11643
-14493
-17126
-21355
-22338
-23165
-25034
-24389
-24196
-22013
-19507
-18207
-13754
-10149
-6796
-3138
192
4976
7295
9225
12532
14376
14834
15160
15696
16595
14556
13267
13340
11504
9773
7703
6528
5392
2737
697
-457
-2241
-4216
-6279
-7543
-8383
-10003
-11740
-11404
-11733
-12058
-11683
-11211
-8655
-8317
-6659
-3718
-1907
759
2264
5014
7435
8394
10101
11315
11824
11846
11461
10547
9979
8201
6107
4815
2306
669
-1840
-3871
-4195
-6473
-7724
-7853
-8277
-8156
-8623
-7610
-6063
-5977
-4840
-3197
-1871
-822
463
2097
3472
4423
5513
7069
7727
8960
9851
10194
11328
11587
12108
12161
11514
12066
11251
10327
9097
7179
6840
3502
732
-370
-3972
-6467
-9895
-12616
-13852
-17962
-19567
-19728
-21646
-21495
-21670
-20425
-17714
-17204
-14105
-10245
-7807
-4507
-1825
2224
5564
6360
9075
11513
12508
12887
13055
14175
13919
12590
12350
12196
11170
9726
8620
8047
6622
4515
2978
1628
-346
-3018
-5171
-6540
-8771
-11032
-12128
-13063
-13300
-14123
-13474
-11401
-10800
-8705
-6081
-3396
-290
1258
4613
7458
8274
10213
11125
11754
11587
10348
9944
8747
6603
4801
3113
1447
-404
-2471
-3432
-3890
-5348
-6139
-6023
-5678
-5932
-6114
-5259
-4526
-4079
-4046
-2995
-1901
-1778
-978
-191
806
2075
2132
3318
5258
5450
6595
7717
8622
10330
9730
10551
11928
10953
11278
10882
10086
9775
7612
6709
5862
2290
1395
-933
-3973
-5634
-9034
-10574
-13059
-16038
-16147
-18607
-19654
-19385
-20206
-18813
-18382
-17064
-14188
-12700
-9873
-6861
-4375
-786
1537
4174
7728
9320
11192
13209
14624
15807
15718
16353
16822
15524
14596
13529
12457
10751
8037
6410
4365
1757
-883
-3344
-4864
-7278
-9576
-10919
-12018
-12947
-13876
-13610
-12972
-12669
-11546
-9914
-8056
-6199
-4272
-1592
471
2451
4396
6215
8016
8979
9635
10360
10516
10333
9691
8993
8209
6960
5524
4122
2915
1469
-359
-1790
-2688
-3933
-5550
-6534
-6906
-7544
-8720
-8481
-8065
-8025
-7276
-6796
-4961
-3910
-2810
-593
679
2369
4119
5266
7697
8403
9110
11258
11774
12512
13101
13270
14724
13300
13187
13275
11573
10918
7392
6638
3657
167
-3102
-6747
-9495
-14173
-17922
-19646
-22906
-25076
-27098
-27181
-26201
-26961
-24872
-21631
-18475
-15452
-11380
-6450
-1121
1867
6566
12014
14758
18060
20058
22995
24299
23799
24800
24286
23077
20817
18585
17184
13678
10642
7689
4591
1331
-2762
-5218
-7702
-11046
-13423
-15652
-16815
-18499
-19726
-19141
-19316
-18554
-17351
-15695
-12979
-10987
-7981
-4304
-1658
1999
4645
7672
10702
12435
14569
15563
16204
16575
15774
14495
13359
11802
9079
6163
4143
1716
-1580
-4304
-5938
-8038
-10324
-11598
-12111
-12573
-13308
-12797
-11610
-10415
-9447
-7564
-5461
-3515
-1271
466
2939
4842
6232
8367
9579
10875
12249
12954
14051
14874
14932
15585
15859
15307
15107
13872
12582
11621
8416
5552
3608
-987
-3716
-8723
-12352
-15018
-20702
-22970
-25160
-27948
-28668
-29894
-28733
-26984
-26102
-22156
-18326
-14326
-9537
-4803
735
5616
9936
14857
18541
21800
24323
25773
27670
27230
26839
26246
24079
22462
18945
16275
13682
9159
6169
2619
-878
-3992
-7986
-10285
-12685
-15498
-17549
-18885
-19514
-20953
-21192
-20659
-19791
-18701
-17670
-14671
-12127
-9749
-6321
-2683
910
4143
7261
10642
13595
15217
16856
18216
18461
18051
16950
15212
13594
10821
7303
5026
1536
-1560
-4471
-7480
-8890
-11303
-12989
-13045
-13885
-13730
-13024
-12503
-10760
-9273
-7999
-5521
-4177
-2276
246
1371
3458
5334
6467
8490
9544
10458
12472
13136
13908
15623
15191
15850
16356
15513
15869
13895
12252
11987
8260
5386
3434
-1149
-3552
-8785
-12495
-14611
-20256
-23107
-24940
-28031
-28816
-30360
-29469
-27345
-27427
-23380
-19001
-15195
-10225
-5447
1006
6708
10496
16439
20880
24080
26830
28235
30494
29939
28595
27810
25514
22898
18859
15658
12997
8037
4374
713
-2820
-5737
-9868
-12531
-14242
-17470
-19309
-20960
-22110
-22212
-24037
-23247
-21750
-21405
-19442
-17336
-13808
-10169
-7494
-2816
1669
5654
9924
13182
16856
20014
21105
22179
22649
22234
20844
17720
15646
12929
8002
4708
1059
-2495
-6074
-9766
-11279
-13426
-15400
-15827
-15961
-15948
-15150
-14008
-12405
-10699
-9151
-6701
-4679
-2911
-314
1423
3253
5637
6823
8926
10450
11495
13613
13751
15633
16267
16303
17036
16770
16596
15695
14262
13471
11583
8839
6864
4151
1374
-2548
-5360
-8629
-11719
-15778
-18390
-20462
-23523
-25468
-26417
-26601
-26697
-26348
-24227
-20998
-18520
-14742
-9521
-4727
22
5120
10561
15689
19047
22579
25933
27551
28220
28096
27492
25756
22782
19798
16573
12493
8179
4324
466
-3482
-6887
-10235
-12718
-15100
-17288
-18679
-19764
-20375
-20750
-20996
-20018
-19006
-18233
-15876
-13998
-11460
-8617
-5634
-1813
1143
4640
8250
10950
14104
16372
17755
19171
19641
19312
18271
16910
14972
12262
8860
6305
3148
-794
-3603
-6326
-8928
-11595
-13193
-14000
-14921
-15752
-15037
-14347
-13688
-12218
-10619
-8516
-6576
-4488
-1992
111
2334
4592
6572
8694
10243
11681
13071
13997
14827
15106
15444
15746
14702
14686
13648
12466
11613
9633
8551
6624
4473
2698
524
-1888
-4081
-6477
-9107
-10776
-14104
-15589
-17252
-19799
-19996
-21149
-21251
-20440
-20516
-17542
-15708
-13414
-9139
-6039
-1675
2215
6334
10557
13967
16927
19772
21625
22401
22892
22243
21324
19189
16724
14057
10711
7315
3669
585
-2524
-5774
-8177
-10293
-12161
-13475
-14859
-15137
-15397
-16044
-15689
-15212
-14482
-13815
-13163
-11317
-9649
-8502
-6228
-3639
-1069
1108
3876
6953
9364
11648
13734
15579
16515
17035
17094
16303
14980
12992
10765
7790
4759
1556
-1919
-4717
-7982
-10505
-12493
-14397
-15352
-16065
-15892
-15422
-14776
-13125
-11481
-9457
-7316
-4981
-2351
67
2238
4592
6894
8769
10447
12106
13080
14144
14708
14680
14975
14171
13959
13166
11486
10933
9225
7854
6812
4569
3993
2101
829
-400
-2395
-2817
-5342
-6354
-7780
-10193
-10858
-13451
-14490
-15429
-17788
-17309
-17879
-18076
-16746
-15919
-13346
-10610
-8770
-4299
-651
2435
7082
9751
13700
16510
17675
20196
20613
20265
19577
17809
16318
13154
10185
7344
4072
798
-2384
-4593
-6960
-8810
-10477
-11229
-11599
-12008
-12034
-11767
-10978
-10376
-10236
-9551
-8033
-7655
-6750
-5536
-4419
-2423
-1560
450
3118
4366
6981
8894
10518
12982
13410
14368
15208
14213
13471
11850
9621
7469
3882
499
-2121
-6131
-9438
-11909
-14658
-16429
-17843
-18430
-17841
-17568
-16213
-13655
-11729
-9062
-5628
-3148
8
2962
5471
8027
9633
11269
13105
13345
13662
14639
14006
13773
13092
12282
11527
10306
8779
8277
6637
5035
4523
2509
1843
569
-958
-1222
-2832
-4033
-3889
-5978
-6327
-7140
-8616
-8533
-10640
-10971
-11127
-13092
-12741
-13186
-13725
-12779
-13004
-11354
-9797
-8936
-5697
-3450
-1183
2229
4819
7895
10523
12211
14741
16009
16317
16922
16223
15406
13790
11915
9834
7365
4989
2446
449
-1924
-3669
-4850
-6177
-6801
-7202
-7482
-7221
-7164
-6805
-6576
-6244
-5815
-5962
-5136
-5519
-5021
-4390
-4758
-2950
-2787
-1645
497
1167
3522
5146
6388
8633
9194
9780
10613
9808
9002
7779
5377
3094
501
-2862
-5266
-8220
-10785
-12256
-14496
-14909
-14784
-15064
-13490
-11896
-10061
-7181
-5289
-2216
680
2480
5116
7126
8700
9806
10678
11234
11490
11306
10752
10580
9857
8645
8221
6817
6160
5110
3647
3106
2121
886
350
-199
-1236
-815
-1908
-1267
-1126
-1665
-480
-533
-379
337
-496
135
-459
-1841
-1884
-3835
-4730
-6776
-8536
-9225
-11299
-12206
-12783
-13043
-12213
-11778
-10006
-7413
-5356
-2102
645
3769
7240
9248
11838
13794
14690
15378
14855
14237
13328
11052
9432
7057
4803
2932
535
-675
-2216
-3138
-3806
-4339
-4289
-4595
-4469
-4158
-4465
-4541
-4871
-5055
-5412
-6123
-6365
-6702
-6570
-6776
-6265
-5251
-4225
-2817
-1284
491
2693
3827
5363
6795
7092
7564
6973
6300
5156
3126
1006
-813
-3214
-5352
-6997
-8560
-9177
-9778
-10069
-8759
-8091
-6664
-4534
-3171
-611
1180
2735
4703
5414
6586
7213
6812
7172
6089
5594
4883
3754
2974
1792
1405
411
148
-12
-272
-90
34
86
682
1217
1324
2324
2455
3019
4342
4065
5500
5863
6065
7292
6666
7283
7214
5658
5702
4276
2027
726
-2392
-4047
-6571
-9931
-11101
-13426
-15064
-15621
-16434
-15071
-14582
-12996
-9488
-7490
-3885
-447
2978
6748
9044
11835
14179
15010
15780
15640
14886
14039
11785
10149
7951
5672
3888
1621
490
-788
-1896
-2462
-3282
-2992
-3500
-4136
-4031
-4621
-5365
-6342
-7213
-7972
-9363
-10399
-10611
-11331
-11692
-10945
-10241
-9076
-7235
-5606
-3035
-922
1017
3862
5332
6789
8137
8200
8711
8326
7155
6640
4749
3096
1953
-22
-967
-2349
-3425
-3638
-4208
-4375
-4039
-3753
-3197
-2911
-2357
-1741
-1704
-1593
-1366
-1374
-2051
-2283
-2526
-2743
-3092
-3275
-2965
-2909
-2241
-1417
-801
699
1861
2875
4139
4888
6253
7065
7621
8086
8429
8692
8889
9071
8879
9598
9330
9814
9869
9704
10017
9179
8730
7712
5977
4523
2102
-591
-3185
-6595
-9249
-12412
-14842
-16785
-18418
-19421
-19004
-18237
-16956
-14132
-11370
-7929
-4141
-624
3604
6501
9433
12316
13778
14780
15176
14727
13936
12221
10324
8567
6174
3788
1982
311
-1242
-2434
-3375
-3347
-3800
-4127
-3963
-3954
-4105
-4351
-4687
-5017
-5899
-7124
-7709
-8752
-9192
-9793
-10201
-9186
-9103
-7940
-5983
-4593
-2038
-136
2180
4872
6038
7916
9250
9518
10007
9678
8673
7951
6131
4398
3082
747
-599
-2218
-4140
-4515
-5805
-6473
-6344
-6817
-6184
-6063
-5848
-4997
-4672
-4256
-3455
-3384
-2945
-2553
-2576
-1949
-1840
-1335
-530
-6
895
1983
2955
4378
5675
6766
7990
8927
9796
10408
10384
10546
10262
9643
9106
8379
7540
6948
6388
5809
5902
5542
5963
5926
5862
6517
5613
5361
4542
2871
1623
-1591
-3508
-6285
-9843
-12123
-15322
-17127
-18701
-20269
-19845
-19380
-18418
-16172
-13514
-10151
-6884
-3889
-34
3082
5371
7773
9465
10766
10924
10765
10679
9709
8605
7409
6429
5528
4160
3564
3159
2671
2383
1993
2194
1733
1052
526
-127
-1123
-2677
-3794
-5159
-6733
-8138
-9376
-9932
-10485
-10849
-10310
-9266
-8154
-6789
-4628
-2650
-534
1367
3233
5127
6033
7003
7507
7361
7158
6267
5269
4225
2713
1425
262
-989
-2086
-3050
-3580
-3874
-4390
-4510
-4415
-4404
-4235
-4109
-3773
-3498
-3558
-3127
-2819
-2792
-2167
-1970
-1494
-785
-461
650
1087
1897
3306
3771
4739
5442
6054
6901
6779
7023
7481
7024
6891
6758
6413
6531
5907
5902
6218
5862
6139
6896
6607
7118
7680
7061
7704
6706
6209
5887
3317
2415
289
-2521
-4327
-7456
-9684
-11984
-14767
-16046
-17397
-18312
-18409
-18131
-17045
-15254
-13456
-10832
-7634
-5047
-1863
945
3845
6243
8064
10000
10995
11726
11781
11689
11433
10308
9624
8556
7406
6519
5225
4325
3483
2601
1739
1064
53
-461
-1510
-2647
-3002
-4612
-5412
-6453
-7625
-7940
-9243
-9391
-9255
-9698
-8649
-8043
-7027
-5290
-4177
-2117
-544
786
2837
3767
4548
5753
5755
5949
5872
5104
4657
3572
2517
1827
554
-317
-831
-1986
-2472
-2746
-3416
-3447
-3544
-3869
-3741
-4037
-3909
-3660
-3987
-3761
-3571
-3475
-3211
-2943
-2310
-1699
-1009
-115
911
2031
2955
4262
5206
6184
7137
7452
8025
8228
8074
7772
7395
6657
6222
5262
4562
4103
3290
3001
2572
2438
2461
2411
2778
2651
3256
3242
3300
3807
2845
3303
2435
1625
1299
-481
-1042
-2512
-4083
-4915
-6652
-7707
-8601
-9667
-10302
-10586
-10662
-10417
-9896
-9307
-8051
-7094
-5680
-4156
-3015
-1202
-187
1280
2242
3232
4412
4608
5602
5650
6040
6472
6285
6758
6403
6340
6503
6000
5982
5652
5117
4726
4013
3379
2547
1588
637
-375
-1590
-2680
-3736
-4971
-5905
-6877
-7731
-8287
-8834
-9066
-8962
-9028
-8405
-7832
-7082
-5932
-5191
-3901
-2568
-1586
-446
501
1279
2256
2618
3062
3426
3362
3572
3529
3292
3184
3057
2889
2879
2557
2322
2216
1702
1541
1109
516
229
-710
-1177
-1679
-2402
-2756
-3342
-3461
-3417
-3454
-3040
-2310
-1815
-998
72
1047
2108
2780
3660
4569
4716
5178
5302
5201
4993
4630
4364
3768
3456
3097
2915
2727
2814
2909
3021
3461
3611
4192
4451
4613
4881
4472
4499
3971
3067
2649
1081
44
-1051
-3110
-3948
-5695
-7056
-7931
-9628
-9923
-10773
-11379
-11081
-11319
-10613
-9938
-9344
-7639
-6733
-5100
-3290
-1975
156
1534
3317
5105
6351
7740
8853
9694
10482
10784
10807
10794
10256
9551
8675
7500
6315
4882
3480
2047
469
-816
-2337
-3398
-4439
-5746
-6403
-7317
-7904
-8377
-8959
-8953
-9149
-9248
-8856
-8564
-8102
-7216
-6653
-5636
-4459
-3389
-2044
-796
665
1907
3121
4407
5422
6389
6909
7476
7695
7531
7549
6971
6357
5575
4726
3721
2640
1588
597
-359
-1418
-2117
-2953
-3586
-3965
-4474
-4536
-4625
-4635
-4242
-4187
-3502
-3025
-2601
-1581
-1048
-75
750
1311
2564
2916
3664
4426
4446
5183
4886
4870
4867
4024
3796
2943
2157
1525
516
-153
-796
-1414
-1802
-1865
-2025
-1813
-1407
-1084
-247
272
1121
2015
2468
3445
3816
4249
4544
4574
4524
3878
3621
2682
1735
919
-638
-1534
-2953
-4372
-5102
-6530
-7135
-7806
-8433
-8306
-8544
-8019
-7296
-6609
-5479
-4309
-2983
-1434
-62
1380
2786
4047
5183
6043
6855
7361
7570
7727
7467
7195
6612
5799
5243
4084
3157
2284
1030
138
-1001
-1931
-2732
-3721
-4324
-5011
-5693
-6129
-6554
-6790
-6998
-7087
-7007
-6888
-6522
-6159
-5603
-4853
-4228
-3343
-2416
-1595
-630
206
1118
1922
2559
3200
3763
4145
4484
4792
5008
5122
5155
5134
5067
4887
4581
4205
3698
3098
2304
1571
649
-407
-1251
-2258
-2918
-3664
-4282
-4417
-4854
-4668
-4406
-4125
-3531
-3027
-2253
-1698
-1097
-352
112
655
994
1384
1542
1742
2117
2004
2120
2251
2378
2484
2540
2699
2904
2912
3119
3249
3140
3447
3314
3421
3360
3115
3448
3005
2995
3007
2414
2597
2119
1759
1780
845
583
-7
-1074
-1372
-2547
-3614
-4034
-5436
-5880
-6430
-7515
-7077
-7596
-7461
-6554
-6401
-4984
-4102
-2834
-1039
31
1788
3186
4386
5598
6399
7050
7391
7333
7116
6602
5739
4885
3670
2637
1545
372
-464
-1483
-1938
-2457
-2819
-2693
-2919
-2772
-2763
-2659
-2615
-2766
-2773
-3182
-3455
-3803
-4250
-4462
-4768
-4695
-4638
-4357
-3670
-3049
-2012
-951
211
1435
2427
3538
4346
5048
5498
5434
5411
4973
4276
3612
2507
1532
608
-560
-1447
-2233
-2986
-3397
-3811
-4071
-4066
-4177
-3883
-3649
-3521
-3039
-2753
-2384
-1930
-1734
-1228
-780
-679
-152
47
241
610
641
897
988
917
951
884
738
725
487
364
361
57
113
58
33
277
258
626
919
1251
1772
2172
2816
3126
4008
4249
4741
5583
5320
6415
6064
6278
6907
5847
6682
5788
5237
5252
3507
3635
2012
907
290
-1894
-2494
-4266
-5382
-6190
-7760
-7990
-8886
-9163
-8878
-8899
-8008
-7193
-6241
-4705
-3357
-1905
106
1194
2950
4429
5152
6722
6898
7702
7926
7497
7742
6742
6298
5521
4416
3752
2428
1790
905
-94
-478
-1264
-1634
-2149
-2609
-2773
-3335
-3632
-4073
-4478
-4946
-5568
-5706
-6415
-6640
-6651
-6960
-6460
-6399
-5747
-4748
-4231
-2752
-1654
-637
857
1872
2974
3862
4413
5003
5093
4910
4678
4230
3361
2545
1736
533
-319
-1408
-2153
-2759
-3625
-3817
-4276
-4422
-4305
-4405
-4103
-3884
-3653
-3293
-3013
-2727
-2458
-2178
-1877
-1600
-1496
-1079
-646
-548
111
517
1057
1622
2101
2798
3054
3696
4073
4194
4602
4384
4491
4346
4048
4109
3508
3367
3235
2835
2882
2783
2854
3018
3149
3530
3810
4190
4520
4788
5194
5201
5325
5433
4852
4755
3970
3225
2694
1138
506
-795
-2317
-2920
-4632
-5312
-6159
-7479
-7405
-8248
-8315
-8026
-8187
-7238
-6812
-6087
-4806
-4052
-2772
-1482
-519
828
1836
2774
3858
4375
5184
5655
5766
6168
5970
5896
5545
5023
4635
3783
3277
2360
1527
775
-165
-846
-1899
-2529
-3185
-4050
-4475
-5158
-5546
-5890
-6370
-6280
-6627
-6562
-6356
-6280
-5747
-5433
-4753
-3995
-3274
-2310
-1427
-485
607
1532
2281
3130
3840
4161
4594
4702
4687
4578
3865
3564
2875
1897
1314
208
-569
-1261
-2306
-2781
-3324
-3874
-3918
-4351
-4295
-4029
-4179
-3764
-3507
-3286
-2836
-2618
-2246
-1800
-1612
-1146
-769
-468
154
524
1107
1761
2284
2938
3549
4096
4664
5121
5425
5646
5907
5778
5817
5630
5151
5055
4352
4103
3715
3080
3051
2370
2235
2141
1875
2103
1898
2276
2356
2368
2750
2662
2857
2826
2531
2535
1829
1404
989
-218
-649
-1692
-2829
-3432
-4772
-5301
-6043
-7050
-6956
-7535
-7674
-7230
-7240
-6490
-5825
-5151
-3959
-3217
-2088
-870
-9
1181
1973
2869
3731
4209
4843
5159
5383
5554
5430
5349
5103
4613
4205
3510
2917
2241
1360
533
-247
-1006
-1882
-2565
-3319
-3947
-4426
-4992
-5126
-5463
-5663
-5535
-5595
-5263
-5010
-4607
-4105
-3587
-2771
-2162
-1297
-596
232
1054
1586
2391
2813
3084
3506
3532
3416
3291
2847
2437
1819
1148
616
-258
-934
-1443
-2098
-2583
-2935
-3162
-3335
-3409
-3284
-3058
-2837
-2498
-2039
-1697
-1247
-846
-460
-188
19
300
383
642
681
753
996
1064
1225
1477
1716
1982
2267
2646
3006
3294
3618
3892
4079
4056
4131
4135
3844
3737
3455
3131
2992
2505
2340
2081
1686
1874
1504
1550
1884
1571
2159
2250
2355
2952
2579
3023
2842
2461
2489
1515
1101
179
-1048
-1725
-3302
-4431
-5480
-6875
-7600
-8594
-9097
-9252
-9574
-9085
-8419
-7851
-6676
-5401
-3999
-2422
-998
642
2109
3272
4523
5469
6140
6611
6803
6938
6605
6236
5875
5185
4514
3678
2964
2254
1274
709
-42
-611
-1177
-1767
-2031
-2597
-2792
-3173
-3509
-3667
-3943
-4064
-4226
-4246
-4217
-4240
-4049
-3860
-3610
-3241
-2904
-2322
-1918
-1339
-716
-282
349
798
1298
1562
1873
2211
2179
2422
2370
2196
2248
1846
1798
1477
913
827
200
-142
-460
-1097
-1282
-1756
-2087
-2200
-2641
-2657
-2685
-2743
-2477
-2399
-2018
-1724
-1423
-809
-473
112
490
952
1581
1739
2220
2494
2693
2947
2848
3036
2918
2864
2931
2742
2868
2696
2601
2781
2575
2631
2602
2527
2599
2367
2438
2338
2139
2087
1891
1865
1653
1541
1485
1363
1500
1465
1473
1745
1722
1943
2146
2062
2344
1994
1974
1768
1158
786
-39
-870
-1787
-2777
-3708
-4718
-5602
-6348
-6927
-7325
-7561
-7365
-7280
-6686
-5942
-5234
-4174
-3209
-2124
-1079
-100
864
1613
2079
2731
3080
3075
3217
3040
2923
2556
2213
1973
1441
1210
837
565
316
104
102
-138
-117
-76
-203
-216
-245
-305
-449
-684
-719
-988
-1214
-1415
-1718
-1858
-2065
-1978
-2036
-2006
-1747
-1558
-1198
-857
-411
-92
244
682
955
1288
1443
1651
1873
1699
1878
1765
1610
1661
1338
1358
1015
830
796
324
224
-142
-545
-827
-1344
-1629
-2167
-2458
-2699
-3146
-3170
-3288
-3237
-3094
-2858
-2303
-1906
-1333
-567
-28
748
1346
1881
2571
2736
3127
3292
3222
3356
3044
2936
2649
2255
2097
1650
1425
1168
861
756
536
438
378
122
215
30
-85
-76
-355
-206
-467
-514
-355
-522
-323
-227
-41
266
467
929
1316
1610
2050
2367
2614
2821
2920
2919
2808
2462
2235
1696
1142
591
-264
-799
-1640
-2354
-2972
-3845
-4236
-4803
-5291
-5443
-5643
-5594
-5571
-5195
-4748
-4241
-3600
-2866
-1918
-1251
-263
634
1190
2110
2680
3179
3758
3901
4175
4297
4146
4164
3938
3629
3357
2877
2484
2032
1468
988
441
-128
-626
-1130
-1613
-2037
-2425
-2755
-3037
-3185
-3339
-3309
-3193
-3196
-2793
-2596
-2255
-1640
-1303
-678
-147
392
1061
1364
1968
2414
2511
2970
2856
2984
2930
2469
2667
1919
1698
1384
575
610
-321
-548
-768
-1549
-1336
-1889
-1938
-1833
-2231
-1752
-1912
-1823
-1459
-1447
-1183
-992
-738
-640
-270
-163
96
457
331
931
1013
1018
1548
1402
1690
1819
1714
1986
1724
1688
1731
1377
1294
1021
672
482
100
-164
-457
-813
-1000
-1342
-1476
-1631
-1883
-1931
-2066
-1941
-2040
-1991
-1726
-1748
-1474
-1296
-1058
-725
-636
-193
171
310
774
990
1245
1632
1787
2193
2310
2497
2757
2802
2972
2946
3022
2977
2843
2754
2468
2333
2016
1567
1310
790
315
-209
-828
-1216
-1839
-2468
-2825
-3393
-3793
-4053
-4370
-4322
-4487
-4345
-3978
-3733
-3172
-2700
-2062
-1407
-748
-43
540
1136
1672
2127
2504
2879
3172
3369
3566
3689
3703
3777
3727
3699
3591
3385
3235
2875
2590
2266
1779
1377
854
382
-33
-569
-891
-1306
-1637
-1823
-2016
-2084
-2106
-2063
-1877
-1686
-1400
-1069
-816
-356
-62
335
678
911
1233
1379
1557
1660
1579
1662
1464
1357
1238
828
715
198
-79
-305
-878
-1108
-1596
-2026
-2214
-2709
-2926
-3216
-3495
-3498
-3649
-3611
-3537
-3456
-3225
-2959
-2660
-2381
-2042
-1736
-1338
-1016
-793
-387
-256
-48
165
200
357
330
353
375
290
268
193
69
-28
-115
-272
-391
-529
-773
-898
-1057
-1295
-1389
-1607
-1679
-1730
-1836
-1714
-1728
-1523
-1322
-1102
-718
-499
-21
399
755
1220
1575
1940
2213
2480
2731
2783
2858
2875
2757
2722
2547
2413
2220
2032
1886
1777
1662
1491
1553
1488
1548
1626
1636
1772
1767
1958
1971
1906
1988
1778
1769
1556
1356
1186
772
688
243
82
-159
-496
-505
-879
-795
-1005
-1085
-886
-1046
-784
-736
-598
-330
-223
153
316
652
902
1134
1528
1657
1994
2103
2293
2501
2485
2661
2613
2508
2467
2348
2119
1957
1675
1317
983
612
204
-323
-735
-1260
-1775
-2228
-2787
-3218
-3695
-4095
-4362
-4743
-4931
-4983
-5095
-5032
-4860
-4676
-4438
-4112
-3723
-3326
-2925
-2543
-2064
-1746
-1390
-934
-729
-449
-251
-57
66
-5
53
-95
-256
-396
-723
-941
-1264
-1533
-1731
-2020
-2110
-2267
-2357
-2316
-2239
-2096
-1888
-1678
-1363
-999
-737
-360
-27
247
578
841
1031
1226
1286
1454
1529
1506
1602
1563
1619
1602
1616
1711
1712
1758
1838
1896
1897
1937
1987
1996
1982
1922
1953
1862
1741
1790
1621
1583
1455
1370
1385
1195
1291
1132
1048
1144
971
1097
997
1004
1036
949
1144
1045
1179
1220
1251
1507
1392
1726
1799
1806
2171
1967
2243
2230
2072
2265
1894
1961
1794
1352
1462
976
812
677
247
274
-104
-175
-239
-446
-325
-433
-354
-262
-207
-16
21
293
362
455
653
633
774
710
698
655
455
360
137
-88
-319
-599
-836
-1194
-1390
-1631
-1917
-2084
-2315
-2428
-2594
-2694
-2714
-2795
-2881
-2856
-2865
-2889
-2885
-2907
-2867
-2968
-2928
-2953
-3046
-2964
-3045
-3030
-3049
-3059
-2954
-2969
-2791
-2707
-2556
-2309
-2142
-1816
-1637
-1251
-896
-667
-254
15
345
596
812
1071
1102
1226
1236
1188
1146
944
875
670
422
329
105
-22
-144
-224
-226
-322
-167
-108
-45
212
330
557
747
969
1214
1351
1614
1743
1881
2049
2087
2240
2242
2244
2344
2212
2230
2207
2051
2055
1876
1796
1717
1486
1437
1272
1080
1031
806
770
674
510
587
425
549
553
584
735
706
888
924
1036
1078
1181
1186
1224
1338
1234
1409
1298
1368
1412
1264
1440
1238
1337
1234
1094
1160
831
894
559
424
313
-188
-107
-628
-775
-924
-1405
-1321
-1770
-1816
-1871
-2144
-1998
-2186
-2061
-2020
-1985
-1707
-1746
-1387
-1265
-1069
-699
-645
-289
-86
58
339
436
580
738
719
821
782
704
726
501
426
284
-59
-119
-447
-712
-884
-1271
-1404
-1761
-1922
-2090
-2364
-2371
-2556
-2549
-2573
-2520
-2328
-2298
-1977
-1752
-1481
-1100
-806
-374
-73
301
638
915
1204
1352
1521
1608
1602
1598
1478
1352
1171
946
736
464
208
-16
-241
-491
-617
-819
-931
-967
-1089
-1016
-1055
-1001
-906
-898
-731
-715
-645
-492
-511
-361
-310
-282
-109
-110
93
223
356
606
776
1027
1277
1562
1810
2065
2263
2472
2578
2662
2722
2631
2549
2374
2148
1900
1608
1283
963
610
303
-26
-344
-569
-861
-1067
-1215
-1378
-1464
-1531
-1551
-1486
-1484
-1377
-1254
-1149
-932
-827
-609
-406
-289
8
83
293
489
504
728
693
796
808
762
837
639
663
552
401
363
166
130
-15
-160
-147
-270
-330
-327
-381
-332
-332
-334
-234
-254
-196
-157
-112
-51
-45
0
-19
17
-55
-74
-90
-262
-246
-404
-500
-583
-737
-773
-978
-1033
-1104
-1253
-1221
-1280
-1272
-1233
-1249
-1074
-1038
-913
-704
-676
-439
-307
-229
28
60
194
314
298
460
397
466
499
388
498
363
381
360
233
315
153
201
189
125
257
155
316
275
347
513
391
644
543
617
720
559
711
553
517
466
301
300
129
70
-40
-152
-172
-323
-266
-368
-369
-272
-385
-204
-267
-186
-50
-190
55
-52
-21
121
-50
137
5
-25
70
-137
-63
-152
-255
-208
-357
-349
-426
-509
-517
-623
-623
-663
-700
-672
-684
-649
-562
-495
-427
-295
-172
-32
119
296
454
616
795
876
1032
1112
1149
1260
1134
1198
1116
957
1028
743
690
566
361
332
116
105
14
-126
-73
-178
-170
-118
-190
-125
-134
-108
-84
-70
-29
-66
-17
-48
-40
-21
-36
40
17
28
118
103
189
207
260
326
318
435
407
485
503
498
548
484
524
449
451
389
264
257
123
30
-84
-182
-290
-458
-501
-602
-725
-766
-840
-853
-897
-911
-878
-879
-817
-785
-713
-670
-594
-529
-495
-387
-404
-315
-238
-252
-140
-118
-52
30
21
147
180
206
304
327
379
401
449
475
416
478
413
383
389
271
320
201
123
112
-58
-67
-175
-300
-252
-445
-419
-407
-560
-378
-512
-395
-305
-383
-124
-180
-6
109
113
323
305
424
499
521
618
592
653
623
627
611
545
529
448
397
292
230
158
55
-38
-148
-217
-344
-445
-485
-601
-642
-686
-746
-705
-757
-707
-639
-647
-529
-464
-375
-251
-167
-37
76
134
270
357
406
490
547
573
612
634
632
650
591
568
539
449
407
321
233
194
41
25
-59
-172
-152
-263
-260
-307
-351
-299
-342
-309
-280
-253
-177
-161
-61
-20
33
120
113
221
205
206
280
220
272
252
230
302
226
289
296
286
354
333
408
424
446
492
509
518
507
533
498
480
436
394
378
292
251
196
120
58
-30
-86
-158
-226
-279
-348
-395
-438
-481
-516
-538
-568
-596
-617
-605
-658
-653
-650
-706
-688
-721
-730
-733
-773
-753
-745
-742
-725
-711
-672
-669
-652
-606
-607
-576
-565
-551
-526
-545
-506
-494
-471
-449
-415
-384
-350
-292
-260
-177
-178
-102
-61
-49
24
33
92
112
189
226
247
389
386
483
573
572
706
698
735
786
739
744
723
645
592
540
425
359
279
179
134
40
4
-39
-89
-59
-96
-40
1
18
151
196
306
434
494
633
723
800
910
965
1036
1071
1100
1118
1071
1075
1014
929
884
756
644
547
403
292
173
17
-57
-174
-282
-309
-386
-427
-451
-446
-447
-412
-389
-323
-269
-223
-120
-80
8
57
133
159
178
240
222
218
203
181
121
71
15
-84
-157
-217
-330
-403
-454
-572
-575
-665
-725
-720
-820
-788
-847
-861
-823
-902
-824
-852
-846
-793
-806
-741
-747
-685
-639
-610
-537
-523
-449
-417
-371
-315
-309
-222
-237
-208
-146
-190
-137
-147
-169
-131
-179
-147
-154
-175
-117
-151
-94
-54
-55
36
32
115
169
183
266
284
321
339
360
376
369
369
366
344
323
320
301
271
281
263
251
246
262
279
264
297
330
340
339
386
394
389
413
401
427
401
415
414
391
405
386
410
382
381
393
360
371
352
349
338
303
310
289
262
257
227
210
171
139
111
22
22
-42
-110
-123
-191
-196
-227
-238
-222
-224
-177
-157
-103
-38
1
76
131
171
238
262
290
308
259
261
201
149
92
-25
-60
-194
-262
-332
-445
-470
-567
-602
-664
-671
-685
-708
-654
-679
-620
-567
-540
-450
-407
-323
-277
-197
-137
-95
-26
-19
44
53
61
94
68
74
58
3
3
-55
-85
-132
-172
-206
-280
-269
-329
-344
-350
-381
-375
-371
-362
-307
-305
-264
-192
-179
-82
-39
32
97
151
228
278
343
383
414
448
448
459
444
418
402
339
312
252
193
154
85
36
8
-42
-49
-67
-67
-22
-22
42
96
139
224
283
348
417
468
530
554
610
627
627
648
619
616
572
540
496
426
379
307
249
211
132
102
48
8
12
-21
-24
-21
-21
-22
4
3
-2
-10
0
-24
-57
-72
-103
-139
-169
-200
-242
-262
-288
-304
-340
-345
-365
-383
-379
-391
-388
-397
-396
-387
-401
-368
-369
-372
-342
-363
-324
-319
-304
-286
-276
-252
-237
-203
-193
-156
-143
-117
-91
-94
-53
-51
-48
-23
-46
-34
-25
-47
-36
-44
-56
-41
-50
-36
-41
-48
-19
-42
-20
-23
-36
-15
-35
-35
-40
-42
-36
-46
-44
-41
-37
-7
1
19
51
70
100
132
160
194
216
237
259
262
279
288
269
256
248
230
209
191
187
158
153
146
132
160
159
166
186
203
204
238
249
247
269
256
264
238
229
222
172
166
120
73
45
-10
-29
-77
-106
-130
-150
-153
-163
-157
-138
-117
-88
-50
-19
44
67
116
151
175
210
206
229
209
193
180
132
98
50
-13
-64
-133
-182
-240
-313
-331
-390
-440
-434
-470
-474
-458
-460
-426
-422
-381
-336
-323
-264
-233
-203
-151
-127
-86
-66
-49
-11
-20
-5
-2
-18
-18
-41
-49
-78
-97
-111
-142
-151
-168
-183
-195
-192
-183
-194
-171
-151
-148
-108
-81
-55
-32
14
44
55
98
99
131
133
135
161
135
151
162
148
167
172
176
198
198
214
215
234
235
230
255
234
245
238
237
245
222
247
229
219
233
218
216
202
206
190
165
180
146
135
132
108
108
81
96
87
66
95
79
78
80
87
72
62
73
37
36
20
7
-17
-27
-31
-57
-48
-68
-64
-57
-62
-48
-42
-38
-27
-11
-10
6
13
14
28
21
26
38
19
36
21
14
25
0
9
-6
-4
-11
-29
-27
-46
-49
-75
-82
-84
-117
-128
-136
-155
-177
-186
-196
-223
-227
-231
-248
-242
-243
-247
-237
-235
-233
-214
-208
-190
-168
-163
-136
-126
-108
-98
-95
-83
-89
-88
-93
-105
-105
-106
-116
-109
-107
-106
-96
-77
-60
-50
-18
7
19
44
70
75
91
108
101
95
101
75
71
59
34
36
4
-1
-24
-26
-19
-33
-13
-15
5
17
32
55
73
79
99
121
122
130
141
156
145
170
177
176
187
187
209
196
213
207
190
205
186
183
175
159
148
129
116
93
78
65
40
35
22
4
5
-2
-4
-2
-2
-4
-5
3
-3
-4
1
4
0
1
4
-4
1
3
16
13
12
30
26
28
38
46
39
42
33
27
20
4
1
-32
-38
-61
-91
-107
-136
-144
-168
-186
-188
-221
-230
-220
-231
-221
-225
-199
-180
-172
-119
-107
-64
-34
-7
35
53
74
91
102
109
109
91
94
63
49
22
-14
-16
-79
-98
-132
-172
-196
-223
-238
-265
-273
-284
-277
-278
-251
-234
-207
-159
-130
-70
-21
35
90
145
202
236
279
314
330
349
347
351
331
293
281
231
184
153
100
47
-2
-43
-80
-126
-152
-162
-191
-183
-182
-176
-143
-124
-89
-54
-18
17
52
82
108
136
146
160
165
154
162
142
128
130
94
93
74
62
67
43
57
51
49
60
55
76
82
87
102
98
109
118
107
95
105
92
67
62
37
26
-2
-1
-23
-57
-44
-76
-60
-74
-72
-52
-73
-45
-53
-27
-23
-32
7
-23
-8
-9
-24
-4
-37
-23
-39
-48
-40
-55
-39
-46
-46
-42
-36
-32
-41
-36
-25
-39
-36
-39
-60
-65
-79
-83
-100
-128
-128
-149
-169
-181
-191
-190
-201
-201
-192
-188
-178
-152
-128
-108
-64
-30
12
57
102
144
173
233
255
285
321
320
333
328
318
303
264
224
188
136
86
33
-18
-73
-123
-170
-209
-238
-264
-284
-295
-301
-297
-277
-253
-222
-190
-135
-92
-45
13
78
130
168
243
271
313
351
370
392
392
396
373
353
317
265
209
159
74
3
-67
-156
-220
-303
-351
-404
-458
-470
-497
-498
-477
-448
-402
-359
-294
-225
-156
-82
-16
51
112
159
208
239
263
266
262
260
231
206
162
122
67
12
-27
-83
-133
-182
-211
-248
-278
-280
-279
-269
-257
-230
-186
-140
-90
-33
19
88
142
195
249
282
324
351
356
374
357
345
330
282
255
207
164
113
59
7
-42
-86
-128
-160
-189
-220
-229
-228
-227
-210
-189
-162
-122
-86
-46
8
45
91
122
160
193
207
231
247
246
238
237
226
202
171
148
116
72
50
24
-6
-33
-46
-51
-69
-69
-64
-60
-56
-42
-29
-9
-8
9
25
23
37
14
33
14
-7
-2
-26
-40
-70
-89
-109
-128
-156
-160
-167
-185
-184
-170
-161
-147
-120
-109
-77
-46
-32
3
26
35
64
56
70
61
49
37
13
-1
-39
-64
-96
-128
-161
-182
-208
-215
-242
-239
-233
-240
-205
-189
-165
-126
-84
-45
2
46
86
136
160
190
221
227
248
235
240
225
197
186
146
121
85
57
31
-12
-36
-52
-69
-95
-98
-96
-106
-87
-84
-68
-48
-33
-8
9
19
48
56
59
76
78
76
74
68
56
53
27
21
13
-4
-8
-16
-11
-15
-8
-12
0
20
23
49
44
57
72
72
76
67
81
54
49
56
25
21
5
-8
-7
-30
-32
-33
-42
-38
-42
-31
-41
-21
-17
-12
7
-5
23
27
19
28
40
25
32
33
20
35
23
20
29
18
12
23
17
8
18
18
12
15
29
31
33
45
52
65
54
61
66
57
50
44
23
6
6
-21
-39
-60
-64
-95
-112
-121
-126
-136
-154
-135
-146
-138
-126
-119
-103
-83
-65
-56
-33
-12
2
20
36
42
65
65
66
80
70
77
61
59
53
30
21
7
-4
-34
-34
-52
-73
-78
-83
-96
-99
-99
-99
-87
-104
-85
-66
-65
-63
-38
-28
-20
-2
4
24
33
48
49
63
70
68
75
69
72
67
63
58
48
39
31
21
3
1
-4
-21
-19
-27
-35
-28
-34
-38
-31
-17
-15
-18
8
19
31
42
55
81
84
97
110
119
123
121
130
126
117
110
104
93
80
71
55
43
34
26
9
7
-5
-7
-17
-32
-25
-42
-42
-48
-47
-59
-61
-53
-62
-58
-52
-49
-43
-32
-33
-17
-9
-8
12
21
29
39
45
51
53
49
49
51
41
39
31
16
8
-3
-13
-32
-43
-44
-58
-63
-64
-67
-67
-76
-59
-61
-62
-46
-44
-40
-40
-29
-33
-30
-19
-29
-27
-28
-38
-40
-37
-53
-48
-48
-62
-48
-54
-56
-39
-48
-49
-42
-44
-42
-39
-37
-39
-37
-36
-46
-38
-32
-36
-26
-31
-20
-16
-23
-7
-2
-3
11
13
17
25
31
36
41
52
51
61
62
62
76
73
77
85
80
75
76
70
61
62
50
41
34
23
20
9
4
-3
-2
-12
-19
-3
-13
-5
4
5
9
18
30
26
47
55
54
63
69
68
76
82
72
85
82
66
73
64
54
49
36
28
22
10
8
3
-5
-8
-11
-16
-21
-18
-21
-23
-24
-25
-32
-28
-34
-43
-35
-40
-41
-47
-60
-52
-58
-69
-60
-65
-68
-65
-65
-74
-61
-68
-74
-57
-69
-67
-63
-63
-66
-61
-63
-64
-58
-56
-56
-43
-36
-30
-22
-14
-6
-2
13
16
22
25
27
23
33
35
27
32
20
16
11
-2
2
-13
-18
-10
-27
-20
-23
-27
-14
-14
-4
-8
7
15
15
36
32
46
52
49
65
67
73
72
73
68
62
61
45
43
37
18
16
6
-5
-12
-13
-20
-25
-18
-24
-21
-15
-13
-9
-5
2
1
12
14
16
24
21
24
26
22
25
32
26
26
24
28
30
27
31
27
30
29
26
33
31
27
22
24
23
15
11
11
4
-6
-6
-10
-20
-19
-17
-27
-28
-21
-33
-32
-22
-35
-29
-33
-32
-43
-45
-26
-47
-40
-32
-37
-31
-29
-25
-27
-24
-24
-28
-18
-17
-20
-24
-23
-15
-27
-22
-9
-19
-14
-10
-7
-9
-6
0
-12
1
2
-8
1
-6
-1
-5
-5
5
-6
-1
6
3
8
13
10
11
12
16
15
12
16
5
4
12
4
5
3
3
-3
-4
4
-12
-7
-10
-17
-12
-14
-10
-16
-10
-5
-10
4
6
12
21
26
37
44
46
54
57
62
71
64
68
64
55
55
44
34
24
15
-1
-13
-17
-27
-35
-46
-48
-49
-56
-53
-54
-56
-49
-42
-44
-35
-27
-23
-14
-8
0
3
6
11
13
20
23
27
20
23
31
22
25
29
27
20
20
25
12
15
11
3
10
-6
-5
-3
-16
-10
-12
-14
-8
-14
-9
-4
-6
0
5
-2
0
1
2
3
4
1
-1
2
-7
-2
-4
-13
-8
-14
-10
-13
-11
-12
-12
-5
-11
6
-4
-8
9
-9
-5
-5
-8
-11
-15
-10
-19
-17
-16
-22
-28
-25
-21
-29
-24
-24
-23
-18
-13
-13
-9
5
-2
6
21
13
19
25
26
28
29
34
29
29
32
28
24
21
21
16
8
11
11
6
3
2
1
0
3
0
-2
7
11
6
16
17
17
24
16
27
21
18
22
6
15
11
2
