SAMPLES:	10614
BITSPERSAMPLE:	16
CHANNELS:	1
SAMPLERATE:	16000
NORMALIZED:	FALSE
10
5
-3
3
-10
-11
-9
-11
-11
-9
-2
-5
0
6
2
11
18
7
20
20
5
17
7
0
-1
-2
-10
-11
-15
-19
-15
-12
-13
-8
8
9
16
20
25
23
25
15
6
4
-8
-14
-24
-26
-34
-31
-30
-31
-26
-14
-8
-2
14
14
20
34
22
27
26
19
18
8
6
-7
-9
-13
-28
-22
-24
-27
-24
-20
-17
-10
-5
-6
1
6
3
-1
7
2
-2
0
-7
-5
-10
-11
-15
-12
-13
-14
-8
-10
-6
1
8
7
27
20
22
26
13
3
-8
-13
-26
-28
-33
-28
-24
-25
-13
-12
-1
7
16
21
28
38
37
38
33
23
14
3
-12
-26
-39
-27
-52
-45
-28
-27
-12
-6
18
24
24
42
41
29
36
33
30
14
18
24
11
1
1
-3
-24
-27
-19
-33
-40
-22
-17
-25
-10
-5
-9
-4
8
5
9
29
38
37
39
59
49
30
42
45
24
22
27
18
-3
-11
-8
-31
-47
-32
-41
-46
-28
-27
-16
-3
-3
21
20
31
41
29
18
21
6
-19
-5
-15
-13
-5
10
13
7
14
23
-13
-22
-6
-37
-41
-45
-37
-41
-56
-42
-20
-35
-24
16
-3
9
14
33
7
6
32
3
14
3
14
-3
-12
-7
-18
-14
-19
-11
28
18
17
77
52
36
34
30
4
-19
-37
-24
-56
-51
-61
-60
-26
-82
-52
-28
-53
-61
-38
-25
-29
-9
28
41
55
82
70
81
91
60
59
61
49
15
11
15
-6
-17
-13
-15
-45
-82
-42
-84
-97
-62
-43
-25
-35
33
57
41
62
132
101
75
108
95
48
15
24
-10
-52
-43
-59
-78
-64
-60
-63
-60
-19
-33
-51
-8
17
-8
-4
69
60
46
64
86
56
16
40
-4
-2
-9
-37
-3
-17
-16
-12
-12
-4
-39
-34
-18
-31
-30
-37
15
13
-29
17
32
-10
-24
-13
14
-27
-51
9
17
-26
26
66
64
53
65
74
20
16
11
-37
-42
-42
-70
-77
-80
-46
-63
-45
1
-5
-6
17
35
16
13
38
47
-14
25
35
-7
-12
23
24
-7
30
43
39
49
39
47
26
-14
-6
-3
-42
-48
4
-22
-34
-30
-19
-72
-78
-74
-100
-106
-81
-48
-28
18
71
117
121
143
128
96
56
14
-23
-78
-111
-131
-131
-137
-115
-98
-37
16
33
94
138
147
131
133
117
69
62
34
28
14
-17
-11
-29
-102
-97
-122
-183
-199
-196
-181
-178
-132
-62
-1
46
111
179
209
217
239
222
184
192
131
80
74
18
-16
-41
-64
-85
-130
-130
-151
-210
-200
-165
-196
-158
-72
-66
-24
58
134
145
188
254
210
216
168
140
86
-29
-9
-62
-103
-144
-98
-71
-92
-55
12
-26
-43
3
-38
-30
6
-18
-11
25
15
-29
-1
15
-32
-18
-47
-38
1
-31
8
74
54
72
103
120
50
79
114
26
17
33
27
-28
-54
-10
-42
-66
-68
-58
-42
-110
-90
-60
-83
-71
-18
-11
25
48
50
74
101
95
68
60
31
-11
-51
-69
-72
-87
-73
-29
17
-4
33
86
76
56
33
69
6
-42
-56
-57
-80
-96
-67
-77
-43
-18
-30
13
50
18
12
68
52
-6
68
95
-4
23
97
3
-37
15
-14
-86
-40
-11
-48
-41
8
-23
-13
-2
-17
-3
-38
-48
-39
-56
-85
-23
-19
-15
-8
42
66
28
60
60
20
35
8
8
18
-3
57
26
27
52
14
24
8
-44
-12
-67
-90
-44
-81
-85
-45
-8
-5
4
58
92
46
147
150
80
130
103
110
52
10
0
-10
-59
-82
-73
-59
-95
-98
-74
-86
-88
-80
-22
-85
-29
5
-27
52
65
65
127
104
109
151
100
113
87
49
67
-2
-31
-31
-61
-92
-117
-120
-128
-134
-142
-120
-137
-107
-47
-89
-11
20
55
97
116
181
204
149
176
201
139
98
118
90
13
37
-11
-58
-70
-70
-104
-156
-122
-157
-178
-143
-149
-122
-49
-34
-8
2
37
105
28
113
99
64
94
46
27
16
14
-12
-19
-16
-23
-49
-12
-84
-49
-20
-75
-39
18
0
31
64
49
95
81
26
64
-6
-21
-2
-36
-33
-63
-32
-50
-41
-16
-35
-49
1
-53
-33
-36
-58
-31
-32
-19
3
27
20
14
68
21
-2
65
46
5
-9
42
42
-40
17
53
22
-23
0
40
-39
-52
7
-24
-65
-30
-56
-18
-19
-44
9
17
37
4
44
80
-26
28
-11
19
-24
-41
14
16
-22
-27
16
8
-97
-9
-31
-66
-81
-14
19
-92
22
6
1
41
46
30
38
49
23
23
13
48
44
28
59
54
42
33
78
86
-8
87
39
-46
-14
-107
-67
-125
-112
-90
-186
-86
-98
-108
36
12
45
63
26
25
28
23
-12
-38
16
-92
-109
-73
-44
-154
-79
12
-50
-26
-83
46
-66
-21
54
-76
25
-65
-128
-66
-80
-81
-60
18
68
96
174
291
304
277
412
358
340
423
285
245
263
160
139
14
15
-12
-285
-167
-209
-287
-306
-296
-138
-203
-94
62
60
123
234
287
308
330
450
356
346
469
326
259
182
107
-21
-135
-161
-295
-299
-429
-546
-434
-512
-504
-518
-495
-439
-442
-315
-233
-139
-59
32
106
189
355
364
419
530
518
488
458
460
289
155
145
-8
-141
-266
-328
-457
-610
-680
-697
-785
-856
-844
-770
-651
-692
-575
-373
-336
-172
25
194
349
424
526
610
613
613
630
530
499
312
267
245
-31
20
-59
-192
-210
-330
-415
-356
-499
-389
-445
-385
-251
-371
-217
-65
46
63
306
426
431
554
564
542
596
543
477
501
476
329
309
241
189
147
141
189
118
162
97
185
230
177
273
190
255
122
187
201
63
57
-50
-83
-234
-258
-208
-364
-306
-326
-354
-350
-311
-213
-328
-269
-131
-114
-204
10
85
75
227
299
398
368
311
371
289
243
68
11
-93
-214
-233
-425
-375
-609
-646
-703
-805
-598
-863
-654
-576
-712
-445
-375
-333
-106
42
90
313
326
519
536
504
657
603
769
737
743
843
768
755
795
712
560
612
530
427
349
386
373
234
258
214
127
-59
-188
-183
-574
-568
-802
-1206
-1056
-1807
-1685
-1920
-2309
-1895
-2446
-1937
-1784
-1708
-997
-1153
-355
-235
39
732
665
1208
1258
1491
1665
1731
1773
1780
1766
1688
1540
1340
1241
967
743
454
127
-325
-485
-903
-1064
-1123
-1211
-1114
-1099
-1242
-810
-897
-705
-291
-619
79
28
168
805
583
1538
1710
1859
2898
2320
3302
3023
3162
3730
2854
3248
2632
1972
2082
672
684
-390
-1403
-1788
-3055
-3316
-4056
-4793
-4779
-5234
-5334
-4958
-5065
-4229
-3953
-3363
-2212
-1721
-615
474
1187
2306
2717
3313
4001
4037
4579
4554
4325
4292
3817
3528
3113
2476
2011
1331
536
-130
-844
-1469
-2245
-3255
-3667
-4212
-4918
-4951
-5207
-5206
-5283
-5226
-4702
-4353
-3605
-2680
-1836
-861
-48
734
1599
2335
2778
3366
3686
3959
3887
3692
4064
3303
3387
2682
2431
1880
1056
1026
-18
-225
-909
-1316
-1441
-1793
-1867
-2126
-2172
-1944
-2488
-1675
-1850
-1042
-616
-480
797
691
2390
2615
4111
5014
5626
6353
7270
7246
8253
7975
7864
7809
5922
6058
3516
2755
727
-1230
-2606
-5464
-6961
-8304
-10180
-10536
-11765
-11499
-11704
-11624
-10387
-9328
-7973
-6271
-4523
-2765
-894
84
2124
3253
4366
5540
5834
6798
7011
7068
7723
7621
7857
7337
6851
6461
5413
4490
3494
2463
722
-819
-2345
-3966
-5583
-7108
-8049
-9176
-10079
-10446
-10199
-10063
-9358
-8329
-7135
-5566
-4504
-2681
-751
576
2286
3429
4704
5897
6221
7127
7471
7465
7668
7248
7294
7072
6395
6056
5175
4295
3416
1949
874
-221
-1463
-2570
-3632
-4443
-4991
-5804
-6257
-6231
-6499
-5959
-5788
-5198
-3982
-3289
-1645
-279
1193
3418
4881
6383
8348
9347
11021
12055
12413
13464
12715
12884
11803
9977
8845
6075
4160
1315
-1901
-4443
-8065
-10759
-13025
-15726
-16969
-18489
-19025
-18567
-18438
-16783
-14666
-12775
-9702
-7179
-4114
-943
1156
3833
5902
7794
9897
10903
12132
13032
13141
13727
13483
13150
12415
11063
9915
8120
6010
4131
2062
-62
-2467
-5042
-7169
-9024
-11056
-12678
-13425
-14327
-14595
-14780
-14528
-12986
-11945
-10201
-8040
-5922
-3196
-1298
757
3622
5402
7296
8772
9788
11066
11126
11370
11477
10892
10595
9504
8494
7543
6050
4442
2762
1078
-150
-1599
-3398
-4196
-5387
-6648
-7427
-8033
-8143
-7977
-8147
-7318
-6871
-5854
-3837
-2732
-538
1521
3450
5739
7437
9116
11392
12366
13524
14518
14718
14991
14698
13421
13234
10848
7672
6144
1802
-751
-4732
-8796
-10473
-15405
-17841
-19078
-21130
-20861
-21651
-20911
-18762
-18130
-15408
-12190
-9581
-6157
-3428
-335
3022
4873
7576
10338
12068
13597
14834
15792
16303
16128
15609
15337
14128
12142
10195
7824
5331
2603
-588
-2939
-5921
-9110
-11456
-13749
-15137
-16231
-16925
-16751
-16487
-15856
-14255
-12412
-9705
-6960
-3995
-926
1322
3929
6324
8641
10574
11745
12686
13058
12731
12374
11561
11181
10155
8752
7448
5881
4229
2443
936
-449
-1841
-3482
-4823
-5942
-6808
-7926
-8383
-9007
-9079
-9326
-8560
-7540
-7048
-5037
-3987
-1474
602
2548
5871
7355
10331
12027
12892
15038
14959
16383
15869
15051
14756
13438
11529
8898
6252
3748
-19
-3959
-7330
-10164
-14210
-17466
-19886
-21253
-22415
-23522
-22139
-21152
-19768
-18118
-15247
-11411
-8725
-5562
-1928
1513
4030
6230
9481
12092
13730
14955
16669
17704
17287
17072
16659
16121
14180
11609
9698
7300
4225
774
-2026
-4762
-8073
-11173
-13508
-15286
-16898
-17971
-18146
-17930
-17186
-15974
-13822
-11073
-7990
-4801
-1348
1793
4463
7335
9512
11990
13925
14493
15277
15199
14848
14324
12736
11905
10516
8268
6488
4370
2550
820
-1463
-2779
-4579
-6101
-7209
-8577
-9501
-10244
-10634
-10805
-10354
-9793
-8823
-7180
-5372
-3432
-1032
1515
4349
6698
9393
12329
13985
16596
17068
18364
19316
17687
18171
15889
13863
11231
6382
3941
-682
-5482
-9177
-13650
-17357
-21362
-23864
-24945
-25879
-26705
-25758
-23349
-21635
-19025
-15601
-10882
-7209
-4392
-157
3969
7203
9353
12098
14843
16489
16990
17442
18740
18360
17107
16391
15190
13652
10890
8043
6141
3173
-571
-3844
-7026
-9904
-13004
-15766
-17283
-18386
-19657
-19847
-19071
-17861
-15758
-13482
-10088
-6438
-3359
487
4115
7232
10255
12409
14491
15690
15982
15912
15859
15083
13380
11920
10459
8812
6731
4501
3241
1751
-247
-1682
-3127
-4223
-5829
-7151
-8004
-8991
-9421
-9734
-9931
-9138
-8835
-6933
-5302
-3249
-364
878
4501
6714
8796
12328
12862
15747
16510
16386
18887
16669
17148
15638
12412
12036
6862
3851
1215
-4866
-7579
-12551
-16992
-17990
-23286
-24065
-24699
-26710
-24795
-25121
-22915
-18875
-17916
-13652
-10013
-7335
-2646
-413
3972
7611
9034
11876
13653
15449
16917
17370
18230
17976
17011
16039
14859
13805
11030
8835
6349
2643
-373
-4015
-6955
-9553
-13347
-15445
-17171
-19013
-19033
-19278
-18002
-16271
-14372
-11299
-7889
-4341
-773
2786
6320
9130
11370
13185
14854
15802
15672
15346
14430
13610
12088
10344
8744
7172
5446
3552
1689
428
-1220
-2442
-3975
-5330
-6417
-8258
-8558
-9330
-10027
-9893
-9836
-8841
-7370
-6646
-4332
-2016
-7
3185
5141
7437
10240
11121
13467
15487
15321
17299
16916
15979
16810
13481
12690
10740
5370
4253
-1022
-5744
-7986
-14934
-16595
-19363
-24789
-24110
-26865
-27479
-25280
-26290
-22144
-19191
-17760
-12273
-9121
-5122
-51
2498
7112
10287
11820
14546
16590
17790
18319
18546
18242
17958
16986
15089
14478
12473
9308
7295
4164
1177
-1727
-5895
-8616
-11549
-15511
-17302
-19235
-20410
-20458
-20781
-19184
-16730
-14669
-11038
-6853
-3311
1025
4535
8165
11731
13591
15406
16920
16926
17127
16252
15156
14165
12076
10207
8976
6893
4943
3426
1534
370
-1346
-3138
-4309
-5755
-7157
-8046
-8944
-9275
-9702
-9476
-8844
-7720
-6371
-4449
-2280
68
2645
5384
7171
10354
12328
14227
16532
16601
18750
17178
17059
15691
12870
10933
5889
2842
-1749
-7130
-11226
-16108
-18840
-22171
-25966
-26393
-27480
-27296
-26001
-24780
-20988
-18132
-15801
-11128
-7223
-3929
168
2572
6717
9393
10234
12964
14121
15521
16322
16412
17193
16845
16271
15813
15271
13780
11754
10108
7864
4729
1545
-1808
-5070
-8760
-12570
-15519
-18180
-20174
-21553
-22162
-21919
-20200
-18427
-15275
-11265
-7761
-3169
1213
5608
9748
12716
15411
17510
18715
19229
18925
18152
17044
15338
13486
11436
9672
7667
5765
4038
2051
894
-973
-2675
-3888
-5657
-6245
-7401
-8286
-8189
-8914
-8617
-8110
-7589
-5762
-4862
-2762
-640
1270
4581
6181
9762
11608
14473
15783
16451
17343
16198
15368
12661
8982
6180
1436
-4073
-8487
-14152
-16892
-21493
-25023
-25720
-27915
-28108
-27580
-25535
-22460
-19902
-17233
-12129
-8812
-5448
-1746
1624
5696
7182
8639
11186
12863
13239
14596
15571
16472
16012
15587
16644
16591
15328
14020
12663
10775
7755
4383
1954
-1239
-5409
-9490
-12184
-15017
-17725
-19793
-20638
-20642
-20719
-19679
-17110
-14078
-10886
-7376
-3072
1661
5403
9152
12141
15518
17384
18239
19392
19355
18822
17800
15982
14729
12814
10301
8913
6489
4380
2362
384
-1262
-3166
-5450
-6601
-7670
-8795
-9179
-9729
-9789
-8760
-8777
-7318
-5342
-4346
-1249
-149
3232
6016
8055
11061
12888
15357
16688
17366
16514
16912
14216
10775
8768
3875
-331
-5364
-11299
-14280
-19351
-23411
-24807
-27637
-28326
-28075
-27488
-23900
-21896
-18966
-13677
-10496
-6581
-2755
1006
5023
6674
8451
11228
12511
13339
13678
15050
15702
15097
15070
15098
15385
13782
12107
11438
9061
6334
3319
638
-1837
-6161
-9657
-12249
-14920
-17189
-19482
-19874
-19979
-20057
-18715
-16645
-13388
-10427
-7437
-2852
810
4504
8140
11063
14399
15633
16840
18276
18076
17890
16811
15313
14445
12303
10562
8895
6970
5249
3284
1645
138
-1820
-3521
-4957
-6242
-7088
-8304
-8304
-8564
-8445
-7540
-7151
-5020
-3591
-2221
1407
1973
5869
8102
8986
13617
13183
15282
16873
14384
16200
12813
8881
8970
1901
-830
-5244
-12467
-13529
-19785
-23592
-23389
-27555
-26733
-26146
-26174
-20988
-19853
-16375
-10729
-8252
-3638
-382
2576
6149
7731
9495
11224
12548
12885
13114
14165
13839
14146
13957
13210
13754
11727
10573
10142
7205
5708
3124
-101
-1831
-5536
-8760
-10597
-13926
-15657
-17079
-18495
-18157
-17800
-16961
-14634
-12038
-9110
-5301
-1945
1697
5727
8572
11386
14355
15410
16511
17176
16910
16602
15143
13516
12735
10562
8469
7036
4889
3432
1559
-514
-1482
-3231
-5223
-5769
-7210
-7905
-8378
-9216
-8156
-8166
-7573
-5556
-4760
-2296
-438
1435
4699
6474
9014
11245
12868
14840
15473
15473
15511
13795
11909
8586
5507
1523
-3472
-7445
-12963
-16955
-20881
-24927
-25703
-27454
-28387
-26531
-25300
-21862
-18370
-15627
-9789
-6155
-2697
1787
4270
7256
9382
10506
12628
13480
13250
14139
14055
14590
14446
14116
14453
13643
12594
11583
10234
8465
5959
3261
507
-2970
-6152
-9373
-12177
-15115
-17569
-18769
-19683
-20108
-19514
-18050
-15972
-13212
-10219
-6318
-2227
1421
5143
8922
11925
14410
16229
17055
17854
17645
16496
15765
13937
12518
10840
8378
6916
5094
3127
1793
-34
-1569
-2862
-4411
-5483
-6519
-7044
-8076
-8144
-8246
-8148
-6420
-6592
-4407
-1970
-1648
2848
3883
6674
11291
10522
15389
16597
16247
19555
16809
16989
15391
10415
8834
3863
-1993
-5408
-12005
-16614
-20740
-25955
-27354
-29311
-30664
-29340
-28072
-25233
-21655
-17993
-13033
-8284
-4244
-74
4060
7335
9202
11814
13787
14855
15473
15382
16801
16667
16103
16316
16256
15504
14179
12880
11632
9519
6294
3707
619
-2988
-7046
-10205
-12985
-16143
-18950
-20962
-21391
-21760
-21869
-20478
-17943
-15523
-12175
-8683
-4427
202
3646
7416
11028
13669
15754
16564
17423
17749
16535
15338
13792
12243
10316
7967
6280
4765
2998
1499
-248
-1021
-2720
-3979
-4769
-5931
-6190
-7503
-7952
-7563
-7861
-6809
-6265
-4977
-2299
-1653
1472
4017
6625
10157
11323
14809
16935
17058
18988
18347
17863
16275
12062
9699
5462
-344
-4566
-10149
-15370
-20013
-24993
-27240
-29218
-30834
-30269
-28597
-26471
-23389
-19679
-14825
-9869
-5943
-2024
2828
6290
8059
11109
13304
14809
15610
15341
16945
17164
16163
16703
16603
16035
15136
13640
12653
11119
8254
5690
3143
-151
-3782
-7594
-10654
-13332
-16596
-19101
-20575
-21126
-21247
-20878
-18853
-16008
-13182
-10038
-5856
-1221
2759
5945
9658
12847
14635
15771
16665
16831
16273
14418
13212
12072
9488
7714
6014
4409
2841
902
373
-887
-2638
-3283
-4354
-4911
-6136
-6937
-6612
-7485
-7451
-6434
-6074
-4243
-3358
-1388
1785
2611
6165
8969
11146
13731
15447
17553
18410
18189
17927
17516
14281
11415
7961
3256
-1016
-7419
-11416
-15704
-21558
-25287
-27187
-29280
-29835
-30179
-28182
-24341
-22858
-19109
-13752
-9257
-5571
-1666
2184
5955
7650
9209
12134
13262
13510
13843
14620
15439
15031
14608
15752
15905
14597
14086
13377
12076
9955
6813
5011
1748
-2743
-6247
-9906
-12556
-16710
-20181
-20647
-22571
-22944
-22136
-20661
-17110
-14941
-11226
-6216
-2042
2524
5999
9846
13721
15071
16344
17705
17530
17041
15102
13432
12668
9909
7416
6192
4078
2421
608
-998
-1256
-2966
-4997
-5052
-6095
-7232
-7472
-8668
-8071
-7718
-8529
-6351
-5530
-4247
-1491
-75
3234
5711
7788
11946
13378
15808
19039
18884
21042
19979
19011
19440
13895
11509
8325
1299
-1441
-9061
-13766
-16653
-25133
-26343
-28418
-32085
-30314
-31989
-29213
-24737
-24380
-18564
-13660
-9752
-4315
-1141
3870
8003
9585
12351
15121
16755
16935
17500
18957
18491
18356
17661
17712
17917
14504
13890
12948
9537
7444
3311
954
-1939
-7537
-10319
-13501
-16596
-19589
-22460
-22515
-23181
-23280
-21940
-19758
-15625
-13229
-9274
-3578
180
5248
8737
12104
16682
17342
18575
20086
19310
18922
16708
14685
13877
10509
7663
5796
3513
1521
-830
-2879
-3949
-5337
-7599
-7963
-8548
-10001
-9835
-10397
-10083
-8562
-9329
-7218
-4804
-4479
-482
917
3674
7788
9180
12712
15682
16931
19592
20928
20599
21818
19471
17623
15747
10341
7380
2033
-4017
-7951
-14796
-18741
-23204
-28355
-28651
-31461
-32129
-30655
-30515
-26450
-23991
-20679
-14631
-10688
-6022
-1356
2640
7167
9915
12183
15149
16725
17513
17645
18513
18651
17913
17235
16559
16520
14753
12803
11936
9791
7534
4994
1611
-611
-4807
-8573
-11456
-14870
-17592
-20681
-22132
-22900
-23232
-22479
-20904
-17670
-14295
-10995
-5895
-1453
3215
7876
10967
15122
17409
18336
19882
19747
18729
17899
15058
13822
11399
8058
6336
4082
2041
144
-1814
-3136
-3939
-5844
-6552
-7063
-7997
-8513
-8891
-9031
-8423
-8075
-7787
-5809
-4107
-2706
169
2028
5290
7936
10516
13406
16075
17741
18878
20826
19929
20146
18028
15661
14027
8611
4904
438
-4848
-9259
-15136
-19216
-21994
-26846
-28872
-29768
-30257
-29423
-29053
-25388
-21729
-18643
-14863
-9431
-4707
-978
2475
6653
10526
11841
13908
15935
17336
17024
17216
17810
18036
17284
16128
16532
15559
13398
12077
10184
8361
4939
1024
-1286
-5375
-9468
-13235
-16626
-18786
-22019
-23607
-23532
-23867
-22215
-20499
-16890
-12661
-9441
-4550
407
4684
8939
12236
15416
17820
18180
18820
18970
17679
16203
14086
11850
9953
7034
4805
3573
1148
-487
-1635
-3243
-3859
-5266
-6366
-6520
-7681
-8611
-8821
-9196
-8941
-8583
-8388
-6478
-5095
-3218
-756
1848
4835
8033
10521
13623
16446
18115
19669
20530
20811
19972
18790
15408
14172
8900
4811
734
-5314
-8507
-14905
-18935
-22055
-26612
-28542
-29675
-30737
-29107
-29037
-26096
-21977
-19512
-14502
-10130
-5602
-1264
2258
6161
9795
11600
13821
15405
16436
17156
16863
18030
17694
17720
16985
16573
16668
14368
13423
11478
8841
6558
2297
-760
-4196
-9117
-12090
-16274
-18739
-20774
-23487
-22833
-22847
-21766
-19117
-16769
-12263
-8495
-4759
293
3991
8117
11319
13583
16238
17009
17341
17221
16188
15288
13303
11410
9926
7402
5592
3834
2468
1253
-241
-1152
-2095
-3191
-4172
-5160
-5587
-6533
-7457
-7636
-8263
-7482
-7537
-6709
-4743
-3523
-1509
1292
3319
7000
9106
11218
14820
15593
17672
18430
18185
18042
17005
13374
12806
8016
3812
1169
-5816
-7875
-13554
-18459
-20382
-24780
-26786
-27236
-29324
-27381
-26568
-25274
-20749
-18687
-14356
-10103
-6366
-2068
1402
4592
8024
10165
11919
13822
14925
15806
15738
16876
16550
16677
16721
15704
15898
14064
12421
11224
8162
5838
2426
-1388
-4436
-9004
-12331
-15396
-18631
-20062
-21953
-22081
-21195
-20621
-17510
-14963
-11476
-7203
-4064
611
4248
7010
10906
12492
14344
15670
14789
15647
14639
13089
12661
10238
8871
7460
5444
4568
3134
1608
985
-69
-1443
-1989
-3180
-3845
-4527
-5657
-5813
-6301
-6773
-6275
-6523
-5217
-4382
-3418
-1070
183
2559
4960
6325
9824
10745
12866
14941
14659
16976
15778
15435
14896
11947
10939
6812
3399
1064
-4455
-7234
-11860
-15700
-17233
-21915
-22888
-23777
-25178
-23744
-24195
-21484
-18382
-17041
-12892
-9567
-5962
-2406
114
4004
6738
8353
10749
12338
14002
14529
14885
16140
15944
16158
15427
14580
14637
12300
10738
9126
6134
4063
252
-3079
-5529
-10016
-12723
-15105
-17983
-18764
-20705
-20685
-19417
-18975
-16350
-14006
-11095
-7089
-4457
-511
3286
5969
8871
11004
13071
14093
14715
14825
14964
14337
12804
12317
10928
9547
8228
6054
5369
3890
1636
1018
-882
-2178
-3319
-5200
-5381
-6371
-7771
-7339
-7946
-7706
-6933
-6976
-4851
-3764
-2617
221
1290
4097
6414
7411
11002
11505
13073
15413
14211
15744
14641
12908
12695
8982
6725
4401
-565
-3788
-6748
-12371
-13588
-18045
-21419
-21205
-24804
-24767
-23740
-24638
-21215
-19763
-18289
-12777
-11007
-7656
-2985
-522
3233
6046
8189
11010
13088
13631
15486
16613
16426
17114
16694
16122
16189
14465
12683
12197
9004
6500
4257
431
-2027
-5900
-9680
-11749
-15089
-17624
-18760
-20132
-20293
-19700
-18762
-16520
-13521
-11141
-7354
-3173
-182
4115
7317
10052
13281
14775
16289
17404
17340
17058
16716
15482
13906
12765
10289
8938
7179
4631
3539
1293
-684
-2139
-4131
-5253
-6524
-8149
-8256
-9388
-9463
-9429
-9425
-7995
-7325
-6140
-3775
-2323
71
2704
3972
7825
9099
11240
14081
14116
16265
16448
15292
16649
13556
12118
10781
5488
4059
-1172
-5267
-7775
-14018
-16430
-19848
-23843
-24514
-27113
-27167
-25851
-26330
-23220
-20715
-18084
-13675
-10272
-6094
-1948
1232
4880
8382
10586
12921
14793
16353
16855
17500
17864
17658
17805
16230
15684
14819
12185
10567
8139
5144
2624
-1255
-4742
-7491
-11564
-14608
-16625
-19344
-20388
-20979
-21388
-19372
-18153
-15885
-12051
-9003
-4893
-730
2854
6996
10262
12611
15511
16976
17498
18416
17822
17073
16105
14153
12953
10999
8930
7494
5246
3667
2100
-90
-1119
-3085
-4522
-5782
-7452
-8229
-9370
-10131
-10446
-10847
-9926
-9878
-8549
-6847
-5519
-2279
-937
2490
5589
7083
11322
12640
15171
17050
16764
18820
17246
16061
15454
11289
9066
5986
-385
-1955
-7791
-12715
-14602
-20436
-22552
-23731
-27225
-25985
-26011
-25968
-22292
-21230
-17559
-13354
-11041
-6196
-2656
636
4048
6961
9608
11670
13737
14769
16152
17342
17108
17757
18460
17168
17506
16186
14257
13862
10139
7566
5407
479
-2858
-6474
-11342
-14055
-17642
-21126
-21455
-23320
-23812
-21326
-20729
-17868
-13459
-11043
-5577
-997
1842
7663
10259
12908
16823
16957
18585
19475
17868
18143
16694
14297
13892
11384
9209
8147
5797
4101
2998
823
-769
-1767
-4282
-5454
-7060
-8896
-9721
-11184
-12376
-12129
-12437
-12516
-10773
-9487
-7193
-4810
-2500
1295
4772
7015
11496
13690
16186
18337
18665
20487
18846
17621
16605
12236
9615
5296
-111
-2691
-9710
-13562
-16268
-22179
-23344
-26029
-27687
-26139
-27351
-25307
-21767
-20453
-16555
-12788
-9269
-4633
-2072
1209
5389
7400
9406
11748
13880
15145
15637
17052
18175
18776
18579
18587
19075
17892
15866
14722
12193
8752
5485
679
-2759
-7327
-12735
-15940
-19675
-22672
-24453
-25887
-25257
-24033
-22475
-19276
-15094
-11012
-6697
-1404
2874
7555
11370
13796
17563
19193
19431
20832
19924
19314
18678
16028
15452
13474
10377
9591
6983
5002
3817
624
-679
-2587
-5565
-6828
-9144
-11092
-12301
-14067
-14888
-15065
-15045
-14544
-12444
-10795
-8092
-4401
-2152
2631
6425
8690
14284
15524
18196
21679
19699
22428
20948
17858
18320
12770
9577
7024
-521
-2528
-8011
-14092
-15259
-21252
-23836
-24229
-27995
-26871
-26603
-26472
-22638
-21641
-18507
-13732
-11520
-6992
-3396
-419
3601
6166
8586
11440
13550
14667
16621
17633
18671
19537
19254
19587
19600
18143
16674
14960
12606
9379
5611
1843
-2133
-6758
-11517
-15218
-18582
-21839
-24049
-25354
-25268
-24539
-23322
-20047
-16276
-12489
-7924
-3148
1529
6130
9891
13303
16649
18236
19273
19993
19771
19292
18156
16517
15088
13328
10763
9002
7619
5193
3162
1133
-747
-2639
-5319
-6819
-8716
-10931
-12381
-14208
-14542
-14976
-15855
-13990
-13315
-11251
-8068
-6120
-1713
1742
4725
9795
11858
15525
18603
18999
21720
20816
21135
20283
17080
16307
11879
8072
5031
-348
-3491
-8655
-13254
-15071
-20335
-22565
-23654
-26501
-25758
-26384
-25567
-22794
-22004
-18833
-15009
-12469
-8332
-4928
-1309
2732
5589
8501
11754
14331
15805
17701
19686
20239
20791
20594
20413
19997
17589
15997
14128
10941
7247
3468
-24
-4179
-8825
-12716
-16166
-18911
-21890
-23787
-24026
-24351
-23399
-21387
-18538
-14573
-11208
-7256
-2315
1912
6017
9727
12892
15571
17461
18249
19226
19539
18580
17931
16485
15032
13855
11187
9281
7897
4749
3094
855
-1810
-3509
-6522
-8256
-9754
-12164
-13202
-14194
-15066
-14415
-14600
-12894
-10906
-9348
-6199
-3130
106
3739
6481
10215
13171
14976
17643
18256
20170
19451
18797
18829
15854
14124
12142
7101
5643
701
-3983
-5352
-12047
-14528
-16871
-22198
-22401
-25356
-27198
-25037
-27236
-25565
-22125
-21878
-17482
-14022
-11061
-5365
-2494
1510
6577
9465
12451
15727
17996
19481
20781
21224
21823
21445
19721
19022
17657
14469
12567
9616
6248
3356
-1104
-4131
-7810
-11304
-14137
-17410
-18877
-21123
-22236
-21505
-22011
-19670
-17975
-15955
-11176
-9245
-4813
-91
2177
7197
9756
12217
16008
16390
17965
19259
18533
18728
17917
16370
15414
13307
10767
8687
6187
3248
802
-2272
-4899
-7073
-10128
-11799
-13236
-14573
-15124
-15591
-15019
-13782
-12936
-10691
-8256
-6125
-3064
-241
2731
5769
8410
11080
13650
15353
17135
18557
18976
19797
19364
18521
17514
15177
13564
9858
6576
3389
-1186
-5013
-9566
-13815
-16608
-21537
-24370
-25636
-28267
-28482
-28762
-27891
-24884
-23610
-20231
-15209
-11773
-7128
-2770
1481
6536
9485
12532
16140
18107
19580
20440
20833
21246
20515
19258
18445
17094
14853
12659
10386
7867
4907
1683
-1450
-4399
-8092
-11420
-13876
-16651
-18998
-20510
-21382
-21811
-21091
-19902
-18095
-14822
-11965
-8408
-4065
-415
3980
7631
10616
14067
16306
17485
19199
19250
18780
18124
16517
15125
12882
10227
8095
5423
2421
210
-2248
-4681
-6594
-8591
-9807
-11023
-12249
-12373
-12571
-12629
-11710
-10820
-9627
-7869
-6607
-4211
-2005
-88
2698
5372
7429
9951
11918
14221
16550
17154
18561
19884
18802
18832
17762
15484
14373
9549
6865
3683
-1790
-5361
-10408
-14239
-17507
-22523
-24489
-25926
-28104
-28046
-28027
-25650
-23168
-21803
-17238
-12481
-9152
-5047
-582
3751
7345
9305
12681
15517
16245
16819
17751
18541
17413
16543
15908
15363
13709
11216
10345
8791
5649
3345
1123
-1422
-4290
-7785
-9979
-12185
-14924
-17021
-17736
-18363
-18768
-17813
-16537
-14277
-11315
-9154
-5137
-1008
1876
5920
9071
11773
14853
15998
17012
18498
17529
17122
16014
13736
12687
10037
6751
5378
2467
-553
-2430
-4802
-6186
-8260
-9960
-10097
-10900
-11818
-11433
-11046
-10796
-9791
-9077
-7179
-5438
-4684
-2186
-18
1361
4248
5651
8292
10744
11207
14006
15330
15953
17398
16523
17297
16639
13457
13765
10482
7158
4814
-62
-2459
-6081
-12201
-13422
-17024
-21070
-22310
-24439
-25055
-24916
-25592
-23098
-20487
-19500
-15674
-11430
-8224
-4235
-476
3401
7462
9486
11928
15068
16041
16407
17754
17633
17218
16654
15087
14512
13390
10696
9608
8022
5686
3895
853
-821
-2821
-6481
-8158
-10707
-12554
-14114
-16738
-16482
-17281
-17313
-15791
-15315
-12012
-9792
-7926
-3259
-582
3036
6368
8228
12080
13514
14207
15770
15640
15191
14464
12508
11298
9574
6476
4635
2713
39
-1871
-3752
-5505
-6181
-8145
-8877
-8570
-9564
-9267
-9161
-8685
-7507
-7634
-6173
-4660
-3689
-1849
-903
1406
3429
4313
6686
8428
10002
12104
12499
14675
15919
15289
16432
15993
15215
14385
11575
10463
8065
3641
1864
-2516
-5681
-8664
-14000
-15092
-18255
-21904
-21919
-24130
-23805
-23282
-23687
-20102
-18514
-16984
-11933
-9585
-5733
-1797
602
5113
7728
9290
12522
14048
14617
15772
15807
16139
15439
14613
13789
13222
11563
9535
9067
6937
4934
3375
712
-808
-3180
-6433
-7832
-10028
-12680
-13572
-15319
-16048
-15765
-16415
-14589
-12914
-11351
-8196
-5774
-2243
1100
3710
6947
9444
11471
12742
13567
14097
13527
12774
11538
9976
8229
6155
3887
2080
41
-1807
-3312
-4940
-5837
-6781
-7618
-7401
-7838
-8172
-7220
-7458
-6500
-5852
-5356
-3742
-3353
-1699
-382
583
2683
3878
5430
7158
8570
10015
11723
12814
13951
14545
14758
15422
14163
13640
12187
10489
8560
4732
2654
188
-4633
-6794
-10762
-13319
-15269
-19853
-19732
-20502
-22862
-21260
-21508
-19546
-17313
-16946
-12669
-9331
-7490
-4025
-648
2408
5140
6437
9434
11838
12248
12993
14303
15258
14199
14160
14384
13523
13068
10981
10487
9800
6874
5616
3864
1525
-428
-3502
-5890
-7347
-10347
-12560
-13472
-14946
-15781
-15573
-15700
-13926
-12090
-11263
-7562
-4951
-2743
1091
3000
5850
8465
8724
10878
11507
10534
10997
9650
8227
7322
4901
3495
2163
-99
-1251
-2311
-3588
-4246
-4875
-5434
-4973
-5148
-5686
-4511
-4484
-4457
-3498
-3617
-2421
-1791
-1843
-57
784
1266
3451
3911
5854
7530
8421
10248
11488
12553
13410
14012
14034
14484
13749
12868
11595
10252
8283
5811
3022
898
-2361
-5122
-8434
-11277
-13050
-16491
-18489
-19311
-21012
-20928
-21602
-20930
-18846
-18405
-16569
-13273
-10964
-8223
-5510
-2729
958
2888
4783
7854
9809
10999
12282
13833
15023
14952
15323
15721
15890
14728
13623
13198
11641
9365
7601
5066
3015
193
-3195
-5125
-7887
-10672
-12667
-14402
-15517
-16381
-16582
-16239
-15104
-13360
-12117
-9203
-6746
-4053
-899
1046
4188
6333
7007
9287
10148
9871
10527
9243
8940
8111
5964
5467
4184
2352
1609
191
-727
-1275
-2634
-2966
-3246
-3885
-4273
-4545
-4604
-4388
-4758
-4349
-3710
-3101
-2762
-1719
-166
639
2441
3678
5285
7272
7897
9741
11037
11363
13279
12709
13450
13874
12665
12491
11758
9953
9508
7257
4210
3980
-884
-2618
-5370
-10127
-10342
-15112
-18420
-18096
-22359
-22928
-23354
-24717
-21576
-22470
-20759
-16178
-15268
-11672
-8038
-4524
-73
2342
5692
9519
11830
13636
15556
17714
18576
18702
19198
18998
18800
17223
15494
15140
12703
10178
8336
5387
2970
-137
-3263
-5728
-8108
-10970
-13414
-14930
-16694
-17390
-18225
-18650
-16681
-16292
-15639
-12298
-10720
-7917
-4914
-3074
867
3010
4424
7536
8786
9955
11310
11139
11917
11582
10283
10024
8989
7525
6138
4794
3511
1656
40
-1014
-2333
-3608
-4857
-5396
-5809
-6836
-6827
-6741
-6289
-5398
-5404
-3755
-2258
-1677
233
1654
3596
5154
6008
8048
9119
10226
11188
12086
13452
13428
14185
14273
14294
14285
12637
12646
10855
8059
6934
2612
51
-3716
-9052
-10724
-16031
-20029
-21726
-26008
-26816
-28553
-29849
-27311
-27273
-25317
-20827
-18765
-14077
-9901
-6337
-504
3167
6732
11683
14423
17048
19404
21084
22662
22962
22920
22607
22168
20134
18419
16959
14131
11561
9398
5769
3129
-30
-3655
-6414
-9723
-12510
-15211
-17463
-19523
-20833
-21841
-22419
-21743
-20917
-19597
-16830
-14637
-11208
-7294
-4548
128
3717
6732
10521
12905
15580
17325
17835
18912
18594
17457
16302
14359
12225
9718
6722
4112
1648
-1474
-4182
-5755
-7986
-9832
-10484
-11250
-11412
-11405
-11034
-9440
-8471
-7425
-5213
-3665
-1550
12
1692
4229
5437
6808
8509
10099
10805
11775
13174
14247
14641
15105
15958
16318
15838
15447
14715
13554
10987
8360
6217
1023
-1855
-7055
-11780
-14930
-21482
-24623
-26297
-30114
-30410
-32028
-31572
-29201
-29117
-25174
-20293
-17129
-12030
-6697
-1516
4259
7959
12767
17716
20496
22539
24975
26526
26456
25658
25160
23945
21963
18634
16251
14156
9995
6876
4071
886
-1730
-5181
-8402
-9893
-13125
-16078
-17348
-19263
-20619
-21870
-22754
-21955
-21625
-21130
-18728
-15783
-12970
-9377
-5440
-950
3750
7163
11299
15478
17911
19988
21501
22229
22202
20591
18846
16779
13922
10219
6681
3720
240
-3166
-6200
-8324
-9821
-11963
-12990
-12663
-13067
-12471
-11705
-10455
-8502
-7593
-5648
-3620
-2139
-24
1375
2845
4922
6048
7196
8693
9589
11029
11524
12163
13760
13639
13978
14595
14401
14454
13135
12346
11216
8850
6762
3346
1234
-2586
-7144
-9435
-14525
-17501
-20747
-24962
-25542
-28158
-29953
-28590
-29030
-27019
-24015
-22401
-16911
-12654
-8783
-2568
2031
7102
12382
15591
20094
23570
25027
26884
27673
27694
26483
24724
22999
20192
17339
13579
10290
7415
2872
-41
-3015
-6347
-8487
-11665
-14051
-15368
-18037
-19765
-20587
-21742
-22015
-22375
-21822
-20105
-18802
-16594
-13126
-9607
-5927
-1200
3082
7334
11994
15430
18763
21247
22695
23889
23325
22021
20766
17827
14396
11408
7487
3470
-17
-3431
-6314
-9039
-11318
-12453
-13441
-14788
-14168
-13929
-13727
-12320
-11630
-9818
-8115
-7300
-4704
-2840
-1254
889
3059
5042
6759
8734
10247
12280
12996
13754
15507
15093
15216
15763
14150
14528
12605
11155
10815
7386
6422
4259
962
281
-4253
-5858
-7775
-12698
-12852
-16820
-19373
-19840
-24184
-23503
-24440
-26374
-23509
-23774
-21686
-17667
-16234
-10527
-6340
-2519
3766
7873
12786
17109
20077
23799
25595
26598
27185
26964
25478
22687
20875
17475
13491
10420
6138
2758
-564
-4660
-6591
-9609
-12335
-13161
-15618
-16717
-17219
-18427
-18421
-18631
-18463
-17451
-16516
-15162
-13084
-10364
-8102
-4761
-988
1867
6528
9537
12849
16661
17899
20378
21555
21141
21650
19467
17427
15530
11460
7933
4535
205
-3372
-6905
-10315
-12563
-15130
-16977
-17348
-18070
-18284
-16902
-16198
-14702
-12712
-11217
-8208
-6048
-3733
-359
1311
4550
6665
8456
11276
11973
14314
15195
15335
17004
15921
15744
15791
13782
13476
11632
9615
8728
6147
4168
3059
508
-912
-2024
-4978
-4941
-7156
-9025
-8929
-11601
-12322
-13328
-15775
-15184
-17257
-18336
-17198
-18460
-17265
-16132
-14852
-11176
-9364
-5864
-1094
2507
6532
10547
14690
18190
20208
21949
23528
23520
22310
20549
18924
15721
11876
8293
4533
1387
-2793
-5982
-7580
-10199
-11707
-12650
-12998
-12449
-13173
-12394
-11040
-10682
-10109
-9266
-8334
-7472
-6995
-6022
-4480
-3164
-1924
-170
2118
4083
6218
8345
10568
12598
13822
14668
15360
14879
13984
12505
10030
7594
4325
696
-2713
-6275
-9474
-12630
-15034
-16703
-18206
-18721
-18743
-17755
-16245
-14811
-11926
-9395
-6969
-3400
-937
2229
5315
6837
9761
11413
12413
14208
13984
14743
15093
13890
14092
13200
11666
11334
9364
8474
7342
5087
4525
2864
1359
838
-1263
-1512
-2552
-3731
-3933
-5137
-4685
-6122
-6500
-6477
-7548
-7424
-8979
-9151
-9106
-11324
-10837
-10898
-11980
-10440
-10771
-9317
-6994
-6594
-2916
-298
1621
5478
7846
10269
13061
13629
15231
16057
14935
14705
13040
11030
8805
5970
3655
1310
-752
-3125
-4506
-5106
-6438
-6491
-6427
-6361
-5274
-5487
-5160
-3864
-4640
-4446
-4065
-4741
-4274
-4743
-4927
-3907
-3980
-3228
-1615
-608
1277
3130
4397
6641
8111
8849
9866
10035
9486
8458
6731
4745
2303
-889
-3753
-6415
-9413
-11819
-13593
-15207
-15883
-16042
-15727
-14280
-12784
-10850
-8260
-5599
-2837
-310
2293
4912
6979
8387
10131
11417
11865
12178
12336
11959
11767
10891
10089
9593
8241
7253
5932
4809
3924
2369
1058
285
-528
-1778
-2337
-2708
-2663
-2651
-3126
-2025
-1271
-1158
29
110
513
1311
-162
70
-1173
-2888
-3158
-6107
-7297
-8101
-10633
-10665
-11203
-11472
-9684
-9361
-7024
-3757
-2377
1199
4458
6574
9701
11200
12743
14197
13553
13121
12783
11034
9054
7395
5207
3750
1719
-248
-672
-1616
-2373
-2509
-2620
-2223
-2341
-2852
-2621
-2727
-3700
-4582
-5350
-6327
-7720
-8789
-9464
-10114
-10157
-10084
-9058
-7802
-6499
-4366
-2121
48
2569
4475
6129
7692
8211
8319
8045
7000
5730
3864
1326
-234
-2855
-5127
-6438
-8055
-8601
-9314
-9477
-8235
-7611
-6328
-4803
-2802
-676
440
2361
4030
4950
5876
6459
6810
6568
6620
6261
5205
5140
4204
3417
3395
2239
2426
2064
1867
2248
1642
2501
2652
2249
2939
3186
3201
3571
3725
4396
4592
4472
5003
5069
5006
4914
3732
3411
2404
304
-1344
-3753
-5543
-8063
-11332
-12267
-14472
-16048
-16199
-16702
-14907
-13667
-12269
-8253
-5386
-1753
2313
5133
9213
12287
13620
15763
16856
16660
16405
14971
13645
11889
9060
7015
5492
2943
1211
71
-1351
-2243
-3247
-4010
-3862
-4755
-5650
-5911
-6893
-7827
-9102
-9961
-10688
-11501
-12160
-12413
-11724
-11435
-10556
-8354
-6689
-4526
-1943
393
3105
5006
6664
8421
9158
9500
9433
8410
7408
5921
3959
2053
292
-1447
-3028
-4325
-5199
-5411
-5458
-5515
-4530
-3762
-2947
-1647
-962
184
1056
1052
1785
1843
1423
1752
794
375
699
-330
-447
-57
-476
227
368
602
2087
1985
2711
4240
3935
4829
5700
5158
6334
6348
6101
7458
6720
7122
8069
6910
8285
7641
6588
8002
5556
4803
3980
792
197
-3316
-5966
-7076
-11479
-12888
-14197
-16827
-16169
-17195
-16164
-13647
-13290
-9533
-6337
-3785
631
3266
6745
9864
11058
13356
14205
14032
13955
12826
11689
9587
7617
5576
3470
1717
-714
-1664
-2529
-4375
-4634
-5275
-5843
-5607
-6982
-6817
-6815
-8244
-8308
-9126
-9789
-9725
-10688
-10783
-10148
-9768
-8963
-7556
-5683
-3716
-1682
414
3213
5438
6954
9144
10276
10949
11458
10875
10598
9546
7752
6162
4245
2323
572
-1518
-2906
-3921
-5344
-6021
-6245
-6450
-6366
-6199
-5675
-5105
-4828
-4349
-3776
-3207
-3093
-2680
-2043
-1771
-1381
-1036
-193
658
948
2187
3315
4051
5514
6245
7343
8608
8867
10007
10062
10298
10794
9979
10037
9441
8804
8436
7594
7009
6715
5777
5588
4892
3948
4070
2007
1261
102
-2371
-3690
-6507
-8475
-10141
-13455
-14441
-15865
-17725
-16938
-17492
-16081
-13911
-12702
-8665
-5995
-3104
1082
3779
7004
9305
10770
12458
12963
12337
11891
10619
9127
7105
4994
3643
1639
180
-1179
-1825
-2159
-3121
-2789
-2720
-3006
-2588
-3114
-3226
-3344
-4661
-5032
-5743
-6932
-7472
-8507
-8705
-8473
-8779
-8011
-6621
-5322
-3700
-1819
407
2715
4494
6071
7686
8793
9258
9305
8770
8123
7044
5065
3603
1955
51
-1469
-3029
-4123
-4931
-5683
-6068
-5945
-5826
-5598
-4970
-4606
-4243
-3758
-3355
-2819
-2614
-2398
-1626
-1295
-935
-214
479
1375
2341
3044
4268
5226
5849
6767
7513
7776
8460
8498
8255
8625
7835
7657
7476
6591
6752
5931
5546
6102
5202
5430
5799
5262
5850
5252
4808
4922
3216
2933
783
-1046
-2365
-5749
-7489
-10238
-12736
-14344
-17178
-17780
-18599
-19470
-18170
-17752
-15695
-13182
-11562
-7405
-4692
-1999
1797
4080
7033
8871
10055
11787
11892
11984
12024
11036
10591
9120
8036
7306
5726
5118
4155
3325
2922
1672
1407
888
-185
-791
-1984
-2856
-3754
-5515
-6529
-7411
-8925
-9517
-10157
-10666
-10140
-9987
-9233
-7748
-6518
-4814
-2758
-1020
1021
2859
4227
5860
6823
7034
7606
7286
6709
6276
4894
3863
2599
1157
28
-1106
-2424
-3240
-4030
-4813
-5095
-5579
-5659
-5634
-5679
-5573
-5336
-5056
-4688
-4218
-3950
-3146
-2491
-1892
-815
2
1088
2320
3200
4548
5551
6565
7574
8152
8929
9461
9445
9820
9650
9330
9016
8392
8042
7314
6872
6158
5759
5160
4462
4714
3946
3670
3698
2659
2930
1963
1015
571
-948
-2063
-3395
-5404
-6546
-8581
-10139
-11384
-12837
-13516
-14117
-14135
-13649
-12941
-11667
-9938
-7815
-5602
-3346
-867
1350
3652
5593
7002
8451
9289
9643
9932
9459
9059
8541
7335
6400
5460
4256
3515
2427
1439
1086
158
-497
-817
-1531
-1903
-2471
-3219
-3380
-4183
-4848
-5102
-5771
-6110
-6416
-6489
-6139
-5948
-5499
-4782
-3919
-2873
-1928
-727
432
1447
2327
2971
3756
3951
3984
4022
3546
3099
2406
1606
947
-38
-951
-1697
-2346
-3161
-3651
-4120
-4566
-4603
-5048
-5090
-4806
-4899
-4554
-4476
-4248
-3382
-3181
-2442
-1738
-1092
75
551
1525
2593
3270
4292
4749
5459
5981
6274
6603
6675
6689
6406
6408
5941
5440
5217
4569
4398
3796
3379
3385
2711
2937
2852
2515
3326
2966
3469
3992
3639
4559
4309
4252
4595
3518
3415
2499
874
249
-1785
-3524
-4850
-7254
-8631
-10111
-11973
-12367
-13279
-13714
-12913
-12892
-11497
-9877
-8697
-6223
-4368
-2396
186
1696
3762
5500
6604
7919
8489
8909
9258
9227
8864
8419
8035
7460
6656
6214
5294
4870
4269
3190
2949
1958
992
505
-908
-1813
-2696
-4368
-5287
-6546
-7746
-8461
-9558
-10220
-10267
-10491
-10317
-9508
-8775
-7828
-6258
-5268
-3603
-2103
-1228
509
1367
2079
3011
3139
3502
3832
3583
3715
3711
3416
3721
3640
3210
3639
3388
3198
3112
2342
2229
1515
487
-100
-1186
-2164
-2828
-3941
-4462
-4871
-5326
-5213
-4965
-4678
-3729
-2845
-1960
-534
378
1806
2976
3963
5089
5882
6611
7103
7460
7653
7738
7602
7123
6990
6379
5688
5328
4472
4107
3454
2621
2610
1982
1700
1464
1123
1238
1073
879
1090
798
532
500
-337
-475
-1393
-2554
-3081
-4744
-5934
-6762
-8731
-9268
-10408
-11499
-11233
-12075
-11485
-10642
-10219
-8353
-7147
-5394
-2907
-1352
1016
3190
4804
6988
8181
9538
10610
10987
11498
11391
10969
10240
9541
8467
7024
5905
4420
3072
1734
377
-692
-1887
-2850
-3598
-4475
-5183
-5671
-6401
-6742
-7348
-7722
-7951
-8438
-8266
-8441
-8230
-7538
-7237
-6096
-5158
-4165
-2324
-1261
489
2100
3138
4837
5747
6529
7302
7324
7490
7168
6365
5748
4733
3626
2454
1270
199
-845
-1744
-2504
-2996
-3452
-3635
-3437
-3550
-3142
-2766
-2507
-1811
-1715
-1114
-623
-596
33
-67
189
672
422
819
1050
970
1644
1827
1992
2581
2673
3223
3397
3310
3712
3504
3298
3066
2600
2472
1774
1270
985
349
95
-212
-468
-376
-378
-145
163
517
961
1600
1997
2419
2722
2942
3220
2828
2481
2053
1007
162
-1124
-2545
-3600
-5392
-6413
-7625
-8879
-9019
-9833
-9813
-9314
-9113
-7799
-6697
-5368
-3328
-1804
-23
2047
3482
5343
6648
7593
8799
9167
9496
9725
9379
9089
8458
7525
6678
5741
4461
3400
2221
887
-21
-1414
-2433
-3139
-4351
-5086
-5663
-6147
-6596
-7050
-6957
-7029
-7105
-6806
-6533
-5943
-5684
-5104
-4242
-3783
-2803
-1979
-1284
-233
538
1416
2475
3090
4083
4847
5066
5890
6166
6055
6419
5801
5637
5099
3991
3561
2217
1127
298
-1198
-2170
-3207
-4232
-4913
-5652
-6142
-6394
-6486
-6592
-6152
-5735
-5455
-4612
-4140
-3411
-2601
-2200
-1166
-439
-11
764
1393
1811
2438
2931
3258
3700
3903
4095
4228
4138
4210
4034
3613
3550
2970
2586
2380
1663
1449
1074
704
669
378
374
518
541
937
1304
1658
2339
2886
3372
4035
4504
4867
5356
4980
5254
4998
3918
3591
2362
1115
91
-1885
-3016
-4433
-6194
-6874
-8142
-8863
-8878
-9404
-8801
-7952
-7470
-5773
-4568
-3083
-1209
81
1918
3161
4226
5452
6030
6385
6450
6564
6141
5585
5284
4339
3795
3179
2308
2087
1271
732
626
-128
-390
-782
-1419
-1658
-2348
-2992
-3410
-4170
-4806
-5266
-5931
-6312
-6564
-6823
-6647
-6471
-6082
-5337
-4504
-3630
-2511
-1352
-205
1006
1966
2886
3903
4278
4637
4998
4838
4748
4388
3684
3343
2516
1614
1095
55
-586
-1275
-2299
-2653
-3266
-4011
-4219
-4777
-4978
-5012
-5386
-5283
-5210
-5184
-4767
-4576
-4187
-3586
-3150
-2463
-1866
-1187
-334
255
1106
1881
2540
3117
3667
4167
4596
4882
5065
5254
5184
5291
5300
5171
5214
5027
5200
5195
4958
5170
4858
4912
4754
4318
4436
3782
3539
3229
2635
2692
1933
1849
1793
1273
1556
1193
1274
1306
815
1109
489
103
-149
-1105
-1548
-2450
-3437
-4031
-5068
-5681
-6202
-6881
-6977
-7001
-6870
-6316
-5813
-4899
-3955
-3023
-1734
-766
521
1547
2335
3309
3832
4416
4652
4745
4830
4533
4320
3879
3337
3024
2396
1724
1425
811
284
-166
-683
-1110
-1729
-2124
-2787
-3270
-3699
-4364
-4578
-5154
-5402
-5459
-5824
-5534
-5459
-5219
-4577
-4238
-3298
-2514
-1935
-710
63
804
1689
2142
2839
3185
3272
3544
3311
3175
2877
2353
2037
1436
894
348
-290
-720
-1351
-1814
-2334
-2761
-2963
-3380
-3512
-3704
-3742
-3682
-3605
-3292
-3130
-2787
-2412
-2032
-1525
-1154
-693
-236
233
617
917
1281
1509
1739
2042
2219
2459
2584
2743
3110
3181
3436
3825
3997
4380
4685
4949
5319
5348
5553
5610
5369
5265
4909
4518
4087
3488
3091
2455
1957
1533
1088
876
563
466
472
489
677
509
700
598
435
371
-239
-326
-919
-1665
-1925
-2902
-3316
-3830
-4691
-4609
-5208
-5351
-4958
-5270
-4713
-4224
-3947
-2961
-2458
-1769
-724
-212
659
1424
1883
2601
2885
3209
3512
3505
3558
3311
3111
2820
2264
1818
1155
530
65
-719
-1165
-1654
-2248
-2510
-2954
-3178
-3332
-3491
-3459
-3496
-3414
-3167
-3065
-2853
-2568
-2314
-1901
-1555
-1296
-862
-457
-145
152
414
618
854
892
914
1089
1000
948
878
696
560
386
172
-71
-263
-518
-748
-954
-1239
-1425
-1680
-1841
-1906
-2122
-2086
-2076
-2032
-1839
-1718
-1383
-1144
-919
-513
-143
215
479
857
1163
1354
1620
1802
1969
2028
2159
2293
2200
2311
2277
2124
2180
2069
1978
1964
1710
1765
1769
1508
1656
1520
1403
1531
1253
1361
1340
1087
1262
1034
966
990
767
860
806
861
924
836
1112
1106
1220
1464
1500
1621
1671
1876
1742
1564
1558
1177
943
475
56
-286
-1093
-1381
-1921
-2464
-2683
-3233
-3311
-3408
-3659
-3401
-3355
-3124
-2847
-2467
-2007
-1633
-1010
-601
-68
458
812
1360
1682
2061
2319
2469
2748
2643
2658
2720
2485
2228
1955
1659
1282
777
355
-104
-700
-1238
-1733
-2180
-2586
-3088
-3259
-3644
-3835
-3929
-4220
-4097
-4124
-4057
-4000
-3887
-3564
-3404
-3080
-2644
-2319
-1802
-1252
-821
-101
444
981
1574
1960
2549
2772
2869
3265
3140
3081
3034
2615
2382
1938
1473
1075
331
-21
-515
-1102
-1370
-1819
-2069
-2301
-2360
-2248
-2277
-2128
-1730
-1471
-1181
-882
-425
-156
87
471
576
859
994
1125
1370
1451
1578
1731
1777
1904
1930
2091
2073
2095
2157
2001
2008
1632
1447
1181
651
434
-99
-588
-841
-1314
-1515
-1806
-2018
-1911
-1935
-1778
-1441
-1117
-669
-125
331
1066
1594
2108
2852
3131
3669
4026
4099
4501
4330
4341
4323
3875
3742
3257
2851
2408
1668
1254
499
-208
-734
-1527
-2010
-2617
-3223
-3636
-4027
-4396
-4637
-4743
-4821
-4699
-4611
-4361
-3900
-3560
-3077
-2524
-2016
-1351
-717
-264
501
973
1347
1962
2160
2458
2764
2693
2832
2728
2529
2515
2210
1906
1732
1353
1058
811
470
324
-48
-353
-491
-891
-1211
-1383
-1694
-1843
-2108
-2250
-2202
-2403
-2291
-2143
-1973
-1642
-1320
-899
-459
20
460
928
1326
1607
2038
2227
2322
2507
2306
2265
2149
1764
1516
1153
752
340
-67
-402
-742
-1113
-1315
-1530
-1699
-1786
-1878
-1860
-1815
-1738
-1592
-1409
-1390
-1114
-960
-757
-548
-378
-16
191
369
670
863
940
1133
1155
1233
1238
1045
982
830
690
428
163
33
-330
-562
-739
-936
-1036
-1191
-1225
-1282
-1401
-1294
-1235
-1169
-997
-869
-652
-480
-331
-71
27
204
262
375
434
427
558
516
556
608
698
854
851
1124
1240
1424
1702
1737
2174
2247
2322
2556
2364
2556
2391
2321
2282
1831
1850
1608
1298
1069
750
616
215
-128
-317
-715
-928
-1350
-1627
-1732
-2249
-2327
-2432
-2695
-2499
-2639
-2456
-2096
-2072
-1583
-1254
-888
-339
-15
434
819
1066
1412
1566
1758
1895
1893
1987
1999
1947
1875
1756
1610
1397
1139
921
637
376
64
-229
-493
-760
-935
-1169
-1265
-1364
-1355
-1345
-1295
-1138
-1044
-873
-659
-398
-158
50
363
607
779
943
1011
1153
1113
979
931
644
482
223
-177
-431
-816
-1143
-1478
-1765
-1982
-2184
-2296
-2470
-2557
-2554
-2546
-2444
-2451
-2283
-2119
-2071
-1876
-1700
-1605
-1499
-1338
-1277
-1106
-1009
-895
-674
-701
-607
-477
-499
-422
-483
-503
-460
-670
-613
-635
-744
-662
-726
-616
-585
-540
-316
-288
-94
-47
93
329
250
518
542
687
883
693
1061
1025
1044
1390
1233
1574
1611
1675
1958
1782
1996
2060
1879
1940
1803
1702
1548
1272
1168
990
742
587
432
391
271
217
396
439
549
816
1019
1434
1543
1944
2322
2487
2929
2830
3168
3258
3121
3323
2937
3003
2712
2206
2212
1506
1195
650
-117
-422
-1277
-1745
-2240
-2958
-3176
-3605
-3878
-3919
-4041
-3808
-3643
-3257
-2733
-2234
-1473
-799
-75
682
1388
2144
2699
3227
3793
4055
4344
4447
4412
4300
4035
3682
3245
2652
2079
1475
659
65
-563
-1267
-1798
-2362
-2861
-3250
-3690
-3947
-4069
-4300
-4318
-4258
-4251
-3991
-3832
-3541
-3188
-2951
-2654
-2376
-2111
-1803
-1582
-1382
-1262
-1188
-1094
-1093
-1052
-1049
-1089
-1127
-1165
-1276
-1260
-1292
-1341
-1343
-1471
-1510
-1559
-1638
-1706
-1716
-1728
-1889
-1863
-1921
-1998
-1882
-1930
-1715
-1653
-1561
-1211
-1042
-708
-357
33
445
851
1212
1663
2018
2354
2688
2858
3008
3231
3251
3184
3144
3012
2922
2608
2447
2359
2003
1881
1763
1612
1539
1384
1448
1401
1356
1309
1294
1319
1166
1196
1172
1086
1153
1070
1073
1133
1167
1276
1400
1500
1690
1868
2018
2195
2289
2505
2501
2630
2699
2698
2653
2598
2567
2400
2262
2066
1948
1733
1476
1389
1173
1071
990
728
784
539
352
420
56
-38
-189
-532
-564
-995
-1134
-1359
-1798
-1887
-2330
-2519
-2783
-3099
-3200
-3537
-3487
-3571
-3761
-3406
-3494
-3278
-2877
-2798
-2333
-2127
-1794
-1381
-1214
-926
-797
-574
-402
-474
-356
-375
-487
-582
-717
-715
-899
-1122
-1077
-1339
-1454
-1498
-1642
-1615
-1733
-1770
-1680
-1703
-1724
-1634
-1592
-1558
-1500
-1488
-1401
-1251
-1274
-1115
-985
-1009
-842
-776
-758
-629
-525
-473
-450
-368
-276
-241
-134
-18
132
178
314
562
592
826
1028
1149
1427
1527
1790
1980
2036
2267
2276
2461
2501
2519
2705
2587
2643
2706
2613
2571
2445
2390
2255
2042
2031
1881
1710
1580
1474
1345
1215
1127
1083
983
928
867
815
844
726
724
680
555
573
557
457
467
395
478
485
338
456
421
321
283
182
165
42
-90
-208
-366
-469
-701
-845
-973
-1121
-1194
-1352
-1387
-1395
-1499
-1497
-1513
-1518
-1369
-1375
-1304
-1174
-1112
-942
-868
-707
-557
-480
-263
-214
-62
47
56
280
237
254
275
336
354
215
300
266
184
67
26
-80
-264
-367
-569
-682
-966
-1108
-1194
-1479
-1451
-1665
-1722
-1641
-1780
-1573
-1548
-1348
-1083
-1005
-610
-395
-89
175
442
714
876
1202
1230
1417
1512
1475
1570
1276
1310
1147
789
789
431
264
87
-305
-388
-750
-1033
-1112
-1506
-1569
-1804
-1930
-1802
-1993
-1759
-1625
-1552
-1194
-1073
-675
-329
-72
454
702
1172
1536
1839
2257
2376
2670
2684
2651
2630
2377
2246
1893
1537
1257
754
375
-3
-373
-684
-1054
-1326
-1469
-1621
-1745
-1778
-1784
-1622
-1622
-1465
-1177
-1063
-784
-675
-347
-102
-41
267
407
588
687
724
881
852
884
889
781
790
613
616
554
356
321
135
73
66
-152
-77
-105
-186
-72
-123
-31
11
80
160
169
211
191
164
171
124
-18
-55
-157
-312
-442
-585
-675
-863
-933
-962
-1082
-1044
-1074
-1009
-927
-887
-638
-525
-387
-95
141
409
637
856
1187
1244
1371
1574
1591
1602
1603
1486
1363
1208
977
807
502
282
78
-223
-397
-525
-745
-809
-911
-938
-882
-942
-790
-720
-613
-387
-310
-78
88
102
311
371
432
486
419
458
396
353
350
298
301
224
247
214
189
361
247
283
380
335
413
341
327
397
275
248
241
228
101
58
48
-55
-87
-252
-281
-391
-487
-474
-553
-578
-599
-636
-593
-627
-554
-526
-504
-386
-385
-264
-192
-203
-170
-222
-218
-217
-315
-405
-432
-473
-583
-566
-643
-659
-659
-667
-620
-611
-511
-477
-410
-267
-266
-41
62
148
355
415
589
645
770
846
836
946
902
883
867
850
815
643
643
549
408
315
162
155
2
-120
-106
-171
-245
-320
-277
-251
-297
-226
-137
-144
-41
-3
78
164
190
281
326
437
438
479
500
472
470
455
437
301
198
219
110
-21
45
-10
-59
-138
-91
-19
-42
-30
29
135
12
85
151
126
129
93
134
105
67
32
18
-5
-115
-179
-199
-303
-393
-476
-531
-543
-637
-639
-600
-624
-538
-496
-388
-259
-162
-1
100
185
367
445
564
627
611
694
576
546
473
307
296
94
-65
-151
-292
-426
-579
-600
-731
-780
-823
-858
-767
-851
-761
-701
-688
-565
-538
-422
-367
-341
-222
-169
-83
1
57
77
108
167
166
137
142
141
77
22
57
30
30
7
-1
75
5
58
61
103
174
147
193
237
279
306
304
393
369
374
412
337
427
326
265
304
192
192
93
-1
52
-112
-178
-164
-313
-297
-342
-400
-381
-390
-326
-325
-322
-238
-202
-87
-78
38
207
217
361
460
538
672
739
817
886
872
938
957
906
916
856
750
704
621
528
450
356
236
109
7
-86
-186
-326
-393
-471
-517
-524
-569
-479
-453
-436
-321
-240
-103
-44
50
164
227
330
356
375
428
368
306
210
133
6
-198
-300
-464
-623
-747
-937
-968
-1084
-1147
-1102
-1147
-1017
-1002
-860
-611
-582
-332
-175
-49
154
225
445
439
499
572
448
511
417
282
229
45
-40
-180
-292
-353
-530
-602
-634
-720
-736
-750
-768
-710
-686
-633
-542
-483
-418
-310
-258
-131
-19
-4
154
205
275
383
368
431
459
454
493
476
524
516
472
474
385
404
308
229
203
77
75
-38
-35
-20
-87
-63
-90
-75
-22
-24
8
41
57
125
159
238
313
371
433
524
630
694
745
758
797
823
773
766
757
685
597
505
422
348
180
59
-13
-159
-246
-298
-374
-441
-420
-457
-440
-407
-397
-291
-232
-157
-13
57
179
246
350
476
513
607
652
716
732
752
775
728
670
607
508
406
282
161
38
-78
-231
-341
-465
-594
-645
-759
-826
-872
-905
-910
-917
-902
-869
-827
-779
-688
-598
-536
-458
-390
-322
-249
-250
-225
-173
-203
-164
-129
-135
-100
-145
-138
-114
-192
-186
-236
-266
-269
-332
-281
-324
-347
-313
-362
-346
-352
-374
-349
-390
-353
-342
-355
-356
-350
-298
-308
-262
-266
-236
-169
-154
-67
-48
21
78
129
223
251
350
369
437
498
501
577
549
560
586
541
520
482
458
373
323
271
187
132
49
50
-1
-17
32
61
100
163
261
356
384
497
579
639
737
736
824
825
817
818
755
723
672
632
571
506
457
390
325
264
212
178
126
102
118
115
82
99
119
104
136
125
133
151
78
113
62
18
-21
-91
-88
-180
-206
-218
-277
-284
-304
-268
-273
-316
-286
-303
-294
-296
-303
-281
-297
-310
-294
-349
-390
-428
-488
-527
-605
-604
-640
-692
-681
-706
-719
-755
-771
-764
-808
-792
-788
-778
-740
-730
-687
-634
-619
-564
-524
-467
-413
-369
-285
-244
-183
-136
-101
-70
-27
-24
7
16
45
63
64
80
102
106
111
174
143
168
212
199
249
259
290
311
314
360
364
410
430
438
483
497
525
552
569
578
600
607
606
607
608
610
564
549
528
484
449
400
388
347
302
277
242
243
191
171
160
119
133
123
142
139
152
189
175
218
229
248
270
273
295
286
310
299
286
281
244
244
215
196
177
132
113
72
22
-5
-62
-87
-135
-186
-199
-223
-235
-280
-273
-300
-316
-311
-334
-329
-341
-346
-339
-355
-358
-361
-393
-378
-418
-430
-414
-457
-446
-465
-483
-458
-482
-482
-473
-484
-466
-469
-465
-449
-456
-424
-396
-392
-341
-321
-285
-238
-202
-174
-136
-105
-106
-77
-77
-70
-58
-52
-39
-53
-42
-42
-63
-43
-40
-30
-16
5
14
30
43
69
78
90
114
99
111
117
107
132
122
118
142
122
148
139
146
161
153
177
165
191
224
228
276
287
304
356
356
399
402
429
456
441
485
450
462
458
434
433
386
383
342
322
295
245
209
164
121
75
47
4
-44
-63
-92
-130
-113
-145
-130
-138
-125
-90
-99
-51
-39
-11
33
59
94
126
134
173
185
184
203
186
171
139
114
87
47
7
-18
-59
-94
-120
-173
-188
-222
-242
-275
-317
-322
-343
-359
-357
-362
-366
-364
-355
-350
-338
-302
-293
-255
-245
-221
-186
-178
-131
-97
-95
-47
-53
-44
-8
-25
-9
-14
-23
-41
-62
-73
-94
-91
-128
-130
-143
-161
-152
-178
-161
-147
-157
-144
-135
-115
-95
-77
-48
-21
-2
19
53
65
91
113
123
138
135
155
163
166
184
182
200
195
188
190
180
188
184
192
193
193
202
190
196
204
197
185
168
163
159
156
155
151
136
136
125
108
124
117
127
134
137
157
160
186
194
202
202
202
206
197
180
169
153
123
101
65
47
13
-6
-28
-58
-67
-94
-102
-117
-130
-127
-140
-135
-146
-147
-151
-152
-147
-147
-148
-155
-140
-155
-145
-147
-155
-146
-167
-155
-176
-164
-165
-187
-167
-199
-201
-199
-210
-193
-213
-198
-211
-217
-199
-197
-167
-156
-131
-95
-91
-56
-32
-5
19
25
49
41
57
55
42
44
29
28
14
1
-5
-19
-30
-47
-42
-49
-63
-68
-80
-83
-81
-74
-84
-75
-88
-80
-66
-52
-36
-22
7
16
34
76
103
126
147
160
178
181
218
218
210
221
212
222
206
202
197
169
176
161
161
145
132
126
112
117
101
92
73
58
66
60
63
75
61
60
52
54
66
59
65
36
38
34
14
21
-1
-20
-38
-44
-57
-71
-69
-86
-93
-102
-87
-92
-92
-73
-75
-75
-54
-38
-49
-40
-38
-24
-24
-25
-14
-31
-39
-22
-33
-35
-33
-56
-54
-84
-83
-88
-103
-107
-122
-133
-129
-123
-126
-114
-129
-121
-108
-98
-74
-75
-62
-46
-41
-20
-8
-8
-1
18
14
27
40
34
40
31
42
38
24
27
15
-5
7
3
4
1
-1
5
-11
15
16
21
15
15
25
29
56
50
52
58
60
66
75
75
65
70
55
62
58
47
47
33
40
40
42
47
29
37
31
29
51
32
36
21
27
28
19
30
34
19
30
30
37
50
31
36
9
22
26
18
21
11
1
8
1
7
10
-16
-7
-17
-10
-3
1
-3
-15
-6
-18
0
-8
-22
-18
-37
-19
-24
-29
-20
-27
-18
-16
-14
-4
6
-3
4
20
34
36
43
49
41
60
68
70
56
43
34
28
27
11
7
-29
-34
-43
-62
-61
-86
-88
-99
-109
-95
-103
-111
-106
-100
-98
-84
-79
-68
-65
-69
-54
-50
-30
-38
-43
-23
-21
-18
-3
-3
-7
3
5
10
22
29
30
36
30
43
39
36
41
33
20
19
29
15
-1
-6
-15
-22
-10
-11
-17
-22
-15
-5
9
19
17
25
31
52
65
72
73
66
62
69
65
62
55
40
30
23
19
11
-3
-2
-5
-8
6
1
3
2
4
11
8
18
26
14
15
19
13
12
16
12
-1
-3
8
3
0
6
-11
-17
-19
-17
-20
-26
-34
-31
-35
-32
-31
-41
-46
-44
-40
-37
-28
-33
-37
-38
-36
-37
-35
-37
-49
-52
-48
-47
-56
-52
-59
-56
-53
-51
-42
-40
-29
-29
-18
-21
-5
3
6
15
15
24
25
39
36
36
44
45
50
43
52
38
38
40
31
32
15
17
1
1
-3
-7
-15
-14
-23
-22
-16
-25
-20
-28
-26
-27
-18
-13
-2
-2
16
28
34
57
56
70
75
86
99
101
108
109
108
116
113
106
104
84
80
67
45
46
30
24
23
6
3
-2
-8
-12
-12
-10
-17
-3
-12
-7
-5
-22
-11
-29
-19
-20
-30
-24
-38
-39
-44
-52
-48
-54
-50
-47
-51
-41
-45
-38
-42
-35
-40
-31
-19
-26
-12
-20
-17
-12
-21
-14
-15
-16
-7
-12
-8
-14
-12
-15
-16
-13
-7
-7
-12
4
-9
0
3
-6
6
-13
1
-2
-10
2
-15
-8
-9
-14
-12
-19
-19
-19
-27
-28
-26
-27
-35
-34
-30
-38
-31
-33
-30
-29
-24
-24
-22
-14
-19
-13
-10
-6
-5
4
1
4
12
7
16
21
15
18
17
12
17
11
14
11
11
11
10
10
11
14
10
15
14
20
27
20
23
16
17
23
15
22
19
14
16
8
4
6
1
3
7
11
14
15
17
15
19
26
24
33
41
48
58
57
63
63
72
73
76
76
67
71
60
59
57
48
47
32
33
25
10
15
-4
-10
-12
-17
-25
-27
-26
-32
-30
-34
-40
-39
-38
-38
-40
-38
-37
-38
-31
-37
-35
-36
-42
-35
-39
-38
-32
-36
-34
-28
-25
-28
-23
-27
-24
-21
-24
-20
-21
-19
-20
-21
-20
-25
-26
-28
-31
-24
-32
-27
-30
-31
-33
-29
-31
-36
-26
-33
-26
-22
-25
-21
-18
-18
-17
-11
-16
-7
-8
-10
0
-7
-6
-5
-2
-6
1
2
-4
7
4
2
13
9
9
15
13
12
16
13
17
19
14
22
16
18
22
24
21
32
36
37
47
46
54
55
67
65
70
66
68
67
56
59
50
47
41
43
25
27
23
12
11
7
0
-5
0
-7
-8
-9
-9
-13
-5
-5
-6
-8
-11
-9
-9
-14
-12
-12
-20
-8
-14
-14
-12
-11
-13
-7
-5
-13
-2
-5
-2
3
10
7
10
15
11
19
14
19
23
13
11
8
1
-1
-4
-11
-17
-19
-27
-29
-38
-43
-43
-46
-44
-45
-38
-45
-41
-38
-36
-32
-35
-31
-16
-17
-15
-2
-7
-2
-5
1
-3
2
-5
0
2
-10
-5
-14
-9
-20
-10
-18
-17
-21
-28
-20
-27
-26
-29
-16
-26
-20
-20
-25
-21
-17
-12
-9
-1
-1
12
11
8
15
19
13
18
21
26
25
21
29
26
18
17
21
16
10
7
13
12
12
14
7
4
10
9
3
10
17
19
19
23
32
30
31
36
42
42
38
37
39
38
33
32
34
27
22
16
10
5
-6
-4
-9
-11
-10
-4
-15
-13
-10
-16
-11
-14
-10
-10
-17
-11
-5
-14
-10
-6
-2
-2
-4
-3
1
-2
-4
5
3
8
-2
7
4
-3
0
-4
-4
-4
-4
-5
-6
-14
-13
-14
-15
-14
-14
-16
-13
-18
-9
-12
-14
-10
-13
-12
-19
-17
-15
-16
-20
-10
-7
-12
-10
-5
-2
-3
-5
2
3
-2
-1
5
4
8
6
9
12
8
8
7
1
4
1
4
4
0
7
-4
-9
-6
-9
-16
-10
-11
-2
-7
-12
-3
-7
-11
-9
-4
-8
-5
-5
6
4
0
8
6
9
11
16
10
