SAMPLES:	10243
BITSPERSAMPLE:	16
CHANNELS:	1
SAMPLERATE:	16000
NORMALIZED:	FALSE
0
0
0
0
0
0
1
0
-1
0
0
0
1
-1
0
0
0
0
1
0
1
0
1
0
0
0
0
1
0
0
-1
0
-1
0
0
0
-1
-1
0
0
0
-1
0
-1
0
0
0
0
0
0
-1
1
-1
1
0
0
0
1
0
1
0
-1
0
1
-1
0
0
0
0
0
0
-1
0
0
0
0
0
0
1
-1
0
0
0
0
0
0
0
-1
1
-1
0
0
0
0
0
0
0
1
0
0
0
1
0
0
0
0
0
0
0
0
0
0
1
0
0
0
1
0
1
0
-1
0
-1
1
0
1
0
0
0
0
-1
0
0
1
-1
0
1
0
0
-1
1
0
0
0
0
0
0
0
0
0
0
1
-1
0
0
0
0
0
0
0
-1
0
0
0
-1
0
0
1
0
1
0
0
0
1
1
0
0
0
0
-1
0
0
-1
0
0
0
0
-1
0
0
0
0
1
0
-1
0
0
0
0
1
-1
-1
0
0
0
0
0
-1
0
0
1
-1
0
0
-1
0
0
-1
-1
0
0
-1
0
-1
1
0
-1
0
-1
0
-2
1
0
1
0
-1
-1
0
0
1
0
1
-1
1
0
0
-1
1
0
-1
0
0
1
0
0
0
0
-1
0
1
0
1
0
0
-1
1
0
1
0
0
1
1
0
0
0
0
1
-1
1
0
1
-1
1
-1
0
0
0
0
0
0
-1
1
0
0
0
0
1
0
0
0
0
0
0
0
0
0
0
1
0
0
0
0
0
0
1
-1
0
0
0
1
0
1
-1
1
0
0
0
-1
0
-1
0
-1
0
0
0
0
0
0
-1
0
-1
2
-1
-1
0
0
0
0
-1
0
1
0
1
0
-1
0
0
0
1
-1
1
1
0
1
-1
0
0
1
-1
1
0
-1
1
0
2
-1
1
-1
1
-1
0
1
0
1
0
1
0
0
0
0
0
0
1
0
0
-1
-1
-1
0
-1
-1
0
-1
-1
-1
0
-1
0
1
-1
0
0
-1
-1
-1
0
0
-1
0
0
0
0
0
-1
1
0
0
-1
0
-1
0
-1
0
-1
-1
1
-1
0
-1
-1
0
1
-2
-1
0
-1
0
-1
-1
1
-1
0
0
-2
0
0
-1
0
0
-1
0
-2
0
-1
1
1
-1
2
-2
2
-1
1
0
1
0
0
1
0
2
0
0
1
0
1
2
-1
1
1
0
3
0
1
1
1
1
1
2
0
1
1
1
1
1
1
0
1
0
1
0
1
1
0
1
0
0
0
0
0
-1
1
-1
0
-2
-1
0
-1
-1
-1
-1
0
-1
0
1
0
1
-1
1
0
0
1
-1
2
-2
2
-1
1
0
-1
1
-1
1
-1
0
0
0
-2
0
-2
1
-3
0
-2
0
0
-1
0
-3
3
-3
1
0
-2
0
-1
-2
-1
0
-2
0
0
-1
1
-1
1
1
1
1
2
-1
0
2
0
0
1
-3
2
-2
-1
-2
-1
-3
-1
-3
-3
0
-5
1
-3
0
-1
0
-1
3
-1
2
2
0
3
3
3
1
4
0
3
0
-1
2
-2
2
-3
0
-2
0
-2
-2
-1
-1
0
-1
2
-1
2
0
1
3
0
3
2
0
3
1
1
1
2
-2
5
-2
1
1
0
3
0
2
2
2
2
5
1
3
2
3
2
1
0
0
1
1
-2
0
-3
0
-1
-2
-1
-2
0
-3
1
-3
1
-2
-1
-1
-1
2
0
-2
2
-1
2
0
0
-1
0
-1
0
1
-3
3
-3
0
0
-1
-4
1
-5
0
-3
-3
-1
-6
1
-5
0
-3
-2
1
-1
1
1
1
0
4
-1
1
5
-1
2
-1
1
1
-2
0
0
-2
0
-2
-4
0
-3
-2
-2
-1
-2
0
-2
1
-3
0
0
-1
1
-2
0
0
0
1
-3
3
-2
3
-1
3
1
2
4
0
5
2
5
0
5
1
3
1
0
3
-2
2
-2
0
-3
1
-3
0
-1
-2
3
-5
5
-3
5
1
1
4
-2
8
-1
1
2
0
-1
0
-3
-6
-6
-2
-12
-2
-16
-5
-10
-9
-9
-5
-15
-6
-9
-16
1
-19
-1
-10
-13
-5
-12
-5
-3
-15
3
3
-7
19
-3
21
12
20
28
18
36
27
30
34
25
34
25
21
26
8
23
8
6
14
-6
11
-6
5
0
-3
7
-5
7
1
11
2
6
13
-13
23
-16
5
5
-27
15
-32
2
-28
-24
-29
-37
-22
-44
-17
-45
-30
-25
-38
-9
-43
-5
-23
-17
2
-22
18
-18
14
-12
12
3
-2
13
-16
4
1
-14
-6
0
-36
15
-45
-4
-14
-38
9
-26
-2
7
-14
18
13
8
43
15
45
35
26
52
28
52
29
44
21
18
36
12
15
22
-9
11
4
-17
13
-25
5
-15
-26
-16
-34
-20
-41
-12
-47
-26
-11
-59
-10
-41
-21
-7
-45
25
-44
14
28
-9
59
25
41
64
35
69
48
64
65
51
54
38
43
19
18
21
-7
5
-2
-12
-8
-20
-12
-14
-31
23
-41
13
-5
-27
36
-30
34
-19
-4
3
-34
16
-44
-10
-41
-30
-24
-41
-23
-54
-10
-64
3
-32
-25
-19
-35
6
-54
9
-27
-31
8
-48
14
-6
-9
20
8
9
25
12
-4
5
-18
-14
-36
-43
-61
-77
-67
-106
-65
-109
-65
-56
-59
1
-38
3
31
23
83
57
77
82
82
85
51
47
36
9
-9
-38
-11
-46
-83
-54
-102
-76
-88
-103
-81
-65
-46
-53
-38
8
23
75
58
129
134
153
183
214
181
189
197
162
144
91
79
33
-5
-54
-128
-178
-210
-235
-295
-301
-334
-326
-298
-325
-245
-183
-182
-77
-41
-53
97
113
143
205
217
244
278
288
353
333
384
367
411
442
391
466
383
377
394
311
278
226
94
79
-26
-106
-135
-171
-228
-249
-244
-254
-170
-208
-263
-177
-195
-141
-159
-251
-146
-133
-194
-173
-212
-143
-148
-116
-60
-40
-22
78
48
156
267
249
265
306
466
320
474
375
264
455
88
128
71
-267
-147
-524
-570
-716
-948
-867
-1159
-1104
-1037
-1106
-893
-894
-558
-592
-300
-39
-55
394
265
628
564
598
778
440
733
387
175
359
-278
-7
-403
-604
-326
-892
-486
-574
-639
-321
-308
-207
144
191
399
714
718
1056
1401
1278
1870
1778
1724
2336
1791
2285
2003
1743
1891
1356
1266
1054
611
423
84
-339
-321
-708
-940
-964
-1245
-1368
-1171
-1493
-1291
-1176
-1335
-1060
-1172
-992
-847
-936
-776
-826
-866
-775
-969
-870
-988
-1081
-1086
-1096
-1144
-1222
-1123
-1176
-1153
-1201
-1178
-1166
-1252
-1231
-1395
-1312
-1321
-1491
-1299
-1334
-1288
-1039
-1040
-745
-571
-195
146
453
1055
1364
1919
2459
2960
3534
4006
4484
4843
5247
5574
5769
5778
5834
5410
5231
4673
4009
3318
2180
1522
252
-862
-1527
-2990
-3409
-4363
-5150
-5179
-5878
-5725
-5792
-5604
-5028
-4686
-4135
-3483
-2880
-2130
-1382
-889
-317
348
634
1262
1397
1630
1850
1987
2143
2102
2204
2209
2185
2185
2290
2103
2171
2072
1880
1747
1542
1144
881
310
-344
-791
-1621
-2117
-2996
-3766
-4210
-5020
-5372
-5687
-5940
-5880
-5781
-5509
-5012
-4289
-3549
-2772
-1880
-1028
-50
723
1630
2276
2824
3586
3899
4474
4795
5073
5670
5818
6053
6551
6687
7176
7252
7243
7479
7087
7111
6336
5685
5036
3568
2745
1216
-546
-1683
-3425
-4607
-5918
-6935
-7728
-8277
-8234
-8309
-7776
-7008
-6423
-5368
-4186
-3181
-2094
-1206
-285
446
1195
1261
1492
1648
1468
1546
1119
1054
949
728
938
898
1237
1563
1641
2123
2414
2687
2881
2799
2701
2375
1744
1058
238
-951
-2167
-3330
-4558
-5654
-6694
-7589
-8142
-8488
-8575
-8276
-7911
-6994
-6201
-5125
-3647
-2456
-1046
230
1292
2439
3550
4364
4985
5757
6138
6624
7087
7258
7783
7971
8460
8769
8823
9437
9309
9730
9604
8923
8988
7818
7160
6055
4001
2826
723
-1129
-2716
-5031
-6342
-7940
-9115
-9467
-10123
-10054
-9567
-9075
-7886
-6599
-5544
-3742
-2506
-1387
-21
576
1488
1827
1619
1886
1315
821
478
-224
-508
-739
-1185
-1074
-900
-675
114
500
999
1721
2128
2595
2722
2649
2467
1810
997
-2
-1360
-2441
-3799
-5397
-6472
-7631
-8532
-8877
-9149
-9232
-8831
-8095
-7329
-6069
-4871
-3537
-2267
-1054
390
1293
2421
3382
3618
4470
4932
5252
5830
6068
6715
7067
7852
8414
9161
10103
10546
11478
11655
12115
12290
11572
11429
10061
8829
7457
5129
3330
846
-1607
-3483
-5566
-7569
-8989
-10063
-10772
-10900
-10744
-10097
-9232
-8033
-6564
-5137
-3717
-2112
-1017
-61
882
1126
1477
1476
894
635
209
-709
-1048
-1534
-1833
-1623
-1751
-1256
-764
-94
925
1372
2191
2705
2924
2964
2746
2300
1330
451
-1035
-2594
-3615
-5229
-6327
-7477
-8516
-8853
-9285
-8911
-8685
-8059
-6994
-6108
-4702
-3458
-2173
-923
286
1293
2082
2923
3586
4144
4724
5298
5840
6435
7234
7967
8935
9882
10613
11673
12409
13010
13171
13334
12711
11947
10809
8870
7095
4831
2214
-201
-2936
-5237
-7292
-9084
-10302
-11142
-11589
-11342
-10635
-9546
-7951
-6449
-4772
-2993
-1351
84
1339
2147
2451
2414
2224
1858
1378
490
-444
-1175
-1776
-1792
-2083
-2189
-1827
-1498
-709
-157
580
1167
1201
1604
1315
1072
398
-719
-1906
-3302
-4514
-5882
-7368
-8410
-9573
-10223
-10300
-10347
-9713
-8724
-7669
-6150
-4408
-2751
-961
925
2154
3599
4816
5752
6965
7303
8076
8613
8817
9625
9779
10560
11132
11470
12182
12311
12973
12767
12239
11941
10649
9523
7469
5350
3186
589
-1768
-4634
-6838
-8857
-10473
-11688
-12490
-12584
-12396
-11339
-10126
-8528
-6506
-4807
-2655
-793
697
2111
3060
3848
4151
3767
3474
2916
2103
1403
378
-635
-1129
-1766
-2030
-1939
-2123
-1790
-1511
-1234
-803
-607
-596
-446
-856
-1358
-1821
-2718
-3617
-4731
-6034
-7054
-7851
-8715
-8940
-9177
-9032
-8125
-7323
-5726
-4383
-2830
-982
563
2553
4103
5574
6842
7880
8780
9205
10226
10488
10832
11308
11097
11800
11929
11762
11980
11488
11046
10371
9172
7846
6227
4436
2328
-122
-2560
-4590
-6861
-8996
-10237
-11936
-12514
-12748
-12733
-11712
-10718
-9406
-7461
-5629
-3425
-1451
255
2026
3382
4251
5028
5267
5053
4828
3886
3184
2309
1052
379
-409
-1285
-1678
-2038
-2280
-2038
-2209
-2173
-1906
-1942
-1781
-1888
-2319
-2558
-3178
-3912
-4456
-5638
-6389
-6938
-7813
-8280
-8423
-8525
-7878
-7251
-6551
-5103
-3787
-1976
178
1597
3675
5575
7120
9127
10328
11602
12633
13374
14227
14583
14537
14977
14775
14009
13828
12133
11388
10054
7832
6543
3559
1502
-500
-3547
-5040
-7813
-9573
-11107
-12390
-13003
-13484
-13148
-12822
-11783
-10594
-8970
-7046
-5488
-3211
-1919
-253
1301
2256
3415
3810
3838
3851
3628
3407
3142
2303
1745
1479
1001
801
628
179
558
219
-201
-183
-592
-878
-1319
-2635
-3230
-4077
-4850
-6015
-7147
-7763
-8304
-9053
-9407
-9208
-9261
-8744
-7858
-7247
-5852
-4599
-3048
-1463
551
2282
3952
6373
7959
10244
11628
13305
15296
16277
17748
17981
18884
19479
18853
18512
16709
15748
13818
11309
8843
5207
2567
-715
-3657
-6337
-9426
-11341
-13769
-14518
-15622
-15903
-15378
-15603
-14059
-12778
-11469
-9181
-7762
-5888
-4297
-2797
-1649
-205
646
1011
1734
1509
1695
2039
1737
1980
1773
1536
1850
2228
2437
2538
2732
2686
2761
2381
1724
1206
289
-1251
-2631
-4305
-5393
-6989
-8476
-9658
-10584
-11256
-11522
-11370
-11120
-10338
-9297
-8048
-6288
-5009
-2960
-839
1001
3074
4916
7210
9214
11241
12824
14494
16414
17820
18832
19700
20369
20974
20791
19786
19045
17279
15642
12817
9973
6972
3366
36
-3000
-6435
-8932
-11812
-13965
-15077
-16196
-16470
-16350
-15867
-14963
-13150
-11717
-9838
-7753
-6499
-4460
-3029
-2089
-662
-621
185
171
8
-90
-400
-332
-328
-477
-608
-38
594
1050
1865
1990
2863
3059
2983
3251
2407
1879
706
-971
-2140
-3631
-5464
-7059
-8514
-9640
-10638
-10968
-11403
-10665
-10411
-9277
-7800
-6214
-4230
-2337
-49
2038
4214
6431
8371
10217
11769
13606
14862
16161
17076
17309
18565
18386
18638
17870
17182
16773
15091
13228
11248
8800
6684
3520
851
-2096
-4250
-6874
-9071
-10721
-12383
-12862
-13482
-13445
-12962
-12511
-11142
-9689
-8369
-6761
-5800
-4222
-3226
-2233
-2004
-1606
-1489
-1609
-1869
-2359
-2341
-2484
-2674
-2767
-2492
-2099
-1507
-1112
-986
-134
254
552
454
112
-89
-675
-1241
-2334
-3225
-4746
-5166
-6397
-7247
-7870
-8672
-8508
-8312
-8045
-7420
-6065
-5287
-3642
-1833
-246
2203
3541
5579
7845
9425
11439
12549
14346
15978
16756
17611
17960
18719
18559
17840
17804
16556
15538
13488
11378
9841
6959
4145
1477
-1271
-3176
-6374
-8309
-10038
-11185
-11910
-12845
-12795
-12248
-11199
-10305
-9145
-7664
-6319
-4840
-3702
-3123
-2261
-2070
-1930
-2079
-2515
-2812
-3108
-3433
-3502
-3890
-3716
-2996
-2688
-2304
-1971
-1494
-522
-306
-542
-692
-993
-1362
-2072
-3192
-4146
-4987
-6143
-7016
-7808
-8436
-8999
-8972
-8988
-8408
-7814
-6739
-5287
-4035
-2164
-557
1607
3734
5294
7535
9406
11050
12615
13669
15423
16742
17082
17753
17813
18508
18364
17327
17158
15769
14625
12919
10807
9258
6314
3756
1268
-1181
-3397
-6616
-8078
-9667
-10851
-11915
-12790
-12204
-11510
-10798
-9992
-8714
-6647
-5526
-3939
-3003
-2149
-1138
-1085
-831
-1409
-1736
-2080
-2705
-3213
-3792
-4059
-3664
-3516
-3361
-2964
-2263
-1412
-809
-687
-347
-436
-732
-1187
-2214
-3182
-4184
-5656
-6798
-8170
-9411
-10013
-10629
-10859
-10943
-10645
-9557
-7948
-6805
-5008
-2787
-431
2220
4374
6807
9539
11424
13303
15253
16511
18182
18151
18916
19244
18909
18508
17264
16940
15322
13774
12003
9714
8891
5672
3472
1675
-1119
-2097
-5554
-6822
-7965
-9330
-10240
-11392
-10989
-10488
-10126
-9667
-8822
-6547
-5496
-4230
-3169
-2102
-299
-333
75
70
13
-168
-943
-1582
-2037
-2557
-2910
-3072
-3023
-3080
-2794
-2280
-1907
-1568
-1607
-1470
-1824
-2147
-2768
-3708
-4605
-5955
-7139
-7951
-9119
-9952
-10531
-10896
-10588
-10540
-9807
-8531
-7246
-5612
-3777
-1363
940
3173
5547
7845
10597
12209
14215
15532
16704
18077
18161
18202
18126
16872
16633
15610
13718
12217
10020
8717
7130
4521
2504
1093
-838
-1965
-4193
-5244
-5715
-6543
-7406
-7732
-7526
-7098
-6635
-6659
-5630
-4278
-3958
-2902
-2452
-1622
-765
-1051
-937
-929
-1312
-1617
-2080
-2722
-2911
-3166
-3438
-3230
-3060
-2892
-2521
-2213
-1791
-1502
-1535
-1773
-2238
-2586
-3381
-4188
-5487
-6672
-7378
-8285
-9163
-10045
-10388
-10283
-9655
-9689
-8977
-7663
-5985
-4441
-2957
-1116
1304
3608
5502
7643
9746
11937
13604
15187
16090
17464
17895
17949
18015
16386
16738
15242
13009
11826
8821
8079
5526
2288
1056
-1365
-2366
-4852
-6292
-6879
-7269
-7758
-9012
-7800
-7572
-6737
-6137
-6101
-3813
-2816
-2479
-1470
-843
658
582
268
269
315
317
-859
-1482
-1825
-2079
-2447
-2739
-2728
-2552
-2366
-2009
-1792
-1530
-1599
-1453
-1626
-2448
-3112
-3986
-4670
-5986
-7595
-8522
-9061
-10150
-10976
-11480
-11039
-10614
-10325
-9400
-7935
-6136
-4471
-2827
-601
1802
3830
6091
8153
10275
12050
13836
15585
16552
17645
17971
18417
18953
17334
17153
15787
14626
12880
9815
8860
6181
3744
1425
-1170
-1952
-4859
-6329
-7289
-8035
-8390
-9813
-9002
-8510
-7608
-7500
-7090
-4789
-3743
-3094
-2331
-1677
405
251
87
43
401
627
-426
-999
-1516
-1136
-1790
-2131
-1963
-2187
-1660
-1757
-1388
-999
-1386
-1191
-1385
-1451
-2328
-3244
-3667
-4700
-5995
-7419
-8041
-8838
-10191
-10861
-11082
-10913
-10912
-10659
-9253
-8104
-6866
-5077
-3071
-586
1055
3526
5945
8270
10497
11733
14684
15743
17162
18231
18196
20046
18382
18214
17957
15403
15232
11631
10353
8155
4558
3004
-242
-1319
-4583
-6503
-7307
-8731
-8800
-10772
-9958
-9187
-9043
-7627
-7810
-5738
-4123
-3675
-2100
-2012
-154
69
84
377
129
567
-499
-597
-1063
-1019
-1378
-1797
-1580
-1274
-1351
-951
-1021
-158
-446
-528
-426
-968
-1097
-2318
-2790
-3936
-5167
-6457
-7457
-8218
-9649
-10633
-10813
-10727
-10813
-11091
-9600
-8228
-7065
-5800
-3979
-1059
1056
2465
4872
7421
9657
11245
12691
14559
15831
16713
17117
18006
17407
16973
16638
15254
14133
11399
9857
8654
5068
2646
64
-1319
-3203
-6701
-7822
-8475
-8680
-10225
-10819
-9432
-8435
-7677
-7519
-5913
-3614
-2468
-1684
-1336
285
1785
1100
1126
1060
1554
1249
-18
-453
-426
-63
-1242
-1529
-1174
-822
-372
-945
-609
232
-296
11
-666
-951
-1340
-2324
-3151
-4445
-5592
-6733
-7352
-8731
-9781
-10293
-10509
-10354
-10669
-10323
-8909
-7918
-6702
-5444
-3289
-821
989
2868
5151
7912
9559
11394
13335
14332
16092
16146
17065
17743
16262
16513
15205
14452
12646
9600
9121
6753
3897
1315
-1147
-1537
-4730
-6856
-8265
-8340
-8624
-10707
-9968
-9064
-7735
-7471
-7323
-4687
-2986
-2002
-1459
-673
1539
1759
1739
1370
1726
2061
1026
363
-642
-96
-423
-1611
-1356
-1806
-733
-804
-1147
-472
-571
48
-323
-1038
-1138
-2021
-2371
-3986
-4970
-6149
-6942
-7753
-9286
-9701
-9994
-9940
-10098
-10155
-8944
-7870
-7082
-5929
-4392
-2146
-514
821
2885
5314
7184
8735
9946
12503
13788
14188
15409
15784
17234
16134
15145
15869
14187
13276
10218
9021
8275
4405
2252
-547
-1184
-3396
-7097
-7575
-8642
-8565
-10264
-10968
-9189
-8650
-7682
-7853
-5866
-3484
-2801
-1459
-1095
718
2142
1729
1905
1621
2089
2005
755
-261
-403
-32
-820
-1511
-1549
-1087
75
-543
-584
455
475
959
-84
-614
-720
-1656
-2611
-4700
-5797
-6645
-7794
-9244
-10859
-10767
-10911
-11023
-11328
-11120
-8954
-7887
-7234
-5832
-3624
-1155
197
1676
3888
6571
8071
9273
11417
13253
14343
15376
15953
17625
17348
16646
17327
16164
15626
13229
11215
10873
7768
4692
2285
130
-1101
-4890
-6988
-8005
-8650
-9776
-11415
-10720
-10279
-9114
-9128
-8467
-5991
-5164
-3431
-2850
-2010
369
266
986
676
1051
1650
728
375
-377
49
-154
-721
-481
-679
413
537
673
1346
1178
2023
1421
898
147
-548
-1285
-3310
-4889
-6488
-7244
-8533
-10893
-11569
-11832
-11629
-12234
-12776
-11175
-9679
-8599
-7885
-6066
-3299
-1211
180
1919
4765
7200
8532
10421
12018
14207
15336
15751
17396
17586
18043
17475
16864
16742
15095
13169
11453
9431
7678
4254
1925
-402
-2290
-4580
-7387
-8294
-9479
-9782
-10850
-11330
-10280
-9115
-8639
-7915
-6433
-4432
-3101
-2394
-1691
-5
1057
838
975
782
1396
1223
98
25
-436
75
-406
-650
-524
183
657
610
672
1040
1565
1187
187
-472
-550
-1966
-3503
-5385
-6144
-7166
-8847
-10781
-11321
-11378
-11705
-12698
-12518
-11000
-10049
-8970
-8233
-5908
-3222
-1353
429
2569
5814
7889
9793
11965
13473
16130
16758
17790
18993
18847
19373
18271
17731
16878
14561
12845
10692
8574
5957
2762
443
-1808
-3435
-6857
-8567
-9593
-10273
-10957
-12451
-11689
-10513
-9645
-9061
-7994
-5817
-3793
-3023
-2015
-779
1040
1364
1142
1344
1578
1768
1097
230
63
115
-89
-516
-722
-339
350
368
528
549
1407
1593
927
407
-78
-522
-1732
-3580
-5024
-5977
-7225
-9220
-10520
-11263
-11657
-12096
-13054
-12098
-11319
-10252
-9461
-8222
-5782
-3786
-2187
-560
1938
4229
6176
7801
9629
11888
13317
14895
15999
17120
18110
18341
18186
18167
17518
16072
14689
12654
10720
8757
5326
3075
675
-1901
-3945
-6971
-8199
-9401
-10382
-11205
-11643
-10866
-10036
-8982
-8328
-6720
-4865
-3514
-2162
-1537
-212
859
933
902
838
825
937
-151
-690
-494
-756
-734
-1126
-875
172
507
567
1344
1873
2650
2317
1985
1773
1213
-22
-1527
-3123
-4709
-6514
-8336
-9936
-11161
-12289
-13197
-13235
-13129
-12370
-11701
-10260
-8604
-6649
-4705
-2952
-690
1448
3327
5249
6955
8728
10572
11942
13531
14673
15936
16964
17554
17880
18022
18025
17038
15995
14421
12891
11060
8128
5708
3137
773
-1549
-4674
-6600
-8052
-9354
-10349
-11427
-11289
-10544
-9712
-9087
-8149
-6282
-4639
-3166
-2481
-1328
121
578
765
655
561
645
53
-884
-1091
-1326
-1826
-1870
-2077
-1773
-1128
-1146
-366
67
603
999
856
900
465
-209
-1233
-2621
-4265
-5653
-7336
-9022
-10568
-11887
-12705
-12955
-13384
-12939
-11973
-11053
-9170
-7599
-5639
-3152
-1432
663
2908
4755
6539
8054
9425
11080
12620
13189
14572
15574
16126
17602
16966
17625
18067
16574
16760
14671
13425
12215
8848
7188
4388
1990
-373
-3472
-5301
-7264
-8371
-10293
-10892
-10927
-10955
-10023
-10184
-8542
-6740
-5806
-4337
-3266
-1651
-40
82
518
993
1519
1130
415
-164
-457
-561
-1802
-2304
-2426
-2478
-2340
-2830
-2409
-1941
-1514
-1298
-1612
-1014
-1293
-1608
-2475
-3558
-4244
-5555
-7053
-8711
-9729
-10788
-11812
-12379
-12879
-12186
-11404
-10675
-9156
-7343
-5058
-2878
-745
1342
4109
6120
7868
9731
11021
13120
13846
14819
15792
16450
17304
17453
17675
17482
17476
16669
15623
14644
12477
11192
8891
6390
4543
1372
-344
-2706
-4986
-6413
-8423
-8931
-9948
-10243
-10146
-9948
-8915
-8368
-6734
-5861
-4429
-3094
-2188
-695
-259
221
983
771
828
251
-157
-487
-1134
-1927
-2523
-2715
-3017
-3199
-3463
-3249
-2851
-2737
-2598
-2388
-2334
-2241
-2658
-3489
-4021
-4824
-5971
-7225
-8393
-9515
-10402
-11021
-11697
-11664
-11331
-10737
-9774
-8463
-6946
-5142
-3233
-1288
698
2765
4677
6863
8513
10359
12159
13578
15725
16540
17989
18983
19642
20564
19779
19980
18836
17756
16378
13337
12027
8812
6185
3757
74
-1357
-4427
-6466
-7847
-9820
-9899
-11239
-10762
-10774
-10277
-9130
-8716
-6541
-5973
-4547
-3140
-2285
-731
-345
229
894
787
1076
453
245
-229
-704
-1288
-1978
-2076
-2715
-2672
-2965
-3224
-2628
-3163
-2909
-2998
-3510
-3352
-4385
-4973
-5753
-7002
-8154
-9240
-10377
-11335
-11897
-12619
-12495
-12122
-11670
-10301
-9150
-7657
-5631
-3798
-1801
134
1855
3903
5649
7350
8787
10695
12197
13985
15343
16804
18576
19459
20796
21248
21506
21434
20740
19447
17989
15522
13126
10207
7174
4053
978
-1959
-4484
-6726
-8733
-9740
-10822
-10949
-10958
-10518
-9470
-8541
-7339
-5985
-4742
-3563
-2599
-1566
-983
-308
-368
-247
-221
-504
-1014
-1599
-1970
-2518
-2593
-3516
-3656
-3561
-3744
-3546
-3648
-3603
-2928
-3106
-2932
-3018
-3272
-3340
-4177
-4714
-5562
-6613
-7659
-8903
-9889
-10864
-11520
-12191
-12325
-12157
-11873
-10867
-9699
-8408
-6645
-5035
-2946
-849
811
3054
4750
6952
8813
10476
12360
14353
16049
17709
18959
20400
21693
22212
22666
21978
21859
20576
18849
16554
13833
11356
8016
4637
1520
-1575
-3874
-6747
-8725
-10057
-11029
-10948
-11653
-10754
-9912
-8697
-7228
-6227
-4532
-3058
-1935
-1073
-504
368
471
316
-214
-554
-1084
-1980
-2730
-3743
-3962
-4638
-5206
-5333
-5376
-5165
-5007
-5003
-4357
-4084
-3902
-3747
-3792
-3801
-4160
-4706
-5329
-6048
-6938
-7805
-8778
-9490
-10260
-10573
-10863
-10799
-10424
-9805
-8739
-7580
-6016
-4399
-2503
-769
1406
3282
5375
7258
9068
11066
12705
14541
16050
17407
18883
19951
20704
21638
21627
21732
21173
20240
19087
17284
14963
12716
9945
7047
4001
1065
-1677
-4107
-6906
-8418
-9909
-11106
-11369
-11999
-11005
-10511
-9617
-8384
-6714
-5261
-3847
-2670
-1470
-171
310
455
723
433
145
-679
-1932
-2277
-3541
-4294
-5315
-6112
-6127
-6655
-6699
-6706
-6355
-5769
-5642
-5250
-4831
-4714
-4414
-4860
-5200
-5626
-6240
-7079
-8034
-8939
-9730
-10331
-10977
-11089
-11141
-10776
-10118
-8964
-7618
-6171
-4191
-2078
225
2300
4539
7091
9218
11180
13085
14800
16593
17950
18606
19936
20333
21043
21032
20589
20564
19438
18725
17042
15429
13527
11135
8803
6245
3484
973
-1811
-3870
-6370
-8126
-9562
-10766
-11057
-12065
-11292
-10968
-9984
-8917
-8127
-6098
-4759
-3542
-2571
-1611
-319
-140
-89
-413
-527
-893
-2185
-3284
-4036
-5184
-5841
-7253
-7628
-7656
-8161
-7679
-7647
-6775
-5853
-5362
-4461
-3667
-3206
-2628
-2727
-2889
-3344
-4044
-4845
-5911
-7081
-8193
-8882
-9566
-9989
-9982
-9647
-8660
-7391
-5993
-3864
-1765
773
3321
5584
8368
10568
12815
14557
16412
17704
18673
19491
19954
20537
20040
20071
19422
19091
18122
16546
15842
14282
12725
10769
8470
7044
4752
2292
7
-2148
-3816
-5981
-7874
-9348
-9989
-10805
-11677
-11687
-11278
-10430
-9960
-9215
-7897
-6539
-5297
-4688
-3836
-2853
-2162
-2240
-2615
-2788
-2910
-3579
-5003
-5865
-6265
-6699
-7821
-8392
-8190
-7642
-7555
-7165
-6427
-5016
-4143
-3729
-2664
-2184
-1510
-1735
-2017
-2219
-2968
-3860
-4799
-5832
-6525
-7517
-7969
-8083
-8164
-7616
-7009
-5750
-4164
-2658
-796
1293
3464
5536
7497
9439
11383
12869
14432
15493
16667
17566
18095
18816
18934
19190
19012
19016
18545
17638
16941
15821
14501
12862
10535
8862
6330
4079
1324
-1401
-3490
-6032
-8054
-10103
-11449
-12380
-13086
-13540
-13246
-12666
-11726
-10894
-9460
-8177
-6753
-5574
-4654
-3549
-3142
-2627
-2594
-3117
-3290
-3896
-4544
-5495
-6115
-6467
-6677
-7109
-7119
-6417
-5741
-5226
-4320
-3558
-2296
-1454
-1175
-521
-439
-234
-876
-1402
-2161
-2872
-4001
-5046
-5787
-6421
-6874
-7052
-6915
-6181
-5513
-4455
-2657
-1250
468
2366
3981
6210
7515
8860
10538
11500
12609
13102
13950
14552
14804
15223
15376
15797
15764
15768
15828
15479
15239
14261
13582
12560
10887
9233
7202
5170
2919
139
-2111
-4481
-6666
-8864
-10745
-12003
-13062
-13644
-14154
-13925
-13253
-12425
-11369
-10252
-8793
-7157
-6114
-4923
-4126
-3174
-2790
-2862
-3237
-3303
-3800
-4604
-5442
-6088
-6167
-6629
-6963
-6625
-6065
-5199
-4639
-3686
-2177
-1271
-320
230
1058
1485
1314
929
523
-126
-1005
-2219
-3032
-3871
-4679
-5186
-5541
-5370
-4950
-4412
-3311
-2186
-802
858
2249
4044
5366
6726
8207
9102
10044
10816
11332
12014
12276
12381
13087
13090
13486
13843
13704
14561
14197
14207
14265
13311
13182
11648
10313
8956
6442
4655
1907
-570
-3023
-5972
-7887
-10381
-12071
-13609
-14684
-14873
-15363
-14728
-14230
-12660
-11255
-10087
-8111
-6504
-4770
-3568
-2851
-1705
-1304
-1231
-1625
-2150
-2359
-3376
-4198
-5086
-5350
-5782
-6331
-6073
-6056
-5124
-4575
-4039
-2748
-2121
-906
-318
261
836
906
1063
772
436
-77
-548
-1049
-1687
-2027
-2214
-2126
-1956
-1671
-938
-66
923
1863
2804
4091
4986
5755
6451
6933
7505
7581
7573
7669
7720
7543
7544
7675
7818
8333
8475
9042
9866
10310
10791
11228
11243
11576
10898
10004
9202
7493
5852
3528
1257
-1032
-3574
-6097
-8406
-10049
-11765
-13129
-13749
-14035
-13525
-13102
-12112
-10587
-9111
-7150
-5723
-4147
-2438
-1403
-376
50
216
400
-177
-702
-1684
-2419
-3117
-4231
-4981
-5395
-5672
-5578
-5847
-5404
-4383
-3940
-3004
-2376
-1301
-306
62
634
1067
1343
1281
1018
829
497
123
-487
-692
-788
-1143
-903
-734
-290
504
956
1906
2906
3494
4462
4996
5531
5963
5803
5894
5750
5402
5096
4571
4507
4246
4275
4486
4614
5466
5658
6721
7268
7758
8553
8410
8912
8249
7523
6847
5129
3874
1623
-357
-2046
-4561
-6272
-8053
-9339
-10277
-11186
-11243
-10914
-10264
-9376
-8261
-6620
-5059
-3557
-1953
-860
586
1269
1768
2007
1716
1585
632
-133
-1100
-2235
-2991
-4177
-4746
-5296
-5521
-5614
-5370
-4880
-4100
-3284
-2400
-1336
-311
634
1365
2097
2649
2944
3024
2982
2787
2543
2104
1567
1125
834
374
185
-34
-11
174
155
377
665
1023
1201
1097
1274
1198
1168
763
163
-77
-317
-762
-966
-1256
-878
-503
7
652
1773
3011
4031
5517
6331
7773
8511
8961
9364
9036
8748
7900
6409
5350
3217
1783
-296
-2180
-3479
-5235
-6035
-7144
-7327
-7219
-7070
-6359
-5607
-4331
-3192
-2128
-894
-104
964
1215
1504
1420
1091
534
-282
-1249
-2220
-3135
-4049
-4765
-5509
-5552
-5643
-5292
-4905
-4060
-3009
-1731
-705
528
1777
2984
3852
4407
5003
5211
5371
4859
4588
3946
3311
2533
1551
1011
89
-494
-1217
-1554
-2041
-2444
-2638
-3018
-3117
-3405
-3748
-3963
-4337
-4719
-4990
-5438
-5671
-5906
-5902
-5803
-5529
-5064
-4094
-3120
-2021
-342
1056
3187
4632
6345
8448
9511
11125
11733
12427
12985
12294
11958
10998
9740
8436
6237
4880
3043
1249
-228
-1860
-2540
-3506
-4062
-4342
-4245
-3776
-3663
-3184
-2578
-2022
-1480
-1594
-1324
-1235
-1344
-1736
-2464
-2548
-3186
-3477
-4068
-4480
-4173
-4117
-3887
-3624
-2761
-1646
-939
87
1128
2441
3578
4068
5004
5579
6022
6044
5634
5505
4826
4069
2893
1945
724
-344
-1677
-2883
-3698
-4858
-5640
-6459
-7033
-7605
-8095
-8568
-8773
-9132
-9479
-9636
-9712
-9837
-9785
-9697
-9274
-8671
-8260
-7172
-5997
-4852
-3138
-1646
234
2259
3721
6027
7713
9367
10740
12021
13347
13891
14528
14433
14732
14544
13529
12963
11921
10780
9556
7716
6465
4947
3369
1675
237
-733
-2055
-2985
-4033
-4367
-4444
-4861
-4974
-4643
-4141
-3729
-3324
-2815
-2175
-1287
-1164
-643
-66
283
574
540
700
973
913
734
693
656
802
437
523
447
606
570
307
508
413
407
-6
-329
-523
-1176
-1758
-2569
-3281
-3954
-5075
-5782
-6547
-7143
-7813
-8494
-8687
-9132
-9138
-9401
-9545
-9335
-9256
-9192
-9058
-8799
-8429
-8073
-7665
-7192
-6371
-5476
-4637
-3383
-2190
-595
924
2568
4409
6109
7929
9495
11263
12528
13785
14735
15548
16012
15981
16117
15493
15121
14146
12913
11987
10338
9100
7583
5782
4734
2895
1822
490
-659
-1211
-2232
-2515
-2969
-2966
-2791
-2805
-2471
-2114
-1546
-1321
-1092
-658
-441
-220
-573
-571
-532
-864
-1161
-1788
-1930
-2119
-2596
-2967
-3293
-3241
-3509
-3706
-3848
-3909
-3706
-4025
-3972
-4029
-4048
-3903
-4199
-4159
-4233
-4362
-4398
-4691
-4872
-5052
-5330
-5694
-6070
-6474
-6802
-7156
-7646
-7958
-8204
-8382
-8426
-8554
-8345
-7987
-7704
-7184
-6531
-5757
-4781
-3970
-2949
-1593
-577
769
2032
3329
4861
5960
7319
8728
9915
11023
11902
13031
13824
14461
14922
15270
15854
15569
15596
15417
14973
14837
13591
13187
12411
11156
10243
8678
7804
6407
4676
3305
1819
511
-1021
-2555
-3676
-4670
-5527
-6447
-6756
-6939
-6908
-6609
-6477
-5587
-4933
-4399
-3666
-3187
-2613
-2311
-2406
-2493
-2876
-3358
-4012
-4952
-5800
-6567
-7396
-8146
-8640
-9042
-9017
-8987
-8843
-8174
-7530
-6774
-6033
-5325
-4297
-3724
-3331
-2919
-2802
-2579
-2939
-3388
-3588
-4088
-4543
-5059
-5366
-5443
-5593
-5554
-5275
-4736
-4246
-3702
-3032
-2272
-1561
-960
-378
187
686
1105
1554
2009
2456
3021
3732
4385
5251
6127
7170
8345
9287
10339
11518
12450
13318
14095
14538
15124
15411
15318
15393
15084
14727
14345
13350
12846
11950
10913
9961
8577
7759
6266
4965
3645
2109
1088
-871
-2203
-3492
-4977
-6069
-7704
-8453
-9121
-9800
-10237
-10527
-10005
-9785
-9406
-8949
-8107
-7138
-6762
-6325
-5862
-5322
-5292
-5809
-6039
-6310
-6949
-7835
-8664
-9142
-9604
-10226
-10606
-10466
-10190
-9688
-9130
-8073
-6838
-5621
-4267
-2913
-1393
-381
852
1728
2472
3057
3057
3287
3184
3024
2562
2167
1908
1516
1311
1105
1069
1128
1194
1446
1653
1897
2080
2300
2482
2424
2405
2445
2339
2253
2121
2178
2438
2466
2904
3300
4063
4698
5392
6257
7088
8029
8387
9040
9480
9776
9858
9641
9593
9358
9099
8662
8242
8022
7635
7293
6866
6386
6152
5473
4797
4031
2929
1981
628
-735
-2151
-3703
-5180
-6656
-7768
-9125
-10155
-10605
-11193
-11319
-11401
-11080
-10173
-9814
-9114
-8347
-7523
-6704
-6660
-6242
-6168
-6216
-6594
-7290
-7484
-8037
-8623
-8969
-8998
-8638
-8393
-7762
-6719
-5346
-3876
-2539
-712
1016
2630
3982
5214
6484
7208
7712
7956
7952
7835
7423
6746
6055
5251
4471
3575
2747
1983
1301
784
150
-192
-407
-544
-646
-761
-651
-480
-389
-477
-403
-234
-217
-341
-432
-148
-1
99
343
792
1536
2074
2688
3457
4299
5178
5615
6269
6765
7238
7392
7238
7389
7236
7143
6708
6370
6330
6179
6018
5893
6021
6063
6178
5964
5946
5655
5059
4329
3197
1895
223
-1737
-3576
-5818
-8009
-9967
-11849
-13161
-14663
-15321
-15477
-15371
-14771
-14058
-12384
-10790
-9353
-7576
-5962
-4025
-2924
-2060
-1074
-519
-168
-546
-700
-688
-1078
-1535
-1892
-1633
-1348
-1263
-800
61
1168
1973
2759
3810
4920
5681
6043
6526
6768
6842
6531
5959
5509
4695
3808
2847
1819
833
-131
-1079
-1842
-2485
-3041
-3288
-3428
-3349
-3200
-2945
-2498
-2002
-1601
-1177
-931
-601
-443
-523
-611
-837
-916
-1040
-1213
-1224
-921
-470
119
743
1595
2726
3701
4590
5398
6173
6777
6865
6853
6614
6278
5691
4785
4209
3563
2990
2456
2344
2371
2582
2917
3188
3868
4137
4464
4490
4241
3742
2792
1907
356
-1218
-2900
-4767
-6184
-8065
-9414
-10333
-11211
-11452
-11774
-11341
-10544
-9739
-8598
-7277
-5612
-4269
-3123
-1821
-473
500
682
1017
1468
1519
975
349
346
175
-372
-842
-612
0
184
547
1540
2775
3613
4258
5323
6451
7016
7099
7352
7558
7094
6225
5514
4819
3667
2256
1081
390
-676
-1799
-2419
-2724
-3029
-3552
-3616
-3308
-3137
-3269
-3349
-3056
-3027
-3252
-3494
-3596
-3675
-4044
-4280
-4261
-4212
-3994
-3795
-3196
-2563
-1958
-967
28
1197
1965
2932
3981
4765
5156
5400
5704
5691
5131
4236
3685
2914
1793
475
-281
-849
-1681
-2159
-2210
-1586
-1205
-684
462
1889
3058
4080
5305
6156
6939
6865
6821
6373
5223
4133
2283
503
-1543
-3537
-5081
-7127
-8551
-9556
-10087
-10346
-10569
-9535
-8475
-7215
-6176
-4498
-2223
-956
408
1565
2962
3742
3439
3709
3719
3354
2322
1402
1113
486
-254
-770
-429
70
326
858
1982
3402
4389
5219
6238
7162
7672
7516
7427
7086
6370
5250
3901
2808
1446
183
-1093
-2133
-2824
-3518
-3842
-4063
-4069
-3849
-3746
-3396
-3340
-3131
-3143
-3369
-3531
-4143
-4628
-5338
-6052
-6562
-7130
-7383
-7597
-7413
-6882
-6240
-5119
-4008
-2604
-1031
281
1836
3041
4144
5041
5412
5806
5598
5206
4623
3767
2940
1792
779
-212
-876
-1452
-1897
-2017
-1812
-1351
-866
33
1000
2195
3266
4224
5229
6099
6603
6843
6851
6618
5909
4811
3617
2373
877
-819
-2548
-3873
-5056
-6179
-7056
-7488
-7277
-7047
-6506
-5637
-4275
-2860
-1578
-243
1168
2597
3318
3895
4395
4709
4655
3869
3401
2978
2335
1519
630
624
453
211
241
606
1637
2052
2612
3405
4350
5041
4992
5336
5489
5144
4450
3345
2723
1635
198
-1017
-2289
-2987
-4138
-4709
-4969
-5242
-4901
-4893
-4047
-3456
-2896
-2145
-1701
-1061
-1044
-1003
-1299
-1836
-2431
-3442
-4273
-5395
-6421
-7014
-7720
-8042
-8273
-7904
-7240
-6577
-5576
-4331
-2833
-1661
-487
654
1740
2318
2685
2832
2767
2477
1740
1239
540
-139
-799
-1289
-1495
-1685
-1475
-1129
-492
305
1135
2355
3376
4531
5609
6504
7472
7964
8518
8696
8694
8575
8016
7693
6852
6118
5304
4267
3616
2594
1800
1005
156
-327
-1062
-1538
-2153
-2618
-2721
-3131
-3357
-3638
-3442
-3170
-3202
-2933
-2435
-1632
-1119
-686
318
1180
1949
2368
3084
4002
4242
4541
4665
5112
5200
4717
4756
4638
4521
3956
3500
3506
3068
2584
1947
1820
1496
759
242
-297
-527
-1321
-2195
-2628
-3247
-3821
-4801
-5401
-5693
-6363
-6802
-7272
-7230
-7260
-7463
-7307
-7039
-6562
-6434
-6182
-5827
-5451
-5271
-5264
-5106
-5005
-4964
-5021
-4983
-4866
-4693
-4377
-4040
-3461
-2887
-2127
-1200
-406
557
1353
2202
2890
3371
3779
3902
3919
3697
3321
2815
2194
1505
804
132
-538
-944
-1395
-1664
-1756
-1695
-1389
-1222
-715
-128
526
1148
1623
2549
3224
3822
4309
4974
5768
6064
6521
6878
7386
7700
7537
7856
7722
7591
7277
6619
6364
5286
4642
3868
2756
1772
521
84
-869
-1866
-2462
-2761
-2632
-3098
-3067
-2548
-1969
-1480
-1227
-348
374
876
1176
1617
2095
2013
2018
1933
1819
1425
885
681
282
-256
-703
-901
-1084
-1321
-1436
-1368
-1099
-1055
-862
-414
-242
14
54
283
357
-112
-325
-780
-1121
-1913
-2775
-3290
-3979
-4430
-5253
-5541
-5533
-5849
-5759
-5731
-5302
-4881
-4811
-4337
-4041
-3691
-3502
-3624
-3437
-3516
-3597
-3766
-4021
-3999
-4170
-4036
-3955
-3800
-3379
-3017
-2367
-1891
-1298
-699
-197
375
607
905
1012
939
880
633
327
-130
-530
-830
-1217
-1529
-1806
-1762
-1688
-1587
-1293
-794
-104
553
1295
2163
3227
4183
5064
6006
6921
7897
8497
9056
9660
10192
10375
10363
10444
10445
10263
9670
9237
8909
8310
7514
6552
6076
5363
4360
3475
2708
2342
1456
629
128
-211
-580
-1311
-1626
-1792
-2045
-2367
-2772
-2733
-2909
-3072
-3201
-3242
-2996
-3097
-2911
-2701
-2436
-2090
-1910
-1470
-1184
-912
-638
-415
-176
-86
-59
51
59
15
-42
-109
-71
-190
-315
-434
-508
-666
-954
-1241
-1500
-1833
-2264
-2636
-3061
-3417
-3783
-4160
-4425
-4777
-5000
-5246
-5504
-5665
-6002
-6176
-6406
-6650
-6830
-7164
-7295
-7446
-7557
-7690
-7687
-7531
-7377
-7109
-6796
-6215
-5662
-5034
-4274
-3501
-2604
-1728
-831
72
978
1798
2620
3323
3884
4466
4869
5117
5199
5211
5152
4935
4586
4257
3933
3520
3277
2988
2878
2874
2978
3379
3691
4227
4950
5735
6541
7204
8040
8835
9414
9752
10007
10245
10119
9753
9204
8604
7820
6805
5756
4623
3537
2330
1200
176
-880
-1723
-2563
-3174
-3715
-4198
-4439
-4605
-4603
-4648
-4526
-4201
-3919
-3596
-3299
-2812
-2267
-1942
-1526
-1103
-661
-330
-159
189
396
507
595
656
748
638
589
522
418
235
-29
-120
-372
-667
-953
-1250
-1453
-1868
-2194
-2535
-2811
-3118
-3527
-3784
-4082
-4267
-4464
-4634
-4754
-4854
-4834
-4834
-4775
-4713
-4620
-4406
-4253
-4068
-3854
-3636
-3396
-3293
-3103
-2958
-2910
-2816
-2844
-2842
-2866
-2864
-2876
-2877
-2830
-2711
-2520
-2325
-2022
-1640
-1171
-742
-327
232
747
1186
1534
1845
2194
2347
2387
2414
2371
2314
2114
1899
1779
1627
1525
1490
1470
1620
1794
2067
2466
2871
3417
3995
4616
5246
5908
6580
7186
7763
8265
8785
9152
9451
9643
9758
9814
9631
9411
9050
8590
7972
7227
6434
5409
4381
3249
2118
935
-328
-1341
-2403
-3295
-4146
-4828
-5169
-5525
-5638
-5692
-5472
-5096
-4776
-4319
-3872
-3245
-2730
-2276
-1855
-1477
-1033
-804
-609
-447
-324
-187
-169
-125
-79
-92
-33
-77
-111
-124
-215
-274
-452
-636
-818
-1042
-1335
-1650
-1979
-2328
-2631
-2996
-3315
-3579
-3885
-4068
-4214
-4362
-4376
-4377
-4256
-4082
-3936
-3645
-3378
-3089
-2880
-2672
-2439
-2408
-2457
-2555
-2668
-2909
-3287
-3594
-3904
-4150
-4386
-4604
-4562
-4434
-4217
-3862
-3425
-2758
-2085
-1427
-642
75
850
1441
1925
2472
2825
3054
3097
3175
3208
3005
2815
2563
2462
2288
2055
1983
1981
2106
2209
2353
2690
3023
3406
3738
4060
4450
4738
4966
5149
5243
5359
5344
5280
5229
5140
5026
4887
4724
4572
4399
4183
3961
3667
3329
2922
2456
1920
1328
678
-73
-784
-1475
-2151
-2806
-3439
-3863
-4173
-4373
-4444
-4372
-4069
-3678
-3179
-2545
-1881
-1097
-360
402
1115
1743
2346
2738
3138
3351
3464
3502
3323
3165
2917
2617
2229
1801
1464
1037
631
242
-94
-379
-753
-1020
-1237
-1483
-1712
-1967
-2084
-2292
-2527
-2699
-2871
-3006
-3238
-3429
-3590
-3779
-3978
-4207
-4362
-4500
-4701
-4859
-4984
-5053
-5069
-5111
-5110
-5037
-4909
-4767
-4623
-4461
-4229
-4028
-3863
-3673
-3514
-3284
-3172
-3039
-2852
-2668
-2443
-2271
-1974
-1611
-1259
-871
-421
35
503
905
1260
1630
1850
2045
2079
2057
2012
1846
1698
1469
1290
1135
998
948
954
1082
1282
1580
1952
2392
2933
3471
4037
4608
5168
5677
6096
6504
6845
7095
7248
7360
7473
7434
7346
7275
7156
6986
6759
6540
6337
5989
5665
5327
4871
4417
3862
3319
2750
2062
1468
842
271
-272
-792
-1123
-1456
-1687
-1828
-1837
-1735
-1665
-1490
-1305
-1072
-840
-656
-484
-385
-314
-310
-373
-502
-708
-953
-1198
-1555
-1900
-2217
-2566
-2862
-3174
-3373
-3540
-3688
-3744
-3758
-3717
-3675
-3578
-3482
-3398
-3337
-3311
-3269
-3331
-3428
-3547
-3709
-3920
-4170
-4406
-4660
-4894
-5127
-5328
-5472
-5597
-5680
-5696
-5661
-5595
-5431
-5247
-5031
-4740
-4438
-4089
-3750
-3404
-3019
-2628
-2264
-1877
-1468
-1074
-669
-284
189
650
1093
1636
2144
2707
3257
3809
4371
4827
5294
5674
5994
6164
6206
6223
6080
5817
5452
5067
4618
4128
3630
3146
2746
2363
2060
1791
1639
1551
1503
1555
1605
1732
1863
2019
2214
2408
2623
2835
3085
3350
3600
3867
4112
4332
4527
4676
4781
4800
4746
4629
4392
4086
3656
3172
2627
1980
1322
624
-84
-699
-1323
-1862
-2324
-2717
-2976
-3192
-3320
-3345
-3298
-3211
-3102
-2916
-2715
-2528
-2353
-2186
-2031
-1925
-1883
-1866
-1862
-1898
-2014
-2151
-2281
-2462
-2623
-2777
-2923
-3008
-3080
-3117
-3005
-2877
-2734
-2499
-2223
-1920
-1688
-1449
-1205
-1045
-950
-939
-945
-1025
-1167
-1348
-1527
-1722
-1969
-2175
-2337
-2493
-2606
-2694
-2737
-2719
-2721
-2685
-2597
-2519
-2419
-2364
-2282
-2180
-2132
-2059
-2019
-1968
-1918
-1934
-1876
-1812
-1758
-1694
-1608
-1398
-1187
-962
-671
-304
125
525
946
1387
1868
2283
2647
3019
3341
3624
3774
3889
3966
3934
3845
3691
3491
3278
3015
2704
2467
2198
1925
1673
1428
1281
1122
976
860
831
848
854
892
1006
1182
1334
1532
1753
2072
2393
2695
3088
3442
3865
4226
4567
4943
5161
5375
5495
5512
5461
5256
5032
4710
4270
3790
3253
2752
2181
1631
1168
725
391
53
-161
-274
-401
-429
-450
-394
-362
-343
-277
-276
-261
-322
-418
-543
-751
-984
-1295
-1586
-1932
-2313
-2653
-3015
-3327
-3631
-3909
-4109
-4264
-4362
-4434
-4426
-4341
-4226
-4083
-3912
-3708
-3510
-3341
-3187
-3011
-2894
-2833
-2749
-2698
-2679
-2678
-2678
-2696
-2713
-2764
-2837
-2862
-2950
-3045
-3140
-3256
-3333
-3441
-3546
-3661
-3736
-3781
-3859
-3876
-3876
-3825
-3726
-3637
-3459
-3268
-3023
-2756
-2491
-2144
-1806
-1399
-993
-584
-86
378
851
1322
1805
2265
2660
3030
3369
3674
3895
4076
4202
4289
4325
4287
4243
4183
4100
3995
3879
3815
3756
3659
3614
3569
3549
3551
3495
3524
3547
3565
3619
3629
3726
3826
3883
3986
4126
4297
4442
4587
4824
5035
5234
5419
5591
5785
5847
5861
5822
5669
5451
5063
4604
4101
3464
2744
1995
1219
478
-282
-1024
-1625
-2154
-2601
-2933
-3161
-3265
-3276
-3263
-3199
-3040
-2910
-2825
-2732
-2667
-2652
-2716
-2835
-2937
-3098
-3311
-3502
-3691
-3836
-3951
-4040
-4064
-4040
-3949
-3846
-3733
-3567
-3423
-3301
-3229
-3165
-3161
-3234
-3296
-3458
-3636
-3835
-4048
-4254
-4480
-4608
-4729
-4804
-4815
-4766
-4627
-4473
-4251
-4005
-3752
-3422
-3110
-2820
-2532
-2238
-1926
-1701
-1461
-1210
-982
-768
-598
-356
-150
56
274
475
705
915
1126
1325
1550
1751
1918
2096
2265
2406
2526
2615
2701
2772
2780
2808
2822
2809
2790
2759
2738
2700
2677
2658
2679
2686
2706
2735
2806
2894
2921
3006
3097
3152
3189
3211
3263
3248
3188
3169
3080
2979
2854
2716
2615
2436
2309
2171
2061
1997
1906
1858
1841
1885
1901
1963
2053
2164
2254
2343
2488
2556
2631
2690
2741
2733
2675
2649
2555
2423
2238
2039
1817
1531
1229
909
558
205
-186
-558
-932
-1312
-1649
-2000
-2262
-2530
-2771
-2916
-3044
-3143
-3197
-3185
-3166
-3119
-3048
-2959
-2865
-2788
-2689
-2616
-2564
-2540
-2552
-2588
-2655
-2767
-2873
-3041
-3201
-3366
-3556
-3706
-3859
-3955
-4054
-4091
-4070
-4032
-3922
-3804
-3619
-3423
-3212
-2982
-2747
-2498
-2286
-2073
-1860
-1674
-1517
-1358
-1208
-1078
-985
-880
-759
-654
-567
-458
-319
-213
-83
54
193
347
466
605
736
868
997
1098
1216
1332
1421
1511
1599
1676
1732
1774
1821
1860
1875
1888
1921
1927
1921
1929
1940
1956
1944
1947
1949
1937
1930
1896
1884
1866
1832
1811
1791
1803
1819
1838
1906
1976
2077
2198
2320
2466
2611
2772
2907
3033
3151
3231
3302
3319
3332
3300
3215
3142
3015
2873
2707
2527
2354
2137
1930
1723
1506
1297
1089
893
706
525
352
196
34
-113
-258
-405
-535
-682
-825
-974
-1121
-1268
-1431
-1584
-1734
-1897
-2043
-2186
-2348
-2475
-2618
-2759
-2883
-3019
-3137
-3264
-3375
-3483
-3585
-3662
-3741
-3797
-3831
-3853
-3851
-3820
-3784
-3716
-3628
-3537
-3424
-3304
-3170
-3032
-2896
-2749
-2614
-2467
-2330
-2202
-2049
-1926
-1794
-1655
-1530
-1379
-1237
-1089
-931
-774
-606
-448
-272
-99
64
240
411
576
737
891
1045
1184
1309
1427
1511
1598
1658
1667
1692
1668
1630
1580
1495
1431
1349
1268
1197
1138
1100
1072
1070
1082
1112
1160
1219
1284
1361
1428
1504
1578
1637
1709
1761
1813
1856
1895
1932
1958
1998
2030
2058
2088
2121
2142
2164
2191
2192
2202
2190
2171
2150
2101
2056
2000
1926
1849
1768
1680
1586
1478
1378
1272
1154
1041
916
791
654
517
371
229
72
-88
-222
-385
-539
-683
-819
-955
-1094
-1198
-1315
-1407
-1503
-1594
-1648
-1725
-1787
-1839
-1883
-1928
-1972
-1995
-2025
-2038
-2042
-2045
-2023
-1986
-1947
-1892
-1819
-1738
-1648
-1557
-1455
-1352
-1257
-1150
-1060
-971
-880
-810
-729
-672
-633
-583
-564
-560
-568
-587
-627
-678
-743
-817
-885
-967
-1037
-1094
-1138
-1172
-1186
-1167
-1146
-1085
-1014
-929
-817
-708
-574
-447
-314
-178
-50
80
191
305
400
485
558
621
682
730
782
828
878
942
1002
1073
1162
1252
1347
1453
1558
1672
1773
1874
1966
2042
2115
2157
2207
2231
2243
2258
2241
2233
2209
2172
2141
2090
2047
1989
1925
1864
1787
1709
1621
1522
1418
1307
1184
1058
929
796
662
531
405
288
184
90
20
-38
-80
-100
-118
-117
-119
-128
-130
-158
-190
-239
-313
-397
-508
-634
-774
-928
-1089
-1256
-1426
-1592
-1754
-1906
-2047
-2170
-2275
-2370
-2438
-2483
-2518
-2525
-2524
-2501
-2466
-2431
-2377
-2323
-2268
-2210
-2153
-2090
-2037
-1978
-1927
-1873
-1818
-1769
-1704
-1649
-1590
-1518
-1453
-1376
-1301
-1227
-1142
-1066
-991
-913
-837
-759
-687
-609
-519
-433
-340
-241
-134
-16
97
222
358
487
627
764
904
1043
1173
1304
1424
1539
1644
1740
1832
1907
1976
2031
2080
2113
2131
2143
2137
2123
2099
2055
2005
1943
1868
1789
1701
1610
1523
1437
1356
1278
1209
1150
1090
1042
996
960
933
900
881
855
838
825
798
784
762
736
714
675
640
595
542
484
410
336
250
159
65
-45
-142
-244
-350
-446
-549
-635
-717
-798
-863
-925
-972
-1009
-1042
-1060
-1076
-1080
-1080
-1078
-1071
-1068
-1058
-1050
-1047
-1037
-1024
-1004
-985
-961
-923
-881
-828
-774
-715
-648
-581
-516
-455
-393
-337
-286
-241
-211
-184
-168
-162
-168
-189
-218
-257
-311
-374
-452
-531
-615
-706
-795
-885
-965
-1033
-1100
-1150
-1191
-1216
-1227
-1232
-1219
-1192
-1152
-1100
-1042
-970
-887
-797
-699
-605
-503
-390
-283
-170
-62
56
180
298
421
543
671
804
925
1052
1170
1285
1398
1490
1579
1654
1715
1767
1798
1820
1827
1825
1809
1774
1740
1691
1637
1574
1494
1416
1333
1244
1147
1050
957
859
771
674
585
507
430
364
298
241
201
163
132
106
88
80
71
61
55
48
41
28
10
-9
-29
-50
-81
-113
-147
-180
-216
-257
-293
-327
-356
-381
-408
-423
-433
-434
-431
-426
-409
-389
-364
-336
-312
-277
-241
-213
-185
-165
-145
-130
-125
-129
-139
-153
-177
-211
-252
-300
-352
-405
-468
-531
-593
-656
-721
-789
-853
-912
-972
-1033
-1094
-1148
-1197
-1240
-1281
-1314
-1336
-1347
-1345
-1337
-1315
-1277
-1233
-1178
-1121
-1057
-987
-918
-855
-793
-735
-676
-623
-579
-534
-494
-450
-408
-366
-318
-263
-198
-131
-53
34
127
231
332
440
552
661
771
869
967
1056
1136
1210
1269
1324
1369
1404
1426
1441
1451
1453
1453
1442
1428
1414
1395
1375
1347
1318
1284
1243
1197
1140
1083
1020
950
873
794
722
646
572
501
431
377
321
270
229
195
170
146
128
114
106
101
91
83
75
66
58
44
30
11
-6
-25
-46
-69
-92
-112
-139
-167
-196
-225
-253
-290
-326
-361
-396
-433
-472
-511
-548
-585
-624
-664
-703
-740
-780
-821
-863
-908
-947
-988
-1032
-1070
-1109
-1140
-1166
-1192
-1209
-1219
-1224
-1221
-1216
-1202
-1179
-1150
-1118
-1080
-1035
-984
-931
-875
-818
-755
-688
-623
-557
-489
-419
-350
-284
-220
-153
-88
-28
29
87
142
196
247
294
342
390
431
479
519
559
601
637
676
710
746
782
820
850
879
913
939
968
989
1009
1033
1048
1061
1071
1082
1089
1089
1088
1082
1075
1060
1043
1024
998
972
940
906
869
827
781
733
680
625
568
510
451
391
332
276
223
175
129
92
60
34
15
-1
-8
-14
-17
-17
-18
-16
-20
-24
-33
-46
-61
-85
-112
-143
-181
-222
-263
-306
-351
-395
-437
-477
-512
-548
-578
-605
-630
-651
-668
-684
-696
-708
-721
-730
-739
-746
-752
-757
-759
-762
-763
-761
-757
-751
-742
-729
-715
-697
-676
-652
-623
-596
-563
-528
-493
-454
-418
-382
-344
-310
-280
-250
-226
-204
-187
-179
-168
-162
-163
-163
-167
-172
-175
-179
-181
-181
-180
-178
-170
-161
-151
-134
-120
-101
-79
-57
-31
-5
21
51
80
113
147
182
215
250
284
319
351
382
412
439
466
488
508
528
541
553
566
576
584
593
599
608
614
618
627
633
636
641
642
643
645
644
641
640
636
630
626
616
612
602
593
587
576
561
547
531
509
489
462
435
406
372
340
305
270
237
200
167
135
103
72
43
15
-14
-40
-67
-94
-120
-150
-177
-206
-237
-267
-303
-336
-370
-407
-443
-479
-519
-554
-589
-624
-652
-684
-710
-730
-750
-762
-774
-778
-782
-779
-771
-762
-744
-729
-704
-677
-651
-615
-583
-549
-513
-480
-445
-416
-388
-364
-345
-330
-317
-307
-303
-298
-300
-300
-300
-304
-305
-307
-306
-303
-300
-292
-283
-272
-260
-243
-227
-209
-187
-166
-140
-112
-84
-52
-16
19
59
102
145
194
241
290
343
393
447
497
546
592
635
675
708
741
765
789
805
818
826
830
832
827
823
816
806
798
787
779
768
757
747
732
722
709
696
683
665
650
627
605
578
544
511
471
429
383
335
286
234
183
131
80
31
-16
-57
-102
-136
-173
-206
-232
-261
-285
-311
-332
-354
-376
-393
-416
-432
-451
-469
-484
-502
-516
-530
-541
-551
-560
-565
-569
-569
-566
-561
-554
-545
-535
-523
-510
-498
-483
-471
-458
-444
-433
-417
-405
-392
-378
-367
-352
-341
-326
-314
-300
-286
-273
-256
-244
-227
-212
-201
-186
-175
-163
-153
-142
-135
-125
-114
-108
-94
-85
-73
-55
-43
-21
-5
13
36
51
73
89
106
121
136
149
158
171
178
187
196
204
215
224
235
250
264
278
296
311
327
344
356
370
383
390
400
405
409
413
413
414
413
411
408
405
400
396
390
382
376
366
358
347
336
325
315
303
290
279
265
252
238
222
206
187
166
145
119
93
66
34
5
-27
-61
-92
-126
-160
-190
-224
-253
-280
-310
-333
-355
-379
-395
-412
-425
-434
-442
-447
-447
-448
-446
-442
-439
-435
-428
-425
-420
-412
-409
-400
-393
-386
-375
-366
-355
-341
-327
-309
-290
-271
-249
-224
-202
-175
-149
-124
-97
-71
-47
-21
3
26
50
70
92
113
132
151
169
183
200
213
225
236
244
249
254
256
256
255
252
247
240
232
224
214
202
193
179
167
155
143
131
121
109
100
92
82
77
71
66
63
59
57
54
52
50
49
48
47
46
46
46
48
49
52
56
62
67
74
83
91
103
114
126
137
148
160
169
179
186
194
200
204
207
208
208
205
201
193
186
176
164
151
135
119
103
84
65
44
23
3
-20
-41
-64
-86
-109
-130
-151
-171
-190
-208
-224
-240
-253
-264
-274
-280
-285
-288
-289
-288
-285
-280
-272
-264
-256
-245
-236
-224
-213
-202
-192
-180
-171
-161
-152
-144
-135
-128
-121
-114
-108
-102
-96
-91
-85
-80
-75
-69
-63
-55
-48
-40
-32
-22
-14
-4
5
15
26
36
48
57
67
78
88
97
106
114
121
130
134
140
144
146
149
151
153
153
156
156
157
159
158
160
160
159
160
159
157
156
156
154
154
152
151
151
149
151
151
150
151
151
153
152
152
153
152
154
153
152
151
151
152
151
151
151
149
149
146
144
139
136
129
121
112
103
92
80
66
51
37
22
7
-10
-25
-41
-57
-72
-87
-102
-116
-131
-146
-160
-175
-189
-203
-217
-231
-245
-257
-272
-284
-297
-309
-320
-330
-340
-349
-356
-363
-370
-376
-380
-384
-387
-388
-389
-389
-388
-385
-380
-375
-368
-360
-351
-341
-331
-319
-307
-295
-281
-268
-254
-238
-224
-208
-194
-179
-163
-149
-133
-118
-103
-89
-75
-61
-48
-34
-21
-8
7
23
39
56
75
94
116
137
162
186
211
237
263
289
315
339
364
386
408
427
445
462
476
489
500
508
516
521
525
527
528
527
524
519
512
506
495
485
474
462
449
435
421
405
388
371
352
335
315
294
273
251
230
207
185
162
139
117
95
72
51
29
7
-14
-33
-54
-71
-90
-108
-124
-141
-156
-171
-187
-201
-217
-233
-247
-263
-278
-293
-307
-323
-336
-349
-362
-372
-383
-393
-401
-408
-415
-420
-424
-428
-429
-431
-432
-432
-432
-431
-431
-429
-427
-424
-420
-416
-409
-401
-392
-381
-369
-356
-340
-323
-306
-286
-267
-245
-224
-202
-179
-155
-132
-108
-85
-61
-36
-14
9
32
53
74
93
112
131
149
165
182
197
211
224
236
247
260
268
277
285
293
300
305
312
316
320
325
327
330
331
332
333
332
332
330
327
324
318
312
305
299
289
281
270
259
247
234
222
210
196
183
168
155
140
127
113
98
84
71
57
45
32
20
8
-3
-14
-24
-33
-42
-50
-59
-66
-73
-81
-87
-93
-101
-106
-112
-120
-126
-132
-140
-146
-152
-158
-163
-168
-173
-177
-180
-183
-185
-185
-188
-188
-188
-186
-185
-183
-179
-177
-171
-167
-161
-155
-150
-143
-136
-130
-123
-115
-107
-100
-93
-84
-78
-71
-65
-60
-54
-49
-45
-41
-39
-35
-33
-31
-29
-28
-27
-26
-25
-24
-23
-22
-21
-20
-20
-18
-15
-14
-12
-10
-7
-3
0
4
9
15
20
27
33
39
46
53
59
67
74
80
88
94
99
106
110
118
123
128
132
137
140
144
146
149
151
152
153
153
153
153
150
148
147
142
137
133
129
124
117
111
104
98
93
86
80
74
69
64
59
55
51
48
43
41
37
34
32
27
26
24
19
18
13
10
7
1
-4
-9
-15
-21
-27
-33
-39
-45
-52
-57
-63
-68
-74
-78
-80
-86
-88
-91
-94
-95
-96
-99
-100
-101
-102
-103
-104
-105
-106
-108
-107
-109
-109
-108
-109
-108
-107
-107
-104
-104
-103
-100
-98
-96
-94
-91
-89
-85
-83
-80
-79
-74
-72
-71
-65
-64
-61
-55
-54
-49
-45
-41
-36
-31
-27
-22
-15
-11
-4
1
9
15
21
30
35
43
50
55
64
70
77
84
88
95
101
105
112
115
120
125
127
130
133
134
136
137
135
136
136
132
132
128
126
123
118
116
110
106
102
95
91
86
79
74
68
64
58
53
49
45
40
37
32
28
25
19
16
14
5
4
-1
-9
-12
-18
-23
-28
-35
-40
-48
-52
-59
-67
-73
-80
-88
-93
-101
-108
-112
-118
-124
-128
-134
-136
-138
-142
-143
-145
-146
-146
-146
-144
-144
-144
-138
-137
-134
-127
-127
-122
-115
-112
-106
-101
-96
-90
-86
-79
-76
-70
-64
-60
-55
-49
-45
-38
-34
-30
-24
-19
-14
-9
-4
2
8
11
19
24
26
36
38
43
49
51
57
61
63
68
71
75
76
79
82
84
87
89
90
94
96
97
99
101
100
103
103
102
105
102
102
103
99
102
98
97
98
93
92
90
86
86
82
79
77
73
70
68
64
60
57
53
50
45
43
40
35
35
31
27
26
20
17
17
11
8
5
0
-4
-8
-11
-17
-20
-23
-28
-32
-35
-40
-43
-45
-49
-52
-55
-60
-61
-65
-67
-68
-72
-73
-76
-79
-79
-81
-83
-84
-87
-86
-86
-90
-88
-89
-89
-86
-86
-84
-81
-79
-77
-72
-70
-66
-62
-58
-53
-50
-45
-42
-37
-32
-29
-24
-20
-17
-11
-8
-4
1
3
7
11
12
17
19
21
23
25
26
28
29
30
31
32
33
32
32
34
31
31
32
29
29
28
27
25
24
24
23
22
22
21
22
23
22
23
24
24
24
25
26
27
27
29
30
29
31
31
30
30
30
30
27
28
28
24
23
23
20
18
17
15
15
12
10
9
9
8
6
6
7
6
6
8
7
6
7
8
6
8
8
6
6
6
6
5
5
4
4
3
3
1
0
0
-1
-3
-4
-5
-7
-7
-9
-11
-12
-13
-14
-15
-14
-17
-17
-18
-18
-19
-19
-18
-19
-19
-18
-18
-18
-18
-18
-18
-16
-16
-17
-17
-17
-18
-17
-18
-18
-20
-20
-20
-22
-21
-23
-22
-23
-24
-24
-24
-24
-22
-21
-21
-20
-19
-18
-16
-15
-15
-13
-13
-11
-11
-10
-10
-8
-7
-6
-5
-3
-3
-2
0
1
2
3
5
6
9
9
11
11
13
13
14
15
16
16
17
18
19
18
19
20
20
21
21
21
21
23
22
23
25
24
25
27
27
28
30
30
32
33
34
34
35
34
35
33
34
34
32
31
30
28
26
25
22
20
19
17
13
12
10
8
5
3
1
-3
-5
-7
-11
-13
-15
-17
-21
-22
-25
-27
-28
-30
-33
-33
-35
-36
-37
-37
-39
-40
-40
-40
-41
-41
-40
-41
-40
-39
-40
-38
-38
-36
-35
-35
-34
-33
-32
-31
-29
-28
-27
-25
-25
-22
-21
-19
-18
-15
-14
-12
-9
-9
-6
-3
-2
1
1
4
6
6
9
11
13
15
18
20
22
26
27
31
33
35
38
39
41
43
44
46
45
47
47
47
46
47
47
46
47
46
44
45
43
41
41
39
39
36
35
32
32
29
27
26
22
22
19
16
16
12
11
9
7
5
4
2
0
0
-3
-4
-5
-7
-7
-10
-12
-12
-15
-16
-18
-19
-22
-21
-24
-26
-27
-28
-30
-30
-34
-33
-36
-37
-37
-39
-39
-41
-41
-42
-42
-43
-44
-43
-46
-45
-45
-45
-45
-44
-43
-44
-43
-42
-41
-40
-39
-38
-38
-36
-34
-33
-31
-29
-27
-25
-23
-20
-19
-16
-15
-13
-10
-9
-7
-6
-1
0
2
5
5
9
9
13
13
16
18
20
22
23
25
27
29
30
31
32
34
35
36
36
37
38
38
39
38
39
38
38
37
36
36
35
34
34
31
31
29
30
27
27
26
25
24
24
24
23
22
22
21
22
20
20
21
19
20
19
18
18
16
15
14
12
11
10
8
6
5
3
2
0
-1
-2
-4
-5
-6
-7
-7
-10
-10
-11
-11
-12
-13
-13
-15
-15
-16
-16
-16
-17
-18
-18
-20
-19
-21
-20
-21
-21
-22
-24
-23
-24
-24
-26
-26
-26
-27
-27
-27
-26
-27
-27
-27
-27
-27
-27
-27
-26
-26
-25
-26
-24
-25
-23
-23
-22
-20
-20
-18
-17
-16
-15
-14
-13
-11
-11
-9
-7
-7
-6
-4
-4
-3
-2
-1
0
1
3
4
5
6
8
8
10
10
12
12
13
15
16
16
17
16
18
17
18
18
19
19
19
18
19
19
18
19
19
18
20
20
20
20
20
20
19
21
20
21
20
20
21
20
21
20
21
