SAMPLES:	13396
BITSPERSAMPLE:	16
CHANNELS:	1
SAMPLERATE:	16000
NORMALIZED:	FALSE
0
0
0
-1
0
0
0
-1
1
1
-1
0
0
0
0
0
0
0
-1
0
0
0
0
0
-1
0
0
0
0
0
0
-1
0
-1
0
0
0
0
-1
0
-1
0
0
0
1
0
0
0
0
0
0
1
0
1
0
1
0
0
1
0
1
0
0
0
0
0
1
0
0
0
1
1
0
0
0
-1
0
0
0
0
1
1
0
0
0
-1
0
-1
0
-1
-1
0
0
0
0
0
0
0
0
0
-1
0
0
0
0
0
0
0
0
0
0
0
1
1
1
0
-1
0
0
0
0
0
0
1
0
0
0
0
0
0
0
1
0
-1
0
0
0
0
0
0
0
0
-1
0
0
0
0
1
0
0
0
0
0
-1
1
1
0
0
0
0
1
0
0
0
0
0
0
0
0
0
0
0
0
1
0
0
0
0
0
0
1
0
0
0
0
0
0
0
0
1
0
1
0
-1
0
0
0
0
-1
0
0
0
0
0
0
-1
1
0
-1
0
0
0
-1
1
0
0
0
0
0
0
0
0
0
0
0
0
0
-1
0
-1
0
0
0
0
0
0
0
0
0
1
0
0
0
0
-1
0
-1
0
0
0
0
1
0
0
0
0
0
0
0
0
0
-1
0
0
1
0
0
0
0
0
0
0
1
0
0
0
0
0
0
-1
0
1
0
0
0
0
0
0
0
0
-1
0
0
0
0
0
0
0
0
1
0
-1
0
1
0
0
-1
0
0
0
0
-1
0
0
0
0
1
0
0
0
0
0
0
0
0
-1
0
0
0
0
0
0
0
0
0
1
0
0
0
0
0
1
0
0
1
0
1
-1
0
0
0
0
0
0
0
0
0
0
-1
0
0
0
0
0
0
0
0
0
0
0
-1
0
-1
0
0
0
0
0
0
-1
0
0
0
0
0
0
0
0
0
0
0
0
0
0
0
0
0
1
0
0
-1
0
0
0
0
0
0
0
0
0
0
0
0
0
0
0
0
1
0
0
0
0
0
1
0
0
0
0
0
0
0
-1
-1
0
0
0
0
0
-1
-1
0
0
0
-1
1
0
0
-1
0
0
0
0
0
0
0
0
0
0
0
0
1
0
0
0
1
0
0
-1
0
0
0
0
0
1
1
0
0
0
-1
0
0
1
0
-1
0
0
1
0
0
1
0
0
1
0
1
1
0
0
0
0
1
-1
1
0
0
1
0
1
1
0
0
0
1
0
0
-1
-1
1
-1
0
0
0
0
0
0
0
0
0
-1
0
0
-1
0
-1
0
0
0
0
0
0
0
0
0
0
-1
0
0
0
0
-1
0
-1
-1
-1
0
-1
0
0
0
-1
0
0
0
-1
-1
0
0
-1
0
0
0
0
0
0
0
0
0
0
-1
0
0
0
0
1
1
0
1
0
0
1
1
0
0
0
1
0
0
-1
0
0
0
0
0
1
0
0
-1
0
1
0
0
0
0
1
-1
0
1
0
0
1
0
0
-1
1
-1
0
1
0
0
0
1
-1
0
0
0
0
-1
0
1
0
-1
0
1
0
1
-1
-1
0
0
0
0
-1
0
-1
0
0
-1
0
0
0
0
-1
0
-1
0
1
-1
-1
-1
-1
0
1
0
0
-1
0
0
0
0
0
0
-1
-1
0
0
-1
0
0
0
0
0
0
0
0
0
1
1
1
0
0
0
1
1
1
1
1
1
0
1
0
1
0
1
1
1
1
1
0
1
2
0
2
1
1
0
1
0
0
1
1
1
1
1
0
0
1
0
0
0
0
0
1
0
0
0
1
-1
0
-1
0
-1
0
0
-1
0
-2
-1
-1
0
-1
0
0
0
-1
0
-1
-1
0
-1
0
-1
0
-1
-1
0
-1
-1
0
-1
0
0
0
0
0
0
-1
0
0
0
0
0
0
0
0
0
0
0
-1
0
0
0
0
-1
0
-1
0
0
0
0
0
0
-1
0
0
-1
0
0
-1
0
-1
-1
0
-1
0
-1
1
0
0
0
0
-1
0
0
0
0
0
0
0
0
-1
0
-1
0
0
1
1
1
0
0
0
0
0
-1
1
1
1
0
1
-1
1
0
-1
-1
1
0
0
1
0
1
0
1
-1
1
0
1
0
0
0
-1
0
-1
0
1
1
0
1
0
0
0
0
0
1
1
1
2
0
1
-1
1
0
0
1
1
1
1
0
0
1
0
0
0
1
1
1
1
0
1
0
0
0
1
0
0
1
1
0
0
-1
-1
0
0
1
0
0
-1
0
-2
0
0
1
0
1
0
0
0
-2
-1
0
0
-1
0
0
0
-1
-1
-1
-1
-1
-1
0
-1
0
-2
0
-2
0
-1
0
0
0
-1
0
0
0
0
-1
1
0
2
1
1
-1
1
0
-1
0
0
0
0
1
-1
0
0
0
0
0
0
1
1
-1
0
0
-1
-1
0
0
0
0
1
0
0
0
0
0
1
0
1
2
0
0
1
1
0
0
1
0
1
0
0
0
0
0
0
0
-1
1
1
0
0
-1
-3
-2
-1
-1
-1
-1
-1
-1
-1
-2
-2
-1
0
0
-1
-1
0
-1
0
-1
-1
1
0
0
0
1
0
0
0
-1
1
1
-1
1
0
0
0
0
0
0
-1
0
0
0
1
0
0
1
1
0
1
0
1
2
1
1
0
2
1
1
0
1
0
2
1
1
1
1
1
1
1
2
2
0
1
0
2
1
0
1
1
0
1
1
0
0
0
-1
0
2
-1
0
-1
-1
-1
-1
-2
-1
-2
-1
0
-3
-2
-1
-1
-2
-2
-2
-1
-2
-3
-1
0
-1
-1
-2
-2
-1
-1
-1
0
0
-2
0
-1
-1
0
0
-2
0
-1
0
0
0
0
0
-1
0
0
0
1
1
-1
0
-1
0
0
-1
-1
-1
0
0
-2
0
-1
-1
0
-1
0
-1
0
-1
0
0
-1
0
0
0
2
0
0
2
2
1
2
1
1
2
1
1
2
2
2
1
2
2
2
3
1
1
2
2
1
2
2
1
2
1
1
2
2
1
1
1
2
1
1
1
1
0
0
0
0
1
1
0
1
2
-1
1
1
0
1
-2
-1
-1
-2
0
-2
-1
-1
0
0
0
-2
-2
0
1
-3
-1
0
-1
-1
-1
-2
-2
1
-2
-2
0
-2
-2
-1
-1
-2
0
-4
-3
0
-5
0
-2
-3
2
-3
-2
0
-2
-2
0
-1
-2
2
0
-2
3
-3
-1
0
-2
0
-2
2
-2
0
1
-2
1
-1
2
-3
0
0
-3
-1
-1
-1
0
1
1
1
4
3
0
3
1
2
-1
1
0
0
1
-1
1
-1
2
-1
-1
2
-4
0
-1
-2
1
-1
2
0
3
1
2
1
0
3
-1
1
3
0
3
3
2
3
2
2
0
5
0
0
4
-1
1
2
1
-1
0
0
-4
-2
-1
-4
-1
-3
-1
-2
0
0
-3
1
1
-1
1
1
-3
-1
-1
-2
-2
4
-2
2
3
0
2
-3
1
-1
-5
-1
-3
-3
-1
-1
-2
1
-1
-1
1
-2
-1
-1
-1
-2
-1
-3
0
0
-1
0
0
-1
1
2
-1
5
1
2
2
2
1
3
4
2
4
4
1
0
0
-1
0
2
5
2
5
5
2
-1
-1
-3
-3
2
2
2
7
6
2
1
1
-2
-6
0
1
4
1
3
-1
0
0
1
4
8
5
6
7
0
-5
-3
-5
-6
3
-3
4
3
-1
-2
-8
-11
-9
-10
-8
-6
-4
-2
-1
-4
-1
0
-4
1
-2
-1
-5
-5
0
-3
-3
0
-5
-6
0
-6
-5
-4
-2
-10
0
-3
-5
-3
-4
3
3
2
8
3
0
5
-1
5
5
4
9
8
3
-7
-13
-13
-24
-10
-4
1
12
9
8
3
-7
-12
-11
-10
1
8
14
10
8
1
-3
-3
-3
12
10
11
13
4
-8
-11
-16
-14
-5
0
7
11
12
5
3
1
-7
-2
5
6
22
18
15
19
1
-6
-8
-17
-12
-10
-3
0
10
15
16
21
15
17
13
8
-3
2
-6
-4
2
10
5
4
0
-2
-1
-2
-3
3
1
-7
-7
-19
-17
-17
-10
9
17
14
18
2
-1
-10
-19
-15
-20
-12
-10
-11
-8
-3
2
11
20
28
25
14
3
-17
-25
-42
-28
-22
-9
23
26
35
38
21
7
-6
-26
-22
-33
-20
-13
-14
-6
-3
8
4
3
15
13
6
2
-9
-15
-25
-26
-20
-7
1
8
19
20
17
11
8
0
-7
-9
-15
-10
-12
-7
-6
4
10
7
9
-1
-4
-7
-10
-15
-17
-17
-10
-6
10
12
14
19
14
14
12
4
-1
7
10
3
13
9
12
1
-4
2
-14
-20
-24
-20
-14
-2
6
17
20
21
5
6
-16
-17
-12
-5
5
13
35
16
21
10
-2
-6
3
18
16
32
15
9
15
-6
-12
-3
-11
6
-3
-12
-1
-38
-22
-12
-28
3
6
-6
22
3
-9
-10
-25
-12
-10
17
36
34
41
45
24
9
4
-21
-27
-30
-23
-24
-6
-6
-15
15
-12
-9
-25
-25
-30
-33
-6
-13
5
34
23
43
42
21
26
-19
-12
-42
-42
-6
-13
39
71
72
40
44
-27
-72
-84
-99
-80
-44
21
45
60
72
48
-10
-14
-63
-74
-52
-26
14
34
90
67
77
49
23
5
-27
-6
-36
-39
-18
-46
-36
-8
-45
1
-8
7
1
4
26
3
33
38
26
25
20
2
-26
-12
9
-25
51
36
35
59
6
5
-38
-19
-74
-64
-52
-86
-37
-44
-33
10
0
24
33
-13
39
-14
-29
17
-24
4
30
20
23
49
26
22
18
9
-30
-49
-48
-70
-60
-34
-15
1
45
32
35
19
28
7
9
30
25
27
42
47
15
25
15
-14
-23
-1
-38
-33
8
-28
-18
33
-34
9
1
-29
27
-4
17
32
16
-7
11
-32
-29
5
-27
-2
38
29
52
69
43
26
44
13
-17
32
-34
-3
9
-13
-28
-26
-42
-39
-26
-18
-8
-4
-19
-42
-9
-2
37
29
49
44
4
5
-18
-29
-19
1
-1
26
26
51
49
18
21
-51
-67
-65
-74
-42
-1
40
49
70
67
24
-3
-28
-79
-80
-70
-63
-1
43
37
56
54
23
-46
-56
-70
-98
-25
4
17
29
52
38
18
91
13
13
88
23
-9
4
-34
-96
-67
-109
-36
-19
38
60
35
36
-32
-91
-144
-133
-136
-55
51
29
66
84
87
91
81
61
76
34
-23
44
-77
-28
-3
-18
72
110
64
68
-16
-97
-108
-124
-120
-108
-7
32
60
77
47
38
15
15
35
46
39
32
25
46
6
31
61
25
57
13
18
-18
-36
-30
-103
-53
-95
-94
6
-79
9
72
60
77
25
-1
-40
-50
-39
-42
25
34
26
64
27
34
27
3
-4
0
-88
-9
-14
-73
-10
4
13
48
89
38
-2
40
-90
-157
-75
-140
-136
-4
-8
82
190
154
138
76
-72
-87
-156
-209
-104
-157
-69
13
115
90
165
88
18
17
-104
-115
-71
-10
-20
97
85
104
34
46
-3
21
5
24
0
-141
-84
-41
-12
95
104
117
174
69
77
-67
-72
-117
-128
-57
10
30
27
91
36
114
-24
-76
-163
-183
-91
-112
-7
96
92
190
201
107
115
-57
-118
-124
-163
-41
6
71
187
170
140
101
-21
-168
-199
-189
-156
-70
80
124
217
181
139
66
-104
-107
-164
-158
-64
-67
-31
87
137
143
99
12
-20
-119
-114
-114
-167
-81
-17
132
147
175
215
46
9
-30
-63
-94
-56
-65
-53
25
-28
57
-12
49
68
-18
8
-45
-109
-45
-57
-67
21
-19
32
69
10
40
28
-4
58
62
-24
18
-14
-109
-84
-67
-44
45
-8
24
47
24
10
-20
-31
23
-12
-2
11
-19
-20
-43
48
30
45
62
32
-40
23
-18
-19
83
-37
-5
25
-43
-47
5
-13
-18
-16
48
8
-41
-7
-66
-9
-46
-38
-15
-3
7
61
76
74
15
-24
-9
-68
-76
-33
49
11
82
60
-15
24
-35
-24
3
8
14
10
-37
-62
-127
-63
-64
-30
70
112
126
88
57
-7
-36
-79
-26
-52
25
36
33
42
-21
10
-31
-24
32
41
-4
34
-68
-68
-29
-60
-29
13
61
29
-7
28
-8
9
-2
53
63
133
141
113
86
-12
0
-120
-79
-42
-66
29
21
-48
-25
-33
-86
-22
-46
-59
-12
-50
21
-20
26
84
63
86
84
88
22
-8
-54
-97
-119
-77
-74
18
34
35
9
-65
-56
-84
-101
-43
-15
-36
-10
-25
-23
-61
-18
10
12
72
50
43
17
-35
-56
-55
-70
-68
1
59
47
79
55
68
39
-41
-2
-21
-48
17
-18
-46
-10
-46
-17
42
39
23
51
30
24
97
137
119
127
127
132
131
95
82
94
69
91
93
91
101
103
116
101
100
94
51
34
26
38
38
70
37
9
72
19
29
33
30
15
-49
-48
-21
-37
-22
-8
65
33
8
31
-76
-78
-82
-59
-69
15
-22
-31
12
-31
-28
-30
-64
-57
-108
-139
13
-72
-63
29
-98
-148
-153
-193
-212
-191
-83
-47
-121
-58
-103
-144
-84
-129
-54
-79
-88
-109
-187
-131
-125
-91
5
-29
-1
-1
-41
44
-31
15
-11
65
32
-18
104
-107
-75
19
-62
-19
100
-29
-18
93
-43
-30
-15
-15
-35
-25
44
41
100
159
145
188
194
191
178
91
63
27
-13
-12
19
-6
-15
-32
6
-13
-36
69
3
-40
19
-66
-126
-62
-48
48
60
166
231
170
218
188
167
141
136
83
-17
4
-4
-40
11
33
-50
-38
-14
-83
-88
-130
-107
-121
-219
-123
-106
-169
-35
-113
-32
77
-33
5
47
-44
31
28
21
33
15
155
145
175
272
232
222
202
157
108
91
59
-59
-49
-67
-56
-65
38
-12
21
39
-55
-84
-91
-33
-94
11
56
90
114
96
120
102
95
71
2
-49
-149
-205
-152
-263
-173
-74
-137
-91
-33
-15
-34
-35
-27
62
-44
65
74
-107
-105
5
-163
-93
2
-55
18
-28
61
56
-57
-151
-168
-362
-381
-513
-470
-487
-563
-379
-614
-612
-391
-355
-377
-283
51
-4
-58
94
131
145
149
474
513
519
542
598
605
664
795
723
735
696
545
339
219
1
53
17
-26
140
198
320
528
433
495
596
488
531
418
482
412
263
315
88
180
165
-61
37
-51
-289
-252
-338
-312
-458
-483
-225
-269
-156
-146
55
236
-46
44
341
356
292
319
449
473
300
315
507
484
129
324
129
-297
-410
-126
-372
-487
-421
-388
-363
-675
-522
-378
-358
-665
-562
-150
-590
-589
77
-416
-494
-249
-672
-325
-929
-688
-146
-1244
-493
-435
-975
86
-530
-273
-40
-1111
-577
-1431
-1554
-926
-1899
-755
-418
-1304
-580
25
-303
-76
312
588
411
15
809
493
270
906
1182
1077
1434
1418
1112
1330
922
887
1005
723
959
324
599
436
328
1135
1708
1436
2415
2415
2285
1721
1919
1038
135
33
-1976
-1876
-3849
-4074
-3390
-4974
-3379
-2078
-2246
146
551
1555
3143
1846
4270
4235
2566
5638
4538
3229
5898
4033
4708
5227
3436
4299
1975
-336
-48
-3955
-5738
-6167
-8672
-8830
-9394
-9250
-6322
-6998
-4805
-1147
-2018
61
1877
1565
2869
2821
3493
4795
3790
5368
6719
5230
5991
5821
4137
2552
-17
-958
-3591
-6675
-6843
-8469
-10829
-9833
-9868
-9990
-8286
-6504
-4882
-4111
-2749
-697
-604
286
2582
3132
3624
4387
5550
5736
5457
6856
7051
6202
5266
4504
2627
535
-892
-1805
-3025
-3835
-3896
-3673
-3597
-3329
-1914
-1226
-554
602
1164
1955
2418
2241
3385
3514
3614
4487
4540
4550
3976
4327
4502
4429
4157
5099
4944
4084
4988
4252
3815
3173
2748
1421
1570
-1536
-2906
-1825
-6176
-5157
-2782
-5608
-4700
-3049
-4088
-4210
-4690
-1956
-1461
-3522
417
1559
-976
2319
4843
4204
4790
5694
7056
4363
2338
3570
1265
-1474
-1368
-2105
-4472
-5867
-5300
-4994
-7562
-6468
-5376
-7657
-7088
-6670
-6846
-6009
-5555
-3956
-2552
-2373
158
1433
1946
3895
3979
4247
4060
2865
3016
1400
-258
-22
-1611
-2423
-2610
-3931
-3615
-3921
-4887
-3865
-4308
-4636
-3249
-3420
-2765
-1889
-919
936
1126
1730
3812
4547
4321
5369
5884
5398
5026
4127
3607
1657
200
1241
-1281
-2464
-657
-1930
-2186
-1527
-1189
-391
-54
974
2213
2553
4089
5226
5132
6457
7606
7868
8776
10298
10019
10561
10923
8798
7839
6188
3457
3034
-1352
-5940
-5815
-10875
-13299
-11398
-12308
-11633
-9727
-7656
-6101
-7447
-4689
-1012
-2255
1038
4802
4629
6127
8958
10765
11633
11585
13391
12280
8204
6847
4057
-63
-3261
-5703
-8233
-12071
-13732
-13209
-15076
-14876
-12095
-11853
-10839
-9424
-7650
-6322
-5174
-2865
-925
405
1951
4038
5343
6788
8072
8456
8919
7701
5607
4366
2128
-272
-2177
-3777
-4357
-6265
-6850
-5919
-7566
-6539
-4434
-4968
-3840
-2153
-1683
-1334
-427
1383
1903
2506
4537
4466
4454
5769
6123
6023
5123
4376
3849
1801
1326
1235
-339
-167
349
-151
1073
2891
2785
4366
5647
6318
8309
8476
9852
10534
10637
11021
8813
7751
6707
2674
881
-726
-7230
-8093
-8869
-13272
-11952
-11945
-13629
-11834
-11408
-10217
-9049
-8789
-3163
-1467
-908
5765
7761
9073
13566
14438
14835
14934
14013
13296
9110
5221
3264
-1133
-5467
-8049
-10916
-13900
-16101
-16152
-16698
-17953
-16014
-14197
-14381
-12190
-9666
-7089
-3406
-140
3414
5154
8109
10499
10340
12451
12842
10307
10715
9637
5512
3218
1334
-233
-4690
-7329
-5358
-9110
-11845
-7603
-8601
-10871
-7244
-5017
-4844
-4148
7
2717
1621
5233
9225
7988
8763
12138
11444
8959
8934
9002
5713
3204
3160
1439
-1909
-2197
-782
-2894
-2211
677
1181
3245
6005
7362
9225
10733
11057
11739
11626
9809
8919
6832
1179
-1629
-5641
-11574
-10968
-13996
-15727
-12935
-14269
-14566
-12899
-13596
-11631
-9034
-6248
-2090
-900
2529
6751
8625
12999
17036
17897
19093
17820
15250
11808
7738
5073
471
-4612
-8091
-12799
-16745
-18019
-19246
-19068
-19318
-18318
-17144
-18066
-15243
-11189
-9678
-5441
-861
1731
5475
8655
11252
12877
14268
15641
14261
12612
12535
9488
6628
4604
678
-2990
-5762
-8507
-10493
-11300
-12632
-11947
-11210
-10619
-8413
-7082
-4905
-1837
-250
2683
5270
5924
9495
11084
12138
13690
14152
14190
11954
9795
8362
4611
2357
1860
-1917
-3887
-3263
-3878
-2830
-351
1977
4828
6070
8813
11913
10507
12154
13283
11375
9736
6161
590
-3648
-6577
-10283
-11613
-11885
-11988
-11117
-10746
-12300
-13598
-13505
-10614
-9235
-7846
-4517
-2152
-148
4288
8812
12034
17295
19850
20265
18674
15972
13605
9536
5360
1231
-4040
-8950
-12564
-15860
-18307
-19100
-18055
-18543
-19856
-18881
-17808
-17510
-14389
-10936
-8462
-4695
-1620
3536
5069
8744
15089
13647
16155
18157
14261
13617
11320
8984
4764
-464
-361
-5692
-10080
-7550
-10199
-11904
-9199
-8811
-9506
-9611
-7655
-5401
-7010
-2812
877
19
3794
7766
9181
10669
13492
16054
14127
12236
12340
8533
5205
5044
3212
46
-910
161
285
391
4244
6415
7673
10655
12378
12206
13305
11230
10257
8025
415
-5011
-7091
-12370
-14898
-12010
-12437
-11634
-8816
-7816
-10601
-11275
-9628
-7507
-8322
-4558
-1124
-883
2854
8922
12451
15151
20974
22980
19753
16683
14239
8471
3130
-1205
-6117
-12462
-17154
-18420
-20218
-22974
-19830
-17195
-20429
-19452
-16913
-18094
-17489
-13416
-10508
-8945
-6611
-463
2866
5040
12068
16354
16616
18292
18612
15167
11723
9514
6376
675
-3091
-3841
-8599
-12019
-9060
-10049
-10757
-7623
-7803
-8770
-8199
-7901
-6411
-5596
-4404
-401
1731
3763
8702
11832
14002
17775
18473
16948
15987
14053
10916
9182
8282
5809
3828
4424
4281
3157
6741
8511
8484
12997
13518
13229
14794
11561
7911
5381
-3417
-11482
-12998
-17498
-19469
-14861
-13286
-12538
-9692
-8491
-8820
-10414
-8683
-5395
-4485
-3170
1269
4931
7455
14207
18865
21743
24007
25012
21513
16547
10724
4480
-1158
-8136
-14189
-18876
-23007
-25105
-24821
-25473
-23250
-20251
-19999
-18436
-15329
-14467
-12147
-8483
-6202
-3758
-1084
2558
5767
7901
11007
15063
13801
13891
14224
9159
6968
4498
73
-3645
-7067
-8265
-10400
-13286
-10274
-9313
-10416
-6973
-5171
-5744
-4718
-2864
-944
-1080
-402
3872
4538
5808
10157
12758
14490
16416
16887
15466
12461
10988
8684
5291
4788
4155
3165
3123
4741
5508
6459
10084
14162
16842
19512
20034
18231
12477
8362
-1214
-12656
-13126
-17967
-22350
-17715
-16884
-17423
-13536
-11621
-11809
-11494
-8875
-6427
-6864
-4577
276
1623
7476
15932
19127
24220
28702
30195
26469
21554
18847
10560
879
-3971
-12365
-21314
-25416
-28416
-30348
-31730
-29657
-25050
-25052
-22879
-15350
-13855
-11631
-5202
-2540
-1229
1640
4754
7333
9304
12901
15851
15497
15588
15039
10007
6403
4005
-2123
-6237
-8534
-12055
-14852
-15863
-14639
-12844
-11339
-8718
-5846
-4114
-1983
-614
1608
3973
4151
5749
7533
8985
10853
12539
16099
17499
16091
15929
13425
10226
8050
5928
3856
1687
1513
569
28
2596
3374
6936
12199
17169
21731
21866
22164
17581
10376
353
-11496
-15233
-20849
-24408
-20520
-18778
-18916
-15297
-12713
-14039
-13131
-10767
-9252
-9807
-7645
-3558
-1609
4208
13823
19139
24985
29125
32132
30972
26676
22987
16151
7706
316
-7677
-16507
-22099
-25984
-29033
-30986
-29470
-27326
-26898
-24582
-19325
-17090
-14967
-9838
-6557
-4335
-1244
2416
8182
11396
14348
19971
19563
18526
18262
13009
9889
6123
249
-3455
-7764
-10581
-13805
-16711
-15079
-14232
-14109
-11114
-9143
-7367
-5413
-3927
-252
1698
2422
6111
7962
9701
13293
15283
18889
21114
20464
19334
17109
13986
10164
8199
6075
2418
1432
-871
-2017
-1296
-1689
3171
7391
12597
19160
20048
20700
17441
10708
2106
-9886
-14516
-18533
-22994
-19898
-17957
-19363
-16115
-14116
-16197
-14368
-13238
-12812
-10851
-10518
-7699
-3680
1163
10106
17112
23556
29463
31688
30897
29010
25454
18252
11110
4554
-4872
-13827
-19642
-23839
-27378
-29626
-27942
-25947
-27056
-25791
-20781
-19020
-17362
-12795
-8839
-6291
-3251
972
6353
11088
14771
19638
21384
19885
19218
15330
10783
8481
2449
-2516
-4430
-9584
-13059
-14023
-15449
-13969
-13287
-12389
-9381
-8623
-7758
-5371
-2517
161
1619
4935
9040
11426
14175
18326
21622
23110
22756
22424
20634
15038
13032
11144
7062
5600
3936
2469
971
-1023
-170
-192
2908
8964
13884
16056
16802
17256
10216
1075
-8226
-12903
-17186
-20334
-17135
-15899
-17558
-14446
-14365
-15961
-14879
-13011
-12999
-12286
-10611
-10150
-6782
-834
6784
12479
19184
25406
26899
26097
25084
22708
16239
9293
4020
-4374
-13971
-18125
-21107
-24927
-26495
-24496
-23819
-24234
-22619
-18959
-17674
-16081
-12401
-9979
-7627
-4624
-150
4488
9445
14113
17030
18775
19261
17332
13535
10320
7735
2349
-2246
-4232
-7975
-12588
-13846
-13165
-13710
-12458
-10684
-8536
-6803
-7254
-5177
-2419
-1767
130
3363
5784
8343
11834
15941
19492
21897
23510
23700
21329
18680
15857
13277
10275
7391
5964
2636
1229
1007
-248
1571
6233
10953
16616
19190
18968
15448
8786
-3724
-12731
-15472
-21860
-22374
-17110
-16667
-16397
-14009
-13932
-15195
-14710
-12477
-12429
-13499
-11667
-8861
-5788
1162
10230
17152
24348
28657
30593
28638
25586
21866
14665
7419
416
-7997
-15949
-20596
-23594
-25704
-26741
-24990
-23994
-24484
-21752
-18482
-17484
-14810
-11033
-8915
-6488
-2997
916
6216
11264
14838
18034
19329
18625
16121
12263
10307
5613
-279
-2701
-6296
-11178
-13855
-13567
-12845
-13136
-11583
-7929
-6608
-6001
-3836
-1832
-514
734
1878
3935
5683
7267
11545
15020
18046
20736
21675
21504
20212
17787
15224
13859
11335
8348
5815
3586
870
40
398
2628
7203
13525
16909
18284
18004
12587
3594
-8044
-13689
-19137
-24269
-21816
-18052
-18119
-15819
-13668
-13524
-14166
-12958
-11723
-11924
-11270
-9851
-7849
-3593
3495
9907
18093
24610
26943
28443
26296
22524
17184
9898
4215
-3097
-12660
-17378
-21202
-25250
-25878
-24605
-23702
-22430
-21629
-18667
-15491
-14270
-10573
-7613
-6450
-3792
-1464
1660
6381
10348
13793
15722
16493
15134
11305
8487
6502
417
-3945
-5443
-9755
-13595
-14546
-13301
-11999
-10837
-7722
-4628
-2410
-864
1070
3347
4525
5221
5801
6698
8936
10664
12525
16943
19436
19143
20368
19654
16668
15389
13567
11637
9503
7758
4964
1953
1210
-264
637
4100
9425
15508
18445
20382
18003
12543
2902
-9223
-13513
-19803
-24868
-20777
-19644
-19005
-16431
-15884
-15152
-15661
-15284
-14292
-14085
-13909
-11882
-8929
-2741
5545
13545
21903
28802
32209
31709
29140
25978
17710
9637
4169
-6633
-15895
-20493
-24993
-27865
-28917
-27212
-24142
-23977
-22825
-17786
-15479
-13749
-9590
-6549
-5016
-2490
909
3898
8562
13131
15729
17756
18147
15683
11045
7752
4504
-2415
-7272
-8987
-13009
-17388
-17755
-16658
-14902
-13475
-10735
-5487
-3961
-2264
1498
3253
4816
6041
7531
9402
10719
12150
15175
18448
19699
20500
20715
19189
16971
15495
13496
11319
10883
8786
6054
4617
2176
1636
3356
6241
11842
16888
20026
20413
17836
12068
-950
-11534
-14207
-23192
-25303
-19731
-19672
-18817
-15338
-15021
-16097
-16207
-14440
-14093
-15227
-12644
-11205
-8531
-367
7988
15038
23488
29686
32054
29124
26192
23110
13366
5542
-372
-10653
-19711
-23500
-26504
-28643
-29629
-26341
-22846
-23736
-20548
-14482
-13450
-10300
-5128
-4215
-1661
1680
2363
5972
10612
12904
15174
16282
16892
13699
8652
7699
3216
-4159
-6974
-9231
-14274
-17432
-17007
-16052
-15073
-12060
-8584
-6049
-2330
1096
2448
5193
8440
7706
8206
10886
11180
11344
15051
18267
18714
18947
19692
18181
15502
14969
13477
11163
10792
9599
6576
4908
4302
4747
5219
8356
13623
15593
16582
17513
13925
5952
-4813
-12851
-16878
-23472
-23128
-17977
-17535
-16469
-13895
-14704
-17035
-16461
-14832
-14526
-14052
-11239
-10192
-6434
1954
9161
16259
24575
28740
28665
26403
23831
18649
9221
2714
-4026
-15106
-23045
-25804
-28681
-29948
-28456
-25199
-22634
-22962
-19027
-13290
-12008
-8443
-3450
-2552
-607
828
2188
7615
11305
13972
16968
17731
16468
12381
8216
6229
307
-5114
-8075
-12280
-15810
-18689
-18219
-15859
-15126
-12689
-8839
-5897
-2740
614
3564
6324
8770
8892
8812
10786
11679
13272
17001
20201
21462
21443
20618
19140
17190
14910
13782
13473
12445
9757
8385
6883
5459
5547
7890
10829
14626
18892
19005
19042
14759
5795
-6181
-15265
-20296
-27437
-26734
-20661
-20515
-18307
-14838
-16296
-18334
-17589
-16203
-16532
-16471
-13111
-11485
-8161
2189
11288
18177
27098
32073
31962
28672
26040
20043
10002
3018
-4741
-16374
-24460
-27947
-30115
-31356
-30159
-25453
-23320
-23874
-18741
-14227
-12252
-6511
-2249
-1641
789
3078
834
6261
12485
10799
15616
18905
15241
12431
8678
7715
541
-6845
-4664
-12834
-19227
-15278
-18804
-17974
-13189
-12120
-7054
-4679
-1182
3686
2723
8106
10314
6612
9888
11352
10517
12954
16846
19701
18936
19839
21009
16353
14199
14769
12303
11807
11803
10682
10462
8324
7947
8429
9550
12288
16350
19464
19358
18045
13094
3136
-8897
-16159
-22431
-28020
-25655
-21137
-20535
-17703
-15046
-16571
-17970
-16149
-15003
-15710
-13877
-10952
-9426
-4595
4656
11754
18553
26163
29917
29062
26103
22702
15780
6529
636
-8155
-18833
-23693
-26848
-29902
-30018
-26993
-24131
-22694
-20873
-15533
-12555
-9844
-3031
-705
-777
3205
4173
4171
9002
13280
14394
14443
15424
13221
6436
3628
3161
-2997
-6902
-8582
-12812
-16270
-17113
-15589
-14087
-13006
-9955
-7261
-5657
-3175
-251
2735
5907
7708
8150
9533
11299
12949
14896
17592
19454
18494
16989
15318
12912
11432
10265
10786
11143
9907
9723
9041
9327
9163
9294
13692
15009
18047
21437
19706
18302
12939
2130
-9906
-15973
-23308
-28651
-24586
-21367
-20901
-18073
-16707
-19569
-20693
-18703
-17992
-17461
-14263
-11444
-9245
-2458
7625
14406
22745
30264
32546
31242
27813
24197
16290
7884
2155
-6934
-17070
-22011
-25328
-27956
-28622
-26207
-22818
-22915
-21285
-15950
-13228
-10206
-4278
-2046
-383
1848
3012
6323
11253
14928
17723
18732
17362
13079
7052
3765
735
-4489
-7438
-9355
-13799
-16703
-16982
-15777
-14547
-12078
-9697
-8133
-5768
-3576
-1850
1586
6326
7285
7657
10303
12126
12615
14632
18137
19431
17685
16236
15275
12368
10255
10214
10796
10010
8240
7283
6841
6391
6307
7917
11564
13729
16642
19474
20025
18768
13529
6399
-6144
-15449
-20179
-26783
-25809
-20749
-20412
-18740
-16885
-19717
-22232
-20502
-18413
-17072
-14821
-11213
-9062
-4828
4202
12651
20514
28621
32448
31552
27560
23750
17009
8825
2932
-4946
-14842
-21702
-25057
-27494
-28356
-25908
-22255
-21448
-21223
-16484
-13213
-10818
-5027
-1945
-486
2751
2683
4962
11014
13516
16292
18624
17233
13330
7851
4633
2540
-2880
-5215
-5774
-10169
-13980
-14837
-14771
-13933
-11910
-8814
-6699
-5002
-2110
-934
1492
5541
6074
6795
9110
9401
10639
12690
15526
18103
17110
16041
15206
12805
11089
10054
10245
10180
8330
7468
6155
4962
5998
6359
10102
14120
16060
19797
21131
19969
15940
8384
-3030
-11960
-18528
-25910
-26668
-22415
-21055
-19150
-16471
-18521
-20078
-18958
-18011
-15656
-13387
-10898
-8489
-4977
2573
10554
18509
27345
32122
31381
28313
23649
16979
9198
3287
-3520
-13460
-20701
-24864
-28132
-29037
-26338
-21760
-20061
-19844
-16160
-13032
-11652
-7635
-2774
-672
998
1926
3071
7493
10826
12974
16941
17734
13999
10319
6498
3142
-2180
-5937
-6363
-10145
-14623
-14944
-15300
-14976
-12214
-10403
-7445
-3725
-2686
-1442
1357
4557
4106
3498
7114
8084
6856
10358
15049
16226
16282
17037
16852
14991
12972
12396
12684
11160
9675
7360
5744
5555
5314
7114
10456
14649
17342
20079
22368
20878
16200
10241
-1431
-11617
-17796
-26557
-27477
-22559
-22573
-20458
-16719
-18552
-20983
-21210
-18021
-17143
-16669
-11333
-8803
-5935
2319
10515
19213
27419
31567
32349
29041
25208
19124
10032
4706
-823
-11470
-19517
-22929
-26326
-28786
-27247
-21925
-19679
-20293
-16816
-12648
-11117
-7984
-3876
-158
1851
312
3174
8654
10764
13405
17141
17504
14679
8926
5161
4324
-588
-5000
-5912
-8248
-13114
-16286
-14876
-12361
-11837
-9195
-5214
-3322
-2482
-2223
600
4849
4941
5031
7458
7746
7849
8859
11408
14963
15562
14261
14560
13832
11330
10419
12459
12736
10140
8208
6669
6009
5090
5138
8965
13721
13678
17235
21429
19896
18941
16457
6322
-6416
-13392
-22136
-29418
-26746
-23541
-24008
-20689
-19069
-21728
-21762
-18564
-15891
-13586
-11106
-8657
-6972
-1516
6626
14000
22419
29406
30494
27758
25702
20945
12577
7387
3791
-6269
-16478
-21265
-24332
-27077
-27934
-23885
-19999
-20626
-19598
-15043
-12651
-9377
-4758
-2578
952
1855
399
4680
10848
12333
13409
15589
14819
9435
4192
4093
3208
-2191
-4441
-5158
-9915
-14308
-13937
-11902
-10835
-8376
-5736
-4393
-2496
-850
-361
3417
6931
5349
5271
6412
5977
6644
8296
11881
14107
13102
13379
14686
12776
11892
12936
13114
13046
10108
7673
6707
6191
5381
5022
8390
11657
11649
17340
22073
19825
19556
16954
5807
-7895
-16614
-23528
-29285
-28237
-25780
-25190
-22568
-20845
-22542
-21206
-17421
-14530
-12941
-10055
-7571
-6764
-1945
7348
14953
22047
29467
30815
28444
26464
22267
15002
8839
3910
-5499
-16192
-22540
-24982
-27017
-27553
-23531
-19610
-19331
-18125
-14289
-11153
-7873
-4874
-3369
-446
664
-1534
2540
9386
11517
11304
13266
14353
9653
5102
6155
6370
618
-2109
-3800
-8926
-12168
-12955
-10763
-7955
-6285
-4815
-2952
-1418
389
1460
3103
5685
4985
2135
1806
3826
4521
6943
12377
14572
14135
15205
15751
15510
15279
14749
14560
13292
9462
6599
4465
4879
4176
3674
7363
9299
10915
15023
20991
21286
20553
17457
9795
-3357
-17372
-22864
-29010
-32334
-29459
-26728
-25018
-22251
-22252
-20873
-17510
-16391
-13968
-11167
-9167
-8321
-5158
4305
12375
18395
27529
32159
30095
28345
25737
19089
10714
4430
-1754
-13101
-21035
-23476
-25768
-26396
-24185
-20789
-18354
-17918
-16683
-11971
-9633
-8129
-6551
-5289
-3030
-3301
-2799
4092
11110
10262
11421
16705
14600
9041
8178
9539
5408
-1724
-4399
-5640
-9653
-11925
-8443
-4056
-3154
-2710
-1107
184
335
-63
-393
882
411
-3145
-1976
1379
4023
7808
12707
17332
18917
18682
19154
19839
18385
15969
13346
10970
8191
3286
1946
3399
4065
4871
5826
8275
10776
11247
14035
19434
19157
16536
12563
3718
-8393
-19194
-24062
-28379
-30267
-26351
-24374
-23364
-19387
-18864
-19966
-17048
-13964
-13083
-12295
-9072
-5053
-3010
4711
14757
19640
25467
29982
29433
26573
22767
17013
10162
3460
-2632
-11257
-17901
-18857
-20914
-23118
-20410
-17659
-17812
-17563
-16374
-13216
-13531
-12524
-8182
-7768
-6871
-3875
-467
4168
8817
11165
14066
16224
15058
12162
10879
9998
4498
-560
-1629
-5390
-9361
-9380
-7061
-5398
-6190
-3700
-1876
-4524
-4365
-3284
-4679
-5311
-5123
-4435
-2140
83
5476
11177
15454
19114
21413
22013
22349
21540
18853
16974
13067
8984
5591
2864
60
614
1980
1300
4808
6035
6947
8874
10630
10814
13714
14508
12050
9154
2411
-5701
-18392
-23620
-27368
-32029
-28535
-23558
-22059
-18096
-15252
-16106
-14246
-11597
-9921
-8064
-4741
-1646
782
6444
13871
18599
25152
30729
30166
26815
24501
19453
11088
3613
-421
-8470
-17836
-20522
-21937
-24464
-24845
-21243
-18423
-18569
-19415
-16768
-14690
-14015
-10666
-9328
-5812
-2989
-2864
1741
9822
13207
15030
19173
19886
15522
11075
11053
8770
2919
-425
-2638
-5773
-8924
-10085
-7204
-5011
-4439
-5171
-5707
-5419
-7519
-10194
-7866
-3874
-4098
-2909
3116
9533
12766
18027
25545
28570
26869
24534
22253
17029
10900
6864
3711
1410
-1773
-3509
-2083
-559
-246
823
3541
4986
4464
5376
7617
8635
9432
9232
8513
6676
134
-7074
-14045
-18834
-23719
-26786
-22240
-19119
-20158
-15707
-11119
-12756
-12972
-8710
-5206
-4445
-2696
2666
5520
8057
15036
20966
25532
29325
28713
25773
21930
15688
6657
138
-3945
-11470
-20112
-21847
-21700
-24279
-25139
-20267
-16454
-17417
-18457
-14980
-13145
-14572
-12805
-8665
-4459
-4230
-2165
5381
10429
11894
15444
19890
19391
14586
11646
11191
7203
1440
-108
-2210
-6727
-9612
-10403
-9764
-9054
-9341
-9466
-9113
-8970
-9952
-9160
-5442
-1674
103
3725
9308
14407
18174
23233
27395
26897
23979
20465
16868
10591
6040
3793
622
-2627
-3620
-4887
-5400
-4501
-3379
-2228
-1549
196
465
1771
4699
7578
9265
12907
12717
11608
8919
3009
-3056
-12150
-16808
-21578
-24101
-21716
-19704
-17256
-12276
-11071
-10812
-7641
-5629
-3076
-224
2601
5394
7057
12025
18005
21207
26000
28117
25362
21924
17384
9928
2523
-2932
-8197
-15831
-22205
-24476
-25739
-26573
-25157
-21514
-18716
-17880
-17395
-15019
-12802
-11608
-10740
-7784
-2918
-2289
-241
7216
14364
15860
17823
23025
22335
16860
13404
12505
7130
-602
-5160
-7321
-11328
-15600
-14075
-11358
-10041
-9176
-8018
-4761
-3552
-3347
-406
3817
6317
7396
10013
14728
18072
19498
22627
24908
23097
19018
15054
11317
6477
1007
-1919
-4407
-8125
-11208
-11068
-10387
-10011
-8973
-6064
-3224
-2074
450
4057
6877
9708
12983
15580
16949
15240
13728
9682
2480
-7180
-13651
-16687
-20527
-20004
-16372
-14810
-13584
-10999
-11203
-11145
-7814
-4873
-2114
-165
2107
4949
8161
13053
18161
21489
23636
22984
18754
14505
9985
3033
-2893
-6027
-11668
-19143
-21683
-21017
-21758
-21721
-18750
-16541
-16469
-18419
-17975
-15086
-14931
-13214
-8518
-4489
-1558
2265
7676
14959
18566
18894
20731
19675
14705
8722
5749
3759
-1605
-5375
-6084
-7981
-9377
-9046
-6344
-3164
-2605
-1373
-141
453
694
665
2490
5440
5568
6163
8770
11203
12911
13311
16451
16423
12784
10548
8026
3028
-1009
-3402
-6656
-8546
-10158
-10436
-9883
-8385
-6802
-5021
-1716
-230
2447
6114
7817
10138
14111
15459
18171
18421
15991
14323
8796
2174
-7808
-11709
-13794
-17549
-15717
-12463
-13111
-10899
-8171
-8802
-6546
-4097
-2342
-47
317
1361
3153
5750
9485
11478
14003
16072
14000
11996
10830
7831
2428
-870
-1340
-7474
-15531
-14916
-14114
-19014
-20202
-17553
-18636
-21278
-21831
-18563
-16461
-15877
-10870
-7673
-3938
-661
749
5742
11938
11785
11097
14845
15263
12132
9173
11442
11209
5602
5222
5925
3154
-6
-313
69
-2044
-3732
-4712
-4942
-4727
-5466
-5912
-3295
-1066
-1524
-379
2382
5467
6187
7196
10190
10721
8847
6544
5456
3039
-761
-3022
-3694
-3741
-6013
-7079
-6224
-4934
-4620
-3547
634
3230
6096
7889
10359
12070
13964
15898
17639
21007
17429
15998
12298
6511
-581
-9189
-11426
-13273
-15362
-14969
-13046
-10286
-7881
-8079
-5845
-4371
-6324
-5034
-4109
-5919
-5310
-2572
2250
5922
8662
14902
17552
18323
19224
16990
13293
8011
1747
-4175
-12276
-17419
-19150
-22145
-23844
-22240
-23668
-23766
-20734
-19867
-18044
-15697
-12105
-10935
-10197
-5953
-2435
1033
6056
12763
16891
20069
23344
25419
25571
23952
21757
17122
12666
6048
-667
-4614
-7703
-10294
-12104
-11476
-10807
-11306
-10673
-9270
-8294
-8771
-7590
-5688
-4586
-2716
469
4742
7642
10116
11891
13979
13581
10869
8622
6457
2447
-2627
-4522
-6097
-7461
-7819
-5493
-2661
-841
1776
5300
9473
10935
12358
14936
15034
14242
15514
17831
18634
16706
16062
12257
6589
-489
-7926
-10313
-12975
-15407
-14660
-15079
-16204
-15344
-15547
-15388
-12714
-12250
-10163
-6973
-4278
-2017
1509
7891
12458
15706
18645
20332
19726
16482
14069
11771
5388
-600
-4778
-12115
-18812
-21968
-23607
-25247
-26541
-26032
-23545
-23801
-23130
-17694
-15084
-12712
-7753
-3133
975
5088
11762
19448
24184
26650
29991
30844
27599
23541
19417
14372
6252
-934
-6028
-12235
-17001
-17632
-17549
-17374
-15354
-14302
-13501
-11251
-9595
-8368
-7409
-4433
-2539
-2754
1265
6281
8536
10892
14344
16772
14724
11317
10637
7695
1347
-2227
-4752
-7915
-10013
-9291
-4843
-1558
551
4923
9993
10773
10392
11484
12805
11785
10322
12334
12338
13697
16374
18490
21753
19596
15416
9977
5135
-5239
-17682
-20347
-23136
-27192
-25430
-20733
-18006
-13575
-9459
-6779
-4453
-4370
-3255
-1591
-120
239
1433
6487
10536
13636
17101
19864
21378
18604
13791
8661
673
-6268
-12244
-20423
-25572
-27209
-29578
-29303
-26090
-22914
-18197
-13787
-8418
-3579
-1685
3620
8448
10207
13343
16873
19348
21069
22225
21821
20526
16228
12679
7517
690
-4260
-9734
-13959
-17125
-19431
-20477
-18984
-16564
-14151
-11538
-8735
-5493
-4401
-2834
-327
273
2261
3596
5326
8034
9354
10510
11625
12759
11141
8849
6297
2965
-1015
-5020
-7306
-8182
-7730
-7278
-3437
663
2951
6130
9120
11257
12311
12038
12648
13289
12720
12518
14081
15469
14808
16017
18917
18275
14432
11640
6805
-433
-7154
-15416
-21629
-23654
-26158
-25705
-22507
-20838
-17000
-11900
-10211
-9532
-8076
-5596
-3096
-1287
2360
6220
9815
14011
17896
20872
21018
20499
20261
15101
6939
-711
-8537
-14020
-19712
-25597
-25619
-23481
-23473
-20204
-14221
-8939
-4561
-1510
2689
5055
2990
3712
6464
5642
5089
6830
9017
10341
9905
10085
10126
7991
4721
431
-3229
-7629
-12434
-14608
-14685
-14729
-13728
-11638
-8340
-4699
-3062
-879
1379
1771
1664
1031
1283
2364
2602
4062
6000
7052
8187
8376
7262
6725
4203
925
-1015
-2793
-3654
-4430
-4272
-2619
-1306
285
2246
4688
7098
7500
8807
10902
12102
12779
13979
15411
16622
15435
14181
14794
12600
10944
11058
10376
8220
3823
-375
-4115
-10938
-19976
-24824
-27398
-30222
-29752
-25118
-20731
-16139
-10144
-4934
-1219
1418
4569
8132
10279
11172
11030
13091
15932
15794
16009
18815
17682
13285
10153
5908
-743
-7907
-11931
-14566
-19611
-23057
-21557
-19754
-18665
-15759
-11320
-7541
-6693
-5734
-3745
-3007
-1452
-201
1050
4410
5557
5748
9983
12387
11420
10181
9565
7439
1641
-3365
-4998
-7381
-10083
-10371
-9019
-6996
-6149
-4742
-1602
-100
-907
-1023
-1633
-2179
-3497
-4208
-1660
657
1283
3331
7216
8879
9156
9088
8423
6014
2321
-1063
-2705
-3210
-5001
-5003
-2019
-149
406
3659
8191
10663
11395
12832
14299
12277
10062
10216
9965
7977
6505
6447
5306
3781
4733
4425
3897
4476
1183
-2493
-5974
-10932
-16144
-20079
-20510
-19251
-18614
-13803
-7029
-2894
1878
6265
7946
8430
7955
7135
6683
5461
5092
5852
7710
9018
9219
11495
11797
8454
5822
2898
-2557
-8866
-12667
-14863
-18919
-22364
-20081
-16983
-17083
-13551
-7667
-5057
-4157
-2433
304
485
-146
1604
3848
5157
5385
7100
9941
11018
9699
10014
10690
7199
2780
-202
-3599
-8298
-11382
-11476
-11345
-11948
-9726
-6157
-4238
-2602
-713
-383
-79
185
-1347
-1956
-733
3
-156
1771
4441
5436
5610
6798
7482
5432
2666
1271
-669
-3398
-4160
-3148
-2003
-685
948
3117
4792
4814
5178
5374
4754
4400
3614
4278
5754
5815
6163
6645
6684
5685
4689
4068
3752
3982
3340
5497
7568
5505
5348
6103
2394
-1385
-4396
-6576
-7545
-9172
-7864
-5974
-6453
-5726
-4291
-4385
-5745
-6435
-5496
-5439
-5968
-4882
-2231
1659
4185
6328
11343
13386
11299
11479
10771
5640
419
-2206
-4657
-9706
-14400
-13415
-13090
-15126
-13151
-9385
-6952
-5760
-3252
-358
1059
1633
3089
3992
4236
4360
3641
4720
3075
1914
4283
2204
2021
1990
-415
-336
-2661
-4136
-6457
-10126
-8422
-8598
-9910
-6300
-4533
-2785
669
2036
4768
5129
4445
5003
2476
942
-674
-2479
-673
-1476
-2280
-76
-306
-355
-259
-1055
-750
-989
-2046
-1648
-1512
-475
912
1418
4116
6076
5860
6748
8233
7901
6909
7250
8586
7142
5309
7210
7812
7399
8694
10171
11474
11507
11528
11041
10532
9072
4525
1548
-1278
-7371
-11677
-13664
-15613
-16271
-16462
-14690
-12227
-12182
-10517
-7708
-7025
-6335
-4740
-1961
728
2026
5394
9768
12404
13490
14717
16614
15190
12063
9918
6341
1091
-2884
-5470
-8091
-10360
-11668
-10529
-10019
-11701
-10833
-9291
-9374
-8634
-7546
-6511
-5282
-4180
-1816
1125
1581
3271
5383
5738
6222
5433
4490
3730
1944
122
-1186
-2589
-3185
-4347
-4107
-3320
-4397
-4638
-4131
-4004
-4403
-5339
-5352
-5272
-6721
-6751
-5763
-5136
-3939
-2552
-477
955
1808
3775
5256
5696
6841
7475
7108
6866
6349
5568
4688
3709
3280
2132
668
631
-139
-1151
-905
-231
960
2710
4647
6968
8038
9400
10347
9533
8599
7368
5577
2889
1559
1357
950
2023
3687
5688
6673
6132
5455
3583
807
-4238
-8570
-11383
-15448
-16721
-14449
-11937
-8471
-3351
971
4289
5411
5727
6490
4862
2984
1600
455
413
623
2686
5410
7250
9494
9876
9515
8098
4269
906
-1773
-5686
-9746
-12368
-13401
-13200
-13488
-12083
-8679
-7331
-6399
-5051
-4187
-4218
-4522
-3759
-2272
-2662
-2136
340
2058
3788
5154
5810
5460
4495
2862
161
-2428
-4313
-6440
-8254
-8938
-8203
-8039
-7410
-5319
-3329
-2657
-1697
-21
691
924
1043
2514
3385
3962
5566
6919
8474
9630
10107
10478
9255
6688
4422
1125
-1770
-4017
-6295
-6857
-6567
-6155
-4662
-2628
-637
764
1541
2168
2432
1899
575
873
1387
931
2361
4719
6157
7799
9481
9749
8926
7513
6053
4267
2239
1572
582
1238
2972
3178
5219
6596
5677
5445
2587
-984
-3646
-7929
-9251
-9556
-11368
-9626
-7383
-6778
-4391
-2817
-2246
-910
-324
301
506
777
2060
3435
4976
6362
7729
8892
8089
6752
5563
2701
-110
-2473
-4998
-7024
-9687
-10509
-9842
-11281
-11213
-9211
-9853
-9955
-9902
-10106
-8935
-8752
-7378
-4274
-2671
-263
3352
5890
8257
10484
11156
11749
11738
10067
8909
7330
5672
3394
1014
241
-1103
-2269
-2152
-2413
-2281
-2033
-2257
-1492
-1616
-2157
-1568
-2665
-3315
-2924
-3617
-2537
-1287
-79
2634
4097
5722
7392
8110
8810
7985
6178
5095
2264
-835
-2101
-3655
-5269
-6194
-5966
-5213
-5248
-4873
-3261
-2924
-3043
-3078
-2923
-2705
-2892
-2071
-799
1088
3217
5441
8162
10046
11004
11651
11461
10097
8043
5447
3904
2119
-87
-416
-426
48
-198
-102
262
-1743
-3251
-4638
-7620
-8857
-10007
-11132
-9882
-9751
-9006
-6588
-5082
-2990
-82
1016
2008
2262
2517
3215
3167
4885
6284
6432
7627
8582
7903
6867
5603
3553
575
-2567
-4972
-7589
-9928
-10844
-11726
-11402
-10756
-9903
-7393
-5420
-3349
-798
1077
2869
4592
5797
7768
9835
10439
11425
12341
11821
10264
8569
6618
4029
911
-1837
-4893
-7747
-9712
-10518
-10085
-9728
-7929
-5711
-3945
-2142
-624
614
2158
3174
3373
4132
4061
3861
4598
5285
5828
5874
5310
3955
1404
-1106
-3588
-6910
-9272
-11143
-13153
-13578
-12664
-11345
-9544
-6935
-4295
-2231
-694
746
2147
2637
3464
4734
5113
5549
6133
5931
4951
3833
2465
542
-901
-2018
-2811
-2734
-2355
-1940
-942
-65
733
2123
2926
3982
4813
5917
7450
7654
8221
8048
6585
5692
3631
533
-1370
-3700
-5914
-6185
-7072
-7726
-6629
-6039
-4870
-2868
-1691
272
2361
4146
6244
7528
8981
10513
10914
10751
10751
9530
7616
6150
4381
2000
549
-71
-1463
-2324
-2644
-3237
-3578
-4185
-5090
-5112
-5768
-6222
-5154
-4641
-3435
-1462
-71
1749
3552
4944
6046
6449
6651
5934
4618
3899
2653
1486
311
-1072
-1682
-2530
-3925
-4318
-4899
-6284
-7095
-8046
-8953
-9371
-9638
-8910
-7741
-6835
-5355
-3612
-2558
-1608
-556
249
460
369
108
-692
-1572
-2400
-3164
-3614
-3859
-4082
-3712
-3753
-4085
-3915
-3446
-3346
-3486
-3126
-2874
-2705
-2259
-1705
-879
330
1186
1926
3147
3857
3897
3943
3726
3032
1631
927
310
-678
-747
-88
943
2071
3489
4898
6200
6714
6565
6577
6463
6283
5398
5622
6433
6490
7304
8520
9765
8732
7817
7219
4668
2129
230
-1493
-2884
-4028
-4182
-3623
-3410
-2257
-1393
-259
974
1165
2191
3346
3538
4035
4685
5836
6971
6955
7772
8304
7451
6682
5595
3918
1773
-804
-2588
-4439
-6378
-7343
-7800
-7548
-7227
-7284
-6703
-6050
-6214
-6138
-5675
-5374
-4991
-4576
-3822
-2972
-2331
-1190
69
876
1716
1717
1485
1440
103
-1259
-1833
-3249
-4773
-6159
-7189
-7671
-8489
-8635
-7923
-7577
-7539
-6777
-6136
-5864
-5294
-4246
-3239
-2368
-1366
-233
1127
1764
2482
3298
3105
2666
2546
1928
821
-135
-1088
-2135
-3334
-4206
-4638
-5074
-5839
-6144
-6247
-6358
-5804
-4932
-3147
-1202
640
3027
5113
7099
8705
9762
10588
10722
10092
8971
7949
6607
4752
3384
2184
1458
1126
1099
1973
2748
3651
5011
6012
6683
7300
7965
8026
8087
8696
8902
8944
8990
9134
9120
8486
7755
6473
4222
2055
-256
-2554
-4292
-5771
-6789
-6923
-7091
-6807
-5564
-4417
-3101
-1707
28
1194
1447
2264
2767
2223
1828
1409
687
-274
-1162
-1222
-1043
-821
-548
-79
432
168
-505
-811
-2003
-3480
-4459
-5633
-6754
-7217
-7347
-7312
-6883
-6253
-5114
-4365
-3815
-2718
-2265
-2243
-1869
-1901
-2225
-2685
-3192
-3681
-4340
-4345
-4181
-4056
-3636
-3491
-3228
-2927
-2883
-2913
-3494
-4180
-4638
-5257
-5319
-5280
-4844
-3531
-2104
-659
780
2092
2904
3201
3405
3109
2228
1578
943
468
357
318
714
1113
1434
1818
2068
1877
1295
759
186
-492
-611
-249
506
1787
3436
5360
6987
8519
9624
9737
9128
8072
6556
4513
2640
1544
606
115
471
1252
2197
2563
3456
4149
3531
3299
3004
2256
1790
1544
1748
2547
3578
5010
6503
7739
8385
8342
7979
7010
5892
4329
2704
1703
434
-607
-757
-1273
-1785
-2033
-2628
-3096
-4087
-4949
-5005
-5808
-6005
-5133
-4840
-3873
-2599
-1812
-561
212
654
1171
928
1018
1096
509
387
166
-485
-909
-1513
-2418
-3483
-4610
-5800
-7342
-8421
-9307
-10247
-10151
-10138
-10097
-8837
-7777
-6495
-4815
-3483
-2059
-792
-167
479
1101
1182
950
625
236
-330
-1191
-1808
-2248
-2849
-3216
-3523
-3702
-3829
-4088
-4058
-3654
-3628
-3318
-2274
-1486
-779
515
1535
2203
3100
3423
3538
3560
2897
2615
2230
1620
1952
2034
2222
2979
3320
3846
4015
3915
3864
2998
2529
2057
1523
1626
1556
2088
2678
3123
4051
4304
4224
4285
3639
2716
1874
1078
548
347
466
1160
2069
2798
3811
4350
4491
4401
3878
2965
1850
940
106
-508
-329
122
600
1644
2482
3142
3652
3339
3059
2783
1705
819
418
-188
-704
-437
-87
216
713
1198
1867
1765
1818
2142
1585
1152
799
570
506
140
365
417
145
47
-564
-1140
-1885
-2995
-3701
-4753
-5872
-6486
-7169
-7269
-7586
-7195
-6273
-6099
-4852
-3530
-2755
-1738
-946
-164
384
567
1119
1143
1062
1680
1186
736
967
41
-683
-1113
-2130
-2894
-3929
-4581
-4957
-5906
-6144
-5962
-6116
-5715
-5060
-4297
-3120
-2028
-647
587
1846
3063
3828
4923
5622
5474
5637
5714
5060
4192
3513
2906
1555
306
-618
-1818
-3133
-4225
-4836
-5541
-5921
-5455
-5058
-4246
-2681
-1421
247
2400
4102
5581
7078
8354
8718
8742
8586
7856
6797
5564
4550
3009
1270
48
-1238
-2631
-3621
-4250
-4744
-5069
-4927
-4085
-3177
-1968
-243
1637
3228
4591
5850
6674
6869
6731
6421
5557
4194
2851
1712
193
-1160
-2058
-3172
-4190
-4841
-5374
-5529
-5877
-5589
-4864
-4534
-3390
-2256
-1133
136
1145
2527
3060
3495
4226
3788
3212
2846
1929
758
-226
-953
-1705
-2270
-2259
-2085
-1499
-1010
-294
824
1004
1275
1409
740
564
82
-530
-526
-863
-495
-71
-66
896
1175
970
1381
942
581
24
-786
-934
-1600
-1622
-1442
-1916
-1832
-1884
-2292
-2476
-2776
-2938
-3152
-3115
-2728
-2763
-1976
-879
-704
64
918
787
734
845
666
344
133
477
676
595
1418
1993
1780
2034
1795
834
-54
-1134
-2237
-3292
-3972
-4225
-4127
-3629
-2806
-1597
-566
490
1516
1969
2361
2463
2242
2218
1816
1551
1729
1313
1188
1485
1388
1355
1149
1063
792
34
-247
-941
-1506
-1378
-1612
-1394
-752
-124
630
1246
2120
2607
2622
2841
2501
1936
1406
720
288
-39
-343
-172
110
299
768
1167
1389
1306
1223
1000
394
-36
-464
-732
-726
-797
-378
12
184
572
887
881
557
252
-92
-635
-1168
-1411
-1667
-1874
-1760
-1413
-1258
-1024
-580
-511
-585
-556
-705
-1177
-1510
-1623
-1709
-1820
-1634
-1061
-770
-99
890
1340
1892
2299
2448
2419
1893
1722
1150
141
-231
-847
-1443
-1566
-1654
-1568
-1476
-1198
-725
-665
-154
422
446
812
1200
1371
1440
1620
1853
1733
1777
1792
1732
1761
1554
1569
1289
927
899
375
6
-165
-391
-279
-155
419
1109
1623
2536
3182
3604
3926
3796
3552
2986
2327
1689
1035
596
27
-252
-308
-680
-893
-1036
-1479
-1943
-2471
-3010
-3331
-3554
-3325
-2875
-2348
-1565
-844
-73
526
853
1157
1156
905
606
112
-116
-279
-415
-263
-310
-472
-750
-1323
-1962
-2865
-3661
-4357
-5211
-5445
-5527
-5381
-4620
-3689
-2609
-1539
-544
177
490
486
110
-453
-1176
-1847
-2453
-2909
-2888
-2573
-2227
-1528
-865
-516
-86
51
-75
-331
-924
-1283
-1661
-2095
-2039
-1939
-1497
-920
-440
343
801
1084
1458
1517
1433
1345
1246
1102
1134
1443
1782
2249
2721
3186
3581
3804
4069
4025
3888
3859
3558
3268
3195
3168
3200
3226
3497
3692
3394
3674
3699
3331
3549
3469
3500
3510
3453
3809
3795
3680
3757
3646
3417
3031
2673
2378
1874
1368
966
432
-25
-534
-884
-1273
-1836
-1946
-2125
-2423
-2180
-1933
-1706
-1109
-616
-25
460
845
1321
1261
1068
965
392
-357
-915
-1474
-2236
-2870
-3179
-3620
-4152
-4428
-4766
-5223
-5565
-5968
-6170
-6245
-6235
-5918
-5415
-4729
-3912
-3173
-2262
-1686
-1407
-1138
-1271
-1611
-1990
-2393
-2885
-3244
-3472
-3608
-3630
-3495
-3265
-3116
-2923
-2676
-2587
-2595
-2425
-2268
-2252
-2012
-1586
-1217
-746
-163
649
1141
1559
2317
2480
2576
2847
2661
2597
2397
2350
2450
2250
2628
2897
2956
3275
3346
3351
3276
2888
2523
2051
1557
1120
862
961
1124
1544
2266
3020
3628
4303
4895
5003
5058
5089
4714
4344
4081
3871
3646
3575
3656
3510
3430
3319
3067
2585
2080
1664
957
514
225
-163
-118
-114
8
308
392
652
598
522
518
113
40
-94
-357
-228
-306
-333
-183
-225
-201
-352
-568
-715
-1252
-1607
-1886
-2369
-2576
-2840
-2927
-3054
-3288
-3247
-3463
-3601
-3668
-3909
-4032
-4165
-4191
-4120
-4003
-3670
-3273
-2850
-2348
-1850
-1414
-1122
-961
-781
-783
-1010
-1138
-1236
-1514
-1779
-1797
-1917
-2125
-2096
-2095
-2156
-2214
-2154
-2021
-2059
-1972
-1683
-1554
-1330
-1027
-776
-531
-354
-70
71
164
501
655
769
1075
1179
1246
1400
1514
1540
1553
1590
1541
1515
1506
1506
1537
1606
1759
1835
1906
2106
2170
2156
2349
2343
2339
2478
2404
2445
2492
2389
2425
2395
2285
2294
2232
2039
1820
1678
1384
1112
966
802
710
667
758
813
823
1015
1147
1102
1213
1301
1314
1281
1192
1240
1060
775
666
399
50
-173
-451
-731
-879
-997
-1020
-995
-899
-828
-716
-565
-488
-378
-296
-224
-179
-129
-73
-7
-2
89
94
16
16
-92
-330
-515
-753
-1109
-1405
-1698
-1911
-2152
-2261
-2254
-2222
-2076
-1860
-1564
-1348
-1092
-746
-594
-438
-182
-145
-103
-75
-176
-255
-383
-460
-558
-743
-886
-1014
-1160
-1246
-1340
-1358
-1290
-1239
-1061
-873
-743
-602
-387
-246
-173
-105
-61
5
-5
11
118
203
313
399
513
647
676
795
848
785
843
772
652
622
480
370
273
103
15
-133
-275
-293
-361
-402
-364
-301
-180
-86
61
264
416
533
714
870
933
1017
1068
1029
980
916
848
716
582
491
313
196
84
-42
-117
-173
-183
-125
-26
133
335
517
786
974
1099
1182
1158
1131
983
777
563
368
160
-20
-66
-126
-107
-7
95
224
351
456
530
571
585
540
595
555
501
581
503
426
389
243
103
-65
-252
-457
-663
-782
-864
-888
-799
-605
-436
-261
5
162
271
372
383
367
324
218
153
92
-52
-134
-189
-363
-522
-625
-825
-1030
-1194
-1336
-1468
-1546
-1536
-1477
-1393
-1299
-1078
-901
-817
-647
-573
-567
-495
-432
-402
-339
-270
-207
-177
-159
-162
-262
-290
-367
-462
-532
-559
-557
-559
-471
-335
-215
-51
139
269
397
463
511
471
405
324
135
-38
-168
-312
-486
-529
-544
-538
-442
-325
-147
40
192
390
532
582
677
697
675
702
756
818
869
962
982
990
989
917
823
688
546
405
263
171
140
100
180
283
378
495
580
646
625
588
588
493
378
378
279
217
245
226
241
266
212
164
137
38
-21
-95
-149
-189
-224
-193
-171
-150
-57
13
33
152
201
206
248
228
230
177
74
32
-107
-251
-282
-361
-448
-401
-366
-365
-267
-198
-179
-138
-105
-80
-54
7
64
110
167
227
233
226
234
167
79
0
-91
-192
-272
-298
-292
-310
-260
-187
-159
-65
-1
51
139
184
222
254
286
286
285
247
181
119
30
-12
-118
-190
-227
-269
-286
-328
-307
-312
-363
-312
-279
-244
-172
-86
22
76
155
241
251
259
263
201
136
94
25
-36
-27
-79
-109
-92
-153
-178
-228
-300
-350
-477
-539
-585
-646
-666
-641
-623
-588
-536
-472
-438
-383
-323
-331
-259
-240
-207
-112
-67
0
90
128
162
170
131
124
62
-14
-66
-147
-235
-263
-311
-342
-353
-392
-383
-408
-413
-420
-423
-412
-434
-402
-380
-365
-306
-276
-218
-138
-100
-17
57
115
219
315
408
463
533
610
646
652
667
663
642
626
598
593
574
549
477
450
410
322
318
287
268
284
355
448
556
716
876
1012
1147
1240
1262
1301
1262
1187
1122
1036
938
881
846
771
737
672
559
448
319
164
5
-124
-220
-301
-297
-266
-230
-51
84
204
369
423
467
446
375
285
145
18
-129
-260
-348
-417
-468
-493
-522
-510
-517
-529
-545
-587
-607
-684
-778
-846
-931
-1005
-1065
-1131
-1195
-1246
-1265
-1310
-1332
-1342
-1358
-1354
-1349
-1355
-1339
-1300
-1276
-1250
-1205
-1182
-1187
-1157
-1129
-1113
-1071
-1034
-985
-910
-848
-781
-685
-615
-553
-492
-457
-407
-363
-321
-255
-205
-163
-97
-35
12
70
126
168
220
288
319
382
442
495
585
645
730
791
859
929
977
1029
1080
1116
1155
1224
1263
1308
1376
1438
1491
1544
1573
1585
1596
1555
1493
1444
1370
1306
1257
1220
1188
1169
1175
1170
1171
1185
1196
1186
1203
1202
1182
1177
1152
1092
1044
986
902
827
731
636
535
448
354
245
167
48
-57
-155
-268
-351
-448
-522
-585
-623
-631
-628
-628
-608
-614
-637
-655
-692
-760
-813
-874
-986
-1034
-1113
-1189
-1214
-1296
-1367
-1419
-1505
-1577
-1647
-1725
-1766
-1807
-1837
-1813
-1780
-1721
-1619
-1544
-1456
-1342
-1286
-1224
-1146
-1116
-1081
-1047
-1011
-985
-938
-886
-841
-771
-717
-650
-594
-534
-489
-446
-387
-349
-270
-228
-168
-71
-2
70
138
183
220
243
237
252
254
278
305
324
396
472
560
679
786
889
1020
1106
1193
1264
1307
1350
1347
1330
1313
1276
1256
1216
1173
1180
1138
1136
1149
1129
1150
1153
1129
1126
1109
1084
1066
1038
1033
1030
1032
1038
1036
1036
1036
1037
988
952
913
833
757
661
575
490
408
332
263
214
184
157
112
98
62
13
-33
-101
-172
-224
-264
-346
-394
-402
-445
-459
-453
-468
-446
-436
-447
-468
-506
-560
-633
-694
-756
-807
-850
-861
-879
-898
-886
-868
-868
-861
-848
-845
-837
-824
-827
-815
-787
-786
-776
-753
-716
-694
-674
-653
-661
-657
-661
-668
-659
-654
-624
-601
-565
-503
-449
-386
-311
-265
-246
-197
-164
-145
-113
-81
-46
-16
8
40
80
117
156
175
204
235
246
254
266
290
297
321
323
335
352
353
355
343
341
333
323
297
276
285
289
279
297
313
326
336
334
320
317
338
325
321
331
342
327
320
326
305
316
318
297
300
336
339
334
338
339
324
297
290
251
228
217
174
123
108
89
76
79
72
93
100
101
114
107
127
141
122
120
122
94
77
53
3
-13
-42
-82
-102
-112
-121
-132
-140
-155
-166
-175
-186
-210
-229
-214
-243
-235
-202
-190
-138
-86
-48
-14
15
20
10
-17
-39
-59
-96
-111
-134
-168
-181
-201
-228
-251
-270
-279
-303
-297
-297
-292
-263
-244
-214
-176
-149
-110
-94
-80
-85
-87
-96
-107
-114
-123
-118
-116
-111
-110
-97
-96
-77
-73
-75
-55
-51
-65
-62
-57
-40
-31
-17
7
24
30
32
25
9
11
-6
-32
-44
-48
-45
-47
-36
-5
7
21
48
49
70
90
93
108
121
137
141
148
158
165
178
164
168
173
163
161
150
149
148
128
129
125
115
127
115
110
115
106
97
90
88
83
86
74
74
71
61
60
53
58
59
62
75
70
90
106
97
113
114
110
108
93
79
70
63
53
43
41
33
31
15
14
9
-1
-7
-27
-32
-43
-58
-68
-65
-67
-73
-59
-55
-47
-38
-33
-32
-39
-40
-44
-64
-63
-57
-74
-69
-74
-93
-100
-113
-122
-135
-153
-154
-165
-174
-171
-156
-148
-140
-117
-107
-95
-81
-71
-60
-60
-50
-53
-50
-32
-33
-27
-20
-17
-20
-27
-34
-40
-47
-48
-44
-45
-38
-17
-14
8
33
41
66
71
81
93
94
99
94
90
84
77
84
78
81
93
95
91
98
108
91
95
93
87
92
79
82
75
84
84
73
75
82
81
61
73
64
54
48
38
31
14
8
-6
-10
-9
-3
4
16
34
34
41
49
37
30
32
23
17
24
27
34
42
33
37
24
15
6
-14
-14
-19
-19
-27
-22
-27
-44
-52
-65
-82
-97
-106
-122
-130
-132
-126
-124
-114
-98
-86
-79
-63
-57
-53
-39
-38
-35
-29
-22
-27
-27
-27
-34
-45
-47
-55
-65
-61
-73
-59
-61
-54
-39
-39
-25
-17
-9
-2
-4
-1
-6
2
5
15
29
36
40
48
53
45
47
39
31
28
20
15
9
7
7
4
6
1
0
-8
-8
0
-7
-4
3
5
6
18
27
28
29
38
45
40
48
47
46
43
43
33
31
33
24
25
29
20
15
11
11
4
-1
-1
-5
-6
-6
-7
-6
-3
-5
-2
-4
-3
-9
-8
-10
-14
-18
-21
-13
-14
-18
-9
-12
-9
-8
-12
-7
-16
-17
-24
-20
-22
-23
-20
-30
-18
-24
-26
-17
-21
-19
-13
-2
-4
13
14
17
31
20
27
29
18
20
21
17
12
20
16
13
20
12
13
12
12
10
4
4
-1
-1
2
11
13
17
27
18
25
28
26
29
33
34
31
38
36
30
35
27
26
20
17
16
10
9
8
5
6
5
3
3
12
9
6
8
4
3
-1
-4
-13
-20
-21
-28
-28
-33
-37
-30
-27
-25
-26
-22
-22
-27
-34
-34
-33
-37
-36
-36
-33
-22
-25
-21
-16
-16
-21
-17
-11
-17
-14
-22
-30
-23
-22
-29
-21
-27
-32
-26
-28
-29
-26
-30
-19
-21
-22
-12
-13
-13
-10
-13
-14
-7
-1
0
7
6
7
13
12
16
9
16
13
4
14
12
15
18
7
11
10
8
3
8
14
10
16
18
24
24
20
23
19
19
19
21
30
23
22
23
30
36
32
35
43
47
49
53
57
58
55
53
60
59
59
57
58
58
50
39
30
23
9
-7
-4
-9
-12
-3
-7
-2
0
-2
-1
5
2
-5
-3
-2
-12
-10
-10
-9
-8
-12
-17
-15
-22
-22
-22
-22
-19
-24
-22
-18
-24
-21
-20
-20
-16
-23
-22
-26
-30
-30
-30
-30
-29
-32
-35
-35
-35
-41
-34
-30
-32
-29
-28
-31
-31
-25
-30
-31
-26
-32
-32
-24
-26
-29
-20
-17
-16
-5
-11
-11
-5
-8
-7
-2
-7
-7
-5
0
2
4
3
3
4
7
11
3
8
7
7
17
14
14
18
20
28
25
22
23
20
20
17
14
9
9
9
11
15
16
15
18
22
16
17
20
17
20
20
16
14
14
15
13
14
14
14
16
14
11
10
11
9
11
12
13
16
18
24
22
16
14
10
9
7
0
-3
-6
-6
-2
-9
-13
-12
-15
-13
-15
-23
-19
-16
-19
-13
-11
-8
-8
-4
-6
-5
-3
-3
6
7
6
4
4
3
4
0
-10
-9
-12
-12
-10
-14
-17
-14
-15
-17
-14
-16
-19
-10
-7
-11
-10
-12
-8
-4
-4
-6
-10
-4
-4
2
6
3
3
8
11
6
7
1
-3
0
1
-5
-6
-3
-5
1
-3
-4
-3
-2
-3
-1
-5
-8
-6
-9
-9
-9
-12
-14
-10
-10
-9
-7
-2
-6
0
4
1
5
8
7
8
14
12
10
18
12
9
15
9
10
17
12
8
14
11
9
10
8
7
10
12
12
14
14
14
14
17
8
10
9
9
9
7
6
7
9
8
9
8
7
8
9
4
6
3
2
4
1
-3
-3
-2
-4
1
-4
-7
-3
-5
-2
-3
-3
-5
-8
-7
-6
-8
-6
-8
-8
-6
-8
-10
-5
-10
-9
-8
-16
-16
-16
-17
-17
-14
-17
-21
-17
-20
-18
-18
-21
-22
-18
-16
-19
-13
-16
-19
-12
-15
-12
-8
-12
-11
-7
-10
-11
-8
-8
-5
-4
-2
1
-1
5
7
6
6
6
6
7
12
9
8
10
7
9
6
8
5
3
3
1
5
4
8
10
11
16
12
16
18
20
20
17
20
17
19
21
19
24
21
17
19
16
16
12
8
7
6
3
7
10
9
12
7
12
16
12
14
13
12
12
11
11
10
12
4
5
4
0
4
0
2
-1
-6
-6
-9
-6
-7
-7
-7
-6
-5
-7
-4
-6
-7
-6
-9
-7
-7
-6
-7
-9
-9
-11
-14
-14
-13
-14
-15
-15
-16
-13
-15
-11
-9
-13
-9
-12
-12
-9
-8
-9
-8
-7
-8
-3
-7
-5
-4
-9
-5
-8
-7
-3
-9
-6
-6
-8
-9
-10
-11
-9
-8
-9
-6
-3
-6
-1
-5
-1
-2
-4
3
-1
2
2
0
1
2
2
1
5
2
2
6
4
9
7
8
7
5
7
4
8
5
3
2
2
1
-1
2
3
3
5
1
7
6
6
10
10
12
11
13
13
15
12
11
9
8
8
6
5
10
5
7
9
8
10
11
12
11
12
10
11
10
13
11
9
9
5
3
4
-1
0
-5
-6
-4
-4
-4
-6
-6
-9
-8
-11
-12
-10
-10
-9
-8
-12
-6
-8
-5
-7
-6
-5
-3
-2
-3
0
-2
-2
-1
-2
-3
-3
-5
-3
-7
-4
-7
-6
-8
-9
-11
-10
-10
-8
-6
-7
-6
-7
-8
-6
-4
-6
-1
-2
0
-1
2
2
3
2
2
1
2
3
1
2
3
2
0
1
-1
1
0
0
-2
-1
-1
1
2
3
3
3
3
3
4
5
7
9
9
8
6
4
5
4
4
4
4
3
4
1
3
4
4
2
3
1
0
4
2
2
2
1
0
3
0
1
2
3
0
2
0
2
2
2
1
1
1
-1
0
-2
1
-1
-1
-2
0
-2
0
-2
-2
-3
-7
-7
-5
-5
-4
-4
-4
-1
-4
-4
-6
-1
-2
-1
-1
-4
-1
1
0
3
4
-1
1
-2
-3
-2
1
1
-1
0
1
1
3
2
3
3
1
0
0
0
1
1
2
3
5
5
6
7
5
6
4
2
1
1
-3
0
-1
-2
-5
-1
-2
-1
0
-2
0
0
0
0
1
1
3
0
4
2
3
2
3
2
0
0
-1
-3
-2
-6
-5
-3
-5
-2
-4
-2
-1
-3
0
-1
-2
1
0
2
1
3
5
3
2
0
0
0
-4
-4
-4
-7
-4
-7
-5
-5
-7
-6
-6
-6
-6
-6
-4
-4
-6
-3
-3
-2
-4
-2
-3
-4
-4
-4
-4
-3
-4
-3
-1
-2
-3
-1
0
-2
-2
0
-1
-2
-3
0
0
1
3
3
4
5
4
5
5
5
6
4
6
2
6
3
3
3
0
2
-1
-2
1
1
-1
2
1
5
3
4
8
4
6
7
6
9
9
8
10
9
8
6
8
5
2
5
3
3
3
4
3
2
2
5
1
4
2
2
3
2
2
1
2
1
-1
0
1
-3
-2
-3
-1
-5
-4
-3
-4
-4
-6
-3
-5
-6
-5
-5
-3
-4
-4
0
-3
-2
-2
-2
-2
-5
-2
-1
-1
-2
-1
0
-3
-4
-4
-5
-4
-4
-4
0
-3
-3
-2
-3
-3
-5
-4
-4
-4
-5
-3
-3
-4
-6
-2
-2
-3
-1
0
-1
-1
-1
0
0
-2
0
0
2
0
1
2
1
1
1
1
1
0
1
1
1
1
1
3
2
2
2
2
3
1
3
5
2
3
4
4
3
3
5
5
4
5
5
4
3
2
4
2
2
2
1
3
1
2
4
0
2
2
1
3
-1
1
0
-1
0
-2
0
0
-1
-1
0
0
-1
0
3
-1
2
3
1
1
3
1
2
2
2
4
4
4
1
4
3
0
2
-1
-3
-2
-3
-2
-3
-3
-2
-3
-1
-2
-1
0
-1
-1
-1
0
-2
-2
-2
-2
-2
-2
1
-1
0
0
-1
0
-2
-2
-1
-1
-1
-2
-1
-1
-5
-2
-4
-5
-3
-4
-2
-2
-2
-2
-1
-1
-2
-3
-2
-3
-2
-2
-2
-1
-2
-2
-1
-2
-4
0
-2
-2
-1
-2
-2
-2
-2
-2
0
0
-1
3
1
0
3
1
1
3
2
3
3
2
1
4
2
1
1
1
1
2
2
3
2
1
2
2
1
1
2
0
1
0
0
0
-1
-1
-1
1
0
1
1
2
1
3
2
2
2
2
1
3
4
3
5
4
3
3
4
2
3
2
1
2
2
2
2
2
0
2
1
1
1
2
0
1
0
0
2
-1
1
1
0
0
0
-1
-1
-1
-1
-1
-1
-2
-3
-3
-5
-4
-4
-3
-2
-3
-2
-3
-3
-4
-5
-6
-5
-6
-4
-3
-5
-5
-4
-4
-4
-4
-4
-2
-3
-2
-1
1
0
1
1
0
2
0
0
0
-1
-2
-1
-1
-2
-1
-1
-2
-2
-3
-1
-1
0
1
-1
0
1
0
1
2
2
2
3
3
3
4
2
3
2
3
5
4
5
4
4
2
3
4
2
4
4
5
5
3
4
4
1
3
3
4
4
5
3
5
5
2
3
1
1
2
2
3
1
2
1
-1
0
0
-2
0
1
-2
0
1
-3
-3
-2
-3
-3
-4
-4
-3
-2
-2
-3
-2
-2
-4
-4
-3
-5
-6
-6
-7
-8
-5
-6
-5
-4
-2
-3
-3
0
-3
-2
-2
-2
-2
-1
-1
-1
1
1
-2
0
0
-2
-1
0
-1
-2
1
0
0
1
0
0
-1
-1
-2
-2
0
-3
-2
0
0
0
2
3
2
3
1
-1
-2
-2
-2
-3
-1
-1
-2
0
-1
-2
-1
-2
-2
-1
-2
-1
0
-1
1
2
3
3
3
4
6
4
6
5
3
5
5
5
7
5
5
7
7
6
7
6
6
6
5
6
5
6
4
3
2
2
0
-1
0
0
-1
0
0
0
0
0
0
0
-1
-2
1
-3
-2
0
-2
-1
0
-3
-1
0
-3
-1
-1
-5
-3
-3
-4
-3
-4
-3
-2
-3
-2
-2
-3
-3
-5
-4
-3
-4
-4
-4
-5
-3
-3
-5
-4
-4
-4
-3
-4
-3
-2
-4
-2
-1
-5
-3
-2
-5
-4
0
-3
-2
0
0
0
2
1
0
1
1
1
2
2
1
2
3
4
4
6
7
5
6
6
5
6
4
4
6
4
5
5
3
5
5
3
3
5
2
2
4
1
3
4
1
3
3
-1
2
1
-2
1
-1
-2
0
-2
-3
-1
-2
-2
-2
-3
-2
-3
-2
-1
-3
0
-1
-2
1
0
-2
0
-2
-2
0
-1
0
0
-3
-1
-1
-3
-2
-2
-3
0
-3
-2
-2
-4
-3
-3
-4
-4
-3
-3
-2
-2
-3
-2
-3
-2
-2
-4
-1
-2
-3
0
0
-3
0
0
-3
0
-1
-4
-1
-2
-2
0
0
1
1
0
0
0
0
1
3
2
2
2
3
1
2
2
1
2
4
0
3
4
1
3
2
0
2
1
-2
1
0
-2
1
1
-1
4
1
-1
3
0
0
3
2
3
4
3
3
2
3
2
2
4
3
1
4
3
0
4
1
-1
4
1
1
4
1
1
3
2
1
4
1
1
2
-2
-2
0
-2
0
1
-2
0
-3
-5
-4
-4
-6
-4
-4
-4
-4
-5
-5
-4
-4
-4
-2
-2
-3
-3
-2
-1
0
0
2
1
2
3
1
3
4
2
4
4
2
5
3
1
4
3
1
4
2
2
3
-1
-2
-1
-3
-2
-2
-4
-2
-3
-5
-2
-5
-3
-1
-3
-1
-1
-4
0
-2
-3
3
-1
-1
3
0
0
3
0
3
5
2
6
5
1
3
2
0
3
1
1
3
0
0
2
-1
0
0
-2
-1
-2
-2
-3
-4
-3
-4
-5
-2
-5
-4
-1
-3
-5
0
-4
-3
-1
-4
-2
-2
-5
-4
-2
-5
-1
-1
-1
1
-1
0
0
0
1
1
0
2
0
0
1
1
1
2
2
1
4
2
3
2
3
2
3
1
3
2
2
3
2
3
2
2
2
3
1
1
1
1
1
0
1
1
1
1
1
0
1
2
3
3
3
3
3
2
2
3
2
2
3
3
3
3
1
2
3
3
3
4
2
2
0
0
0
0
-1
0
0
0
-1
-1
-1
-1
-1
-1
-1
-2
-3
-4
-5
-4
-4
-4
-4
-3
-4
-3
-4
-3
-2
-4
-2
-3
-3
-5
-4
-4
-2
-3
-3
-2
-2
-1
-2
0
-2
1
-2
0
-1
0
-2
-2
-1
-1
0
-2
1
-1
0
-1
1
0
0
-1
0
-1
-2
0
-2
-1
-1
1
0
2
0
1
2
1
2
0
1
-1
1
-2
-1
-1
0
0
0
3
1
2
1
2
0
2
1
1
0
1
1
1
2
2
3
2
4
3
4
3
3
3
3
2
2
2
1
2
1
1
1
2
1
2
2
1
1
2
0
0
0
-1
-1
0
-1
-1
1
0
1
1
2
0
1
0
-1
0
-1
-1
0
-2
-2
-1
-2
0
0
-2
-1
0
-1
-2
-1
-3
-1
-2
-2
-2
-2
-1
0
0
0
1
1
1
0
2
0
0
1
2
0
1
0
1
2
2
1
1
1
0
2
0
1
1
0
0
0
0
-1
1
0
-1
1
1
0
2
0
0
1
0
-1
1
0
-2
1
-1
-1
1
0
-1
2
0
-1
-1
0
-1
0
-1
-2
-1
-1
-2
-2
-1
-2
-1
-1
-2
-1
-2
-1
-2
-2
-3
-2
-2
-3
-2
-3
-2
-1
-1
-2
-2
-2
-3
-2
-2
-2
-1
0
-2
0
0
-1
0
1
0
0
1
0
1
1
1
1
1
0
1
1
0
1
2
1
1
1
1
1
2
0
0
1
0
1
1
-1
1
1
0
1
2
0
2
2
1
1
2
0
1
1
1
2
2
1
2
1
0
2
2
1
1
3
1
2
1
1
2
1
2
2
1
0
1
1
1
0
0
0
0
0
-1
0
-1
0
-2
0
-2
-1
-1
-2
-1
-1
-2
-1
-2
-3
-2
-1
-1
-1
-2
-1
-1
0
-1
-1
0
-1
-1
0
0
0
0
0
-1
0
-1
-1
0
0
-1
0
-1
0
0
0
-1
0
-1
-1
-1
-1
-1
-1
-1
-1
0
-1
-1
-1
0
0
0
0
0
0
1
1
1
1
0
2
1
0
2
2
1
2
1
1
3
1
1
2
1
2
0
2
1
2
1
2
2
2
2
2
2
2
2
2
2
2
3
1
1
2
1
2
1
1
1
1
0
1
-1
-1
0
-1
-1
-1
-1
-1
-2
-2
-1
-2
-2
-2
-3
-3
-2
-3
-3
-2
-4
-2
-3
-3
-2
-2
-2
-2
-2
-2
-2
-2
-1
-1
-2
-1
-1
-2
0
-1
-2
0
-1
0
-1
-2
0
-1
-1
0
-1
-1
0
0
-1
-1
-1
-1
-1
-2
0
-1
0
-2
0
0
0
-1
-1
-1
-1
1
-1
0
0
0
-1
1
0
1
0
0
1
2
0
2
1
2
4
0
2
2
1
2
3
1
4
1
2
3
2
3
2
2
2
2
2
3
1
2
3
1
2
2
1
2
1
0
3
1
1
2
-1
1
2
1
1
1
0
2
0
1
1
1
0
1
0
1
1
-1
1
1
1
1
1
0
1
0
1
0
-1
1
0
-1
1
0
-1
0
0
0
0
-1
-1
0
-2
-1
-1
-2
0
-2
-1
-1
-1
-1
0
-2
-1
-2
-2
-1
-2
-2
-1
-3
-1
-2
-3
0
-2
-2
-1
-1
-2
-1
-3
-2
-2
-2
-2
-3
-2
-3
-2
-3
-1
-2
-1
-2
-2
-3
-1
-3
-2
-2
-2
0
-2
-1
-2
-1
-2
0
-3
0
0
-1
1
-1
1
1
1
0
2
0
2
1
2
1
2
1
2
2
2
3
2
3
2
2
2
3
1
3
2
2
3
3
3
1
2
3
3
2
3
2
2
4
2
2
4
3
2
2
2
2
2
2
2
3
3
1
1
1
2
1
1
-1
1
0
0
0
0
0
0
0
-2
1
-2
-1
-1
-2
-2
-2
-1
-3
-2
-1
-2
-1
-2
-2
-2
-1
-1
-2
0
-2
-1
0
-1
-1
-1
0
-2
-1
-2
0
-1
0
-1
0
0
-1
0
-1
0
-1
-1
-1
-1
-1
-2
-1
-2
-2
-1
-2
0
0
0
-1
-1
-1
-2
-1
-2
-1
-2
-2
-1
-2
0
-1
0
0
0
0
0
0
-1
-1
0
-1
-1
-1
0
-1
0
0
0
0
0
1
0
0
-1
0
1
0
1
0
1
0
1
0
1
1
2
1
1
2
1
2
2
1
0
2
2
1
1
2
1
2
1
1
1
1
2
1
2
1
2
2
1
2
2
2
1
1
1
2
0
2
0
1
1
1
0
2
0
1
2
1
1
1
2
0
1
0
1
0
1
0
0
0
0
1
0
0
0
1
-1
0
-1
-2
-2
-2
-1
-1
-1
-1
-1
-1
-1
-2
0
-2
0
-2
-2
-1
-1
-2
-2
0
-2
-2
-1
-2
-2
-1
-2
-2
-2
-2
-2
-2
-2
-3
-3
-2
-2
-3
-1
-3
-2
-2
-1
-2
-1
0
-1
0
0
-1
-1
0
0
0
0
-1
0
0
0
0
1
0
1
1
1
0
0
