SAMPLES:	11118
BITSPERSAMPLE:	16
CHANNELS:	1
SAMPLERATE:	16000
NORMALIZED:	FALSE
-1
-2
-2
0
-3
-1
0
-5
2
-2
-3
2
-5
-1
-2
-3
-1
-3
-1
-3
-2
1
-3
1
0
-3
3
0
-1
4
-2
1
2
-1
2
1
0
3
-3
2
0
-1
4
-1
1
1
0
0
2
2
0
3
3
0
3
5
-1
5
4
-3
9
-1
1
7
-3
5
3
0
5
0
2
3
1
4
1
3
1
0
3
0
1
0
-2
-1
-1
-3
-2
-6
-2
-4
-5
0
-7
-2
-3
-6
0
-2
-4
2
-2
0
2
-2
3
-1
1
2
-1
0
-1
-1
-1
-1
-3
0
-4
-2
0
-7
2
-5
-1
0
-3
0
-4
-1
-1
-3
0
-2
-2
0
-1
-1
1
1
-2
3
0
0
0
-1
-1
-2
0
-3
-1
-2
-3
0
-2
1
-1
2
1
2
0
3
1
2
3
1
3
0
3
3
0
4
5
0
5
1
3
0
3
3
0
7
0
6
6
5
4
9
6
3
12
2
8
6
0
8
0
5
0
2
3
-3
1
-1
-3
-1
-3
-9
0
-8
-7
0
-11
1
-8
-2
2
-8
6
-4
4
3
1
6
1
3
2
0
1
-1
-4
-4
-6
-6
-3
-7
-4
-2
-6
-3
-4
-4
0
-4
-3
0
-6
-2
-5
0
-6
-2
0
-5
4
-4
2
4
5
1
3
7
1
7
-1
5
4
1
1
0
7
-4
3
-4
1
-2
-8
1
-12
5
-10
-3
1
-9
7
-10
3
0
-4
3
-10
4
-7
1
-1
-4
5
-5
4
1
2
4
2
-1
-4
0
-1
-3
-1
-6
0
-7
-7
-5
-6
0
-2
0
2
4
0
4
6
3
5
6
1
2
2
-3
0
4
-1
4
-1
7
5
8
6
10
9
5
13
5
13
8
4
8
5
2
2
-2
0
-5
-2
-8
-1
-4
-12
-2
-12
-6
-4
-2
-1
2
3
2
7
7
5
8
3
8
4
1
2
-2
2
-4
-2
2
-2
4
2
8
5
11
10
9
15
8
8
13
8
6
10
-2
8
1
-3
-3
-9
-5
-10
-8
-15
-9
-23
-13
-25
-20
-20
-34
-13
-29
-21
-20
-21
-15
-12
-16
-8
-12
-6
-12
-7
-2
-10
7
-8
6
-5
-1
0
-9
9
-9
1
5
-5
0
-2
-5
2
2
-7
14
-7
4
7
-2
19
13
15
19
31
17
48
29
24
46
15
31
19
18
8
16
6
5
16
0
10
5
9
9
21
16
22
30
17
29
30
28
30
16
15
19
0
1
-9
-27
-22
-28
-39
-42
-47
-63
-41
-60
-57
-39
-56
-27
-39
-21
-18
-2
-2
-1
4
-10
1
-23
-18
-26
-44
-40
-44
-53
-56
-57
-58
-53
-41
-50
-31
-12
-27
7
3
16
24
34
36
39
57
32
62
43
34
50
34
32
42
22
37
42
22
46
39
31
47
37
35
43
38
18
44
19
26
21
5
23
9
21
11
23
18
15
41
24
39
39
35
47
64
43
59
61
33
59
34
37
28
19
-6
-13
-23
-41
-40
-52
-69
-59
-60
-63
-45
-61
-55
-40
-44
-40
-26
-43
-30
-26
-35
-23
-29
-44
-37
-48
-54
-40
-60
-55
-62
-69
-69
-53
-65
-69
-52
-80
-60
-64
-67
-51
-58
-60
-42
-38
-39
-19
-14
-20
19
17
2
43
9
31
31
15
30
8
15
-13
-1
-24
-31
-16
-39
-7
-29
-8
12
-2
46
33
45
72
53
66
63
65
52
47
42
20
31
18
28
45
43
70
91
112
137
168
168
198
194
190
203
172
164
136
126
97
73
75
55
38
35
24
18
7
10
-16
9
-18
-34
-24
-54
-51
-55
-62
-63
-46
-54
-7
-18
12
30
24
59
26
14
1
-37
-84
-153
-178
-256
-314
-340
-418
-430
-453
-463
-427
-420
-382
-338
-304
-223
-171
-110
-31
57
83
175
236
263
346
322
373
414
395
424
422
407
393
378
308
269
230
141
126
28
-21
-48
-136
-150
-198
-227
-214
-219
-217
-198
-180
-172
-160
-135
-148
-145
-137
-170
-138
-180
-198
-144
-200
-135
-110
-84
2
10
95
143
163
216
225
208
182
132
22
-81
-208
-375
-521
-700
-842
-984
-1115
-1161
-1235
-1196
-1147
-1070
-902
-746
-523
-288
-56
220
482
706
976
1183
1361
1563
1688
1794
1916
1955
2020
2052
2045
2041
2005
1916
1820
1671
1457
1254
944
667
321
-51
-371
-754
-1064
-1335
-1616
-1752
-1895
-1952
-1899
-1875
-1689
-1524
-1311
-1027
-763
-485
-187
68
273
514
620
749
800
753
761
621
505
381
170
12
-162
-331
-457
-569
-653
-719
-719
-764
-762
-705
-717
-670
-681
-689
-745
-795
-893
-1024
-1088
-1279
-1320
-1425
-1511
-1474
-1486
-1352
-1209
-1023
-769
-483
-166
145
455
767
1032
1271
1473
1580
1714
1740
1722
1714
1635
1571
1464
1396
1336
1255
1241
1217
1215
1294
1357
1413
1541
1626
1735
1805
1809
1852
1794
1703
1547
1338
1109
789
460
71
-273
-640
-1005
-1257
-1546
-1690
-1807
-1875
-1820
-1731
-1579
-1418
-1172
-968
-739
-490
-338
-171
-48
43
63
19
-20
-139
-302
-477
-716
-920
-1101
-1327
-1493
-1595
-1642
-1626
-1615
-1529
-1400
-1278
-1160
-993
-868
-792
-698
-728
-700
-700
-806
-862
-908
-1006
-1026
-1025
-1035
-911
-843
-695
-448
-226
60
312
578
810
1054
1256
1394
1531
1507
1523
1462
1327
1243
1038
940
885
748
784
858
1022
1292
1569
1965
2479
2938
3380
3816
4203
4559
4675
4706
4634
4334
3951
3373
2629
1940
1069
155
-701
-1542
-2270
-2944
-3497
-3874
-4095
-4224
-4187
-4026
-3732
-3450
-3050
-2595
-2184
-1715
-1334
-931
-686
-460
-268
-310
-254
-377
-565
-627
-899
-1012
-1129
-1218
-1162
-1192
-1030
-843
-711
-472
-319
-216
-37
-59
-121
-222
-502
-692
-965
-1328
-1604
-1881
-2098
-2255
-2318
-2301
-2089
-1875
-1600
-1133
-762
-201
298
741
1280
1617
1901
2080
2186
2186
2078
1936
1655
1480
1248
1035
1032
1017
1226
1546
1968
2553
3242
4085
4796
5554
6270
6785
7169
7265
7108
6767
6107
5109
3996
2667
1272
-231
-1742
-3129
-4372
-5418
-6321
-6910
-7129
-7162
-7015
-6592
-6049
-5222
-4392
-3579
-2686
-1902
-1133
-615
-176
173
325
348
211
64
-110
-197
-455
-576
-522
-523
-296
-130
146
559
785
988
1127
1166
1098
766
341
-212
-908
-1655
-2462
-3236
-3952
-4595
-5093
-5334
-5409
-5260
-4919
-4394
-3590
-2758
-1850
-833
114
1091
1853
2504
3018
3323
3512
3378
3243
3047
2712
2417
2140
2047
2106
2298
2694
3308
4139
5006
6024
7095
8063
9032
9630
10001
10150
9810
9242
8138
6754
5209
3205
1230
-821
-2874
-4599
-6386
-7615
-8488
-9175
-9218
-9053
-8390
-7452
-6481
-5178
-3815
-2517
-1380
-431
445
928
1197
1176
976
627
-20
-538
-1145
-1677
-2065
-2398
-2472
-2406
-2181
-1750
-1222
-732
-132
400
717
995
949
786
391
-301
-1018
-1887
-2903
-3904
-4787
-5572
-6200
-6620
-6787
-6532
-6188
-5577
-4624
-3595
-2365
-1254
-154
957
1914
2640
3163
3450
3679
3566
3249
3033
2660
2366
2004
1858
2012
2252
2817
3557
4543
5812
7047
8371
9711
10800
11718
12300
12479
12284
11599
10510
8931
7067
4815
2456
95
-2427
-4492
-6487
-8102
-9137
-9919
-10037
-9800
-9272
-8235
-6958
-5574
-4237
-2852
-1514
-437
344
856
1157
1180
914
368
-137
-710
-1388
-1914
-2459
-2668
-2639
-2606
-2225
-1792
-1128
-325
217
865
1373
1599
1707
1330
936
395
-604
-1608
-2771
-3895
-4876
-5913
-6738
-7251
-7592
-7746
-7497
-6990
-6240
-5303
-4421
-3195
-2072
-1096
-65
725
1521
1960
2232
2510
2624
2551
2395
2473
2455
2536
2627
2957
3764
4395
5232
6415
7655
8961
10051
11075
12186
12940
13138
12989
12607
11901
10522
8645
6697
4654
2215
-316
-2548
-4497
-6114
-7803
-8896
-9133
-9246
-9091
-8587
-7500
-6161
-5159
-4026
-2791
-1486
-645
-374
182
451
388
-69
-608
-825
-1444
-2074
-2511
-2726
-2693
-2831
-2585
-1980
-1328
-707
-16
840
1419
1800
1987
2118
1899
1166
381
-549
-1613
-2910
-4303
-5329
-6359
-7399
-8059
-8426
-8460
-8403
-8079
-7363
-6480
-5599
-4638
-3645
-2587
-1640
-972
-129
433
845
1237
1509
1870
2064
2378
2678
3135
3679
4125
5094
5925
6836
7933
8922
10301
11316
12271
13186
13697
14203
13909
13517
12941
11578
10093
7934
5896
3767
1160
-1153
-3518
-5365
-7008
-8609
-9488
-9917
-9903
-9789
-9315
-8332
-7095
-5821
-4804
-3504
-2181
-1130
-435
94
586
770
691
250
-19
-324
-833
-1187
-1529
-1467
-1355
-1235
-846
-400
258
772
1153
1577
1793
1794
1496
919
211
-631
-1762
-3103
-4390
-5547
-6644
-7714
-8592
-9045
-9255
-9347
-9196
-8682
-7755
-6926
-6065
-4957
-3706
-2570
-1689
-711
255
1015
1564
2064
2587
3025
3193
3546
4003
4426
4911
5464
6431
7298
8208
9392
10598
11834
12704
13453
14323
14642
14455
13952
13118
12003
10071
7742
5640
3108
383
-2401
-4937
-6845
-8892
-10511
-11475
-11805
-11703
-11437
-10412
-9025
-7415
-5717
-4124
-2186
-635
703
1755
2320
2699
2704
2457
1921
1235
519
-56
-660
-1304
-1521
-1527
-1362
-1191
-827
-91
516
1082
1351
1685
1967
1684
1156
421
-429
-1580
-3056
-4501
-5808
-7056
-8438
-9548
-10147
-10600
-10842
-10853
-10344
-9432
-8608
-7566
-6262
-4735
-3340
-2244
-939
426
1512
2191
2807
3688
4329
4752
5082
5672
6500
7107
7790
8738
9902
10859
11828
12719
13702
14603
14686
14817
14597
13868
12878
10958
9151
7124
4427
1731
-1165
-3564
-5999
-8367
-10165
-11444
-11996
-12471
-12194
-11245
-9959
-8388
-6787
-4632
-2542
-721
932
2195
3485
4069
4047
4043
3578
2962
1901
776
-34
-934
-1621
-2313
-2506
-2426
-2320
-1807
-1311
-531
199
611
1143
1335
1303
951
234
-723
-1998
-3346
-4923
-6451
-7974
-9379
-10459
-11411
-11997
-12146
-11913
-11371
-10525
-9337
-7789
-6105
-4388
-2586
-631
1190
2484
3815
5094
6230
6891
7256
7840
8264
8614
8536
8892
9635
9851
10257
10600
11410
12180
12130
12386
12622
12550
11839
10498
9632
8286
6160
3772
1377
-457
-2971
-5615
-7443
-8820
-9797
-10886
-11293
-10607
-9757
-8857
-7694
-5784
-3837
-2271
-763
783
2338
3007
3337
3546
3634
3280
2202
1509
797
-131
-1069
-1972
-2136
-2264
-2464
-2349
-1929
-1175
-701
-272
246
639
683
337
-285
-1027
-1875
-3143
-4653
-6083
-7475
-8905
-10049
-11091
-11722
-11864
-12003
-11655
-10794
-9671
-8042
-6343
-4587
-2494
-522
1359
2983
4489
5992
7014
7808
8319
8844
9301
9320
9466
9659
9932
10111
10098
10474
10742
10876
10907
10673
10817
10215
9138
8375
6903
5502
3476
1298
-305
-2502
-4560
-6292
-7590
-8441
-9398
-9724
-9383
-8672
-7803
-6816
-5120
-3439
-1939
-376
1112
2437
3234
3836
4195
4121
3833
2959
2327
1502
216
-519
-1405
-1969
-2393
-2620
-2403
-2244
-1741
-1204
-603
-27
237
450
408
124
-463
-1262
-2062
-3358
-4711
-5934
-7226
-8289
-9425
-10228
-10559
-10875
-10706
-10348
-9499
-8094
-6913
-5399
-3597
-1892
-97
1544
3015
4525
5871
6756
7540
8246
8714
9150
9206
9460
9637
9555
9733
9502
9621
9630
9200
9036
8322
7855
6763
5531
4484
2756
1549
-496
-2081
-3198
-4970
-5895
-6966
-7331
-7395
-7688
-7060
-6286
-4998
-3973
-2808
-1156
211
1677
2477
3372
4237
4223
4118
3747
3288
2525
1326
251
-668
-1444
-2312
-2916
-3180
-3009
-2748
-2629
-1950
-1205
-564
-168
99
401
347
68
-740
-1374
-2050
-3243
-4358
-5413
-6421
-7380
-8135
-8730
-9003
-8987
-8864
-8419
-7576
-6583
-5449
-4103
-2719
-1277
274
1590
3050
4495
5508
6601
7581
8288
8911
9451
9699
10077
10317
10198
10058
9848
9341
8675
7864
6816
5744
4434
2865
1388
65
-1406
-2835
-4095
-5188
-5994
-6644
-7068
-7040
-6695
-6165
-5485
-4512
-3120
-1818
-654
555
1837
2847
3446
3886
4232
4363
3877
3198
2664
2018
1013
-24
-634
-1289
-1677
-2137
-2293
-1783
-1621
-1287
-1002
-507
61
12
-22
-135
-549
-1275
-2187
-3089
-3998
-5045
-6268
-7227
-7920
-8539
-8803
-8873
-8613
-8114
-7435
-6336
-5121
-3714
-2309
-801
896
2244
3676
5142
6327
7436
8265
8887
9594
9902
9997
10440
10341
10184
9804
9148
8819
7797
6687
5640
4258
3052
1483
-21
-1371
-2763
-4104
-5435
-6220
-7168
-7726
-8028
-8199
-7627
-7234
-6391
-5116
-3854
-2245
-834
616
2064
3357
4305
4901
5475
5481
5279
4790
3908
3313
2239
1036
178
-799
-1564
-2120
-2563
-2568
-2421
-2419
-2104
-1550
-1156
-940
-772
-738
-923
-1411
-2330
-2946
-3665
-5047
-6102
-7142
-7875
-8442
-9251
-9291
-8958
-8536
-7848
-6934
-5513
-3760
-2180
-640
1340
3169
4750
6230
7522
8934
9742
10329
10909
11136
11446
11245
11086
11015
10458
9925
9158
8485
7374
6284
5170
3502
2385
418
-1223
-2505
-4519
-5775
-7309
-8486
-9262
-10195
-10488
-10400
-9767
-9168
-8231
-6623
-4954
-3034
-1351
584
2586
3904
5193
6147
6876
7172
6964
6601
5840
4955
3791
2641
1657
264
-825
-1540
-2387
-2819
-3171
-3293
-3183
-3224
-3061
-2746
-2518
-2559
-2740
-2830
-3123
-3657
-4357
-4990
-5527
-6694
-7388
-7813
-8299
-8313
-8477
-8031
-6999
-6062
-4720
-2998
-1124
879
2749
4538
6534
8293
9744
10919
11799
12684
13155
13203
12954
13042
12637
11908
11245
9854
9556
8412
6502
5547
3736
2596
693
-1675
-2811
-4535
-6229
-7991
-9350
-10156
-11149
-11983
-12431
-11939
-11551
-11188
-9794
-8504
-6597
-4885
-3435
-880
909
2395
3825
5115
6353
6706
6726
6552
6450
5903
4679
3794
2755
1646
578
-636
-1201
-1698
-2488
-2999
-3262
-3380
-3274
-3295
-3483
-3523
-3618
-3880
-4081
-4536
-5023
-5544
-6377
-7058
-7514
-7738
-7747
-7707
-7432
-6484
-5241
-4065
-2496
-564
1325
3287
5087
6972
8959
10497
11864
12911
13914
14801
14849
14879
15203
14686
14062
13398
12043
11343
9942
7897
6664
4700
2743
874
-1611
-3172
-4734
-6795
-8345
-9675
-10709
-11597
-12417
-12888
-12572
-12175
-11969
-11157
-9889
-8315
-6857
-5474
-3752
-1938
-342
962
2310
3461
4120
4537
4662
4950
4920
4221
3888
3207
2519
2129
1283
955
638
-171
-671
-1032
-1288
-1412
-1983
-2571
-2899
-3561
-4279
-4937
-5681
-6418
-7338
-8421
-8942
-9206
-9485
-9415
-9136
-8367
-7338
-6198
-4613
-2791
-717
1386
3262
5434
7557
9423
11262
12751
14221
15483
16116
16748
17141
17261
17255
16508
15623
14812
13467
11750
9747
7755
5812
3372
423
-1954
-3912
-6120
-8265
-10195
-11552
-12342
-13567
-14312
-13912
-13610
-13330
-12916
-11711
-9976
-8682
-7661
-6052
-3908
-2520
-1440
-47
1340
2403
2656
2910
3779
3988
3482
3354
3358
3209
2952
2188
2274
2575
1657
1217
1140
963
699
-162
-789
-1196
-2054
-3326
-4203
-4863
-6078
-7357
-8609
-9057
-9394
-10300
-10332
-9787
-9198
-8407
-7382
-5598
-3411
-1486
319
2614
5138
7058
8847
10944
12549
14057
14981
15558
16635
16930
16997
16817
16321
15755
14839
13819
12312
10745
9031
7062
5155
2414
39
-1852
-4461
-6541
-8888
-10784
-11753
-13467
-14485
-14668
-14566
-14417
-14042
-12796
-11394
-9694
-8259
-6610
-4327
-2968
-1668
-83
1191
2109
2268
2321
2655
2694
1988
1479
1398
928
508
-19
43
272
70
6
76
425
451
208
-90
-390
-818
-1706
-2562
-3428
-4628
-5710
-6820
-7758
-8491
-9149
-9364
-9256
-8922
-8247
-6798
-5068
-3399
-1232
1132
3826
6314
8312
10912
13189
15014
16294
17221
18598
19040
19075
18620
17988
17605
16133
14707
13043
11231
9749
7144
5099
2829
463
-1283
-4463
-6449
-8329
-10487
-11780
-13897
-14850
-15043
-15618
-15714
-15213
-13978
-12724
-11388
-9819
-7425
-5000
-3777
-2132
-207
1426
2597
2871
3174
3836
3660
2727
2298
2174
1596
790
-104
-410
-15
-612
-1270
-996
-739
-835
-1413
-1814
-1893
-2152
-3215
-4452
-4999
-5845
-7141
-8247
-9068
-9299
-9671
-10238
-9783
-8941
-7889
-6622
-4989
-2596
-138
2184
4832
7562
10161
12745
14845
16728
18511
19522
20288
20884
20687
20276
19668
18300
16981
15377
13081
11404
9277
6734
4888
2016
-170
-2080
-4806
-6628
-9109
-10807
-11991
-13892
-14885
-15528
-15522
-15576
-15477
-14455
-13047
-11244
-10131
-8234
-5598
-3801
-2300
-891
931
2290
2641
2777
3321
3598
2778
1990
1749
1579
806
-286
-393
-303
-844
-1596
-1613
-1223
-1711
-2348
-2746
-2957
-3319
-4588
-5740
-6167
-7242
-8446
-9293
-9956
-10222
-10713
-10578
-9869
-8958
-7796
-6176
-3912
-1596
868
3434
6337
9327
11607
13902
16345
18264
19826
20710
21220
21848
21643
21095
20255
18823
17770
15853
13497
11566
9300
7285
4506
1725
-179
-2506
-4951
-7563
-9554
-10724
-12498
-14211
-14953
-15020
-15217
-15326
-14790
-13595
-11819
-10881
-9495
-7021
-5065
-3500
-2370
-702
1147
1754
1814
2250
2959
2731
1752
1209
1178
853
-583
-1204
-807
-1044
-1776
-2378
-2047
-1579
-1966
-2727
-2531
-2235
-3260
-4404
-5089
-5516
-6512
-8188
-9271
-9759
-10462
-11308
-11459
-11019
-10336
-9435
-7958
-5686
-3353
-1072
1872
4963
8001
10529
13091
16065
18280
19984
20915
22133
23246
22961
22672
21949
21297
20516
18017
16186
14581
12205
9899
6629
4407
2352
-900
-3570
-6220
-7918
-9803
-12309
-13675
-14264
-14680
-15277
-15401
-14656
-13295
-12281
-11631
-9568
-7428
-6069
-4753
-3729
-1799
-572
-566
-57
580
1050
468
-275
-243
-385
-1218
-2267
-2298
-2132
-2644
-3450
-3500
-2820
-2916
-3407
-3466
-3001
-3106
-4203
-4751
-4868
-5474
-6566
-7657
-8213
-8500
-9160
-9727
-9259
-8723
-8299
-7034
-5474
-3509
-1451
481
3311
6163
8243
10593
13190
15626
17527
18570
20034
21811
22178
22189
21927
21860
21955
19986
18308
16814
14780
12632
9096
6445
4195
969
-2286
-5421
-7237
-9253
-11822
-13465
-14211
-13971
-14482
-14688
-13469
-12059
-10716
-9812
-8232
-6036
-4588
-3769
-3097
-1605
-829
-1163
-1198
-1186
-967
-1622
-2669
-2686
-2899
-3628
-4335
-4472
-3871
-4086
-4590
-4308
-3653
-3312
-3666
-3750
-3296
-3338
-4224
-5080
-5221
-5733
-6817
-7820
-8434
-8419
-8920
-8949
-8226
-7503
-6348
-5073
-3076
-946
903
3262
5679
8175
10159
11809
13953
15669
16851
17668
18586
19459
19567
19403
19214
19137
18734
17224
16003
14729
13026
10738
7743
5679
3173
-90
-3245
-5764
-7560
-9958
-12309
-13582
-13692
-13801
-14330
-13592
-11787
-10093
-8992
-7626
-4938
-2727
-1747
-948
466
2059
1914
1194
1299
1415
609
-1096
-1896
-1955
-2966
-4423
-5332
-5015
-4801
-5897
-6089
-5233
-4651
-4920
-5398
-4826
-4248
-4833
-5953
-6328
-6377
-7283
-8430
-9214
-9281
-9405
-9939
-9480
-8319
-6978
-5618
-3961
-1503
902
3247
5703
8157
10607
12399
14153
15856
17001
17671
18169
18821
18792
18225
17711
17316
16929
15666
14173
13256
11878
9677
7420
5477
3669
977
-2487
-4679
-6082
-8416
-10729
-12250
-12495
-12306
-13297
-12994
-10999
-9177
-8124
-7087
-4666
-1995
-634
-196
1064
2934
3067
2198
1897
2132
1887
-119
-1560
-1537
-2137
-3603
-4943
-5178
-4629
-5263
-6213
-5554
-4825
-4840
-5429
-5436
-4840
-5336
-6356
-6968
-7108
-7765
-9033
-9846
-9832
-9808
-10173
-9917
-8793
-7344
-6062
-4273
-1893
666
3109
5126
7688
10182
11916
13575
14870
16154
16866
17170
17762
17683
17289
16741
16452
15956
14716
13705
12898
11697
9581
7565
6188
4571
2149
-987
-2993
-4270
-6550
-8864
-10238
-10442
-10943
-12180
-12009
-10392
-9117
-8431
-7505
-5320
-2894
-2058
-1476
95
1525
1737
1138
689
929
381
-1318
-2367
-3025
-3610
-4661
-5809
-5782
-5914
-6168
-6277
-5827
-5055
-5124
-5110
-4958
-4756
-5319
-6319
-6532
-6798
-7714
-9063
-9625
-9323
-9515
-9893
-9388
-7724
-6029
-4963
-3151
-228
2913
5115
7183
9868
12434
14137
15392
16908
18031
18419
18414
18465
18254
17396
16620
15843
15157
13551
11773
11333
9621
7417
5688
3739
2655
9
-2814
-3798
-5362
-7015
-8906
-9652
-9334
-10087
-10859
-10183
-8373
-7639
-6964
-5444
-3492
-1634
-1328
-342
1225
1562
1239
607
514
69
-1491
-2778
-3464
-4214
-5349
-6356
-6431
-6499
-6906
-7054
-6772
-6162
-6169
-6464
-6117
-6058
-6854
-7736
-8181
-8275
-8819
-10078
-10756
-10206
-10016
-10076
-9494
-7843
-5771
-4438
-2949
-179
3057
5461
7390
9591
12381
14567
15680
16844
18174
19062
18997
18630
18276
17883
17168
15736
14717
13566
12082
10810
8977
7194
5534
3763
2096
-325
-2193
-3481
-4916
-6154
-7743
-8040
-7961
-8518
-8616
-7991
-6624
-5559
-4804
-3623
-1639
-218
405
1314
2052
2479
1951
1205
897
-169
-1408
-2659
-3867
-4425
-5679
-6490
-6438
-6802
-6741
-6977
-6804
-6389
-6568
-6732
-6943
-7169
-8021
-8887
-9625
-10262
-10755
-11829
-12446
-12252
-12117
-11620
-10840
-9394
-7523
-5850
-3750
-1043
1958
4458
6794
9214
11874
14158
15620
16994
18145
19086
19170
18639
18415
17780
16901
15387
13855
12860
11373
9612
7431
5866
4478
2698
680
-1324
-2228
-3312
-4823
-5823
-6259
-5892
-6217
-6651
-5937
-4951
-3795
-3428
-2635
-1091
190
1041
1397
2268
2963
2843
2197
1726
1590
673
-690
-1689
-2467
-3080
-4157
-5002
-5052
-5281
-5377
-5697
-5815
-5729
-6243
-6761
-7309
-7866
-8617
-9595
-10466
-10993
-11514
-12303
-12689
-12422
-11781
-11101
-10408
-8984
-7140
-5514
-3549
-1106
1346
3514
5541
7678
9896
11874
13393
14952
16124
16960
17444
17368
17439
17069
15878
14737
13372
12097
10318
7789
5747
3904
2128
-212
-2557
-3746
-4791
-5949
-7056
-7599
-6742
-6406
-6584
-6050
-4390
-2652
-2082
-1286
154
1755
2531
2613
3645
4214
4045
3454
2880
2897
1816
717
-138
-935
-1488
-2744
-3201
-3304
-3819
-4066
-4347
-4064
-4154
-4898
-5439
-6024
-6573
-7786
-9040
-9774
-10544
-11459
-12599
-12987
-12755
-12554
-11642
-10585
-9078
-7239
-5636
-3252
-807
1443
3731
5698
7886
9662
10872
12340
13707
14591
15136
15253
15478
15590
15158
14311
13093
12232
11212
9591
7391
4950
3384
1706
-799
-3286
-5291
-6082
-7139
-9025
-9810
-9241
-8472
-8480
-8343
-6832
-4250
-2822
-2091
-385
1758
3412
4039
4764
5869
6451
6020
5380
5329
4736
3400
2478
1698
909
-17
-1111
-1172
-1378
-2219
-2612
-2679
-2523
-3071
-4039
-4663
-5122
-6537
-8295
-9509
-10463
-11353
-13014
-14266
-14237
-13984
-13746
-13002
-11347
-9209
-7311
-5340
-2491
613
3131
5358
7894
10480
12266
13443
14850
16434
17255
16895
16804
17102
16915
15849
13647
12831
11833
9723
7282
4206
2566
736
-2415
-5084
-7326
-8497
-9653
-11660
-12834
-12333
-11428
-11263
-10862
-9749
-7264
-4912
-3994
-2411
-79
2002
3182
3709
4881
5912
6189
5781
5547
5565
4692
3893
3290
2586
2133
1189
838
889
41
-278
-430
-731
-1101
-2180
-2754
-3230
-4664
-6466
-8041
-9176
-10376
-12112
-13552
-14076
-14047
-14194
-13801
-12521
-10698
-8458
-6556
-4132
-965
2017
4556
6778
9132
11371
13107
14172
15105
16069
16627
16397
16028
15910
15698
14980
13509
12578
11612
9944
8093
5590
3866
2074
-928
-3490
-5884
-7658
-9230
-11479
-12672
-12804
-12534
-12476
-12392
-11045
-8739
-6781
-5557
-3724
-1299
746
1807
2511
3862
4864
4835
4291
4138
4266
3330
2185
1584
1046
810
-262
-818
-384
-923
-1024
-1108
-1212
-919
-1626
-2160
-2252
-3026
-4263
-5718
-6942
-7941
-9279
-10877
-11864
-12044
-12266
-12160
-11505
-10258
-8312
-6439
-4198
-1750
968
3834
6118
8277
10168
11953
13403
14347
15273
15690
15848
15934
15585
15417
15012
14010
13179
12257
10755
9029
7107
5397
3568
1012
-1531
-3810
-5638
-7698
-9884
-11136
-11596
-11823
-12376
-12425
-10980
-9197
-7752
-6542
-4704
-2176
-601
350
1520
2811
3632
3437
2804
2865
3063
1785
533
201
-266
-550
-1649
-2278
-1392
-1575
-1887
-1714
-1344
-643
-1151
-1831
-1552
-1739
-3199
-4796
-5740
-6552
-7838
-9797
-10766
-10644
-10907
-11191
-10693
-9028
-7256
-5976
-4131
-1457
1345
3437
5224
7268
9345
10732
11338
12593
13605
13896
14148
13708
14103
14297
13499
13011
12247
11702
10794
8805
7158
5944
4411
2358
-232
-2314
-3754
-5428
-7620
-9313
-9757
-10007
-10665
-11136
-10407
-8637
-7386
-6711
-5142
-2888
-1040
-104
588
1955
3086
2869
2277
2152
2224
1402
-95
-807
-1045
-1523
-2538
-3273
-2797
-2337
-2538
-2363
-1753
-718
-522
-935
-619
-547
-1358
-2638
-3899
-4539
-5539
-7604
-8819
-9044
-9286
-9616
-9706
-8491
-6726
-5685
-4281
-1683
927
3043
4501
6253
8636
9863
10750
11577
12557
13114
12873
12948
13027
13008
12560
11623
11240
10557
9266
8169
6768
5361
3693
1971
485
-1445
-3379
-4773
-6260
-7658
-8994
-9979
-10033
-10184
-10322
-9941
-8685
-7132
-5836
-4274
-2461
-292
1152
2076
3374
4385
4777
4300
3703
3378
2502
1117
-234
-1114
-2026
-3249
-4085
-4137
-3854
-3977
-3965
-3308
-2299
-1771
-2001
-1888
-1568
-2128
-3308
-4612
-5367
-6172
-8060
-9321
-9728
-9939
-10100
-10382
-9409
-7637
-6403
-4805
-2487
23
2604
4371
6382
8968
10469
11873
12955
13720
14712
14636
14677
14651
14074
13629
12758
11840
10781
9439
8386
7000
5294
3729
2249
637
-1037
-2895
-4462
-5248
-6814
-8402
-9107
-9656
-9694
-10121
-10164
-9119
-7873
-6769
-5382
-3661
-1610
459
1825
3114
4610
5455
5552
5410
4746
4176
3104
1269
39
-1523
-2879
-3882
-4963
-5041
-5116
-5264
-4784
-4052
-3161
-2549
-2210
-1810
-1669
-2091
-2890
-3487
-4341
-5458
-6849
-7885
-8238
-8763
-9204
-9223
-8393
-7144
-6240
-4664
-2809
-647
1646
3273
5405
7529
9019
10483
11504
12517
13415
13340
13553
13604
13135
12726
11922
11306
10549
9400
8324
7385
6333
4686
3266
1922
625
-856
-2823
-4072
-5126
-6579
-7697
-8751
-9016
-9094
-9400
-8892
-7937
-6668
-5568
-4363
-2455
-614
833
1688
2843
4021
3984
3716
3112
2664
1938
154
-1120
-2183
-3298
-4178
-5167
-5219
-5004
-5327
-4899
-4050
-3214
-2604
-2597
-2188
-1909
-2469
-3094
-3835
-4485
-5566
-6995
-7762
-8191
-8756
-9229
-9199
-8406
-7294
-6487
-4932
-2968
-857
1296
3205
5475
7596
9250
10716
12117
13202
13940
14197
14536
14650
14519
13899
13225
13000
12116
11225
10076
8900
8378
6369
4563
3250
1335
-77
-2532
-4499
-5456
-7306
-8810
-10091
-10348
-10214
-10539
-10154
-9071
-7137
-5754
-4522
-2393
-407
1461
2451
3229
4612
4848
4352
3776
2879
2137
618
-1128
-2159
-3304
-4275
-5079
-5472
-5207
-5013
-4681
-3888
-3041
-2324
-1741
-1339
-1149
-1281
-1993
-2899
-3646
-5024
-6445
-7645
-8849
-9460
-10315
-10627
-10345
-9849
-8705
-7556
-5906
-3819
-1586
621
2741
4880
7066
8759
9995
11281
12116
12945
13111
13053
13542
13317
13164
12576
12189
12324
11411
10778
10219
9417
8748
6693
5534
4443
2449
727
-1785
-3094
-4550
-6755
-8122
-9186
-9439
-10085
-10570
-9669
-8475
-7146
-6264
-4509
-2128
-527
771
1949
3438
4412
4089
3761
3578
2713
1654
6
-1226
-1966
-3365
-4509
-4967
-5134
-4925
-4744
-4701
-3598
-2822
-2620
-2052
-1881
-1577
-2063
-3282
-3987
-4976
-6274
-7738
-9181
-9990
-10672
-11425
-11611
-11056
-10156
-9071
-7674
-5804
-3431
-1057
1130
3343
5743
7779
9398
10882
12001
12980
13479
13694
14061
14241
13898
13640
13486
13150
12858
11996
11416
10948
9829
8656
7080
5634
4340
2193
135
-1761
-3692
-5331
-7259
-8669
-9516
-10396
-10870
-10962
-10329
-9206
-8208
-6833
-4906
-3028
-1231
428
1905
3422
4352
4618
4648
4545
4031
2990
1783
602
-559
-1777
-3085
-3882
-4323
-4804
-4818
-4910
-4578
-4131
-3990
-3488
-3333
-3287
-3414
-3922
-4604
-5167
-6140
-7255
-8206
-9296
-9898
-10396
-10851
-10688
-10073
-9269
-8053
-6488
-4510
-2293
-153
1994
4367
6766
8587
10324
11849
13044
14096
14569
14978
15365
15319
14997
14721
14406
13806
13267
12455
11673
10818
9398
8144
6774
5063
3369
1418
-529
-2206
-4146
-5918
-7401
-8541
-9428
-10060
-10378
-10352
-9687
-9004
-7824
-6392
-5055
-3288
-1715
-94
1292
2396
3478
3934
4212
3992
3565
3071
1845
672
-656
-1844
-3017
-4419
-5196
-5742
-6051
-6323
-6573
-6050
-5587
-5363
-4910
-4656
-4478
-4539
-5031
-5472
-5888
-6915
-8097
-8968
-9805
-10600
-11230
-11485
-11081
-10413
-9613
-8160
-6107
-3837
-1486
735
3517
6365
8689
10713
12562
14403
15747
16470
17013
17317
17398
17035
16384
16146
15366
14492
13446
12323
11644
10261
8642
7366
5734
4161
2371
425
-1106
-2846
-4725
-5947
-7218
-8146
-8803
-9424
-9416
-9217
-8421
-7641
-6385
-5047
-3718
-1918
-524
882
2206
3009
3779
3976
3729
3535
2505
1398
77
-1327
-2709
-4376
-5666
-6785
-7426
-8082
-8390
-8190
-7886
-7391
-6762
-5934
-5158
-4583
-4304
-4012
-3980
-4239
-4731
-5603
-6454
-7385
-8467
-9203
-9654
-10045
-10112
-9763
-8861
-7487
-5914
-3988
-1585
892
3309
5960
8451
10746
12583
13994
15364
16307
16743
16834
16498
16103
15527
14517
13785
12876
11809
11054
9661
8921
8073
6702
5995
4425
3381
2385
573
-397
-1960
-3233
-4302
-5836
-6529
-7214
-7652
-7909
-7899
-7155
-6382
-5284
-4235
-2838
-1102
-136
1060
1992
2810
3300
2771
2459
1789
760
-731
-2404
-3657
-5279
-6692
-8025
-8949
-9224
-9848
-9896
-9581
-8924
-8020
-7617
-6748
-5845
-5125
-4662
-4638
-4353
-4504
-4980
-5664
-6254
-6692
-7420
-7934
-8320
-8209
-7807
-7299
-6230
-4978
-3287
-1339
714
3053
5304
7562
9647
11464
12972
14240
15179
15761
15887
15661
15368
14707
14103
13129
12269
11714
10795
10306
9527
8852
8683
7860
7264
6487
5448
4693
3402
1853
641
-968
-2431
-3917
-5440
-6301
-7127
-7806
-8124
-7920
-7367
-6587
-5666
-4536
-2937
-1706
-707
296
1106
1685
1592
1116
571
-260
-1720
-3253
-4662
-6009
-7265
-8657
-9618
-9991
-10231
-10254
-9856
-9242
-8364
-7422
-6541
-5464
-4607
-4090
-3559
-3407
-3309
-3467
-4095
-4475
-5070
-5719
-6162
-6571
-6639
-6481
-6200
-5478
-4359
-2826
-1291
498
2538
4648
6765
8524
10355
11908
13038
13896
14152
14334
14410
13698
13068
12231
11385
10953
9930
9313
9241
8858
8804
8517
8420
8688
8084
7756
7032
6082
5173
3443
1777
153
-1894
-3718
-5654
-7329
-8349
-9613
-10313
-10504
-10288
-9636
-8876
-7860
-6568
-5035
-3948
-2755
-1638
-965
-357
-369
-615
-941
-1742
-2539
-3627
-4587
-5366
-6475
-6929
-7550
-7686
-7440
-7629
-6801
-6194
-5497
-4408
-3917
-2792
-1950
-1472
-1014
-964
-700
-979
-1422
-1975
-2586
-2987
-3845
-4220
-4518
-4627
-4195
-4035
-3158
-1992
-698
842
2438
4209
5960
7767
9015
10381
11449
11970
12478
12370
12338
12066
11293
10757
10048
9675
9131
8250
8353
8085
7876
7839
7197
7417
6997
5963
5505
4275
3378
1824
-177
-1531
-3475
-5090
-6948
-8518
-9498
-10501
-10977
-11252
-10776
-10010
-9158
-7743
-6394
-4649
-3038
-1856
-290
652
1326
1690
1534
1373
569
-395
-1600
-2823
-4004
-5488
-6524
-7404
-8067
-8259
-8455
-8008
-7281
-6565
-5346
-4125
-2891
-1613
-604
311
1126
1425
1436
1387
749
93
-655
-1744
-2349
-3144
-3825
-3834
-3920
-3591
-2695
-1726
-281
1363
2889
4635
6418
7833
8979
10085
10625
10889
10854
10308
9991
9194
8351
7478
6741
6363
5806
5502
5485
5667
5924
6117
6112
6411
6377
5916
5407
4162
3088
1735
-340
-2089
-4235
-6127
-7740
-9555
-10738
-11439
-11911
-11879
-11332
-10418
-8995
-7308
-5662
-3666
-1647
-26
1624
2757
3448
3933
3722
3204
2328
1016
-353
-1970
-3469
-4829
-6041
-6949
-7601
-7536
-7374
-6889
-5712
-4575
-3159
-1537
-293
1248
2636
3299
4018
4287
4023
3695
2756
1485
522
-775
-2121
-2992
-3946
-4394
-4403
-4373
-3556
-2672
-1435
86
1400
3210
4551
5717
6780
7404
7914
7730
7390
6804
6064
5414
4197
3656
3188
2575
2797
2702
3231
4008
4430
5415
5983
6369
6741
6551
6085
5393
3992
2524
849
-1247
-3155
-5190
-6995
-8588
-9876
-10707
-11115
-11038
-10574
-9631
-8316
-6723
-4948
-3016
-1100
597
2089
3442
4282
4701
4676
4200
3638
2347
848
-507
-2106
-3376
-4834
-5908
-6256
-6535
-6453
-5940
-4843
-3522
-1971
-472
1141
3011
4418
5545
6329
6866
6983
6559
5752
4630
3401
1671
-99
-1639
-3107
-4413
-5550
-6219
-6559
-6372
-6003
-5505
-4267
-3256
-2225
-1051
-164
758
1362
1592
1679
1572
1353
933
564
300
30
147
528
937
1797
2813
3907
5274
6442
7715
8597
9262
9690
9436
9195
8273
6936
5466
3618
1710
-197
-2204
-4018
-5389
-6637
-7506
-7828
-7848
-7450
-6681
-5729
-4439
-2868
-1551
-248
1038
1922
2753
3149
2942
2737
2169
1253
211
-1029
-2042
-3000
-3836
-4503
-4694
-4426
-4049
-3166
-2184
-884
667
1950
3342
4531
5489
6121
6304
6244
5686
4842
3645
2203
618
-1146
-2825
-4398
-5878
-7162
-8101
-8814
-9170
-9290
-9051
-8534
-7797
-7034
-6110
-4920
-4043
-2961
-2158
-1404
-594
-228
347
619
925
1324
1527
2091
2509
3233
3982
4677
5932
6849
8056
9097
9911
11088
11428
11873
12094
11714
11214
10155
8963
7552
5642
3767
1754
-137
-1919
-3777
-5100
-6214
-6922
-7169
-7293
-6853
-6023
-4983
-3796
-2540
-1166
46
1326
2140
2711
3302
3205
3114
2577
1770
1111
104
-860
-1764
-2530
-3127
-3505
-3713
-3548
-3071
-2591
-1959
-1107
-284
389
1041
1241
1465
1368
688
99
-1003
-2171
-3462
-5097
-6336
-7699
-8928
-9799
-10633
-11004
-11119
-11030
-10659
-10031
-9148
-8304
-7322
-6360
-5308
-4218
-3389
-2633
-1876
-1227
-679
-173
244
805
1460
2036
2771
3780
4805
6051
7376
8815
10398
11809
13256
14516
15705
16443
16839
16996
16584
15967
14702
13188
11347
9067
6879
4472
2195
-57
-2183
-3727
-5133
-6105
-6676
-6756
-6335
-5665
-4754
-3571
-2084
-692
674
1911
3016
3862
4272
4437
4225
3821
3032
1961
852
-397
-1522
-2861
-3878
-4723
-5365
-5779
-6137
-6009
-5743
-5410
-5050
-4543
-3975
-3540
-3462
-3437
-3534
-3794
-4416
-5324
-6135
-7150
-8002
-8953
-9870
-10325
-10891
-11028
-10865
-10595
-9861
-9246
-8267
-7103
-6111
-4932
-3872
-2847
-1890
-1155
-573
63
469
795
1232
1552
2131
2583
3228
4109
5057
6192
7413
8792
10147
11556
12719
13993
14945
15582
16163
16274
16215
15693
14882
13974
12713
11225
9650
7905
6302
4639
2893
1613
307
-717
-1551
-2203
-2448
-2708
-2658
-2537
-2202
-1788
-1459
-1051
-791
-524
-441
-419
-530
-959
-1367
-1964
-2605
-3288
-4244
-4875
-5579
-6373
-6803
-7377
-7687
-7927
-8054
-7876
-7725
-7520
-7279
-6831
-6317
-6013
-5684
-5235
-5025
-4902
-4827
-4912
-4788
-5041
-5486
-5714
-6153
-6425
-6919
-7260
-7509
-7669
-7715
-7724
-7250
-6974
-6354
-5736
-5017
-4000
-3211
-2158
-1229
-174
875
1748
2829
3768
4800
5721
6606
7581
8551
9524
10326
11276
12158
12986
13791
14414
14970
15562
15982
16160
16294
16170
15997
15637
14910
14223
13330
12160
11007
9461
8095
6546
4725
3210
1417
-174
-1645
-3129
-4311
-5474
-6367
-6985
-7421
-7579
-7727
-7468
-7115
-6676
-6082
-5677
-5059
-4569
-4204
-4008
-3977
-3978
-4216
-4577
-5143
-5789
-6368
-7015
-7768
-8457
-9043
-9367
-9625
-9859
-9797
-9652
-9115
-8687
-8234
-7497
-6780
-6004
-5491
-4964
-4398
-4025
-3799
-3786
-3748
-3811
-4028
-4185
-4388
-4464
-4587
-4602
-4438
-4100
-3665
-3166
-2442
-1739
-717
194
995
2086
2923
3899
4792
5400
6215
6903
7475
8077
8456
9069
9496
9896
10348
10575
11189
11486
11816
12255
12469
12881
13021
13158
13337
13265
13228
12909
12485
12104
11219
10454
9397
8043
6889
5164
3699
2108
218
-1235
-3003
-4357
-5554
-6829
-7381
-8074
-8284
-8200
-8104
-7438
-7093
-6493
-5659
-4981
-4304
-4090
-3696
-3540
-3595
-3934
-4749
-5260
-6215
-7328
-8355
-9625
-10506
-11495
-12226
-12634
-12937
-12770
-12657
-11867
-11006
-10087
-8688
-7673
-6234
-4953
-3874
-2414
-1567
-674
83
567
1317
1490
1645
1884
1809
1997
1812
1764
1983
1908
2091
2040
2250
2645
2720
2917
3103
3448
3687
3748
3804
3894
4072
3939
3838
3987
4073
4308
4387
4616
5197
5571
6120
6516
7152
7869
8227
8766
9230
9692
10089
10156
10316
10612
10634
10684
10412
10282
10125
9533
9141
8202
7338
6377
4893
3659
2182
591
-960
-2712
-4347
-5710
-7137
-8203
-9240
-9980
-10305
-10721
-10552
-10511
-9975
-9381
-8953
-8373
-8124
-7440
-7256
-7153
-7057
-7420
-7521
-8028
-8572
-8968
-9565
-9803
-10099
-10240
-9961
-9679
-8899
-8067
-7002
-5464
-4057
-2619
-1120
507
1983
3088
4062
4820
5587
5810
5615
5543
5133
4846
4078
3225
2602
1739
1164
307
-366
-624
-1046
-1207
-1310
-1293
-717
-358
137
872
1437
2224
2764
3227
3793
4047
4365
4370
4317
4373
4169
4328
4204
4207
4516
4651
5000
5339
5818
6387
6867
7316
7760
8167
8411
8589
8713
8769
8667
8547
8285
7900
7645
6876
6377
5592
4451
3706
2113
882
-618
-2543
-3751
-5741
-7293
-8564
-10306
-10959
-11886
-12453
-12382
-12430
-11835
-11312
-10308
-9279
-8243
-6996
-6155
-4902
-4208
-3770
-3078
-3027
-2826
-3038
-3516
-3670
-4260
-4572
-4998
-5330
-5265
-5252
-4862
-4409
-3721
-2784
-1729
-695
375
1563
2624
3715
4420
5014
5563
5710
5839
5558
5150
4669
3917
3218
2311
1495
735
80
-452
-990
-1322
-1524
-1482
-1468
-1302
-1017
-817
-505
-216
23
270
368
400
578
627
649
803
984
1333
1592
2015
2596
3192
3937
4462
5046
5729
6235
6600
6955
7075
7140
7295
7068
6958
6883
6512
6305
6041
5671
5427
5364
5071
4659
4199
3479
3033
2123
877
-258
-1601
-2841
-4495
-6091
-7632
-8987
-9895
-11140
-11693
-12200
-12272
-11655
-11455
-10466
-9279
-7934
-6411
-5160
-3678
-2230
-959
-153
581
1149
1341
1300
888
331
-184
-916
-1627
-2197
-2643
-2950
-3161
-3094
-2779
-2368
-1874
-1165
-200
817
1715
2586
3376
4232
4736
4980
5258
5217
5131
4635
4007
3448
2571
1864
902
52
-503
-1167
-1604
-1941
-2117
-2111
-2070
-1914
-1538
-1121
-738
-452
53
469
608
869
814
1021
1137
1031
1054
976
1199
1285
1470
1654
1872
2269
2515
2887
3284
3572
3898
4065
4179
4253
4094
3889
3605
3297
2973
2417
2079
1781
1620
1472
1247
1378
1466
1649
1762
2019
2337
2248
2135
1806
1437
934
7
-1024
-2114
-3422
-4620
-5853
-7089
-8037
-9053
-9653
-10043
-10171
-9860
-9441
-8571
-7468
-6143
-4719
-3317
-1812
-547
678
1703
2370
2836
2945
2971
2893
2435
1980
1547
1233
1018
617
542
767
1090
1380
1726
2440
3241
3911
4345
4836
5328
5544
5479
5214
4888
4271
3378
2436
1391
377
-710
-1785
-2774
-3586
-4233
-4817
-5023
-5229
-5169
-4919
-4726
-4222
-3845
-3354
-2702
-2323
-2024
-1756
-1511
-1346
-1391
-1433
-1385
-1254
-1302
-1379
-1123
-811
-457
-126
312
1013
1630
2204
2708
3198
3754
3932
4075
4301
4255
4070
3691
3265
3082
2740
2257
2054
1856
1774
1879
1965
2178
2569
2821
3040
3299
3253
3256
2933
2307
1561
526
-531
-1726
-3003
-4213
-5502
-6582
-7518
-8100
-8423
-8513
-8263
-7838
-6956
-5880
-4558
-3066
-1642
-92
1362
2732
3956
4879
5667
6080
6257
6057
5685
5312
4627
3969
3198
2468
2035
1637
1363
1344
1403
1755
2153
2600
3337
3831
4333
4620
4628
4669
4239
3658
2918
1850
765
-467
-1738
-2966
-4148
-5196
-6029
-6743
-7284
-7475
-7566
-7463
-7266
-6881
-6215
-5522
-4861
-4217
-3490
-2760
-2189
-1758
-1404
-1014
-814
-935
-1017
-1093
-1198
-1343
-1506
-1426
-1204
-1008
-758
-392
21
479
877
1203
1484
1597
1603
1506
1308
1059
600
121
-327
-650
-772
-948
-790
-495
-26
610
1291
2215
3195
4188
5091
5983
6813
7439
7787
7774
7608
7166
6301
5210
3930
2535
1032
-656
-2295
-3751
-5170
-6311
-7141
-7642
-7904
-7788
-7366
-6744
-5623
-4433
-2916
-1538
-325
1104
2229
3276
4017
4545
4888
4766
4404
4085
3723
3234
2572
2118
1882
1764
1777
1885
2397
2905
3416
3939
4440
4997
5269
5370
5304
4931
4327
3479
2408
1280
-68
-1420
-2680
-3946
-4970
-5928
-6498
-6879
-7192
-7196
-7125
-6702
-6289
-5907
-5414
-4935
-4257
-3916
-3732
-3554
-3365
-3197
-3321
-3375
-3454
-3444
-3452
-3613
-3484
-3298
-3029
-2505
-1967
-1337
-701
-49
854
1651
2263
2846
3351
3829
4105
4176
4194
4168
3811
3299
2770
2149
1761
1173
740
472
212
213
171
407
796
1306
1861
2373
3062
3573
4110
4406
4587
4716
4406
4107
3425
2628
1704
572
-462
-1615
-2560
-3458
-4264
-4926
-5471
-5607
-5541
-5229
-4675
-3929
-3101
-2170
-1175
-187
880
1715
2478
3110
3553
3884
4014
4013
3857
3692
3488
3264
3007
2739
2515
2299
2212
2213
2301
2318
2462
2706
2817
2866
2718
2604
2395
1891
1276
544
-126
-974
-1898
-2856
-3742
-4364
-5011
-5564
-6047
-6293
-6357
-6405
-6348
-6082
-5697
-5294
-4975
-4541
-4073
-3623
-3165
-2993
-2657
-2502
-2386
-2126
-2051
-1733
-1553
-1417
-1117
-861
-410
37
460
943
1389
1918
2331
2746
3079
3262
3374
3252
3087
2769
2284
1734
1060
494
-167
-777
-1262
-1676
-1930
-2045
-1952
-1648
-1181
-620
60
759
1525
2304
3100
3841
4339
4794
4996
5163
5129
4809
4492
3837
3130
2219
1221
431
-431
-1143
-1723
-2308
-2609
-2822
-2785
-2445
-2018
-1424
-679
189
1082
1963
2813
3536
4217
4679
4979
5181
5148
5109
4958
4713
4445
4023
3675
3272
2811
2397
1911
1580
1213
828
494
204
87
-55
-244
-437
-531
-626
-776
-973
-1237
-1428
-1775
-2145
-2614
-3119
-3587
-4159
-4575
-5010
-5377
-5701
-6062
-6268
-6420
-6401
-6334
-6148
-5991
-5754
-5436
-5192
-4800
-4502
-4170
-3780
-3405
-2979
-2639
-2293
-1875
-1468
-1181
-967
-729
-455
-191
-53
50
217
384
327
198
77
-48
-246
-574
-891
-1098
-1372
-1698
-1900
-1966
-1865
-1843
-1688
-1360
-926
-359
233
954
1658
2395
3208
4007
4997
5794
6487
7132
7553
7933
8034
7909
7697
7313
6766
6093
5293
4547
3725
2925
2238
1554
1116
743
607
619
704
903
1179
1565
2008
2511
2942
3399
3727
3851
3858
3656
3420
3087
2551
2091
1422
758
20
-642
-1055
-1477
-1811
-2082
-2175
-2202
-2116
-2058
-1825
-1476
-1261
-1104
-1003
-895
-884
-989
-1245
-1509
-1882
-2437
-3038
-3678
-4228
-4789
-5278
-5736
-6034
-6162
-6270
-6110
-5797
-5388
-4844
-4351
-3835
-3178
-2604
-2083
-1684
-1438
-1231
-1169
-1186
-1264
-1406
-1528
-1735
-1922
-2111
-2292
-2389
-2453
-2361
-2203
-1872
-1493
-1119
-714
-404
34
279
458
612
654
686
487
226
6
-133
-371
-579
-688
-633
-440
-155
406
1064
1917
2724
3569
4642
5649
6751
7658
8385
9026
9313
9396
9133
8562
7785
6751
5542
4333
3099
1828
652
-417
-1320
-2022
-2595
-2887
-2943
-2915
-2725
-2474
-1993
-1458
-885
-292
277
830
1189
1535
1813
2028
2219
2219
2214
2101
1875
1637
1371
1153
949
734
615
640
687
730
749
857
968
1017
993
931
855
667
346
-66
-528
-1075
-1749
-2518
-3276
-3932
-4604
-5122
-5583
-5880
-6038
-6219
-6089
-5922
-5546
-5200
-4849
-4278
-3790
-3270
-2894
-2515
-2132
-1960
-1789
-1810
-1751
-1672
-1769
-1790
-1894
-1888
-1850
-1813
-1691
-1507
-1236
-954
-671
-364
-101
245
515
702
839
868
925
861
740
636
499
338
158
-61
-113
19
185
509
886
1309
1933
2502
3208
3966
4712
5382
5995
6467
6789
7075
6995
6791
6267
5491
4695
3677
2615
1469
392
-538
-1381
-2077
-2590
-2801
-2787
-2637
-2319
-1802
-1117
-371
358
1092
1782
2442
2887
3216
3504
3628
3664
3542
3272
2941
2603
2081
1608
1078
474
86
-399
-703
-876
-1045
-1023
-1038
-1121
-1137
-1177
-1250
-1278
-1480
-1710
-1987
-2463
-2917
-3443
-3999
-4542
-5144
-5652
-6045
-6370
-6615
-6720
-6663
-6469
-6156
-5799
-5259
-4714
-4168
-3682
-3303
-2833
-2473
-2143
-1847
-1667
-1425
-1264
-1151
-986
-814
-530
-240
79
447
847
1296
1754
2169
2657
3087
3436
3831
4024
4192
4295
4195
4184
4036
3783
3560
3229
2879
2536
2105
1817
1643
1423
1386
1373
1437
1616
1851
2105
2514
2985
3409
3852
4062
4284
4339
4284
4136
3708
3397
2852
2204
1500
638
-35
-753
-1509
-2026
-2530
-2738
-2803
-2814
-2511
-2107
-1560
-1018
-349
294
892
1424
1704
2125
2257
2351
2335
2085
1853
1311
716
4
-611
-1240
-1809
-2181
-2515
-2625
-2810
-2909
-2962
-2925
-2781
-2635
-2384
-2129
-1866
-1744
-1683
-1718
-1779
-1826
-2012
-2128
-2230
-2439
-2557
-2714
-2771
-2804
-2876
-2727
-2556
-2318
-1984
-1720
-1333
-990
-777
-467
-233
-62
104
148
200
281
199
272
387
496
750
860
1085
1315
1493
1745
1952
2229
2474
2669
2824
2888
2985
2926
2800
2701
2408
2195
1863
1376
934
475
-73
-489
-943
-1436
-1696
-2004
-2159
-2208
-2200
-2009
-1745
-1368
-933
-347
239
713
1266
1583
1958
2319
2347
2470
2414
2152
1892
1288
741
125
-658
-1290
-2014
-2576
-2994
-3427
-3647
-3736
-3691
-3498
-3148
-2673
-2113
-1413
-813
-125
496
1108
1757
2159
2503
2739
2820
2859
2757
2581
2398
2228
1969
1821
1655
1498
1484
1326
1350
1426
1471
1619
1733
1824
1908
1895
1857
1841
1704
1553
1268
1007
784
497
219
-64
-305
-533
-670
-835
-907
-879
-887
-795
-765
-698
-572
-601
-561
-630
-798
-910
-1186
-1432
-1688
-1968
-2146
-2430
-2664
-2824
-2938
-2926
-2866
-2766
-2565
-2301
-2073
-1815
-1514
-1187
-865
-566
-405
-241
-67
-54
-66
-181
-339
-453
-743
-984
-1286
-1602
-1808
-2125
-2374
-2469
-2541
-2558
-2480
-2337
-2045
-1689
-1329
-924
-439
13
428
870
1240
1630
1919
2114
2301
2367
2402
2407
2372
2329
2264
2166
2033
1980
1897
1849
1904
1947
2076
2205
2345
2486
2637
2786
2819
3018
3110
3195
3363
3384
3533
3526
3543
3519
3392
3247
2942
2703
2391
2077
1793
1460
1245
939
666
459
173
47
-95
-279
-375
-512
-642
-734
-904
-1068
-1131
-1277
-1418
-1522
-1731
-1798
-1953
-2102
-2164
-2263
-2290
-2371
-2420
-2520
-2585
-2682
-2774
-2820
-2920
-2927
-3023
-3043
-3066
-3142
-3111
-3182
-3244
-3246
-3294
-3302
-3215
-3210
-3101
-2934
-2865
-2687
-2516
-2365
-2143
-1925
-1709
-1404
-1213
-1032
-813
-675
-500
-371
-264
-92
1
45
98
105
125
129
98
156
208
248
347
441
619
831
1074
1411
1700
2068
2395
2683
3026
3296
3619
3887
4144
4281
4363
4420
4392
4362
4253
4141
4021
3867
3729
3520
3344
3221
3019
2878
2735
2547
2453
2245
2062
1916
1727
1668
1525
1343
1256
1018
809
610
272
15
-224
-573
-860
-1154
-1493
-1688
-1971
-2201
-2352
-2597
-2686
-2883
-3053
-3050
-3166
-3169
-3176
-3252
-3268
-3298
-3382
-3346
-3328
-3293
-3171
-3130
-2976
-2848
-2711
-2491
-2302
-2080
-1847
-1621
-1371
-1110
-892
-726
-582
-454
-363
-285
-299
-265
-238
-250
-247
-299
-247
-216
-215
-145
-100
12
193
331
515
713
917
1121
1341
1545
1722
1941
2156
2295
2471
2592
2665
2733
2672
2610
2495
2312
2054
1763
1439
1075
735
430
134
-107
-345
-501
-559
-565
-487
-303
-95
152
452
674
972
1226
1409
1600
1740
1851
1897
1922
1841
1747
1644
1428
1266
1056
812
602
338
87
-125
-366
-563
-732
-911
-1045
-1139
-1237
-1303
-1369
-1465
-1554
-1648
-1755
-1862
-1968
-2058
-2151
-2213
-2259
-2292
-2244
-2220
-2176
-2075
-1975
-1836
-1660
-1495
-1309
-1090
-950
-821
-658
-602
-559
-499
-502
-476
-426
-400
-338
-262
-161
-47
75
247
386
586
724
872
1080
1201
1373
1460
1537
1681
1675
1700
1700
1639
1627
1503
1421
1356
1255
1159
1034
937
879
802
735
682
652
611
575
565
549
554
532
491
478
432
379
323
213
115
-15
-190
-347
-524
-727
-868
-1032
-1152
-1202
-1254
-1211
-1157
-1077
-925
-745
-562
-365
-181
-6
144
266
377
444
495
507
493
464
404
348
286
215
160
130
99
89
104
87
97
107
69
107
82
39
51
-67
-139
-247
-429
-586
-776
-991
-1204
-1374
-1545
-1676
-1767
-1855
-1895
-1901
-1864
-1774
-1654
-1441
-1224
-966
-696
-404
-98
184
433
651
876
1016
1177
1273
1317
1366
1331
1330
1273
1215
1178
1090
1043
991
923
899
848
783
735
683
655
599
560
551
522
523
492
486
465
449
412
374
365
303
261
214
177
148
136
146
156
159
154
155
141
96
53
-29
-123
-251
-386
-520
-693
-855
-1046
-1232
-1424
-1588
-1680
-1770
-1773
-1732
-1627
-1477
-1316
-1065
-856
-593
-336
-106
182
355
574
754
864
985
1056
1086
1125
1139
1130
1147
1124
1133
1130
1094
1067
1024
963
888
802
714
608
489
354
235
107
-38
-147
-284
-384
-429
-507
-545
-573
-568
-557
-558
-516
-490
-463
-431
-388
-304
-248
-174
-77
-20
69
101
138
173
171
146
95
49
-25
-81
-162
-239
-272
-337
-395
-419
-426
-438
-451
-453
-438
-449
-474
-485
-493
-511
-530
-535
-576
-585
-603
-632
-644
-702
-728
-759
-797
-804
-796
-769
-713
-619
-513
-360
-189
11
229
405
610
776
879
963
991
982
925
827
704
552
397
225
74
-65
-175
-251
-277
-259
-215
-87
57
275
501
761
1042
1290
1568
1770
1935
2081
2166
2180
2135
2016
1879
1707
1481
1274
1065
860
684
515
405
298
182
124
25
-45
-122
-232
-326
-447
-557
-696
-833
-940
-1047
-1142
-1239
-1285
-1295
-1292
-1256
-1175
-1076
-952
-829
-703
-572
-465
-361
-277
-227
-202
-206
-240
-320
-416
-524
-669
-809
-951
-1093
-1233
-1366
-1469
-1528
-1564
-1537
-1477
-1378
-1212
-1034
-835
-610
-397
-153
67
250
460
646
781
896
995
1054
1098
1066
1045
987
887
806
677
594
508
453
413
400
443
471
556
635
742
874
959
1065
1132
1175
1189
1133
1084
956
786
616
402
209
2
-178
-339
-489
-607
-697
-767
-807
-826
-798
-745
-678
-575
-465
-337
-198
-80
35
124
192
268
276
279
269
227
179
114
68
14
-24
-82
-133
-185
-230
-247
-304
-342
-398
-452
-502
-565
-622
-667
-713
-743
-755
-762
-719
-674
-599
-515
-421
-296
-170
-56
62
146
237
286
314
316
262
219
114
25
-88
-209
-288
-373
-436
-478
-496
-477
-445
-390
-305
-221
-112
4
123
239
363
465
575
680
744
844
914
979
1034
1050
1062
1049
1016
952
866
779
672
550
429
316
206
81
-4
-83
-118
-118
-101
-46
55
151
262
382
471
569
619
648
635
607
544
457
344
228
99
-55
-190
-360
-525
-667
-813
-949
-1060
-1142
-1208
-1243
-1243
-1239
-1184
-1106
-1024
-897
-774
-632
-471
-316
-152
-3
139
309
450
570
709
807
908
987
1017
1025
993
945
847
722
562
389
215
19
-149
-312
-458
-568
-673
-732
-760
-756
-721
-661
-594
-511
-402
-319
-214
-165
-129
-96
-100
-129
-165
-204
-260
-324
-382
-429
-489
-511
-528
-531
-512
-477
-430
-375
-302
-226
-138
-41
39
122
195
264
319
351
382
394
385
364
343
302
275
229
171
107
37
-36
-117
-189
-251
-304
-325
-338
-348
-337
-332
-317
-311
-302
-288
-272
-255
-231
-196
-168
-124
-79
-30
31
91
151
215
284
339
387
435
477
510
551
601
659
709
765
831
875
921
956
983
985
979
964
922
885
832
777
735
682
655
634
642
661
678
696
721
737
734
721
671
622
562
489
413
319
236
146
48
-28
-107
-175
-265
-346
-435
-521
-598
-692
-765
-845
-910
-955
-975
-985
-968
-954
-921
-881
-856
-809
-790
-784
-796
-812
-851
-893
-938
-1001
-1076
-1139
-1200
-1248
-1280
-1291
-1267
-1241
-1167
-1066
-950
-797
-644
-480
-316
-145
17
142
249
334
372
395
389
350
299
215
129
36
-49
-105
-163
-198
-200
-197
-150
-103
-27
49
144
246
339
455
565
664
731
803
863
911
942
957
964
965
949
924
897
866
836
784
751
717
690
672
639
643
618
600
590
564
539
502
463
420
390
346
313
285
277
261
261
274
292
314
322
343
349
359
352
327
301
253
202
144
82
18
-55
-138
-208
-290
-380
-457
-523
-594
-641
-684
-721
-732
-754
-752
-760
-747
-726
-704
-660
-614
-561
-524
-472
-433
-401
-379
-366
-347
-333
-304
-286
-267
-249
-246
-249
-257
-272
-293
-307
-305
-307
-304
-292
-288
-291
-298
-314
-328
-353
-373
-387
-385
-378
-359
-348
-320
-284
-252
-202
-150
-80
-13
69
156
239
320
392
456
500
543
561
577
590
576
563
538
513
493
477
468
452
440
428
429
413
390
374
338
300
249
200
152
105
62
34
5
-12
-31
-48
-65
-81
-97
-122
-134
-149
-165
-179
-191
-196
-189
-179
-162
-134
-101
-86
-62
-40
-23
-19
-15
-6
1
6
6
14
24
25
33
38
37
46
42
35
29
23
5
-14
-29
-51
-63
-72
-63
-41
-13
45
102
166
242
307
376
443
507
572
627
669
691
694
677
625
534
438
317
184
40
-94
-222
-338
-451
-543
-618
-661
-685
-677
-640
-589
-509
-427
-341
-257
-185
-105
-37
22
68
96
119
107
74
17
-46
-131
-217
-293
-365
-420
-475
-509
-536
-555
-557
-547
-520
-477
-414
-340
-252
-174
-101
-33
19
54
73
90
98
99
95
78
62
43
20
-13
-47
-53
-67
-79
-74
-66
-52
-47
-36
-26
-18
-19
-14
-2
22
36
50
71
90
111
122
150
177
215
256
291
334
374
404
432
463
484
505
525
548
568
585
598
611
631
648
662
675
684
691
690
680
650
607
553
484
420
339
261
189
114
43
-27
-96
-166
-225
-283
-326
-370
-397
-420
-443
-449
-467
-485
-499
-506
-520
-527
-535
-535
-531
-530
-526
-526
-515
-516
-503
-495
-485
-480
-480
-463
-472
-469
-467
-472
-458
-461
-453
-446
-436
-427
-406
-385
-365
-333
-297
-256
-219
-168
-133
-85
-40
-6
28
43
64
68
73
63
51
38
22
3
-5
-9
-23
-12
-11
5
23
43
69
97
123
149
180
203
227
250
275
295
321
353
383
419
452
487
518
548
579
609
633
653
675
695
700
714
713
709
712
706
697
691
684
671
663
648
640
613
598
557
524
485
423
376
312
257
190
138
83
26
-26
-78
-140
-185
-242
-294
-330
-375
-399
-434
-454
-480
-505
-529
-556
-583
-610
-642
-661
-680
-700
-697
-702
-693
-684
-667
-643
-621
-594
-560
-528
-488
-453
-420
-388
-375
-351
-343
-333
-328
-316
-308
-298
-281
-270
-255
-247
-231
-221
-190
-170
-141
-104
-70
-25
8
57
96
133
171
203
234
256
265
267
256
238
212
176
137
90
51
0
-33
-73
-107
-131
-147
-161
-163
-154
-137
-120
-92
-58
-35
1
24
59
87
118
148
184
208
238
262
283
305
324
351
365
394
423
446
471
497
519
545
568
594
621
633
647
644
635
605
578
549
501
461
425
385
346
298
254
215
163
121
77
33
-5
-43
-75
-112
-141
-168
-194
-220
-246
-264
-293
-325
-348
-383
-410
-438
-456
-467
-474
-461
-446
-404
-373
-324
-277
-234
-187
-157
-119
-100
-77
-70
-60
-57
-62
-54
-53
-56
-51
-45
-43
-35
-31
-21
-19
-17
-19
-15
-14
-9
14
27
41
56
66
62
61
51
38
9
-17
-45
-76
-110
-139
-159
-185
-203
-203
-201
-192
-179
-164
-144
-146
-133
-123
-121
-118
-115
-103
-101
-92
-81
-64
-52
-38
-25
-18
-19
-23
-19
-29
-39
-39
-37
-41
-34
-21
-3
11
30
55
74
96
120
147
162
188
211
238
261
287
320
338
353
369
379
377
369
356
330
291
249
198
159
107
70
38
9
-23
-47
-69
-98
-114
-140
-161
-182
-215
-224
-246
-266
-266
-272
-266
-255
-229
-200
-174
-144
-126
-108
-98
-89
-73
-58
-43
-18
14
30
63
95
125
156
179
205
220
222
224
214
202
177
155
137
111
94
72
55
32
23
-1
-9
-23
-37
-36
-50
-53
-46
-40
-38
-22
-6
6
9
11
17
6
-11
-27
-46
-76
-115
-128
-154
-168
-166
-167
-151
-146
-125
-99
-85
-61
-43
-27
-17
-14
-2
0
-5
-4
2
3
12
27
44
58
64
77
83
79
84
86
85
88
92
107
110
125
144
160
167
176
182
168
161
145
134
115
95
88
81
76
72
76
78
71
78
75
80
75
71
67
57
43
32
35
14
13
12
3
-3
-11
-3
-13
-26
-32
-47
-64
-80
-88
-92
-94
-87
-74
-61
-56
-43
-36
-40
-41
-48
-57
-79
-97
-113
-139
-162
-182
-196
-217
-229
-239
-256
-276
-295
-317
-333
-349
-359
-362
-365
-362
-353
-334
-317
-284
-253
-221
-188
-159
-132
-123
-108
-108
-108
-113
-118
-117
-116
-107
-97
-80
-64
-41
-15
14
39
67
99
119
146
166
191
216
232
259
274
290
301
302
310
305
302
295
289
283
275
276
274
277
283
293
307
316
326
337
337
335
335
329
324
312
305
295
280
266
261
249
235
231
223
215
208
201
194
188
186
182
178
173
171
174
160
154
150
136
117
98
78
50
19
-14
-44
-77
-110
-135
-167
-190
-216
-235
-259
-279
-290
-313
-324
-336
-350
-365
-380
-391
-405
-422
-437
-448
-458
-474
-479
-481
-490
-489
-489
-484
-477
-470
-453
-439
-424
-406
-388
-368
-344
-319
-301
-268
-231
-194
-156
-116
-71
-34
6
36
72
96
120
144
160
184
198
212
221
226
233
237
236
238
239
236
233
233
226
221
213
209
208
201
203
203
206
205
210
213
225
226
234
238
240
247
242
239
234
235
221
213
203
191
174
159
147
126
109
94
79
63
50
42
34
31
27
29
28
29
36
32
33
40
35
38
34
32
33
24
18
15
8
-1
-3
-11
-14
-15
-16
-18
-19
-21
-22
-26
-30
-32
-44
-51
-63
-73
-87
-101
-115
-130
-144
-160
-172
-184
-197
-202
-208
-214
-220
-221
-224
-225
-219
-217
-204
-200
-182
-170
-157
-134
-121
-99
-81
-56
-35
-17
7
26
46
64
79
98
106
113
122
119
116
112
104
101
95
89
94
89
90
97
95
97
99
99
100
97
98
96
93
93
91
87
84
76
74
63
57
49
37
26
13
2
-11
-23
-36
-44
-51
-56
-61
-64
-66
-66
-65
-63
-64
-60
-59
-63
-62
-67
-73
-76
-85
-88
-95
-100
-102
-108
-110
-113
-114
-117
-113
-111
-108
-103
-99
-91
-92
-90
-85
-83
-84
-88
-84
-87
-90
-94
-96
-101
-107
-107
-113
-114
-110
-105
-99
-86
-73
-56
-37
-21
3
20
40
59
73
90
108
124
138
150
166
176
186
195
203
207
215
219
223
226
228
235
235
240
237
241
242
234
234
228
224
215
208
199
191
180
170
159
146
134
119
108
91
77
62
49
37
22
9
-6
-16
-26
-41
-50
-59
-65
-70
-73
-77
-80
-85
-88
-91
-95
-100
-102
-106
-109
-109
-113
-113
-117
-117
-118
-118
-121
-123
-122
-123
-121
-122
-121
-120
-113
-112
-111
-107
-102
-99
-102
-98
-95
-95
-91
-88
-83
-78
-74
-68
-67
-60
-60
-60
-60
-61
-59
-61
-62
-63
-63
-66
-64
-67
-73
-71
-76
-78
-75
-78
-74
-72
-69
-66
-62
-55
-53
-43
-34
-24
-13
-3
9
16
24
28
34
35
38
40
39
43
46
46
51
56
60
67
73
82
90
101
110
121
130
140
145
152
158
156
163
161
161
157
158
152
147
142
135
130
121
113
101
94
80
69
57
45
32
21
13
3
-4
-11
-16
-21
-28
-31
-38
-40
-44
-49
-46
-56
-52
-59
-59
-60
-62
-60
-60
-57
-55
-47
-48
-41
-36
-31
-26
-22
-16
-10
-5
0
8
15
21
24
29
34
33
34
33
34
32
30
30
29
26
23
21
15
17
9
9
5
-2
-2
-8
-14
-18
-21
-28
-28
-36
-35
-39
-43
-40
-43
-41
-39
-38
-35
-32
-32
-29
-27
-29
-27
-28
-30
-31
-34
-36
-40
-42
-46
-46
-50
-50
-50
-50
-51
-50
-49
-50
-49
-50
-46
-46
-45
-45
-42
-44
-41
-42
-42
-38
-40
-37
-35
-33
-32
-25
-24
-21
-14
-13
-4
-2
7
9
15
22
25
31
34
39
39
43
42
43
43
41
39
36
31
30
24
17
13
4
0
-6
-9
-12
-11
-12
-8
-4
0
8
12
21
25
34
39
44
49
50
55
52
52
48
47
42
38
35
31
27
25
21
17
19
16
15
20
17
21
24
23
28
29
31
32
31
33
31
28
26
23
21
18
15
11
7
4
-1
-3
-6
-8
-8
-10
-9
-12
-11
-13
-16
-16
-20
-20
-21
-25
-25
-24
-30
-28
-33
-32
-30
-35
-28
-29
-25
-19
-15
-7
1
7
15
21
27
29
34
36
35
36
34
33
28
30
25
22
21
17
19
12
14
11
9
11
11
9
11
12
14
16
17
18
17
20
16
16
16
13
13
7
6
5
0
-3
-8
-14
-16
-25
-28
-37
-41
-46
-53
-57
-62
-66
-70
-76
-80
-83
-87
-92
-94
-97
-97
-101
-102
-104
-105
-107
-108
-109
-109
-108
-108
-107
-106
-107
-106
-104
-104
-100
-97
-91
-86
-82
-73
-64
-58
-47
-38
-29
-15
-9
5
16
25
36
44
54
63
68
79
83
90
98
101
108
111
115
116
121
121
122
125
124
126
125
126
126
123
124
121
119
116
115
111
109
106
103
101
99
97
97
94
95
93
91
91
87
86
82
79
77
73
70
67
63
60
57
52
49
47
42
38
35
29
22
18
9
1
-5
-17
-22
-31
-40
-46
-57
-63
-71
-79
-84
-94
-98
-105
-110
-115
-120
-125
-130
-136
-140
-143
-148
-152
-152
-156
-156
-156
-157
-155
-156
-153
-155
-152
-149
-149
-143
-142
-139
-135
-132
-128
-124
-120
-113
-110
-102
-96
-89
-81
-74
-63
-55
-45
-35
-24
-12
-2
8
21
30
41
49
57
68
73
79
87
91
97
102
105
110
112
115
118
119
122
124
125
129
127
131
131
131
132
130
130
129
126
124
124
120
119
116
113
108
106
99
93
91
82
77
70
64
58
52
47
42
37
34
30
28
24
21
20
15
15
10
7
3
-1
-7
-10
-17
-22
-28
-34
-41
-46
-53
-57
-62
-66
-70
-72
-74
-77
-75
-77
-76
-75
-75
-73
-71
-71
-69
-68
-69
-65
-67
-65
-63
-63
-63
-62
-62
-63
-62
-63
-63
-62
-60
-60
-57
-54
-52
-49
-46
-42
-40
-36
-35
-32
-32
-30
-28
-27
-27
-26
-25
-23
-21
-19
-16
-14
-10
-6
-1
4
5
11
15
17
23
26
28
31
33
34
38
37
38
39
39
40
40
40
39
41
41
41
41
43
44
46
46
48
50
50
52
52
51
52
53
51
51
50
47
48
44
43
42
39
37
34
33
30
25
23
20
15
12
8
3
1
-5
-8
-12
-14
-18
-20
-23
-24
-27
-29
-28
-30
-29
-29
-29
-29
-26
-25
-26
-24
-22
-22
-22
-19
-19
-19
-17
-18
-17
-16
-14
-14
-13
-12
-11
-8
-8
-5
-4
-2
-1
1
-1
3
0
0
1
-1
-2
-3
-5
-6
-6
-10
-11
-12
-13
-14
-14
-13
-15
-14
-15
-15
-15
-15
-14
-13
-12
-13
-11
-12
-10
-9
-9
-9
-8
-8
-7
-6
-5
-5
-4
-4
-2
-2
-1
0
1
0
2
1
2
2
2
2
3
3
2
4
2
3
3
3
1
2
2
2
2
2
3
3
5
6
6
7
9
8
8
10
10
11
11
12
13
13
13
15
14
16
16
16
19
19
20
21
24
23
27
26
26
28
27
27
26
25
23
23
21
20
18
16
15
14
12
12
10
9
9
7
5
4
2
1
0
-1
-3
-5
-5
-7
-9
-10
-11
-13
-15
-15
-17
-18
-19
-21
-22
-22
-24
-23
-24
-26
-26
-27
-28
-27
-30
-30
-31
-32
-32
-32
-34
-34
-34
-35
-34
-34
-34
-32
-32
-32
-30
-29
-27
-26
-26
-25
-23
-25
-21
-21
-21
-20
-19
-18
-14
-14
-13
-10
-8
-6
-3
-1
1
4
3
6
8
8
11
12
12
15
16
16
19
17
18
19
20
19
20
19
19
21
19
20
19
20
20
21
20
22
22
24
25
27
29
30
31
33
35
36
38
37
39
40
40
40
41
39
38
39
36
35
34
31
29
29
24
24
21
19
18
14
11
10
8
5
3
1
-2
-3
-6
-7
-10
-14
-16
-19
-22
-25
-29
-31
-33
-36
-39
-40
-43
-45
-45
-47
-47
-47
-48
-49
-46
-47
-46
-47
-45
-44
-43
-43
-42
-41
-40
-40
-38
-35
-35
-35
-32
-31
-29
-26
-24
-20
-18
-15
-14
-8
-6
-4
-1
1
4
4
6
7
9
10
11
12
13
15
14
15
17
18
20
19
21
23
24
23
27
28
29
31
31
32
34
34
34
34
34
32
31
31
31
29
28
27
25
26
24
21
22
22
19
20
18
17
17
14
13
14
11
9
9
8
6
4
3
2
2
-2
-2
-3
-4
-6
-7
-9
-9
-11
-14
-14
-14
-16
-17
-17
-17
-18
-19
-20
-21
-19
-21
-23
-21
-20
-24
-23
-22
-22
-22
-22
-23
-18
-20
-21
-19
-17
-17
-16
-15
-14
-10
-10
-10
-7
-5
-5
-2
-2
1
3
3
4
7
9
9
10
11
13
13
14
16
17
19
18
19
21
22
21
23
23
23
24
22
24
25
24
21
24
22
22
20
20
20
19
17
17
16
15
12
11
11
10
8
5
4
3
