SAMPLES:	9687
BITSPERSAMPLE:	16
CHANNELS:	1
SAMPLERATE:	16000
NORMALIZED:	FALSE
1
1
-1
1
2
0
0
2
1
1
0
2
2
1
-1
1
1
0
1
2
1
0
0
0
1
0
-1
2
0
0
-1
0
2
0
-1
0
1
1
-4
2
2
-3
1
0
0
0
-3
1
1
-1
-1
-1
2
-2
-2
2
-1
-2
-3
-1
2
-2
-1
0
-2
0
-2
-1
0
-1
-2
-2
-1
0
-2
0
-1
1
-2
-2
1
0
-2
0
0
-1
0
-1
-2
3
-1
-3
1
1
0
-1
0
1
-1
-1
2
0
0
0
2
1
-1
2
1
-1
2
0
0
1
0
2
0
0
1
0
-1
0
3
0
-1
1
1
-1
0
3
-1
-1
1
0
0
-2
0
1
0
1
-1
1
1
-1
1
2
-1
1
3
0
-1
3
2
-2
0
3
0
0
2
0
0
0
0
2
-2
1
3
-1
-1
1
2
0
-2
2
-1
0
0
-1
3
-3
-1
3
-3
-2
0
2
-4
-4
3
-1
-4
-1
0
0
-6
-1
2
1
-3
-1
4
-1
-3
3
2
-1
-1
4
-1
0
2
2
0
0
3
3
-1
0
3
1
-2
0
4
-2
-3
4
0
-5
0
4
-3
-6
2
1
-4
-4
-1
1
-4
-4
-1
-2
-6
1
-1
-7
-3
2
-4
-9
-1
3
-7
-4
1
2
-3
-5
4
3
-5
0
5
0
-5
3
5
-3
0
6
1
0
3
3
2
1
3
3
0
1
2
5
-1
0
6
1
-2
3
4
1
-1
5
2
-3
1
4
2
-2
0
5
0
-2
3
3
-2
1
4
0
-4
5
4
-4
2
3
2
1
0
5
1
2
0
1
3
-4
1
3
-8
-3
0
0
-8
-7
1
-7
-14
-5
-4
-13
-16
-9
-6
-22
-18
-6
-16
-22
-15
-13
-21
-21
-16
-22
-28
-13
-20
-28
-24
-19
-18
-32
-31
-15
-23
-36
-20
-19
-33
-19
-11
-31
-22
-3
-24
-24
-6
-17
-15
-5
-16
-29
-1
5
-28
-16
17
8
-27
9
34
-2
14
31
28
29
36
48
42
53
58
56
60
68
74
64
72
71
86
82
49
92
101
52
62
101
81
36
73
89
40
36
64
55
7
42
29
5
23
-5
13
-7
-30
-3
-5
-32
-55
-4
-18
-77
-47
-42
-41
-74
-80
-77
-59
-78
-136
-89
-70
-115
-134
-109
-92
-127
-130
-81
-130
-117
-85
-92
-124
-100
-50
-98
-103
-77
-57
-55
-63
-47
-36
-24
-6
-26
9
38
35
20
44
96
86
64
109
142
104
118
166
135
146
174
157
172
164
176
174
167
172
141
140
178
110
85
118
122
36
7
75
31
-32
-46
-8
-44
-99
-90
-85
-100
-127
-136
-136
-133
-152
-153
-131
-168
-186
-115
-139
-229
-128
-115
-175
-185
-136
-95
-173
-135
-97
-108
-120
-67
-57
-87
-18
-19
-23
12
28
49
41
73
96
116
118
108
184
190
137
189
243
243
203
214
292
294
218
225
320
302
184
206
338
232
119
232
217
143
61
136
114
5
37
-29
-29
-77
-121
-147
-136
-134
-251
-267
-277
-272
-281
-349
-337
-343
-367
-338
-446
-412
-294
-356
-451
-353
-274
-382
-373
-262
-271
-241
-130
-176
-208
-122
-53
-84
33
156
57
68
257
297
177
287
485
449
416
498
640
607
530
731
719
686
801
781
807
719
802
849
711
674
768
775
668
514
392
502
462
363
239
76
6
-55
-182
-382
-362
-413
-650
-698
-816
-844
-980
-1107
-1050
-1140
-1233
-1218
-1195
-1311
-1309
-1322
-1182
-1189
-1203
-1029
-1139
-1053
-926
-857
-791
-763
-618
-446
-388
-318
-220
-214
-27
148
262
228
278
519
648
666
661
738
768
822
967
954
1034
1064
928
785
971
1210
962
956
938
887
828
775
883
776
802
600
440
503
436
542
548
331
191
-15
-17
126
169
219
-162
-521
-461
-92
12
-245
-277
-230
-606
-689
-260
-226
-246
-350
-566
-469
-412
-456
-271
-411
-471
-181
-520
-447
-325
-457
-370
-477
-428
-287
-360
-640
-151
-94
-452
-526
-450
-118
-307
-157
143
-211
-301
25
33
119
233
239
256
242
47
324
676
449
524
425
102
290
649
632
628
626
604
380
-35
196
690
718
346
41
276
323
77
18
59
123
97
-186
-233
-109
-171
-250
-233
-62
-432
-401
-330
-604
-207
-371
-457
-207
-582
-630
-313
-431
-571
-506
-546
-474
-334
-311
-499
-657
-472
-290
-471
-426
-230
-121
-527
-846
-293
-21
-204
-209
-140
-564
-339
119
-155
-208
-125
1
60
-62
364
379
-270
-68
1412
-69
-228
1691
704
-42
428
1864
894
468
1505
934
790
1548
1221
1200
863
683
2186
1495
-636
1460
2830
326
-891
1151
2986
-22
-1477
1056
1906
594
-1719
305
1659
74
-1385
-89
386
-1018
-1302
-959
-621
-1673
-1567
-1574
-2679
-2263
-1405
-3011
-3522
-2423
-2047
-3802
-3426
-3007
-3044
-4314
-2702
-2583
-2822
-1601
-3640
-2711
-1663
-548
-1128
-136
-459
827
-146
2572
1165
3051
3653
2959
3893
3200
5611
5967
5294
3602
3928
10864
2942
2326
8101
7150
3824
-178
7179
6369
835
2844
1589
3242
1475
-1876
980
420
205
-1310
-3159
-1138
-2378
-3758
-2250
-3441
-3800
-4197
-4149
-5131
-6647
-2557
-3416
-6172
-5838
-4153
-3917
-6849
-4826
-2983
-4118
-4603
-5824
-3886
-3179
-3388
-3762
-2687
-1196
-4167
-2442
-944
-1970
-1673
-85
416
-2530
-5
1900
-51
1086
2650
2825
1110
1910
4255
3582
3108
4613
5724
5438
5728
6574
5833
5447
8075
8160
7615
8114
9337
5662
3871
9979
9154
6504
6188
6996
4032
1912
4973
4543
3304
2089
-700
-1117
-1096
-1779
-2092
-3079
-2651
-3906
-7580
-6200
-5489
-6203
-6872
-7359
-8126
-9324
-7549
-7613
-8836
-8075
-6713
-7231
-9181
-8009
-5777
-5820
-6485
-6218
-4393
-4843
-5551
-5108
-3788
-1725
-2434
-2936
-2332
-1367
-1217
-1544
662
1470
-625
-836
-273
641
2961
3453
2331
1466
2736
3684
2780
3989
6808
6824
4805
5482
7141
8045
8555
7563
9861
12300
9820
5067
6010
17344
11856
3784
10298
13562
7807
-1861
8099
13835
6828
-44
-1537
4649
5145
-2808
-4129
2419
96
-5106
-11108
-3825
72
-7587
-9618
-8101
-6377
-10182
-9854
-7442
-8657
-9869
-7384
-8307
-11738
-11933
-5391
-4207
-10113
-8744
-4713
-4429
-9886
-8897
-1033
-801
-6426
-6836
-3636
-2049
-3230
-2885
-470
144
-1383
-2754
-2335
-163
2007
996
460
-172
2381
2721
545
2731
4615
6318
3595
3304
6135
6530
7728
7477
9187
8533
8506
9978
10379
12810
11981
6268
9492
18094
8367
5882
12395
13698
3641
-1747
12594
10407
3993
-2335
-1344
6083
1284
-5539
-5041
1628
-864
-6977
-13686
-4713
-2133
-9206
-12631
-9348
-3240
-10241
-12089
-10892
-7547
-8182
-10644
-10315
-9041
-9455
-8150
-6517
-8531
-7710
-6260
-4526
-8914
-8409
-2163
-1066
-5974
-7849
-2035
-63
-4298
-3609
457
1885
-323
-3632
-858
2019
3105
2209
1216
2278
4501
4085
2070
4627
6868
7801
4305
3687
10122
8964
7642
10138
10968
11065
10655
11214
11598
14402
13840
9869
12795
16497
9953
7796
10869
11055
6932
3531
7804
8541
1908
-3056
193
4039
-662
-6625
-6390
-2504
-3899
-11282
-13435
-5809
-5185
-12134
-14945
-10502
-7052
-12398
-15368
-12461
-8431
-10582
-15040
-13205
-9841
-8545
-10098
-10640
-9650
-9067
-9044
-8144
-7471
-6126
-4144
-5118
-7673
-6424
-1608
-1636
-3209
-1852
39
265
-1936
-1248
2558
5352
3822
1393
2826
5553
6348
4721
7160
9705
7053
6522
8039
12084
10473
11787
14879
13220
13181
11624
14921
17724
18089
8365
12997
25247
14785
4074
8762
19914
12046
749
2718
9892
14007
-1744
-11209
543
10626
-434
-15865
-12520
2378
1352
-22142
-20813
-2053
314
-16498
-26411
-12120
-2409
-11182
-24245
-17611
-4573
-8777
-20765
-19823
-8179
-4460
-13837
-18441
-11432
-5553
-8376
-13252
-10261
-5124
-3203
-8530
-10705
-5906
87
-1680
-5663
-3705
1850
2548
-2222
-325
4153
7520
4579
1660
5479
10857
11073
6286
8131
13360
13768
10313
9801
16488
19466
14383
13443
19648
19550
14625
17092
19503
14738
15513
22134
16001
9171
12458
12809
11004
6110
6905
5567
5387
2840
-6763
-3652
1778
1187
-10641
-15108
-6990
-3279
-15310
-22371
-9716
-5434
-12827
-24084
-20337
-9881
-11277
-19740
-19970
-11913
-11978
-17755
-20790
-14686
-9137
-10492
-16722
-15472
-11655
-9859
-8543
-11358
-9200
-6122
-5669
-9364
-8394
-2396
2349
-1314
-4395
-577
3581
3726
1598
4162
7973
10065
5659
6242
11442
13989
13201
11391
13191
15009
16067
14670
15787
18871
21652
19960
18017
16578
19923
22079
15833
15692
23137
21445
9851
8182
14545
15146
6977
6047
4909
6109
2674
-7112
-5066
545
-973
-9434
-16381
-12472
-6429
-13104
-21822
-15508
-8854
-14237
-24653
-23812
-13339
-11879
-18755
-22924
-17132
-13084
-17766
-22599
-17007
-8997
-10974
-17594
-18660
-12545
-9601
-10040
-10895
-8581
-6881
-6965
-9569
-8292
-868
2296
-650
-3010
-398
3288
4097
4501
7029
9710
10892
8027
7096
12222
18296
17235
13429
15141
17393
17211
16175
18782
22412
24709
22322
14662
16677
23968
23083
14325
20626
27321
13204
7082
10554
15994
13194
7471
5609
3267
5895
-2967
-8923
-3617
1102
-1516
-15818
-19398
-12189
-5675
-17701
-22407
-12837
-10937
-17475
-29850
-23842
-12694
-11139
-21365
-25176
-17236
-15554
-19763
-23177
-15967
-9160
-12265
-19919
-20023
-13550
-8788
-8535
-11149
-10495
-6862
-6691
-9260
-6337
-474
3357
195
-3667
-1130
5962
8586
6179
6819
10708
12812
8032
9397
16534
19970
18735
13935
15552
19370
20395
18566
21347
25617
24576
18669
16446
22459
24308
18673
21901
27603
16185
8508
12858
17457
14650
8986
7365
5492
6442
-1400
-9721
-1780
3192
-860
-15699
-20490
-10952
-5440
-17433
-23855
-13349
-8926
-16487
-31136
-27382
-12990
-8941
-21078
-29306
-20493
-13131
-19299
-28082
-20534
-8246
-10697
-22761
-25590
-15271
-6058
-8967
-16664
-14410
-5336
-5529
-12767
-10735
735
6530
-2118
-8953
-1716
8661
8799
3700
5231
11680
13610
5724
6727
16315
22105
18305
12479
14083
19399
21466
19557
21584
25113
24624
19155
18406
20981
23579
23803
25364
24521
14795
14018
16908
16249
13757
10774
9971
7990
4531
-3530
-4708
2816
3017
-3968
-16230
-13812
-6730
-8847
-18694
-19531
-8014
-8878
-20433
-31050
-21269
-8641
-12759
-24111
-25407
-15910
-14988
-23548
-27317
-17017
-8249
-14689
-26001
-24984
-13405
-8677
-15284
-18412
-12332
-7937
-12179
-15715
-9231
745
2362
-5561
-8719
-2366
4901
7352
4268
5831
11616
10927
5415
6852
17078
22702
19288
13219
14097
20815
22375
19540
23868
27848
25430
17135
19107
24711
21499
25364
29461
23601
13369
13169
15616
16255
14498
10223
8650
7395
3291
-4113
-6598
2946
5657
-5122
-19456
-14435
-4018
-8892
-19476
-19021
-7467
-8194
-21672
-31469
-20060
-5843
-10684
-25100
-26745
-15034
-12467
-23479
-27399
-16210
-6106
-13916
-28190
-27027
-13010
-6568
-15346
-20539
-13500
-6836
-12859
-17795
-9297
2165
2298
-7675
-10150
-1667
6802
6868
3626
6556
12782
10700
4352
9337
20315
23443
18509
13387
16053
22341
23026
22419
24189
27914
24761
18236
20243
22634
24300
29067
28773
17650
12072
16982
16428
13309
11933
12753
10483
6111
-1101
-6514
898
5616
1542
-11072
-16881
-7805
-5001
-15000
-21711
-11081
-5214
-15439
-28754
-29474
-13219
-7630
-18670
-28752
-23908
-14767
-18197
-27741
-27319
-11022
-8268
-22235
-32516
-23875
-8868
-9879
-18601
-20250
-10246
-8988
-17387
-16891
-4830
4937
-1500
-11511
-8716
2803
7161
4342
3574
9423
12971
7607
4191
13010
22787
23095
16718
13340
19036
23272
23364
23101
27710
27823
23290
20222
19618
23307
31065
30584
19465
14040
19291
18944
13398
11444
16503
15353
9116
1340
-4170
2101
6997
4642
-7368
-12343
-5622
-3921
-13163
-19384
-9930
-4303
-11597
-25059
-28590
-14990
-8361
-16265
-26428
-23187
-15809
-17820
-26153
-27937
-13247
-8960
-18842
-29265
-25352
-12564
-10537
-15557
-19423
-13009
-10443
-16221
-17591
-8236
1136
-2034
-9780
-10795
-2254
2629
1405
3076
7467
9324
5442
3230
8807
17603
21876
17450
13976
16633
20665
22401
23510
26851
25842
24948
23386
17599
19318
29654
31325
18014
11184
18812
18282
12215
9761
13388
15636
11141
-394
-7527
837
8828
4002
-8553
-12988
-4013
-2429
-15226
-20310
-8774
16
-9939
-25562
-27032
-12078
-5698
-16003
-24158
-18646
-11443
-17796
-26902
-23629
-9403
-6420
-17669
-26186
-21664
-11715
-9527
-14330
-16824
-10892
-7462
-14703
-17935
-7825
2261
-473
-9563
-9702
-1984
3447
2256
2298
7425
10638
6959
1857
8001
18244
22814
16656
12576
17209
21827
22208
20222
25259
27307
25096
19987
16000
23026
31767
26645
14960
15133
18615
14728
9430
9557
15204
16367
6770
-5957
-6378
4073
8055
-1706
-12405
-8932
-1347
-7660
-21207
-17976
-3338
-1224
-16378
-29403
-20773
-7347
-10308
-21764
-23343
-13513
-11505
-22754
-29787
-19476
-6436
-9486
-22011
-27922
-17585
-8793
-13849
-18874
-13689
-6326
-9988
-18256
-16318
-3908
2955
-2991
-10465
-8040
1373
4781
314
2528
10343
10603
4224
2463
10823
19403
20275
13888
12408
17337
19647
20014
20906
24991
23971
22248
16355
14753
26804
29228
20041
13686
18342
17742
9182
10109
14566
17698
13630
1922
-3356
172
7583
5268
-4136
-6430
-1669
-790
-13558
-18106
-7039
447
-5450
-21131
-23162
-11978
-7039
-15209
-22018
-15590
-10456
-15629
-26501
-24956
-12728
-7942
-14171
-23645
-22974
-14655
-10465
-15256
-17233
-9346
-6047
-12616
-17808
-11062
145
1666
-5021
-9582
-3453
3855
2194
-231
4664
11626
8402
1798
3337
12128
19970
16228
9697
9912
18495
20489
14785
19143
24252
24623
16057
8245
20742
31122
22270
10724
13884
21323
15457
6461
6328
16243
22619
6276
-9926
-4527
11266
11254
-6717
-12479
-2069
6543
-7154
-24793
-15662
2302
2531
-19765
-30046
-15186
-2298
-10806
-26519
-21000
-8518
-8614
-24127
-32524
-18818
-4796
-7813
-25204
-28761
-15745
-6862
-14213
-22633
-13067
-3496
-7786
-18686
-16552
-2157
4085
-2782
-10210
-5475
3436
4416
177
2522
11582
12953
5026
3190
11992
20754
20248
14222
13231
18993
22869
21974
21264
25918
27615
20607
12507
19683
32506
23146
14628
16841
20696
17170
7424
9915
15934
19698
8838
-6782
-3269
7442
12083
-3501
-13576
-3315
4230
-3582
-23145
-18312
-774
584
-15456
-30887
-16869
-4069
-9890
-25359
-24701
-9008
-10173
-22371
-32504
-21406
-8048
-10184
-23359
-29466
-19239
-11532
-13773
-21449
-17507
-8331
-9550
-17685
-18114
-7907
-253
-4099
-10771
-7984
-112
2063
-1288
1837
7673
10529
4999
3436
11433
17621
19316
13943
14494
18236
21328
21735
22451
26727
24589
17612
11412
24216
32265
18903
11545
18534
24533
13988
6446
9463
19116
22180
5090
-7119
288
14475
12028
-6909
-12083
1455
11053
-5829
-23423
-12165
4367
3330
-18672
-27560
-10071
3026
-9427
-28103
-19466
-4288
-6202
-23684
-30469
-15000
-2818
-9848
-27263
-26422
-13534
-7846
-15602
-21990
-13600
-6450
-10955
-19999
-16615
-4981
-976
-7170
-12674
-6966
741
-345
-3222
246
7100
6524
1366
2437
9999
15980
13049
9776
11712
17024
18572
16789
17964
22775
21290
12933
13215
27095
27426
13882
12962
20044
20329
10321
8143
12249
21107
16804
-1328
-3782
7571
16346
4740
-10296
-5547
8196
6788
-14402
-18508
-1540
7892
-4156
-24271
-19352
-435
2289
-17490
-26982
-10814
-464
-10785
-29346
-24857
-5391
-1642
-17765
-30471
-19898
-7261
-9206
-20702
-20114
-9482
-7319
-15493
-21120
-11254
-1080
-4502
-12616
-11442
-2640
1545
-2750
-3390
3752
7888
2184
-513
6215
14534
16053
9652
9411
13998
18921
18423
16350
19737
22582
17018
11684
22615
29011
17549
12335
19539
21076
12113
7784
11260
20652
20022
2250
-4614
4851
16236
9907
-7786
-8532
6362
11018
-9396
-20732
-6031
9486
3057
-21054
-23696
-3980
5544
-10334
-27481
-17574
-290
-3355
-25214
-30128
-11815
1006
-9862
-29645
-26118
-10403
-5700
-17224
-23907
-14162
-6130
-11309
-21830
-17451
-4029
-1422
-10099
-15135
-6474
1365
-2016
-5896
-565
8562
5425
-1915
-71
11006
18276
11548
5472
10606
19105
18966
14246
15614
20206
17798
11993
20064
26003
17804
11851
16687
21682
12757
8410
9304
17493
23409
6403
-6415
1025
17408
15693
-4804
-9843
3249
15550
-1647
-21265
-9606
8860
10872
-14447
-26129
-8234
9151
-994
-25752
-21050
-2315
2860
-16944
-31565
-16813
1197
-2250
-25138
-30079
-14306
-2605
-11198
-24248
-18476
-7146
-7381
-18667
-20183
-8004
-481
-6390
-15130
-11145
-674
518
-5583
-4188
5184
6321
-393
-1577
6345
14767
12476
6162
7037
14354
19566
14482
13233
17179
15428
10689
19041
27635
15019
8399
15807
23522
13577
6179
9536
17301
24215
7649
-7393
146
18289
20556
-3320
-11907
3482
18545
4156
-20405
-11359
8828
14224
-9505
-26308
-9369
9928
4287
-23304
-23169
-2849
6119
-11813
-31621
-19880
346
1462
-22405
-32046
-16691
-2751
-8137
-23118
-20934
-9547
-7207
-17073
-21568
-10510
-1897
-6120
-15507
-14405
-2929
62
-6073
-6156
1960
4718
-1372
-2647
3733
13458
12805
4346
4554
11824
18813
14707
12884
17071
16866
9532
15352
27700
19303
9611
13034
22912
17507
8815
8497
14817
24732
14064
-3706
-3793
13225
24584
5428
-10982
-2276
16377
11715
-14440
-14099
3714
16588
-1580
-25334
-15100
5626
8959
-16286
-24554
-7980
4740
-5867
-28905
-24062
-4801
3222
-15678
-32428
-22936
-6378
-3756
-19349
-23304
-13730
-7675
-13910
-21749
-13885
-4235
-4634
-12716
-15893
-6977
-88
-2955
-6429
-1050
4079
577
-1639
1698
10838
14424
6886
4161
7990
16441
16673
13587
16585
16284
9028
13892
27570
18812
7794
13870
23507
18560
7136
7662
13846
25374
17005
-4096
-2938
11370
24453
7729
-10188
-1530
16482
13765
-13555
-13600
4377
17712
1852
-24898
-15697
4714
10274
-13786
-23306
-7532
4484
-3716
-28432
-24772
-4329
4362
-13444
-31704
-23483
-7540
-4200
-18004
-22330
-13677
-8365
-13558
-22322
-15835
-5190
-4551
-11442
-16295
-9045
-2397
-4357
-6030
-1536
2196
-1436
-2476
560
8162
11960
5920
3295
7112
13582
13262
11576
15024
15978
6814
11424
25962
17691
6450
11934
22507
16957
8396
6928
11403
25291
17569
-2500
-2782
11794
25789
9068
-8625
-615
18966
16459
-10798
-10916
5853
19694
6083
-20687
-14262
6569
13854
-9460
-20868
-6371
7071
555
-25312
-23385
-2891
7587
-10108
-29581
-22329
-7036
-1058
-15722
-22812
-14440
-7119
-11068
-21252
-17755
-8027
-3573
-9878
-17651
-11979
-4693
-4752
-6748
-4831
-1477
-3054
-3770
-2287
3945
7624
3924
1905
2989
10010
11323
8936
11097
9397
4963
13146
22885
11502
3401
12638
21867
11985
3367
7228
14210
23682
11115
-4700
-480
15694
23868
3566
-8124
4396
22244
12701
-12823
-6483
12220
21429
557
-19537
-6246
13373
13308
-12829
-16525
-331
10696
-900
-24098
-17733
1826
8561
-12095
-27761
-18064
-2948
-1538
-16568
-20820
-12787
-5814
-11207
-20924
-15968
-6843
-4887
-11380
-16332
-10302
-5048
-5995
-6994
-3847
-2104
-4620
-4126
-1290
5425
6650
1624
778
4794
10774
9691
8205
10721
8271
2673
13653
22562
10113
2306
12807
21197
8910
2010
5844
15525
23090
8522
-6396
-757
16256
21941
1199
-8880
4564
23597
10654
-15285
-6866
12822
23474
-917
-21267
-5638
16323
13490
-15156
-15724
987
12539
-1194
-23939
-16322
3043
9928
-12594
-27687
-17478
-1191
-787
-16852
-20570
-12916
-3929
-10363
-21095
-15718
-6256
-3906
-11204
-16026
-10906
-4677
-5379
-6338
-2864
-3232
-4980
-4349
-759
6091
6352
694
541
6177
10612
6714
7435
13362
6811
260
15032
22688
8039
1218
13217
21094
7732
2293
4320
14827
23781
8082
-7906
-2373
18896
22862
-2961
-11208
6753
25362
8601
-17374
-8256
15033
24526
-3899
-22179
-4087
18251
12409
-17210
-15651
3499
14242
-2760
-24419
-14458
5085
9901
-12865
-25770
-14229
180
-1784
-16327
-18646
-11446
-3334
-9304
-19300
-14049
-5949
-4394
-10647
-14472
-10391
-5313
-5860
-5912
-2178
-4156
-6334
-5002
-561
5563
3703
-955
441
6710
9260
3708
6393
12003
4851
768
14873
19780
5625
698
13021
19786
7119
530
4018
17288
22264
4739
-8882
167
21864
18799
-4923
-9745
10238
24754
3977
-16213
-4803
18243
21429
-7161
-19576
-686
19911
9737
-17296
-13314
6563
15243
-5406
-22859
-10954
7457
9163
-13340
-22622
-10609
2208
-2159
-15559
-17574
-10650
-2779
-9398
-17727
-12079
-6003
-5685
-10837
-13867
-9913
-5441
-6280
-6231
-2992
-5089
-6297
-5886
-1056
4877
3620
-1751
-2736
6749
11077
4529
4425
11344
5919
-1362
13460
21191
5853
305
11663
18670
6671
990
4134
15717
22427
5646
-9948
-2725
18993
21150
-2989
-10838
5785
22321
6423
-15682
-6737
15067
22736
-4744
-21204
-4865
17553
14116
-14708
-15217
3621
14350
-2659
-21726
-12157
6523
11926
-10345
-23184
-12423
1557
1472
-11310
-16857
-11720
-3326
-8138
-15566
-10795
-6006
-3477
-7605
-13709
-10777
-4506
-4046
-4447
-2491
-4981
-6134
-4853
-1287
4265
4375
-1075
-2391
3203
9002
6929
5035
8806
8358
-1794
4199
21423
13577
-2070
3984
18668
10921
155
1075
8662
22129
14546
-8747
-9474
10098
24939
5170
-12686
-3750
18205
17415
-12377
-15117
6479
24023
7999
-19741
-16057
9430
21073
-5063
-19861
-3532
11821
5787
-17021
-18553
531
13708
-1854
-20270
-16704
-5673
4049
-3675
-14819
-13384
-6205
-6036
-11374
-10960
-8425
-1838
-2124
-11557
-11759
-6280
-2289
-2083
-2181
-2661
-5412
-5009
-1797
4285
4825
857
-1189
1041
6388
7331
5819
6959
9734
4512
-3383
11221
21998
5949
-2226
8020
19237
5208
-340
514
13331
25225
4485
-12836
-4239
18451
20417
-3742
-11759
3732
22157
6332
-18887
-7094
15275
23207
-4624
-24931
-7318
18736
14082
-15972
-15056
2858
12011
-3411
-22832
-11529
9009
9038
-11889
-20332
-13764
-1034
3484
-10141
-14872
-10328
-7312
-7196
-10293
-11396
-6384
102
-6884
-12961
-8932
-5043
-742
-2023
-3885
-3747
-5007
-3337
471
5213
3203
2117
-1009
615
7390
7159
7295
7225
11570
2521
-4542
14118
22780
6846
-4047
8512
19188
6560
-977
-1025
16115
25085
3600
-12737
-4072
20250
20823
-2745
-12720
5827
23573
3753
-17669
-5110
18296
22850
-6237
-24233
-5321
20608
12696
-16037
-14196
3844
11608
-7849
-23170
-8256
8905
5538
-14904
-22067
-13539
-383
-305
-11583
-14409
-13682
-9090
-8609
-12623
-11255
-5533
-3481
-9829
-13239
-10860
-5033
-1133
-3123
-4155
-5858
-5852
-3190
-145
4019
5022
2955
-1783
461
5691
7524
10017
8374
9770
8610
-855
3996
23293
20012
-1200
1280
19442
15751
-292
-31
11726
25413
16422
-8776
-10844
11218
28741
11732
-12755
-6041
18571
20158
-8766
-16595
7439
26704
12440
-20971
-20715
8872
22901
-164
-21420
-8501
6693
3630
-15624
-19905
-2137
7804
-5612
-22053
-19944
-10825
-8
-2271
-16474
-19449
-12668
-7509
-10074
-13329
-11014
-5751
-4976
-12285
-14348
-9378
-1595
1013
-4435
-8465
-7241
-2696
40
2807
4996
3286
174
-963
2887
8949
10601
9447
7249
10738
11180
275
4077
25407
24187
436
301
16816
17687
6674
4333
10724
21723
18133
-2058
-9205
8653
27494
18292
-9298
-10244
14585
21637
-2086
-15340
2795
21442
14035
-16986
-24924
3798
21636
3895
-23798
-17617
2022
4405
-11187
-21785
-10331
1671
-2481
-20229
-25910
-12967
-101
-2601
-17467
-23179
-15314
-6214
-6530
-14950
-14141
-5729
-4296
-13576
-16514
-7281
1959
422
-7969
-10636
-5908
1114
3575
-28
807
4770
3040
-729
3135
9328
11613
12230
7750
6763
11364
11805
4880
14777
27607
16678
-2106
3010
25000
23888
5630
2543
13544
24257
16583
-5627
-6735
17779
31549
8455
-15417
-7255
20137
23576
-8676
-19710
7448
25264
5519
-25533
-21894
9926
23197
-5384
-32454
-16603
7013
6022
-18115
-27085
-8320
4952
-7946
-26285
-24201
-10970
1218
-6333
-24648
-24751
-12601
-5048
-8638
-14723
-15330
-10710
-8989
-12424
-10700
-7131
-3643
-5052
-7789
-4889
-3390
-3072
-279
4605
5578
1531
447
1930
9110
12703
12092
9903
6189
9883
18107
20427
6510
5028
26423
28977
6693
-1970
18430
32170
14806
2209
3857
19485
26872
7332
-9639
3869
26904
20495
-7214
-13798
8433
23788
6387
-18828
-9910
15553
15553
-13294
-27388
-4726
16888
4106
-25572
-25202
-2176
6111
-8778
-24952
-20622
-2965
29
-17746
-28021
-17468
-2550
-3285
-18144
-26432
-18767
-3099
-1900
-17785
-23206
-9869
-58
-9025
-18568
-12190
-670
1734
-6184
-10277
-6634
1285
6245
1303
-1305
3375
7339
6398
5055
9080
10843
12640
11562
10128
11463
16746
21798
12415
4326
19927
31819
12719
-736
17712
31394
17664
2748
2231
17074
29153
14975
-9324
-2599
22950
24239
-2474
-16416
2560
24619
10421
-20188
-18271
9504
17935
-7659
-29674
-14645
11798
5262
-23707
-28200
-6461
4414
-8038
-26452
-24530
-6875
-1452
-15173
-25335
-20506
-10609
-4656
-14185
-23349
-19311
-9642
-6311
-13221
-18807
-13959
-4920
-5352
-11744
-12630
-6914
-1327
-1902
-3833
-2931
-1020
948
3518
6571
6480
4457
6767
10622
11814
12219
10450
12939
15149
16095
17402
18195
17601
9804
12073
28456
27443
3442
701
23868
30587
9707
-3578
3405
24222
27278
1166
-15723
4243
27029
16318
-14089
-19735
10631
25044
-2868
-28665
-13297
15040
13211
-17965
-32514
-7240
15669
-762
-29275
-25851
-697
6996
-12462
-30528
-19025
1728
-975
-20141
-26163
-14580
-3711
-4985
-16391
-21199
-15731
-6375
-5154
-14107
-16781
-9119
-2629
-5095
-10261
-9868
-4127
764
484
-2741
-3518
1632
6295
5910
5255
6408
7793
9495
11738
11794
11391
13461
14819
14497
14325
14893
15792
20981
19362
5589
10041
28343
21723
1580
6310
26102
19146
1696
-690
9334
21757
14326
-6936
-10377
8862
19396
1852
-18809
-10440
12750
11566
-15859
-26181
-3837
13702
-1802
-27129
-25504
1625
8980
-15384
-31278
-13565
2754
-5389
-22521
-25714
-9437
379
-10726
-24023
-18457
-8950
-7112
-11653
-16546
-13903
-8992
-7596
-10394
-12509
-8976
-3796
-2838
-7058
-7283
-3771
-50
749
1038
882
474
4612
7575
6382
7100
9355
10969
10460
10994
13010
12984
14907
15127
14404
13522
15236
16437
16287
20133
15722
4315
12932
27483
17074
-833
8656
23930
13880
-966
-2122
10369
19905
10083
-11612
-11761
10810
17763
-4403
-22671
-8166
14296
5863
-20952
-25217
-1756
11656
-7486
-29253
-22808
3085
5649
-19288
-30962
-12711
2680
-6945
-22902
-25795
-10286
1300
-8623
-25207
-21565
-6701
-397
-9749
-20768
-15012
-1953
173
-9768
-15484
-7827
3387
3040
-7860
-9051
1353
7389
2933
-570
1509
5673
8604
7821
6229
8787
10898
10994
10123
9555
13043
16102
13560
11928
13148
14986
15450
13802
12035
15025
19229
11910
1985
11281
25924
13676
-4626
4640
20511
11238
-3414
-4240
7821
16370
3649
-16714
-10473
11436
13040
-10799
-25211
-6055
15355
360
-28122
-23480
4094
10482
-13806
-32590
-18215
6896
2659
-21961
-28391
-8485
2069
-9079
-22269
-19641
-5868
-2076
-10276
-18632
-15429
-6889
-1691
-6238
-12422
-10736
-4233
290
-4076
-8615
-3741
2977
2128
-2177
-2280
2777
7315
5315
1493
3185
8785
10995
6896
4660
10580
14276
10484
7006
9212
13230
15397
13706
8540
8204
14644
16661
10736
8324
11737
13707
14280
7620
-1355
8315
21931
10452
-8165
-703
15894
9436
-5741
-9302
4016
12674
743
-16989
-14168
6045
10107
-10124
-24700
-9260
9929
-1192
-24410
-22774
1253
7462
-13568
-28522
-16369
4673
1208
-19319
-24701
-5805
2716
-9853
-18893
-14269
-2824
-1038
-9781
-16047
-9811
-1598
-530
-4805
-9511
-6794
150
1303
-2062
-3544
-347
3968
2569
-698
927
5021
7006
6684
4742
2928
5277
8993
9947
7636
7364
9526
9450
7150
8197
11071
10767
10002
8409
8703
9746
9680
8244
7686
9713
10157
9001
6512
2727
1081
9032
16058
4413
-10706
1078
17324
5346
-12324
-7786
7005
10718
-2302
-19171
-11949
10054
8600
-13739
-24242
-7515
12573
796
-26237
-23043
5921
10397
-13070
-28062
-15617
8578
7221
-16350
-25073
-5456
7551
-2640
-15151
-14370
-1318
3631
-3451
-10425
-10962
-4213
5842
4090
-8439
-10501
-1642
5475
5181
-2497
-6257
755
6513
3622
-1726
-1786
5215
10083
5841
-1470
-868
5798
10838
8400
1470
2236
7996
7942
5371
4627
6175
7642
8003
5838
2927
3580
6963
9252
6957
2616
1777
4742
7671
7070
-1368
-2240
10613
11907
-5313
-8942
7246
12042
-733
-9657
-5670
7483
8344
-7172
-15993
-3450
11201
3062
-16510
-17864
3722
12351
-7850
-23706
-9586
10971
5541
-15518
-20683
-1853
12478
-1037
-19879
-13602
6510
8086
-7773
-15059
-5615
5707
3480
-6274
-10337
-4319
4721
3902
-5377
-8694
-1389
5797
3156
-5245
-6268
1458
5405
1733
-2859
-2442
2943
4166
917
-341
584
4045
5338
1515
-204
3488
4369
3869
2761
1575
4236
5772
2238
-10
3961
6167
3834
775
1173
4945
4659
950
1597
5226
5619
3391
-3630
-1918
13038
12295
-8404
-8648
12450
13741
-3869
-11715
250
15287
8647
-11113
-13807
5009
15573
1263
-16884
-11753
11450
12707
-11552
-20268
-161
14116
1899
-15766
-14190
4798
10657
-5333
-16083
-5718
6867
2076
-9535
-11106
-1332
4192
-1084
-6576
-7350
-3996
878
1451
-4346
-7920
-4627
486
1201
-4159
-7081
-2567
2401
1013
-4889
-5799
-597
3087
1790
-2508
-4083
254
4434
1716
-2065
-254
3103
3079
279
-305
2414
3093
2411
2091
922
2628
4378
2921
1091
3713
5415
2968
1657
2709
6558
8030
5551
-328
-786
11260
14464
-1238
-6327
10996
17740
493
-8736
1185
14496
12081
-2294
-10245
693
14475
7118
-10398
-10757
8547
13993
-4349
-16698
-5678
11879
8774
-10135
-16654
-1066
12624
180
-16356
-11525
5171
5904
-8556
-13467
-5738
1812
-1466
-6985
-9233
-7136
-2949
-2167
-5391
-8249
-8463
-6027
-1859
-4046
-8844
-7699
-3065
-1589
-4687
-7133
-5732
-1833
-142
-1492
-4929
-4620
1103
3327
-1396
-2122
1789
2775
1280
-47
2779
5209
4761
1268
1478
6380
6964
3400
3082
7397
7969
5256
3258
5905
10086
8554
5888
6631
8470
4904
5355
11941
10793
2685
1902
10337
10089
1924
1347
5724
8917
6137
-1729
-4883
4636
10088
-270
-8110
-3597
6959
4737
-9228
-13809
-733
10152
-716
-15798
-14018
1953
7324
-7892
-17760
-8185
3557
-375
-11730
-15417
-6760
2524
-2521
-12462
-13432
-6450
-774
-3230
-10538
-11670
-5488
-1645
-5049
-10014
-7911
-1684
-2004
-6704
-6871
-3742
-1624
-1445
-2404
-2591
-2006
-1147
480
1893
1641
1865
2670
2031
2569
4742
5983
6115
5425
5613
6378
6531
6678
7672
8816
7644
8555
8584
6727
6493
9293
11485
8848
5570
7655
11618
7497
1370
8155
14563
6409
-1939
4422
11586
5716
-1267
-143
7628
7512
-2475
-8122
-464
9187
2285
-10821
-10528
2711
6199
-7684
-17159
-7605
6276
334
-16743
-18010
-4104
4098
-6418
-18708
-13852
-1052
-1771
-12328
-14210
-8840
-3119
-4506
-10262
-11336
-7607
-4758
-4036
-5238
-8450
-7877
-3301
-1381
-3790
-6239
-4492
-161
843
-2336
-4133
-1664
2758
4100
858
-2472
523
6412
6438
2118
907
4649
8157
6324
3131
4103
8254
9496
5650
4117
5763
8646
8968
6036
4578
6541
9471
7657
4143
4968
7499
8475
6212
3419
4139
7284
7942
3282
520
4684
8490
2756
-4074
2208
8672
2444
-4812
-3218
2754
4202
-2099
-8820
-4261
4483
906
-9609
-11180
-1294
4455
-4184
-14119
-9871
1237
1497
-8332
-14436
-7215
2752
-1627
-12926
-12382
-2076
1670
-5055
-11710
-9603
-1544
781
-4669
-9603
-6978
-753
368
-3927
-7154
-4787
683
2351
-1585
-5488
-3439
2783
4927
277
-3648
-77
5410
5038
1004
-563
3611
7096
5001
1187
1709
5233
6742
5178
2096
2825
5145
5547
3793
2819
3268
4183
4522
2461
2029
3493
3621
2989
1683
1834
3856
3136
918
1692
3604
3819
1305
542
2653
4334
2079
-1537
2270
6725
1010
-4369
1719
6373
1092
-4670
-2065
4599
4017
-4218
-7811
112
5923
-300
-9212
-6727
3145
4085
-5769
-11678
-2954
5899
505
-10164
-9986
1301
5371
-4564
-11798
-4282
3603
-1090
-7595
-6827
-2261
105
-2713
-6459
-5981
-2218
-1100
-3121
-4724
-4688
-3314
-2146
-1880
-3315
-4666
-2309
136
-1516
-3521
-2734
-804
1615
1118
-2077
-2219
1274
2914
922
-764
1064
3300
1762
156
1312
2710
2718
2386
1194
1040
2519
2471
2545
1847
2092
2756
2954
2498
1939
2677
3865
4323
2997
2232
4342
5264
4183
3106
4740
6828
5516
4644
3184
4140
7256
9393
4168
128
4518
9746
6203
-589
791
7481
7350
680
-4599
822
7824
4006
-5148
-6371
2738
5223
-2559
-9766
-4440
4031
1913
-7897
-11521
-3107
3156
-2831
-10440
-9205
-2403
-846
-6688
-10800
-6787
-2119
-5233
-8559
-8126
-6675
-5702
-5200
-6456
-8198
-7455
-5391
-4680
-6390
-7341
-5032
-4212
-5398
-5313
-3928
-3420
-3016
-2349
-2745
-2158
-664
-465
55
218
1257
2637
2716
1558
2320
4910
5756
4604
3006
5333
7321
6503
4291
5624
8073
7380
6139
4970
6679
8301
7719
5716
5211
7056
7624
6493
5379
5339
7281
7663
5150
3245
4740
8288
7083
1935
1830
5863
6551
2054
49
2888
4384
2838
-1772
-2692
1763
2538
-780
-5623
-4342
-734
-1615
-4890
-7400
-5047
-3385
-4960
-8662
-9424
-5543
-4946
-7635
-10899
-9210
-5453
-8046
-10284
-9529
-6336
-6625
-10297
-10262
-7282
-4646
-7487
-9153
-7403
-5005
-4109
-6537
-6479
-3603
-2183
-2846
-3477
-3182
-1751
1182
663
-1359
134
2295
3295
2183
1988
3627
5408
4955
3539
4567
6450
7021
6669
6137
7101
7387
7633
7990
7330
7553
8336
9105
7265
6602
7813
8338
8082
6893
5578
5618
6729
7216
4326
2996
4479
5576
3838
1543
1225
2491
3551
1632
-1067
-666
1558
1416
-1314
-3014
-538
-175
-1497
-3305
-2672
-2605
-2500
-2067
-4277
-3383
-4765
-5280
-2775
-3487
-4969
-7239
-5508
-2825
-4775
-6244
-8531
-4708
-2204
-5201
-9000
-8384
-1858
-2802
-6440
-8754
-5361
-1090
-4082
-6268
-5978
-2600
-1138
-3402
-4596
-4228
-423
-560
-1780
-1810
-1550
99
603
934
114
426
1651
2410
2594
1143
2148
4000
3868
3436
2334
3400
5102
5212
3116
2802
5346
5460
4116
2531
3693
5854
4702
2744
2141
4000
5209
3593
1741
1621
4490
3486
995
1196
1782
2862
1816
166
-484
599
1814
335
-1004
-2102
-556
692
-1673
-2677
-1737
-609
-1275
-2231
-3382
-2463
177
-1022
-2787
-2859
-795
-446
-493
-1930
-1672
336
899
-682
-2462
558
1281
719
-1393
-1315
2542
839
-1398
-1593
516
2638
-1171
-1944
-1826
1579
1577
-2622
-2564
-1381
2332
-578
-3757
-2175
285
1586
-2262
-3018
-1353
742
258
-2720
-1573
-891
441
-337
-1644
-1181
-877
502
232
-837
-1818
-238
1719
-14
-1114
-621
782
1229
17
-338
-48
1070
1029
422
317
-215
1126
1665
594
-247
232
1562
1445
741
-387
540
2057
1122
293
85
799
1670
918
-55
-182
1449
1111
-420
22
216
597
-27
-889
-301
569
-274
-1921
-676
196
-118
-1114
-2155
-513
639
-527
-1997
-976
676
638
-153
-1001
-515
1541
964
367
532
300
952
2496
1956
-890
264
2731
3884
-28
-2712
1943
4321
2032
-2735
-1860
3535
2838
-740
-3680
186
2748
100
-2337
-2848
1397
777
-894
-3071
-1565
1213
-471
-1425
-2010
-422
-210
-990
-359
-842
-331
-593
-606
-193
-156
-363
-721
365
426
136
-1099
-573
1117
946
-347
-697
-165
654
1017
-306
-323
396
267
109
448
-8
-264
45
636
858
-428
-1669
79
1745
415
-1552
-1595
-7
1159
67
-2004
-1883
54
613
-877
-2213
-1656
-418
315
-924
-2964
-2192
-81
524
-2028
-3240
-1338
540
-654
-2612
-1649
-434
-309
-156
-726
-1309
-251
1034
1132
147
886
1137
1828
1953
1994
2179
2287
3394
3068
3471
2779
2522
3492
4602
4507
1526
2682
4590
4798
1399
956
4741
4060
1730
-792
1575
4647
1816
-623
-1359
1907
2596
-387
-2421
-1837
2007
222
-1985
-3329
-2518
101
-661
-2944
-4861
-2822
-1284
-2049
-4119
-5912
-2767
-1545
-3717
-5754
-5175
-3304
-2918
-3775
-5403
-4797
-3414
-3373
-3647
-4159
-3944
-2845
-2476
-2912
-3131
-2629
-2378
-1145
-828
-2091
-1544
-302
490
-128
-263
367
1135
2051
1293
1417
1856
2244
3557
3040
2145
2735
4320
4230
3273
3609
3557
4626
4591
3515
3651
3749
4615
4182
3458
2723
2988
4140
3727
2488
1061
2021
3405
2545
728
121
1898
2182
927
-766
-477
1406
1336
-137
-1126
-786
548
1106
-189
-1642
-633
790
633
-844
-1330
-241
740
400
-1573
-1592
-273
963
-1257
-2318
-1179
-781
-903
-3160
-2225
-1234
-2051
-2853
-4202
-1718
-2901
-3699
-3629
-3697
-1969
-4301
-4217
-4197
-2462
-2589
-4188
-3583
-3670
-1941
-2469
-2855
-2655
-2355
-1048
-1299
-1436
-2159
-717
1033
469
-207
-629
1064
2220
1813
1465
1815
2585
2922
3037
3230
3285
3414
3985
4675
3991
3149
4044
4929
5096
3974
3736
4024
4204
4425
3608
3505
3002
3255
3723
2444
1465
1556
2711
1966
282
-28
71
688
-225
-1180
-1141
-1482
-1618
-2163
-2100
-2220
-3455
-3537
-2970
-2900
-4344
-4952
-3951
-3850
-4392
-5436
-5154
-4987
-4820
-4426
-5188
-5676
-5131
-4458
-4606
-4887
-4326
-4255
-3599
-3659
-3667
-2959
-2360
-1755
-1788
-1371
-989
-248
152
932
1563
1369
1672
2747
3816
3395
3405
4541
5369
4796
4141
6101
6756
5533
4570
5735
7364
6418
4990
4375
6268
6771
4573
3400
4516
5454
4029
2812
2534
2919
3353
2394
1277
615
1327
1320
393
-246
-469
-152
-468
-1388
-1850
-1366
-1077
-2023
-2683
-2247
-2145
-2699
-3144
-2582
-2528
-3224
-3477
-3154
-2823
-3419
-3313
-2834
-3252
-3415
-3331
-2884
-3039
-2966
-2878
-2870
-2871
-3176
-2650
-2207
-1765
-2717
-3598
-2175
-1197
-1489
-2390
-2293
-1480
-1296
-1143
-1383
-919
-981
-683
-533
-958
-409
-87
94
-234
34
-195
-328
387
747
503
-488
-169
786
788
-93
-310
330
690
616
-264
-170
387
1032
642
-90
-23
902
1644
791
248
699
2091
1941
974
1227
2225
2555
2438
2046
1955
3041
3559
3082
2345
2526
3811
4518
3603
1783
2498
5100
5248
1842
416
5075
5751
1501
-43
3425
5284
1573
43
1190
3328
2154
-227
300
529
999
170
-221
-1173
-1424
89
-434
-2007
-3352
-1430
-312
-2579
-4286
-3233
-808
-2442
-4645
-4106
-2296
-2299
-4336
-4548
-3220
-2842
-3884
-4258
-3069
-3235
-3852
-3450
-3092
-2984
-3273
-2497
-2183
-2656
-2560
-1559
-1168
-1902
-1122
-168
-50
-627
-616
1242
1239
739
1149
1670
1868
1649
2435
2282
2742
2602
2452
2998
2400
2917
3263
2942
2317
2485
2627
2581
3089
1708
1583
2444
1897
1207
1106
1923
1469
688
223
546
974
363
228
137
-440
-292
-198
-180
-436
-662
-720
-596
-936
-1530
-331
-170
-1347
-1512
-470
-741
-1206
-773
-571
-763
-897
-1017
-802
-635
-544
-451
-905
-1011
-715
-77
-511
-1266
-1471
-518
122
-420
-2190
-2432
674
1009
-2852
-4474
1661
1298
-3988
-3640
275
1210
-3617
-2670
-665
-521
-1840
-2339
-363
-1708
-1191
-1089
-628
-1496
-1667
691
249
-1346
-2059
1093
1831
-1242
-1452
1502
2514
-745
-835
1908
2087
385
211
2339
1817
327
1337
2368
2068
1077
1476
2366
1785
1859
1972
2464
1873
1896
2655
2278
1713
1827
3195
2785
1428
1213
2917
3316
1457
1163
2457
2477
1576
1179
1496
1668
1493
1276
725
359
471
911
819
-533
-960
-168
155
-872
-1621
-1512
-1098
-1375
-2048
-1930
-2208
-2701
-2563
-1693
-2971
-4034
-2825
-1995
-2821
-4001
-3675
-2681
-2664
-2915
-3327
-3094
-2825
-2082
-2185
-3168
-2427
-909
-1035
-2066
-1859
-581
68
-545
-703
109
738
514
732
1111
1201
1304
1893
1890
1995
2279
2019
2229
2700
2693
2970
2609
2353
3008
3317
2668
2378
3016
3180
2907
2371
2383
2503
2614
2448
2081
1916
1361
1626
2305
1597
-121
298
2317
461
-1292
-334
704
-607
-1571
-631
-1354
-1992
-1939
-1454
-2403
-3353
-2481
-2238
-3077
-3979
-3338
-2758
-3304
-4197
-4103
-3026
-3238
-3929
-3814
-2968
-3245
-3631
-3008
-2654
-2542
-2758
-2400
-2032
-1859
-1306
-1063
-1420
-905
79
-140
-572
340
1463
1244
611
837
2284
2615
1861
1784
2807
3288
3077
2731
2726
3788
4103
3516
3374
3658
3756
4097
3998
3509
3696
4129
3898
3377
3187
3142
3492
3394
2740
2195
1978
2345
2466
1592
601
1027
1307
287
-468
-456
4
-450
-1406
-1729
-1914
-1778
-1898
-2482
-3360
-2987
-2505
-3474
-3984
-3607
-3217
-3938
-4013
-3822
-4014
-4239
-3972
-3374
-3796
-4198
-3942
-3079
-2941
-3372
-3394
-3133
-2373
-1687
-2456
-3039
-1693
-434
-1095
-1919
-1285
-55
417
-316
-886
206
1305
1273
355
283
1267
2208
1908
935
1272
2016
2531
1996
1535
1811
2583
2654
1914
1607
2170
2870
2293
1790
1698
2329
2646
2092
1336
1659
2403
2073
1560
1382
1709
1901
1524
1132
1432
1427
1486
1157
978
1073
1075
759
563
1151
824
376
313
440
499
230
92
33
126
-131
-344
-344
-460
-228
-418
-929
-1034
-789
-941
-1233
-1273
-1321
-1379
-1583
-1700
-1768
-1924
-1974
-1826
-1914
-2237
-2285
-2247
-2010
-1994
-2112
-2320
-2068
-1874
-2009
-1817
-1638
-1527
-1436
-1311
-1328
-1038
-736
-572
-480
-518
-175
325
136
82
882
876
671
1082
1343
1181
1472
1984
1659
1664
1927
2251
2511
2125
2015
2339
2848
2644
2281
2194
2846
2894
2173
2284
2738
2334
1978
2671
1838
954
2402
2240
1086
292
1279
1457
125
-67
52
405
-995
-723
-781
-1473
-1367
-1474
-1926
-2610
-2138
-2431
-2708
-2954
-3037
-3121
-3215
-3365
-3342
-3335
-3689
-3521
-3047
-3306
-3592
-3335
-2699
-2864
-3051
-2461
-2427
-2197
-2143
-1451
-1419
-1664
-1130
-518
3
-568
-405
390
846
916
797
989
1546
2211
1970
1778
2165
2500
3131
3013
2488
2647
3361
3702
2939
3100
3289
3555
3295
2911
3040
2800
3183
3067
2498
2242
2086
2235
1861
1705
1445
997
1109
593
436
21
-114
-22
-409
-914
-1310
-1128
-1293
-1487
-1687
-2070
-2087
-2193
-2192
-2447
-2679
-2442
-2418
-2434
-2774
-2915
-2625
-2177
-2303
-2706
-2487
-2172
-2097
-1743
-1750
-1915
-1627
-1207
-915
-1140
-985
-579
-196
-116
-366
-40
431
852
659
593
921
1110
1287
1394
1429
1381
1560
1844
1583
1442
1779
1959
1559
1309
1649
1712
1491
1178
1166
1354
1345
819
516
796
1043
806
69
7
437
622
-31
-540
-187
95
-21
-592
-756
-512
-147
-369
-1055
-830
-216
-535
-738
-773
-773
-571
-215
-311
-761
-498
-180
-205
-228
-177
-6
104
106
24
153
371
515
425
215
397
708
815
306
340
742
888
500
15
264
698
894
66
-542
-13
560
429
-590
-903
-135
222
-288
-1344
-1159
-217
-188
-940
-1771
-1034
-511
-658
-1431
-1610
-964
-721
-851
-1357
-1481
-969
-559
-856
-1374
-939
-586
-659
-842
-802
-529
-615
-186
-415
-487
-482
-27
230
-382
-57
145
414
32
184
561
523
617
119
950
755
680
803
1145
960
627
1266
1206
1273
1051
1241
1218
1323
1385
1306
1428
1281
1303
1394
1416
1256
1075
1490
1256
948
960
1219
1006
688
881
766
542
327
486
510
224
78
-150
-53
57
-129
-498
-515
-302
-400
-699
-772
-721
-533
-760
-946
-1137
-898
-742
-781
-1260
-1228
-918
-1059
-1136
-1277
-871
-1063
-1171
-1342
-1221
-718
-1088
-1257
-1046
-945
-1020
-1102
-927
-897
-887
-726
-666
-944
-781
-575
-371
-683
-523
-243
-382
-79
-414
-288
30
440
27
-370
244
620
621
77
199
746
775
741
319
604
962
1102
772
300
885
1027
1164
710
579
875
713
1081
614
630
569
729
818
251
437
530
443
220
282
207
7
162
207
-10
-262
-176
-192
-174
-193
-374
-468
-496
-335
-470
-615
-683
-511
-451
-675
-916
-697
-453
-655
-788
-750
-571
-635
-639
-747
-697
-304
-399
-633
-601
-347
-100
-287
-333
-264
109
127
-19
90
180
596
462
391
448
682
1066
866
880
868
1352
1277
1165
1326
1365
1467
1549
1538
1376
1387
1809
1583
1227
1326
1485
1402
1170
1049
946
1153
881
708
324
469
565
213
-121
-170
-83
-318
-483
-744
-780
-738
-846
-1306
-1399
-1153
-1239
-1471
-1750
-1580
-1607
-1577
-1841
-1907
-1858
-1606
-1732
-1911
-1899
-1686
-1707
-1709
-1633
-1665
-1569
-1479
-1383
-1352
-1313
-1067
-1067
-1039
-961
-693
-577
-637
-387
-349
-174
-182
26
205
269
361
347
660
684
861
865
994
1074
1159
1318
1185
1418
1460
1497
1599
1546
1569
1553
1788
1730
1533
1603
1649
1783
1589
1570
1458
1530
1483
1356
1291
1120
1360
1177
981
778
878
881
670
581
381
385
231
301
165
-80
-119
-77
-210
-507
-463
-541
-393
-606
-832
-891
-759
-728
-967
-1076
-1141
-873
-888
-1182
-1393
-1042
-837
-1058
-1365
-1313
-891
-920
-1210
-1268
-1013
-792
-880
-1056
-1140
-795
-623
-736
-911
-790
-432
-418
-626
-707
-389
-218
-242
-434
-418
-189
43
-102
-292
-186
17
41
32
-143
-107
147
178
89
-127
33
197
171
95
-1
105
228
219
103
108
233
243
171
123
257
260
230
287
313
327
309
237
317
453
427
357
326
497
469
464
372
455
609
514
416
400
623
647
481
439
540
601
577
458
432
482
582
567
368
299
437
543
358
162
237
367
313
87
52
130
153
36
-66
-126
-104
-35
-140
-215
-306
-238
-149
-303
-437
-321
-207
-336
-465
-374
-200
-268
-403
-372
-276
-190
-281
-332
-216
-99
-132
-235
-193
-67
-27
-45
-123
-15
23
60
70
-5
46
142
128
35
101
163
166
129
121
140
198
179
109
140
202
186
157
143
137
217
132
163
123
133
110
135
132
44
90
74
74
0
17
-36
-61
-21
-52
-144
-195
-144
-174
-228
-264
-314
-325
-304
-344
-414
-438
-416
-407
-433
-479
-538
-477
-470
-499
-523
-504
-503
-488
-510
-543
-477
-455
-437
-497
-456
-423
-402
-405
-377
-332
-314
-317
-315
-207
-222
-204
-150
-82
-95
-90
16
38
85
121
153
182
229
345
336
368
399
499
543
557
611
619
704
729
786
795
816
860
885
897
895
903
938
927
920
877
891
888
824
788
741
738
656
623
523
445
467
351
236
173
109
65
-42
-143
-228
-252
-338
-438
-524
-570
-591
-700
-730
-829
-816
-877
-885
-968
-996
-946
-1012
-977
-1038
-988
-989
-967
-940
-952
-882
-867
-806
-796
-750
-678
-613
-580
-512
-487
-397
-301
-251
-220
-140
-40
42
62
134
213
317
345
411
475
519
635
642
694
721
794
842
851
894
873
929
919
962
929
881
917
921
884
792
814
776
724
680
624
569
516
461
397
321
261
216
133
44
5
-74
-129
-192
-265
-339
-397
-415
-515
-549
-609
-624
-690
-741
-738
-794
-796
-843
-828
-859
-863
-855
-860
-834
-828
-794
-804
-779
-717
-671
-654
-616
-539
-507
-465
-373
-342
-294
-217
-142
-106
-68
28
92
143
163
248
293
348
376
435
461
508
532
571
600
586
648
654
665
639
669
677
673
672
626
644
622
627
582
550
548
525
491
437
433
401
363
329
294
258
211
196
166
108
85
59
33
-30
-53
-71
-97
-131
-167
-207
-212
-233
-265
-300
-319
-316
-336
-370
-391
-397
-395
-397
-435
-436
-435
-419
-446
-436
-442
-422
-435
-421
-403
-403
-389
-383
-352
-356
-328
-316
-284
-284
-254
-226
-205
-186
-168
-137
-108
-88
-75
-35
-7
13
23
68
98
118
108
154
196
206
203
227
261
273
276
281
305
311
315
322
322
338
323
319
321
323
323
288
275
291
274
257
209
218
194
173
168
124
108
73
88
45
19
-3
-11
-35
-61
-57
-91
-100
-132
-104
-146
-156
-156
-152
-165
-186
-174
-175
-164
-180
-175
-169
-160
-168
-167
-152
-137
-152
-134
-116
-137
-130
-99
-91
-107
-88
-74
-74
-63
-63
-43
-38
-32
-19
-27
-6
0
20
15
19
18
53
52
39
54
70
84
55
88
86
83
94
109
104
87
111
117
108
93
108
124
119
105
90
92
108
102
89
76
92
67
63
59
62
69
43
34
30
35
31
30
5
-3
10
27
-10
-31
-13
1
-21
-43
-30
-24
-22
-46
-52
-46
-34
-43
-63
-64
-50
-57
-73
-76
-68
-75
-75
-89
-89
-86
-91
-93
-101
-94
-99
-95
-108
-95
-99
-117
-99
-86
-93
-100
-89
-79
-78
-80
-62
-58
-63
-46
-24
-32
-30
-12
2
2
8
18
31
36
51
52
49
64
73
84
76
91
83
84
100
89
90
99
107
92
81
91
90
94
79
89
74
74
77
71
59
58
78
49
47
48
46
40
25
48
24
19
14
18
3
-2
6
-18
-23
-13
-28
-40
-35
-43
-48
-71
-55
-55
-78
-71
-73
-79
-86
-78
-92
-91
-78
-84
-91
-93
-76
-84
-86
-71
-61
-69
-61
-46
-53
-55
-35
-18
-16
-12
3
1
16
28
51
33
51
72
72
71
83
104
98
106
111
118
107
131
124
118
124
131
119
114
116
120
101
93
113
90
84
71
81
62
48
45
41
22
21
16
-1
-15
-15
-17
-43
-45
-45
-54
-73
-59
-81
-84
-100
-90
-97
-110
-97
-107
-109
-130
-114
-119
-102
-115
-119
-118
-120
-116
-99
-102
-110
-91
-100
-92
-105
-72
-75
-88
-77
-59
-64
-70
-53
-40
-40
-51
-33
-30
-25
-28
-12
-1
-9
-16
4
12
20
14
18
28
24
32
35
52
53
47
56
56
61
48
78
75
74
66
78
85
77
86
77
99
88
81
84
86
95
88
99
76
66
82
94
74
61
80
70
53
46
54
47
56
31
20
15
27
22
10
7
-6
-5
-12
-8
-25
-26
-28
-19
-30
-38
-49
-31
-38
-57
-47
-34
-37
-52
-47
-44
-49
-42
-32
-33
-44
-49
-43
-27
-25
-35
-26
-22
-27
-28
-21
-6
-17
-8
-12
-21
-6
1
13
4
-8
-3
6
14
13
10
16
17
2
11
19
23
18
15
12
9
13
16
21
19
-4
8
10
8
3
6
21
-5
-9
0
3
-8
-8
-5
-3
-10
1
-26
-20
-16
-2
-14
-33
-19
-24
-15
-30
-23
-20
-14
-34
-42
-27
-23
-13
-23
-27
-33
-33
-27
-15
-23
-15
-26
-28
-16
-26
-14
-7
-3
-7
-24
-12
-3
6
2
-3
1
5
11
5
14
7
11
19
17
15
19
28
24
18
19
23
34
32
9
25
28
32
11
21
30
21
4
22
21
8
18
9
8
4
15
5
1
-5
0
5
-3
1
-4
-1
-13
-4
-7
4
-6
-10
7
-7
-8
3
11
0
-4
-1
10
16
4
3
17
-2
6
10
17
20
1
5
6
4
8
10
5
-12
0
-2
-4
-12
-15
-4
-8
-20
-15
-16
-23
-11
-25
-18
-19
-19
-22
-19
-18
-15
-26
-20
-8
-24
-20
-15
-4
-16
-12
-9
-9
-15
-4
6
-11
-5
-1
10
-2
-2
5
10
3
1
7
16
14
17
16
16
11
15
21
26
10
19
26
24
11
16
33
24
11
10
19
15
9
14
13
10
10
4
-1
9
10
1
-5
0
-5
-2
-7
2
-4
-11
-15
-18
-10
-2
-14
-22
-7
-12
-21
-28
-6
-7
-16
-19
-21
-13
-6
-19
-6
-14
-12
-8
-15
-1
-10
-4
-1
-2
-11
-6
6
7
3
-9
8
1
7
-8
5
7
9
7
-7
1
3
19
-2
6
-1
14
4
2
3
11
16
1
7
2
24
8
11
10
16
7
7
16
16
18
9
17
4
10
18
21
10
10
14
0
7
15
13
5
-2
2
2
-5
1
1
-3
-7
-9
-20
-12
2
-13
-13
-22
-16
-14
-15
-17
-10
-15
-16
-19
-21
-14
-11
-8
-10
-14
-21
-13
-6
-15
-11
-6
-11
-12
-17
-11
-3
-5
-6
-10
-6
-14
-4
-11
-5
-4
-8
-6
-12
-8
-13
3
-10
-11
-8
-9
6
-8
-11
3
-1
2
-7
-3
7
8
7
-7
6
3
13
8
6
20
9
15
6
12
16
21
22
16
16
19
17
14
22
17
28
23
17
17
20
25
27
17
22
19
20
10
24
15
15
15
6
20
4
13
5
12
0
1
0
-4
10
-3
-3
-10
-8
-8
-6
-11
-5
-8
-13
-10
-14
-13
-12
-10
-8
-7
-16
-11
-11
-2
-9
-8
-9
-5
-9
-1
-7
-7
-3
-9
0
-13
-2
-9
-3
-3
-7
-6
-9
-4
-4
-15
-8
-9
-5
-6
-7
-8
-10
-11
-15
-8
-19
-1
-8
-9
-13
-12
-13
-13
-10
-2
-4
-7
-12
-12
-10
-6
-7
-6
3
-5
0
-14
-4
-4
-4
3
-1
4
-5
3
-7
-1
0
2
4
3
9
4
-1
-2
4
8
4
9
12
8
8
5
9
9
11
14
21
13
14
11
10
17
13
19
18
20
17
10
17
16
18
18
20
19
16
10
17
17
14
16
10
15
9
9
14
3
9
5
7
7
-4
4
2
-9
1
-5
-2
-9
-13
-9
-8
-17
-13
-12
-14
-12
-23
-23
-27
-16
-22
-18
-25
-22
-21
-32
-28
-30
-18
-20
-21
-22
-27
-21
-25
-27
-17
-18
-13
-9
-19
-11
-15
-15
-7
-8
2
0
-2
-2
-1
4
-3
5
11
12
16
5
11
15
8
12
19
22
20
21
16
14
18
15
23
19
23
21
22
16
16
17
21
21
18
17
19
16
16
12
12
11
15
14
7
13
6
9
3
8
0
8
2
2
1
-2
4
-2
-2
-5
-3
-8
-2
-9
-5
-5
-7
-4
-10
-8
-8
-10
-10
-9
-9
-8
-15
-11
-13
-12
-10
-16
-7
-13
-12
-19
-14
-14
-6
-12
-12
-8
-16
-8
-17
-10
-11
-8
-5
-9
-6
-11
-7
-9
-4
-6
-3
-4
1
-3
-4
-4
0
-2
2
0
4
4
1
4
1
4
5
7
5
9
8
3
3
7
8
7
8
5
6
4
5
8
6
4
7
2
8
6
-3
6
2
3
6
-2
1
5
1
4
-3
-1
3
1
2
0
0
-3
4
0
-2
3
-3
0
2
-1
2
-4
0
4
-1
1
-2
2
3
3
0
-3
4
1
1
-1
1
4
6
2
3
4
4
9
5
8
6
10
6
11
11
9
14
9
15
12
12
13
20
13
19
12
13
21
19
18
15
19
22
16
16
16
20
20
13
17
14
14
12
6
7
7
-1
1
-4
-8
-10
-14
-17
-18
-23
-27
-27
-33
-32
-33
-39
-34
-39
-43
-40
-42
-38
-39
-43
-36
-41
-36
-42
-39
-35
-38
-32
-41
-36
-38
-34
-38
-33
-42
-36
-41
-43
-37
-48
-43
-49
-46
-49
-47
-52
-44
-51
-45
-48
-45
-42
-43
-35
-40
-28
-34
-22
-22
-17
-13
-7
-3
6
8
13
22
21
34
32
42
44
50
54
57
62
70
67
75
74
82
87
81
91
87
94
95
97
95
98
99
102
101
100
102
98
106
101
100
97
96
98
96
90
87
80
86
76
73
62
59
54
48
38
27
20
15
4
-4
-19
-27
-35
-45
-54
-69
-78
-86
-93
-102
-112
-119
-125
-127
-132
-141
-140
-143
-141
-143
-142
-140
-136
-131
-126
-121
-115
-108
-98
-91
-82
-76
-68
-59
-51
-44
-38
-33
-25
-20
-15
-12
-8
-4
-1
1
4
4
7
8
11
12
12
19
19
24
27
29
35
39
46
49
54
58
67
72
77
79
85
92
94
97
94
97
97
99
94
88
86
83
80
69
63
55
51
42
33
23
17
12
2
-5
-14
-18
-23
-27
-35
-37
-40
-40
-42
-46
-47
-47
-44
-45
-45
-48
-43
-43
-38
-40
-40
-38
-34
-34
-34
-33
-32
-28
-29
-27
-24
-24
-20
-18
-17
-15
-12
-9
-6
-2
-3
2
3
10
11
12
16
15
23
20
25
21
26
26
27
26
23
26
22
25
21
21
17
21
18
18
16
13
16
14
16
13
14
14
17
16
16
17
18
20
20
19
18
20
18
19
14
14
12
10
6
4
-1
-3
-6
-11
-13
-19
-21
-25
-26
-32
-34
-37
-38
-40
-43
-45
-46
-46
-46
-46
-48
-45
-44
-42
-39
-39
-33
-35
-27
-28
-23
-20
-17
-12
-8
-6
-2
2
6
11
9
16
16
22
25
25
29
30
34
34
35
35
39
37
40
36
39
37
37
38
34
34
33
31
32
29
27
27
24
26
19
20
19
18
17
14
13
10
10
9
6
4
5
1
1
-3
-3
-7
-8
-10
-14
-17
-17
-22
-24
-26
-28
-31
-31
-33
-35
-37
-36
-39
-38
-39
-37
-38
-36
-33
-33
-30
-28
-25
-23
-19
-17
-13
-11
-8
-4
-2
2
4
7
10
12
15
14
19
19
21
22
25
25
25
26
28
26
28
28
28
28
29
29
28
29
29
27
27
27
25
23
24
21
19
17
17
13
10
9
4
1
-2
-4
-10
-10
-13
-16
-20
-21
-26
-29
-30
-33
-35
-39
-38
-42
-44
-44
-46
-47
-47
-47
-48
-49
-47
-49
-48
-45
-46
-43
-43
-38
-38
-35
-31
-30
-28
-23
-20
-16
-14
-9
-7
-3
2
5
7
12
14
16
18
24
23
27
29
31
32
34
37
35
37
36
38
37
38
37
37
36
37
36
34
34
33
32
31
31
28
29
28
26
24
24
23
20
21
19
19
15
17
14
13
12
11
8
9
6
5
4
2
1
-2
-2
-5
-6
-8
-9
-12
-14
-14
-17
-18
-20
-20
-24
-23
-24
-25
-27
-26
-28
-30
-30
-29
-30
-30
-28
-29
-29
-27
-27
-27
-25
-23
-22
-22
-20
-18
-17
-15
-13
-12
-10
-9
-7
-7
-4
-3
-2
0
1
1
4
4
5
5
7
7
7
7
8
