SAMPLES:	8545
BITSPERSAMPLE:	16
CHANNELS:	1
SAMPLERATE:	16000
NORMALIZED:	FALSE
0
0
1
-1
-1
-1
1
-1
0
1
0
2
2
2
3
2
0
1
0
0
-1
-2
-1
-1
-1
0
1
2
4
4
4
3
3
2
0
0
-1
0
-2
0
1
0
1
2
2
2
1
2
2
0
0
2
2
1
0
0
0
-3
-4
-5
-5
-6
-7
-4
-5
-3
-1
-1
-1
-2
-1
0
-5
-3
-3
-5
-5
-5
0
1
-1
0
2
-1
-3
-6
-2
-3
-4
-5
-2
0
-2
-1
1
2
1
0
2
1
-3
-3
-4
-7
-7
-7
-5
-2
-2
-1
-1
-1
0
-1
-3
-2
-1
-5
-3
-4
0
2
5
10
11
14
12
11
10
5
3
1
-1
2
0
1
5
2
5
5
2
4
2
3
4
2
5
10
6
7
9
8
5
1
3
2
-1
-1
1
2
0
-1
2
0
0
-5
-6
-4
-9
-11
-4
-4
-4
-2
2
5
2
3
6
6
1
-1
-5
-6
-9
-13
-11
-11
-10
-8
-10
-6
-1
0
4
8
12
15
13
16
16
13
12
5
5
3
0
-4
-5
-5
-10
-14
-12
-14
-12
-15
-14
-9
-11
-9
-6
-5
-2
-2
-4
2
5
7
9
11
17
16
12
10
12
10
4
3
3
1
-5
-7
-9
-6
-8
-10
-4
-7
-8
-8
-9
-6
-3
-4
0
0
-2
2
-3
1
0
-1
3
0
-3
-1
4
3
6
6
4
8
3
4
6
3
2
-3
-3
-1
-2
-7
-5
-8
-9
-2
5
10
9
9
13
15
10
6
4
1
-3
-13
-13
-7
-8
-11
-12
-7
-9
-8
-3
-3
-8
-13
-8
0
6
8
9
6
0
0
2
7
5
1
3
4
3
1
4
7
0
3
4
1
3
2
0
0
3
6
6
3
-2
-4
-1
6
-3
-9
-5
1
-1
-7
-7
-11
-3
1
1
11
12
2
-3
-2
2
5
-2
13
11
-4
-6
-14
-3
10
9
4
-1
-7
-14
-10
1
6
6
13
4
-5
-7
-3
0
-5
0
1
5
9
3
-7
-13
-9
-1
3
0
-2
-4
-4
-9
-8
3
13
7
-5
-10
-7
-3
1
10
11
7
7
5
13
22
14
11
3
0
6
1
2
8
-3
-16
-15
-8
1
-2
-10
-7
-5
-7
-10
-7
0
-7
-1
2
-4
2
-8
-11
-1
-2
11
9
-4
5
0
5
15
5
7
9
7
8
-2
-10
-3
-1
3
5
-7
-9
-10
-17
-9
4
10
4
1
-3
-3
9
8
11
17
2
-9
-4
-5
-4
-9
-11
-9
-15
-20
-12
-10
-13
-14
-17
-12
-13
-11
3
-6
-27
-41
-40
-32
-26
-19
-18
-11
-24
-43
-43
-34
-16
-7
-9
-2
-3
-2
-1
7
25
32
29
24
19
10
13
16
10
9
8
3
6
2
-19
-24
-23
-38
-42
-43
-30
-13
-2
13
20
13
15
34
55
73
85
89
101
101
90
88
95
95
91
91
84
74
65
53
54
63
59
47
40
26
8
12
19
30
39
43
70
93
93
89
92
98
104
119
140
148
126
101
74
36
32
35
27
9
-34
-63
-61
-78
-108
-128
-119
-116
-130
-143
-161
-162
-165
-172
-164
-166
-158
-148
-152
-139
-136
-140
-129
-129
-141
-131
-99
-77
-91
-119
-129
-127
-115
-97
-85
-71
-72
-89
-106
-128
-121
-90
-60
-38
-48
-47
-38
-65
-79
-68
-31
23
18
-35
-71
-84
-69
-56
-38
-24
-17
1
1
10
36
75
136
172
186
219
246
284
315
338
386
401
375
362
362
376
389
388
362
311
260
209
177
168
144
110
69
28
-6
-46
-80
-91
-109
-125
-133
-147
-148
-141
-132
-106
-71
-43
-26
-24
-33
-30
13
36
30
41
51
50
19
-28
-58
-68
-80
-109
-141
-158
-179
-192
-205
-224
-230
-226
-228
-258
-285
-281
-242
-208
-210
-218
-198
-168
-165
-160
-139
-132
-120
-91
-81
-80
-78
-66
-53
-68
-88
-102
-95
-93
-112
-130
-130
-106
-87
-66
-21
25
62
107
154
200
252
316
389
446
472
492
528
532
488
445
424
384
319
263
197
144
89
25
-1
-19
-42
-36
-6
36
58
61
88
123
133
126
130
124
111
100
65
44
50
41
23
12
9
23
24
10
17
38
60
65
41
1
-49
-107
-162
-229
-294
-343
-392
-458
-528
-571
-595
-620
-647
-680
-657
-580
-503
-428
-383
-359
-318
-245
-152
-41
88
216
324
415
482
524
571
576
549
526
492
439
375
291
213
165
118
60
2
-50
-104
-141
-186
-234
-251
-279
-331
-362
-376
-391
-393
-379
-326
-240
-148
-51
58
183
311
420
517
585
613
630
627
570
457
319
193
56
-85
-219
-338
-423
-514
-597
-633
-656
-663
-669
-662
-636
-618
-597
-604
-634
-639
-610
-572
-518
-431
-317
-178
-41
99
269
466
641
762
855
955
1029
1053
1046
1000
929
814
645
479
326
172
16
-139
-227
-275
-338
-417
-436
-419
-408
-366
-278
-142
27
245
488
773
1052
1336
1621
1919
2194
2408
2564
2606
2582
2458
2267
1990
1604
1144
628
83
-463
-990
-1539
-2074
-2560
-2995
-3368
-3653
-3873
-4009
-4003
-3845
-3602
-3304
-2929
-2464
-1911
-1326
-726
-130
444
973
1462
1894
2227
2440
2547
2555
2487
2351
2121
1821
1474
1098
710
319
-75
-461
-847
-1195
-1471
-1707
-1931
-2132
-2273
-2346
-2364
-2327
-2234
-2079
-1839
-1533
-1163
-730
-290
168
650
1111
1534
1902
2205
2492
2716
2785
2721
2606
2419
2160
1858
1516
1171
858
558
284
46
-190
-373
-499
-620
-732
-786
-871
-930
-978
-1070
-1163
-1221
-1313
-1407
-1411
-1398
-1279
-986
-622
-205
372
984
1745
2549
3318
4087
4792
5402
5874
6065
5982
5602
5024
4268
3184
1905
473
-986
-2421
-3886
-5287
-6473
-7464
-8149
-8607
-8798
-8675
-8369
-7790
-6893
-5869
-4677
-3442
-2202
-961
191
1251
2224
3156
3929
4572
5109
5415
5619
5708
5668
5586
5308
4932
4489
3963
3311
2559
1748
882
-48
-1021
-2033
-2879
-3628
-4439
-5101
-5647
-5948
-6103
-6119
-5943
-5536
-4867
-4102
-3206
-2274
-1368
-397
562
1465
2369
3072
3625
4162
4612
4930
5085
5163
5141
5005
4790
4404
3964
3499
2886
2265
1621
928
221
-477
-1071
-1595
-2050
-2463
-2709
-2680
-2550
-2345
-2048
-1598
-997
-265
631
1613
2756
3808
4715
5572
6251
6814
7076
6855
6300
5293
3930
2412
602
-1329
-3440
-5475
-7222
-8845
-10096
-11010
-11442
-11341
-10929
-10119
-9021
-7606
-5954
-4310
-2690
-1116
297
1443
2353
3079
3681
4085
4272
4390
4349
4268
4319
4357
4417
4532
4628
4485
4399
4232
3879
3485
2777
1925
1059
30
-1288
-2644
-3930
-5006
-5958
-6905
-7882
-8424
-8571
-8570
-8123
-7567
-6699
-5561
-4335
-3069
-1727
-306
1048
2407
3496
4396
5310
6137
6791
7279
7479
7547
7485
7288
7004
6546
6072
5346
4568
3629
2645
1804
868
7
-787
-1536
-2278
-2780
-3154
-3300
-3169
-3024
-2710
-2151
-1406
-362
794
1959
3272
4471
5683
6777
7516
8047
8078
7680
6784
5397
3797
1947
-225
-2640
-5054
-7263
-9114
-10773
-12030
-12658
-12873
-12515
-11852
-10764
-9229
-7639
-5703
-3923
-2234
-654
703
1875
2660
3266
3650
3956
4163
4331
4311
4270
4380
4451
4604
4751
4923
4968
4883
4747
4293
3645
2855
1736
430
-994
-2560
-4081
-5560
-6987
-8197
-9034
-9466
-9575
-9341
-8690
-7761
-6466
-4874
-3155
-1514
168
1845
3321
4760
5914
6770
7410
7839
8089
8207
8017
7651
7153
6472
5798
5020
4269
3394
2457
1598
611
-209
-1080
-1903
-2511
-3206
-3728
-4060
-4279
-4284
-3907
-3397
-2619
-1751
-806
724
2124
3837
5463
6788
8558
9419
10278
10942
10242
9939
8486
6443
4524
997
-1605
-4812
-8427
-10642
-13768
-15600
-16725
-17987
-17517
-17183
-15905
-13716
-11818
-9087
-6398
-3689
-895
1361
3430
5115
6348
7343
7578
7756
7693
7346
7203
6623
6499
6201
5696
6018
5784
5655
5683
5003
4771
4038
2811
1605
-21
-1629
-3463
-5539
-7320
-8959
-10431
-11356
-11964
-12037
-11628
-10751
-9321
-7417
-5211
-3061
-479
1845
3971
6081
7504
8930
9797
10051
10310
9896
9588
9070
7997
7125
6085
5184
4202
3154
2127
1075
259
-809
-1676
-2462
-3428
-3839
-4642
-5060
-5005
-5347
-4932
-4508
-3903
-2428
-1264
328
2450
4255
6559
8780
10444
12388
13494
13992
14647
13506
12124
10427
7041
4379
163
-3965
-7277
-12026
-14750
-17947
-20553
-21244
-22694
-21999
-20915
-19671
-16721
-14183
-11020
-7533
-4555
-1368
1521
3696
5746
7318
8296
9005
9194
9409
9207
9083
8848
8371
8445
7855
7769
7749
6855
6670
5827
4884
3808
2165
705
-1431
-3261
-5578
-7681
-9514
-11550
-12460
-13742
-13976
-13617
-13378
-11543
-9834
-7612
-4748
-2281
804
3580
5888
8383
10172
11746
12615
12953
13351
12976
12396
11382
10324
9154
7393
6249
4514
2834
1801
-252
-1186
-2475
-3954
-4292
-5502
-6148
-6066
-6565
-6434
-5443
-5297
-4100
-2349
-1653
1058
3120
4749
7903
9266
11195
13109
13345
14407
13575
11991
10765
7205
4926
644
-3459
-6809
-12210
-14758
-18368
-21260
-21908
-24042
-23145
-22223
-21361
-17990
-15484
-12308
-8340
-5107
-1491
2237
4636
7413
9358
10597
11524
11986
12288
11536
11619
10592
9807
9816
8063
8411
8217
6780
7168
6120
5341
4988
3240
1956
366
-1669
-4013
-6430
-8576
-10958
-12593
-14293
-15583
-15756
-16020
-15054
-13486
-11881
-8997
-6147
-3202
623
3459
6506
9799
11657
13604
14746
15250
15432
15089
14176
12883
11435
9169
7885
5680
3391
2083
-322
-1601
-3038
-4830
-5335
-6079
-7081
-7029
-7303
-7140
-5935
-5668
-4212
-2930
-1349
850
3186
5216
7444
10039
11401
13478
14333
14585
14435
13172
11123
8640
5425
852
-1889
-7487
-12110
-14401
-19966
-21242
-23485
-25757
-24094
-24464
-22802
-19563
-17122
-13504
-9164
-5754
-1413
2655
4908
8334
10837
11387
12913
13452
12873
12915
12177
10191
10078
9010
7125
7472
5957
5366
5580
3982
3944
3435
1727
1335
-219
-2467
-3892
-6537
-8267
-10267
-12550
-13852
-15564
-15482
-15875
-15272
-13500
-12187
-8936
-6198
-2454
1051
4012
8036
10881
13145
15010
16306
16870
16925
15960
14914
13223
11306
9239
6831
4740
2510
823
-1035
-2297
-3570
-4390
-4681
-5375
-5053
-5042
-4848
-4069
-3376
-2345
-1878
-476
718
2180
4314
4918
7652
8577
10189
12285
11770
13209
11784
10768
9748
6398
3736
510
-4021
-8114
-11376
-16153
-18636
-20915
-24169
-23473
-24737
-23850
-20948
-19412
-15963
-12394
-8605
-4959
-310
2430
5620
9824
10059
12071
13207
12617
13423
12416
10943
10253
8980
7018
7030
5727
4379
4879
3439
3225
3349
1686
1335
761
-1570
-2453
-4365
-6952
-7677
-10261
-12616
-13044
-14839
-15200
-14399
-14428
-12772
-10332
-8652
-4840
-1460
1183
5761
8656
11050
14228
15578
16861
17784
17099
16346
15217
12690
10770
8661
5704
3696
1013
-964
-2519
-4126
-4889
-5712
-5967
-6390
-5990
-5334
-4962
-3396
-3089
-1139
-252
928
3078
3855
5706
7029
8316
9429
10224
11446
10491
10123
9369
7125
6437
1950
-612
-3489
-8973
-11069
-15229
-18844
-19924
-22967
-23986
-23850
-24023
-21512
-19270
-16937
-13070
-9589
-5536
-1428
2085
5972
9271
11854
12968
14515
15646
15323
15339
13907
12598
11865
9277
8671
7789
5580
5323
4154
3042
3232
2098
769
385
-1587
-3402
-4793
-6647
-8498
-10075
-12228
-14404
-14681
-15942
-15866
-14365
-14339
-11488
-9767
-7305
-2400
24
3803
7601
10607
13374
15465
17129
18042
18679
17285
16197
14877
12042
10316
7587
4386
2298
-334
-2507
-3564
-5076
-6108
-5913
-6404
-5951
-4898
-4180
-2303
-956
252
2236
3873
5872
7259
8963
9581
11484
11410
12262
12044
9674
11137
6050
6925
2321
-1627
-1443
-10401
-10461
-14747
-20452
-19075
-24840
-25414
-24969
-26480
-24203
-21727
-20114
-16408
-11643
-9285
-3506
142
3543
7787
11001
12737
14104
16914
15137
16733
16508
12918
14796
11119
9410
9669
5856
5564
4578
2815
1930
1339
-580
-907
-557
-4413
-4808
-5932
-9354
-9209
-12049
-14767
-14762
-17009
-17537
-16469
-17144
-15506
-12742
-11498
-7626
-4055
-1301
3895
7524
9769
14210
16486
17781
20221
19409
19269
18590
15838
14731
12233
8891
6631
3913
973
-1215
-3024
-4942
-5883
-6702
-6993
-5992
-5431
-4051
-2449
-701
-63
3232
4301
5786
8743
8145
11152
12665
10868
14223
11108
10883
11423
5527
8199
1202
-393
-1935
-10825
-9743
-15565
-19668
-19397
-26059
-25535
-25790
-27357
-24233
-22614
-20978
-16219
-12705
-9072
-3483
213
4677
7951
11864
12489
15338
18096
15310
18404
16223
13734
15874
10876
10937
10488
6579
6707
5128
3503
3288
3025
1198
1322
223
-2270
-2476
-4594
-6569
-8484
-10618
-13733
-15256
-16236
-19034
-17314
-18284
-17941
-14354
-13943
-9745
-5512
-2759
2265
6046
9045
13485
16427
17832
20198
19516
19225
18746
16046
14705
12028
8906
6326
3604
594
-1241
-3241
-5878
-6413
-7947
-8610
-7272
-7682
-5255
-4456
-2997
-1351
294
2843
3679
6456
7379
9001
12349
10678
14100
11922
10512
13353
6772
9432
4515
830
587
-8163
-9041
-12827
-18214
-18585
-23613
-25592
-26139
-27433
-26116
-23413
-22330
-18777
-14207
-10735
-5815
-2323
3122
6607
10602
12201
13758
18127
16339
18188
18346
15214
16545
13319
12139
12026
8914
7562
6782
4850
2966
2923
1614
1683
847
-1849
-2331
-3910
-5842
-8020
-9391
-12258
-15069
-14853
-18529
-17894
-17683
-19190
-15374
-14576
-12091
-7016
-4642
310
5111
6895
11492
15500
16522
19351
20148
19265
19430
17414
15532
13175
9837
6867
4611
1508
-1735
-2367
-4880
-6163
-6497
-8386
-6681
-6591
-5494
-3046
-2763
-263
1242
2730
4890
6722
8009
10430
11246
13362
13468
12871
13132
10761
11076
8130
5649
3487
-687
-4871
-9021
-12542
-16043
-19681
-22500
-25826
-26561
-28055
-27648
-25190
-23576
-20624
-16274
-12265
-7988
-2503
575
5601
9585
10962
14318
15504
16486
17084
16435
15514
13986
12774
10618
10055
8513
6077
5930
4008
2897
2489
1257
1528
872
-846
-2166
-2704
-4316
-5962
-7545
-10264
-11531
-13417
-15318
-15605
-16181
-16196
-14847
-14014
-11880
-8323
-5488
-1109
3025
5756
9825
13170
15584
17861
18675
19334
18851
17363
15641
13213
10683
7121
4606
1447
-1697
-3151
-5651
-6526
-7732
-8997
-7997
-7709
-6623
-4457
-3628
-967
916
2590
5542
6534
9529
10848
13260
13659
14417
14878
12321
13707
9226
8690
5553
386
264
-7067
-9224
-12838
-18378
-18962
-23750
-25386
-26521
-27399
-26722
-25068
-22774
-20336
-15173
-12128
-6457
-1660
1888
7202
10252
13496
15343
17387
17829
17785
17791
15244
14817
12554
10381
9507
6987
5952
4680
3574
2880
2425
1803
940
913
-834
-1299
-2260
-4437
-5254
-7908
-9509
-11668
-13441
-14612
-16398
-15905
-16885
-15702
-13932
-13171
-8862
-6546
-2956
2083
4322
9194
12569
14536
18034
18602
19525
20135
18564
17476
15440
12546
9900
6871
3543
966
-1866
-4481
-5906
-7689
-8911
-9225
-9679
-9296
-8141
-7606
-5725
-3727
-2607
36
2392
3971
7339
9104
10464
14383
13285
15846
16431
13318
16507
10949
10716
9099
1649
3075
-5154
-8582
-10636
-18606
-18466
-23722
-26432
-26206
-28882
-27329
-25914
-24160
-20482
-16709
-12617
-7703
-3328
1640
5355
9453
12756
14002
17453
16981
17419
18469
15452
16369
13997
11724
12081
8715
8215
7083
5183
4788
3702
2437
1333
594
-1591
-2773
-4336
-6841
-8217
-10786
-12849
-14546
-16327
-17532
-18093
-17899
-17895
-15819
-14133
-11808
-7605
-4887
-472
4088
6976
11295
14542
16249
19041
19596
19811
20012
17966
16762
14318
11157
8579
5154
2221
-886
-3578
-5936
-7701
-9029
-10511
-10414
-11116
-10493
-9598
-8639
-6493
-5008
-2829
-443
1927
4697
6880
10055
11761
14085
16633
15644
19530
15586
17134
15789
10292
12973
3631
3339
-791
-9774
-7919
-17401
-19661
-20676
-27791
-25351
-28045
-28046
-25411
-23986
-21369
-16963
-13176
-9479
-4065
-192
3598
7921
11041
12327
15747
16525
15475
18866
15121
15449
16129
11265
13706
10457
8347
9164
5813
5453
4397
2853
1758
895
-485
-2841
-2812
-5838
-7228
-8328
-11399
-12408
-14155
-16017
-16486
-16608
-17406
-15380
-14292
-12652
-8978
-6629
-2704
1499
4674
8531
11980
14563
16080
18544
18165
18203
18210
15423
14627
11449
8706
6352
2579
311
-2635
-4600
-6792
-8005
-8798
-10087
-9400
-9847
-8946
-7719
-7400
-4830
-3601
-1703
645
2553
4853
7141
9194
11279
13382
14721
15647
17017
15823
16004
14912
11344
11086
5549
3063
-485
-7486
-9031
-14991
-19313
-21026
-26008
-26643
-27766
-28553
-26667
-24682
-22390
-18376
-14167
-10546
-5311
-1052
3054
7058
10494
12551
14754
17094
15922
17351
16679
14110
15293
12414
11066
11063
7833
7785
6711
4679
4744
3418
2518
1755
861
-950
-1811
-3419
-5911
-6900
-9635
-11438
-13154
-14862
-16417
-17155
-17068
-17380
-15262
-13665
-11501
-7366
-4927
-304
3728
6877
11317
13983
16438
18324
19023
18950
18329
17021
14473
12194
9229
5984
3464
-70
-2699
-4671
-6912
-8120
-8989
-9802
-9571
-9263
-9020
-7797
-6643
-5898
-3564
-2193
-660
1997
3035
5919
7985
9614
12177
13770
15629
17119
17786
18057
17162
16706
14566
11652
9292
4030
524
-4148
-10366
-13633
-18982
-23284
-25353
-29255
-30388
-29784
-29868
-27223
-24169
-21216
-16038
-11207
-6909
-1286
3180
7183
11235
13829
16199
17896
18948
18197
18356
17356
15208
14833
12458
10466
9808
7023
5853
4968
2572
2233
1151
-413
-1132
-2629
-4186
-4995
-7543
-8471
-10625
-12148
-13251
-15830
-14848
-17222
-16081
-15053
-15784
-11177
-11067
-7682
-3090
-1872
3667
5900
8766
12658
13619
15638
16457
16595
15908
14980
13418
10676
9071
5948
3096
1376
-1994
-3741
-4827
-7227
-7158
-7803
-8785
-7054
-7773
-6636
-5304
-5421
-3043
-2476
-824
1705
1919
4949
6193
7941
10856
11789
14026
16436
16711
18421
19728
17143
19812
15065
13140
12457
3770
3406
-3580
-11016
-12223
-21392
-24002
-27044
-31611
-31242
-32523
-31602
-29541
-25627
-22490
-17452
-11522
-7384
-1239
4112
7366
12550
16101
16285
20117
20396
18368
21274
16839
15942
15923
10819
11267
9001
6175
5768
4014
2144
1863
1030
-1053
-789
-2279
-4777
-4137
-7379
-8511
-9324
-12478
-12910
-14935
-15140
-16224
-15693
-14889
-15516
-11396
-11358
-8387
-3810
-3340
2164
4483
6344
11165
11594
13665
15387
14739
15215
14834
13250
12036
10261
7664
5850
3577
1329
-385
-1858
-4241
-4861
-5806
-7315
-6157
-7253
-7214
-6329
-7285
-5730
-4932
-4616
-2340
-1815
211
2611
4583
7132
9847
12150
14401
17050
18247
19426
20807
18785
18783
16598
11709
11217
3083
-422
-4643
-14083
-15436
-21816
-27254
-26517
-31514
-31414
-29199
-29644
-25667
-21002
-18323
-12425
-6642
-3440
2766
7161
9553
13554
16361
15413
18083
18150
15045
17236
13721
10751
12253
7238
6709
6879
2775
3714
3218
1118
2112
1753
352
1301
442
-1686
-1202
-2924
-5641
-5689
-9024
-11185
-11789
-14191
-15006
-15499
-15884
-16149
-13726
-13025
-11335
-7081
-6396
-1844
1345
2640
7942
9077
11368
14111
13953
15380
15642
15111
14445
13457
11748
9959
7903
5686
3709
1491
-743
-2978
-4357
-6315
-7440
-7908
-9276
-8814
-9147
-8885
-7137
-7024
-4805
-2953
-1530
1492
3471
6438
8844
11054
13346
14956
16699
17423
17947
17740
16121
15159
12522
9028
6837
1112
-2111
-6074
-12825
-14255
-19271
-23345
-23133
-27132
-26632
-25151
-25733
-21850
-18659
-16223
-11330
-7168
-3945
822
4483
6448
10031
11958
11466
14229
13619
11663
13415
10547
8951
9971
6428
6352
6812
3885
4867
5099
3491
4884
4984
3731
4886
4154
2183
2356
417
-2255
-3089
-6374
-9435
-10682
-13871
-15995
-16013
-18219
-18478
-16261
-17103
-14045
-10935
-9728
-4264
-1462
1504
6819
9138
11775
15345
16103
17225
18661
17532
17073
16203
13605
11808
9590
6323
4196
1669
-1555
-3203
-5485
-7398
-7976
-9466
-10005
-9903
-10240
-9295
-8800
-8165
-6643
-5745
-3786
-2179
-541
1804
3880
6220
9017
10524
13058
14976
16693
17464
19012
17398
17620
17272
11357
13564
5786
2947
968
-9029
-8764
-15069
-20742
-20628
-26890
-26974
-27191
-28047
-26035
-23378
-20575
-17633
-11960
-9265
-4412
578
2934
6387
10071
10154
12106
14277
11297
13572
12642
9298
12159
8503
8279
9763
6584
7923
8210
7308
8019
8345
7427
7103
7198
4093
3199
1477
-2519
-4056
-7328
-11301
-12858
-15841
-18431
-18398
-19994
-19784
-17888
-17170
-14336
-10841
-7839
-3669
554
3737
7773
11446
13079
16046
17214
17659
18025
16907
15856
13981
11957
9577
6754
4559
1574
-591
-2576
-4949
-5873
-7728
-8511
-8769
-9603
-9495
-9177
-9303
-8617
-8081
-7082
-6168
-4676
-3160
-1814
1016
2333
5442
8068
9892
12960
14768
16780
18875
19408
19535
19788
17986
16053
13878
9762
6692
1951
-3118
-6504
-12236
-15567
-18974
-22695
-23751
-25536
-25681
-24699
-23651
-21164
-18407
-15492
-11887
-8601
-5405
-1973
430
2909
4888
6173
7495
7925
8797
8738
8826
9391
8464
9529
9283
8993
10146
9409
10303
10300
9752
10033
9176
8170
6950
5269
2955
848
-1330
-4635
-6504
-9460
-12055
-13249
-15654
-15745
-16367
-16561
-15044
-14171
-11660
-9493
-6711
-3392
-619
2935
5489
8289
10647
12118
13594
14023
14197
13751
12605
11504
9415
7634
5485
2997
1269
-1200
-3142
-4431
-6731
-7261
-8403
-9507
-8655
-9631
-8939
-7845
-7836
-6199
-4956
-3771
-1496
1
1900
3828
5931
8025
9547
11724
13077
14225
15709
15516
16710
16534
14751
16005
12246
11507
9839
4588
4878
-539
-4304
-5112
-11800
-12983
-15422
-19557
-19427
-21649
-22300
-21510
-21039
-20068
-17570
-15535
-13956
-10351
-8137
-6633
-2874
-1572
-235
3218
3076
4383
7135
6002
8276
9700
8645
11469
11531
11352
13441
12953
13000
13890
13108
12277
12241
10579
8794
8042
4720
2210
760
-3447
-5437
-7805
-11583
-12585
-15175
-16429
-17020
-17401
-16453
-15969
-13388
-12242
-9035
-5532
-4150
622
2472
4871
8379
8660
10751
11486
11006
11129
10142
8660
7014
5824
3618
1779
616
-1645
-2266
-3212
-4371
-4093
-4654
-4745
-3972
-4052
-3275
-2297
-2296
-935
-620
-46
928
1021
1987
2170
2941
3389
4149
5242
5486
6857
7919
8188
10288
10464
11096
12214
11802
11965
11272
10531
8242
7391
4256
698
-692
-5459
-8613
-10328
-15525
-16520
-18564
-21451
-20850
-21595
-21880
-19999
-18755
-17515
-14227
-12340
-10023
-6370
-4227
-2085
1396
3185
4812
8189
8804
10130
12953
12015
14134
15282
14033
15795
15304
14226
15070
13563
12212
11680
9517
7741
6348
3908
1180
-201
-3191
-5390
-6946
-9854
-11206
-12486
-13974
-14508
-14545
-15046
-14270
-12692
-12624
-10126
-8446
-7344
-3670
-2740
-472
1984
2808
4902
6012
6854
7458
8062
7860
7747
7813
6737
6583
5462
4349
4033
2415
1610
875
-613
-1057
-1956
-2574
-2744
-3099
-3160
-2964
-2508
-2260
-1614
-1099
-494
219
767
1432
2405
3007
4019
4579
5722
6815
7287
9223
9283
10450
11595
10822
12367
10903
9925
9746
6294
5320
1789
-1623
-3924
-8827
-11389
-14921
-18113
-20050
-22738
-23458
-24238
-24147
-22680
-21702
-18773
-15933
-13090
-8636
-5322
-1435
2725
5526
9324
11673
13675
15966
16471
17623
17627
17086
16815
15646
14589
13319
11914
10840
9251
8139
6855
5341
4704
3052
1911
445
-1589
-2983
-4761
-7114
-8591
-10950
-12938
-13913
-16191
-16349
-17009
-17493
-16215
-15834
-13822
-11677
-9329
-5951
-3470
-38
2835
5696
8412
10215
11803
12627
13016
12785
12032
11035
9566
7713
5895
3828
2127
328
-1549
-2519
-4139
-4809
-5039
-5920
-5063
-5372
-4872
-3388
-3581
-1897
-1062
-626
984
1020
2072
2792
3014
4046
4240
5218
5724
6482
7713
8145
10020
10317
11339
12459
12074
12692
11925
10593
9613
7318
4300
1965
-1936
-5523
-8624
-12938
-15649
-18630
-21594
-22430
-24225
-24179
-23664
-22542
-20149
-17961
-14189
-11035
-6897
-2690
677
5115
7921
11042
13655
15041
16918
17460
17408
17338
16657
15416
14405
12678
10874
9486
7699
6223
4925
3462
2314
1079
7
-1240
-2353
-3793
-5478
-6580
-8588
-9971
-11564
-13257
-14205
-15595
-15743
-16329
-15693
-14832
-13897
-10985
-9566
-6153
-2897
-531
3800
5826
8925
11411
12397
14399
14288
14213
13729
12257
10743
8379
6601
4132
1552
-282
-2814
-4423
-5866
-7214
-7562
-8455
-8364
-8103
-7584
-6628
-5808
-4232
-3643
-1923
-742
342
2143
2426
3636
4823
5303
6539
6898
7427
8418
8601
9394
9893
9971
10125
10516
10087
9807
9210
7939
7303
5413
3314
1510
-742
-3136
-5968
-8206
-11007
-13053
-14916
-17274
-17670
-18834
-19274
-18191
-17758
-16274
-13763
-11564
-8773
-5159
-2565
752
4618
6748
9655
12057
13403
14656
15642
15546
15080
14902
13305
12262
10851
8694
7747
6278
4113
3028
1838
652
32
-1250
-2460
-2863
-3944
-5090
-5923
-7377
-8471
-9547
-10315
-12021
-12399
-12423
-13364
-12016
-12008
-11061
-8447
-7196
-4484
-1781
828
3873
6265
8570
10596
12230
12825
13485
12759
11523
10355
8333
6191
3317
1054
-1565
-3767
-5452
-7461
-8271
-9492
-9775
-9604
-9459
-8591
-7880
-6406
-5495
-4013
-2353
-1438
598
1633
2713
4369
5038
6018
7063
7590
8142
8773
8707
9213
9351
9110
9493
8997
8865
8533
7925
7542
6943
6134
5152
4379
3124
1766
337
-1548
-3100
-4702
-7564
-8557
-10973
-13510
-13698
-15990
-16942
-16721
-18015
-16767
-15755
-15158
-12453
-10035
-7835
-4563
-1306
1341
5193
7986
9950
12947
14610
15368
17095
16774
15626
15845
13694
11861
10653
7185
5510
3635
514
-827
-2444
-4340
-5209
-5528
-6765
-6540
-6230
-7021
-6200
-6170
-6466
-5752
-5492
-6597
-5833
-5852
-6707
-5123
-5807
-5439
-3610
-3779
-1761
-42
1027
3476
5062
6512
8081
9221
9396
10183
9625
8172
7446
5427
3528
1161
-1604
-3871
-6489
-8477
-10338
-11650
-12530
-12866
-12593
-12028
-10478
-9062
-7011
-4782
-2611
-95
1938
4323
6184
7677
9174
9675
10326
10558
10303
10051
9120
8706
8155
7146
6572
6404
5497
5279
5830
4893
5342
5607
5057
5703
5335
4780
5153
3928
2954
2849
433
-100
-1738
-3601
-6161
-7136
-9112
-12241
-11695
-14636
-15558
-14631
-17241
-15408
-14586
-14942
-11648
-10234
-8609
-5157
-2475
-527
3530
5612
7020
10452
11652
11779
13847
13203
12130
12990
10548
8815
8587
4929
3979
3167
-326
-408
-1464
-3348
-2943
-3052
-4028
-2828
-2555
-3190
-1993
-1313
-2540
-1179
-1720
-3475
-1797
-4264
-4454
-3975
-6245
-5266
-5478
-6057
-4685
-4019
-3195
-1654
-31
796
2486
3881
3819
5195
4801
4286
4149
2661
1730
385
-808
-2346
-3438
-4445
-5250
-5600
-5657
-5425
-5297
-4338
-3809
-2707
-1700
-1045
327
658
1401
2323
2528
2872
3218
3387
3039
3316
3352
3102
3458
3298
3373
3670
3694
4226
4492
4707
5187
5676
5673
6444
6576
6503
6980
7115
6725
6909
6287
5660
5618
4054
2834
1846
157
-2294
-2664
-6173
-8202
-8947
-12431
-13118
-13935
-16264
-15479
-15607
-16034
-13736
-12194
-11115
-7790
-5092
-3430
1084
3166
4916
9122
10158
11215
13618
13242
13191
14128
12290
11376
11175
8190
7539
6664
4146
3691
2961
1261
1078
1134
-444
80
97
-1638
-1036
-1783
-3798
-3463
-5377
-7322
-7446
-10024
-10954
-11340
-12935
-12925
-12573
-12489
-11396
-9553
-8108
-5689
-3007
-1200
1910
4273
5862
8066
8857
9357
9763
9326
8377
7316
5816
3780
2374
498
-1025
-2145
-3467
-4170
-4369
-4879
-4638
-4095
-4119
-3584
-3187
-2720
-2297
-2135
-2004
-1982
-1661
-1798
-1689
-1401
-1592
-870
-636
133
986
1772
2967
3907
5125
5786
7348
7848
8628
9550
9837
10665
10884
11122
11094
11683
11250
10219
10946
8957
7983
7771
3597
3868
709
-3508
-2960
-8581
-10931
-11758
-16509
-17263
-18462
-20719
-20164
-19751
-19885
-17787
-14772
-13795
-9554
-5584
-3826
1761
5123
6930
12199
13768
14623
18515
17435
17305
18851
15860
14912
13903
10245
8551
6853
3427
1374
392
-2893
-3945
-4169
-7236
-6624
-6834
-8933
-7702
-8184
-9150
-7914
-8854
-9487
-8442
-9484
-9340
-8672
-9202
-8738
-7835
-7122
-6607
-4761
-3204
-1761
761
2192
4375
6754
7909
9784
10707
11041
11251
10869
9775
8150
6852
4372
1852
-110
-2715
-4774
-6244
-7960
-9019
-9629
-9944
-9405
-9210
-8409
-7147
-6462
-5415
-3910
-3211
-2506
-1069
-1059
-447
808
333
1326
2103
2039
3623
3725
4676
6373
6781
7967
9035
9678
9987
11366
11125
11036
11901
10910
10835
10602
10189
9330
9221
8294
7377
7043
5247
4421
3450
731
286
-2500
-5115
-5543
-9830
-11063
-12769
-15963
-16096
-17640
-18589
-17612
-17862
-16622
-14414
-12288
-10091
-6733
-3532
-1055
2989
5560
7601
10962
11537
12903
14600
13338
13635
13043
10806
10315
8270
6140
5336
2997
1419
522
-979
-1751
-2043
-2771
-3364
-3199
-3569
-3953
-3571
-4128
-4683
-4564
-5591
-5930
-5919
-7164
-6894
-7308
-7827
-7002
-6883
-6481
-5384
-4464
-3472
-1737
-683
563
2023
2649
3934
4630
4533
4920
4556
3891
3305
2585
1302
168
-657
-2226
-2659
-3594
-4491
-4553
-5252
-5291
-5187
-5073
-4828
-4347
-3977
-3473
-2533
-2123
-1553
-495
-128
787
1422
1966
2952
3165
4026
4781
5291
5961
6998
7138
8146
8892
8827
10204
9803
10108
10696
9928
10304
9892
8951
9060
8158
7354
7128
5933
5324
4715
3827
3353
2221
1597
772
-758
-1179
-3030
-4076
-5278
-7711
-8260
-10489
-12280
-12696
-15126
-15628
-16051
-17391
-16398
-16344
-15790
-13735
-12286
-10333
-7426
-4667
-2081
1085
4079
6135
9184
11141
12131
14252
14328
14265
14814
13413
12467
11569
9244
7885
6379
4114
2752
1367
-416
-1204
-2149
-3445
-3473
-3871
-4922
-4749
-4928
-5929
-5604
-6322
-7058
-6813
-7752
-8190
-7845
-8572
-8493
-7618
-8196
-6879
-6025
-5838
-3657
-3147
-1766
260
457
2311
3170
3595
4928
4917
5176
5237
5005
4548
4189
3604
2710
2313
1140
337
-218
-1213
-1539
-2271
-2731
-2740
-3196
-2992
-2980
-2772
-2137
-1919
-1353
-679
-147
573
1416
1912
2540
3407
3483
4576
4874
4860
6268
5540
6118
6812
5878
6869
6160
5855
5803
4998
4299
3574
2923
1376
1275
114
-789
-646
-1674
-1217
-920
-1067
30
321
1153
1895
2144
2824
2725
2584
2670
1216
1109
-850
-2199
-3360
-5797
-6724
-9004
-10454
-11466
-13118
-13078
-13887
-13495
-12452
-12305
-9822
-8393
-6291
-3276
-1289
1281
3995
5989
8295
9920
11264
12133
12581
12912
12243
12035
10913
9519
8839
6640
5544
4488
2251
1826
359
-851
-1205
-2299
-2600
-2953
-3778
-3824
-4140
-4327
-4902
-5211
-5439
-6360
-6241
-6897
-7229
-7347
-7896
-7553
-7260
-7110
-6133
-5305
-4690
-2961
-1791
-767
1468
2626
3736
5645
6318
7537
8376
8327
8911
8450
7794
7397
5885
4601
3575
1765
136
-907
-2739
-3916
-4692
-6052
-6262
-6870
-7139
-6641
-6923
-6315
-5316
-5253
-4343
-3214
-2880
-1701
-906
-301
667
1376
2090
3035
3448
4013
4900
5068
5671
6053
5935
6061
6126
5577
5370
4804
4169
3365
2852
2229
1375
1404
-107
718
75
-405
886
-512
973
931
648
2099
1385
1705
2344
1086
1884
708
66
-48
-2442
-2093
-4051
-5483
-5475
-7612
-7739
-7900
-9030
-7749
-7792
-7049
-5273
-4250
-2401
-859
1440
2851
4471
6599
6923
8742
9429
8836
10201
9017
8493
8613
6222
5676
4598
2379
1483
-60
-1809
-2702
-3679
-5147
-5591
-5795
-6785
-6363
-6144
-6624
-5348
-5166
-4984
-3577
-3532
-2898
-1942
-1975
-1558
-933
-1258
-977
-810
-1410
-981
-1101
-1343
-880
-661
-828
-20
387
473
1681
1607
2164
2853
2527
3185
3172
2762
2700
2266
1729
973
811
-210
-952
-1242
-2354
-2430
-2754
-3167
-3256
-2974
-3243
-2905
-2131
-2475
-1425
-1396
-1267
-393
-682
-142
-163
-169
-229
-128
-308
-465
-82
-806
-193
-217
-368
320
-26
736
1000
1110
1871
1735
2303
2467
2883
3249
3171
3787
3428
4293
4341
4465
5378
4645
5821
5880
5689
7119
5836
6852
6824
5689
6816
5151
4989
4251
2699
1892
200
-932
-3063
-4283
-5857
-7995
-8378
-10170
-11024
-10951
-11908
-11409
-10723
-10501
-8942
-7492
-6403
-4024
-2481
-755
1518
2995
4559
5844
7062
7431
8283
8601
7660
8178
7219
6234
6318
4467
3827
3193
1630
1277
484
-522
-1086
-1509
-2287
-2528
-2807
-3718
-3625
-3991
-4833
-4581
-4977
-5542
-5049
-5370
-5365
-4498
-4481
-3834
-2589
-2210
-1173
187
752
1866
3206
3237
4371
4987
4237
5294
4476
3700
3808
2099
1599
580
-851
-1532
-2713
-3580
-4288
-4645
-5401
-5308
-5200
-5518
-4765
-4643
-4172
-3355
-3212
-2379
-2087
-1768
-1252
-1214
-956
-928
-911
-924
-836
-909
-807
-670
-597
-232
-117
339
883
978
1813
2089
2394
3005
3155
3547
3796
3859
4063
4323
4085
4342
4434
4219
4355
4203
4120
4003
4026
3772
3868
3408
3701
3327
3571
3438
3021
3944
2823
3725
3196
2830
3493
2218
2549
1973
866
934
-783
-863
-2488
-3546
-3907
-6177
-6068
-7342
-8400
-8187
-9213
-9099
-8830
-8757
-7798
-6978
-6031
-4546
-3092
-1285
180
1923
3763
4713
6751
7426
8195
9555
9118
9636
9473
8523
8569
7209
6369
5260
3928
3056
1411
872
-705
-1543
-2211
-3591
-3698
-4594
-5071
-5179
-5931
-5723
-5818
-6023
-5687
-5784
-5556
-5291
-4993
-4628
-4339
-3808
-3387
-2727
-2175
-1647
-863
-474
86
771
952
1479
1559
1465
1677
1215
1176
556
115
-276
-1138
-1410
-2170
-2617
-3045
-3376
-3577
-3787
-3677
-3696
-3375
-3115
-2875
-2290
-2005
-1641
-1051
-837
-302
-215
150
392
414
784
659
1088
1122
1366
1734
1799
2356
2549
3014
3474
3769
4256
4615
5031
5082
5435
5514
5033
5358
4598
4247
4060
2990
2799
2020
1172
1150
277
147
-10
-430
-18
-266
150
419
588
1220
1193
1860
2125
2148
2890
2634
2846
2914
2710
2446
2278
2008
1238
1048
375
-838
-737
-2157
-3047
-2797
-4602
-4609
-4590
-5962
-5278
-5215
-5981
-4639
-4620
-4556
-2926
-2637
-2192
-497
-93
294
2105
2085
2411
4021
3269
3808
4816
3518
4333
4302
2854
3562
3007
1776
2218
1360
173
512
-431
-1488
-1100
-2294
-2878
-2439
-3621
-3815
-3447
-4535
-4265
-3964
-4942
-4262
-4192
-4844
-3970
-3916
-4069
-3085
-3021
-2803
-1444
-1509
-741
631
394
1608
2420
2211
3350
3548
3197
3996
3197
3012
2961
1680
1490
253
-562
-1313
-2355
-2759
-3787
-3873
-4346
-4398
-3802
-3949
-2888
-2421
-1662
-639
56
986
1439
2219
2493
2884
3085
2965
2969
2734
2669
2270
2157
1760
1527
1433
1018
1175
757
752
834
400
679
444
468
626
535
650
640
670
584
572
531
380
483
242
213
194
190
204
314
441
585
1298
1048
1956
1851
2291
2883
2676
3459
3132
3512
3409
3525
3438
3281
3354
2866
2950
2406
1997
1788
803
497
-323
-1485
-1979
-3382
-3931
-5091
-5910
-6343
-7215
-7263
-7585
-7497
-7113
-6768
-5915
-5083
-4053
-2812
-1807
-548
564
1849
2671
3592
4490
4613
5191
5456
5051
5084
4760
3893
3613
2852
1907
1614
624
4
-462
-1324
-1624
-1923
-2537
-2666
-2638
-3104
-2804
-2600
-2994
-2401
-2194
-2416
-1530
-1595
-1366
-735
-930
-420
-204
-68
328
466
589
1000
1237
1357
1801
1959
1981
2441
2363
2299
2544
2236
2129
1962
1473
1131
781
80
-203
-870
-1451
-1751
-2509
-2585
-2947
-3107
-3106
-3144
-2799
-2773
-2316
-1994
-1878
-1406
-1168
-1019
-596
-547
-435
-157
-376
-113
-173
-322
-181
-385
-343
-393
-606
-631
-729
-982
-1133
-1175
-1398
-1481
-1362
-1566
-1290
-1249
-1203
-599
-497
-167
333
502
833
1462
1460
1847
2263
2181
2736
2797
3014
3470
3504
3739
3979
3925
3994
4142
3854
3763
3666
3243
2989
2751
2247
2074
1626
1320
761
520
215
-576
-586
-1521
-1983
-2165
-3233
-3357
-3951
-4651
-4730
-5008
-5359
-5185
-4859
-4993
-4089
-3532
-3087
-1654
-1111
-182
1194
1797
2995
4050
4291
5192
5744
5609
6051
5958
5344
5305
4699
3894
3580
2679
1806
1440
357
-211
-454
-1511
-1581
-1852
-2586
-2358
-2646
-2960
-2576
-2874
-2814
-2564
-2619
-2514
-2138
-2078
-1853
-1301
-1399
-679
-278
-115
691
1014
1351
2056
2392
2570
3107
2999
2974
3033
2458
2176
1662
790
248
-723
-1594
-2346
-3252
-3880
-4391
-4979
-5058
-5124
-5187
-4735
-4446
-3909
-3293
-2769
-2153
-1644
-1013
-650
-313
-174
-34
36
-74
-21
-187
-280
-312
-373
-358
-208
-136
-84
66
236
340
536
670
603
699
596
446
594
98
204
10
-365
-27
-503
-325
-189
-335
51
63
533
713
1244
1522
1941
2514
2571
3369
3364
3740
4147
3995
4452
4162
4366
4290
3916
4170
3407
3632
3242
2752
2941
2126
2012
1607
1000
684
135
-410
-1150
-1483
-2435
-2888
-3252
-4230
-4139
-4841
-5102
-4851
-5256
-4831
-4590
-4288
-3796
-2997
-2377
-1682
-523
-53
1144
1893
2464
3451
3896
4282
4669
4789
4665
4677
4365
3896
3666
2969
2422
2107
1365
1097
678
155
45
-209
-461
-350
-524
-554
-281
-358
-133
-105
-12
257
194
274
243
95
137
11
-126
-308
-477
-464
-665
-661
-674
-785
-614
-763
-651
-643
-800
-728
-949
-1265
-1272
-1674
-1953
-2067
-2832
-2809
-3255
-3650
-3616
-4261
-4033
-4180
-4517
-4026
-4278
-4062
-3801
-3819
-3388
-3284
-2890
-2629
-2251
-1959
-1624
-1190
-1184
-599
-552
-342
70
-59
298
228
409
435
318
480
297
406
391
413
459
388
495
393
570
607
591
837
706
900
1040
892
1264
1247
1150
1544
1428
1661
1886
1836
2195
2169
2286
2502
2413
2685
2643
2689
2823
2585
2858
2705
2670
2813
2456
2781
2580
2501
2862
2501
2745
2744
2476
2690
2497
2339
2275
1833
1593
1347
668
488
-145
-737
-928
-1833
-1957
-2485
-2914
-2859
-3350
-3187
-3220
-2979
-2684
-2375
-1781
-1413
-640
-311
442
1266
1583
2428
2712
3020
3668
3661
3873
3998
3710
3787
3553
3163
3002
2467
1974
1466
869
348
-244
-696
-1449
-1839
-2310
-2941
-3016
-3646
-3903
-4013
-4561
-4435
-4584
-4695
-4533
-4584
-4445
-4328
-4086
-3883
-3464
-3186
-2901
-2445
-2176
-1686
-1345
-1112
-705
-518
-285
-162
27
49
-70
68
-296
-323
-409
-801
-767
-1127
-1215
-1328
-1679
-1543
-1887
-1872
-1841
-2064
-1847
-1991
-1760
-1785
-1691
-1458
-1512
-1157
-1092
-891
-636
-530
-255
-164
96
287
464
744
889
1195
1367
1722
1863
1988
2382
2336
2629
2753
2769
3055
2977
3021
3041
2908
2871
2830
2589
2432
2410
1972
2104
1820
1651
1771
1380
1542
1377
1301
1452
1358
1398
1427
1475
1567
1595
1675
1714
1835
1850
1987
1994
2084
2231
2180
2401
2302
2485
2431
2357
2577
2107
2344
2055
1717
1801
1167
1046
701
101
-91
-754
-1214
-1583
-2276
-2551
-3070
-3500
-3687
-4053
-4315
-4240
-4385
-4336
-4064
-3945
-3582
-3101
-2769
-2273
-1571
-1363
-583
-45
106
988
1128
1315
1874
1695
1889
2069
1748
1807
1692
1315
1231
1013
518
343
-18
-558
-740
-1208
-1724
-1894
-2388
-2807
-2943
-3342
-3551
-3604
-3794
-3780
-3649
-3640
-3366
-3051
-2887
-2383
-1996
-1702
-1113
-723
-415
152
506
740
1145
1381
1532
1667
1732
1691
1635
1557
1226
1167
894
501
414
-75
-371
-622
-1054
-1328
-1505
-1897
-2015
-2033
-2439
-2061
-2241
-2231
-1743
-1886
-1282
-992
-719
-61
285
871
1405
1866
2341
2928
3232
3645
4176
4121
4627
4665
4530
4916
4476
4551
4412
3929
3966
3414
3180
2849
2300
2045
1522
1181
788
429
156
-225
-358
-649
-803
-901
-1112
-1018
-1197
-1088
-1009
-1147
-804
-826
-731
-422
-465
-199
-73
0
252
279
388
476
503
489
512
480
338
437
224
125
187
-152
-55
-174
-338
-263
-472
-370
-382
-442
-298
-340
-261
-141
-192
-25
-10
-5
97
-29
60
-72
-152
-188
-451
-496
-731
-941
-1039
-1348
-1497
-1679
-1937
-2032
-2217
-2322
-2412
-2441
-2455
-2433
-2316
-2254
-2048
-1931
-1686
-1469
-1308
-1005
-790
-597
-332
-150
30
239
368
489
630
742
806
894
933
990
1002
954
993
890
811
796
635
573
474
317
236
110
-33
-108
-272
-408
-466
-563
-679
-698
-760
-810
-745
-766
-664
-579
-522
-360
-222
-48
136
345
512
702
916
1068
1254
1389
1526
1648
1703
1786
1803
1781
1749
1658
1531
1428
1243
1059
897
680
510
306
98
-30
-215
-339
-438
-559
-587
-666
-666
-663
-642
-643
-570
-511
-495
-340
-352
-268
-177
-160
-60
-76
-2
5
15
63
16
55
8
-22
11
-119
-85
-166
-267
-213
-394
-372
-457
-540
-504
-642
-595
-665
-670
-667
-698
-635
-657
-593
-573
-524
-461
-410
-358
-286
-237
-194
-84
-82
36
52
89
178
148
249
234
251
285
262
303
279
302
280
310
306
312
345
328
386
315
414
362
364
446
365
465
443
467
556
496
584
594
589
666
618
654
636
603
610
542
537
465
397
368
277
206
166
30
-11
-100
-228
-249
-398
-447
-514
-647
-653
-774
-824
-826
-930
-916
-962
-984
-985
-1003
-1017
-1033
-996
-1049
-1020
-1004
-1060
-988
-1011
-1012
-942
-987
-910
-885
-888
-776
-769
-692
-613
-558
-441
-378
-254
-167
-81
49
105
230
289
359
459
476
562
605
614
682
683
689
721
708
723
696
692
730
684
718
706
718
741
723
767
725
733
743
697
725
662
620
612
526
512
424
370
335
243
235
163
148
147
97
136
132
140
204
203
257
275
295
349
338
378
358
361
366
335
326
289
262
240
201
164
138
95
71
53
-5
-12
-50
-99
-86
-158
-173
-195
-251
-241
-305
-311
-328
-362
-354
-388
-377
-387
-394
-379
-398
-376
-397
-378
-367
-395
-366
-384
-373
-365
-395
-366
-388
-388
-387
-411
-391
-410
-405
-373
-387
-362
-325
-317
-254
-226
-180
-126
-76
-16
23
85
123
158
208
230
256
270
273
288
271
266
252
225
205
176
138
116
94
41
27
-17
-38
-68
-98
-102
-134
-142
-162
-148
-171
-166
-154
-159
-135
-123
-89
-65
-17
11
44
106
135
180
229
263
311
335
379
421
421
452
455
441
454
411
378
353
274
224
124
54
-37
-160
-220
-371
-444
-540
-650
-696
-796
-808
-865
-854
-836
-833
-736
-691
-569
-475
-338
-199
-62
115
216
396
498
599
722
774
829
863
863
855
807
755
684
580
505
379
281
172
46
-44
-159
-246
-323
-387
-437
-465
-481
-479
-454
-426
-356
-311
-239
-150
-82
22
91
182
252
302
390
421
454
495
494
508
500
474
454
403
371
318
260
215
143
86
43
-25
-62
-114
-171
-178
-235
-239
-248
-281
-259
-262
-244
-232
-215
-188
-173
-140
-120
-93
-79
-51
-23
-21
1
24
24
30
58
42
45
55
44
44
30
28
22
-6
-13
-34
-61
-69
-107
-127
-144
-182
-182
-215
-235
-233
-260
-251
-244
-238
-220
-204
-163
-130
-88
-33
3
62
112
154
199
236
260
293
303
301
311
278
263
244
195
157
113
64
6
-34
-92
-139
-168
-217
-249
-265
-297
-315
-302
-333
-320
-298
-307
-279
-255
-240
-216
-178
-160
-125
-92
-71
-39
-9
5
32
62
58
94
104
93
116
111
106
105
109
95
91
89
79
80
74
74
73
77
73
87
86
85
106
91
103
106
98
109
98
101
104
85
90
78
62
64
36
30
13
-17
-18
-47
-68
-70
-99
-104
-110
-126
-118
-124
-114
-116
-110
-89
-97
-64
-52
-44
-6
-3
30
45
58
82
82
104
105
105
114
99
98
86
67
66
31
23
10
-37
-30
-60
-73
-73
-96
-82
-96
-83
-75
-73
-54
-52
-33
-25
-31
-11
-18
-19
-6
-16
-3
-4
3
4
11
20
25
39
50
65
71
96
104
119
130
142
148
151
158
137
142
123
109
101
77
71
46
31
26
-15
-15
-34
-57
-65
-76
-86
-96
-95
-99
-99
-98
-84
-89
-70
-68
-49
-27
-25
14
17
41
66
68
90
96
97
113
106
106
109
95
95
89
70
72
49
31
30
-6
-17
-33
-61
-71
-95
-111
-120
-137
-137
-153
-153
-157
-170
-155
-166
-162
-146
-153
-128
-132
-121
-102
-108
-86
-83
-73
-66
-54
-40
-30
-11
0
15
22
32
40
41
45
43
46
39
40
35
23
18
0
-14
-39
-61
-88
-115
-135
-154
-170
-181
-185
-180
-180
-168
-159
-147
-130
-119
-93
-80
-59
-34
-12
7
26
45
53
66
77
78
81
89
90
101
108
116
125
133
139
151
149
153
153
155
158
158
169
165
174
181
174
186
172
167
169
156
153
148
140
134
127
123
111
98
88
68
57
40
26
11
5
4
0
6
9
19
29
39
51
66
78
95
109
126
151
154
176
181
184
184
169
155
135
106
71
45
-1
-33
-78
-122
-160
-207
-246
-290
-318
-351
-376
-383
-395
-389
-371
-366
-331
-307
-275
-235
-206
-163
-128
-92
-53
-19
11
33
52
69
73
66
66
49
36
23
1
-9
-33
-43
-55
-73
-86
-93
-105
-113
-115
-119
-111
-108
-97
-81
-69
-55
-36
-25
-11
-3
-1
16
10
24
25
26
37
27
40
26
20
20
-2
-4
-16
-27
-27
-39
-42
-35
-47
-44
-44
-46
-42
-48
-31
-36
-27
-11
5
23
37
61
83
103
122
151
165
183
208
225
248
262
281
296
301
318
310
316
302
290
282
250
244
213
187
166
130
108
73
35
20
-20
-44
-59
-88
-87
-110
-108
-110
-117
-114
-109
-102
-96
-88
-76
-61
-54
-22
-24
4
12
17
45
27
47
41
34
35
22
20
4
-8
-12
-36
-42
-63
-78
-84
-114
-108
-132
-136
-145
-149
-139
-165
-140
-150
-150
-132
-138
-117
-113
-99
-77
-68
-52
-33
-24
-6
-6
12
20
9
27
20
15
14
3
-2
-17
-27
-38
-56
-66
-82
-91
-98
-115
-107
-117
-117
-103
-103
-84
-76
-60
-38
-30
-9
10
21
35
42
61
62
65
79
71
76
74
79
75
72
73
68
69
64
63
65
51
49
57
36
51
42
37
48
38
50
51
50
55
57
59
53
60
62
43
56
49
41
51
34
51
42
38
57
45
52
52
53
53
47
52
45
40
41
30
31
23
14
23
5
4
4
-6
-11
-18
-17
-32
-30
-42
-45
-41
-62
-45
-51
-61
-45
-53
-47
-43
-42
-37
-39
-35
-34
-32
-32
-43
-31
-42
-45
-35
-42
-41
-42
-34
-30
-31
-23
-20
-16
-12
-11
5
-7
4
10
2
14
9
13
14
12
16
18
10
16
13
14
5
17
8
7
11
8
17
6
23
16
29
24
31
38
23
31
25
25
18
12
7
-1
-8
-15
-19
-25
-36
-30
-37
-39
-32
-42
-36
-46
-41
-45
-49
-44
-51
-40
-49
-41
-34
-43
-34
-29
-32
-21
-23
-16
-16
-17
-15
-20
-23
-28
-29
-33
-39
-38
-38
-48
-38
-40
-41
-38
-36
-32
-32
-26
-19
-11
-6
2
18
25
27
43
47
51
61
65
70
77
71
81
79
75
79
72
74
66
70
66
56
66
46
52
48
38
48
33
37
33
32
21
22
18
8
10
2
-1
-5
-10
-9
-16
-9
-16
-9
-8
-9
0
-8
3
-2
10
9
18
24
26
36
32
39
35
36
37
23
32
11
15
5
-8
-5
-22
-20
-30
-31
-33
-37
-34
-35
-35
-28
-31
-26
-24
-23
-19
-20
-17
-13
-14
-15
-11
-17
-20
-19
-27
-29
-31
-40
-44
-42
-55
-59
-51
-71
-59
-64
-67
-54
-62
-53
-49
-48
-44
-36
-33
-31
-20
-20
-20
-10
-15
-18
-10
-20
-15
-11
-21
-13
-14
-18
-12
-10
-13
-3
-6
-1
8
10
16
27
30
38
45
54
57
65
75
74
87
84
89
90
85
86
86
71
71
65
48
48
36
20
21
5
-3
-5
-22
-18
-28
-30
-31
-32
-32
-33
-27
-26
-26
-16
-17
-11
-3
-10
1
4
2
11
11
18
19
22
24
23
27
18
24
21
11
15
6
-3
-3
-14
-16
-22
-26
-30
-28
-36
-34
-33
-39
-27
-32
-20
-24
-15
-6
-11
7
2
9
18
12
25
21
20
23
23
18
22
16
15
21
9
17
14
10
16
11
12
15
11
16
15
13
18
12
17
13
12
17
6
13
9
6
9
10
4
8
9
3
11
0
4
6
-4
3
-2
-8
-7
-13
-11
-19
-18
-23
-29
-23
-33
-31
-37
-36
-35
-42
-34
-42
-34
-39
-34
-32
-38
-27
-29
-26
-23
-21
-19
-19
-11
-15
-13
-9
-8
-8
-10
-4
-11
-8
-7
-13
-11
-12
-16
-13
-21
-21
-18
-29
-20
-27
-27
-22
-27
-19
-27
-17
-16
-20
-8
-11
-7
4
2
10
15
16
30
26
31
41
36
42
47
44
46
42
47
37
34
38
25
27
26
15
21
11
17
14
10
17
13
19
17
27
21
29
32
32
37
32
44
36
39
42
36
38
35
33
30
24
24
18
12
13
10
4
10
4
3
3
5
6
-2
6
-1
-4
2
-8
-3
-10
-13
-5
-18
-13
-13
-19
-15
-17
-18
-16
-20
-18
-19
-22
-20
-23
-26
-25
-27
-29
-28
-30
-30
-35
-28
-33
-36
-31
-39
-34
-40
-40
-40
-47
-46
-47
-50
-56
-51
-54
-57
-43
-56
-43
-41
-41
-24
-36
-15
-15
-12
3
1
10
13
22
24
28
35
32
39
41
41
46
41
43
41
34
36
28
26
20
18
12
8
7
1
-3
-6
-5
-13
-9
-16
-15
-15
-14
-12
-12
-8
-10
0
-5
5
6
7
16
14
21
22
23
27
25
28
28
26
29
24
26
22
22
18
18
16
13
15
7
11
9
8
5
11
7
8
13
10
12
12
14
15
14
15
14
15
13
14
14
9
15
6
11
7
3
8
-1
5
-2
-1
1
-6
1
-3
-5
0
-6
-5
-2
-6
-6
-5
-8
-11
-9
-14
-14
-15
-20
-17
-25
-20
-25
-25
-22
-26
-24
-28
-26
-28
-28
-28
-27
-31
-27
-29
-30
-24
-31
-20
-26
-25
-18
-23
-15
-16
-15
-13
-12
-9
-10
1
-8
1
2
-2
10
3
12
8
12
12
13
18
10
19
15
14
22
14
17
18
16
16
16
16
11
18
9
15
13
7
16
8
10
11
6
12
8
11
9
10
13
9
16
10
14
12
13
13
10
12
5
11
5
4
8
-1
5
2
1
3
1
1
3
-1
2
1
-3
2
-3
0
-1
-5
4
-6
2
0
-6
3
-8
-1
-5
-3
-3
-7
-3
-6
-6
-3
-10
-4
-8
-8
-7
-13
-7
-18
-8
-17
-14
-13
-20
-10
-20
-12
-15
-16
-7
-15
-4
-9
-4
1
-4
8
2
9
10
8
15
12
12
16
12
15
12
12
12
9
8
9
8
6
9
2
10
3
7
7
