SAMPLES:	11296
BITSPERSAMPLE:	16
CHANNELS:	1
SAMPLERATE:	16000
NORMALIZED:	FALSE
1
-1
1
0
0
-1
0
0
-1
1
-2
1
-1
0
-1
1
1
0
-1
0
1
0
1
0
1
1
0
0
0
1
1
1
0
2
2
0
0
2
0
1
0
2
2
0
1
0
2
1
1
0
2
1
2
0
1
2
0
1
-1
1
1
1
1
0
1
0
0
1
1
1
0
1
1
1
0
0
2
1
1
0
0
1
0
0
0
0
1
0
-1
-1
0
1
0
0
-1
1
0
0
0
-1
-1
0
-1
0
-1
-1
1
1
-1
-1
-3
0
0
-2
-2
-2
-1
0
-1
-2
0
-1
-1
0
-2
-2
0
-1
-2
-1
-2
-2
0
-2
0
-2
-1
1
-1
-1
-1
-2
-1
0
-2
-1
-1
-1
1
-2
-1
0
-1
1
-1
0
0
0
-1
0
-1
0
0
0
0
-1
0
-1
1
-1
0
0
1
0
0
-1
0
1
0
1
0
1
1
1
1
1
0
1
0
1
0
1
0
1
0
1
1
1
3
-1
2
0
3
1
0
2
0
2
1
1
1
0
1
1
1
0
2
1
0
1
0
2
1
0
1
1
1
2
0
2
-1
1
1
0
1
0
0
0
2
1
0
0
2
-1
1
0
-2
2
0
0
1
-1
0
0
-1
0
0
-1
2
-1
1
0
-2
1
0
0
-1
0
-1
-1
1
-2
0
-1
-1
-1
1
-2
0
-1
-1
0
-2
0
-2
-1
-1
-2
-1
0
-1
-1
-2
-1
-2
0
-1
-1
-1
-1
-1
-1
-1
-1
-2
-1
0
-1
-1
-1
-1
-2
0
-1
-1
-1
-2
-1
-1
-1
-1
1
-1
-1
0
0
-1
-1
0
-1
1
-2
-1
0
-1
0
-1
-1
0
1
-1
2
0
0
2
-1
1
0
0
0
-1
1
0
1
0
0
1
0
0
0
0
1
-1
0
1
0
1
0
-1
1
0
0
-1
1
0
0
2
0
0
2
-2
1
0
-1
-1
0
0
0
0
-1
0
1
-1
1
-1
0
0
-1
0
1
1
1
0
0
0
0
0
1
1
1
1
-1
3
1
1
1
0
3
-1
2
0
2
2
1
1
0
2
-1
2
0
2
1
1
1
2
1
0
0
-1
1
-2
-2
-1
-2
-3
-3
-3
-4
-1
-6
-4
-4
-6
-6
-7
-8
-6
-9
-8
-6
-8
-6
-6
-6
-4
-2
-2
0
2
2
5
4
6
9
10
9
13
16
15
20
19
23
25
25
27
29
33
32
36
36
40
42
40
45
46
47
49
47
48
52
47
48
47
45
47
46
42
45
41
40
41
37
36
34
32
28
26
25
19
19
16
10
9
1
-1
-6
-14
-18
-25
-31
-38
-46
-51
-57
-65
-71
-75
-80
-85
-90
-94
-97
-99
-104
-106
-107
-110
-111
-114
-114
-114
-112
-115
-113
-113
-112
-113
-113
-116
-112
-115
-116
-113
-115
-109
-108
-105
-99
-94
-89
-81
-75
-67
-60
-53
-44
-36
-27
-18
-8
1
13
23
34
44
57
66
78
85
95
106
112
123
131
138
149
157
165
173
177
183
191
192
193
197
195
198
197
193
195
193
194
191
189
188
187
184
179
177
171
169
162
155
152
143
139
132
121
114
102
90
78
62
47
31
15
-3
-19
-34
-50
-62
-76
-90
-102
-112
-125
-135
-149
-157
-168
-179
-186
-195
-204
-207
-212
-217
-217
-222
-221
-222
-226
-226
-228
-232
-232
-236
-235
-238
-237
-236
-233
-231
-224
-217
-214
-201
-195
-186
-174
-164
-153
-138
-128
-111
-95
-82
-62
-47
-28
-9
6
25
42
56
70
83
95
103
112
117
123
129
130
131
131
128
127
124
116
111
104
97
89
80
71
64
56
48
41
34
25
19
12
4
-2
-9
-11
-17
-21
-25
-27
-29
-30
-35
-39
-45
-49
-59
-67
-78
-88
-98
-109
-117
-127
-134
-141
-149
-152
-156
-162
-162
-166
-163
-162
-161
-156
-152
-143
-134
-125
-116
-105
-96
-82
-75
-65
-54
-43
-31
-21
-9
4
21
34
50
63
79
94
108
123
134
148
159
170
183
192
203
214
223
232
242
248
255
259
261
265
265
265
264
260
257
255
251
247
243
238
232
228
220
214
212
205
198
190
182
177
169
161
154
143
137
129
121
115
111
102
95
88
80
78
73
70
66
65
65
65
70
73
78
83
89
94
100
107
114
119
125
128
131
134
136
138
137
139
136
133
129
119
115
107
97
87
73
61
45
30
16
-1
-19
-39
-61
-83
-106
-127
-153
-174
-200
-227
-251
-280
-302
-328
-351
-379
-405
-430
-452
-472
-496
-517
-536
-558
-572
-589
-601
-609
-619
-623
-631
-629
-627
-622
-617
-610
-603
-590
-577
-563
-548
-530
-511
-492
-471
-448
-424
-401
-370
-347
-315
-284
-256
-217
-188
-153
-115
-84
-42
-12
23
61
90
130
156
190
220
249
281
302
333
354
373
399
410
430
444
456
473
481
489
499
505
509
517
518
520
525
525
526
527
525
527
527
524
521
517
515
514
507
499
493
484
473
465
448
438
418
398
375
353
335
305
281
251
219
193
159
128
97
61
31
-7
-39
-71
-107
-136
-175
-206
-243
-279
-314
-352
-384
-421
-457
-493
-527
-559
-592
-624
-653
-684
-713
-740
-763
-787
-802
-820
-834
-841
-847
-843
-839
-828
-811
-790
-762
-734
-695
-651
-604
-550
-499
-438
-374
-306
-233
-167
-88
-14
65
141
213
289
361
435
500
565
627
682
741
787
834
878
915
952
980
1005
1033
1057
1082
1100
1116
1131
1150
1167
1184
1201
1214
1232
1245
1258
1269
1282
1289
1299
1298
1294
1291
1281
1272
1254
1228
1200
1167
1125
1078
1022
962
892
818
735
643
552
455
352
243
130
12
-103
-221
-344
-473
-595
-724
-850
-974
-1101
-1222
-1339
-1454
-1565
-1674
-1771
-1864
-1949
-2026
-2102
-2167
-2220
-2268
-2306
-2341
-2369
-2385
-2395
-2400
-2397
-2393
-2378
-2360
-2340
-2311
-2281
-2241
-2199
-2152
-2101
-2048
-1982
-1910
-1837
-1754
-1669
-1575
-1473
-1368
-1256
-1143
-1017
-890
-761
-627
-494
-352
-213
-70
72
208
354
494
629
763
892
1022
1145
1263
1375
1481
1581
1678
1768
1850
1925
1993
2058
2117
2169
2215
2254
2291
2320
2344
2364
2376
2385
2388
2383
2374
2360
2341
2315
2283
2248
2206
2160
2107
2048
1988
1922
1849
1774
1692
1605
1518
1425
1333
1234
1131
1031
929
829
727
619
517
417
312
213
113
18
-73
-164
-257
-344
-424
-505
-582
-659
-734
-806
-870
-934
-997
-1059
-1119
-1175
-1228
-1281
-1336
-1390
-1435
-1480
-1525
-1565
-1607
-1642
-1673
-1707
-1735
-1758
-1777
-1793
-1811
-1824
-1831
-1834
-1834
-1830
-1824
-1813
-1798
-1778
-1753
-1723
-1689
-1653
-1608
-1561
-1509
-1452
-1389
-1318
-1243
-1166
-1081
-984
-887
-780
-672
-561
-437
-311
-186
-55
76
210
345
476
613
749
881
1015
1138
1264
1387
1503
1617
1723
1826
1923
2014
2103
2180
2252
2318
2376
2430
2476
2509
2537
2559
2574
2581
2578
2566
2551
2518
2478
2427
2365
2303
2227
2138
2041
1935
1822
1700
1572
1439
1296
1150
999
842
688
528
367
206
44
-114
-272
-432
-585
-735
-878
-1015
-1150
-1277
-1401
-1513
-1622
-1721
-1809
-1892
-1970
-2044
-2104
-2157
-2203
-2246
-2282
-2309
-2328
-2343
-2354
-2358
-2355
-2349
-2341
-2324
-2306
-2279
-2254
-2226
-2194
-2159
-2123
-2081
-2039
-1993
-1946
-1899
-1847
-1793
-1739
-1680
-1617
-1550
-1482
-1412
-1341
-1264
-1181
-1098
-1015
-925
-832
-738
-639
-538
-434
-328
-218
-109
6
116
226
332
436
543
640
738
829
910
993
1062
1129
1190
1243
1289
1321
1351
1379
1398
1410
1421
1430
1437
1441
1438
1440
1445
1447
1451
1455
1457
1463
1466
1474
1482
1486
1493
1496
1502
1510
1514
1518
1521
1521
1520
1517
1515
1510
1499
1492
1479
1469
1456
1446
1434
1421
1406
1387
1370
1348
1327
1303
1275
1250
1215
1183
1147
1108
1066
1018
968
916
855
795
727
660
587
509
431
345
257
166
75
-19
-116
-216
-320
-418
-521
-621
-722
-821
-918
-1015
-1109
-1195
-1283
-1365
-1444
-1517
-1580
-1640
-1697
-1746
-1789
-1828
-1855
-1884
-1900
-1916
-1927
-1928
-1928
-1918
-1911
-1900
-1880
-1858
-1833
-1802
-1772
-1734
-1695
-1653
-1605
-1556
-1510
-1458
-1406
-1350
-1288
-1228
-1162
-1096
-1031
-957
-886
-811
-732
-653
-569
-484
-398
-310
-220
-133
-44
40
126
213
294
379
458
534
607
672
738
800
854
908
951
993
1025
1052
1073
1090
1101
1105
1102
1094
1082
1063
1042
1015
986
953
916
876
835
794
753
714
675
640
607
578
554
533
518
508
502
501
507
517
536
553
575
599
625
653
678
707
735
759
780
803
817
831
836
837
829
818
797
777
746
711
670
618
568
506
443
378
308
236
164
83
8
-72
-149
-225
-304
-380
-456
-532
-603
-672
-735
-796
-856
-910
-963
-1014
-1058
-1097
-1132
-1159
-1183
-1200
-1212
-1222
-1223
-1224
-1216
-1203
-1190
-1171
-1149
-1122
-1092
-1056
-1024
-985
-951
-913
-873
-836
-788
-747
-702
-655
-612
-567
-517
-478
-427
-382
-336
-283
-233
-177
-123
-68
-15
42
92
151
208
265
327
380
440
492
545
596
639
682
720
754
792
822
851
878
896
913
929
942
956
967
972
983
984
988
990
984
984
976
968
962
953
939
930
908
893
870
846
823
794
762
727
689
650
613
573
534
491
444
396
349
300
259
216
175
136
92
53
12
-28
-61
-100
-131
-162
-196
-220
-252
-279
-308
-333
-358
-383
-403
-426
-445
-462
-478
-492
-505
-517
-533
-542
-556
-561
-564
-568
-564
-566
-563
-559
-553
-548
-537
-533
-516
-505
-492
-474
-463
-446
-429
-415
-398
-380
-365
-349
-329
-312
-288
-270
-255
-237
-226
-208
-193
-181
-164
-152
-141
-128
-123
-112
-106
-104
-99
-96
-91
-88
-86
-86
-86
-92
-93
-99
-101
-103
-105
-106
-106
-107
-106
-109
-108
-106
-107
-102
-100
-96
-93
-88
-85
-81
-75
-74
-69
-72
-69
-65
-66
-61
-62
-61
-57
-58
-57
-56
-54
-47
-44
-32
-23
-12
2
12
28
43
61
85
107
127
151
173
203
233
263
291
318
348
380
412
448
480
514
546
576
608
637
673
704
732
762
789
814
839
859
876
889
899
904
906
904
898
888
869
845
812
777
738
692
638
580
519
453
382
305
225
144
60
-24
-106
-196
-276
-360
-447
-522
-602
-679
-745
-819
-879
-936
-992
-1031
-1076
-1116
-1142
-1170
-1183
-1195
-1206
-1207
-1202
-1188
-1169
-1147
-1120
-1093
-1055
-1014
-967
-914
-862
-803
-745
-686
-617
-553
-485
-414
-352
-283
-217
-153
-88
-31
28
86
137
187
232
271
311
345
373
401
424
446
466
478
491
501
509
517
519
524
525
525
524
519
516
510
504
499
488
481
470
458
447
433
420
409
396
379
364
346
332
314
298
281
264
245
229
210
191
175
159
141
123
108
92
78
64
52
42
29
18
9
-1
-7
-14
-15
-16
-20
-22
-21
-13
-6
-2
4
9
14
24
31
39
45
49
52
51
51
55
53
49
45
38
35
27
17
10
3
-6
-15
-23
-29
-34
-41
-44
-49
-53
-56
-55
-53
-54
-49
-48
-44
-38
-32
-21
-15
-9
-2
6
16
20
29
35
44
51
55
64
64
65
66
63
62
57
52
45
35
25
16
4
-10
-22
-38
-50
-66
-79
-87
-97
-103
-115
-123
-127
-126
-125
-126
-121
-115
-108
-95
-84
-65
-50
-32
-15
1
24
45
67
90
110
129
146
160
179
195
207
219
224
230
230
230
229
228
221
207
197
184
170
155
131
115
91
65
43
12
-14
-43
-75
-103
-137
-174
-208
-242
-279
-319
-357
-397
-434
-475
-516
-552
-590
-626
-657
-695
-727
-754
-780
-799
-818
-835
-837
-844
-847
-843
-837
-822
-802
-780
-753
-720
-691
-651
-603
-558
-505
-450
-396
-331
-276
-213
-143
-82
-13
52
116
181
244
305
369
426
483
541
589
633
679
721
757
790
815
842
861
870
883
892
893
893
888
879
867
850
838
821
797
769
745
716
687
658
629
601
566
535
506
472
436
406
375
343
311
277
248
220
187
159
129
99
70
41
17
-12
-40
-64
-89
-112
-136
-156
-176
-200
-218
-236
-249
-265
-283
-296
-314
-325
-332
-343
-350
-361
-365
-369
-377
-378
-379
-379
-376
-378
-374
-370
-367
-359
-354
-345
-332
-326
-310
-300
-288
-269
-256
-242
-229
-213
-196
-183
-166
-152
-137
-120
-112
-99
-95
-88
-75
-73
-62
-60
-68
-66
-65
-68
-68
-77
-82
-82
-87
-91
-96
-104
-106
-105
-110
-108
-108
-112
-112
-106
-106
-98
-96
-95
-81
-77
-62
-49
-48
-32
-17
-4
7
14
25
34
45
53
61
69
68
73
82
83
88
87
93
98
95
96
92
90
91
95
92
85
79
82
81
79
76
72
71
65
63
68
64
58
52
46
48
41
37
35
27
24
20
13
5
2
-1
-4
-5
-9
-15
-12
-15
-14
-13
-19
-21
-25
-25
-18
-19
-22
-25
-23
-23
-21
-24
-26
-23
-21
-19
-13
-15
-12
-10
-6
1
6
8
12
17
20
31
30
32
38
50
55
59
65
68
75
88
98
102
109
115
126
137
148
160
168
176
192
205
218
232
240
251
266
277
289
295
306
315
322
330
328
328
334
336
337
335
326
321
309
304
294
280
266
244
225
210
188
166
137
109
82
53
21
-16
-46
-75
-106
-136
-170
-206
-235
-264
-289
-311
-346
-370
-395
-412
-426
-449
-471
-481
-494
-505
-515
-521
-533
-540
-534
-537
-538
-539
-537
-535
-530
-518
-514
-516
-509
-495
-485
-470
-466
-460
-449
-441
-426
-416
-404
-392
-371
-355
-345
-327
-312
-296
-268
-249
-224
-201
-186
-161
-136
-106
-76
-57
-34
2
24
41
64
99
124
150
180
204
224
238
270
298
320
338
363
373
390
424
436
443
465
477
479
487
502
518
517
516
532
530
517
526
528
523
519
510
502
488
483
488
470
451
447
432
410
408
402
392
377
352
338
327
319
303
286
273
263
239
214
205
202
182
164
155
142
131
110
104
107
95
70
76
60
45
58
56
43
43
31
24
18
5
9
-2
-18
-20
-29
-58
-65
-74
-99
-116
-134
-165
-189
-210
-227
-250
-283
-295
-321
-370
-386
-392
-413
-448
-465
-474
-507
-528
-542
-542
-551
-561
-570
-583
-585
-581
-571
-571
-555
-558
-550
-538
-515
-490
-483
-452
-428
-419
-403
-373
-341
-320
-288
-258
-227
-218
-196
-155
-124
-99
-71
-43
-52
-16
24
39
62
81
88
109
107
128
167
163
179
188
198
195
207
223
236
232
248
240
227
241
256
251
258
274
247
237
254
254
231
240
252
236
217
219
226
213
204
202
193
181
177
175
172
171
161
148
144
134
147
152
121
136
156
133
127
128
151
147
138
143
141
144
144
145
166
183
176
168
150
170
188
171
171
176
172
139
130
149
132
121
112
99
78
59
25
51
38
-21
-19
-6
-44
-117
-100
-41
-118
-191
-134
-143
-188
-213
-191
-163
-220
-266
-228
-245
-276
-246
-243
-242
-261
-246
-249
-263
-270
-182
-196
-233
-188
-188
-195
-148
-126
-141
-106
-69
-62
-79
-41
-23
38
36
25
101
54
78
138
161
155
105
179
308
123
84
286
244
146
125
203
242
96
93
151
84
67
55
5
-33
-58
-144
-101
-119
-267
-279
-234
-247
-354
-416
-360
-358
-419
-441
-412
-413
-457
-468
-402
-430
-459
-358
-327
-414
-338
-231
-264
-296
-90
-126
-243
-46
83
-38
-100
168
254
153
70
261
381
265
240
397
430
332
444
468
398
417
524
528
460
451
559
513
482
503
481
522
513
414
443
597
369
284
514
441
249
319
375
262
140
196
190
106
95
17
-81
3
35
-239
-185
-111
-207
-304
-314
-297
-346
-334
-462
-462
-313
-403
-604
-372
-364
-591
-492
-340
-476
-616
-380
-325
-556
-527
-292
-351
-496
-368
-318
-337
-289
-262
-345
-278
-117
-247
-293
-36
-85
-268
-118
75
-96
-201
72
77
-48
-19
95
118
106
50
102
198
120
212
203
153
318
275
117
296
220
228
383
137
182
412
292
88
214
494
308
-230
558
509
-414
538
394
-68
171
268
389
-240
287
555
-310
189
260
-147
286
216
-399
279
194
-179
-155
251
110
-439
141
283
-532
-109
481
-365
-469
333
120
-554
-193
369
-29
-631
183
233
-319
-189
-64
-17
114
-55
-263
-93
190
-161
-157
1
3
-40
-200
27
-111
-196
215
-293
-429
383
-68
-430
-291
-78
138
-448
-551
221
-205
-396
-240
-495
235
-323
-440
219
-590
-134
324
-418
29
98
133
92
-203
563
382
148
778
77
629
985
153
448
1402
802
159
1208
1350
597
167
1585
1190
-19
1409
975
590
1026
358
240
896
1487
-285
-714
1566
652
-1599
-158
1391
-277
-1742
-566
348
-956
-1881
-759
-234
-1516
-1932
-1252
-1130
-1833
-1809
-1366
-1669
-1895
-1493
-1996
-2026
-1481
-1690
-1713
-1773
-1450
-1470
-1560
-1418
-1143
-933
-876
-1034
-1106
-399
-522
-1076
303
500
-897
-52
813
420
-20
862
1567
698
475
1685
1353
1512
1856
1672
2154
1664
2541
2250
2308
3043
1921
2999
3273
2772
2625
2606
3649
3451
1392
3590
4260
457
4049
1753
2274
3144
545
3356
-828
2629
1954
-1540
1049
975
-477
-1313
-431
-947
-1438
-2188
-1483
-2335
-2715
-2456
-3172
-3082
-3581
-2458
-4634
-3897
-2728
-4794
-3340
-3825
-4132
-3130
-4261
-4271
-3204
-3172
-2793
-3662
-3413
-1248
-3251
-3130
-690
-1926
-1598
-1265
-890
-482
-601
-10
247
265
975
716
618
2128
1311
1468
2728
1607
2302
2753
2558
2852
2729
3369
2814
2673
4146
3563
2574
3750
4131
2772
3563
3827
3103
3229
3896
3244
2231
3190
3481
1948
2265
2459
2146
1141
1133
1440
239
560
653
-672
-1106
-224
-1328
-1603
-1646
-1936
-2293
-2846
-2475
-2978
-3469
-3079
-3160
-3716
-3643
-3384
-3775
-4014
-3582
-3555
-3588
-3250
-3496
-3595
-2986
-2766
-3438
-2317
-2230
-2601
-1965
-1694
-1671
-2441
-537
-544
-1548
-597
98
-574
-54
282
80
921
1555
606
710
1848
2098
1273
2196
3028
2598
2377
3062
3051
3603
3556
4337
3622
3833
4677
4174
4563
4864
4310
4732
4964
4781
5436
2115
3601
8361
2627
371
5497
4733
1313
-2002
4982
4359
-2800
-878
1480
-397
-2775
-1838
-1493
-1767
-3884
-4244
-4405
-4267
-3748
-4720
-5554
-5915
-4812
-5848
-6241
-5586
-5608
-4437
-6137
-7162
-4396
-4470
-5737
-4743
-4253
-4138
-4815
-4386
-3165
-2614
-2453
-4051
-2646
-1056
-2204
-2399
-864
902
-1523
-1891
1498
-160
45
2207
981
836
1600
2773
1902
1829
4385
3590
2604
3776
4872
4097
4142
5594
6198
5502
5634
6186
6018
7161
7032
7459
7497
7686
6453
5898
7424
7544
7995
5256
5240
6222
3886
3288
3700
5091
2558
186
-301
109
-375
-1643
-1668
-2847
-2978
-5270
-5816
-5163
-5061
-5227
-6999
-7209
-7234
-7266
-7601
-7283
-6874
-6517
-7314
-8010
-6831
-6550
-5960
-6137
-5646
-5761
-5789
-5150
-4712
-3910
-4360
-3238
-3831
-4126
-2073
-3095
-2156
-1188
-1784
-1314
-2103
-572
150
-407
939
660
381
1714
1129
1496
3386
3566
3238
2713
4022
4762
4803
5250
6645
7287
5377
6792
7609
8424
8449
7366
10014
9661
7785
6822
8660
11479
8841
5369
7409
9404
5526
2478
5058
8106
4271
-1166
343
2591
-357
-2337
-1778
-1337
-3499
-6719
-6408
-5219
-5752
-6213
-7532
-8335
-8932
-9098
-8063
-8600
-8297
-7744
-8519
-9698
-10425
-7166
-5527
-8176
-8478
-7105
-5328
-8206
-8390
-2678
-3142
-6596
-6334
-3465
-3075
-4113
-1763
-1392
-2406
-1044
-1045
-1704
1059
3236
1309
896
2866
3309
3036
4661
5687
6335
6034
5762
6625
7169
9442
9940
8354
9256
10300
10255
9965
10119
12076
12506
10573
8468
9065
12739
10655
6484
8006
9909
7728
2062
2566
6993
5438
-1188
-1975
459
-601
-4497
-6478
-2945
-3136
-8615
-10698
-8463
-7121
-9503
-11461
-9474
-9749
-12378
-12368
-10722
-9974
-10693
-10635
-10502
-11991
-10923
-8503
-8633
-9474
-8563
-6630
-8514
-9352
-6027
-4473
-4399
-5300
-4497
-3920
-3592
-489
-1400
-1349
2131
282
-666
2692
4531
4657
4297
5441
6871
6088
6741
9145
9970
10492
11100
9969
10686
12734
12733
13380
13667
12993
14138
13178
11762
13895
12400
11468
13668
9926
6502
10003
10324
5252
1200
5779
7001
-1065
-4884
-611
1232
-3455
-7887
-7580
-5033
-7553
-11866
-11582
-8197
-7741
-13830
-15595
-11544
-10501
-13083
-14090
-11113
-11777
-13383
-13223
-11938
-10801
-10122
-9073
-10943
-11074
-9684
-7489
-7508
-7651
-4590
-6193
-6209
-4612
-4086
-1732
-942
-939
-1224
-590
2270
2693
2130
4946
5979
4941
5581
6946
9173
9701
9817
10426
11339
11523
11810
13562
13836
14566
14311
13443
13875
14584
15297
14199
10900
11948
17065
10939
5447
10411
13047
7344
-958
3851
9149
3198
-4355
-3570
1073
-666
-7284
-10750
-5057
-3663
-10306
-14111
-11239
-6789
-11159
-16184
-13577
-10156
-11209
-14942
-14150
-11961
-11319
-12125
-13595
-12335
-9899
-9152
-12121
-11119
-7847
-9070
-8678
-6626
-6295
-6951
-5096
-3760
-5151
-3508
-404
-517
-2145
-183
1755
1971
2319
3871
5455
5418
6360
6396
7411
9433
10279
9773
10353
12732
11999
12517
13631
14349
14513
13203
14342
15964
14187
13330
11743
13686
18938
8873
5762
12309
13379
5918
-781
7489
10843
1763
-7368
-2772
3423
-939
-9189
-10321
-3707
-4853
-13111
-17103
-9265
-5094
-13652
-19453
-14614
-8627
-12638
-18091
-14660
-10434
-12503
-15285
-14391
-11004
-9438
-10496
-13218
-9984
-9468
-8439
-6454
-8778
-6201
-4514
-4434
-5372
-5190
-700
-21
-2230
249
306
779
3760
3553
3945
6729
7442
5989
4829
10716
12556
9597
10764
13461
14910
12678
13840
16276
17049
16145
16010
17189
16891
15773
15070
15671
19926
13919
7613
12546
13733
10422
3164
6327
11029
3134
-5304
-4494
1517
991
-6971
-13122
-7773
-5014
-13413
-17919
-14483
-6908
-12556
-22100
-19784
-12350
-12664
-19230
-18389
-14657
-13920
-16930
-17680
-13332
-10472
-13860
-14117
-12280
-12759
-8771
-9434
-9099
-5932
-7111
-7278
-6930
-5546
-1146
-1219
-2926
542
-1961
-742
4497
4473
4381
6815
6860
6439
6648
9590
14687
12544
12344
14532
14702
14355
16845
18413
18813
17902
17623
20468
16462
16134
17768
21733
19921
8920
11742
16901
14728
6167
6609
12438
9325
580
-5924
2056
4747
456
-9010
-10606
-2264
-5665
-14371
-16094
-7516
-6018
-15184
-21734
-15884
-9488
-13633
-19135
-16916
-13209
-14760
-18192
-18126
-12527
-10614
-15596
-16756
-13512
-14431
-9452
-10199
-12842
-8421
-7456
-10249
-11839
-5340
-634
-4719
-6605
-1209
-2866
-2158
3510
3444
3210
5314
5492
4648
5550
11850
14392
10508
11677
14094
13571
13950
16926
19128
17824
16233
19298
17639
13792
17141
22839
20666
9129
11727
19112
14681
6836
7468
15323
10715
3235
-3684
3437
8865
1932
-5379
-7605
764
-2502
-10868
-13275
-4587
-2266
-12189
-18859
-14465
-6608
-10419
-16859
-15934
-11152
-13482
-18123
-17887
-12048
-10749
-15607
-17665
-15224
-12996
-13725
-12261
-11027
-11288
-11954
-11513
-11130
-8856
-4925
-5166
-7307
-5675
-4427
-2524
-187
2199
1436
1295
2849
4183
5702
8420
12720
9456
8371
10700
13137
15159
14733
17468
17546
16379
16284
15162
15411
19972
23914
15801
10296
15499
19169
13419
7306
12194
17658
11416
340
325
8619
10365
2734
-6136
-2110
3958
-3759
-11223
-7876
693
-2399
-15008
-17469
-9082
-4814
-11144
-16063
-13238
-10871
-14937
-18728
-15011
-9887
-11129
-17716
-17520
-15158
-14058
-12098
-12486
-12037
-11900
-12070
-15309
-11911
-5562
-5251
-8502
-9076
-4977
-4964
-4260
394
1451
-810
785
2656
3851
6621
9538
10576
7621
7810
13041
14397
14725
17378
17152
16543
16798
14405
15352
20935
24766
17527
10433
15596
18849
14003
8347
12950
18196
11623
2152
-566
7088
11156
4448
-5478
-4219
3057
-1737
-10788
-10423
565
278
-13788
-19391
-10534
-3680
-8282
-15378
-14609
-10434
-12973
-16569
-16064
-10650
-7863
-13574
-18613
-18158
-13677
-8775
-10143
-14710
-12493
-10246
-14854
-14685
-7547
-2931
-6885
-10672
-7827
-5626
-4224
-40
388
-1163
846
2963
2405
3650
10041
14199
7717
4795
13520
16927
15242
15477
18999
19737
16001
12963
15610
24130
25727
15713
10579
17244
17981
10258
9169
16363
17151
7627
-525
497
7116
8872
1311
-5770
-2565
338
-5348
-11931
-7914
724
-2955
-13986
-17591
-10803
-4742
-8504
-14410
-13011
-9303
-13332
-17312
-14193
-8844
-9541
-13806
-17023
-17859
-12324
-10323
-11853
-13214
-11048
-12287
-16691
-11392
-5322
-7217
-9639
-6545
-6938
-7695
-4080
328
1684
-1651
-283
3670
3519
5320
10970
11599
8361
8457
12780
17372
15955
16228
20270
19664
14090
12399
21272
27686
19118
11161
17081
21307
11649
7768
14340
20124
14436
-309
-604
7978
10018
3458
-3770
-2258
3065
-2080
-11544
-9621
-606
2026
-9133
-17839
-11741
-5020
-7777
-13645
-12550
-8156
-11048
-17000
-16601
-12878
-9406
-10459
-16549
-19842
-14621
-11723
-12874
-15198
-12798
-10336
-15852
-16057
-9578
-5713
-9522
-10087
-7568
-6216
-6207
-3821
370
270
-185
914
3104
4530
8600
11416
9625
8378
11634
16714
14376
15803
20505
20812
14374
11055
24356
26815
15898
13083
21468
22127
11083
9166
15972
21536
13322
2397
2503
9044
12403
2570
-3425
778
5820
-2071
-11382
-7012
635
1145
-9711
-15757
-10147
-4690
-7589
-14663
-14113
-7046
-8041
-17749
-19026
-11806
-8481
-11535
-18158
-18810
-13755
-11766
-14614
-16913
-12793
-10354
-15835
-18439
-9907
-6119
-11667
-11741
-7545
-7134
-8805
-4673
-706
-1390
-1063
527
2106
2601
7217
10192
9207
8453
10836
13936
13913
15986
17954
18851
13466
13475
24024
22355
12230
15048
23329
18834
7466
10015
20109
19075
6995
2112
8244
11971
8313
-814
-228
6181
4638
-4131
-8844
-1622
3830
-1908
-11094
-10286
-3227
-4040
-9067
-11522
-9093
-5890
-8774
-13327
-12953
-10718
-9871
-10105
-14182
-16767
-12637
-9688
-13676
-17443
-12547
-9463
-16324
-15943
-8110
-10810
-13828
-9078
-7238
-10061
-9453
-3651
-1252
-4814
-3117
3163
2693
1491
5006
9085
10202
8156
9406
13054
14707
14958
15966
15324
11338
17494
23502
14049
8609
18082
22148
10881
4162
12602
19709
12470
1093
1479
9826
11891
3517
-4607
1106
7916
2754
-7908
-7044
3161
4485
-4511
-12301
-6708
1311
-1726
-9598
-10248
-4400
-3308
-8583
-11801
-8273
-7384
-7347
-7510
-16162
-13839
-4758
-9000
-16862
-14130
-5712
-10975
-18820
-11466
-4634
-12250
-13892
-7885
-8214
-8690
-7851
-4027
-3639
-5201
-721
1941
-507
1148
8181
8718
4707
5859
12002
13883
11298
12353
16225
11572
9870
20938
17763
7574
11594
20143
14493
3861
6505
15952
16304
3029
-887
5023
10739
7248
-3497
-1880
4799
5912
-4038
-8659
-584
5757
1399
-9842
-9296
-628
2440
-4876
-9368
-5201
-1115
-3784
-11273
-8351
-2822
-5741
-5157
-10345
-13720
-5882
-4963
-10526
-14410
-6895
-5103
-14512
-15810
-4722
-6082
-14434
-9148
-7000
-7982
-10269
-5695
-1380
-5470
-5470
704
1867
-2033
2314
7928
7443
4443
4969
11132
13562
11344
11448
11715
9236
14259
20019
8771
6873
16042
16884
7181
884
10315
16417
9018
-3042
-140
8252
8391
1598
-6731
715
6770
1164
-8596
-5981
5120
4240
-3871
-11185
-4681
3232
838
-6656
-8457
-2249
230
-5338
-11300
-4558
-1921
-3899
-5122
-12486
-9820
-1164
-3778
-13361
-11892
-921
-4205
-16925
-11477
-502
-7532
-12186
-6068
-5703
-8410
-7447
-1603
-2026
-6744
-1844
4036
-237
-2323
4942
8560
5989
3116
6100
12126
11932
8441
11096
8341
7920
17379
12823
3794
7831
16429
10791
-1148
2077
11493
13389
-873
-6298
2843
7225
4954
-5579
-5385
3379
5248
-3949
-9421
-273
6298
3009
-7600
-8749
811
5002
-164
-7183
-4982
945
1167
-7331
-8049
-2620
-451
-244
-9653
-12800
-2170
1925
-8597
-14685
-4725
2523
-9490
-16611
-3965
-242
-9084
-9683
-5490
-4788
-5971
-4131
-1677
-4722
-3467
3134
1040
-3185
1764
8399
6637
1590
3548
10163
12096
7640
7426
9451
6583
11006
15387
4606
3473
12920
13382
352
-3974
7492
13801
4417
-9451
-3070
5695
4766
-891
-8666
-1541
5588
690
-9757
-6078
5302
5697
-1268
-10564
-4006
6119
4290
-3758
-6586
208
3895
-1413
-7611
-4372
-1270
4484
-1419
-15565
-5995
7289
-1801
-15822
-7796
4890
-2409
-15865
-7492
1788
-5164
-8159
-6719
-5713
-4185
-2986
-2315
-4129
-4894
1438
2308
-3620
-1824
6351
7629
1629
89
6854
11630
8056
5576
8970
5966
4352
14848
10990
821
5762
13602
6681
-4656
-369
9641
11309
-2994
-10595
-1259
4719
4234
-6120
-9523
1318
4771
-5597
-12509
-1983
6073
3572
-7335
-10756
-1027
5609
2490
-6453
-5937
1745
4408
-3995
-7284
-2131
1087
5268
-5085
-12514
-987
7458
-3057
-13999
-3129
7019
-4630
-14912
-1469
3798
-5426
-7191
-4343
-2165
-4004
-2129
303
-3044
-2282
2326
1968
-2529
757
7708
7220
331
2363
9131
10516
7428
5065
10418
4306
4543
15523
9075
861
5678
11424
3979
-4063
1762
9195
8327
-7825
-9110
867
3999
1428
-9941
-6776
1741
594
-9643
-10141
-138
2846
-526
-9780
-8880
-1003
3823
-669
-7667
-4993
1361
3077
-5118
-5931
-2669
2917
6117
-9100
-11957
4778
6994
-8457
-11098
2466
4626
-9172
-10961
2462
576
-5469
-4129
-4740
-2714
-1755
-1543
-956
-2134
-854
3405
-74
-2051
4037
8044
6153
-808
3303
11008
9783
4915
5883
10990
2643
5724
16088
5856
-337
6908
11763
1348
-6153
1970
11933
4936
-10317
-7468
575
4435
-291
-11908
-4584
2235
-1051
-9800
-9971
1260
3393
-449
-10228
-7986
1051
4768
86
-7504
-2722
3192
3843
-4163
-3956
-341
4212
7172
-7562
-10088
5257
8485
-6741
-10708
3421
5212
-9388
-9725
4631
765
-8223
-4265
-1091
-2776
-4554
-502
238
-3490
-2227
1992
-432
-2195
3357
7635
3947
-845
3806
9410
8897
4424
5609
8802
3127
5790
15597
6969
-374
5680
11327
1954
-7282
2816
11303
4472
-8886
-8635
-607
4362
-584
-9988
-6013
-236
-801
-8447
-10749
-1192
3965
15
-9965
-9436
845
5637
-176
-6057
-3225
1525
3749
-1988
-4167
-881
2370
7661
-3852
-12221
2903
9312
-4048
-11529
-843
4137
-5861
-9789
865
254
-9662
-5580
-1541
-4896
-6062
-1779
94
-4773
-6033
-164
1598
-2694
-723
5233
5524
-525
1290
9999
8972
6005
5045
8389
7698
780
10369
15573
5801
2392
5950
7082
-629
-2344
5634
9555
335
-10079
-6060
1867
2595
-1351
-7228
-4540
-369
-2382
-8267
-6002
2049
4448
-1808
-9862
-3520
3076
4965
543
-4033
-1433
2247
3437
-2603
-3911
1880
6865
294
-9088
-3320
4089
3405
-4540
-7370
-3382
-621
-4242
-7966
-417
-1234
-7554
-8608
-4922
-1833
-4084
-3234
-1209
-3004
-6331
-1914
1964
559
2879
3812
1674
1299
3475
10784
11068
5072
4614
10617
7556
-162
9465
18314
8744
-1222
4826
8917
576
-2127
6035
9453
1918
-7921
-7405
2283
6488
-1112
-8497
-3395
2602
-1295
-9158
-4351
4428
3458
-2879
-7768
-3939
3208
5821
-1450
-5679
-3094
1473
3209
-4413
-5833
-853
3372
-251
-11428
-9047
4280
6283
-9160
-14563
-3018
294
-7975
-9313
-440
-2665
-10692
-9435
-4209
-3652
-5619
-1267
-647
-7670
-7077
978
3212
-734
-12
4691
4174
-2096
2423
13336
10851
3689
5824
10639
8631
312
7018
22238
11150
-3232
1381
14571
8196
-5145
2786
12932
9022
-6446
-9724
3655
8332
3113
-5838
-6236
1756
3117
-3177
-6611
428
5276
2856
-6269
-7054
1706
6919
2669
-5785
-4691
88
3801
-822
-6162
-2942
-450
1649
-7333
-11906
-1071
5830
-5525
-16326
-8249
-761
-5632
-12411
-5378
-1294
-11146
-13382
-6397
-3978
-6845
-5817
-2811
-5871
-8696
-3018
1980
-224
-2013
1027
3376
396
1319
8957
11120
5857
5432
9947
10377
6567
3703
14112
21460
6126
-3376
7818
17905
7788
-3106
6688
13951
8446
-5417
-6262
8131
11700
3173
-6560
-3224
5338
5816
-2475
-5357
4413
6627
504
-5376
-4213
2798
6266
1229
-4964
-4256
-915
3413
-1746
-6230
-5844
-2021
1244
-10094
-13508
-1809
3212
-11073
-20019
-7827
-1422
-11084
-16419
-5517
-4649
-15583
-14977
-8276
-6242
-9238
-8640
-5611
-7644
-9060
-3785
595
-2886
-3625
1038
3505
767
1245
7344
11029
7887
6796
9580
10308
10650
6196
11458
22346
12098
-996
8490
20471
10911
-1298
9701
18494
9996
-4222
-1792
13310
13612
4291
-3645
707
9589
6997
-2749
-1440
7747
5680
887
-3600
-4191
3524
6597
-7
-5828
-3918
-135
1426
-4627
-8223
-5200
-4561
-2843
-9286
-15726
-8143
-1289
-10752
-20410
-14528
-6510
-10418
-18766
-12300
-6615
-17037
-18150
-9823
-8213
-12725
-13467
-5839
-4665
-11061
-8992
132
-827
-4788
-1451
4484
3686
1263
5577
11553
10480
6197
10226
13244
12859
10256
8296
18745
23371
6304
2725
18330
22369
6863
3937
16374
17982
6442
245
8367
14945
10613
4541
1906
5263
10029
7223
-1008
2200
7652
5356
475
-2643
206
3749
3160
-1841
-3529
-3121
-1684
-1369
-6902
-7501
-6213
-6234
-6590
-14545
-17101
-8991
-4596
-16125
-22477
-15359
-10397
-16693
-20676
-11388
-12313
-22557
-18134
-9576
-13996
-18168
-10312
-5039
-11447
-16506
-7058
1349
-3759
-7227
-1290
4329
2049
2465
5930
9590
9430
8947
10927
13567
13057
12150
13078
17071
21856
12113
7706
19657
23940
10355
6039
18450
21045
13940
3920
7286
16161
15142
9728
3116
7124
14088
9102
-237
1443
9815
9667
2566
-3295
-1540
4008
4015
123
-5368
-5082
-2418
-2204
-5645
-10352
-9216
-8505
-7466
-13382
-20844
-13978
-6377
-13483
-24090
-19784
-12524
-16779
-22105
-17145
-11731
-19986
-21488
-13723
-13834
-17187
-13629
-9023
-11041
-14062
-10988
-3506
-3130
-6609
-3264
2277
2264
1105
4378
7671
9525
10367
10001
13532
14579
13375
15252
14860
19758
22617
13715
10490
22142
25251
12923
9959
17793
23634
17203
5387
8288
20510
17991
8184
4683
9601
14608
10250
1066
1082
8986
9574
1145
-4395
-3026
1679
2836
-2713
-9544
-8898
-4736
-4942
-10536
-16788
-12760
-8827
-11300
-19915
-23117
-14093
-9066
-18778
-26173
-18711
-13779
-20159
-23996
-16499
-11897
-21546
-22103
-12372
-13895
-18862
-13699
-7827
-11235
-14447
-9080
-1412
-3995
-6094
-1488
3806
3092
2469
5906
10496
11759
10000
11481
15773
19045
15843
18225
19454
18329
22741
22429
15013
20587
26151
21157
12575
14897
26477
22420
12945
9142
16375
20518
13104
7127
8275
13830
13108
4410
-2284
4134
9205
3951
-3324
-6147
-3113
-1595
-4173
-8861
-10628
-11597
-9580
-9166
-17615
-20500
-14836
-10063
-15574
-27882
-23801
-10149
-13962
-27974
-25282
-14423
-16355
-24555
-23462
-13098
-15027
-23019
-17905
-11708
-16167
-17875
-9173
-4506
-11185
-14034
-4221
1553
-2577
-3261
3355
7498
4740
5522
10724
14222
13882
12727
17154
19417
18713
21679
21570
20170
20545
25250
27454
17375
18020
27773
26616
12309
13000
26021
25239
13900
6734
12065
20875
14509
3789
4620
9342
10041
4071
-4305
-3374
4778
2376
-7009
-10307
-9058
-5515
-5775
-12866
-16390
-13677
-12469
-13877
-18372
-22564
-16632
-13195
-18617
-26198
-25727
-17970
-15065
-21886
-26673
-20261
-16707
-23721
-23828
-15700
-14670
-21703
-18592
-11539
-14127
-17548
-10690
-2947
-7294
-11873
-5595
2061
2346
1123
2428
7221
9404
11036
12865
14724
16548
17961
19982
20590
20351
23207
29552
25834
17167
18386
30220
30157
18145
16198
26116
27282
13618
11556
22872
25862
14803
5458
9724
17202
13868
4773
1865
5862
8123
2097
-4759
-4250
198
-255
-6550
-11379
-11261
-8074
-6487
-12284
-19379
-16407
-9979
-13564
-21960
-23668
-16858
-13430
-19514
-27364
-26281
-18541
-16766
-22868
-26183
-21441
-17498
-22807
-24320
-18394
-14481
-17646
-17417
-13677
-13665
-13483
-7775
-3882
-6882
-7602
-2839
2769
3804
1976
4712
10701
11281
9948
11906
15991
19442
20172
16590
19010
21179
23445
25226
25208
22836
17713
20484
29351
28460
16678
18402
26294
21950
9009
13683
26380
21845
7610
4193
11997
14983
7526
1846
3507
5758
3531
-3211
-6035
-2428
-180
-4376
-9708
-12378
-10016
-8174
-10531
-15049
-16578
-13457
-13250
-18091
-20725
-20957
-16698
-14628
-20858
-28640
-24204
-14627
-17618
-26591
-25288
-15670
-17482
-26323
-22189
-13124
-14302
-18167
-13734
-11448
-14239
-10891
-2659
-1287
-7290
-5720
3367
6093
2935
4426
10822
13480
10500
10474
16819
20693
17981
19701
20940
18919
21364
25746
25054
23350
20293
19377
21972
25759
23045
14551
17208
26209
19705
5655
8826
20842
21317
6562
-790
6496
13369
7827
-3484
-3973
3821
5597
-4959
-13782
-8243
-93
-2839
-12412
-16757
-14009
-9509
-10334
-14979
-18214
-16113
-13660
-16382
-20974
-21892
-17558
-12800
-17478
-25998
-24440
-14795
-13856
-20585
-21770
-15497
-14713
-19476
-17923
-10901
-9353
-14111
-12041
-6009
-6474
-9881
-3566
4148
1155
-4028
759
9134
9641
6891
10327
13516
12517
11229
15804
19349
19445
20565
19630
17473
17702
21275
26428
23409
17603
18571
19296
18103
19769
19208
14497
14990
18056
13610
4731
7858
15374
15061
4263
-2369
2507
7902
5291
-2638
-5460
-191
838
-7178
-14135
-9415
-1363
-4120
-12776
-18716
-16455
-9182
-9708
-15422
-18912
-16238
-13288
-15869
-19972
-20740
-17101
-11377
-14295
-23611
-24334
-12992
-9381
-16707
-21139
-15671
-10573
-13874
-16090
-10537
-7721
-10116
-9821
-6072
-5069
-6278
-2035
3652
2482
-2971
258
10108
12137
6418
8441
14054
13972
9301
12273
18555
20550
17135
15003
17793
16816
16961
20122
20892
18732
15986
12237
12475
19231
20480
10628
5404
14161
17763
6969
-1075
8814
17144
9827
-4746
-4400
6941
11080
1156
-8927
-4482
3561
635
-11797
-12657
-2803
1030
-6175
-16711
-16817
-9597
-5836
-10258
-16240
-15560
-11977
-12400
-16458
-18100
-15174
-10845
-10379
-15685
-21269
-16767
-7321
-7774
-16667
-16598
-8818
-7878
-15241
-11900
-2597
-3838
-11398
-8538
-769
-2350
-5339
876
5545
971
-3247
3982
12028
11063
6272
8304
12966
11452
9527
13371
19033
18248
14666
12500
14321
15797
16560
19510
18410
15267
11550
10998
12858
13913
15977
11173
5354
7218
13342
7394
-443
3192
10049
9564
-3410
-8104
538
8204
1314
-10335
-9579
-651
146
-9736
-15593
-8415
-456
-5690
-15976
-19471
-11877
-5023
-9872
-17135
-15971
-11672
-11029
-12890
-16080
-15388
-10415
-7200
-10796
-16691
-16077
-5611
-1692
-10762
-14298
-7421
-3173
-6950
-9086
-2605
413
-5572
-5085
2242
348
-4219
1694
8310
4019
-3412
2158
12874
11581
3768
5795
10586
10564
8191
10438
14001
14153
13539
10180
10801
11602
13649
14461
14956
12357
9447
11525
10502
9054
7531
12181
15224
4906
-3743
8112
15510
2703
-6065
2738
10511
2554
-9155
-5178
5068
5057
-7166
-12285
-5717
-988
-1696
-10339
-12642
-6259
-3973
-7370
-13965
-14700
-7836
-2398
-8020
-15410
-12701
-6473
-4223
-9138
-12347
-8462
-3527
-5328
-9051
-9866
-6713
-392
-1828
-10324
-8857
-1890
-2140
-6748
-5664
-1597
-2909
-7025
-2119
2532
-4790
-6781
2314
4705
-1750
-4476
3634
9147
2060
-2012
4800
9460
5634
3512
9276
10692
7250
6354
10815
11456
8506
9410
11716
11176
7370
8350
11973
12081
6952
3137
8673
14260
9525
174
2480
11044
7409
-803
-1002
6487
8818
-712
-6466
-1041
5310
1145
-7926
-6192
220
1238
-5300
-10604
-6019
-1689
-3174
-7759
-10358
-7698
-3642
-2849
-9064
-11747
-5920
-2436
-4758
-10554
-10288
-3427
-10
-6775
-10448
-6481
-3407
-3201
-5588
-7071
-5221
-3374
-3890
-6787
-6478
-3530
-2082
-4628
-4475
-3353
-4699
-1920
-22
-1476
-3083
-1646
1988
1805
-1477
-507
4068
6368
2891
870
5088
9040
6610
4569
5696
6854
6650
7291
9176
7843
6357
5749
6665
7874
6851
5950
7815
7896
6616
4587
3499
6090
9807
5429
-59
3396
9460
7546
-384
-2674
4069
8678
3118
-3929
-1969
3280
3560
-2140
-6019
-1720
3022
1129
-5292
-7195
-3060
593
-1002
-5861
-7679
-2592
-346
-4470
-9056
-7515
-2409
-665
-7454
-10195
-6768
-4221
-4400
-7435
-10530
-8051
-3661
-6480
-11026
-8817
-5459
-5488
-8069
-7622
-6622
-7454
-4856
-2340
-5381
-7432
-3017
605
-1153
-3497
-1577
2012
2446
738
1166
4122
4207
3025
3516
5087
5246
5452
6594
5823
6227
4941
5661
8088
7725
7223
6304
6754
5760
6926
9037
9774
6833
3483
9968
10298
4216
3537
10391
11585
6118
441
3648
9591
9354
1519
-1709
4683
5980
2028
-3492
-1323
2646
1705
-799
-3844
-4235
-1824
376
-1879
-7765
-5745
-1053
-1778
-6887
-9490
-6392
-794
-3527
-13044
-10671
-3725
-4335
-10958
-11768
-6755
-6729
-10999
-12744
-8861
-7640
-9556
-9109
-9317
-9032
-9859
-7937
-4160
-5202
-7531
-6009
-1533
-2319
-4308
-1185
2211
1687
-922
1879
4928
5693
4178
4439
8072
6412
4263
6432
9658
10099
6904
6374
9055
6831
7523
8952
11165
7652
4355
8326
8886
9229
8201
6158
6456
10218
7079
3266
4936
10050
10180
2727
-808
4684
8550
4390
-1461
424
4526
3122
-1957
-5551
-757
1895
-102
-4712
-6741
-4161
-3083
-3335
-6173
-7443
-6073
-5246
-6089
-9161
-8067
-6880
-5543
-6029
-11516
-11883
-6081
-3776
-10439
-11292
-6137
-6988
-11486
-11330
-5680
-4946
-9037
-9118
-6488
-7124
-6665
-3649
-2801
-4475
-4671
-2521
-471
-1122
-607
2065
4457
1793
790
4488
6136
6340
5673
6126
7262
6786
6944
8433
8620
8208
9018
7628
7684
7191
8364
10394
9552
8554
7625
8810
8006
7159
10179
11846
7318
4255
8267
10435
6096
1445
6301
10905
4193
-3302
-343
7375
5832
-2290
-5967
210
3053
-2995
-8048
-5367
-44
-2072
-8000
-10167
-7669
-5348
-5773
-6563
-9596
-10364
-7870
-7127
-10449
-11161
-7327
-6160
-7046
-11064
-12916
-9454
-5386
-5880
-10328
-11510
-8239
-6192
-9407
-8802
-5098
-6547
-7719
-6634
-5289
-5616
-4307
-572
-315
-4598
-4840
2553
5070
-75
-341
5686
8612
3006
1421
8238
11938
7750
5298
7602
9412
9424
9312
10097
9484
7976
9601
10350
8365
8125
10362
11564
8003
5325
7423
11546
10762
5892
4275
8788
11207
6177
999
4742
11620
6613
-2558
-28
7468
6385
-1893
-4672
778
2989
-765
-6026
-5990
-1147
-1249
-5390
-9678
-7592
-3167
-4411
-8216
-10507
-7880
-5359
-7549
-9960
-9565
-7011
-6160
-7759
-9374
-10431
-7014
-4147
-6771
-10685
-7850
-4115
-5280
-8459
-8171
-4713
-4010
-5810
-5610
-5565
-4902
-3517
-1472
-1236
-3690
-3978
-474
2602
-68
-1247
1582
4818
4113
894
2738
7254
7134
4652
4605
7758
7846
6646
5730
7080
8114
7376
6550
4805
5476
6535
6838
5031
4264
5280
4432
4111
4205
4008
4148
2605
5309
3458
2251
3769
5163
3741
2102
4601
5467
3044
291
6200
4275
-968
210
4807
3970
-1492
-3267
682
2159
-1996
-7025
-3654
471
-3134
-6760
-8268
-4575
-3439
-5872
-8046
-8367
-6242
-5861
-6503
-7808
-8908
-5344
-4629
-6802
-7814
-7629
-4616
-3229
-5742
-8530
-5085
-2461
-3867
-5707
-5426
-3155
-2565
-4252
-5859
-3454
-1344
-3079
-4557
-3026
-1784
-3430
-2872
306
-1610
-3390
-1052
2503
828
-1753
-3
3052
2425
699
2035
4248
4260
2362
3523
5798
3872
2854
5558
6852
5544
4297
5252
6241
5053
5060
6910
7038
4978
4717
6563
6143
5874
6480
7431
6800
5386
6142
7002
7770
6260
7063
7791
6338
5073
5801
8952
6423
2166
5160
7409
5500
293
1210
5891
3830
620
-1892
2009
1954
-1597
-2173
-2664
-176
-1666
-3517
-3964
-4974
-3442
-3437
-4069
-6727
-7196
-4536
-5445
-7816
-9787
-7357
-5791
-7233
-10560
-11111
-7428
-6073
-9049
-11948
-8282
-6307
-9075
-10096
-7540
-5868
-8084
-7991
-5913
-6730
-6930
-5418
-3232
-4173
-6101
-4073
-966
-1476
-3334
-2211
1271
1337
-861
-731
2796
3707
2299
2443
3677
4546
4151
4138
5481
6383
5418
4225
5856
6946
6076
6025
5813
6382
6817
6797
5631
6316
7799
6857
6034
7369
8226
7290
6202
9174
8914
5783
6955
9455
8976
5565
5924
7720
7351
5098
1806
3502
6535
3447
-1719
-1552
2185
584
-4800
-5871
-2247
-1950
-6529
-8635
-7182
-5954
-6945
-8222
-8962
-9773
-8423
-8489
-9878
-10778
-10560
-7730
-7561
-11823
-12864
-8536
-6163
-9159
-12066
-10263
-6718
-7356
-10004
-8757
-6187
-5934
-6785
-6943
-5639
-3670
-3384
-2894
-2286
-2393
-1311
1293
1266
1115
2404
4457
5024
3822
4496
7599
8486
7273
7341
8398
9759
9433
9007
9452
9720
10519
10479
8342
8445
10501
9776
7764
7847
8436
8049
7310
7213
6059
5928
6310
6652
5092
3147
5340
5822
4931
2593
2406
4333
3933
2333
1687
2682
2838
930
-578
-79
1273
-25
-2107
-1577
-889
-2231
-4926
-5319
-2454
-2401
-5457
-8865
-7487
-4366
-5971
-8550
-9256
-6811
-6867
-9944
-9809
-8616
-7202
-7929
-9557
-9060
-8558
-7207
-7301
-7470
-7965
-7781
-5786
-5148
-6289
-7080
-4371
-1784
-3600
-5526
-4083
-263
-393
-2320
-1410
1318
1669
-283
1137
2741
3589
2893
2812
4490
3800
3464
5021
6267
5398
4081
5509
6717
5660
4429
6144
8355
5942
4151
6951
7581
5606
4924
6215
6945
5727
4680
4631
5089
4880
5080
3683
2527
3360
2888
2001
1071
833
627
312
-674
-1949
-1852
-2484
-1611
-1656
-4076
-5234
-3270
-1708
-4148
-5421
-4123
-2434
-3102
-5083
-4455
-2119
-1467
-3226
-4245
-2939
107
-1979
-3426
-746
514
-2617
-3559
681
1215
-2068
-2274
2
1071
-1620
-1979
313
529
101
-1566
-606
-27
-446
168
476
274
-1260
-671
1484
299
-1675
-694
1985
1073
-1651
-1680
891
2160
-645
-1659
67
1342
225
-601
46
753
779
-37
338
1014
202
862
2062
1240
-685
252
3033
2110
-61
-133
2693
2515
-454
403
2193
1794
453
592
1421
63
-1
1270
1967
-315
-1933
540
935
-562
-1882
-625
662
-1381
-2580
-1860
-587
-1413
-2089
-1894
-2133
-1910
-2027
-2049
-2136
-1542
-1532
-1270
-1189
-2025
-1263
-77
75
-1019
-515
858
1018
442
252
1582
2743
1331
1018
2452
2459
2325
2176
2567
3216
2510
1155
2678
4302
1925
-345
2779
4312
1558
-1359
998
4037
1329
-1325
-387
2549
773
-1395
447
-54
-574
126
672
-1014
-2215
-559
1080
99
-2953
-2177
1062
-87
-3143
-2690
34
77
-2170
-3339
-1910
-688
-1574
-2264
-2285
-2368
-2338
-1292
-1554
-2333
-2727
-1585
-613
-1756
-2851
-1578
74
-530
-1881
-1396
189
217
-515
-888
345
1440
848
-314
511
1481
1501
557
720
2042
1447
523
1045
1707
1095
668
776
1085
787
85
321
754
-79
-458
385
-17
-876
-465
-97
-565
-962
-486
104
-831
-680
-99
-555
-567
84
716
-690
-138
777
584
644
477
1621
1144
653
1661
2329
1623
1007
2628
3586
1546
1376
3191
4072
2846
1185
1410
4661
5451
-440
-248
4249
4033
722
-741
2167
2065
-331
-632
236
321
-2415
-374
-701
-2824
-2633
-1929
-821
-4060
-4813
-2209
-1191
-4319
-6177
-2405
-1299
-5074
-5761
-2424
-1802
-4499
-4614
-2990
-2189
-3881
-3514
-1725
-2864
-3449
-2011
-1368
-2573
-2661
-1273
-221
-1459
-2925
-344
982
-1202
-708
-11
652
523
83
1091
1685
1272
1498
2233
2023
2252
2988
3223
3553
2960
2501
5394
4728
2486
3562
5298
4977
3019
3982
4941
3879
3817
4206
4226
2744
3330
4086
2451
2483
2759
2578
2001
1695
1207
1406
1093
357
452
565
-276
-564
-486
-717
-1003
-1721
-1168
-1275
-2142
-1996
-1589
-2801
-2360
-1611
-2879
-3299
-2398
-2056
-3418
-2916
-2734
-3111
-2830
-2006
-2764
-4272
-2701
-814
-3187
-4947
-2310
-156
-3504
-4245
-1763
-1470
-2841
-3008
-1794
-2382
-2146
-2011
-1203
-2103
-1999
-794
-984
-1085
-994
5
298
-836
-679
917
1864
-154
-342
2447
1815
-39
696
2663
2571
1255
1244
2434
2195
2012
2718
2452
1778
2752
3421
2522
2211
3045
3997
3449
2317
3073
4634
3443
2911
3668
3930
3669
3480
3388
3099
3269
3153
2901
1979
1514
2488
1782
418
311
672
18
-999
-1541
-1612
-1670
-2017
-2887
-3612
-3394
-3387
-3744
-4615
-4487
-4213
-4555
-4264
-5063
-5510
-4339
-3707
-4759
-5159
-4320
-3991
-3963
-4752
-3339
-3079
-4051
-3864
-3042
-2347
-2850
-2724
-2494
-1763
-1304
-1619
-1718
-877
79
0
-716
149
1543
1417
533
1685
2958
2982
2388
2800
3256
4576
4504
4236
4557
4845
5660
4380
5164
6913
5579
4194
6395
6296
3922
5135
6392
5441
4409
3681
4988
4171
3572
3686
3442
2098
3030
3067
490
1351
2521
1452
13
-598
249
878
-279
-2132
-1117
67
-2101
-2574
-2040
-2358
-2615
-2477
-3112
-3893
-3997
-3171
-2948
-5167
-5507
-3168
-3478
-5610
-5340
-3854
-3814
-5165
-5443
-4274
-3470
-4533
-4754
-3979
-3911
-4072
-3638
-3477
-3392
-3278
-2899
-2960
-2898
-2363
-2592
-2487
-1474
-1890
-2608
-1854
-671
-1021
-2384
-1806
-173
-957
-2094
-373
-319
-1677
-1060
317
-151
-1316
-692
836
211
-792
706
1578
519
872
1758
1925
2163
2502
3055
3909
3543
4125
5621
5358
5012
6011
6700
6690
7441
7331
7055
7633
8311
7774
7316
7164
7934
7700
6291
6530
6329
5823
5180
4388
4117
3859
3599
2158
1587
1328
1113
349
27
-328
-1311
-1925
-1320
-1757
-3074
-2806
-1708
-3601
-4288
-2199
-3214
-5425
-3893
-1477
-4391
-5934
-3650
-2588
-4569
-5269
-3177
-3404
-5195
-3691
-3215
-5039
-4731
-2415
-3184
-4917
-4182
-2498
-3085
-4394
-3525
-2073
-2737
-3709
-2844
-2257
-2833
-2436
-1829
-2267
-2832
-2401
-1428
-1789
-2580
-1798
-906
-2278
-2412
-1084
-927
-1483
-1579
-1276
-1107
-834
-688
-597
-368
-20
167
-353
-300
1284
1438
771
882
1670
1747
1644
2212
2315
2303
2545
2993
2677
2182
2707
3471
3039
1873
2429
3297
2725
1861
1957
2814
2037
1557
1760
1795
1551
1092
1522
1109
593
1132
1528
569
210
1357
1030
632
479
843
1188
944
1204
1309
858
927
1631
1465
1225
1262
1599
1426
1426
1406
1490
1396
1382
1256
1146
545
961
1298
1067
27
327
831
279
-348
-346
313
-206
-737
-826
-535
-658
-1050
-1070
-937
-1451
-1497
-1044
-906
-1051
-1682
-1014
-1411
-986
-1369
-1375
-643
-1124
-889
-1717
-756
-785
-954
-789
-1292
-893
-1417
-488
-758
-1525
-1145
-659
-574
-1669
-1236
-1225
-616
-1079
-1323
-1228
-900
-706
-1382
-1113
-1110
-758
-808
-734
-818
-715
-912
-615
-568
-369
-310
-137
-476
-496
86
128
56
171
371
19
-93
338
773
316
-133
368
867
187
-186
421
394
295
-54
242
431
268
398
93
187
382
903
192
300
870
869
828
690
653
1030
1164
1183
1176
877
1231
1566
1218
1092
1507
1403
1262
1205
1088
1436
1358
1005
868
1264
1142
945
598
902
874
295
751
628
454
474
391
208
8
285
507
254
18
-81
185
267
-245
-193
188
291
-307
-526
67
135
-254
-709
-379
-158
-604
-842
-921
-580
-921
-954
-1580
-1408
-1236
-1278
-1711
-2582
-1371
-2058
-2511
-2049
-1702
-2254
-3223
-2023
-2295
-1944
-3025
-2270
-1421
-2369
-2182
-2509
-977
-1467
-1165
-1943
-804
-569
-897
-269
-488
361
-13
528
338
849
1242
974
1418
1184
2120
1646
1822
2146
2427
2165
2302
2549
2387
2842
2812
2586
2540
2781
3129
2870
2485
2639
2647
3023
2340
2428
2323
2586
2077
1859
1815
1478
1651
1195
1446
473
244
366
243
-286
-744
-604
-1414
-1438
-1842
-2048
-2524
-2531
-2458
-3399
-3731
-3979
-3244
-3568
-4368
-4123
-4248
-4186
-4053
-4062
-3928
-3689
-3569
-3564
-3168
-3180
-2383
-2051
-1950
-1857
-1464
-883
-176
-199
48
253
1181
1658
1110
1366
2513
3008
2349
2839
3264
3366
3279
4052
4245
3912
3857
4323
4655
4200
4030
4584
4650
4295
3718
3845
4245
3698
3213
3151
3064
2408
2155
2099
1647
1166
778
643
263
-591
-591
-560
-987
-1758
-2166
-2013
-2221
-2491
-2925
-2811
-3285
-3356
-3315
-3463
-3547
-3369
-3439
-3710
-3740
-3356
-3294
-3456
-2988
-3114
-3138
-2982
-2492
-2447
-2568
-2356
-1900
-1698
-1999
-1673
-1204
-1153
-1130
-879
-672
-723
-494
-172
-62
10
106
346
348
535
643
603
801
1079
970
981
1160
1352
1207
1201
1585
1631
1408
1341
1695
1757
1535
1606
1701
1727
1619
1845
1678
1640
1711
1775
1591
1355
1764
1893
1478
1267
1594
1659
1357
1135
1449
1591
1228
1197
1020
1033
1326
1274
838
658
1119
933
652
688
725
713
430
531
402
275
315
324
49
-84
44
-112
-201
-371
-477
-437
-717
-760
-838
-966
-1067
-1152
-1303
-1521
-1414
-1410
-1641
-1743
-1750
-1751
-1829
-1917
-1881
-1699
-1845
-2008
-1853
-1711
-1591
-1740
-1701
-1507
-1516
-1399
-1350
-1295
-1146
-1046
-1016
-986
-826
-666
-651
-634
-418
-345
-443
-145
-53
-130
1
303
216
101
384
627
413
406
857
775
670
703
914
1098
983
922
954
1222
1041
1054
1071
1067
1075
963
989
908
884
674
839
722
427
364
404
425
-58
-49
-67
-181
-425
-351
-491
-807
-698
-785
-885
-1088
-900
-1060
-1166
-1038
-1166
-1108
-1058
-923
-1169
-1055
-711
-827
-792
-735
-523
-547
-325
-198
-342
-158
102
139
15
286
428
366
407
626
840
535
668
957
1064
916
922
1169
1290
1357
1222
1236
1540
1614
1626
1537
1619
1635
1878
1961
1622
1789
2006
2093
1552
1760
1976
1907
1837
1640
1506
1505
1771
1647
1112
978
1361
1406
796
498
765
918
662
158
178
270
48
-111
-91
-311
-476
-449
-459
-941
-997
-690
-701
-1250
-1421
-1236
-1274
-1309
-1492
-1553
-1551
-1704
-1661
-1727
-1732
-1821
-1722
-1756
-1951
-1910
-1807
-1789
-1828
-1762
-1878
-1908
-1752
-1732
-1765
-1793
-1551
-1709
-1856
-1584
-1405
-1624
-1612
-1347
-1428
-1387
-1328
-1131
-1150
-1054
-965
-988
-889
-721
-571
-605
-493
-414
-379
-132
-42
-60
25
150
218
391
443
541
541
640
810
747
843
972
973
1041
996
1065
1105
1186
1170
1096
1222
1122
1198
1178
1109
1246
1212
1122
1034
1157
1219
1131
1103
1037
1100
1120
1091
1012
1007
1095
1013
1005
893
986
962
970
830
754
921
900
745
607
761
675
642
587
521
484
471
415
270
314
249
206
76
74
-15
-91
-72
-189
-307
-320
-290
-456
-567
-563
-493
-678
-761
-785
-764
-791
-902
-956
-1000
-904
-959
-1021
-1056
-1014
-933
-1068
-1020
-871
-885
-976
-901
-745
-714
-648
-617
-570
-486
-359
-266
-229
-121
-87
24
127
190
271
304
437
474
460
582
651
628
689
728
724
740
745
739
791
773
709
693
700
779
627
582
667
617
481
471
607
470
318
327
386
400
242
156
165
192
119
84
31
21
-36
-101
-95
-126
-196
-237
-256
-315
-370
-361
-408
-475
-541
-525
-587
-652
-628
-661
-696
-811
-709
-667
-776
-853
-753
-714
-742
-721
-716
-647
-693
-577
-484
-537
-510
-383
-295
-378
-277
-153
-57
-53
-33
48
51
177
243
207
257
330
344
370
378
435
455
455
427
457
467
466
499
428
446
482
437
447
418
355
397
427
362
351
386
351
289
326
339
317
264
248
272
245
213
261
218
122
124
168
157
24
21
94
-39
-72
-20
-64
-139
-184
-167
-215
-271
-268
-275
-286
-362
-370
-352
-336
-398
-391
-358
-392
-372
-362
-303
-315
-325
-266
-269
-248
-217
-180
-156
-157
-140
-54
-60
-108
-29
7
-9
8
39
12
75
94
48
91
123
144
83
74
149
209
115
135
213
160
215
206
227
200
211
291
242
220
269
278
245
267
252
245
201
246
258
168
188
168
168
143
113
115
66
57
36
-1
53
0
-82
-29
3
-64
-153
-69
-23
-109
-160
-102
-81
-119
-137
-155
-154
-143
-120
-177
-213
-186
-131
-186
-245
-215
-199
-179
-234
-265
-263
-224
-207
-256
-303
-240
-214
-284
-306
-267
-217
-288
-300
-239
-207
-291
-254
-165
-237
-246
-183
-159
-181
-127
-108
-131
-97
-15
-22
-52
0
37
76
82
80
122
202
213
180
197
281
309
280
293
344
396
382
371
409
452
431
453
500
451
435
518
541
496
467
539
564
468
496
525
523
489
449
467
482
449
402
395
358
356
331
272
254
212
143
167
137
31
32
-30
-101
-104
-126
-224
-290
-267
-330
-412
-412
-445
-500
-538
-556
-608
-633
-603
-661
-681
-644
-658
-714
-693
-620
-685
-665
-577
-587
-600
-559
-494
-456
-434
-410
-392
-308
-241
-257
-221
-135
-80
-61
-29
33
78
70
141
183
183
246
237
237
264
310
303
297
300
293
287
289
298
247
239
248
222
152
186
199
150
87
68
115
66
51
3
23
22
-42
-31
2
-6
-74
-50
-11
-5
-11
-51
-34
0
14
42
4
6
61
90
61
23
100
153
121
87
111
155
157
99
148
178
129
128
103
149
160
112
101
91
125
152
67
72
103
82
63
16
59
76
45
36
9
30
41
-16
14
20
-1
18
9
2
26
39
-4
13
8
31
43
13
-4
63
72
15
66
13
73
45
33
83
57
71
36
84
58
81
39
29
71
21
57
-16
-28
33
14
-38
-85
-42
3
-104
-157
-81
-94
-127
-184
-164
-106
-180
-226
-180
-174
-245
-206
-204
-219
-168
-220
-218
-203
-200
-183
-190
-172
-152
-135
-155
-149
-107
-101
-76
-60
-81
-47
-14
-13
-31
15
32
9
-9
15
71
10
5
10
35
4
-8
30
-15
-21
-33
-29
-18
-17
-51
-74
-63
-17
-57
-121
-66
-17
-60
-90
-38
-53
-60
-17
-13
-36
-11
-2
17
-29
-9
58
-20
16
72
18
-11
48
58
40
24
24
101
48
11
65
69
59
63
72
82
75
81
106
91
93
143
146
137
155
175
185
188
202
248
240
237
260
274
271
275
321
303
296
286
308
293
294
303
314
317
199
257
226
256
225
184
234
149
107
75
127
100
49
16
-14
-17
-41
-82
-119
-112
-120
-170
-263
-190
-204
-240
-296
-311
-273
-336
-313
-345
-370
-363
-359
-365
-399
-398
-348
-364
-404
-372
-360
-372
-359
-322
-368
-344
-278
-288
-349
-307
-223
-252
-262
-234
-191
-183
-183
-150
-117
-104
-90
-106
-53
-12
-13
2
22
74
60
83
109
121
134
164
185
183
247
221
195
244
269
254
242
293
288
250
253
267
299
256
254
259
244
244
210
237
191
213
196
164
172
138
155
133
132
113
104
103
88
74
88
70
56
67
47
43
19
32
23
21
22
16
6
-6
-2
-6
-18
-39
15
-13
-65
-38
-25
-27
-73
-53
-25
-58
-88
-55
-54
-79
-63
-96
-73
-53
-92
-102
-83
-73
-94
-104
-86
-85
-91
-97
-112
-99
-80
-76
-98
-99
-69
-78
-94
-70
-63
-62
-61
-52
-57
-49
-34
-52
-10
4
-28
-29
13
9
0
25
37
47
28
50
58
46
80
70
65
77
67
78
54
69
74
76
78
30
49
68
49
20
38
64
8
-1
27
-8
-17
-1
-15
-23
-29
-42
-45
-45
-34
-49
-40
-28
-55
-52
-25
-14
-41
-30
4
12
-17
-26
25
36
8
6
31
43
16
-7
28
32
5
18
34
7
-12
7
3
-32
-8
-13
-21
-36
-45
-23
-43
-38
-48
-35
-42
-56
-48
-43
-28
-42
-39
-22
-24
-42
-34
-8
3
-5
-2
3
32
4
17
40
47
35
35
74
42
60
71
69
69
86
71
60
81
81
85
72
78
78
64
65
85
57
66
62
65
65
49
57
33
54
61
37
35
54
39
48
29
14
47
28
16
10
31
21
6
3
9
10
-19
-26
-28
-25
-42
-52
-44
-51
-57
-72
-85
-84
-88
-95
-108
-115
-104
-110
-138
-135
-115
-120
-148
-141
-105
-129
-144
-126
-123
-107
-112
-125
-106
-92
-87
-94
-70
-47
-65
-55
-34
-32
-47
-26
6
-3
-13
14
34
29
41
41
32
57
75
54
56
95
97
64
73
103
106
84
93
103
101
114
99
89
97
117
89
60
97
108
82
53
73
73
55
49
41
41
32
47
28
19
29
21
25
-3
-2
12
2
-4
-14
4
1
-14
-10
-11
5
-16
-29
4
4
-17
-21
-6
-10
-11
-21
-28
-7
-9
-26
-29
-6
-13
-34
-22
-28
-36
-33
-16
-20
-39
-23
-20
-43
-47
-21
-24
-38
-25
-37
-42
-23
-3
-15
-34
-13
-18
-25
-9
3
8
0
8
2
4
18
18
26
20
22
24
22
34
33
32
22
17
20
25
34
28
29
31
21
7
5
30
18
-1
5
11
5
-12
9
1
-18
-11
-8
-15
-26
-11
-11
-29
-29
-16
-15
-37
-34
-28
-27
-28
-24
-25
-31
-34
-39
-24
-22
-27
-20
-24
-23
-22
-22
-10
-9
-19
-24
-15
4
4
-10
6
4
-5
-1
7
25
11
0
9
13
12
17
22
23
22
5
7
33
38
19
13
28
28
14
20
34
25
16
18
27
27
23
19
22
18
11
22
20
22
25
4
7
26
18
8
18
9
-1
17
18
4
15
16
0
-3
4
23
11
-6
5
9
2
3
9
5
0
-1
4
7
0
2
9
-13
-17
14
4
-20
-4
16
-15
-29
3
4
-26
-16
-2
-25
-26
-6
-5
-38
-33
2
-21
-37
-17
-19
-41
-39
-17
-21
-43
-29
-30
-51
-31
-24
-38
-38
-32
-41
-51
-32
-22
-36
-39
-29
-35
-45
-33
-19
-32
-36
-26
-31
-35
-27
-13
-21
-35
-24
-19
-20
-11
-9
-13
-18
-13
5
-2
-10
4
9
6
4
13
28
24
11
23
40
38
39
45
42
35
43
59
62
50
56
62
46
49
69
71
47
50
62
46
40
54
62
37
30
44
32
30
38
28
30
21
18
32
17
18
21
13
13
17
28
19
14
22
10
15
23
21
29
15
11
16
12
27
28
13
5
12
16
8
13
19
3
2
2
2
6
-4
-8
1
3
-17
-18
-8
-22
-24
-11
-17
-35
-31
-22
-27
-37
-36
-30
-27
-42
-48
-36
-38
-41
-40
-30
-45
-61
-37
-36
-54
-38
-29
-51
-60
-53
-36
-45
-47
-41
-55
-54
-51
-46
-45
-43
-46
-48
-48
-54
-49
-43
-40
-47
-42
-45
-48
-42
-31
-37
-48
-34
-26
-27
-38
-31
-18
-21
-24
-29
-11
-7
-18
-7
1
-14
1
17
-4
-3
16
26
16
19
32
33
27
34
48
44
46
50
59
57
51
57
72
74
62
76
85
70
75
89
74
78
92
85
80
85
87
77
80
84
73
75
80
64
56
67
59
50
54
43
33
34
27
24
23
15
2
0
2
-10
-5
-9
-23
-21
-20
-30
-33
-21
-28
-46
-31
-24
-53
-40
-28
-39
-35
-29
-41
-56
-31
-28
-44
-38
-36
-37
-40
-50
-32
-27
-43
-35
-47
-32
-29
-44
-36
-26
-30
-44
-32
-21
-30
-33
-24
-23
-17
-28
-29
-13
-21
-18
-16
-9
-8
-16
-18
-7
-6
-12
1
-1
-3
-1
1
-2
7
2
2
15
9
3
6
13
10
16
13
9
5
10
21
13
9
11
16
8
8
11
13
9
13
15
4
7
12
15
2
11
24
5
-2
15
21
6
14
12
9
16
14
4
11
23
11
4
20
24
-1
20
24
1
14
18
11
9
12
8
9
17
11
-12
9
21
0
1
8
13
-1
-6
7
10
2
-2
3
10
-5
-6
16
-4
-8
15
8
-14
-7
14
-2
-7
10
5
-7
-1
3
4
-10
-1
14
-7
-9
3
3
-5
-6
3
-7
-8
11
-10
-22
2
5
-9
-17
-2
-8
-15
6
-6
-17
-8
-6
-3
-11
-9
1
-8
-12
-6
-1
-7
-12
7
0
-14
-3
-4
-2
2
-7
-5
5
1
-16
-9
13
-6
-13
7
0
-15
-11
7
1
-14
-6
2
-3
-10
-11
3
-1
-17
-6
5
-3
-15
-7
4
-15
-8
6
-12
-15
2
-1
-15
-6
4
-14
-14
11
-3
-19
-4
7
-6
-15
-1
5
-6
-5
-1
-4
-5
1
3
-4
-3
5
1
-5
2
8
-2
2
12
-4
-3
15
8
-8
9
19
-4
-4
19
9
3
11
6
5
12
12
7
5
6
12
15
10
9
11
8
8
17
12
4
12
21
7
2
19
21
3
7
23
10
-1
14
16
9
12
11
3
10
10
6
9
14
4
-3
12
10
-4
3
8
4
5
0
-5
4
6
-6
-4
12
-7
-12
8
1
-12
-9
4
-2
-16
-9
1
-9
-11
-9
-12
-9
-5
-10
-21
-9
-6
-19
-13
-10
-12
-15
-17
-8
-12
-22
-8
-5
-22
-18
-7
-11
-17
-7
-11
-18
-10
-5
-16
-17
1
-6
-20
-10
1
-11
-15
-2
-1
-12
-7
-2
-9
-8
-4
2
-6
-10
4
-2
-6
4
6
-4
0
9
7
-2
3
10
12
9
0
12
17
6
7
15
14
9
18
15
5
15
15
10
14
19
13
8
12
17
6
9
19
9
4
12
13
1
9
14
2
3
12
5
-9
6
15
-4
-6
14
1
-13
1
10
-7
-8
10
0
-13
-3
7
-7
-10
6
1
-13
1
1
-12
-1
4
-6
-4
-2
-6
-3
2
-4
-4
2
-5
-7
-2
3
-1
-5
0
-3
-9
7
2
-13
2
8
-15
-7
14
-4
-13
4
2
-13
1
7
-12
-5
8
-5
-6
4
-6
-4
4
-1
-9
-4
5
-1
-6
-7
-3
3
-6
-8
3
-3
-7
2
-3
-9
-2
6
-8
-10
5
1
-7
2
-3
-14
4
11
-8
-7
8
-5
-6
6
-2
-3
6
0
-9
1
8
-3
-7
6
4
-5
0
0
1
5
1
-3
0
3
0
2
4
-4
3
9
-2
-6
7
9
-3
-3
8
4
-2
2
9
7
-7
4
13
-2
-2
12
10
-5
0
10
4
-5
7
12
-1
-6
9
9
-4
1
-1
8
5
-7
5
4
-5
1
3
-2
2
2
-2
-6
2
7
-5
0
5
-4
-6
1
5
1
