SAMPLES:	9783
BITSPERSAMPLE:	16
CHANNELS:	1
SAMPLERATE:	16000
NORMALIZED:	FALSE
-9
33
-16
20
-7
7
9
0
3
-9
10
-7
1
-17
3
-13
5
-2
-19
17
-31
27
-21
0
12
-45
50
-50
29
-4
-28
38
-36
37
-27
23
10
-5
42
-27
33
5
5
30
-20
35
-23
13
10
-13
16
-12
-2
-2
-1
-7
-8
1
-4
-1
5
-7
-3
3
-8
16
-23
5
13
-24
43
-37
14
15
-21
42
-14
18
6
-14
24
-10
9
-8
1
6
-7
10
-29
18
-7
-7
11
-17
0
6
-7
5
0
-18
9
-19
19
-5
-30
34
-28
9
10
-36
14
-17
-9
6
-28
11
-5
-21
12
-29
4
-20
-6
6
-31
32
-45
13
17
-47
45
-56
12
7
-27
27
-35
23
-19
20
-21
4
-2
-7
28
-25
6
5
-15
7
1
2
5
-5
11
22
3
9
13
1
36
-9
16
-3
20
3
-10
7
-7
19
-33
21
-5
8
-25
11
10
-4
8
-30
30
-18
13
-12
26
-3
6
-6
21
9
-6
36
-25
37
1
9
-22
49
-19
-4
19
-65
62
-47
3
-2
-10
3
-28
-4
-17
11
-50
14
-11
-32
9
-13
-13
3
-2
-6
9
20
8
13
43
-20
42
30
-2
43
-17
44
-8
5
9
13
-7
15
15
-16
39
-39
15
9
1
7
22
-42
49
-14
-51
63
-51
37
-31
7
-2
-35
3
-7
-2
-21
6
-28
19
-22
-4
-11
-16
-18
-23
-1
-10
10
-34
37
-42
26
-22
-27
47
-36
8
0
-15
19
-1
-20
13
27
-50
46
-15
42
23
-29
58
-37
36
0
-12
-2
35
-66
-13
-4
-63
10
-22
-24
-3
-5
-27
-6
-21
12
3
2
9
-14
25
-42
-14
10
-3
20
-15
50
-27
37
-15
-29
98
-66
64
-18
11
55
-32
25
-9
22
-7
15
-7
33
21
0
3
30
-29
-2
28
-80
97
-124
17
-24
-64
64
-142
115
-111
65
-11
-44
119
-118
163
-67
109
80
-45
194
-114
182
55
-39
150
-70
70
-38
-46
-4
-120
13
-151
-38
-153
-134
-33
-175
-70
-88
-97
-57
-75
5
-70
81
8
19
196
41
157
111
149
197
57
200
109
41
105
-79
122
-44
-93
-2
-186
-61
-180
-160
-119
-206
-131
-171
-190
-153
-123
-173
-76
-131
-61
-25
-30
1
-59
65
3
188
46
119
108
227
126
94
370
17
366
66
153
271
-81
378
-3
108
60
-69
133
-175
83
-66
-157
145
-283
-7
-91
-91
-54
-225
173
-145
61
19
26
154
-46
125
124
88
117
189
174
107
163
159
225
159
115
283
169
410
68
270
154
32
135
-128
220
-257
-83
-212
-236
-260
-503
-292
-575
-462
-666
-373
-607
-269
-448
-428
70
-500
-69
-183
-3
212
-9
389
-31
341
36
-17
259
-124
96
-105
21
-43
-148
-98
-105
-442
-79
-385
-233
-239
-367
-42
-510
-3
-212
-255
-67
-286
162
-134
-27
172
-65
345
128
256
528
306
637
476
638
653
476
951
306
767
479
453
465
-59
261
-95
90
-143
-90
-149
-292
-211
-406
-280
-305
-242
-224
82
-92
54
214
127
405
212
510
467
502
409
268
420
209
139
269
-153
-54
-206
-392
-403
-558
-507
-680
-697
-714
-933
-766
-700
-848
-358
-808
-336
-270
-382
128
-278
469
261
221
670
145
894
385
605
798
234
785
54
495
231
95
452
-123
194
79
57
159
-212
252
4
-22
124
-42
99
-27
-13
227
-271
93
-141
42
38
-52
240
-50
189
54
160
161
153
120
125
-55
-57
98
-188
-14
-181
-165
-301
-432
-198
-653
-549
-644
-897
-593
-1054
-724
-925
-930
-843
-912
-644
-681
-425
-494
-511
-262
-92
-85
7
242
316
362
526
410
713
566
606
613
589
685
495
574
441
245
453
267
598
469
417
507
381
689
481
803
1039
676
932
690
888
787
716
747
648
517
551
198
-24
-215
-586
-541
-963
-714
-1120
-1264
-1245
-1650
-1289
-1628
-1175
-1199
-1381
-881
-1268
-525
-779
181
-187
453
619
664
1381
1134
2030
1600
2011
1813
1695
2033
1311
1455
871
822
449
-46
-165
-648
-817
-1307
-1423
-1672
-1646
-1899
-1767
-1851
-1812
-1620
-1555
-1345
-736
-988
-302
-243
-208
-12
-80
395
41
208
414
412
404
329
345
549
328
226
433
337
464
238
110
477
-138
285
222
-60
335
-15
285
266
62
480
122
33
135
40
360
-197
37
210
-78
155
15
305
434
-92
346
448
568
514
468
1033
791
1078
1220
1509
1994
2117
2460
3080
3073
3183
3330
3380
3103
2368
2092
1405
276
-389
-1291
-2359
-3235
-4268
-4833
-5868
-6083
-6252
-6480
-6093
-5856
-5221
-4596
-3834
-2719
-1603
-862
182
1266
1728
2340
3013
3625
3667
4011
4115
3915
3556
3306
3167
2775
2116
1485
869
117
-801
-1659
-2203
-3168
-3914
-4686
-5088
-5285
-5660
-5629
-5150
-5011
-4313
-3595
-2670
-1587
-685
547
1222
2407
3226
3971
4490
5122
5466
5621
5696
5574
5546
4842
4400
4089
3533
2919
2306
1677
879
116
-604
-1382
-1651
-2347
-3012
-3196
-3645
-3893
-3629
-3509
-2647
-2301
-1156
-148
668
2548
2913
4751
5637
6637
7655
7805
8441
8213
7612
7143
5665
4506
2635
901
-840
-3290
-4953
-6658
-8704
-9902
-11020
-11298
-11723
-11658
-10549
-9871
-8751
-7496
-5933
-4462
-3080
-1563
238
1141
2476
3567
4422
5201
5866
6394
6891
7140
7404
7336
7117
7002
6458
5897
4797
4200
2957
1702
165
-1070
-2382
-4075
-5338
-6425
-7377
-8347
-8810
-9263
-9247
-9178
-8768
-7941
-7091
-5857
-4778
-3692
-1710
-371
886
2126
3474
4628
5177
6097
6763
6968
7085
7277
7168
6845
6408
5931
5376
4419
3828
3160
2234
1207
91
-448
-1514
-2518
-3174
-3817
-4567
-5282
-5267
-5257
-5372
-5024
-3933
-3074
-2100
-814
922
2386
4127
5814
7368
9200
10301
11644
12346
12473
12907
11815
11250
9489
7234
5557
2274
-319
-3576
-6576
-9361
-12628
-14921
-16823
-18086
-18887
-19075
-18279
-16851
-15622
-13800
-10850
-8491
-5732
-3083
-320
2472
4347
6688
8442
10025
11191
11725
12596
12820
12844
12730
12093
11597
10408
9188
7722
6036
4173
2131
-29
-2197
-4365
-6342
-8214
-9990
-11070
-12091
-12676
-13084
-12869
-12452
-11584
-10339
-8785
-6937
-5186
-3161
-1087
516
2736
4368
5905
7341
8103
9349
9545
9850
10221
9705
9401
8741
7717
6881
5383
4364
3181
1415
300
-1152
-2397
-3684
-4991
-5651
-6398
-7262
-7758
-7890
-7588
-7333
-6995
-5860
-4898
-3479
-1970
-537
1790
3544
5058
7611
8960
11330
12679
13338
15434
15054
15357
15022
13699
13135
10093
7556
5682
1601
-1178
-5347
-7992
-10810
-15118
-16961
-18561
-20222
-20797
-21436
-20001
-18797
-18332
-15588
-13062
-10214
-7485
-4932
-1023
1688
3693
6535
8822
10954
12044
13223
14759
15007
14965
14931
14552
13510
11903
10515
8969
6714
4288
2060
-477
-3399
-5816
-7875
-10048
-11696
-13222
-14144
-14746
-14939
-14511
-13723
-12420
-10693
-8873
-6632
-4274
-1758
436
2524
5058
7184
8535
10038
11490
11992
12213
12284
12490
11751
10547
9872
8615
6956
5075
3644
2234
65
-1736
-3186
-4675
-6235
-7289
-7872
-8550
-8835
-8941
-8553
-8008
-7395
-5882
-4388
-2942
-751
1112
3489
5528
7682
10377
11705
13596
14858
15694
16202
15370
14787
13606
11354
8548
5539
2552
-1065
-4680
-8549
-10910
-14516
-17682
-19284
-20920
-21687
-22670
-22070
-19994
-19146
-17405
-14508
-11092
-8153
-5623
-1596
2230
4233
6363
9781
11936
13114
14022
15702
16465
15587
15432
15553
14624
12827
11357
10180
7742
4838
2499
347
-2833
-5844
-8033
-10402
-12720
-14830
-15609
-16260
-16686
-16173
-15135
-13137
-11408
-9206
-6246
-3525
-800
1792
4672
6723
8468
10378
11365
12159
12454
12450
12337
11714
11118
9936
8749
7757
6627
4769
3185
2096
424
-1319
-2910
-4089
-5489
-6642
-7769
-8267
-8873
-8898
-8736
-8617
-7265
-6369
-4656
-2975
-911
1588
3498
6329
8536
10638
13261
14102
15652
16235
15789
15982
13875
12667
10341
6536
4186
-121
-3749
-6708
-11304
-13169
-16778
-19753
-20454
-22720
-22260
-22311
-21701
-18917
-18051
-15609
-11788
-9224
-5320
-3034
395
4449
5911
8319
11093
13065
14346
14432
15728
16999
16043
15866
15414
14871
13269
10848
9634
7381
4229
1206
-1388
-4170
-7875
-10839
-12754
-15046
-16604
-17678
-17589
-17140
-16343
-14519
-12254
-9370
-6593
-3504
-297
2559
5215
7700
9563
11218
12348
12807
12962
12826
12355
11510
10668
9592
8487
6823
5452
4293
2744
1441
33
-1464
-2896
-4499
-5515
-6447
-7531
-8193
-8496
-8911
-8525
-7968
-6998
-5445
-3936
-1665
504
2508
5531
7726
10155
12291
13761
15636
15605
16344
15482
14460
13034
10372
8244
4322
1154
-2313
-6433
-9248
-13153
-15935
-17979
-21062
-21528
-22614
-22759
-21748
-21203
-18660
-16553
-14669
-10979
-8409
-5292
-1755
135
3897
5775
7359
10281
11119
12643
13514
13818
15132
14326
14350
14201
12686
12089
10064
8227
6305
3410
657
-1968
-4910
-7509
-10135
-12192
-13716
-15198
-15194
-15533
-14962
-13023
-11522
-9206
-6714
-3933
-619
1687
4523
7268
9060
10637
11858
12788
13330
12929
12715
12390
11094
10183
8934
7730
6579
4736
3565
2432
598
-748
-1875
-3219
-4437
-5758
-6550
-7052
-8078
-8302
-7950
-7658
-6594
-5714
-3984
-1613
-193
2332
4849
7138
9533
10951
13233
14617
14844
14850
14777
13688
12240
9112
7275
4471
-342
-3062
-7075
-10128
-13956
-17743
-19003
-21369
-23212
-23288
-23568
-21830
-20890
-18889
-15230
-13147
-9963
-6288
-3139
262
2573
5305
8536
9267
11099
12595
13449
14492
14182
14789
15306
14130
13321
12472
11463
9733
6883
5314
2716
-704
-3474
-6344
-8716
-11359
-13882
-15011
-16248
-16516
-16336
-15716
-13718
-11998
-9528
-6548
-3804
-550
2441
4999
7732
9655
11446
12908
13538
13733
13885
13628
12678
12186
11069
9778
8511
6860
5713
3915
2574
1264
-890
-2140
-3878
-5555
-6867
-8477
-8874
-9841
-10924
-10404
-9701
-9226
-7791
-6077
-3081
-904
1300
5420
8014
10833
13213
15188
17302
17712
17392
17284
15179
13188
10237
5826
2858
-1902
-6113
-10346
-14731
-17531
-20753
-23570
-24368
-25343
-24949
-24374
-22757
-19831
-17725
-14717
-11010
-7143
-3798
-668
2547
6174
8841
10636
13139
15051
16260
17148
17914
19001
18836
17948
17540
16390
14763
12254
9971
7866
3837
229
-2970
-6507
-9945
-13631
-15989
-17896
-20034
-20877
-21188
-20470
-19009
-17401
-14213
-10870
-7531
-3815
-101
4087
7287
10238
13315
15280
16659
17429
17764
17950
17039
15921
14470
12601
10935
8656
6357
4570
2366
164
-2039
-3816
-5684
-7518
-9045
-9841
-10575
-11521
-11664
-11190
-10436
-8830
-7336
-5019
-2119
409
4157
6635
10154
13530
15500
17366
18997
19174
18977
17224
15888
13482
8756
5167
1107
-3784
-8339
-13397
-16128
-19492
-23591
-24730
-25606
-25430
-25254
-24671
-21011
-18499
-16724
-12914
-8923
-5160
-2833
-169
4076
6464
7684
10158
12437
14013
14133
15033
16853
17018
16444
16349
16386
15206
13070
11426
9945
7197
3546
279
-2542
-6350
-10166
-13164
-15600
-17906
-20340
-21347
-21026
-20849
-19596
-17552
-14439
-11068
-8389
-4186
-20
3699
7044
10089
13090
15381
16366
17243
18030
17807
16985
16022
14814
13412
11266
9238
7617
5526
3687
1344
-401
-1988
-4156
-6015
-7080
-8243
-9190
-10083
-10189
-9556
-9257
-8182
-6073
-3876
-1742
977
4111
7450
9851
12976
14614
17013
17554
17209
17479
15014
13117
9285
5479
1664
-3888
-8022
-12281
-16857
-20043
-23372
-24804
-25396
-26247
-24703
-22848
-20735
-17710
-14289
-10548
-6489
-3687
-106
2947
5694
7725
9095
11853
12827
13232
13846
14663
15326
14584
14545
15091
14045
12958
11090
10278
8748
5393
3044
467
-2694
-6421
-10087
-11941
-14656
-17632
-18856
-19894
-19791
-19631
-18668
-15610
-13237
-10610
-7002
-3441
605
3453
6822
10237
12229
13901
15117
15764
16068
15465
14998
14268
12528
11286
9661
8005
6337
4441
3176
1678
12
-1733
-2932
-4178
-5417
-6485
-7121
-7372
-7739
-7851
-6959
-5751
-4671
-3041
-850
1422
3629
6512
9249
11903
13383
15717
16451
16203
16246
14903
12612
8917
5056
1786
-3816
-8731
-12737
-17422
-21095
-25115
-26898
-26766
-27468
-26850
-24425
-21416
-18026
-15246
-10598
-5457
-2395
793
4259
7337
9383
10418
12618
14442
14185
14015
14529
15553
14958
14349
14745
14782
13415
11607
10623
9402
6762
3492
1026
-2047
-6048
-10050
-13058
-15587
-18490
-20773
-21760
-22078
-21550
-20531
-18034
-14699
-11578
-7779
-3881
439
4312
7656
11088
13615
15332
16363
16919
17191
16491
15290
14441
12804
10770
8721
6839
5403
3462
1411
279
-1080
-2731
-4049
-5050
-5586
-6448
-7084
-7214
-6880
-6707
-6102
-5052
-3292
-1237
360
2877
5103
8002
10496
12653
14957
16376
17249
17171
16679
15761
13157
9606
6237
1610
-2751
-8391
-13069
-17240
-22102
-25439
-27709
-28730
-28890
-28445
-26305
-22937
-20165
-15839
-11411
-6745
-2468
785
5039
8044
9916
12077
13728
15003
15416
15220
16175
15881
15271
15355
14897
14730
13846
12296
11467
9579
7497
5061
1886
-781
-4262
-8429
-11175
-14511
-17617
-19356
-21907
-21624
-22038
-21974
-18771
-17306
-13871
-10084
-6955
-1639
1305
5049
9394
11451
14059
15330
15951
17262
16241
15477
15283
13232
11568
9642
7533
6227
3798
1981
1162
-932
-2415
-3438
-4748
-5207
-6309
-6924
-6439
-6961
-6741
-6047
-5398
-3923
-2506
-1163
1674
3579
5438
8828
10104
13173
14076
15007
17069
15656
16021
14086
11181
8939
3924
228
-3970
-9965
-13498
-18600
-23003
-25010
-27994
-28371
-28157
-27820
-24335
-22194
-19215
-13887
-10423
-5338
-1647
1669
6553
8019
10210
12536
14067
15270
14908
15513
16218
15096
14612
14558
14440
13653
11978
11293
9863
7533
5362
3219
1233
-2075
-5709
-8183
-11343
-14174
-16997
-18499
-18819
-20460
-20116
-18643
-17255
-14304
-12086
-8074
-3862
-1228
3220
6511
9456
12364
13552
15119
16005
15546
15572
14758
13402
12088
9944
8535
6887
5034
3900
2229
731
-416
-1896
-3021
-3457
-4253
-5162
-5726
-6032
-5999
-6048
-5695
-4296
-3134
-2116
-47
1729
4226
6396
8820
11534
13237
14790
15705
16371
16027
15244
13453
10576
7423
2878
-1382
-5667
-10944
-14628
-19062
-23232
-25344
-27733
-28129
-27425
-26482
-23594
-21254
-18234
-13478
-9875
-5139
-856
2377
6401
8182
9932
12316
13199
14315
14492
14492
14809
13768
13242
13252
12912
12397
11147
10397
9357
7296
5163
3851
1714
-1537
-4390
-7469
-10335
-13941
-16220
-17463
-19379
-20104
-20088
-19077
-17347
-15601
-12042
-8129
-4880
-1198
2733
6137
9120
11395
13241
15223
15245
15035
14989
13759
12807
10959
9138
7956
6023
4209
2878
1482
293
-1038
-2411
-2848
-3578
-4655
-4797
-5545
-5460
-5486
-5880
-4805
-3703
-2715
-1037
809
2705
5168
7224
9678
12662
13910
16414
16755
17000
17548
15260
14929
11569
8435
4545
-442
-4612
-9475
-13869
-17861
-22584
-25080
-27676
-29278
-29204
-28357
-26379
-24544
-21635
-17658
-13216
-9061
-4608
275
4254
6895
9756
12641
14659
16259
17065
17938
18125
17255
17070
16487
16365
15305
13607
12723
11103
8794
6449
4183
2099
-1300
-5164
-7579
-11091
-14067
-17101
-18782
-19838
-21609
-21635
-20524
-19127
-16902
-14183
-10413
-6366
-3199
850
4831
8342
11028
13525
15298
16597
16562
15874
16069
14612
12845
11116
9066
7076
4676
2601
1353
-586
-2337
-3229
-4607
-5517
-5893
-6607
-6391
-6617
-6700
-5721
-5671
-4134
-2465
-1193
1470
3046
5067
8116
9630
13461
14807
16816
18798
17939
19486
17544
16935
14962
10750
7854
2561
-2380
-7047
-12678
-16621
-21766
-26064
-28381
-31484
-32480
-32181
-31182
-28683
-26059
-22683
-17445
-13197
-8059
-2725
1322
6380
9273
12325
15361
17004
18724
18845
19396
19416
18674
17930
17360
16797
14989
13595
12213
10613
8106
5656
3356
616
-3329
-6920
-9532
-13658
-15950
-19455
-20750
-21668
-24129
-22138
-21624
-19636
-15622
-13838
-8155
-4359
-869
5126
7619
12322
15321
16016
18923
18921
18522
18458
16134
14940
12966
9214
7728
5042
2290
704
-2077
-3082
-4521
-6603
-7075
-7012
-8060
-8160
-8314
-8025
-7207
-7533
-6272
-4011
-3650
-1609
654
2438
5724
7396
11128
13950
16061
18657
19729
21286
21468
20934
19647
17023
14406
9044
5002
-252
-6282
-11135
-16480
-21215
-25288
-29266
-30676
-31878
-32408
-30338
-28514
-25816
-21688
-17892
-12796
-7673
-3446
1674
5204
9024
11855
13984
16520
17558
18121
18236
18263
18099
17179
16745
16396
14997
13556
12160
10272
8276
5745
3146
234
-3587
-6825
-10710
-14227
-16972
-19948
-21439
-23324
-23820
-22476
-22461
-18882
-16011
-12723
-7133
-4414
1283
5689
8528
13474
15073
17304
19358
18335
19163
18272
15796
15083
11897
9601
7938
4338
3086
816
-1998
-2804
-4742
-6142
-6602
-7648
-8039
-8378
-8924
-8385
-8327
-8183
-6420
-5799
-4575
-1983
-744
2185
4763
6973
10955
13128
15516
18601
19221
20930
21246
19976
19892
16329
13355
9319
3812
-690
-6336
-11676
-16132
-21575
-25217
-28602
-31192
-31275
-31423
-30166
-27709
-24755
-21123
-17047
-12236
-6888
-2579
1505
5685
9051
11743
13629
15885
17321
17381
17511
17549
17388
17110
16110
15772
15183
13457
12324
10523
8732
6742
3510
827
-2438
-6376
-9605
-13758
-16317
-18781
-21315
-22548
-23145
-22534
-21361
-19039
-15689
-11731
-7804
-3403
1001
5356
9318
12576
14928
17291
18260
18157
18077
17042
15679
13734
11350
9520
7147
4891
3409
1185
-192
-1721
-3076
-3798
-4792
-5284
-5846
-6493
-6706
-6889
-6912
-6394
-5797
-5053
-3765
-2678
-580
1415
3713
6280
9295
11390
13881
16370
17165
19021
18395
18567
17351
13822
12187
7643
2944
-1174
-7292
-10735
-16268
-21307
-23326
-27714
-29244
-29811
-30291
-28004
-26909
-24050
-19513
-16631
-12143
-7427
-3326
1350
3829
7245
10718
11481
13663
14964
15829
16312
15467
16241
16098
15608
15075
14514
14639
12881
10677
9939
8111
5242
1514
-1217
-4263
-8926
-12325
-15509
-17498
-20704
-22812
-22191
-22682
-21222
-19287
-16461
-11468
-9091
-4551
560
3587
8483
10530
13263
16462
15581
16608
16666
15316
15207
12166
10842
10039
6679
5368
4126
2195
1406
-653
-1919
-1591
-3313
-4068
-4226
-5434
-4888
-5802
-6267
-4177
-4886
-4197
-2207
-1662
1261
2283
4645
8277
9072
12675
14129
16240
18132
17537
18723
17391
15725
13580
9916
6928
1878
-2856
-7149
-12210
-16471
-20305
-23747
-26450
-28301
-29012
-28516
-27348
-25529
-22255
-19066
-15475
-11456
-6954
-2611
686
4452
7405
10106
11502
13024
15157
15311
15479
15234
15473
15351
14332
13669
13833
12842
10402
9358
8096
5796
3150
-735
-2158
-6141
-11069
-12629
-16537
-17864
-21030
-22889
-20607
-22468
-20156
-17933
-15493
-9602
-8617
-2952
2227
4188
9783
11217
14596
17564
16016
17906
17781
16260
15977
13198
12107
10726
6997
6104
4403
2211
1193
-796
-1754
-2442
-4032
-4697
-4917
-5848
-6187
-6631
-6841
-6007
-6115
-5505
-4024
-2473
-996
1014
3521
6017
9170
10853
13854
16620
17057
18962
18765
18012
17743
13739
12016
8246
2778
-793
-6742
-10975
-15179
-20598
-23082
-26333
-28604
-28986
-29806
-27914
-26050
-24191
-19860
-17013
-12722
-8383
-4935
-107
2883
6041
9453
10841
13315
14742
15630
16624
16180
17179
16847
16348
15652
15438
14849
12500
11315
9770
7484
4637
709
-919
-5032
-9095
-12493
-15159
-17332
-21009
-21668
-21914
-22161
-20669
-19485
-15656
-12285
-9686
-4207
-674
3645
8019
9955
14090
16226
16014
18123
17543
17116
16806
13795
13599
11401
8515
7908
5446
3922
2629
400
-531
-1357
-3466
-4054
-4955
-6282
-6348
-7976
-8206
-7098
-8224
-7315
-6133
-5228
-2558
-1458
1352
4823
6741
9158
12573
14400
16434
17770
17416
18357
16050
14156
12550
7982
4587
317
-5417
-8173
-14603
-17618
-20653
-25480
-25978
-27984
-28606
-27094
-26725
-23349
-20510
-18290
-13369
-9703
-5463
-1573
1498
5789
8664
10187
12614
14651
16609
16350
16467
18157
17870
16842
15814
16464
16088
12829
11252
10665
8096
4968
1153
55
-3361
-8353
-10927
-13609
-15206
-18734
-20638
-19668
-20477
-19949
-18496
-16264
-12088
-10613
-7019
-2205
729
4801
6884
9980
13487
13460
14636
15872
15730
15624
13873
13238
12852
10560
8791
7613
6260
4652
2502
912
368
-1650
-3973
-4399
-5421
-6807
-7993
-8564
-7599
-8252
-8494
-6364
-5111
-3722
-1628
733
4079
5538
8035
10916
13367
14330
15823
16291
16058
15393
12373
12363
8281
4525
1429
-4054
-6856
-11813
-16164
-17896
-22855
-24548
-25661
-27078
-25534
-25548
-23148
-19460
-17868
-14045
-9311
-5486
-1380
1113
5474
9147
9632
11952
14532
16137
16010
15223
17072
17057
15458
14504
15305
14892
11714
10160
9500
7838
4595
1372
362
-2884
-7518
-9628
-13077
-14174
-17692
-20191
-18905
-20920
-19613
-18799
-17389
-12436
-11930
-7825
-2654
-552
4685
6454
9893
14006
13501
15731
16638
16166
16488
14277
13462
13197
10347
8666
7344
5482
4106
2390
421
61
-1184
-3499
-3380
-4594
-5466
-5630
-7179
-6012
-6068
-6865
-5053
-4148
-3351
-1093
-99
2434
4982
5654
9010
10594
11763
13698
13123
13747
14344
11004
11264
8098
4857
2308
-2707
-4964
-9235
-13931
-15301
-19566
-22039
-23144
-24585
-23552
-23909
-22371
-18996
-17554
-14341
-10492
-6903
-2679
-616
3055
6617
8122
10208
12053
14192
15051
13968
15706
16063
15674
15243
14756
15607
12923
11276
10910
8756
6315
3367
529
-2070
-6562
-9785
-12658
-15649
-18484
-20726
-21795
-22311
-21724
-21271
-18841
-15306
-12877
-8791
-4794
-336
4129
6581
10533
13898
15119
16696
17208
17746
17783
15460
14801
13795
11614
9938
7384
6063
4841
2153
749
-205
-1438
-3150
-4474
-4772
-5510
-6667
-7357
-6670
-6631
-7125
-5942
-4867
-3348
-1838
-463
2886
4236
6786
9138
11201
13255
14248
15297
15398
15205
13638
12553
9394
6759
3274
-1197
-4056
-9065
-12873
-15326
-19543
-21681
-23666
-24954
-23921
-24967
-22847
-20395
-18686
-15389
-12444
-8072
-4410
-1782
1519
5502
7592
9472
11360
13418
14891
14121
15162
16101
15917
15356
14817
15505
14179
12204
11524
10176
7965
4865
1743
-415
-4523
-8517
-11901
-14589
-17552
-21143
-22099
-22994
-22957
-22405
-21013
-16783
-14401
-11216
-5760
-1831
3069
6563
9544
14660
15728
16865
18666
18235
18692
16658
15003
14893
12029
9963
8171
5834
4998
2523
888
139
-1405
-2657
-4090
-4501
-5272
-6223
-7018
-7347
-6773
-7630
-7060
-5950
-5096
-3071
-1976
55
3197
4745
8087
10004
12380
14531
15137
16440
16195
16301
13447
12434
9195
5322
1412
-3096
-6671
-11559
-16161
-18525
-22172
-25099
-25612
-26677
-25588
-25193
-23272
-19605
-17152
-14253
-9630
-5881
-2301
457
3783
8063
8857
10486
13144
14456
14626
14231
16068
16527
15377
15125
15757
15551
13481
12394
11844
10170
6822
4072
1679
-1415
-6235
-9806
-12574
-15604
-19293
-22017
-22314
-23138
-23180
-22522
-19764
-16050
-13745
-9483
-4331
134
4412
7741
12063
15797
16690
18285
19298
19104
18733
16580
15423
14030
11318
8828
7014
5366
3672
1095
-296
-1008
-2850
-4254
-4951
-5657
-6349
-7751
-8136
-7607
-8287
-7922
-7180
-5990
-4651
-3538
-1070
1517
3231
6253
8724
11039
13814
13882
17043
16703
16746
16714
13219
14000
8920
5035
2807
-2842
-5486
-10888
-15957
-15867
-22438
-23958
-24429
-26169
-24493
-25919
-23159
-19043
-18502
-15075
-10270
-7274
-3021
-1512
2761
6856
6892
9909
11811
13376
14324
13879
16285
16859
15825
16661
16515
16737
15019
13236
13240
10665
7451
4632
1542
-1524
-6683
-10337
-12784
-16848
-19430
-22745
-22899
-22647
-24020
-21453
-19616
-15800
-12032
-9601
-2920
1339
4901
9282
12299
16532
17354
17478
19693
18732
17536
15966
13942
13086
10028
7650
6770
4616
2967
1408
110
-388
-2166
-3667
-4095
-5269
-6767
-7810
-8671
-9010
-9574
-10257
-8896
-8096
-7087
-4891
-2680
-88
2839
4894
8447
11025
12723
15687
15771
17825
17604
16967
15816
13244
12002
8203
3988
648
-3360
-7191
-12142
-15982
-17421
-21776
-24126
-25220
-25206
-24348
-25500
-22755
-18858
-17183
-14960
-10619
-5935
-2751
-1650
3224
7552
8198
9766
12167
15930
14996
14702
17602
18436
18033
16372
17386
18158
14672
12897
12430
9691
6396
1775
-538
-3179
-9231
-12663
-15316
-18445
-20785
-23862
-23407
-23064
-23761
-21093
-18990
-14598
-11250
-8266
-1572
1707
6051
9937
12676
16924
17105
18000
19565
18354
17531
15894
14050
12981
10186
8106
7230
5217
3759
2206
997
530
-1160
-3008
-3467
-4470
-6256
-8046
-8942
-9195
-10275
-11033
-10043
-8558
-7951
-5961
-3239
-437
2759
5375
8382
11604
13381
16141
16363
17924
18285
17288
16468
13469
12656
9082
5225
1906
-1653
-5271
-9729
-14432
-15747
-19347
-22842
-24363
-24925
-24604
-25802
-24900
-21397
-19061
-17570
-14098
-9333
-5316
-3288
-173
5063
7689
9015
11144
14580
16368
15527
16895
18737
19153
17770
17358
18232
16625
13429
11956
10556
7141
3307
-1286
-3153
-7265
-12923
-14468
-18864
-19315
-22483
-25048
-21302
-23359
-21097
-18133
-16648
-9459
-9221
-4268
2867
3603
9633
11748
14150
18934
17402
18681
20336
17618
17985
15533
13083
13750
8872
6921
6337
3019
1486
-685
-2826
-2782
-5681
-8049
-7139
-9484
-10422
-10363
-11830
-10217
-10527
-10488
-7079
-6499
-4221
-942
329
4886
6861
8966
12572
13750
15877
16493
17402
17368
16714
15956
14396
12862
9577
7619
5808
466
-1046
-4834
-8464
-11480
-16242
-17258
-20306
-24375
-24605
-25690
-26582
-26193
-25972
-22095
-20099
-18929
-13601
-9316
-5552
-1820
1683
8072
10491
12051
16775
19149
20933
20492
21903
23714
21928
20515
20050
19185
16056
12563
10950
8598
4248
158
-2455
-5738
-10068
-13404
-15789
-17705
-20340
-22427
-21978
-22259
-21784
-20336
-18642
-14590
-12572
-9793
-4404
-1173
3059
6664
9678
14360
15656
17061
20017
19499
19758
19293
16946
16500
13504
10494
8905
5273
3071
419
-3286
-4646
-6741
-9618
-10601
-11869
-12747
-13099
-14255
-12920
-11818
-11961
-9825
-7529
-5930
-3132
-1192
2058
5382
6315
10073
12014
13545
15515
16128
17761
17512
17226
16755
16190
14926
12523
10974
9081
5841
2542
-660
-3483
-7114
-12061
-14257
-17335
-21318
-23373
-25479
-26164
-26811
-27505
-24785
-22641
-20925
-17078
-13315
-7847
-4580
-733
5325
9123
11701
14449
18353
20392
20316
20902
22536
21680
19551
18764
18005
15575
12073
10112
8053
4687
675
-2103
-4401
-8112
-11488
-13865
-15839
-17975
-20225
-21124
-20369
-20791
-19994
-18097
-15997
-12529
-10592
-6542
-1827
1357
5456
8792
12501
16011
16798
18840
20206
20012
19639
17200
16286
14340
10290
7780
4807
1914
-1203
-4783
-6411
-8303
-10657
-11893
-12415
-12417
-12823
-12624
-11447
-9956
-8932
-7690
-5094
-3730
-2169
573
2125
4613
6045
7716
10791
10799
13065
14684
15107
17230
15671
17297
16858
15114
15252
11561
10825
8362
2797
1362
-3242
-7069
-10396
-16422
-16787
-20840
-25078
-24594
-26281
-26093
-25645
-25274
-20085
-18335
-16524
-10795
-7076
-2651
140
3778
9413
10918
12196
14961
17350
17612
16751
17688
18582
17134
14927
14571
14624
12065
9366
8128
6636
3894
262
-1321
-3585
-6170
-9883
-12184
-12522
-15969
-17123
-18198
-17914
-16989
-18504
-15259
-12416
-11011
-7076
-4762
204
3824
5516
10574
12586
14594
16634
15844
17083
16462
13670
12946
9810
7536
5139
477
-477
-2978
-6295
-7170
-8485
-9277
-9745
-10465
-9253
-8500
-8817
-7226
-5745
-5126
-3510
-2550
-1008
881
1449
3083
5054
5885
7507
8599
9581
11527
11542
12408
13421
13725
13305
13571
12964
12619
11150
8727
8461
5622
1854
-56
-3502
-6486
-10146
-14669
-15241
-19015
-22198
-22521
-23868
-23472
-23909
-23196
-19318
-17751
-15962
-11249
-7517
-4038
-1177
2740
7383
9006
11075
13625
16096
16061
15865
17239
17102
16027
14237
14009
13735
10860
9125
8461
6716
4467
1645
654
-640
-3935
-6345
-7708
-9346
-11564
-13846
-14415
-14056
-15753
-15739
-14316
-12688
-10875
-9472
-6072
-2291
-326
2773
6129
8566
11042
11862
13232
14309
13103
12386
11196
9097
7331
4335
2009
255
-2406
-4389
-5850
-7122
-7601
-8603
-8812
-8149
-7994
-7738
-6754
-5867
-4741
-4107
-3074
-1149
-261
727
2439
4057
5618
6319
8236
9646
10381
11504
12373
13172
13065
13694
13100
13226
12246
11587
10536
8381
7405
5123
1997
-389
-2931
-6187
-9179
-13144
-14435
-17262
-20632
-21515
-22115
-22434
-22993
-22170
-19320
-17422
-16476
-12445
-8605
-5560
-2849
277
4994
7233
8633
11439
13945
14943
14959
15619
16558
16080
14840
14112
14130
12755
10403
9625
8253
6754
4717
2381
1499
-621
-3266
-4797
-7064
-8545
-10293
-12816
-12551
-14395
-14608
-14608
-14771
-12403
-12546
-10239
-7566
-6229
-2578
-1121
1549
4746
5453
7951
9031
9548
10756
9733
9477
9467
7394
6359
5336
3298
2439
167
-1181
-1492
-3780
-4718
-4890
-6131
-6525
-6881
-7388
-6118
-6859
-6528
-4542
-4293
-2763
-1406
-239
2678
3291
4944
7405
8332
9883
10696
11754
12722
13133
12505
13804
13113
12497
12683
11734
11171
9998
8355
7834
5209
2754
1367
-2443
-4912
-8699
-11339
-14499
-18533
-20907
-22664
-24915
-26344
-26707
-25738
-24527
-23733
-20291
-16459
-13045
-9480
-4740
435
4424
7612
11986
15904
17995
19386
21419
23072
22047
21923
21186
20451
18358
15543
14801
12199
9237
7418
4884
2865
1
-2525
-4104
-7189
-9299
-11533
-13887
-15342
-17789
-18182
-19659
-20237
-19022
-19620
-17294
-15201
-13438
-9041
-7327
-2686
1182
2912
8149
9920
12222
14921
14724
16294
16013
14422
14285
11929
9853
8012
4914
2823
453
-2513
-4212
-5997
-8361
-9160
-10275
-11115
-10895
-11474
-10555
-9391
-9138
-6830
-5352
-3801
-959
389
2955
5348
6543
9136
10364
12052
13518
13709
15551
15764
15949
16909
16237
16835
16330
14868
15483
12447
11711
9391
5265
4401
-1313
-4535
-8121
-14341
-15967
-21579
-25949
-26511
-30669
-30902
-31557
-32014
-28418
-28150
-24858
-19407
-16003
-10378
-5591
-201
6497
10198
14694
19581
22407
25146
25713
27696
28122
25992
25297
23264
21664
17888
14286
12804
8942
5133
2497
-670
-2852
-6775
-9645
-10759
-14199
-16387
-18427
-20120
-20443
-23126
-22695
-22162
-22121
-20052
-19341
-15503
-11961
-9649
-4403
-1007
3948
8050
10558
15525
17629
19325
21123
20824
21025
19723
16974
15406
12184
8486
5365
1344
-1535
-4702
-8187
-9983
-11661
-13502
-14208
-14503
-14083
-13147
-12776
-10889
-8759
-7640
-5203
-3027
-935
1579
3192
5447
7413
8824
10784
11843
13072
14670
14986
15637
16597
16727
16770
16735
16204
15719
15070
12771
12121
9600
6640
5272
-142
-2024
-5850
-11085
-13132
-19287
-21436
-24252
-29418
-28893
-31145
-32210
-30665
-31460
-27194
-24426
-22297
-15648
-10930
-5301
686
5696
12970
17733
20884
26219
28578
30744
30848
30363
30620
27201
24728
21024
17871
14005
8666
6086
2297
-1797
-4255
-7385
-9091
-11561
-13845
-14295
-16338
-17707
-18561
-19410
-19993
-20814
-20341
-19845
-19278
-17555
-15508
-12234
-9032
-5750
-704
3277
7282
11993
15078
18951
20812
22113
23482
22242
21152
19171
15536
12466
8600
4231
461
-3820
-7036
-10087
-13020
-14473
-15351
-16328
-16163
-15303
-14447
-12838
-11408
-9441
-6922
-5671
-3298
-964
717
3158
4678
6804
8918
10278
12115
13613
14602
16183
16324
17064
16916
16820
16362
14813
14401
12459
11152
8571
7092
4881
2378
-502
-2254
-4628
-8398
-10090
-13322
-15160
-18517
-21536
-21798
-24657
-26327
-26169
-26941
-25190
-24702
-22749
-17921
-15604
-10742
-5863
-430
5412
9765
14998
20443
23861
26177
28979
29987
30313
28250
26743
24655
20607
16622
12255
8788
4013
-526
-3580
-6886
-9771
-12317
-14301
-15055
-16464
-17533
-17649
-17647
-17889
-17856
-17036
-16309
-15219
-14234
-12342
-9565
-7709
-4697
-926
2209
6063
9488
12622
16415
18348
20181
21905
21545
21742
19958
17302
15408
11222
7270
3564
-876
-4726
-8808
-12332
-14456
-16990
-18895
-19130
-19435
-19079
-17890
-16705
-14238
-12120
-10112
-7028
-4698
-2031
648
2873
5494
7650
9398
11428
12972
14064
15380
15847
16235
16375
15430
15255
13808
12592
11413
8629
7853
5578
3256
2378
-847
-623
-2801
-4762
-3931
-7196
-5858
-8098
-9402
-8208
-11465
-10912
-12645
-14082
-13170
-16246
-15613
-15018
-15976
-13862
-13712
-10614
-7589
-6199
-1675
2643
5714
9579
12594
16403
18996
18773
21220
20941
19994
17608
15310
13941
8891
5934
2515
-476
-3238
-7352
-8054
-9130
-11377
-10929
-11381
-10487
-9542
-9759
-7696
-6708
-6610
-5337
-5043
-4355
-3506
-3977
-2617
-1902
-1530
47
891
2994
4890
6233
8663
10029
11446
12714
13203
13247
12718
11348
9234
6901
3816
939
-2791
-6249
-9027
-12190
-14538
-16288
-17257
-17639
-17449
-16095
-14723
-12746
-10159
-7449
-4435
-2088
970
3548
5589
7276
8892
10277
10851
11000
11350
11477
10758
10100
9631
9010
7929
6824
6087
5511
4182
3185
2608
1930
1104
317
-265
220
-1078
-846
-729
-728
-205
-1054
-68
290
-1064
-284
-1259
-1774
-2419
-5101
-4821
-6881
-9319
-9710
-11549
-12057
-12643
-13102
-11187
-10589
-9290
-6097
-3707
-495
2206
5105
8505
9950
11693
13029
13494
13198
11531
11154
8976
6461
4941
2372
1040
-1193
-2622
-2375
-3864
-3886
-2996
-3161
-2350
-1919
-1388
-911
-1174
-1338
-1349
-2293
-3057
-3305
-4611
-4683
-4966
-4959
-4047
-3685
-1992
-450
843
2827
4613
5931
7057
7812
7806
7477
6370
4726
3026
378
-1938
-4301
-7037
-8822
-10638
-11705
-12120
-12481
-11599
-10296
-9020
-7089
-5023
-2644
-655
1125
3356
4544
5740
6504
6948
7605
6856
6959
6800
5744
5828
4947
4640
4458
3440
3617
3129
2503
2893
2305
1794
2310
1593
1823
1936
1548
2695
2501
2812
4174
4135
4818
5428
5025
6199
5246
4089
4332
1750
624
-1835
-4997
-6013
-9727
-12419
-13717
-16234
-16903
-17682
-17990
-15704
-14939
-12705
-9168
-6289
-2492
991
4029
8100
10291
12141
14332
14798
15358
14465
13970
12837
10916
9366
7669
6279
4515
2808
2418
1289
318
34
-1046
-697
-1726
-2995
-3027
-4348
-5424
-6935
-8146
-8697
-10128
-11159
-11101
-11089
-10778
-10107
-8446
-6767
-5060
-2763
-700
1744
3466
5009
6491
7041
7701
7667
6628
6137
4930
3065
1761
69
-1139
-2509
-4015
-4118
-4907
-5351
-4818
-4662
-3947
-3359
-2738
-1674
-1218
-793
-118
43
206
168
-67
-235
-567
-965
-685
-903
-986
-349
-98
771
1366
2063
3447
3768
4683
5908
5892
7046
7020
7419
8260
7620
8399
8591
8127
8908
8607
8320
8642
7210
6928
5888
3834
2517
20
-2602
-4776
-8311
-10761
-13088
-15844
-17293
-18588
-19208
-18724
-18003
-15890
-13224
-10526
-6576
-2716
915
4814
8383
11742
14150
15750
17267
17842
17256
16410
15266
13462
11332
8883
6961
4801
2542
1002
-491
-1831
-3032
-3860
-4394
-5159
-5860
-6668
-7312
-8226
-9134
-10125
-11065
-11430
-12451
-12688
-12461
-12333
-10865
-10043
-8315
-5757
-4078
-987
1416
3524
6453
7786
9204
10623
10508
10846
10247
8830
8153
6013
4139
2770
448
-1056
-2449
-4117
-4880
-5651
-6563
-6517
-6671
-6950
-6434
-6565
-6135
-5439
-5571
-4790
-4230
-3941
-3115
-2780
-1555
-553
-148
1303
2383
3415
4391
5399
6799
7244
7804
8291
8543
8592
7903
8016
7300
6532
6394
5328
5300
5102
4457
5317
5102
5345
6001
5562
6345
5923
4979
4892
3144
1552
-78
-2973
-4765
-7447
-10046
-11388
-13708
-14632
-15166
-15432
-14436
-13353
-11441
-8679
-6192
-3171
29
2709
5296
7682
9266
10595
11222
11088
11028
9755
8609
7493
5660
4119
2699
1363
402
-783
-1223
-1428
-2212
-2269
-2413
-2716
-2923
-3733
-4100
-4801
-6434
-6897
-7926
-8968
-9401
-10308
-9718
-9498
-9190
-7125
-5841
-3929
-1542
397
3226
4996
6461
8412
8840
9239
9167
8095
7385
5679
3783
2323
304
-1304
-2757
-4134
-4857
-5560
-5981
-5932
-5796
-5557
-5214
-4705
-4487
-4023
-3894
-3874
-3292
-3490
-3254
-2775
-2637
-1925
-1307
-492
792
1643
2901
4630
5672
6972
8199
9023
10248
10343
10468
10911
10139
9699
9004
7917
7378
6223
5309
4994
4242
4215
4273
4344
5122
5221
5865
6115
5961
5840
5171
4026
2444
365
-1744
-4589
-7503
-9985
-12606
-14846
-16614
-17787
-18205
-18217
-17221
-15618
-13729
-11057
-8323
-5313
-2374
289
2873
4934
6496
7694
8299
8551
8381
8009
7156
6407
5565
4747
4222
3505
3038
2784
2447
2240
1925
1585
1315
538
-207
-1031
-2110
-3347
-4558
-5693
-6697
-7614
-8369
-8615
-8485
-8235
-7445
-6319
-4802
-3318
-1646
137
1911
3458
4434
5547
6149
6145
6127
5525
4673
3936
2500
1344
198
-1105
-2075
-3145
-3824
-4137
-4640
-5032
-4835
-4864
-4834
-4501
-4158
-3690
-3427
-3123
-2300
-1864
-1407
-498
201
1063
1858
2661
3844
4784
5472
6511
7237
7928
8378
8745
9102
9016
8824
8427
8027
7442
6574
6073
5160
4440
3914
3212
3144
2721
2961
2987
3013
3183
3354
3354
2950
2707
1916
826
-474
-2490
-3935
-6415
-8677
-10558
-12789
-14185
-15690
-16640
-16619
-16540
-15442
-13805
-11933
-9398
-6762
-4125
-1029
1626
4029
6143
7522
9063
9648
9944
10110
9698
9078
8258
7359
6556
5550
4566
3936
3149
2400
1774
1109
419
-377
-1368
-2204
-2955
-4060
-4868
-5643
-6483
-7014
-7523
-7663
-7402
-7285
-6476
-5627
-4807
-3193
-1936
-492
921
1835
3164
3921
4531
5015
4916
4697
4149
3500
2657
1697
870
-54
-1108
-1752
-2467
-2968
-3296
-3724
-3694
-3864
-3862
-3699
-3784
-3453
-3368
-3264
-2869
-2738
-2246
-1951
-1430
-769
-238
615
1447
2271
3054
3904
4857
5427
6157
6740
7130
7411
7349
7521
7154
6850
6279
5750
5268
4385
3820
3256
2593
2153
1491
1448
1300
971
1276
1262
1374
1503
1702
1740
1672
1440
991
519
-357
-1101
-2117
-3568
-4635
-5934
-7193
-8072
-9023
-9555
-9845
-9944
-9351
-8536
-7677
-6227
-4751
-3161
-1376
39
1547
2856
3759
4652
4997
5362
5447
5051
4799
4310
3895
3266
2770
2667
2233
1960
1841
1858
1916
1704
1807
1800
1528
1282
900
499
-149
-860
-1536
-2291
-2952
-3742
-4244
-4573
-4895
-4811
-4759
-4371
-3728
-3332
-2568
-1803
-1291
-605
-264
131
406
188
216
-54
-612
-854
-1339
-1681
-1821
-2269
-2182
-1830
-1868
-1409
-868
-567
95
398
772
1344
1093
1196
1167
721
559
-80
-535
-797
-1475
-1648
-1921
-2079
-1873
-1977
-1443
-906
-284
553
1221
2191
3132
3810
4586
5402
5782
6199
6489
6527
6700
6388
6264
6304
5849
6025
5884
5763
5998
5669
5965
5737
5584
5399
4707
3955
3002
1771
459
-1347
-3016
-4749
-6822
-8394
-10035
-11485
-12611
-13415
-13765
-13786
-13554
-12652
-11643
-10285
-8661
-6841
-4796
-2943
-850
1080
3007
4625
6035
7520
8616
9309
9991
10419
10610
10527
10175
10000
9341
8387
7607
6633
5575
4437
3053
1951
542
-936
-2152
-3525
-4762
-5896
-7076
-7871
-8631
-9322
-9644
-9906
-9904
-9672
-9244
-8592
-7846
-6835
-5837
-4663
-3296
-2261
-1017
110
1028
2094
2757
3497
4199
4227
4622
4682
4530
4433
3874
3516
2855
2057
1600
626
-294
-931
-1811
-2569
-3233
-3680
-3963
-4395
-4578
-4253
-4219
-3890
-3248
-2693
-1792
-1020
-22
1071
2064
3111
3931
4721
5582
6120
6551
6925
7112
7134
6794
6525
6172
5459
4892
4128
3425
2677
2016
1451
756
555
132
-18
89
193
596
901
1202
1765
2040
2348
2647
2370
2264
1848
1127
411
-771
-1777
-3022
-4430
-5680
-6902
-8011
-8742
-9551
-9919
-9869
-9869
-9402
-8666
-7727
-6386
-5135
-3546
-1813
-232
1431
3053
4671
5947
7135
8028
8807
9197
9281
9338
8964
8474
7782
6912
5924
4706
3627
2579
1329
240
-784
-1790
-2653
-3415
-4156
-4694
-5293
-5757
-6127
-6459
-6529
-6743
-6788
-6701
-6739
-6391
-6150
-5655
-5033
-4316
-3274
-2591
-1504
-247
847
1951
3003
3956
4771
5112
5614
5867
5695
5399
4777
4223
3353
2405
1601
790
29
-632
-1235
-1539
-1831
-2092
-2069
-2068
-2052
-2040
-2005
-2090
-2078
-2063
-2148
-2069
-2055
-1942
-1628
-1376
-972
-366
165
800
1468
2208
2897
3332
3840
4265
4345
4384
4215
3976
3485
2872
2369
1536
903
424
-348
-561
-882
-887
-655
-582
130
476
982
1742
1885
2499
2662
2582
2847
2102
1944
1250
192
-303
-1663
-2391
-3231
-4382
-4855
-5880
-6202
-6478
-7055
-6662
-6766
-6344
-5677
-5247
-3924
-3131
-1963
-428
565
2099
3257
4451
5830
6647
7604
8195
8583
9037
8756
8591
8179
7332
6598
5335
4334
3013
1475
331
-1148
-2348
-3495
-4637
-5354
-6201
-6702
-6989
-7226
-7116
-6948
-6613
-6168
-5705
-5161
-4430
-3773
-3069
-2409
-1701
-972
-289
440
1185
1897
2541
3234
3830
4288
4769
4943
5150
5180
4907
4876
4207
3671
3177
2149
1546
593
-335
-995
-1985
-2620
-3103
-3840
-4219
-4507
-4920
-4886
-5125
-4988
-4664
-4670
-4104
-3715
-3243
-2485
-2019
-1201
-585
29
667
944
1352
1551
1594
1637
1460
1319
1029
704
610
289
114
3
-74
-83
16
168
301
551
699
1029
1146
1329
1700
1796
2242
2444
2722
3314
3587
4179
4618
5068
5778
5782
6160
6225
5962
5733
4833
4129
3010
1439
293
-1429
-2929
-4302
-5832
-6803
-7829
-8293
-8427
-8505
-7881
-7233
-6244
-4951
-3645
-2045
-656
789
2195
3277
4342
5183
5747
6166
6271
6419
6231
5820
5618
4956
4393
3779
3039
2595
1669
1090
579
-371
-860
-1475
-2063
-2600
-3342
-3695
-4356
-4967
-5212
-5677
-5818
-6175
-6235
-6033
-6035
-5473
-5039
-4438
-3537
-2904
-1833
-907
27
1194
1917
2807
3598
4034
4644
4740
4882
4866
4404
4086
3377
2699
1901
884
82
-946
-1899
-2705
-3624
-4159
-4775
-5206
-5386
-5695
-5549
-5366
-5133
-4664
-4269
-3660
-3100
-2556
-1886
-1330
-784
-366
157
515
797
1233
1399
1707
1906
1979
2226
2285
2361
2497
2424
2599
2507
2513
2587
2396
2539
2446
2349
2500
2355
2509
2613
2586
2874
2954
3275
3550
3702
4146
4398
4644
4910
5216
5285
5303
5290
5038
4741
4168
3677
2832
1949
1087
-56
-1003
-2129
-3185
-4036
-4996
-5604
-6161
-6693
-6699
-6905
-6766
-6426
-6132
-5336
-4807
-4062
-3072
-2418
-1393
-514
266
1260
1825
2647
3206
3718
4287
4513
4796
4887
4839
4706
4404
4046
3481
2941
2260
1432
720
-166
-978
-1738
-2535
-3106
-3765
-4323
-4585
-4962
-5119
-5137
-5145
-4983
-4778
-4517
-4061
-3663
-3235
-2636
-2122
-1562
-992
-552
77
503
839
1315
1524
1807
1896
1972
2073
1939
1809
1614
1319
972
567
47
-385
-859
-1412
-1892
-2377
-2756
-3036
-3441
-3447
-3525
-3645
-3359
-3321
-2983
-2727
-2495
-1952
-1797
-1331
-1008
-766
-275
-76
374
636
1022
1456
1777
2338
2752
3396
3839
4309
4876
5254
5665
5893
6098
6211
5959
5811
5497
5009
4476
3759
3206
2326
1727
1046
396
92
-484
-573
-752
-801
-501
-479
16
324
625
1151
1214
1531
1693
1630
1662
1350
1079
740
206
-127
-728
-1207
-1639
-2214
-2454
-2923
-3142
-3253
-3586
-3529
-3621
-3655
-3472
-3467
-3197
-3028
-2750
-2361
-2089
-1513
-1129
-606
-33
410
1028
1458
1876
2319
2549
2828
2942
2933
2916
2697
2512
2180
1806
1413
933
478
-9
-455
-886
-1264
-1614
-1895
-2108
-2282
-2406
-2428
-2411
-2329
-2292
-2158
-2030
-1910
-1731
-1665
-1483
-1378
-1285
-1100
-1088
-992
-932
-1012
-944
-1158
-1149
-1316
-1618
-1603
-1886
-1915
-2063
-2126
-1929
-2081
-1756
-1575
-1336
-860
-710
-188
156
479
884
1043
1376
1480
1631
1743
1670
1667
1543
1459
1348
1237
1107
1057
887
928
993
905
1119
1142
1331
1541
1597
1965
1967
2142
2344
2282
2430
2323
2194
2151
1853
1667
1415
1078
819
438
224
-56
-305
-486
-628
-749
-802
-777
-702
-662
-535
-411
-407
-188
-179
-3
95
203
348
461
768
902
1218
1544
1842
2221
2477
2895
3096
3229
3433
3343
3335
3110
2769
2448
1761
1184
565
-336
-966
-1840
-2562
-3174
-3993
-4277
-4786
-4964
-4878
-4974
-4537
-4196
-3602
-2910
-2329
-1418
-708
-23
728
1255
1839
2185
2403
2660
2640
2597
2446
2182
1911
1467
1064
605
46
-419
-974
-1499
-2020
-2566
-3016
-3579
-3931
-4349
-4644
-4866
-5031
-5010
-4939
-4836
-4482
-4057
-3694
-3126
-2546
-1865
-1278
-615
64
558
1027
1535
1827
2157
2351
2450
2616
2513
2567
2513
2386
2394
2184
2055
1916
1661
1552
1263
1026
864
495
274
-6
-322
-582
-835
-974
-1194
-1328
-1293
-1414
-1346
-1218
-1064
-831
-625
-248
60
380
807
1136
1536
1801
2021
2273
2246
2336
2207
2023
1851
1522
1274
975
662
395
148
1
-125
-201
-173
-148
-49
20
108
293
331
476
555
565
741
625
803
857
828
1035
917
1221
1142
1176
1472
1231
1523
1456
1428
1586
1375
1501
1383
1216
1282
921
878
597
379
191
-209
-344
-692
-981
-1156
-1509
-1633
-1902
-2094
-2142
-2370
-2400
-2470
-2528
-2498
-2491
-2383
-2262
-2177
-1837
-1676
-1337
-949
-637
-139
217
668
1032
1383
1764
1958
2250
2323
2347
2397
2197
2104
1872
1576
1326
900
605
168
-219
-563
-978
-1292
-1592
-1833
-2024
-2124
-2209
-2182
-2093
-1979
-1723
-1525
-1181
-872
-573
-149
177
527
781
1105
1323
1410
1637
1653
1714
1685
1513
1500
1193
1038
771
430
253
-267
-437
-821
-1186
-1328
-1739
-1782
-1974
-2147
-2039
-2177
-1928
-1815
-1711
-1325
-1303
-927
-769
-573
-320
-236
3
37
198
249
240
415
386
465
578
523
622
609
628
645
612
610
560
436
339
244
58
-70
-217
-375
-448
-604
-698
-676
-795
-729
-695
-629
-461
-449
-249
-164
-67
120
217
449
535
737
1010
1133
1461
1669
1944
2227
2352
2694
2746
2919
3066
2972
3036
2929
2748
2639
2369
2121
1875
1479
1262
832
502
227
-248
-471
-847
-1134
-1397
-1668
-1826
-1997
-2079
-2050
-2077
-1949
-1794
-1606
-1285
-1029
-620
-266
98
496
767
1122
1290
1455
1618
1541
1583
1451
1297
1129
841
640
358
76
-64
-320
-437
-549
-649
-626
-692
-597
-589
-541
-453
-436
-391
-340
-327
-290
-275
-268
-236
-291
-225
-206
-229
-138
-103
-101
-36
-45
-13
-27
-53
-47
-154
-259
-421
-583
-812
-1001
-1241
-1481
-1722
-1995
-2194
-2423
-2607
-2717
-2872
-2917
-2943
-2949
-2865
-2769
-2590
-2429
-2225
-1922
-1754
-1499
-1235
-1094
-847
-779
-559
-489
-497
-328
-411
-396
-344
-442
-356
-442
-451
-378
-492
-405
-425
-412
-350
-341
-234
-182
-92
67
192
383
558
775
1019
1183
1409
1566
1751
1869
1922
2025
1989
1958
1941
1812
1770
1636
1555
1445
1306
1276
1176
1089
1063
1039
1044
1017
1066
1107
1153
1251
1363
1563
1646
1878
2091
2214
2433
2580
2725
2793
2797
2855
2701
2603
2412
2129
1883
1480
1159
712
376
-27
-452
-735
-1115
-1359
-1548
-1708
-1794
-1815
-1766
-1683
-1545
-1295
-1075
-805
-493
-171
169
465
793
1057
1271
1502
1630
1767
1858
1824
1911
1858
1756
1748
1560
1396
1240
973
730
431
105
-219
-546
-865
-1219
-1535
-1830
-2128
-2432
-2678
-2905
-3083
-3266
-3397
-3479
-3592
-3615
-3638
-3605
-3551
-3510
-3388
-3212
-3060
-2910
-2636
-2497
-2311
-2110
-1934
-1795
-1663
-1491
-1422
-1336
-1264
-1211
-1242
-1246
-1299
-1403
-1428
-1585
-1638
-1732
-1838
-1863
-1931
-1892
-1851
-1703
-1565
-1357
-1027
-811
-427
-74
250
634
876
1295
1485
1702
2011
2024
2234
2255
2246
2282
2195
2191
2077
2007
1910
1827
1809
1696
1722
1685
1686
1750
1737
1821
1825
1874
1918
1894
1930
1927
1922
1883
1891
1887
1867
1894
1879
1949
1927
2020
2079
2075
2192
2180
2242
2275
2279
2338
2286
2316
2335
2247
2233
2191
2107
2079
1974
1950
1821
1698
1605
1419
1359
1138
1016
892
671
592
408
235
118
-154
-317
-577
-800
-985
-1262
-1454
-1694
-1878
-2017
-2203
-2277
-2325
-2395
-2391
-2359
-2297
-2231
-2135
-2035
-1904
-1767
-1649
-1551
-1362
-1267
-1199
-1084
-1060
-938
-1017
-1032
-1029
-1171
-1206
-1361
-1485
-1609
-1826
-1982
-2139
-2302
-2454
-2602
-2726
-2820
-2867
-2874
-2872
-2773
-2692
-2515
-2365
-2160
-1880
-1642
-1364
-1102
-802
-551
-297
-104
99
252
357
428
496
534
496
470
415
380
322
231
148
126
29
-8
-60
-67
-37
-86
-16
7
69
167
209
344
515
612
796
970
1122
1313
1436
1620
1800
1926
2091
2179
2302
2406
2435
2505
2526
2530
2550
2481
2450
2448
2339
2278
2197
2076
2003
1891
1786
1711
1591
1495
1397
1281
1211
1086
965
850
757
655
513
446
330
183
96
-36
-122
-206
-297
-366
-421
-448
-516
-548
-574
-601
-612
-639
-643
-596
-613
-567
-542
-484
-390
-361
-204
-116
6
161
220
425
493
588
697
711
845
802
823
772
734
690
512
474
306
158
-6
-238
-418
-680
-919
-1194
-1528
-1782
-2091
-2383
-2606
-2839
-2979
-3150
-3221
-3219
-3152
-3025
-2880
-2583
-2284
-1984
-1559
-1170
-791
-391
-73
280
558
802
1005
1101
1212
1227
1159
1141
993
857
694
432
283
27
-191
-369
-623
-763
-942
-1079
-1144
-1200
-1232
-1241
-1168
-1139
-1046
-920
-836
-692
-569
-431
-293
-137
25
174
322
441
619
734
843
977
1037
1104
1133
1146
1147
1093
1059
961
863
766
642
549
384
240
119
-32
-141
-223
-314
-406
-456
-485
-502
-462
-431
-364
-264
-167
-71
43
188
279
395
476
560
649
675
758
769
799
844
832
836
846
801
762
728
633
585
460
348
273
124
16
-112
-221
-319
-404
-470
-513
-494
-492
-442
-372
-296
-167
-68
51
223
312
428
537
603
683
689
711
694
615
577
492
417
314
193
64
-48
-151
-285
-349
-434
-492
-516
-541
-525
-487
-448
-368
-275
-197
-74
2
121
224
248
350
378
392
434
396
388
346
288
233
142
101
-4
-62
-126
-201
-226
-307
-301
-344
-371
-334
-364
-345
-318
-318
-284
-269
-254
-236
-229
-185
-190
-170
-140
-140
-98
-72
-43
-8
24
69
74
110
129
118
152
111
111
82
23
0
-81
-130
-206
-273
-320
-396
-448
-487
-540
-588
-613
-630
-645
-663
-672
-678
-698
-686
-661
-677
-647
-634
-601
-555
-530
-476
-452
-402
-345
-291
-236
-174
-118
-80
-7
39
84
135
151
196
233
262
321
320
356
412
431
470
520
534
547
607
587
584
605
574
567
535
496
442
397
350
311
241
212
190
119
130
124
119
143
177
195
265
315
377
445
459
537
592
587
619
619
556
555
512
456
400
321
270
209
162
136
94
73
61
67
74
100
102
125
169
190
238
238
255
274
297
307
330
326
320
323
341
329
309
302
243
234
208
141
74
18
-68
-124
-173
-235
-314
-376
-391
-434
-438
-444
-457
-442
-395
-378
-358
-317
-327
-288
-248
-230
-211
-220
-198
-171
-169
-130
-117
-137
-116
-97
-105
-103
-119
-149
-158
-193
-212
-258
-325
-342
-387
-421
-436
-484
-532
-545
-552
-572
-560
-601
-622
-611
-621
-590
-592
-596
-597
-562
-520
-491
-439
-414
-362
-294
-212
-156
-85
-22
40
114
174
196
221
263
260
283
269
230
178
156
112
84
52
-16
-38
-54
-50
-25
-27
-21
8
37
92
121
142
130
152
194
200
221
206
224
220
265
283
284
300
302
350
360
388
379
382
397
399
418
411
386
366
347
336
305
263
213
180
159
145
136
110
102
105
149
166
186
201
211
254
301
317
318
334
331
345
341
329
288
254
234
202
177
136
86
27
19
-18
-36
-60
-107
-115
-116
-110
-125
-134
-167
-153
-139
-148
-155
-180
-179
-169
-156
-152
-151
-158
-156
-131
-116
-124
-140
-140
-146
-160
-158
-180
-210
-223
-234
-246
-256
-277
-300
-307
-312
-301
-299
-317
-325
-312
-315
-315
-320
-351
-369
-365
-362
-379
-371
-378
-364
-345
-304
-284
-272
-243
-229
-195
-180
-150
-148
-134
-100
-82
-59
-59
-36
-12
10
22
36
45
36
62
58
56
70
50
41
39
37
38
40
45
63
85
103
122
137
168
176
192
214
218
210
223
224
222
234
229
242
235
264
266
254
253
255
268
248
246
233
232
217
223
210
191
212
205
198
202
214
206
217
218
221
234
232
225
218
211
207
207
177
157
154
121
104
92
93
77
75
77
68
63
57
64
41
49
33
29
5
-22
-26
-58
-84
-107
-119
-145
-147
-159
-176
-166
-166
-158
-165
-153
-161
-178
-170
-177
-185
-203
-208
-219
-226
-248
-264
-263
-267
-258
-267
-255
-243
-248
-244
-244
-249
-248
-237
-249
-253
-249
-244
-250
-251
-245
-246
-244
-245
-244
-249
-247
-235
-232
-233
-210
-196
-182
-153
-145
-127
-114
-107
-94
-89
-86
-74
-76
-64
-50
-55
-33
-14
-10
18
36
63
92
104
113
134
148
152
163
159
186
189
208
213
217
247
254
272
269
290
291
308
298
298
324
322
325
314
324
318
327
318
302
297
297
284
269
270
259
246
232
239
214
205
198
177
152
147
135
93
94
75
68
53
46
40
25
28
13
6
-13
-10
-29
-54
-66
-86
-91
-116
-119
-124
-139
-133
-136
-137
-149
-143
-145
-140
-129
-144
-146
-148
-142
-155
-157
-168
-185
-179
-179
-186
-178
-177
-166
-169
-160
-135
-134
-120
-102
-94
-89
-64
-77
-87
-71
-87
-85
-82
-89
-89
-79
-66
-63
-45
-30
-17
-8
8
25
31
39
39
40
45
44
42
49
37
43
51
59
65
80
87
86
108
110
115
108
117
115
118
125
123
121
117
124
117
122
124
118
119
113
118
120
112
103
107
102
92
98
80
78
66
54
61
52
45
45
40
31
42
37
33
33
22
19
21
0
-7
-25
-41
-48
-62
-66
-79
-89
-93
-84
-95
-102
-99
-126
-130
-132
-135
-144
-153
-151
-161
-160
-171
-164
-171
-183
-178
-180
-173
-183
-184
-186
-184
-185
-178
-171
-175
-168
-162
-147
-141
-140
-129
-130
-120
-106
-109
-102
-96
-97
-83
-73
-78
-72
-73
-77
-55
-51
-43
-24
-27
-13
-2
8
20
23
35
39
47
50
66
59
67
83
79
93
92
101
109
103
118
125
125
130
155
154
152
179
169
176
180
193
184
193
199
193
202
193
201
198
204
203
209
207
216
218
209
214
205
209
206
213
208
206
208
210
208
198
199
178
170
161
137
134
119
100
103
100
98
104
102
87
83
65
55
40
9
-1
-26
-50
-55
-79
-103
-104
-119
-129
-124
-137
-142
-148
-158
-154
-170
-189
-200
-224
-245
-248
-261
-277
-283
-300
-293
-297
-298
-297
-306
-306
-309
-313
-314
-313
-329
-325
-317
-326
-322
-316
-320
-320
-315
-302
-298
-293
-278
-269
-261
-248
-227
-228
-213
-203
-193
-176
-165
-154
-144
-127
-116
-97
-77
-63
-47
-33
-12
-4
8
20
29
41
64
82
102
123
132
155
172
180
196
206
206
218
228
232
244
252
260
276
282
295
309
310
321
327
333
335
338
330
330
323
320
323
313
314
313
310
311
317
309
303
304
297
290
283
275
260
245
236
226
215
200
189
183
169
157
153
148
130
129
124
105
91
74
63
39
29
17
3
-10
-25
-32
-46
-52
-64
-73
-85
-101
-109
-118
-132
-147
-160
-169
-182
-195
-203
-223
-235
-251
-246
-257
-265
-266
-273
-278
-287
-279
-297
-298
-304
-308
-306
-316
-317
-316
-324
-324
-317
-315
-317
-307
-299
-293
-280
-278
-264
-265
-262
-256
-250
-243
-244
-223
-213
-203
-181
-161
-154
-145
-119
-114
-99
-82
-75
-59
-50
-32
-15
-9
7
16
30
38
61
69
87
107
116
141
145
155
165
175
175
192
200
199
213
225
230
242
254
249
248
252
256
253
266
269
272
273
279
278
271
272
264
263
262
266
264
262
259
246
240
230
217
209
203
198
199
198
189
184
176
159
152
142
122
115
106
98
93
91
77
66
56
39
27
16
5
-6
-9
-10
-15
-19
-25
-39
-52
-66
-78
-92
-92
-101
-104
-108
-112
-123
-132
-137
-148
-148
-152
-145
-154
-148
-152
-151
-161
-167
-175
-184
-187
-186
-180
-182
-171
-172
-171
-172
-172
-180
-178
-179
-173
-168
-159
-154
-153
-148
-147
-146
-150
-144
-142
-138
-123
-111
-103
-93
-93
-98
-96
-97
-98
-87
-76
-65
-47
-29
-23
-14
-9
-7
-14
-9
-8
-6
3
16
28
33
49
46
52
53
64
67
81
85
94
101
104
105
101
96
86
94
90
104
111
127
127
137
138
130
128
121
117
110
121
120
127
132
130
123
115
109
98
98
99
98
105
108
111
106
106
91
82
70
60
54
53
54
55
58
51
45
34
24
12
9
2
4
2
7
0
-2
-12
-24
-34
-43
-44
-52
-40
-46
-39
-42
-40
-54
-62
-70
-83
-84
-84
-75
-74
-64
-63
-64
-67
-75
-78
-87
-91
-87
-82
-77
-73
-63
-69
-70
-73
-71
-78
-69
-60
-57
-45
-39
-34
-38
-34
-43
-46
-48
-45
-44
-29
-17
-11
-6
0
0
-6
-2
-6
-2
-4
12
15
25
24
26
20
12
11
7
18
17
31
35
45
44
46
44
33
27
22
26
26
32
39
37
37
32
27
18
14
14
12
23
24
30
28
28
19
10
3
-9
-12
-14
-5
-5
2
1
2
-3
-8
-13
-18
-21
-25
-22
-19
-20
-20
-20
-24
-31
-34
-35
-40
-37
-31
-25
-22
-21
-18
-25
-26
-35
-31
-37
-34
-33
-27
-22
-23
-14
-22
-16
-25
-13
-20
-13
-11
-9
-6
-7
2
-7
-4
-11
-5
-4
4
9
10
15
13
18
17
15
14
14
17
15
21
22
21
23
26
28
24
24
23
25
27
31
33
31
29
30
27
23
20
23
21
23
26
27
22
23
23
19
17
18
16
13
13
15
13
16
13
11
8
7
4
4
8
-1
2
0
5
-2
5
3
0
0
5
3
-4
-1
-3
-3
-6
1
-6
-6
-5
-1
-5
-2
0
-1
1
2
2
-3
-2
-5
-2
-6
-4
-9
-6
-6
-3
-1
-1
-1
-3
0
-1
1
-1
2
-3
-3
-4
-5
-4
-5
-4
-6
-4
-5
0
1
0
-2
1
1
0
1
1
-3
-5
0
-2
-3
-4
1
-4
-1
1
2
-3
0
2
1
0
0
2
-1
1
4
4
-1
3
5
4
0
2
-1
0
-1
3
1
-3
1
2
4
4
7
4
5
1
2
3
2
2
4
5
3
4
7
3
-2
-2
-1
-4
-2
4
1
1
5
10
9
8
7
4
4
1
3
-3
-7
-5
-3
-3
-3
0
0
1
3
8
6
4
5
6
2
2
0
-2
-4
-1
-3
-4
-4
-6
-4
-4
-1
-3
0
0
4
3
5
5
1
4
0
-3
-4
-4
-9
-10
-9
-10
-7
-5
0
1
2
6
5
6
1
4
-3
-1
-3
-3
-4
-7
-6
-7
-4
-7
-3
-5
-3
1
0
2
4
3
3
4
3
-2
1
-4
-2
-5
-3
-4
-3
-2
0
0
-3
3
-2
0
1
4
0
4
3
2
5
3
5
2
1
-2
-2
-5
-4
-6
-5
-1
-1
1
4
5
5
8
