SAMPLES:	13966
BITSPERSAMPLE:	16
CHANNELS:	1
SAMPLERATE:	16000
NORMALIZED:	FALSE
1
-1
0
0
0
0
-1
0
0
1
0
1
0
0
0
1
0
0
0
0
0
0
0
-1
0
-1
0
-1
0
0
0
0
0
0
-1
0
0
0
-1
0
-1
0
-1
0
1
0
0
1
0
0
0
0
0
0
1
0
-1
0
1
0
0
0
0
1
-1
0
0
0
-1
1
1
0
1
-1
0
0
1
0
0
-1
1
0
0
0
0
0
0
0
1
0
0
0
0
1
0
-1
0
-1
0
1
0
1
-1
0
1
0
0
0
0
-1
-1
0
0
-1
0
0
0
0
0
0
0
-1
0
0
0
0
0
-1
0
0
1
0
0
0
0
0
0
-1
0
-1
0
0
0
0
0
0
0
1
0
1
0
0
0
0
0
-1
0
0
1
0
0
-1
0
0
0
0
0
0
0
0
0
0
0
1
-1
0
0
0
0
0
0
0
0
-1
0
1
0
0
0
0
0
0
0
0
0
0
0
0
0
0
0
0
0
0
0
0
-1
0
0
0
1
0
0
0
-1
0
0
0
0
0
1
1
1
1
0
0
0
0
0
1
0
0
-1
1
0
0
0
0
0
0
0
0
0
0
0
-1
0
0
0
0
0
0
0
0
0
0
0
0
0
0
1
0
0
0
1
0
0
0
1
0
0
0
0
1
1
0
0
1
0
0
0
0
0
1
-1
0
-1
1
0
-1
0
0
0
0
0
0
1
0
1
0
0
0
0
0
-1
0
-1
0
0
-1
0
0
0
-1
0
-1
0
0
0
0
0
0
1
-1
0
0
0
0
-1
0
0
0
0
0
1
0
0
0
0
0
0
0
0
0
1
0
0
0
0
0
-1
0
0
0
0
0
-1
0
0
0
0
0
0
0
0
0
0
1
0
0
1
1
0
0
0
0
0
0
0
0
0
0
0
0
-1
0
0
0
-1
0
-1
0
0
0
0
0
0
0
-1
1
0
1
0
0
1
0
1
0
0
-1
0
1
-1
0
-1
0
0
0
0
-1
0
0
0
0
0
0
1
-1
1
0
0
0
0
0
0
0
0
0
0
0
0
0
0
-1
0
1
0
0
0
0
0
0
0
0
0
0
0
0
0
0
1
-1
0
0
1
0
1
0
-1
-1
-1
0
0
0
1
0
0
1
-1
1
0
1
0
-1
1
-1
0
0
0
0
-1
0
-1
0
1
-1
0
-1
0
1
-1
1
-1
0
0
0
0
0
0
0
-1
1
-1
0
0
0
1
0
0
0
0
1
0
1
-1
1
0
-1
0
0
-1
0
0
1
-1
0
0
0
0
0
1
-1
0
0
0
1
0
1
-1
-1
1
0
0
0
0
0
0
1
0
0
0
0
0
0
0
0
-1
1
0
0
0
0
1
0
0
0
0
0
-2
1
0
0
0
-1
0
-1
0
0
0
0
-1
1
0
0
0
0
0
-1
0
1
-1
1
0
0
0
-1
0
0
0
0
0
0
-1
1
0
0
1
-1
1
0
0
0
-1
1
0
0
0
0
1
-1
1
0
0
0
0
0
0
0
0
0
1
-1
0
0
0
0
-1
0
0
0
1
-1
1
0
0
1
0
0
0
0
0
0
0
-1
1
-1
0
1
0
0
0
0
0
-1
0
-1
0
0
-2
0
-1
1
1
0
1
0
0
-1
0
1
-1
-1
0
0
0
0
0
0
1
1
0
1
-1
0
0
0
1
-1
1
0
0
0
-1
0
0
0
0
0
0
-1
0
0
0
1
-1
0
0
-1
1
-1
1
0
0
0
0
0
-1
0
0
0
1
0
0
0
-1
0
0
0
-1
0
0
-1
1
-1
0
0
0
1
-1
1
0
-1
0
-1
0
-1
0
0
-1
0
0
-1
1
-1
0
0
0
0
-1
0
0
0
0
0
1
-1
0
-1
0
1
-1
0
0
0
0
0
1
0
0
1
0
0
0
0
0
0
0
0
0
-1
0
0
0
1
0
1
0
0
0
1
0
1
0
0
0
0
1
-1
0
0
0
1
0
-1
0
0
0
0
0
-1
0
0
0
0
1
0
0
1
0
0
0
1
0
0
0
0
0
1
0
0
1
0
0
0
0
1
0
0
0
0
-1
0
0
-1
-1
0
-1
0
0
0
1
1
0
0
0
-1
1
0
0
0
0
1
0
1
0
0
1
1
0
1
1
0
0
-1
0
0
-1
-1
0
0
1
0
0
0
0
1
0
1
0
0
0
0
-1
0
0
0
0
0
0
0
0
0
1
1
0
0
-1
0
0
1
0
0
-1
0
0
-1
-1
0
-1
0
0
0
0
0
0
0
0
0
0
0
1
0
0
0
-1
1
1
0
0
1
0
0
-1
-1
0
-1
0
-1
0
0
0
0
-1
0
-1
0
0
1
1
0
0
0
0
0
1
0
0
1
-1
0
0
0
0
0
0
-1
0
0
0
-1
0
-1
-1
0
0
0
0
0
0
0
0
0
0
1
0
1
0
0
1
0
0
0
-1
0
0
0
0
0
0
-1
-1
0
0
0
0
-1
1
0
1
-1
0
0
0
0
0
0
1
0
0
1
0
0
0
0
1
0
0
0
0
-1
-1
-1
0
0
-1
0
1
0
0
-1
0
0
0
1
0
-1
0
0
0
0
0
1
0
0
0
0
0
0
0
0
0
0
1
-1
0
0
0
0
0
0
0
0
0
0
0
0
-1
0
0
0
0
0
0
0
-1
0
0
-1
0
0
0
0
0
0
0
0
0
0
1
0
0
0
0
0
0
-1
0
0
1
0
0
0
1
0
0
0
0
0
0
0
0
0
0
-1
1
0
0
0
0
0
0
0
0
-1
0
0
0
0
0
0
0
1
-1
0
-1
-1
-1
-1
-1
0
0
1
0
-1
0
0
0
0
0
-1
-1
-1
0
0
0
-1
0
0
-1
0
-1
-1
1
0
0
0
-1
1
-1
-1
0
0
0
-1
-1
1
0
-1
0
-1
0
1
-1
1
-1
0
1
-1
0
0
-1
1
-1
0
1
0
0
0
0
1
0
-1
0
0
1
0
1
1
0
0
0
1
1
0
-1
0
0
0
0
1
1
1
1
1
0
0
0
0
0
1
1
1
0
0
0
1
0
0
0
-1
-1
-1
-1
0
0
0
0
-1
-1
0
-1
-1
-1
-1
-1
0
-1
-1
0
0
-1
0
1
0
1
0
0
1
0
0
1
0
0
1
0
0
0
0
-1
0
0
-1
0
0
-1
0
-1
0
1
0
1
0
1
1
0
1
0
1
1
2
2
1
1
2
0
1
1
0
1
0
0
1
0
0
-1
0
0
0
1
-1
0
1
-1
0
0
0
0
0
0
1
1
1
0
0
0
0
0
0
-1
-1
-1
-1
-1
-1
-1
-1
0
0
-1
0
-1
-1
0
0
-1
0
0
-1
0
-1
1
0
1
0
0
-1
-1
-1
0
-1
1
-1
-1
1
0
0
1
0
0
-1
-2
0
0
-2
-1
-1
0
2
0
0
1
1
1
2
2
2
3
2
1
0
0
-1
-2
-1
-1
-1
-1
1
1
2
2
1
1
2
0
1
2
0
2
1
0
2
1
-1
0
-3
-6
-7
-9
-9
-7
-5
-5
-2
-1
0
2
2
2
3
2
3
3
1
2
2
-1
1
1
1
2
0
-1
-1
-3
-4
-3
-3
-1
0
2
3
5
6
5
6
4
4
4
2
3
0
0
0
-1
-3
-2
-1
-5
-2
-6
-7
-4
-6
-4
1
1
4
8
7
8
8
4
3
2
1
0
1
-1
2
0
-3
-3
-6
-7
-6
-9
-6
-3
-1
4
7
7
9
7
4
3
-1
-3
-3
-2
-2
2
3
3
7
4
0
0
-6
-7
-6
-8
-3
1
2
7
8
8
7
5
1
-1
-6
-7
-8
-10
-9
-9
-11
-5
-6
-5
-2
-4
-2
-1
-2
1
4
5
8
9
6
7
6
1
2
1
-2
2
2
1
5
3
3
6
3
2
2
-3
-2
-3
-6
-2
-3
-2
-1
-2
-1
0
1
2
2
3
3
2
1
-1
-3
-2
-3
-3
-1
0
0
1
1
2
0
2
3
2
5
5
5
8
7
3
6
3
-2
-1
-7
-10
-11
-15
-16
-13
-13
-11
-6
-5
-2
0
0
-1
1
-1
-1
1
0
4
3
5
6
5
3
5
3
3
2
-1
-1
-2
-2
-2
-2
-4
-2
-3
-4
1
-3
0
6
3
7
10
5
6
6
4
8
9
8
10
10
7
9
4
3
4
1
1
0
-5
-10
-11
-19
-19
-17
-20
-12
-5
-3
5
12
11
15
16
12
15
15
12
15
16
12
15
13
6
8
0
-7
-8
-15
-16
-14
-13
-9
-4
-5
-6
-4
-10
-8
-13
-12
-10
-13
-7
-5
-7
-2
-3
-3
-1
-2
3
8
11
15
15
18
12
11
5
2
-1
-2
-2
0
0
-6
-6
-10
-11
-13
-10
-11
-9
-8
-7
-3
0
8
15
20
23
25
21
19
8
0
-4
-16
-16
-14
-18
-13
-6
-6
5
12
10
17
14
4
-2
-9
-20
-19
-19
-21
-17
-10
-8
-4
2
2
8
7
9
11
9
6
0
1
-2
1
5
5
6
3
-4
-5
-9
-12
-10
-9
-7
-3
4
6
10
9
10
5
2
-5
-7
-7
-10
-2
-2
3
4
7
5
3
4
-3
-1
-5
-6
-1
1
9
20
17
23
17
5
1
-8
-12
-14
-10
-9
-2
10
9
19
24
13
22
17
4
8
-5
-7
-5
-9
1
3
2
0
-11
-17
-21
-29
-23
-17
-11
-3
6
16
18
27
23
23
21
11
7
4
-5
-4
-6
-11
-6
-17
-20
-22
-29
-26
-24
-19
-8
-4
3
12
14
23
24
22
24
14
4
2
-6
-12
-7
-14
-13
-9
-16
-14
-8
-19
-5
-5
-5
7
0
8
3
-2
0
-3
-3
1
5
10
14
11
14
5
3
-1
-6
7
2
10
15
3
4
-15
-25
-22
-33
-18
-12
-4
10
8
11
8
1
9
-1
12
19
15
33
13
10
8
-23
-19
-26
-38
-25
-32
-27
-6
-10
2
19
9
29
20
18
29
11
18
16
5
7
2
-10
2
-4
-6
6
-3
0
2
-9
-1
-10
-8
-3
-5
4
10
9
11
4
-1
4
-14
0
8
-2
28
9
9
17
-24
-11
-29
-37
-26
-32
-29
-21
-27
-18
-9
-28
-3
-13
-9
14
1
35
44
47
67
65
51
50
26
2
9
-29
-10
-23
-36
-28
-65
-66
-73
-86
-71
-48
-28
13
48
59
88
96
97
95
83
75
61
47
21
16
-11
-28
-31
-57
-41
-49
-53
-40
-63
-64
-69
-79
-70
-63
-44
-5
3
43
66
60
78
66
61
65
43
46
42
25
24
17
8
0
-20
-28
-42
-57
-63
-71
-45
-57
-18
2
4
49
22
35
38
-9
8
-27
-55
-42
-74
-59
-31
-31
19
48
52
105
89
80
80
22
12
-21
-63
-56
-72
-72
-42
-45
-22
-3
-23
13
-2
-13
17
-13
13
-5
-14
15
-10
22
37
36
71
65
50
53
-7
-10
-41
-61
-46
-58
-26
-19
0
7
0
11
-11
-1
5
-23
12
-8
1
6
-1
4
21
20
29
33
28
18
11
10
-19
10
-10
10
14
0
14
-4
0
-19
-8
3
-12
32
11
22
37
-14
13
-25
-55
-22
-67
-32
-23
-32
15
-1
17
32
19
26
32
15
22
-3
-2
9
-23
35
3
21
62
-23
27
-9
-78
-22
-81
-78
-16
-75
-16
20
-37
32
35
-1
85
41
46
95
25
43
42
-14
19
4
-27
15
-44
-31
-33
-84
-40
-54
-58
11
-12
21
53
-7
37
13
-20
24
-18
0
19
-4
9
25
-2
25
42
14
41
15
-20
-10
-60
-73
-48
-74
-7
-11
22
57
32
77
38
44
38
19
36
-2
-1
-28
-44
-53
-78
-61
-70
-47
-24
-12
4
24
25
38
88
38
113
83
66
102
4
26
-14
-66
-39
-71
-108
-42
-118
-93
-57
-145
-32
-54
-47
52
15
50
95
48
57
79
16
69
55
29
76
30
38
34
-18
-12
-34
-81
-42
-97
-76
-65
-77
-20
-25
-6
33
5
34
5
-1
30
-22
61
14
31
95
10
73
48
-26
34
-34
-27
0
-41
-5
-14
-33
-15
-41
-43
-10
-37
8
25
30
78
39
81
44
30
53
-14
12
24
-38
16
-23
-32
-7
-58
-29
-40
-39
-16
-26
-21
22
-8
34
27
22
36
-1
3
-29
-52
-11
-51
-1
40
26
86
68
76
63
7
7
-43
-49
-60
-86
-20
-46
15
24
8
61
-1
3
-22
-55
-31
-78
-20
-47
-2
46
6
87
62
71
70
12
49
-25
-26
-32
-63
-24
-60
-24
-57
-5
-10
-3
35
-28
88
-47
0
26
-156
76
-79
-73
125
-60
109
114
11
156
55
-6
87
-73
-48
2
-165
10
-47
-108
85
-91
30
57
-79
105
-39
-24
77
-102
10
-9
-107
27
-47
-49
65
-56
31
66
-82
114
-35
-36
94
-95
42
44
-45
112
31
33
112
-14
37
-2
-66
-22
-47
-69
21
-54
30
41
-16
89
-12
34
22
-20
-24
-19
-43
-51
-1
-44
2
4
-24
18
-32
15
-33
28
-1
-21
68
-77
60
-21
-57
73
-70
22
19
-29
57
-4
29
24
34
10
35
24
-20
84
-37
52
47
-41
75
-59
14
-35
-83
8
-133
-22
-81
-67
-4
-73
41
-14
58
46
31
53
38
23
4
34
-13
20
6
2
-2
8
21
42
24
8
11
-98
6
-47
-64
72
-35
90
71
37
110
-36
55
-46
-87
-1
-120
-31
-72
-43
-11
16
37
60
72
37
114
6
129
75
45
138
-31
94
9
-41
60
-122
-27
-98
-144
-73
-215
-129
-144
-175
-44
-28
-21
75
83
26
129
107
17
152
-10
-8
129
-84
140
21
-9
142
-146
80
-43
-193
-11
-231
-165
-36
-200
1
-17
-93
109
-82
56
63
-67
83
30
20
133
100
91
143
28
78
2
29
9
-90
12
-147
-21
-109
-71
-42
-144
22
-95
38
-29
9
2
-33
84
-39
86
5
-20
101
-78
120
92
9
184
-30
110
-20
28
14
-152
59
-223
7
-7
-77
124
-65
83
96
20
172
53
-8
49
-16
-54
22
-78
-21
-41
-80
93
-120
60
-1
-161
78
-107
-49
-23
-5
-18
19
115
8
203
19
114
140
-91
293
-51
102
231
-166
272
-13
49
118
-147
8
-218
-103
-200
-132
-188
-201
-60
-218
28
-59
-47
29
-102
117
-29
116
98
82
179
-10
340
13
236
183
-145
291
-166
40
-23
-183
16
-270
-28
-137
-118
-55
-85
-89
-38
8
-117
78
-88
6
21
-17
169
2
148
137
-72
283
43
-11
201
-169
-72
0
-236
-35
-133
-272
96
-258
-38
168
-311
124
-86
-217
61
-187
-64
-9
-115
107
-57
144
222
1
220
72
68
105
19
105
60
-2
198
97
187
233
92
85
127
-16
-41
8
-161
-103
-118
-56
-4
-80
84
-34
-59
39
-103
27
-89
43
-20
7
230
-84
197
129
49
160
-13
280
-64
170
133
-51
275
-73
198
-102
-56
37
-232
-7
-178
-94
-62
-102
6
190
-56
171
152
-164
136
-131
-50
-64
-212
51
-58
1
56
-27
-31
-41
-279
-276
-191
-455
-217
-400
-270
-91
-211
150
-7
30
57
-58
-159
-98
-225
-531
-172
-534
-392
-277
-391
-40
-441
9
-46
-198
257
-21
118
120
184
267
131
442
193
297
358
380
508
389
747
477
470
776
434
826
698
671
900
631
683
676
546
204
99
-68
-367
-390
-604
-625
-576
-872
-438
-562
-535
-357
-765
-277
-614
-703
-344
-600
-446
-350
-201
93
150
361
653
494
737
912
681
856
679
873
437
351
601
-192
327
-152
-157
-1
-656
-49
-747
-784
-547
-1395
-881
-954
-1294
-712
-764
-584
-389
-285
-86
1
-289
1
-55
-359
55
-342
7
284
63
500
561
708
684
754
971
399
471
553
88
-17
-55
-251
-465
-525
-458
-584
-733
-469
-567
-602
-198
-280
-174
294
472
491
787
1171
1235
1415
1513
1613
1398
1158
1116
601
364
108
-577
-801
-794
-1388
-1720
-1521
-1769
-1957
-1685
-1404
-1104
-892
-541
167
40
557
902
777
1135
1114
1211
1002
1195
1038
919
996
463
575
-1
-434
-482
-1158
-1324
-1728
-1591
-1676
-1984
-1386
-1437
-1196
-1088
-583
-43
-157
610
1351
1663
2311
3133
3508
3976
4097
4078
3766
2644
2163
712
-462
-1106
-2579
-2850
-3350
-3857
-3468
-4043
-3706
-3344
-3623
-2750
-2316
-1985
-603
148
1258
2883
3477
4835
5445
5462
5895
5140
4430
3692
2311
1496
272
-1013
-1536
-2555
-3308
-3599
-4302
-4560
-4848
-5188
-4935
-4919
-4408
-3736
-2937
-1757
-755
378
1460
2374
2854
3490
3597
3442
3374
2678
2353
1751
1078
799
-35
-444
-1088
-1617
-1925
-2428
-2633
-2811
-2547
-2751
-2303
-1919
-1710
-875
-880
239
518
894
2018
1617
2210
2248
1987
2117
1486
1311
1159
496
363
274
-251
-124
-388
-722
-278
-997
-522
-462
-1094
-81
-860
-432
39
-148
1008
672
1529
2038
1815
2486
2012
2394
2137
1822
1822
1409
1424
1070
1033
844
675
693
109
264
-20
-533
-105
-516
-648
-336
-356
53
99
208
469
-139
-176
-403
-1236
-1275
-1670
-1979
-1883
-1938
-1714
-1423
-1247
-873
-692
-468
-243
-403
-448
-79
-184
-101
283
77
596
829
443
735
661
342
278
-618
-533
-969
-1563
-1118
-1789
-1425
-1088
-1393
-1024
-852
-818
-955
-918
-1025
-1219
-1274
-1388
-1182
-1270
-1153
-774
-830
-392
-196
-183
25
151
252
222
468
602
549
1014
1033
1264
1402
1269
1781
1232
1276
1506
639
1360
1236
1007
1880
1563
2449
2917
3195
4215
4118
4535
5012
4707
4715
3884
3638
2270
629
736
-2163
-2718
-3054
-5650
-4411
-5560
-6221
-4577
-6205
-4542
-3764
-4559
-1258
-1594
-1024
2369
1425
3344
5749
4638
7023
6584
5667
7003
3781
3183
2784
-676
-795
-2799
-4971
-4881
-7135
-7646
-7491
-8802
-7575
-7739
-7944
-5792
-6000
-4751
-2817
-2480
-309
655
1655
4021
3881
4719
5748
4966
5788
5129
3730
3622
1617
759
112
-1557
-1676
-2283
-3168
-3027
-3394
-3670
-2842
-2628
-2127
-1402
-637
373
913
1830
2976
3368
4011
4333
3834
4134
3943
3164
3012
2307
1813
1279
425
400
-305
-552
-482
-870
-591
-457
-391
587
662
1453
2289
2771
3880
3968
4224
4813
4329
4171
4073
2836
2561
1705
71
-149
-1740
-2617
-2870
-4384
-4103
-5718
-6341
-5661
-6698
-5742
-4703
-4105
-2156
-1060
273
1739
2346
3926
4146
4073
4834
3791
3310
2859
1413
1288
354
-466
-877
-2372
-3019
-4075
-5345
-5785
-6685
-7564
-7669
-7770
-7345
-6596
-5443
-4010
-2836
-1263
264
1285
2137
2492
2667
2831
2533
2826
2416
2596
2559
2134
2285
1520
1105
157
-995
-1485
-2584
-3040
-2817
-3220
-2659
-1783
-1523
-377
445
786
1688
1790
2226
2911
2930
3440
3325
3055
3247
3251
3424
4111
4853
5337
6485
6835
7250
7963
7374
7673
7856
6720
6603
5190
3723
2717
-899
-2188
-3998
-7790
-6955
-8927
-10534
-8431
-10219
-9474
-8106
-8674
-5838
-5363
-4334
-525
-946
1911
5418
5432
8156
9656
9613
10761
9414
8424
6923
3832
2187
-230
-2938
-4883
-7226
-8756
-9862
-11096
-11235
-11971
-12611
-11859
-11769
-11017
-9502
-7981
-5623
-3731
-1313
1545
3762
5902
7081
8156
8454
7974
8321
7448
6488
5829
4571
3606
2063
904
-264
-1993
-3296
-4619
-5972
-6565
-7003
-6952
-6079
-5165
-3698
-2557
-542
1144
1760
3713
4750
5236
6414
6609
6827
6820
5912
6481
6089
6002
7067
5913
6512
6852
5709
6528
6604
5753
6194
5038
4584
4101
1508
1166
-943
-4760
-5532
-6879
-9667
-9115
-9082
-10857
-10381
-10302
-10151
-8142
-6593
-4914
-3314
-2125
983
2098
3713
7349
8099
8899
10344
9687
8939
8120
6699
5231
2578
-382
-2400
-5597
-8092
-8781
-10444
-11393
-11957
-12403
-12243
-12450
-12390
-11270
-10128
-8679
-6430
-4501
-1331
1340
3672
6315
7318
8358
8268
7874
7985
6914
6405
5968
3848
2698
1485
-248
-1293
-2539
-3243
-4623
-5166
-5231
-6303
-6156
-5048
-3765
-2499
-1050
635
1467
2489
3677
4547
5577
5826
6949
6484
6983
7898
7413
8889
8498
7780
8176
7142
7243
7138
7529
8652
8284
9376
8592
6774
6518
3226
-298
-3312
-8921
-10227
-12418
-13830
-10514
-11774
-10417
-7963
-10864
-8990
-7408
-6742
-2986
-2040
818
3777
4940
9873
13228
13934
17244
16600
14484
11697
7309
4495
-293
-4279
-6524
-10825
-13540
-15280
-16978
-16424
-17190
-17078
-16395
-17740
-16986
-15419
-14118
-10997
-8034
-4014
-80
3121
7713
10653
12815
14826
13901
11866
10374
6979
5015
3776
1270
117
-1703
-3107
-4203
-5632
-5565
-6137
-6604
-6518
-7432
-7391
-6294
-4799
-2423
403
2871
5490
7462
8532
9674
10038
10036
9421
8373
7395
6632
6141
5944
7095
6697
5581
6056
4957
4991
5511
5909
8647
9514
10888
12191
10972
10171
7541
3273
-1084
-6347
-10669
-12750
-14465
-13591
-11983
-11919
-10718
-10868
-11833
-11073
-10244
-8458
-6393
-3723
238
3222
7045
12110
15791
18219
19625
19134
16966
12313
7677
3450
-2133
-5928
-9134
-12975
-15404
-17796
-19199
-19428
-20354
-20634
-20652
-20963
-19819
-18794
-15543
-10784
-7365
-1135
3247
7288
13050
13903
16926
17767
14208
14406
10611
7214
6639
2732
1364
-459
-2904
-3202
-6000
-7111
-7737
-10351
-9797
-9960
-10098
-7734
-6648
-3704
-129
1915
5717
8502
10075
11857
12108
11905
12298
12250
11365
11006
9897
8514
7320
6281
5561
4502
4642
3623
3271
4633
4730
6767
10648
11365
12886
14118
10873
7496
3943
-2695
-7416
-10145
-13462
-13797
-13349
-13428
-12683
-12374
-12151
-12238
-12715
-11305
-9872
-8020
-4721
-1297
2421
7632
12600
17167
20401
21830
20964
17191
13101
7676
2204
-2573
-7720
-11780
-15393
-17768
-18743
-19833
-19363
-18813
-20339
-20506
-20556
-20371
-17621
-14674
-10890
-5376
-1411
3115
8123
11247
13518
13593
14213
13456
9743
9127
7753
3609
2737
1198
-1239
-2227
-3759
-4735
-6813
-8253
-7497
-9318
-9924
-7190
-6505
-5145
-2166
373
2877
4841
8009
9442
10095
11043
11475
12347
11600
13015
13139
10755
11236
10052
8632
8742
7795
6421
5385
6803
6884
8364
14508
15800
15738
17129
14098
6135
2237
-3684
-12938
-15041
-16400
-18438
-16368
-13927
-13106
-12707
-12134
-11428
-13237
-13166
-10886
-10651
-8278
-2375
1881
7884
14631
20108
23306
23773
23402
19752
14714
9428
2149
-3382
-8783
-14384
-16886
-19430
-21050
-20953
-22396
-22132
-22319
-23940
-21887
-21908
-20934
-16225
-14698
-8944
-3080
520
7634
11309
14188
15861
13850
14863
11063
7052
8817
4477
2281
3833
291
-535
-1048
-2912
-2523
-5141
-6665
-7021
-9145
-7975
-6530
-4809
-1481
534
3688
6325
7909
10802
11489
12128
12935
11743
12014
12129
11906
12530
13460
13189
11123
11097
10608
7425
7988
8583
8521
10579
13390
15989
15257
14228
11462
5065
-834
-8768
-14475
-15468
-19055
-17235
-14071
-14995
-13377
-12679
-13689
-13458
-15059
-13066
-11311
-11782
-6321
-2026
2126
11063
17255
21721
24959
23354
21075
17079
10633
4960
-1333
-6935
-12272
-17038
-18613
-21336
-22246
-21146
-23433
-23673
-23857
-25551
-25018
-22872
-19987
-16725
-11230
-4045
1821
5888
12127
16870
15369
15320
15669
10881
7888
6439
4712
2332
-13
1434
-438
-3006
-1304
-3416
-5350
-5111
-8152
-8482
-8273
-8343
-4014
-1761
958
7204
9808
12037
14858
15652
16109
14867
14396
14457
12409
12537
12736
12182
12848
10614
10724
11619
8981
9603
10449
10008
11201
11022
12531
11519
9290
6211
300
-4699
-12167
-14582
-14086
-16085
-12761
-10666
-11500
-10311
-11595
-12932
-13863
-13840
-11149
-10318
-8473
-3201
718
6023
13773
18772
20761
20711
19550
15248
8007
3484
-892
-7323
-11342
-14121
-17618
-19472
-20760
-19574
-20094
-23311
-22090
-24116
-27223
-24839
-24319
-19860
-13066
-7810
497
5559
10575
15368
16752
18856
16297
12374
11379
5283
1389
1555
-1204
-1156
-1237
-2173
-2436
-5248
-5827
-6227
-9724
-10331
-10307
-10388
-7591
-3931
1975
6920
11466
17490
18891
18101
19360
18075
16676
17458
15946
14862
14695
12933
11799
11777
11599
12401
12300
11876
10857
10171
11883
11643
11765
12392
7952
2542
-2180
-8364
-11895
-14079
-13947
-11561
-11119
-8923
-7600
-10086
-10983
-11570
-12172
-10825
-10321
-7512
-5492
-3856
1227
6364
11253
15832
17439
16148
12287
6936
2630
-2357
-6733
-8822
-13131
-16159
-16911
-19159
-18967
-17536
-18242
-19336
-21568
-25550
-25900
-25618
-24771
-18371
-12048
-5615
652
6676
14491
15373
17402
21249
15176
12148
10357
4537
2195
-1464
-1724
-974
-4742
-3351
-3734
-7498
-6367
-7701
-9574
-9255
-10332
-8256
-5716
-2672
3764
7658
11594
17170
18498
19187
20714
19853
19388
18538
15407
13913
12516
11213
12072
11697
13876
14142
13463
13391
12080
12801
10098
11264
10438
4014
2192
-4192
-10721
-11601
-15049
-13853
-11196
-10870
-7624
-7209
-8084
-8558
-10203
-9197
-7157
-7369
-3458
-1188
-134
5467
10106
13412
15811
16488
15277
9742
4033
-1091
-7122
-11467
-15020
-17794
-19588
-20605
-19359
-17895
-19283
-18112
-18788
-24438
-24560
-24660
-24791
-21054
-16989
-8469
-3165
879
10168
12897
16881
21170
19000
20477
16380
9493
8464
3615
-404
-1737
-4194
-4443
-6323
-8117
-7622
-8668
-9623
-10874
-11827
-10931
-10459
-6418
-74
3263
9275
15538
17497
20808
23917
23843
23872
22896
22015
18380
14273
13323
10998
11309
11357
11662
13694
10898
11790
14670
10602
11323
10455
4179
1697
-5326
-13392
-12859
-14991
-15454
-9056
-6596
-4759
-3556
-3755
-6135
-10799
-9373
-8379
-9866
-6253
-3326
-1808
3235
9636
15008
16779
16259
17018
10981
3296
-2417
-9750
-14019
-19393
-23390
-23119
-24210
-23025
-19115
-18219
-16847
-15862
-18622
-21266
-22457
-23577
-23266
-19480
-12866
-7056
-3259
5108
12452
13769
17704
21588
19470
16394
12890
9761
4775
-649
830
-2017
-6861
-4912
-6263
-7820
-6810
-8190
-8609
-10553
-10986
-8726
-8756
-5086
1675
6552
11339
16368
20914
24916
26264
27790
29097
27500
24820
21794
17656
13721
11871
8851
10370
11336
7696
11536
12812
9586
11380
7651
3857
-2190
-13944
-15433
-18650
-23451
-15209
-8823
-6070
523
3896
5115
798
-422
3177
-2974
-4700
-609
-2923
-1980
3681
10807
15405
15642
18438
15513
5517
283
-6586
-15041
-19351
-25187
-29051
-29979
-30837
-26006
-22090
-19332
-13324
-13000
-16368
-16948
-17797
-19726
-19162
-13976
-8113
-6890
-2699
6709
10695
11122
15315
18688
15528
10559
8687
6431
-873
-2426
-117
-4399
-6583
-4759
-5878
-7143
-7150
-7657
-8474
-10494
-10361
-8790
-8047
-3669
2239
6912
12217
16750
22116
25198
25918
28225
28621
27450
25760
21230
19148
15188
9597
10933
9566
6710
9139
9645
8913
8078
8486
6298
1289
-4802
-14345
-16829
-19610
-21708
-14123
-6441
-3645
628
5576
5456
2290
4328
6357
979
960
3188
228
2346
9804
14213
17459
19240
18901
13256
4549
-3109
-11366
-17889
-22755
-27930
-31323
-32477
-31512
-27366
-24042
-19234
-14590
-15520
-15651
-14712
-17394
-17881
-15124
-9297
-5124
-3319
3243
9790
12389
13735
15506
17074
11382
5211
5383
-297
-7538
-5327
-4675
-8397
-7837
-6157
-6102
-6479
-6400
-6434
-7990
-8521
-6343
-6219
-4860
740
6259
10612
15062
21213
24901
23818
26873
27103
22825
22131
20368
16730
14997
11665
9825
10263
9194
8628
7953
10968
8803
6061
6777
2280
-2655
-9366
-14974
-13713
-18258
-15910
-5588
-3096
-467
5236
6457
2994
1123
3962
2799
-1451
1568
2812
-228
4970
12605
16777
19223
21540
21778
14273
5523
-752
-10532
-18613
-22810
-28270
-32267
-32003
-30077
-26726
-23459
-18499
-15077
-17574
-17224
-17019
-19956
-19855
-16036
-10683
-6674
-3861
3616
11146
12828
14936
18341
16632
11346
6969
4411
-685
-6624
-5943
-5649
-8762
-8297
-7760
-8326
-8174
-8426
-9463
-10759
-10452
-9648
-8724
-4871
1370
6619
12365
18499
22884
25953
27175
27820
28238
25084
21734
20043
16117
13034
10144
8065
8598
8337
8023
9607
10856
9385
6025
3460
1506
-7329
-15415
-13448
-16244
-18795
-9875
-2586
120
4335
9163
9311
2476
2685
4878
-3127
-4560
1069
-2261
-3110
5798
12392
14943
18132
21733
18849
10965
6094
-1195
-11363
-16979
-21555
-27386
-30552
-30247
-26171
-25441
-21951
-14185
-16495
-19020
-16388
-20390
-22068
-20867
-18326
-11742
-10679
-4542
4601
7918
13933
15798
16644
17245
8940
7482
6119
-1849
-3430
-4063
-4708
-5226
-7445
-5125
-4968
-7705
-7336
-9568
-11903
-11269
-11093
-8537
-4154
165
7662
13266
18335
25174
27050
28998
31799
29375
26597
23442
19704
16010
12424
10133
6878
7298
9874
6498
8670
11864
7710
5846
3761
-834
-12086
-17596
-15736
-20731
-19261
-7578
-1975
2828
8951
14604
11694
7338
9799
6917
-2096
-1100
-602
-4723
-1914
5303
9736
12976
16644
18742
13435
6277
2112
-6624
-15368
-20289
-25837
-30643
-31735
-28081
-24784
-22489
-15356
-11203
-13177
-13939
-16108
-18096
-20014
-21709
-15486
-13873
-11136
-2644
3266
9936
12049
14338
17311
10599
7951
6272
198
-1791
-4522
-5385
-5869
-6672
-4718
-4250
-5608
-5577
-8065
-11741
-11791
-12464
-12229
-8275
-3828
1853
8041
13815
21056
25718
28719
31863
31992
28559
26667
24549
20268
17882
15291
12423
11483
10929
10449
9568
10429
10644
6920
3983
118
-8601
-19043
-19324
-19804
-23936
-15623
-4321
-1953
3912
12275
13729
9467
9977
12295
4577
-1060
1972
-739
-4743
2913
10020
11264
14562
18465
15868
8499
3858
-2453
-12863
-19947
-23239
-28224
-32370
-30427
-23731
-22034
-18606
-9783
-9488
-12608
-11534
-13914
-17460
-19801
-18518
-13630
-14196
-8685
1474
5370
10451
13215
13442
12994
5695
3537
2009
-4956
-5377
-5581
-7349
-5259
-4240
-1269
349
-1655
-2080
-6339
-10968
-11906
-14057
-13586
-9831
-4849
1860
7647
14378
22553
26568
29223
32173
29684
25507
23337
19731
15899
13947
11678
10962
10658
9323
11302
10998
11926
13937
9435
5552
1575
-8147
-17202
-18156
-18272
-20843
-12860
-2028
620
4284
12768
12961
6296
7693
8872
-419
-4704
-3057
-4976
-6513
1170
10246
12433
15975
20266
17153
9510
4304
-3178
-11932
-18918
-23713
-27851
-31151
-28548
-21652
-20311
-16009
-7899
-9836
-12501
-11533
-16756
-20078
-20839
-20164
-15794
-15498
-8480
1091
4762
11676
13329
13431
13922
6071
4127
1514
-5201
-4675
-6446
-6900
-3302
-4122
-1459
988
-816
-1883
-6013
-9512
-11089
-14634
-13517
-9476
-5220
1914
8764
16441
23316
26014
30421
32255
27241
25376
22556
15673
13587
11117
7888
7931
7985
8882
8470
9739
12935
11978
10146
6115
1419
-5691
-15266
-15531
-14613
-17156
-6628
2813
4078
9287
14608
11357
5889
4698
3668
-4845
-9797
-8133
-10183
-10241
-1682
7438
11783
14899
17919
15822
8491
4144
-2452
-10659
-15704
-20463
-25070
-25939
-23294
-17897
-15982
-11923
-5668
-9090
-12805
-12159
-17379
-21285
-21735
-21720
-18077
-16362
-10481
-708
3388
10015
14176
12640
14354
9542
4370
3454
-796
-2694
-4516
-5276
-1122
-2425
-2565
1837
-192
-4498
-6205
-8660
-12157
-15370
-13514
-9261
-6660
-423
7535
13878
20035
25196
29563
30100
26994
25246
21678
15518
12708
11832
8863
7736
9516
8962
9479
10201
11817
13113
8654
4551
2136
-5785
-15470
-16608
-13832
-15513
-9882
3407
7153
7762
15474
16066
6406
4764
4582
-4374
-11632
-10488
-9605
-12426
-6025
8482
12238
13715
20816
18978
10283
6037
31
-8351
-15451
-19944
-22272
-25208
-23893
-16806
-13669
-11768
-6024
-6485
-12696
-14446
-16555
-22212
-25698
-25431
-21833
-20407
-14877
-3720
3189
9279
14808
15255
15369
11774
7545
6214
2208
-736
-2607
-3806
-1068
-832
-1561
2334
1490
-3984
-6961
-9924
-13861
-17557
-16187
-12145
-10040
-4202
4318
10505
17146
22460
27249
28489
25906
25877
21986
16019
15532
13940
11982
10538
10965
12427
10373
10599
11385
11997
9807
3868
3301
-2703
-16632
-15164
-13581
-18202
-10116
2320
5244
8609
15273
16467
7680
5517
7624
-1960
-8601
-5753
-7928
-11772
-5942
5331
10122
12334
20267
19219
10732
6860
807
-7332
-13340
-18881
-20328
-23930
-25497
-16992
-14171
-12826
-4412
-4742
-10916
-13038
-16961
-22298
-26737
-26012
-22658
-23141
-17490
-7765
-2434
5238
10973
12907
13344
9436
7097
5094
75
757
336
-2530
1521
2985
949
3969
4732
-910
-4925
-7430
-12573
-16960
-16432
-13911
-11220
-6084
1631
8440
14540
19706
24409
26462
24730
24227
21888
15654
13840
14532
11459
11016
12402
11717
12195
11265
10665
11869
9131
6651
2661
-754
-8519
-17548
-12187
-12887
-15081
708
6644
7796
15328
14994
10563
4572
1546
1
-8121
-8904
-5265
-9382
-6388
3156
7392
11569
15941
16491
11500
3887
505
-6581
-14198
-16197
-17979
-20083
-20458
-17706
-11832
-11589
-8338
-2822
-8655
-11810
-13145
-20962
-22674
-24510
-25347
-18975
-17594
-11110
-2171
2264
9166
11782
11496
10290
4776
4102
1017
-2122
357
-1053
-89
2920
1987
3406
4351
635
-2159
-5791
-11031
-13860
-14256
-12145
-7979
-3676
3278
9995
14707
19721
22758
24688
24224
21691
19947
15354
10973
11961
10788
9072
11161
11624
10920
10382
9933
9440
7611
5625
2957
-728
-3977
-11912
-12069
-7587
-10738
-4184
6497
6707
10346
12036
8578
2795
-2323
-2098
-6111
-10839
-5355
-4953
-5590
2451
8314
10861
14223
15871
12556
3897
-386
-4070
-12745
-15873
-15754
-17426
-18518
-17698
-12580
-10660
-12606
-7659
-7822
-14689
-15863
-18567
-21523
-22353
-24031
-17942
-14365
-12509
-2171
3724
6550
10360
10632
9729
4619
1756
2096
-1933
-1808
273
-1232
-843
928
2085
1406
-946
-2129
-6578
-11698
-13362
-13764
-12064
-7879
-2525
3211
9081
14381
19875
23218
24154
25043
22809
19261
17439
12967
11549
12345
10532
10267
11721
10473
9642
9306
7245
7819
6531
2921
2687
-499
-5762
-8002
-7068
-4162
-4739
3054
9996
8661
9228
9478
3432
-2890
-5694
-5584
-8965
-9785
-4236
-3166
-1073
6999
11185
12737
16117
13259
7996
2310
-2201
-7507
-12167
-13917
-14585
-16699
-17222
-14070
-11926
-12873
-12231
-10733
-14229
-18644
-19745
-20728
-22519
-22378
-19006
-15696
-12705
-5678
490
5502
9520
9819
9882
8186
4541
3774
1768
333
856
-330
-2137
-1765
-711
-2265
-3498
-3836
-8238
-12352
-13019
-14177
-13109
-9080
-4107
1475
6383
12283
17680
20451
23206
25289
23660
20910
19521
16774
13143
13061
13491
10980
10260
10945
8662
6572
5675
4917
4935
3646
4651
3231
1711
-672
-4029
-2176
-1597
-2416
5520
7408
5515
6423
4549
-1388
-6270
-6021
-4806
-8324
-6339
-617
-1767
792
7806
10715
12548
13557
10751
6745
881
-3453
-7010
-10113
-12493
-13924
-15495
-16213
-15057
-13752
-15052
-14808
-14042
-18572
-21863
-20864
-21741
-21647
-17887
-15033
-11449
-7939
-2346
4353
7707
10768
12285
10230
9563
6378
3661
4184
2337
961
-517
-3829
-4753
-6646
-8950
-8316
-10487
-14247
-14705
-15027
-15988
-12307
-6516
-1042
4736
10585
15443
17968
20616
22944
23092
22252
20707
18346
16667
13437
12221
13790
10515
9247
9856
6333
4372
3263
2682
4175
3878
5918
5481
7103
5129
213
4850
1884
-3592
4950
4912
947
3409
2581
-2558
-8354
-6188
-2830
-8693
-5127
2821
-1612
-130
6783
9357
9507
11595
13662
8541
1897
1673
-2914
-8976
-9791
-11271
-15029
-18480
-17974
-16421
-19959
-19397
-14811
-19463
-21982
-19270
-20699
-20755
-18833
-15567
-11450
-9132
-1931
4278
7757
12749
13572
13442
12084
7994
7672
4711
1947
1456
-4356
-7200
-7743
-11776
-12079
-10680
-13380
-15060
-14322
-14788
-15102
-10388
-4532
-131
5650
11012
14771
17894
19994
23531
24725
23276
23051
21201
17505
14414
13041
12451
9838
8978
9044
4745
3517
3099
2161
5280
6242
9201
10879
7933
11878
6383
1498
6704
-256
-3069
3154
707
-1056
-1431
-1124
-4835
-10793
-4434
-3733
-8418
-787
1436
-1391
1958
4842
8508
9486
9943
12472
7548
1750
423
-4702
-9478
-12269
-14899
-18151
-23498
-23303
-21604
-25086
-22304
-17914
-21314
-20611
-18523
-19577
-17321
-16188
-12692
-6656
-5445
222
7638
9457
13545
15227
14607
13372
9587
7214
3167
-2007
-4763
-9066
-11759
-12982
-14846
-12838
-12717
-13329
-10960
-11216
-9972
-5828
-3060
2464
7193
10345
14814
17044
19421
23068
24808
25721
24934
23510
21444
15596
13456
12243
8450
6048
4923
1660
335
258
2840
4822
8455
14540
16207
15245
15484
12929
5377
2303
357
-5379
-6932
-1931
-5093
-6312
-3799
-3397
-8476
-6207
-3539
-4905
-5903
-2162
-2633
-3971
843
6259
7910
9666
13247
11667
6841
4505
2643
-4930
-10608
-13080
-17804
-24482
-25073
-23435
-24678
-24271
-20204
-19520
-20343
-18591
-16666
-16485
-16302
-13689
-10789
-9231
-4308
2508
6794
11549
16758
17801
15650
14286
11413
6134
1169
-2471
-8981
-13488
-14651
-15947
-15729
-12236
-10863
-9594
-7041
-5535
-4885
-2608
681
2884
4710
7340
11970
14578
18055
23909
26300
25369
26243
24168
18905
15561
13726
8536
5667
4450
2347
102
590
5099
6216
8997
14449
17810
20350
20537
17616
15537
5924
-646
-3828
-9651
-13288
-8811
-7243
-8272
-6791
-5029
-6585
-9209
-7164
-5627
-8137
-7833
-4361
-4761
-3065
2936
9621
10572
14735
16826
12910
8440
6208
217
-5902
-11216
-16217
-20620
-26513
-26457
-23803
-24942
-21909
-16613
-18529
-18854
-15615
-16381
-18251
-15403
-14597
-12936
-8490
-3277
4688
11013
17326
21753
19682
18215
13004
5348
1248
-4576
-9221
-13891
-16550
-15653
-17220
-14125
-7460
-6782
-4104
-572
-1249
-1625
-1111
703
2429
3438
8177
12448
15370
20614
24806
25803
25462
23862
20374
15624
11257
8635
4374
1257
1605
532
720
4059
7213
10665
14873
17973
21030
23320
24054
21877
18345
10861
2243
-4699
-8937
-12996
-14100
-9345
-8943
-9561
-7617
-8180
-11463
-10609
-8751
-9178
-11295
-9520
-8188
-8072
-3016
5082
9127
13803
17083
14826
11760
7142
2949
-2611
-7533
-12515
-16946
-21854
-23358
-22101
-21039
-20241
-17275
-16271
-19367
-18882
-17126
-18005
-16415
-12286
-10526
-7248
-1913
4943
10513
15203
17923
17623
13157
7070
3128
-1933
-7012
-8400
-10826
-13930
-13923
-11787
-9806
-7132
-2815
-891
-1697
-1088
-603
-1600
899
4225
5968
8663
11927
14057
17110
19371
20606
20653
18057
14220
11353
7821
4700
4944
4092
3639
5581
7278
8837
12010
12971
14939
16732
16846
18023
21009
22344
18458
16759
13193
-740
-6576
-6296
-15142
-16134
-11719
-11640
-14985
-12524
-10046
-12910
-15021
-8374
-9378
-13517
-9428
-6907
-7085
-2419
5168
9807
11212
14388
16497
11157
7826
6455
1681
-4283
-8447
-12766
-18223
-22303
-20934
-21012
-23048
-19583
-17753
-20957
-19042
-16130
-14993
-12425
-9677
-6093
-4306
-3701
2906
5993
7012
11283
10604
7570
3785
608
-1272
-5127
-4729
-3920
-8746
-6394
-4646
-6988
-4234
-1442
-1695
-1927
-1636
-578
-810
427
4936
7081
7871
9730
11939
12888
12960
14494
15869
12849
10389
9656
7133
6756
8519
10005
12011
12661
13099
13645
12804
13351
14205
13798
12573
12034
12530
13986
16692
19467
18787
14701
9211
-1234
-9992
-12059
-17639
-18975
-13346
-15083
-15372
-12849
-12583
-14701
-15215
-10601
-8970
-12432
-8938
-5562
-6875
-2154
6144
11389
13360
15862
17455
13575
9799
9356
3384
-1408
-5470
-12806
-18912
-22302
-23045
-22366
-23429
-21478
-18355
-20212
-19388
-15179
-12710
-11945
-10495
-7048
-6876
-7708
-3546
213
2733
4640
6035
7665
6143
4073
5510
5109
1837
1380
843
-2669
-3544
-3326
-3690
-3418
-3735
-3394
-1267
-774
-101
3680
5226
3140
4128
5842
3426
4322
8748
10431
11026
13417
15852
15987
15049
16812
17805
16159
14250
14574
12699
7541
7542
7301
3787
4948
6304
6290
10303
12263
14698
18599
19578
14648
11161
7385
-7326
-14844
-13177
-22018
-23697
-14173
-13989
-15200
-11590
-10034
-14762
-16786
-10960
-10495
-15486
-9768
-5834
-7713
-1065
10195
15234
17484
23038
23895
16970
13372
12101
5043
-2321
-6789
-11961
-20088
-24546
-21302
-21408
-24825
-19043
-17007
-21607
-19593
-16878
-16882
-15724
-14076
-10822
-10417
-9200
-2252
2266
6419
12198
14526
15097
13556
11425
11134
6679
3983
3373
-1318
-3992
-3708
-4241
-2903
-1831
-1253
-160
-944
-2398
-1683
-996
-1768
-1351
257
1558
2405
5410
10528
15308
17854
20052
21857
19498
15915
15016
13980
10859
8472
8016
5639
3126
3190
3505
4647
4267
5488
7502
6344
7611
10895
11744
13604
16128
15347
11583
7679
-447
-11852
-16695
-20936
-25197
-22641
-17962
-19144
-17442
-15824
-16217
-16863
-12481
-8073
-6831
-5529
-1294
61
2484
10733
17346
20269
23003
25067
21109
15811
11003
5326
-1588
-8224
-15214
-21726
-27908
-29340
-26770
-26637
-24809
-19207
-18346
-19943
-17323
-14937
-14311
-12453
-9637
-7230
-5783
-3197
3008
7913
11913
16312
18457
18703
15794
13720
11343
6137
3332
611
-3079
-4535
-4996
-4300
-2414
-1701
-436
-460
-1133
-2273
-3191
-2412
-2179
-1327
2246
3664
5112
9605
12497
15390
18153
19145
19105
17917
13890
11513
10011
6462
4593
4923
2873
1127
2698
2937
2583
3787
6495
7856
8630
10602
12461
12013
11204
12442
12121
6728
3606
147
-11345
-18881
-19469
-23706
-25236
-18663
-15167
-15163
-13633
-10858
-11750
-11999
-4965
-1113
-1746
1935
4467
4590
7392
12294
16291
16616
16601
15317
8974
2331
-564
-5222
-10036
-12983
-15650
-19744
-22435
-20111
-18041
-18401
-14711
-12697
-15722
-15381
-13098
-12198
-10258
-8235
-6097
-4309
-4060
188
5572
8089
11775
15022
14854
13430
12090
11822
9711
6639
6017
2377
-1494
-2525
-3070
-1927
-2111
-2790
-1256
-3626
-6198
-4338
-4212
-4274
-2323
-1282
149
1892
4792
9529
12816
15504
17615
17331
15733
13752
11786
10598
8557
6060
4949
3416
1378
1510
1658
2052
2776
2407
2819
2339
2802
4368
5355
6441
7891
7339
8550
9598
6237
3290
3121
-4450
-12766
-13339
-16018
-19665
-14555
-9576
-11257
-9136
-7106
-8576
-10552
-7928
-5276
-6231
-6526
-1700
-2152
-2706
4617
10089
9234
12459
15147
11347
7254
5543
2779
-1690
-4876
-7691
-11760
-15558
-15454
-13680
-15338
-15413
-12498
-15830
-17965
-14727
-14372
-14508
-9564
-6179
-6275
-3868
-199
2424
6814
11155
14967
15742
15210
15818
11566
10370
9558
4969
4241
1398
-1613
-2541
-4230
-2454
-4513
-5446
-1994
-4241
-3984
573
408
1625
4663
6511
6812
7042
10506
12893
12813
14591
15330
12579
10114
7313
5086
1854
-1294
-1446
-2281
-4551
-3483
-2358
-781
587
992
2581
1242
1218
2988
4361
6747
7511
10172
12299
9511
12429
14031
9209
7659
4308
-5688
-15162
-19224
-22788
-26176
-22390
-16915
-16741
-14885
-10424
-10083
-10596
-5994
-2158
-2929
-2481
359
421
2133
7714
13781
16324
17694
18688
17090
11548
8739
5406
-854
-6519
-9935
-15708
-20672
-19790
-19341
-19986
-17652
-15564
-16178
-14394
-11940
-8712
-6533
-4655
-2018
-666
-506
3586
7510
10519
14260
16528
17627
16630
14656
13135
10449
6019
3168
-12
-2679
-4061
-3898
-2263
-682
-83
1536
2604
1454
1372
1600
490
-405
-1289
-1997
-2089
-1144
2529
5109
6986
8684
8609
6994
4739
2857
1659
-1347
-3480
-3873
-5940
-6464
-3610
-1455
1119
3524
4286
5133
5600
6020
6340
7534
7015
6377
7074
5958
5819
7995
8911
10203
7348
4955
1522
-6282
-12306
-14983
-19442
-21087
-19129
-16861
-16351
-12341
-8468
-8496
-8182
-4602
-3198
-3419
-1279
3015
4579
5400
11080
15903
16731
19736
21672
17501
14613
11751
5821
429
-4646
-10880
-17153
-23261
-24524
-24375
-25314
-21587
-17383
-15582
-13041
-10213
-6739
-4218
-1658
3541
6327
7240
10445
13184
15401
18940
21196
22439
22377
19479
16270
10918
6100
2729
-2619
-6506
-9164
-12052
-13319
-12726
-11234
-9658
-8778
-7698
-7126
-6762
-5262
-3262
-1570
715
1983
3052
4971
7025
9940
11367
11249
9977
6605
1994
-1701
-4636
-6512
-7433
-7630
-6915
-5844
-4791
-2987
-1073
878
1703
2133
3901
4596
5791
9299
10682
12395
13884
12994
14487
14224
14638
16376
13150
10572
7026
-1102
-8271
-15470
-19824
-22220
-25100
-22435
-18564
-18632
-14288
-9373
-8829
-6127
-1750
873
1645
3980
7596
7737
9381
14156
16074
17293
18374
17158
14218
10296
5982
984
-4503
-10409
-14815
-18877
-22295
-22601
-21042
-19596
-15948
-10913
-6899
-3301
1149
4594
6344
9231
11056
12401
11629
11620
13364
10916
10889
12579
9971
8711
6370
3328
-1675
-8242
-7382
-11516
-15701
-11857
-12862
-12921
-10011
-8738
-5446
-5136
-2562
111
-1919
-93
871
-477
1239
1417
995
1549
1718
1955
556
-58
23
-2258
-5093
-5089
-5685
-7398
-5525
-3655
-2607
-386
1177
3526
5462
7982
10916
11485
13911
15504
16080
17364
17329
17488
15806
14458
12688
9631
9248
7841
7013
5095
-149
-3352
-9121
-15870
-20974
-24182
-24857
-24339
-20820
-16625
-14088
-8521
-3396
-878
2516
6366
8608
8588
9451
11571
10952
11105
15205
16491
15440
16180
14893
11294
7257
2692
-1351
-7678
-12620
-14294
-18440
-20012
-16409
-14880
-12878
-8999
-5960
-4372
-4957
-3197
-1612
-3509
-2239
-467
-393
1872
4133
6924
9066
9405
10475
8709
4986
3032
-850
-4542
-6899
-9922
-11413
-12681
-11997
-9693
-8730
-7206
-5918
-5722
-5873
-6809
-6545
-5994
-6174
-5402
-3994
-2604
-852
1020
3992
6217
6277
6869
7092
5285
2926
1841
1152
-36
-502
1295
2909
4323
7291
10994
12662
13643
14763
14230
12520
10040
8658
7983
4941
3959
5019
3266
2513
3259
2622
1710
1851
2444
1087
-1630
-2422
-4430
-8524
-10251
-11184
-11081
-9004
-6020
-1644
1035
3791
7534
6582
5530
4743
2114
600
-803
-1518
-338
-141
2666
6761
9196
11137
12934
13079
11651
7662
3574
-293
-6039
-9705
-12677
-16576
-16800
-15899
-15488
-12943
-11178
-8170
-6417
-6225
-3761
-3610
-5288
-3137
-2464
-2983
-1490
17
1771
2171
2677
3052
1532
95
-1301
-3918
-6446
-8257
-8782
-10024
-10905
-8734
-7056
-7004
-5020
-2422
-1979
-902
967
1543
1687
2012
2842
2791
2768
3887
3818
3846
4957
5399
5472
6337
6114
5649
5504
5068
5012
3828
4071
4817
3602
3520
3930
3631
3563
3207
3850
4228
3679
5211
4511
4594
4945
3673
5073
5303
5536
8749
10169
12612
13679
13981
14433
10322
7545
3728
-2420
-6687
-10812
-12764
-14037
-15633
-13430
-12563
-12708
-9817
-8492
-8478
-7060
-5260
-3507
-2372
1096
5283
7336
10881
15054
16588
16827
16315
14603
10452
5102
-251
-5244
-10703
-14882
-17180
-19512
-20731
-19895
-18485
-17262
-14619
-11352
-10174
-9017
-6380
-5907
-4974
-2243
-805
353
2731
4728
6386
7143
7346
7286
5401
3431
1272
-2310
-4438
-5567
-6645
-7169
-6978
-5197
-4393
-2926
442
1991
3179
5020
4950
3434
2536
1666
-318
-1598
-1089
-456
39
1694
3819
4569
5215
6694
6924
6119
5906
5950
5122
3838
4504
5547
4998
5661
7292
6999
5965
5730
5105
3927
3547
3877
4161
4525
4565
6095
6910
5812
6617
7649
5931
5325
5869
5226
3616
2087
3113
496
-3235
-2632
-4922
-8057
-7327
-9112
-10886
-11831
-12617
-12285
-13893
-13043
-9931
-9050
-5479
-705
2035
5706
8235
10011
10414
8570
8016
6239
2635
1114
-1106
-3906
-5022
-6300
-7711
-8237
-8947
-9284
-10378
-11393
-11717
-12586
-12467
-11136
-10495
-8452
-5431
-3454
-600
1975
4047
5883
6397
7325
7339
5724
5694
4915
2929
2621
1268
-299
-1247
-2455
-3428
-4344
-4546
-3968
-4060
-4279
-2997
-2551
-1893
-547
574
1990
2649
3553
4358
4111
4808
5603
6308
7437
7980
8566
8687
8598
7748
6481
5399
3586
1328
-1199
-3493
-5201
-6385
-6326
-5464
-3387
-842
1650
5299
8299
10829
13535
14786
15191
14727
12887
10779
8621
5721
4017
3261
2323
2337
2170
1537
110
-3011
-5583
-9656
-14660
-17296
-21307
-23246
-22194
-21644
-18011
-13480
-8898
-3269
-155
2621
5256
5267
6482
6815
6093
7044
7421
7294
7882
8627
9525
8890
8559
7161
3852
1417
-1823
-4493
-6736
-10162
-11405
-11655
-13201
-12126
-9867
-8501
-6494
-5341
-4352
-2950
-2869
-1681
-309
53
1240
2151
3621
5004
5451
7705
8404
7317
7778
6006
3689
2479
146
-776
-2320
-3469
-2922
-4258
-3820
-2389
-2968
-2411
-2633
-3467
-4008
-5557
-5128
-4334
-3390
-1251
882
3306
5132
7024
9062
9424
9484
8815
6833
4517
2061
279
-1260
-2654
-2729
-2574
-2280
-1138
-241
1099
1902
2057
2293
1479
760
-65
-738
-488
-1036
-472
872
1314
2661
2654
3766
4761
2976
3547
3850
1644
1649
1206
-294
-2049
-3543
-3682
-5440
-6101
-4494
-4398
-3975
-2677
-1710
-902
-935
-486
-325
-1538
-1357
-1103
-1363
356
1407
2726
5199
6393
7684
9100
8408
7961
6564
3596
1524
-1031
-3150
-4363
-5713
-7031
-6872
-6171
-5774
-4891
-3073
-1701
-1561
-1388
-280
-1418
-2919
-2732
-3584
-4447
-4223
-2987
-1522
-909
822
2654
1230
1318
2417
404
-370
-269
-1399
-2184
-3064
-2039
-1584
-1379
1697
2658
2739
3380
2685
2435
1147
-139
-77
-1250
-1668
-1601
-1688
-794
-310
825
2010
1480
1141
607
-817
-2070
-3013
-3566
-4264
-4442
-3570
-3089
-3158
-1998
-39
-52
-262
1306
1197
-283
-122
697
725
789
3683
5388
5435
7297
8291
8112
7232
7055
7659
6134
5593
6603
6312
6254
6573
7115
5729
3017
1377
-2130
-6497
-8638
-10932
-11609
-11103
-10506
-7628
-5462
-4288
-993
758
1574
3268
4461
4900
5245
6046
7177
7562
8354
9781
9376
8355
7702
5678
2731
20
-2438
-5655
-9611
-11765
-13657
-15323
-15664
-14895
-13656
-12805
-11366
-8671
-7063
-5834
-3079
-1031
-339
1371
3315
4679
6352
8119
9255
9830
9436
8507
8034
6581
4776
3932
2132
-1011
-3184
-4903
-6911
-8620
-8687
-8762
-9694
-9412
-8336
-7843
-7236
-4952
-2967
-2289
-826
1177
2122
3689
6061
8023
9074
9831
10820
9860
8191
7689
5659
2740
859
-1108
-3625
-5439
-6133
-6483
-7058
-6937
-6241
-6615
-6750
-5558
-4589
-3200
-1088
1455
3658
5842
8685
10746
12175
13602
14303
13706
12414
11063
9411
6410
4780
3678
1401
1331
1610
746
1166
936
-14
-1382
-3443
-4705
-6688
-8108
-8510
-8725
-8635
-8151
-6389
-5555
-5497
-3798
-3087
-3086
-2086
-1338
-859
-288
461
1696
2220
3983
6117
7120
8313
9500
9333
8299
7563
6021
3385
817
-1880
-5414
-8401
-10760
-12305
-13584
-13571
-12400
-10741
-9362
-6997
-4174
-2451
-680
1691
3542
4462
6274
7624
7895
7882
8072
8468
7459
6336
6069
4301
1733
-294
-2361
-4176
-5599
-5862
-5869
-6502
-5668
-4695
-4307
-3455
-2318
-1459
-787
-308
565
392
600
1817
1997
2535
3347
3856
3979
3594
3101
2091
260
-1349
-3205
-5204
-6982
-7468
-7814
-8112
-7258
-6146
-4757
-3209
-1742
162
1728
2167
3074
3594
3314
3215
3362
2877
2311
2034
1938
1695
1482
1709
1623
1859
1236
1364
1946
1739
2244
3386
3482
3855
4009
2861
2244
1029
-1329
-2557
-2989
-4962
-5275
-4529
-5144
-5399
-3564
-3258
-3367
-1310
155
304
1888
3343
4446
5214
6994
8613
8821
8958
9499
8470
6914
5851
4140
2415
908
-726
-2041
-3118
-4296
-4792
-4783
-4450
-3962
-3627
-2767
-1665
-1410
82
1429
1745
2703
3638
4069
4421
4682
4696
4724
3954
3282
2740
1171
387
-128
-1634
-2280
-2514
-3314
-3769
-3816
-4022
-4711
-4826
-5124
-5498
-5742
-6072
-5582
-5373
-4645
-3116
-2053
-705
806
1617
2179
2082
1664
543
-1107
-2452
-4182
-5563
-6240
-6885
-7252
-7444
-7155
-6806
-6742
-5670
-4916
-4302
-3132
-1971
-1307
-208
1260
1524
2570
3540
3764
4119
3876
4019
3525
2197
1654
507
-861
-1060
-1253
-1385
-622
383
1902
3510
5291
7605
8567
9721
10723
9316
9212
8699
6221
5632
4013
2141
1213
-224
74
-315
-1055
-194
-568
-1652
-1170
-1090
-806
-31
993
2363
3316
4771
7164
8916
10936
12783
13411
12987
11539
10028
7353
4623
2624
-56
-2894
-4993
-6730
-8258
-9100
-9441
-9647
-9883
-9873
-8969
-8309
-7291
-5056
-3245
-1611
79
1672
2607
2920
3294
2984
1915
731
-544
-1807
-3016
-3827
-3985
-4276
-4451
-4358
-4283
-4807
-5385
-5867
-6788
-8033
-8277
-8670
-8680
-7880
-6779
-5048
-3698
-2029
-555
-43
795
975
763
525
-874
-1600
-2316
-3667
-3944
-3613
-3734
-3681
-3598
-3520
-4062
-4273
-4467
-4772
-4718
-4681
-4156
-3894
-3301
-1965
-742
502
2145
3308
4236
4971
5538
5491
5649
5893
6013
6294
6791
7156
7651
8205
8469
8996
9154
9562
9066
8295
7824
6834
6291
5869
5892
6825
6709
6812
7567
6595
5565
4817
3299
1906
490
-557
-1278
-3130
-3250
-2413
-3198
-2272
-644
-461
251
1064
1880
2152
2484
3696
3901
3499
4480
4236
3452
3245
2956
2038
408
-609
-1456
-3568
-4702
-4985
-6783
-7646
-8076
-8661
-9405
-9180
-8244
-7701
-7092
-5358
-3913
-3071
-1289
381
1593
2626
3325
3938
3460
2932
2642
818
-873
-2210
-4116
-5964
-7247
-8134
-9006
-9562
-9234
-9165
-9341
-8200
-7747
-7026
-5531
-4917
-3550
-2405
-1585
-25
1035
1935
2949
3273
3547
2859
2166
1480
399
-270
-1004
-1499
-2321
-2926
-2792
-3052
-2873
-1904
-1718
-1220
-771
-242
265
637
1825
2512
2777
3616
4154
4085
4249
4365
4173
3783
3643
3391
3284
3357
3654
4177
4899
5360
6239
6882
7088
7537
7446
7248
7085
6762
6299
6229
6179
5777
5827
5568
4830
4732
3584
3000
2875
1260
1007
614
-719
-609
-675
-1266
-1499
-1798
-1924
-2614
-3169
-2356
-2557
-2884
-1722
-1026
-1146
-202
1314
1695
1567
2740
2882
1730
2061
2048
854
489
256
-670
-1786
-2265
-2385
-3546
-4357
-3960
-4683
-5969
-5665
-5690
-6321
-6601
-5605
-5102
-5385
-3917
-2354
-2346
-1192
280
496
528
167
-70
-1133
-2948
-3550
-4355
-6054
-6204
-5881
-5822
-5446
-4472
-3565
-3399
-3339
-2659
-3016
-3318
-3052
-3409
-3357
-3423
-3252
-2396
-1600
-587
658
1602
1938
1871
1930
1409
562
-190
-834
-1934
-2721
-2719
-2206
-1863
-537
898
1495
2195
2985
3297
3220
3278
3501
3352
2681
3063
3104
2892
3612
4026
4144
4203
4350
4694
4159
3966
4126
3335
2641
2701
2590
2345
2670
3012
3039
2841
2905
2905
2973
3177
3360
3824
4271
4639
5433
5710
6183
6691
6170
5981
5046
4138
3188
1454
424
-575
-2351
-2902
-3791
-4654
-4950
-5023
-4813
-4988
-4433
-3492
-3489
-2341
-1006
-293
821
1773
3152
3933
4361
5516
5198
4430
4194
2728
1090
98
-1480
-3377
-4784
-6456
-7693
-9004
-9516
-9343
-9838
-9916
-9353
-9527
-9092
-8043
-6890
-5239
-3997
-2292
-663
358
1772
3035
3300
3512
3281
2100
996
-239
-1600
-2444
-3393
-3872
-4016
-4529
-3980
-3585
-3574
-2567
-2229
-2050
-1855
-1712
-1410
-1576
-1230
-643
-612
296
987
1298
1971
2365
2445
2548
2627
2244
1754
1796
1607
1584
2133
2391
2694
2937
3145
3253
3320
3000
2635
2451
1580
1231
787
337
591
673
962
1398
1853
2018
2250
2833
2937
3181
3455
3535
3918
4047
4693
4938
5103
5545
5103
4697
4201
3286
2688
1836
1078
467
9
-110
-298
418
994
1284
2194
2597
3115
3320
3047
3034
2209
1821
1114
323
327
-177
-512
-787
-1070
-1489
-2210
-2475
-3075
-3717
-3770
-4547
-4668
-4498
-4180
-3319
-2598
-1529
-661
-408
-58
103
-52
-205
-700
-1096
-1799
-2657
-2851
-3278
-3261
-2955
-2923
-2772
-2759
-2849
-2676
-2543
-2262
-1985
-2107
-2061
-1975
-2161
-2113
-1795
-1933
-2154
-2193
-2687
-2940
-2984
-2784
-2641
-2767
-2563
-2909
-3037
-2879
-2891
-2235
-1900
-1533
-783
-607
-56
201
202
501
165
-57
-135
-545
-410
-433
-408
-343
-457
-175
-117
-62
336
400
285
395
175
252
479
706
1348
1871
2303
2821
3257
3634
4160
4612
4747
4863
4501
4023
3527
2844
2567
2412
2198
1910
1796
1686
1467
1592
1485
1698
1750
1547
1895
1793
2079
2657
2916
3522
3892
4228
4340
4079
3767
3216
2510
1996
1490
712
383
102
-284
-390
-448
-365
-429
-380
-374
-505
-494
-582
-414
-331
-33
647
786
1537
2113
2086
2365
1924
1504
1235
402
-158
-939
-1872
-2587
-3272
-3858
-4104
-4320
-4371
-4666
-4608
-4320
-4329
-4074
-3662
-3527
-3251
-3036
-2826
-2361
-2078
-1626
-1314
-1139
-694
-647
-817
-613
-1002
-1426
-2110
-2812
-3369
-4076
-4349
-4702
-4659
-4330
-3953
-3383
-2892
-2333
-1919
-1842
-1520
-1294
-983
-543
-232
467
854
1265
1904
2189
2599
3033
2781
2571
1792
1079
572
-243
5
-232
-356
338
-8
735
1115
1207
2247
1992
2559
3004
2576
3379
3416
3666
4258
4037
4425
4112
3829
3640
3016
2701
2274
1942
1640
1337
1505
1196
1240
1564
1562
1787
2132
2151
2280
2570
2575
2537
2362
2156
1896
1497
1061
962
701
221
288
-114
-375
-456
-874
-1343
-1541
-1814
-1981
-2092
-1827
-1637
-1672
-1177
-793
-527
-95
207
156
142
111
-346
-674
-1010
-1644
-1968
-2475
-2763
-2940
-3228
-2813
-2784
-2904
-2281
-2405
-2218
-1829
-1919
-1368
-1396
-1457
-1218
-1638
-1522
-1451
-1853
-1594
-1696
-1946
-1654
-1623
-1583
-1091
-1106
-884
-587
-699
-571
-754
-1061
-1066
-1452
-1567
-1724
-1779
-1623
-1394
-1141
-730
-217
153
578
1118
1384
1572
1752
1677
1955
1845
1999
2109
2044
2270
1973
1809
1692
1205
1242
915
653
591
453
462
505
893
1253
1827
2275
2719
3188
3393
3466
3524
3349
3121
2550
2103
1539
960
677
-15
-420
-575
-922
-968
-972
-1024
-852
-944
-675
-476
-293
88
226
545
708
904
843
583
625
194
-141
-495
-1031
-1137
-1542
-1800
-1859
-2223
-2223
-2354
-2471
-2448
-2578
-2513
-2407
-2324
-2040
-1864
-1643
-1266
-1132
-825
-462
-451
-349
-148
-152
2
13
143
224
105
370
141
-51
-87
-707
-928
-1190
-1540
-1419
-1679
-1361
-1151
-1016
-501
-283
-67
339
210
320
292
51
148
87
146
595
733
1041
1468
1598
2119
2416
2495
2938
2889
2885
2981
2740
2830
2661
2595
2659
2197
1922
1425
670
361
-191
-478
-647
-901
-750
-619
-244
367
980
1672
2313
2851
3105
3334
3372
3138
3065
2738
2283
2021
1512
1229
931
374
87
-478
-1023
-1374
-2001
-2378
-2659
-2988
-2922
-2822
-2482
-1957
-1318
-613
-75
656
992
1146
1394
1039
822
416
-323
-824
-1568
-2247
-2741
-3360
-3617
-3926
-4315
-4300
-4530
-4590
-4513
-4585
-4351
-4104
-3834
-3206
-2666
-2078
-1153
-577
128
752
974
1306
1266
1053
816
270
-132
-632
-1105
-1375
-1569
-1748
-1781
-1695
-1625
-1413
-1229
-793
-509
-169
305
555
1037
1379
1516
1797
1894
2018
1949
1892
1951
1819
1907
1814
1811
1792
1685
1732
1619
1713
1727
1744
1761
1647
1813
1686
1812
1839
1833
2163
2083
2292
2439
2479
2730
2678
2660
2663
2378
2357
2075
1823
1711
1287
1249
1051
860
1051
814
828
805
506
554
329
135
189
-49
35
75
-75
136
-19
-44
-66
-376
-564
-816
-1179
-1355
-1646
-1838
-1884
-2010
-1967
-1805
-1772
-1641
-1550
-1546
-1431
-1454
-1393
-1443
-1346
-1255
-1223
-974
-852
-745
-655
-743
-954
-1053
-1386
-1638
-1936
-2280
-2321
-2539
-2560
-2475
-2428
-2178
-2020
-1815
-1606
-1379
-1222
-1114
-906
-814
-612
-481
-486
-307
-202
-122
-3
-55
-195
-169
-339
-546
-684
-940
-1019
-1063
-1000
-855
-636
-358
30
340
530
885
997
1026
1181
1101
1034
986
905
851
889
961
1069
1182
1169
1207
1175
1105
1115
1078
1045
1085
1192
1266
1384
1640
1848
2019
2146
2021
1957
1747
1430
1208
897
714
549
393
421
410
530
656
665
763
657
609
517
299
251
146
169
263
378
608
794
1072
1269
1330
1439
1403
1229
933
616
367
31
-177
-223
-381
-310
-217
-236
-118
-1
39
107
126
99
-36
-204
-245
-412
-440
-458
-455
-433
-439
-434
-470
-380
-362
-237
-183
-254
-229
-298
-347
-387
-503
-496
-630
-758
-819
-988
-1055
-1110
-1241
-1260
-1326
-1419
-1442
-1553
-1512
-1470
-1512
-1441
-1386
-1300
-1158
-989
-788
-633
-439
-283
-263
-269
-324
-421
-546
-660
-720
-892
-1042
-1139
-1324
-1514
-1607
-1650
-1649
-1530
-1348
-1158
-952
-621
-340
-104
276
511
677
829
843
811
734
657
612
506
536
529
464
400
316
254
181
161
108
79
133
202
315
522
744
1151
1359
1539
1775
1738
1752
1764
1593
1582
1510
1367
1313
1137
1069
1024
937
905
896
790
727
677
619
615
583
629
688
698
912
944
1044
1234
1240
1357
1381
1330
1235
1033
799
630
418
168
9
-156
-293
-285
-366
-402
-290
-281
-205
-108
-146
-105
-74
-67
-27
-50
-98
-194
-327
-472
-654
-892
-1037
-1228
-1377
-1422
-1525
-1549
-1571
-1571
-1500
-1416
-1295
-1166
-1076
-940
-802
-714
-646
-598
-537
-548
-595
-650
-758
-824
-907
-1017
-1097
-1185
-1241
-1329
-1396
-1355
-1276
-1193
-1051
-921
-845
-688
-592
-481
-357
-247
-76
84
215
434
578
698
853
945
931
937
840
714
585
444
452
415
423
488
543
582
688
707
727
777
756
725
690
696
709
772
924
1046
1189
1315
1377
1434
1418
1339
1268
1190
1063
974
924
882
847
844
842
815
807
718
639
542
445
360
275
223
205
210
232
267
318
326
314
341
310
256
212
114
-27
-102
-209
-330
-383
-456
-523
-519
-537
-536
-536
-555
-577
-543
-596
-631
-631
-742
-742
-757
-826
-800
-836
-879
-811
-859
-881
-901
-925
-996
-1047
-1072
-1094
-1125
-1102
-1072
-1039
-979
-943
-880
-876
-830
-845
-850
-820
-814
-809
-752
-672
-636
-597
-551
-521
-525
-456
-439
-399
-343
-345
-226
-149
-90
-4
61
128
188
214
213
239
235
252
299
385
477
558
682
797
917
988
1058
1124
1120
1127
1096
1024
977
905
817
766
653
605
542
468
444
412
421
472
502
533
571
587
627
651
657
686
709
732
764
756
751
764
775
737
668
591
464
314
195
61
-29
-83
-162
-164
-144
-186
-174
-148
-167
-101
-97
-86
-54
-81
-115
-158
-214
-270
-346
-418
-485
-546
-600
-664
-713
-742
-772
-787
-774
-800
-795
-792
-808
-802
-801
-805
-780
-773
-741
-722
-694
-620
-599
-549
-481
-462
-430
-417
-418
-398
-391
-373
-352
-348
-345
-296
-282
-207
-158
-87
4
96
188
266
352
423
489
535
602
606
636
632
623
627
583
586
531
491
462
384
363
335
314
336
365
424
484
549
652
738
812
898
955
1009
1019
1029
1036
978
958
898
782
724
594
433
336
164
40
-49
-154
-211
-247
-273
-270
-239
-219
-194
-134
-124
-88
-55
-34
-18
7
36
41
39
28
5
-55
-104
-192
-295
-380
-513
-628
-702
-805
-861
-890
-933
-931
-955
-967
-983
-1003
-1010
-1050
-1039
-1025
-1026
-984
-927
-879
-790
-747
-668
-615
-601
-560
-572
-576
-554
-580
-575
-539
-534
-519
-490
-459
-429
-381
-334
-293
-229
-173
-124
-48
9
88
148
214
316
401
440
551
605
624
696
699
690
716
693
650
670
653
646
681
687
736
769
787
844
864
874
926
917
949
986
962
1003
1009
995
1024
993
977
982
922
897
867
816
792
758
733
741
705
702
730
699
713
714
670
658
587
520
448
346
270
187
71
-1
-71
-197
-262
-322
-413
-474
-516
-585
-635
-626
-652
-639
-628
-624
-590
-606
-573
-569
-606
-606
-644
-703
-739
-786
-844
-885
-912
-967
-1010
-1019
-1066
-1087
-1074
-1099
-1105
-1094
-1100
-1091
-1071
-1049
-1029
-1001
-976
-962
-937
-898
-869
-839
-784
-750
-715
-678
-643
-602
-570
-528
-486
-474
-402
-353
-315
-225
-172
-105
-9
44
124
216
274
340
391
451
482
497
523
523
504
516
503
491
505
532
574
621
688
749
800
876
942
968
1015
1049
1043
1047
1053
1021
992
979
958
916
896
880
834
792
751
716
665
629
620
580
559
563
536
538
544
536
521
512
496
447
421
382
323
286
257
219
193
167
153
111
96
66
12
-15
-72
-124
-172
-224
-269
-308
-344
-373
-390
-393
-418
-425
-435
-447
-458
-485
-489
-512
-518
-524
-555
-564
-577
-584
-594
-572
-551
-574
-565
-577
-622
-640
-673
-728
-747
-764
-784
-778
-743
-705
-662
-586
-552
-507
-463
-441
-413
-389
-360
-333
-297
-262
-222
-195
-162
-154
-162
-169
-185
-214
-226
-210
-201
-179
-124
-95
-54
10
57
101
146
181
192
202
211
202
199
223
242
242
286
313
306
341
357
352
359
352
336
324
307
309
301
300
328
325
314
347
350
335
383
398
403
441
446
449
458
456
442
443
441
424
408
404
381
354
350
325
314
301
277
277
267
253
255
250
255
257
258
259
271
266
266
275
278
265
258
236
205
179
127
79
25
-3
-53
-92
-90
-108
-133
-131
-134
-156
-155
-177
-193
-213
-223
-235
-246
-237
-249
-266
-259
-271
-301
-307
-319
-333
-347
-360
-362
-373
-399
-393
-402
-420
-405
-413
-408
-383
-378
-362
-329
-306
-287
-270
-258
-236
-246
-239
-253
-273
-280
-314
-331
-343
-371
-381
-355
-346
-324
-288
-256
-233
-193
-180
-162
-137
-134
-120
-104
-86
-66
-49
-31
-10
-2
4
13
16
25
44
65
98
128
162
186
205
239
251
254
283
281
293
302
296
303
309
309
306
318
329
321
337
357
356
367
374
366
371
372
355
344
347
331
315
330
330
322
336
344
341
351
367
373
391
409
399
410
407
390
377
341
317
290
234
197
167
122
88
63
38
0
-27
-57
-107
-124
-149
-184
-179
-168
-168
-143
-111
-95
-71
-75
-71
-91
-127
-159
-207
-256
-291
-331
-351
-364
-372
-370
-367
-365
-364
-372
-387
-381
-396
-403
-386
-373
-369
-333
-319
-316
-294
-290
-302
-282
-274
-291
-274
-264
-265
-250
-239
-232
-221
-202
-201
-200
-184
-190
-173
-156
-149
-128
-110
-98
-78
-60
-45
-34
-12
-1
8
32
26
39
57
59
68
82
98
115
140
165
197
222
246
266
280
278
276
269
252
240
223
205
196
195
183
190
200
198
205
213
217
221
228
241
238
251
261
255
269
257
250
252
232
220
201
182
166
152
135
116
120
102
95
104
97
91
86
82
68
58
46
23
19
10
-13
-21
-31
-49
-67
-79
-93
-116
-125
-138
-146
-151
-160
-155
-157
-156
-147
-147
-136
-134
-127
-120
-123
-118
-119
-127
-130
-133
-148
-151
-163
-180
-192
-200
-214
-217
-216
-213
-200
-194
-178
-157
-144
-128
-108
-93
-84
-69
-57
-47
-33
-23
-15
0
8
9
14
9
-5
-22
-27
-47
-56
-61
-67
-56
-53
-40
-23
-11
5
19
31
41
46
50
57
64
70
73
80
93
99
113
125
128
131
135
132
129
129
127
126
126
125
126
133
138
137
147
158
163
171
177
179
176
173
167
156
141
122
103
86
64
41
28
14
-2
-9
-14
-18
-22
-23
-20
-10
-9
-3
11
18
16
15
10
-5
-16
-35
-46
-58
-72
-76
-76
-83
-81
-85
-90
-88
-95
-93
-92
-91
-87
-82
-80
-80
-79
-83
-87
-88
-94
-99
-102
-105
-108
-100
-95
-92
-73
-72
-67
-59
-58
-59
-53
-54
-50
-47
-47
-39
-40
-28
-21
-17
-2
-6
-5
0
-6
-1
6
11
19
32
36
42
47
52
57
56
59
52
57
50
46
46
46
46
51
53
53
56
54
57
58
63
67
75
82
83
89
93
89
82
78
68
56
42
32
27
18
8
7
10
0
-3
-8
-13
-20
-27
-36
-36
-39
-42
-45
-33
-28
-28
-17
-13
-8
-7
-5
-10
-9
-18
-24
-25
-33
-42
-50
-58
-67
-73
-82
-87
-84
-89
-88
-80
-78
-69
-66
-59
-56
-56
-54
-51
-51
-49
-50
-41
-37
-33
-23
-20
-17
-13
-13
-13
-15
-17
-17
-18
-17
-24
-16
-14
-21
-11
-11
-8
2
0
4
12
13
13
26
35
39
51
67
77
86
93
103
100
100
97
91
85
72
62
54
45
37
32
31
37
40
35
49
52
52
60
61
65
63
61
60
61
55
55
59
52
52
50
47
40
34
29
26
17
12
18
17
22
24
21
26
24
15
8
9
-4
-18
-18
-25
-35
-35
-40
-37
-42
-47
-45
-52
-55
-63
-66
-72
-72
-70
-74
-64
-65
-65
-57
-60
-57
-56
-52
-46
-54
-50
-46
-51
-54
-52
-52
-52
-49
-49
-43
-37
-36
-32
-25
-26
-24
-22
-23
-17
-19
-21
-15
-16
-15
-14
-12
-13
-14
-13
-7
-6
-2
0
5
12
7
14
19
15
15
17
19
18
17
19
18
19
18
19
24
22
22
21
18
19
18
14
20
16
9
21
16
17
21
24
29
28
32
37
38
38
37
39
40
36
40
37
36
34
32
30
28
27
23
22
21
18
11
16
14
10
13
16
11
10
17
10
11
11
9
9
9
5
6
15
7
10
17
9
12
7
4
6
5
-1
6
4
1
1
2
3
-3
2
-2
0
-3
-6
-6
-10
-15
-19
-17
-24
-29
-27
-26
-30
-26
-25
-21
-13
-16
-11
-9
-11
-10
-11
-14
-17
-19
-28
-28
-32
-33
-33
-32
-32
-31
-30
-28
-24
-30
-17
-22
-21
-19
-21
-19
-20
-22
-24
-21
-24
-27
-26
-25
-27
-24
-22
-21
-19
-17
-22
-21
-20
-26
-22
-22
-25
-14
-13
-10
-1
0
9
14
18
21
29
29
25
33
30
33
37
36
38
40
35
34
33
28
26
20
17
16
13
16
18
22
28
32
36
38
40
43
42
40
47
42
45
48
42
44
41
38
34
32
25
23
22
16
13
9
8
3
-2
-1
-6
-8
-8
-11
-11
-7
-10
-13
-9
-12
-13
-12
-16
-18
-13
-18
-21
-11
-17
-15
-11
-19
-15
-14
-23
-18
-26
-28
-26
-32
-30
-36
-32
-36
-36
-33
-31
-31
-23
-22
-23
-13
-22
-18
-15
-20
-18
-20
-21
-20
-20
-20
-20
-19
-20
-21
-24
-25
-22
-24
-23
-19
-19
-14
-14
-10
-4
-3
0
4
5
6
9
8
6
11
9
9
12
10
13
16
12
15
18
16
21
17
22
23
23
29
27
31
34
34
34
36
34
35
31
25
27
21
18
18
16
11
14
11
7
11
8
7
9
10
8
13
13
12
19
17
21
22
21
20
18
20
14
10
12
11
5
7
3
4
10
2
7
5
4
3
-5
-4
-10
-14
-17
-23
-21
-19
-26
-23
-21
-25
-23
-27
-29
-27
-30
-30
-31
-27
-30
-24
-25
-28
-20
-23
-23
-15
-18
-15
-9
-12
-7
-9
-7
-10
-10
-12
-14
-15
-12
-11
-14
-13
-7
-16
-11
-12
-16
-11
-13
-16
-11
-10
-9
-6
-7
0
-2
4
-1
3
9
2
5
4
1
6
-1
1
6
2
7
7
8
7
9
8
7
9
8
9
10
8
14
13
12
18
21
18
23
22
21
23
19
23
22
20
20
20
19
17
18
18
18
18
18
18
18
16
20
16
17
21
15
19
13
13
10
9
7
7
5
3
1
-1
-2
-3
-5
-8
-5
-8
-9
-11
-11
-10
-10
-12
-8
-10
-9
-8
-9
-10
-8
-9
-11
-12
-13
-16
-16
-19
-19
-18
-19
-20
-19
-20
-19
-17
-20
-17
-17
-18
-18
-19
-18
-16
-16
-17
-12
-8
-7
-5
-7
-2
-2
-4
1
1
3
5
2
-1
0
-3
-1
-3
-5
-2
-1
-3
-3
2
4
1
6
3
10
9
8
15
14
16
18
18
20
21
23
23
25
24
24
28
23
25
25
23
19
20
18
14
14
13
11
8
9
9
5
5
2
1
0
-2
-2
-3
0
-2
-2
-2
-1
0
-1
-1
-2
-2
-3
-7
-3
-10
-8
-12
-16
-15
-17
-19
-20
-19
-21
-19
-22
-20
-17
-17
-17
-16
-14
-12
-12
-12
-10
-12
-12
-13
-12
-12
-10
-12
-12
-11
-12
-10
-12
-11
-10
-11
-11
-10
-11
-9
-9
-9
-9
-8
-6
-5
-4
-3
-1
-1
2
2
6
8
7
10
9
11
10
13
16
16
18
16
16
17
18
18
18
19
15
16
13
14
12
11
11
9
11
9
11
9
7
9
8
8
9
5
10
7
6
5
7
6
7
8
6
5
4
2
1
3
-1
0
-3
-2
-1
-1
0
-2
-4
-4
-4
-6
-3
-5
-5
-5
-7
-4
-5
-5
-4
-5
-4
-6
-5
-5
-3
-5
-5
-6
-6
-4
-6
-5
-3
-4
-4
-5
-4
-3
-2
-4
-4
-4
-6
-6
-3
-2
-2
-5
-4
-5
-4
-2
-4
-1
-2
-3
-3
-2
-3
-3
-2
-3
-5
-2
-5
-3
-3
-1
0
-1
2
0
5
4
4
5
5
9
7
6
5
4
3
3
4
5
5
3
2
2
2
4
2
4
5
3
2
3
2
4
3
3
5
2
3
4
6
3
7
6
2
3
2
1
0
0
-2
-2
-5
-4
-6
-5
-7
-5
-6
-3
-2
-4
-3
-4
-4
-7
-4
-4
-2
-3
-3
-1
-3
-2
-2
0
-3
1
-1
-1
0
1
-1
1
2
1
4
1
3
4
1
4
5
1
4
3
1
0
-1
0
-2
-1
1
-1
-4
-3
-4
-3
-3
1
-1
-1
-2
-2
-6
-2
1
-1
2
2
5
1
3
3
1
3
4
2
2
2
1
1
-3
1
-1
-1
-1
-2
-2
-3
-2
-3
-3
-4
-3
-5
-5
-5
-4
-4
-3
-4
-4
-4
-5
-3
-3
-2
0
0
0
-3
-2
-6
-6
-5
-6
-5
-4
-1
-5
-6
-4
-5
-6
-3
-3
-1
-3
-3
-1
-3
1
1
1
2
4
4
2
6
6
5
5
7
5
6
6
8
10
8
12
9
9
6
7
7
6
9
10
9
8
10
4
8
8
10
9
12
12
8
9
9
7
6
10
7
7
5
4
2
1
2
0
4
-1
3
1
-1
0
1
-1
-1
1
-1
-1
-3
-3
-8
-4
-5
-6
-8
-8
-7
-10
-9
-8
-8
-9
-8
-9
-11
-12
-9
-10
-9
-7
-7
-8
-9
-9
-10
-10
-9
-7
-8
-7
-7
-7
-10
-9
-10
-6
-10
-7
-4
-9
-6
-5
-7
-4
-2
-5
-2
-3
-4
-2
0
0
1
1
0
2
-1
0
1
2
0
2
6
2
4
5
6
6
8
10
10
8
10
5
6
9
6
9
7
9
8
6
7
6
7
7
7
9
7
6
8
7
6
7
8
6
7
7
7
7
8
9
8
7
8
7
7
7
8
6
6
6
4
4
3
1
4
0
2
1
-2
-2
-2
-4
-5
-4
-5
-6
-6
-5
-8
-7
-10
-9
-10
-9
-9
-10
-9
-11
-11
-11
-9
-11
-9
-9
-8
-8
-7
-7
-7
-7
-6
-7
-5
-5
-7
-4
-6
-5
-5
-5
-5
-3
-4
-4
-5
-2
-2
-4
0
-1
-1
-1
-1
-2
-1
0
1
0
1
1
1
1
2
2
3
3
3
2
5
4
5
6
5
5
6
6
7
6
6
7
4
5
6
5
4
5
3
6
5
2
5
4
3
4
4
3
5
2
4
4
2
2
4
4
2
3
4
1
2
2
2
2
1
1
1
0
0
0
-1
3
-1
1
0
1
0
0
0
0
0
0
1
-2
0
-1
0
-1
2
0
-1
1
0
-2
0
-1
-1
0
-2
-2
-4
-1
-3
-2
-3
-1
-5
-2
-5
-3
-2
-3
-3
-2
-1
-2
0
-5
0
-2
0
-2
-1
-3
-2
-3
-1
-1
-3
1
-2
-1
-2
-1
-3
-2
-2
-2
-2
-1
-3
-2
0
-2
-1
-1
-1
-1
-1
-1
-1
0
-1
-1
-1
-1
-1
0
-1
2
0
1
0
0
0
0
-2
1
1
0
2
0
3
2
2
2
3
1
4
0
3
2
1
2
2
2
1
4
1
4
1
4
0
3
1
2
1
2
1
1
3
-1
3
0
3
3
2
2
1
2
2
1
1
3
1
3
1
2
1
1
0
1
-1
-1
0
-2
0
-2
-1
-2
-1
-4
0
-3
-2
-3
-2
-5
-4
-4
-5
-4
-6
-4
-6
-4
-6
-3
-7
-5
-6
-4
-5
-4
-7
-5
-4
-5
-3
-4
-3
-4
-2
-4
-1
-3
-2
-2
-2
-2
-2
-1
-1
0
-2
0
-1
0
1
2
1
3
1
3
3
2
3
2
4
2
4
2
4
4
4
2
4
4
2
4
3
5
5
5
4
5
4
5
5
5
6
5
6
5
6
4
5
5
6
5
6
5
4
4
3
4
2
4
1
4
0
4
2
2
1
2
1
1
2
-1
1
-2
0
-3
-2
-3
-1
-3
-2
-3
-3
-2
-4
-2
-3
-2
-3
-3
-4
-1
-3
-4
-4
-5
-4
-4
-5
-5
-3
-6
-3
-5
-5
-5
-4
-6
-4
-5
-4
-5
-4
-3
-5
-2
-4
-3
-3
-1
-3
-1
-2
-1
-1
-2
-1
0
0
-1
1
-2
1
0
0
-1
2
-1
2
0
2
1
0
1
0
1
0
1
0
2
0
1
0
1
0
1
1
1
-1
1
0
0
1
-1
1
-1
1
1
0
1
1
0
1
1
0
2
0
2
1
0
0
2
0
1
1
0
1
2
1
1
3
0
2
1
2
3
4
1
3
3
2
5
2
3
3
3
2
3
2
3
2
4
3
3
4
3
3
4
2
3
3
2
2
1
2
1
2
2
1
3
2
0
2
2
0
2
2
0
0
1
0
0
1
-1
1
0
-2
0
-1
-2
-1
-2
-2
-1
-3
-2
-3
-3
-3
-4
-4
-4
-3
-4
-3
-4
-5
-3
-5
-6
-5
-5
-6
-5
-6
-6
-5
-6
-5
-4
-5
-5
-4
-4
-4
-3
-4
-3
-3
-4
-3
-2
-3
-1
-2
-2
-1
-2
-1
0
-1
0
0
0
-1
2
0
0
1
0
1
1
1
1
2
1
1
2
2
2
2
2
3
3
3
3
3
3
4
4
4
5
3
4
5
3
4
3
4
3
4
4
4
5
5
4
4
3
4
3
4
4
2
3
3
3
4
3
2
4
3
2
3
2
1
3
2
1
3
2
2
2
1
1
2
1
0
1
1
0
0
-1
-1
0
0
-1
0
-2
-1
-2
-2
-2
-2
-2
-2
-3
-3
-2
-3
-3
-2
-2
-2
-2
-4
-2
-2
-3
-2
-3
-2
-2
-3
-3
-1
-2
-3
-3
-3
-2
-3
-3
-2
-3
-3
-3
-3
-3
-3
-3
-3
-3
-2
-3
-2
-3
-3
-2
-2
-2
-2
-3
-3
-2
-3
-2
-2
-2
-1
-2
-1
-3
0
-2
-2
-2
-2
-1
-1
-1
-1
0
-1
0
-1
1
-1
2
0
1
1
0
1
2
1
1
3
1
3
2
3
2
3
3
2
3
3
2
3
3
2
5
2
3
2
4
3
2
4
2
3
3
4
3
4
2
4
2
3
3
2
2
2
2
3
2
2
2
1
2
2
2
0
2
2
0
1
1
0
1
0
0
1
0
0
0
-1
-1
1
-1
0
-1
-1
-2
-2
-2
-2
-1
-2
-1
-1
-2
-2
-2
-3
-1
-2
-3
-1
-2
-3
-2
-3
-2
-3
-2
-2
-2
-3
-2
-3
-2
-2
-2
-2
-2
-1
-1
-2
-1
-1
-1
-2
-1
0
-1
-1
-1
-1
0
0
0
-1
-1
0
0
-1
0
0
0
0
1
0
0
1
0
1
1
1
1
2
1
2
1
0
1
0
1
1
2
1
3
1
1
1
1
1
2
2
1
2
0
2
1
2
1
1
1
1
0
2
0
1
0
1
1
0
2
0
1
1
1
1
1
0
0
1
1
0
1
1
1
1
1
-1
1
0
-1
0
-1
0
0
0
1
0
0
0
0
-1
-1
0
-1
0
-1
0
-1
-1
0
0
0
-1
0
-1
0
1
-1
0
-1
0
-1
-1
-1
0
0
-1
-1
-1
0
0
0
-1
-1
0
0
-1
0
-1
0
0
-1
0
-1
-1
0
0
-1
0
-2
0
0
-2
-1
-1
-1
-2
-1
-2
-1
-1
-2
-1
0
-2
0
-1
-2
-1
-1
-1
1
-1
0
-1
-1
0
0
-1
-1
0
-1
0
0
-1
1
1
-1
0
0
0
1
0
0
1
0
1
2
0
0
1
0
2
1
1
0
2
1
1
2
1
2
1
0
1
1
1
2
0
1
2
1
1
1
0
2
2
0
1
1
0
2
2
1
1
2
1
2
1
0
2
1
1
3
1
2
2
0
1
1
0
1
0
