SAMPLES:	8916
BITSPERSAMPLE:	16
CHANNELS:	1
SAMPLERATE:	16000
NORMALIZED:	FALSE
11
1
-12
3
12
-9
-6
13
10
1
-13
4
19
-21
-13
35
14
-34
7
31
-13
-20
9
16
0
-4
5
1
1
-9
-4
-10
9
17
-26
-7
22
1
-26
-18
15
14
-27
-20
32
-5
-43
-3
3
-2
-24
-3
24
-17
-42
10
33
-46
-29
37
-5
-34
5
7
-16
-13
-17
0
24
-28
-10
35
-5
-37
20
26
-32
3
47
-14
-35
38
12
-38
15
32
-11
-2
14
4
-2
2
-5
10
21
-10
-14
39
10
-31
7
10
6
15
-14
5
42
-15
-30
37
33
-37
5
80
-14
-39
67
17
-59
19
74
-34
-28
73
19
-55
10
60
-28
-37
44
19
-32
5
29
-27
-1
26
-33
7
32
-13
-17
34
8
-25
28
20
-14
34
38
-20
-11
47
-2
-32
45
24
-18
-3
17
-8
-10
-23
-6
23
-32
-39
19
-8
-51
-41
9
-4
-68
-34
20
-39
-69
-30
-15
-36
-86
-65
2
-54
-88
-59
-90
-77
-43
-74
-135
-76
-49
-107
-158
-101
-62
-122
-153
-132
-83
-156
-148
-138
-164
-135
-141
-170
-178
-110
-138
-152
-142
-132
-99
-86
-115
-70
8
-2
-40
2
52
101
127
93
101
183
184
158
166
244
304
261
176
204
360
328
209
235
392
318
235
268
312
381
294
227
293
309
266
215
247
250
238
194
73
141
158
6
17
134
2
-186
-61
-18
-174
-199
-159
-122
-209
-307
-321
-202
-200
-418
-363
-202
-290
-468
-350
-185
-341
-370
-238
-208
-316
-296
-86
-95
-239
-128
48
-52
-113
93
77
38
125
114
65
146
196
134
109
209
245
153
90
114
154
215
170
19
105
246
160
-19
67
248
113
-66
53
143
21
-95
21
46
-165
-244
-86
-32
-256
-339
-252
-163
-248
-446
-346
-220
-389
-376
-370
-382
-327
-255
-475
-452
-230
-349
-321
-269
-299
-227
-173
-231
-260
-24
-9
-159
40
138
78
28
199
243
156
313
361
145
260
385
403
378
235
347
454
300
257
386
427
411
327
425
482
393
439
537
457
483
576
420
447
653
542
447
570
621
431
377
495
465
270
344
303
123
157
87
42
-67
-72
-218
-182
-176
-415
-491
-390
-352
-563
-563
-500
-707
-654
-555
-614
-646
-659
-742
-706
-499
-666
-656
-568
-529
-617
-514
-364
-411
-496
-455
-220
-314
-401
-265
-129
-394
-367
15
-286
-344
-134
-383
-432
240
-341
-780
95
106
-680
-577
214
-18
-663
-43
-181
-433
110
-322
-436
217
139
-577
-78
443
-16
-314
412
495
-73
508
517
206
875
1016
379
661
1319
1096
630
1216
1634
1001
888
1234
1065
1100
1322
1022
779
904
1036
744
597
719
668
533
271
276
471
218
36
-46
84
-151
-327
-400
-394
-261
-573
-769
-827
-576
-743
-1332
-1169
-874
-1022
-1342
-1453
-1227
-1356
-1291
-1342
-1426
-1283
-1126
-1039
-1311
-944
-778
-738
-684
-592
-486
-398
-90
-169
-52
244
277
396
448
490
723
1159
1090
828
994
1368
1427
1297
1479
1560
1799
1591
1534
1906
1894
1754
1586
1944
1635
1505
1759
1284
1550
1802
1122
694
1628
1284
18
373
750
243
-748
-46
-374
-1433
-1372
-1409
-1473
-2105
-2241
-2381
-2692
-2743
-3081
-2786
-3015
-3392
-3256
-3297
-3313
-3072
-2549
-3218
-3498
-2912
-2379
-2515
-2875
-1893
-1744
-2147
-1645
-1012
-883
-649
-142
-480
-222
781
1280
878
774
1614
1680
1789
2164
2404
2164
2478
3003
2570
2857
3515
3444
3260
3474
3685
3577
3634
4581
4055
3730
4679
4871
3287
3587
5420
4703
2941
3469
4773
2868
2711
3021
2679
2067
959
897
243
636
-782
-1378
-1853
-2140
-2932
-3840
-3437
-4316
-4615
-5470
-5287
-5613
-5499
-5880
-6414
-6229
-6033
-6048
-6324
-5651
-5586
-5633
-5840
-5430
-4737
-4497
-4695
-4316
-3770
-3540
-2941
-2635
-2075
-2037
-1225
-692
-651
299
1056
950
836
1818
2610
2799
2467
2995
3702
3773
3657
4103
4803
4583
4507
5071
5165
5165
5296
5655
5696
5161
5734
6255
6442
4829
4789
7166
6591
4023
4116
6746
4984
2812
3117
3681
4506
2055
-203
15
2364
337
-3244
-1910
-652
-2440
-5431
-4424
-3310
-4198
-5445
-6603
-6006
-5506
-5593
-6436
-6551
-5585
-5517
-6958
-6381
-4721
-4595
-5399
-5781
-5048
-4369
-3932
-4234
-3823
-3333
-3000
-3611
-2972
-1536
-1360
-1271
-1288
-696
-281
759
1258
1256
1958
2451
2214
1815
3597
4622
3585
2803
3898
4802
4194
4150
4661
5409
4796
4054
4753
5916
5305
4273
5528
6157
4945
3996
5708
6356
5163
4112
4087
4694
4038
3609
2262
2740
3727
1701
-1181
-480
1892
-261
-3143
-2862
-1637
-2904
-5141
-5010
-3835
-3784
-6449
-7587
-6297
-4836
-5776
-7280
-7113
-5745
-5769
-7427
-6899
-5279
-4505
-6302
-7250
-5426
-3667
-4327
-5091
-4247
-3663
-3211
-3551
-3085
-1726
-765
-1504
-2012
-717
713
1331
516
1069
2257
2659
2153
2351
3787
4917
3684
2608
4301
5727
4790
3869
4838
6003
5563
4333
4947
6279
6434
5083
5448
6966
6331
4798
5952
7537
6326
5151
4678
5191
6167
4555
2693
3833
5613
1643
-1358
1517
2854
436
-3020
-2345
-1886
-2470
-4378
-5200
-3820
-4235
-5820
-7841
-6692
-4483
-5164
-7459
-7472
-5989
-6143
-6366
-6545
-6422
-5356
-5178
-7110
-6784
-3988
-2805
-5633
-6391
-3607
-2584
-4321
-4016
-1913
-2332
-2490
-2434
-1918
-764
414
362
-1219
-300
2372
2398
777
1947
3960
3239
2421
3204
4969
5324
4142
4178
5057
6130
5639
5469
6312
6872
6605
6144
7603
8085
7537
6366
7861
8797
6814
6320
6458
7639
6400
4793
3730
5505
4822
882
841
2128
2325
-1205
-3094
-2686
-2189
-3397
-5742
-5733
-5187
-5456
-7574
-8353
-7283
-5977
-7120
-8742
-8288
-7808
-6863
-7175
-8584
-8544
-5753
-6225
-8807
-7744
-4052
-4495
-8050
-6271
-3806
-3893
-5375
-4331
-3434
-3171
-2265
-2580
-2642
-1149
882
-798
-1756
1033
3287
1942
592
2512
4674
4087
2660
4128
7167
6106
4107
5120
7379
8202
6551
6905
7987
8328
8059
8490
9223
9486
9397
8017
8606
9405
8882
7287
6988
8621
7202
3576
5078
6821
3211
1209
1732
2764
675
-2236
-2431
-2404
-2166
-4835
-6348
-5981
-4927
-6479
-8792
-8325
-7381
-7269
-9528
-9322
-7953
-8090
-9066
-9109
-8400
-8611
-8367
-7577
-8007
-8432
-6099
-5902
-7527
-7242
-4655
-4743
-6578
-4577
-3324
-3876
-3921
-2768
-1863
-1606
-814
-410
-678
323
2309
2310
1825
3105
3502
3764
4075
5238
6610
5918
5484
6342
8399
8541
7670
8844
10248
9148
8760
11148
11634
10481
9403
10708
10594
10131
8772
8939
9545
7766
6153
4349
7714
4928
2100
1796
1510
2352
-1741
-1850
-2943
-2041
-4073
-7038
-6558
-5782
-5323
-9128
-9137
-8788
-7617
-9208
-10355
-9116
-8290
-8941
-10672
-9052
-8725
-8449
-9681
-7752
-8103
-8453
-6609
-7002
-7264
-7558
-4513
-5598
-5933
-4939
-3671
-3638
-4196
-2119
-1577
-1271
-1535
-16
352
881
2266
2553
2638
3007
4279
4699
4626
5852
6563
5672
6276
8277
8968
7895
8635
10059
10213
9382
10234
11821
11554
9957
9819
11766
11757
8761
8789
10294
8275
5762
4888
7046
5612
1970
1325
1080
1458
-1306
-2449
-3329
-3471
-4560
-7279
-7288
-7266
-6259
-8778
-10090
-9667
-9041
-9100
-10154
-9715
-8931
-8967
-10544
-9089
-8533
-8362
-8428
-7716
-7469
-7999
-6229
-5565
-5652
-6806
-4241
-3487
-4788
-3777
-2359
-2197
-2616
-762
-416
-755
324
1901
1747
1561
2821
3892
3534
3985
5188
5869
5186
5249
6353
6360
6944
7211
8299
7669
7408
8554
9019
9310
9217
10746
9838
8190
8885
11797
11187
6197
8306
9700
7165
4075
4576
7197
4076
1440
-53
668
-89
-1439
-2990
-5126
-3949
-5796
-7949
-8559
-7078
-7182
-9906
-11144
-10272
-8892
-9808
-9875
-10490
-9751
-10141
-9542
-9812
-9280
-7936
-7775
-7535
-9449
-6553
-4806
-5525
-7295
-5048
-2801
-4577
-4242
-3141
-1189
-1898
-1161
-262
-292
1072
2835
2643
1904
3032
4888
5598
4550
5118
7502
7355
5474
6655
8099
9304
7509
7223
9063
9441
9009
8310
9834
11159
11304
7910
8138
11052
12100
9020
6412
9832
9836
5621
2272
5857
7010
3993
668
-1874
609
442
-1509
-5410
-3857
-3701
-6869
-8956
-8912
-5793
-7754
-9840
-12140
-10538
-9114
-9929
-10991
-10872
-9512
-10609
-11134
-11562
-9288
-7758
-7498
-9986
-10334
-6325
-5941
-7755
-7297
-3803
-4994
-6991
-5602
-2390
-1757
-2238
-1172
-1196
-732
854
3298
2905
1812
3723
5520
5174
5165
7597
8930
7097
6141
7961
10776
10572
8914
9042
10504
11059
9286
10516
13134
12468
8902
8347
11891
13677
10214
8702
10380
9066
5795
5173
6909
6340
4825
1128
-1220
374
1128
-431
-4212
-4708
-4682
-6195
-8023
-8414
-6817
-7858
-10246
-13110
-11606
-9438
-9931
-11191
-12216
-10880
-11091
-12215
-11549
-9653
-8051
-8505
-10814
-10628
-7658
-6537
-6643
-6948
-6345
-5930
-6843
-6007
-2784
-1507
-1946
-1864
-2030
-705
1219
3072
2875
1823
3353
5466
5547
5788
7476
8176
7925
6798
7807
10349
11097
9927
9372
10790
10663
9671
12248
13345
9207
8482
13238
13072
8022
9458
12783
9653
4845
5883
8254
6751
4541
1640
835
1151
746
-2011
-4473
-3839
-3860
-6469
-8926
-7505
-6445
-8575
-11545
-12779
-10871
-9221
-10743
-12162
-11468
-10371
-11041
-12165
-10325
-7942
-8220
-9921
-9697
-8068
-7197
-7120
-7661
-7054
-5319
-5150
-6278
-4659
-1915
-1340
-1987
-1787
-624
839
1936
2457
3055
3784
4301
4563
5213
6097
6561
7105
8186
7704
8438
10176
10343
9981
10549
11741
10329
12302
13951
10297
8351
13375
14701
8341
9147
11797
9303
5568
5852
7060
6776
5461
275
-1574
-339
1049
-2461
-5415
-5034
-4621
-6311
-9189
-7792
-6941
-7985
-11850
-13478
-10756
-7769
-9189
-13148
-11771
-9878
-9556
-11400
-10281
-7714
-8768
-10801
-10635
-7926
-8523
-8196
-7357
-7377
-6797
-5451
-5416
-5741
-2552
-638
-2117
-2949
30
2364
1833
2177
4151
4844
4004
4098
6088
7278
7754
8412
9173
9866
10198
10873
11217
11953
13427
13501
12801
14594
12596
10039
13508
16615
11199
9008
11882
9546
6832
6750
7993
6077
4448
1948
-1972
-2052
164
-749
-5151
-6768
-5915
-6286
-7903
-9415
-9050
-8660
-10651
-13030
-12793
-9884
-8744
-11761
-13333
-12078
-10636
-10560
-10383
-10280
-9361
-10193
-11860
-10401
-8787
-7737
-8497
-9190
-8185
-6569
-6087
-5077
-4104
-3014
-2455
-3397
-1512
1889
2446
1871
3036
4158
3733
3958
6528
8636
8236
7887
9393
10686
11149
11541
12223
13803
14489
12868
13841
17000
13329
10283
16317
18077
11721
10535
13549
11235
8493
8802
8311
7970
6867
2060
-1534
238
2566
-963
-4928
-5402
-4340
-5605
-8420
-8483
-8404
-8672
-11115
-13326
-12445
-9678
-9554
-13310
-14318
-12423
-10981
-10691
-10760
-11389
-10954
-11109
-12032
-11687
-10493
-8316
-9152
-11387
-9359
-6619
-7390
-7221
-5603
-4741
-5416
-5011
-1039
340
-1130
286
2545
1557
1536
4108
6798
6667
5740
7675
9423
10510
10804
11317
12806
14537
13591
12815
16614
17178
11453
12569
20326
17045
11331
14043
14765
11295
10341
10725
10275
9963
5583
1204
1009
3406
2798
-1904
-4707
-3741
-3302
-6283
-8218
-8102
-7555
-9659
-13710
-13806
-10484
-9179
-12460
-14482
-12860
-11715
-11241
-11466
-12044
-11223
-10558
-12231
-12714
-10970
-8714
-8160
-10249
-9900
-7169
-6284
-7284
-6506
-3663
-4188
-6029
-3269
686
-308
-1336
974
2223
985
1802
5022
6612
5561
5328
7622
9166
10041
10329
12981
14827
13068
12796
17240
16216
9620
14673
22108
17062
10919
15057
16256
10953
10731
12005
11764
10005
5510
858
2148
5024
2999
-1594
-4960
-3108
-2789
-6578
-7939
-6993
-7657
-9742
-13978
-14614
-10534
-9087
-12539
-15090
-12879
-12270
-12106
-12459
-11864
-12027
-12514
-11205
-12685
-13059
-9328
-6588
-10312
-11170
-6725
-5855
-7252
-5895
-3107
-4198
-6133
-2655
230
-393
-624
1015
1311
415
2059
5006
7024
4473
4378
6975
8891
9930
9713
13282
15213
12365
12859
17917
13393
9333
18346
21766
13611
11113
17658
15334
9195
10415
12950
13006
8523
2642
1146
4701
5973
1180
-3419
-3491
-1555
-3391
-7454
-7011
-4885
-6494
-11206
-14304
-11458
-7613
-9339
-13681
-13527
-11503
-11136
-11293
-13102
-11352
-10858
-13011
-13315
-12219
-10389
-8255
-8999
-12107
-9322
-6451
-7577
-7898
-4428
-2778
-6398
-6844
-1413
474
-1034
-659
1131
1356
857
3154
6278
6679
4406
5565
7775
9213
9505
10893
13382
13306
12058
14834
16342
8012
11698
22818
17894
7950
12034
19494
12063
6576
10573
14525
12312
4012
-213
3322
7918
5426
-1161
-4262
-1451
7
-4351
-6789
-4328
-2920
-6185
-12311
-12962
-6774
-4919
-10687
-14422
-10995
-10084
-10815
-11388
-11949
-10727
-11879
-14125
-14536
-11803
-9121
-8482
-12864
-13653
-9068
-8365
-9495
-7868
-5475
-6633
-9699
-6708
-998
-1592
-3391
-1840
317
-148
903
4133
7211
5662
3868
6696
9036
9875
10519
12964
14146
12021
13955
17977
10770
9815
22883
22317
8526
9115
21433
16990
7785
9889
15041
15619
7966
829
2465
10350
9460
618
-4586
-1031
3405
-1595
-7259
-4987
-436
-2985
-10541
-13549
-7230
-2226
-6523
-15732
-13864
-7152
-7848
-10805
-14007
-9938
-8198
-13907
-15991
-11737
-8613
-8299
-12508
-15692
-9774
-7246
-10228
-10414
-7704
-6677
-10548
-10705
-3337
-2189
-5100
-5035
-2802
-1630
-519
1463
4195
4895
2485
3452
6515
8664
9760
10842
11461
11915
12306
16227
9537
8196
22189
21358
8380
6386
20705
18361
7146
8258
13557
16206
9130
1498
1963
10585
10503
729
-4593
-542
5265
479
-6776
-5673
177
73
-7779
-12389
-6139
-739
-4073
-13224
-12911
-5960
-5151
-8045
-12519
-8715
-6224
-10225
-13482
-10723
-6889
-6225
-10359
-13834
-8701
-4858
-8099
-11180
-6184
-3890
-9564
-11042
-3161
-699
-4326
-5632
-2653
-283
-797
857
3308
4941
2598
2221
4645
7419
9169
8987
10019
9918
11297
14305
5412
5469
20759
18883
4462
3988
17883
15161
5035
5794
10727
13724
7229
-920
116
10916
10932
-916
-6112
-85
6288
862
-5897
-4393
1290
817
-7312
-10626
-2976
1466
-3218
-12035
-10889
-4418
-2855
-6243
-11171
-7735
-5376
-8002
-12076
-10013
-4913
-4306
-10595
-13817
-7366
-3513
-8704
-11788
-4985
-2941
-10229
-11790
-2462
-322
-5753
-6498
-2093
-54
-1113
-396
2894
4483
1543
2042
4674
6831
8137
7363
9120
10023
10918
12492
1398
7273
22925
13960
-233
5963
19681
9742
2619
6292
11414
12024
3367
-1989
2113
11990
9748
-2347
-6797
2900
7464
-1607
-5113
-986
2586
183
-8273
-8286
990
2962
-3987
-11792
-7962
-1903
-1366
-6198
-9967
-5483
-4094
-8146
-11767
-7790
-2348
-3567
-12320
-13047
-5175
-3677
-9186
-9971
-3429
-4620
-12207
-9831
-511
-1315
-6783
-6606
-2168
-908
-1834
-384
2337
2669
608
2475
4166
5531
7025
6662
8025
7645
11065
8057
-821
12695
20957
6633
-2043
10189
17537
4094
1972
7224
11282
8497
-6
-2530
5328
12824
5018
-4470
-4613
4981
5410
-3396
-4303
981
3046
-1100
-8276
-5606
3708
3297
-5253
-9365
-4621
-112
-74
-6207
-6959
-1851
-2373
-7943
-8969
-3215
465
-3107
-11721
-9013
-920
-2032
-7735
-6921
-809
-4306
-11225
-6225
1866
-1753
-6968
-5008
-2235
-1564
-2082
-1277
1588
456
-1295
1882
1944
3309
4370
3981
5449
4835
9276
489
-1868
15315
15238
-1007
-2817
13274
10850
-736
1606
7319
10074
4442
-3663
-3378
7576
11487
1764
-6779
-2912
6203
2023
-4488
-2478
2133
2984
-2564
-8725
-1871
6140
2640
-6327
-7802
-855
2185
-1450
-5780
-3126
-934
-1422
-6235
-6341
-1306
3179
-3483
-12079
-4413
2983
-1886
-8304
-3214
1273
-4516
-9672
-1936
3647
-2097
-6452
-3873
-300
-678
-2167
246
2254
-1454
-1459
2895
2752
2249
3416
4522
3244
6293
5744
-5156
6097
17966
5269
-7868
5104
15134
1233
-1676
3352
8538
6736
-1144
-6608
653
9665
5171
-4381
-7154
1851
4147
-3565
-5113
274
2163
237
-7104
-6630
3258
5368
-552
-8011
-5405
2380
3245
-3882
-5116
-595
1670
-1644
-7002
-3662
3301
4485
-7791
-10293
2362
3805
-5371
-6189
1094
544
-6678
-5348
1754
1030
-2810
-3863
-2181
-627
-132
534
1930
156
-2389
1895
4396
3205
1679
4212
5734
5664
5540
-3912
2868
17047
9936
-7450
-2188
14647
6221
-3911
-600
6524
7300
-1363
-8597
-4063
6406
5404
-5802
-10205
-3058
2766
-2570
-8878
-3919
758
-482
-6593
-10291
-1234
5375
959
-7756
-7274
-318
4398
88
-5573
-2326
2618
3127
-4855
-4388
3375
8388
-987
-9841
928
8552
230
-5763
1604
4826
-1927
-4891
2502
4159
-1091
-2426
71
1400
-150
597
2819
2315
-1920
-672
4108
4032
2030
1934
4766
4847
6333
-1938
-3278
13188
13489
-4310
-7882
9357
9320
-2782
-3612
1995
6163
799
-8622
-8170
2453
5031
-4110
-11920
-7171
1075
-1616
-8685
-7677
-1899
-345
-4696
-11261
-5549
2928
2426
-6764
-8297
-1951
2560
2267
-4317
-4481
847
5452
-1264
-5917
1114
9759
4350
-7713
-861
9917
5551
-3186
956
7352
3579
-2935
1992
7605
3187
-1105
1062
4640
3019
793
2718
5209
765
-568
3553
4687
2028
1919
4494
2685
5356
1967
-5719
5065
13492
315
-9673
2674
8703
-2744
-5685
-993
2934
340
-7229
-10288
-2572
2980
-2066
-10745
-11071
-1589
-769
-8190
-9126
-3558
-2106
-3460
-9373
-9311
81
2906
-4133
-10274
-4461
1465
1758
-2546
-5415
-2747
3849
2696
-6138
-3568
7503
9377
-5344
-5715
9163
9843
-490
-664
7232
7256
1722
533
7454
8285
2368
1616
5383
5849
3971
4147
6065
4158
627
4618
7217
4403
1075
4857
5574
5073
3233
-5395
4289
13036
1976
-9451
1840
8680
-3823
-5689
-1776
2161
269
-7140
-12209
-3523
2637
-2843
-10277
-11712
-4121
-2172
-7781
-10250
-4380
-3414
-5749
-9950
-9668
-1678
355
-4178
-9397
-7354
-2327
1037
-1398
-6047
-4934
758
3099
-5357
-5205
4186
8192
-2206
-7875
5278
10503
1185
-1790
6645
7692
2124
1500
7182
9064
5031
2556
5359
7187
5103
6246
8589
5891
1801
5273
9303
7485
3279
4874
6870
6716
6455
-3100
599
14434
8139
-8885
-2983
10844
824
-7416
-3779
2576
2117
-5880
-13531
-7139
3065
-738
-11030
-14452
-5524
-2053
-8435
-12398
-7214
-3400
-6680
-10671
-13171
-5416
686
-4098
-12063
-9874
-3511
-1835
-1988
-6207
-6773
-1999
2699
-4510
-7596
2573
8179
-946
-9114
1892
11152
4070
-3476
4552
9927
4405
527
6173
11505
7975
3791
4988
9219
7475
7059
9340
9296
4791
5808
9942
9564
5786
5204
9139
7026
8061
2987
-3008
9093
15213
-1543
-8823
6764
8454
-5474
-6512
93
3459
-1104
-11406
-12402
-218
2246
-7185
-14986
-10828
-2039
-5845
-12847
-11400
-4667
-5697
-8386
-14355
-11550
-955
-1979
-9486
-12748
-6189
-3740
-1818
-4527
-8939
-5666
2319
-247
-9511
-3698
6403
5451
-7614
-5651
8028
8613
-2375
-1413
7907
7534
857
1160
9452
9513
5217
2897
7048
8388
6792
8139
9457
6344
5057
9390
9844
8089
4905
8663
9929
8654
7552
-2483
4494
17486
9113
-8090
351
14223
2012
-6459
-2279
5250
3993
-5830
-14111
-5158
4019
-2259
-11955
-14253
-4992
-3627
-9937
-13920
-8069
-5109
-8017
-11565
-16234
-5392
-1715
-6834
-11803
-10206
-6721
-3365
-482
-9876
-10383
-675
4141
-8714
-9408
2831
7499
-2360
-9612
1965
9446
2861
-4579
2114
7706
4752
-1512
3650
9747
7296
2642
3461
7919
7062
7492
9506
8363
3833
7111
11331
10024
6279
7594
11676
9897
9013
3177
1363
13526
17268
-470
-6329
11660
11529
-4248
-4957
4282
6518
-1502
-11438
-9615
2094
714
-8324
-14289
-9198
-2890
-7541
-12964
-10720
-5272
-7878
-9434
-15108
-10145
-1835
-5882
-9743
-10494
-8801
-6792
648
-5604
-12409
-6057
3131
-2784
-11797
-3072
6461
2482
-9781
-4149
6821
6629
-2926
-2638
5187
6482
-191
76
8401
7315
3581
2701
6503
6902
6780
8850
9459
5246
4014
10963
11198
7636
6106
9350
11831
9374
7196
-187
5647
19170
9197
-8398
1348
15903
3494
-7413
-1408
6472
4500
-6413
-12386
-3387
3423
-2882
-10535
-12316
-5651
-2338
-8198
-11676
-7559
-4791
-6135
-9661
-13574
-5939
-939
-4259
-9241
-11174
-7446
-640
399
-10523
-10155
-133
2738
-8274
-9656
2096
6711
-2605
-10406
-322
7760
1879
-5171
1321
6377
2714
-2201
2407
7498
5184
2139
2974
4989
4919
7246
7828
5220
2823
6874
10649
7310
4734
7377
9823
7547
7552
7825
-1543
4499
18631
6112
-10026
3282
15126
48
-7963
591
7361
2012
-6358
-10237
-2346
4067
-3205
-9491
-10362
-3143
-1787
-7249
-9722
-5207
-3058
-5744
-9288
-12280
-2547
-1657
-4236
-7404
-10516
-7204
1018
453
-12211
-9540
1832
3091
-10351
-8816
3279
6525
-4579
-10786
1109
7642
-1610
-6334
3279
6343
223
-3247
4443
7167
2559
1285
3934
3783
4806
7008
6536
4159
3191
7034
9591
7296
3911
8241
10078
6658
7178
8211
-1062
5681
18747
5252
-8726
4090
15952
140
-7728
1074
8329
2269
-5271
-9622
-2282
6109
-2095
-8616
-10260
-1689
-811
-6038
-8975
-5149
-448
-4878
-8395
-11858
-3375
449
-1386
-8922
-11975
-3364
3074
-1453
-12638
-6661
2817
1850
-10051
-8923
4795
6148
-6019
-11373
1436
6161
-1979
-6804
386
4455
-1390
-3755
2937
5565
449
356
740
1373
4559
5801
2803
1422
2555
5722
7619
3305
2544
7089
8967
3870
4491
9032
529
-309
13549
11850
-7373
-2563
15950
4940
-9277
-1684
7414
4901
-2636
-9398
-5746
6621
2924
-7221
-9446
-2905
1385
-3442
-7607
-5758
1489
-1465
-5933
-10873
-4270
3403
73
-5931
-9554
-4335
715
4190
-6099
-10871
3
7512
-5263
-11504
2698
7757
-1036
-9944
-2905
5908
2219
-6813
-938
4702
-1915
-5154
3454
6207
-316
-909
1154
2512
1086
2866
4302
2578
-101
3937
5741
4281
3077
5039
8372
4392
2625
8102
9168
-4926
3224
17823
5233
-8799
4389
15969
-1374
-6650
449
8559
3756
-4869
-9411
-896
8955
-1502
-8365
-8220
1222
-187
-5731
-7540
-3196
2373
-5299
-7530
-9622
880
1177
-4105
-7290
-7261
-3936
-657
4666
-9268
-10750
1722
6017
-9157
-8881
3970
5851
-4651
-12477
1378
6779
-3090
-7425
1547
939
-4550
-2602
3500
3609
-2093
-1529
1884
154
-126
4158
2704
-884
-255
3393
4688
4044
1998
5273
7410
3441
2302
8355
12265
-4020
-1405
18066
12687
-8203
96
19171
3881
-6997
561
11133
6896
-600
-7310
-1889
11281
1674
-4842
-5816
2165
2189
-4872
-4756
-1442
2288
-4539
-2980
-9330
-1534
3234
-2357
-5238
-8148
-3610
-1616
4965
-6567
-10865
-2322
6424
-6061
-13338
2614
6307
-4597
-15302
-913
5551
-3036
-9397
-2634
1605
-5597
-7375
-438
3775
-2773
-4600
-1137
394
-1932
355
3194
-655
-4505
972
5047
1859
773
3723
4786
1443
3406
6519
11690
1942
-8773
10184
21782
2157
-12326
11883
19907
-3562
-8090
8233
15397
4618
-2186
-8000
5829
12091
966
-4726
-3248
6910
714
-3682
-5251
2780
4354
-3562
-7070
-8217
5190
2204
-3551
-8161
-3079
-1145
-2487
84
-6373
-6264
-1420
2627
-11622
-8879
4367
3515
-11546
-14135
2658
3146
-8931
-12606
1244
1199
-10413
-10803
1571
3324
-6079
-7014
-1612
488
-1913
-459
1153
-1224
-2907
1612
4017
1669
74
4544
5613
2600
4044
6016
10835
6297
-5366
5926
22474
8723
-9674
7510
20079
2653
-4259
6474
14457
9653
50
-8280
5748
14647
4536
-3960
-3719
6288
2375
-2103
-3100
3165
2784
-3593
-3720
-7257
1189
3105
20
-6343
-7502
-3868
-871
2320
-7241
-8907
-3334
2000
-10056
-11420
756
1844
-9548
-17331
-2036
675
-9127
-11577
-2284
-4829
-11474
-8371
-1023
-188
-8857
-7601
-2216
-1401
-4337
-2046
1406
160
-3946
-1370
4541
3434
824
2954
6512
5231
3923
6082
11118
12654
-2560
94
23787
18138
-6561
1997
25472
10822
-6068
5221
19992
13410
1018
-2994
4809
16795
6616
-1079
-1310
5714
5671
-1339
-1194
2114
6878
-2356
-2621
-5104
-204
4503
-253
-4138
-7808
-2816
-3629
-21
-4952
-9606
-7558
-475
-6244
-16560
-6483
1058
-5030
-21766
-12906
1195
-5444
-17632
-11181
-2407
-10701
-14905
-8444
-816
-7895
-11798
-6470
-3881
-6717
-5519
-319
-1026
-5378
-3737
2548
3615
303
1675
6378
6430
4477
5140
9710
15986
8934
-3919
12405
28262
9337
-5464
17975
26429
2333
-619
14898
21001
11949
2103
-1445
11658
16308
6128
-779
338
8331
4559
-2138
-1145
6704
3992
-2919
-2594
-4784
1133
2085
-936
-5710
-8387
-6289
-2823
-1540
-10848
-11648
-5993
-4638
-14854
-15967
-5640
-1142
-14318
-24320
-7820
-1784
-14520
-17461
-6054
-6722
-16058
-15591
-3938
-2488
-11646
-10482
-4205
-4036
-5948
-4040
499
-146
-3948
-809
4801
5396
2723
4791
9150
8172
4898
10090
14999
17912
7070
38
19878
28660
8722
121
24378
22508
1829
6189
19865
21937
10192
4342
613
13793
15922
6975
1599
34
8253
1990
-660
-869
5073
1748
-1568
-4952
-9973
3392
1402
-5281
-10996
-9408
-8790
-6649
-4972
-14486
-14327
-9862
-6583
-20511
-19173
-4291
-4617
-21642
-24561
-5678
-6290
-16472
-17455
-7079
-8287
-15983
-13560
-3892
-2921
-10356
-8537
-4135
-2051
-3642
-1136
2815
-484
-1672
3480
8248
5981
5406
8481
9453
9623
9946
12775
14215
17762
10998
2593
18716
30348
12992
-1191
18643
27199
6425
2262
16842
25325
12415
1790
-1406
13648
19919
5232
-3047
-278
9177
1746
-2314
-4034
1186
4016
-3460
-8082
-10569
-412
-673
-4633
-13318
-14451
-9978
-6081
-5495
-18652
-18578
-7691
-4382
-23700
-23074
-4289
-3567
-21485
-25273
-7246
-4664
-14824
-18729
-7278
-5403
-14551
-14030
-1289
-312
-9458
-9106
-1297
113
-4842
-808
6595
2842
-3727
3628
11065
8346
3317
8618
12594
11392
9255
10910
15891
17040
16341
2358
11188
30713
22049
-1485
9730
30484
10876
1316
11563
25122
16247
4271
-562
7326
18852
7170
2294
-1561
4854
3078
-2039
-3188
-2246
4872
-4338
-5307
-11736
-6027
413
-1830
-10687
-18917
-10328
-7715
-4335
-15384
-18778
-12477
-6772
-17073
-24707
-9858
-4919
-14429
-26627
-15995
-4739
-11109
-19070
-10987
-4705
-14563
-16293
-5260
1134
-5946
-10381
-4275
-339
-3025
-1072
3916
3572
-1039
2647
8786
9135
5640
8222
13005
10381
10772
12967
18017
15296
17068
14781
3770
18103
31960
17376
-1658
16953
27826
8036
2779
15882
25866
11598
3502
-1379
10031
18614
5170
-304
-1621
5681
333
-2477
-3941
214
1223
-7701
-7304
-12817
-2865
-752
-6211
-16113
-17032
-10984
-8691
-5792
-18828
-18848
-13168
-8152
-19554
-22119
-9706
-5922
-17338
-28579
-10879
-2822
-13956
-19427
-7029
-5858
-15887
-13635
-1262
1322
-9018
-8213
-1579
20
-1574
1806
4240
2234
579
3212
9981
9997
6671
8996
12677
10446
10943
15281
18615
16384
13857
17374
8869
11656
29241
25645
464
7314
29875
16585
1909
10212
24416
15813
3736
-1042
5558
19024
8384
-1931
-4027
3590
4557
-3851
-4743
-3821
1433
-6823
-9576
-12375
-7693
-2184
-8630
-12871
-19427
-15705
-11046
-5304
-15190
-24589
-15956
-6106
-13882
-28370
-13577
-1898
-13031
-27682
-16823
-848
-7938
-17125
-12130
-4441
-10183
-11508
-3709
787
-5315
-6952
-681
1116
-1550
558
7712
4344
-477
2448
10903
11426
7664
7236
10115
13820
11287
12552
16023
17383
14471
15371
18060
6893
14437
30549
21258
-470
9527
31003
14356
1485
11813
22002
11346
3238
388
5327
17392
5703
-3757
-4852
3017
2681
-4785
-6471
-5130
-68
-9505
-11643
-13327
-7255
-4224
-11770
-18427
-20419
-11863
-11295
-9378
-17841
-22265
-15126
-8370
-17570
-23374
-8381
-7413
-16756
-24739
-11092
-885
-10081
-18326
-8877
-2402
-10116
-10077
-3297
2227
-4462
-6275
-329
2497
1020
4687
6863
1828
402
7854
14448
9513
5875
10237
15049
11174
8921
13954
20404
17171
12194
14704
21343
11755
7746
28431
27382
3559
1726
28749
23114
-182
5301
19532
18911
1765
-816
2055
15243
9671
-5256
-5783
-335
5384
-6915
-6730
-7730
-2573
-7942
-12694
-9924
-12067
-6701
-13415
-13847
-18587
-16437
-15325
-9252
-10137
-26149
-21916
-8121
-7632
-27198
-17779
-4890
-10920
-23336
-17778
-861
-8374
-17362
-11605
148
-7147
-12829
-4723
4245
-471
-8461
-1378
6627
5010
1204
4577
7611
6633
6268
11270
11698
9387
12263
13620
10287
12761
16406
16256
15176
14787
16199
16913
22686
9371
8231
25504
25375
4401
2611
27504
17853
940
4578
16526
15399
4135
-343
-1937
12194
7382
-3580
-8565
-2336
4590
-7056
-10996
-11375
-579
-8069
-14439
-14553
-12466
-5212
-15011
-16670
-17636
-13950
-16002
-11315
-13187
-25323
-17547
-7867
-11461
-26795
-15592
-4164
-12330
-22557
-16412
-2132
-8083
-14799
-11723
-1792
-5044
-10312
-5158
2496
691
-5055
252
4879
5675
4852
6068
7116
7624
9641
11384
11576
11761
12338
14321
13822
13337
13722
17098
18828
14782
12829
14706
21260
18540
4286
11946
28413
16321
-3081
11266
25478
8662
-1728
7402
16988
7816
79
-3516
1973
9609
-53
-7324
-8696
1045
-1498
-10847
-12615
-8348
-3217
-11817
-13949
-16840
-10603
-9204
-13921
-16868
-17484
-13004
-15356
-10970
-17177
-20620
-13576
-6486
-17038
-23200
-8768
-5758
-13671
-19237
-8685
-4146
-8331
-11440
-5817
-1836
-4483
-4383
-647
2111
305
2493
4366
5384
5721
8243
9648
7929
7455
11641
13906
12330
10920
11982
16203
15896
11509
13884
17968
15675
12969
14364
17455
14432
16203
8998
7451
20955
18306
2043
3195
20882
11611
-3258
1499
13054
9585
-3529
-5537
-4571
5624
-3
-8416
-11856
-7230
-1668
-10939
-13971
-13844
-5870
-11582
-16381
-17818
-16774
-9400
-12639
-16109
-21032
-18028
-13523
-8544
-15125
-22746
-13619
-5806
-10535
-22616
-13789
-2002
-5302
-16501
-13596
-226
-1304
-8238
-5152
2569
-319
-3118
2367
7751
5479
3444
7967
10648
7748
9455
14559
13140
8834
11294
16003
15453
13305
13935
16274
15416
15347
13200
14325
16770
15084
13626
12943
14690
12802
16525
10395
1816
13368
20676
6508
-7236
12106
17507
-3280
-7429
4892
10268
-3029
-9395
-12533
-651
366
-11762
-13722
-14389
-7275
-11762
-15865
-18530
-13130
-11605
-18180
-18040
-21510
-13753
-13775
-15812
-19914
-19890
-15418
-10504
-10263
-21503
-16354
-5552
-6421
-19310
-13879
-613
-2117
-12234
-11355
2175
2681
-4613
-3170
5874
4190
868
3813
11747
9399
4519
10572
15353
10660
8952
15863
16666
13175
9394
15140
18991
14624
11287
16362
17241
11847
13025
15593
15131
10371
11772
12838
12250
9617
8605
11681
11599
2441
1936
15589
11053
-6433
-693
14007
1657
-9390
-2156
5863
-1057
-9427
-10620
-7954
534
-6787
-13656
-14876
-10974
-8228
-14774
-16732
-15299
-9139
-14385
-17520
-17024
-13803
-10975
-13884
-13177
-17033
-15930
-10131
-6208
-14153
-18770
-6831
-1459
-10619
-17617
-4497
3005
-5419
-11165
-4816
3672
-564
-3820
1415
5113
2139
1595
6924
8869
5785
6429
12908
11259
6317
9771
15030
13842
8498
10195
14768
14330
10155
10782
13516
11940
9486
9194
12136
10306
8066
7875
9799
9293
5047
6377
9447
10176
846
-3327
10637
14457
-2311
-9816
9924
10785
-6601
-9334
1696
7547
-5281
-8844
-9749
9
-656
-8610
-11130
-11432
-3442
-9351
-11279
-14511
-9495
-6459
-10312
-12177
-16187
-5745
-5499
-7782
-13181
-11448
-7308
-5316
-4731
-13577
-7782
-1793
-2845
-13190
-8326
4756
741
-9466
-7734
5519
1874
-5615
-2330
4966
3120
-1830
985
5963
5961
2902
4420
6561
6837
5423
7514
11226
7760
3633
7640
12277
8737
5786
9097
10392
6952
3721
6908
9917
6577
3156
5434
7486
4676
3422
5058
5345
4670
4530
-1056
-2175
8433
8833
-5340
-8336
7402
6311
-8431
-7717
2354
4286
-6826
-7820
-6798
-246
-543
-8151
-9975
-7449
-529
-8302
-10739
-8312
-3649
-5031
-10583
-7122
-7280
-1965
-4108
-5835
-6402
-6821
-3807
-2113
-1486
-8232
-5548
1161
-798
-7937
-4152
6927
1953
-6794
-4835
4237
5506
-2693
-1432
5637
4381
-2819
877
7000
4732
2350
2046
4635
4455
4823
5961
6175
4240
3153
5952
6283
5256
5133
5810
5901
3989
1848
5335
7347
2456
896
2663
4181
2508
964
2201
2512
1463
637
4296
2749
-4956
1080
8476
1064
-9917
639
10562
-1758
-9487
-2598
6550
26
-5931
-6484
-2886
3742
-4026
-7847
-6570
-1484
-183
-6345
-8397
-6232
2392
-2379
-7480
-7602
-2651
2052
-3148
-5704
-5408
-230
-1026
-1469
-4342
-6597
-232
3305
-2974
-9694
-619
4515
-1958
-6293
-1289
3104
-1517
-3657
-99
632
-3251
-3192
744
469
-2357
-1059
1853
407
-758
1173
2916
893
-156
3085
3905
1502
481
4700
5737
2536
1647
2747
5031
3575
1526
1317
4085
4983
1179
1646
2029
3220
3604
3806
3427
2985
7751
1280
-892
8965
11848
-1027
-3414
11443
8170
-1612
-329
7685
8321
725
-974
-1769
6894
5754
-1893
-3695
-317
4828
-1518
-4288
-2758
2719
333
-6003
-3428
-2677
331
-2247
-4310
-5062
-4288
-1765
-4049
-4062
-8317
-5935
-816
-3602
-11443
-10215
2006
-2742
-11836
-11290
-830
-1251
-11158
-7725
-2294
-4728
-10040
-6773
-3045
-4698
-6494
-4431
-2650
-3287
-3273
-1886
-312
-1570
-737
-10
2153
734
1204
5234
4659
1874
2009
5832
6007
3605
1733
4629
6172
4927
2705
4137
7083
5957
2930
3958
9904
8840
4937
7625
8043
4894
9871
13446
5385
1028
10994
13295
1824
2084
8645
11664
4950
620
173
5569
9626
786
-3739
-2528
4290
1960
-5929
-6137
-1491
2314
-5340
-9853
-7570
-1407
-1412
-9476
-10486
-8427
-4345
-5836
-9580
-12549
-10105
-3740
-7372
-14548
-13255
-3528
-4137
-13687
-13112
-5866
-3561
-8884
-10231
-6254
-4245
-5405
-7021
-4651
-3180
-2446
-1552
-2085
-1078
387
1880
1883
1317
2130
3778
5741
4282
4059
6749
8379
5253
2774
7320
9495
7403
4362
5963
8245
6673
5992
7011
8029
8111
6336
6170
9111
9847
7526
6546
9078
11783
10398
3697
5165
12587
12906
1374
1599
11616
7712
1503
742
5401
6280
871
-1433
-3034
2279
-808
-4244
-5341
-5910
-2776
-7116
-6846
-9461
-6479
-4712
-9843
-11919
-12513
-5926
-7877
-11620
-13869
-12025
-7436
-10245
-12725
-13577
-7270
-6068
-12231
-14801
-8198
-2606
-8481
-12180
-9242
-3654
-3992
-6729
-5736
-2931
-1262
-3041
-3006
-673
1991
2317
1289
1627
2809
4775
6451
5301
5157
7107
7331
7021
7047
8966
9642
8404
7251
8322
9554
8150
8944
8997
7988
7924
7455
7146
7294
7251
7604
7226
5084
6067
7060
6980
5067
4848
6051
5891
6288
1779
1582
6138
7187
296
-4514
4835
5930
-1444
-5954
-906
3965
-2545
-5781
-7040
-2732
-1203
-6881
-7726
-9174
-5179
-4321
-8860
-11626
-9040
-2684
-7339
-12054
-11212
-6972
-2847
-9127
-12206
-8587
-3518
-5270
-9806
-9417
-5062
-987
-5573
-9460
-6263
-557
-1286
-5989
-5872
-1516
1148
-1685
-3252
-1146
1336
1884
913
227
1486
4154
4977
2649
2623
5382
6703
5943
4754
5782
7441
7594
5824
5173
7185
8319
6800
4296
4563
7386
6112
4520
3372
4522
5067
3087
2152
917
4209
3831
683
-114
1547
3145
1050
823
554
1696
2316
1216
-13
2362
1200
242
2103
2260
-91
-1996
4949
1584
-2937
-1586
1361
4237
-3356
-2705
-2831
1451
1033
-5906
-2606
-2515
924
-2923
-5871
-3204
-2019
908
-4887
-6111
-3775
-1976
-587
-5652
-5327
-3534
-1356
-2480
-6493
-5402
-1833
-83
-5418
-7577
-2695
-270
-2839
-6081
-3760
-750
-2239
-5274
-4276
-823
-1230
-3807
-3561
-1299
-1161
-2081
-1606
-818
-514
-793
-172
715
-72
1154
1494
755
1304
2378
2723
1469
1324
2810
2950
2370
1948
3277
3407
2514
2296
2038
3374
3756
2555
1945
3579
3446
2533
3491
4266
3303
4137
4019
3109
3492
5143
5404
4929
4504
1773
5057
6416
4357
947
4664
7148
1472
920
1716
5599
3811
198
985
-67
2929
-44
606
292
-1471
778
-1815
-2149
-2661
334
-278
-3977
-3895
-3822
-627
-1907
-5077
-4594
-3560
-2948
-5746
-5768
-4789
-4219
-3692
-7179
-7898
-5337
-3279
-4870
-8570
-6535
-4527
-4616
-7291
-5789
-3233
-5474
-5333
-4144
-4035
-5241
-2696
-880
-3645
-4588
-1856
562
-1327
-2225
-469
1071
495
403
865
1793
2893
1846
1983
3189
3332
3549
3460
3915
4315
3750
4513
5118
4779
4335
4808
5956
4621
4847
5430
5428
6440
4284
4107
5860
6608
4330
3529
5859
7106
3936
894
5517
7679
2844
-862
5169
6096
-687
391
2446
4170
498
-2077
518
71
1573
-2843
-852
-502
-3649
-1539
-2349
-1193
-4985
-2623
-506
-4539
-4172
-5399
-934
-1937
-6441
-5955
-4581
-1395
-5962
-6997
-5245
-4444
-4391
-7400
-5610
-5899
-5409
-4966
-6694
-5621
-5777
-3752
-5646
-5107
-3212
-3818
-3533
-3871
-2195
-2426
-1158
-228
-1860
-781
1017
2639
685
375
3760
4392
2665
2286
4971
6326
4357
4088
5332
6931
5857
4177
6152
6783
6428
4248
5232
6265
5563
5215
3923
4890
4972
4028
3519
2532
3650
3718
2751
405
1548
2999
1761
439
-956
461
1556
81
-3914
-1033
2342
-2208
-6049
-1548
1288
-3864
-5582
-2836
-1017
-3129
-5420
-4203
-3138
-1769
-4962
-5208
-3580
-4142
-3291
-3922
-4206
-5044
-2271
-2590
-5506
-3986
-2262
-1473
-3719
-4748
-2756
-1022
-1376
-2853
-4143
-1502
1201
-793
-3701
-1186
2041
259
-1402
-855
1456
1905
909
519
1780
2501
1570
2654
2693
2856
2800
3354
4049
3369
3510
4127
5365
4029
3344
5157
4597
3812
4082
4611
4284
3658
3409
3445
3333
2624
2862
2553
827
1190
1501
1072
-37
-401
89
-831
-421
-1248
-1736
-2001
-1204
-1087
-3075
-3058
-1582
-1263
-2732
-3008
-2398
-1569
-1401
-2420
-2692
-1629
-648
-2163
-2734
-507
-489
-2671
-2153
1060
-892
-3242
-1149
1154
-357
-3341
-677
83
-373
-1028
-1161
-147
-1201
-97
-350
-162
-1023
-795
1067
-508
-1529
-842
1300
462
-1209
-694
-384
1330
187
-797
-304
615
642
-1099
-431
677
308
-746
-214
679
-1156
-1015
866
792
-796
-1015
397
168
-272
83
-83
329
342
216
-219
141
1798
1226
-185
-384
1609
2134
1020
485
596
1618
1790
535
622
1604
1583
903
-52
684
1382
1174
478
-42
397
437
623
307
277
383
1103
352
-333
598
1465
1751
110
269
1126
2034
1797
-50
1118
2290
1802
451
1378
1126
819
2576
1356
-555
-500
3596
1376
-2039
-29
1856
1707
-2580
-552
634
597
-885
-2698
238
-1675
-462
-1277
-2168
-2152
-2365
257
-3195
-3253
-2573
-1200
-1256
-4496
-2970
-2074
-1077
-3617
-3829
-2115
-1839
-1886
-3591
-2586
-1695
-1415
-2583
-2209
-1216
-1345
-1004
-1316
-712
-968
173
-73
-656
-471
500
1620
49
-295
922
2596
1132
-37
1230
2551
1879
724
1030
1923
2036
1176
1857
1212
1337
1878
909
931
921
1769
1167
635
403
189
1525
994
406
-166
801
583
79
-69
318
1377
322
-599
-2
1411
764
-327
361
1327
739
111
479
1024
1110
634
605
1807
1034
-717
2162
3199
132
-1087
2857
3582
-254
61
2261
3506
-54
275
2295
1520
1543
-144
1881
787
448
971
640
1252
-1160
507
529
-134
-771
-899
526
-1150
-1565
-1550
-353
-1176
-2712
-1864
-996
-1665
-2690
-2772
-1834
-1606
-3189
-3428
-2089
-1929
-3401
-3499
-1832
-1771
-3579
-3516
-1316
-2511
-3627
-2207
-1382
-2612
-3315
-1302
-1901
-1438
-1995
-2204
-1007
-597
-1032
-2253
-266
-128
-916
-786
-207
716
-734
-670
711
707
268
-124
673
840
973
990
613
1091
1517
1991
1357
1689
2086
2237
2180
1893
3098
3109
2607
2253
3371
4676
3583
3026
3417
4620
4501
3335
3817
5308
4975
2607
3246
5831
4891
2410
2734
5751
3577
371
2993
4256
2913
-340
1094
2309
365
53
-468
788
-1954
-1938
-412
-2397
-3008
-3039
-1248
-3649
-5501
-4272
-3202
-2989
-6034
-5641
-4414
-4163
-5534
-6427
-5060
-5029
-5455
-5916
-6012
-5404
-5092
-4953
-5393
-5221
-4617
-4151
-4195
-4408
-3765
-3265
-2663
-2594
-3137
-2434
-989
-443
-1906
-1264
620
394
-65
728
2398
578
1132
3103
3124
1856
2247
4516
4229
3244
3530
4919
5383
4196
4486
5172
5482
5377
4644
5703
5626
4935
5039
5239
5588
4297
5112
5143
3940
3778
3981
4613
3375
2454
2657
3140
2822
1250
1261
1389
1611
711
-265
-56
-28
-495
-917
-1340
-1794
-1446
-3081
-2007
-1540
-3271
-4890
-2206
-877
-6525
-5372
-2029
-2476
-6559
-5772
-2274
-5237
-4416
-5221
-3887
-5204
-5353
-2984
-4464
-4046
-5759
-2135
-2709
-4713
-3660
-2531
-922
-3862
-2834
-1112
-310
-1910
-2002
557
109
-576
-376
963
1007
889
750
1582
1858
2308
1881
1976
2533
2920
3708
2197
2797
3468
3920
3240
3538
3947
2902
4008
4248
3770
2950
4286
4543
2702
2879
4061
3948
2432
2727
3360
2713
2176
2150
2091
1624
1797
1722
745
518
817
658
142
-347
-538
-781
-1110
-1264
-1189
-1821
-2578
-2656
-2269
-2781
-3405
-3439
-2914
-3269
-4800
-4334
-3300
-3226
-5033
-4525
-3478
-3859
-4313
-4080
-2996
-3731
-3368
-3555
-2812
-2346
-2479
-2226
-2143
-987
-2425
-874
641
-808
-2274
627
2709
-527
-778
2043
3365
-19
428
3257
2457
1534
1667
4005
1372
1741
3759
2983
1572
1456
4873
2487
948
2082
3975
3447
886
1769
3070
3342
1246
1294
2490
2375
1602
1441
1383
1529
1536
1352
895
155
1349
1291
24
-433
803
896
-406
-771
-157
395
-725
-733
-693
-574
-405
-648
-998
-1111
-543
-777
-1047
-909
-912
-452
-483
-1432
-1423
-753
-262
-1311
-1027
-1021
-1091
-782
-831
-604
-1889
-1036
-486
-1202
-1566
-1202
-426
-1467
-1881
-1286
-582
-1084
-1881
-1566
-1019
-936
-1772
-1567
-807
-1243
-1645
-1021
-1023
-1295
-943
-725
-1199
-1255
-292
-660
-984
-602
-348
-771
-512
-13
-90
-8
13
87
22
188
1124
748
120
626
1344
1151
972
1470
1652
1449
1373
1995
2064
1982
2411
1880
1985
2349
2651
2365
2482
2617
1978
2254
2338
2490
1962
2194
2364
1743
1344
1572
2174
994
962
1400
965
385
584
1320
138
-255
101
346
-119
-878
-205
-131
-1001
-1237
-797
-796
-1510
-1330
-1239
-1993
-1747
-1609
-1664
-2583
-2344
-1739
-2817
-2619
-2295
-2395
-3278
-2583
-2339
-3425
-2655
-2506
-2705
-3242
-2519
-2044
-3049
-2619
-2070
-1725
-2491
-1969
-1289
-1920
-1086
-1436
-811
-670
-696
-303
-206
551
-83
738
1241
984
969
1302
2171
2048
2153
2329
2627
2374
3139
3332
2562
3380
3638
3388
3024
3959
3904
2801
3592
3960
3260
2969
3595
3345
2767
3072
2979
2710
2221
2217
2399
1797
1444
1350
1437
1061
706
265
65
378
-164
-840
-1057
-669
-986
-1776
-2178
-1867
-1776
-2419
-2749
-2863
-2735
-3004
-3086
-3417
-3272
-3242
-3684
-3729
-3758
-3383
-3445
-3726
-3780
-3646
-3417
-3439
-3423
-3448
-3264
-2747
-2779
-3012
-2791
-2119
-2177
-2537
-1904
-1257
-1499
-1523
-1076
-910
-583
-164
-107
33
252
466
953
1102
1441
1498
1688
2200
2210
2231
2715
3100
3101
2939
3445
3554
3526
4132
4033
3649
3653
4323
4326
3936
4032
3767
4141
4146
3625
3046
3346
4157
3061
2069
2327
3098
2260
1175
1354
1451
1007
372
386
-613
-533
-298
-858
-1920
-2198
-1289
-2109
-2768
-3239
-2446
-2651
-3805
-3750
-3379
-3306
-4240
-3782
-3504
-4045
-3996
-3644
-3658
-3958
-3328
-3060
-3751
-3380
-2493
-2622
-3059
-2438
-1638
-1908
-2266
-1506
-826
-970
-1078
-546
-107
-161
141
555
581
925
1192
1198
1189
1696
2398
1913
1589
2531
2920
2357
1987
3124
3446
2453
2386
3127
3466
2488
2478
3198
3142
2437
2116
2938
2744
2059
1985
2239
2045
1509
1506
1576
1299
810
542
850
633
-279
-198
207
-218
-1378
-1013
-464
-1056
-1831
-1637
-1264
-1921
-1970
-1891
-2090
-2266
-2062
-2364
-2321
-2291
-2399
-1979
-2253
-2414
-2256
-1767
-1963
-2148
-1844
-1550
-1410
-1986
-1413
-772
-876
-1380
-1047
-406
-603
-542
-375
-99
60
168
-29
107
802
844
270
471
984
1161
785
849
1207
1137
1165
1201
1225
1095
1175
1498
1099
1015
1133
1311
1276
798
973
971
1026
920
572
708
722
622
288
469
455
318
147
246
199
-178
12
78
-111
-137
-192
-135
-230
-195
-203
-138
-21
-252
-203
-35
-59
-84
9
65
141
12
61
171
271
325
186
307
444
420
15
277
529
410
337
-10
119
438
371
-190
67
332
93
-192
-276
121
-106
-249
-334
-327
-275
-475
-251
-443
-484
-553
-550
-492
-678
-523
-631
-642
-718
-792
-621
-590
-760
-935
-667
-666
-868
-779
-557
-799
-863
-620
-622
-649
-597
-442
-697
-444
-229
-295
-472
-178
197
-145
-96
166
445
237
128
601
749
555
342
961
999
653
782
1092
1190
773
916
1158
1053
1012
932
1052
970
802
737
855
846
616
509
477
465
300
244
198
38
-75
-117
-148
-447
-558
-254
-626
-913
-674
-703
-970
-1121
-820
-1010
-1288
-1075
-863
-1157
-1401
-950
-883
-1196
-1200
-826
-619
-1156
-959
-394
-463
-784
-545
51
-263
-387
-59
378
187
56
466
584
659
571
913
1025
959
1094
1248
1373
1295
1469
1511
1626
1652
1651
1615
1747
1749
1652
1731
1602
1653
1427
1525
1524
1288
1166
1116
1153
716
660
664
468
271
36
-81
-251
-330
-513
-885
-906
-1077
-1250
-1389
-1668
-1661
-1799
-1899
-2130
-2312
-2179
-2235
-2423
-2619
-2387
-2386
-2566
-2449
-2471
-2346
-2306
-2178
-2170
-2084
-1769
-1724
-1605
-1513
-1170
-967
-1088
-620
-396
-314
-270
82
524
358
497
887
1180
1144
1170
1574
1761
1754
1705
1994
2389
2126
2001
2346
2659
2284
2140
2527
2526
2209
2126
2442
2170
1875
1939
1974
1676
1432
1538
1286
1068
941
909
675
292
307
399
49
-451
-333
-192
-622
-945
-938
-758
-1040
-1374
-1366
-1331
-1337
-1589
-1685
-1634
-1634
-1705
-1818
-1790
-1700
-1662
-1740
-1797
-1655
-1566
-1470
-1524
-1501
-1361
-1274
-1087
-1094
-1040
-905
-732
-625
-577
-533
-312
-52
-156
-173
179
331
227
337
664
582
489
848
972
805
818
1135
1090
973
1084
1173
1175
1002
1113
1205
1084
939
1046
1167
926
759
930
1054
657
572
829
811
419
400
622
560
278
139
438
319
93
-90
156
168
-231
-149
-93
-92
-282
-309
-174
-313
-424
-379
-222
-397
-572
-326
-325
-466
-555
-372
-292
-477
-513
-370
-288
-492
-433
-276
-321
-482
-331
-179
-409
-423
-273
-166
-416
-409
-179
-309
-396
-348
-295
-349
-297
-325
-449
-335
-267
-389
-480
-263
-245
-422
-379
-271
-162
-309
-365
-150
-130
-192
-197
-39
-18
-86
-4
63
140
16
130
332
220
148
343
484
313
265
536
647
436
378
695
755
433
513
806
755
501
577
795
632
501
601
655
524
424
511
488
325
319
423
277
93
183
260
78
-83
45
150
-131
-269
-117
-83
-241
-427
-246
-184
-411
-507
-315
-354
-451
-460
-480
-431
-491
-415
-468
-403
-473
-382
-358
-449
-308
-297
-227
-330
-226
-178
-158
-137
-90
1
-126
-49
72
28
13
106
141
89
45
102
168
110
72
69
111
117
-19
45
159
42
-59
-25
61
-26
-111
-53
-21
5
-170
-125
13
-97
-146
-114
-53
-129
-184
-62
-39
-97
-177
-118
12
-115
-158
-25
79
-76
-122
92
123
-47
21
229
78
22
259
246
136
165
407
380
199
354
520
415
336
463
582
461
374
532
583
470
460
559
469
369
452
520
389
279
344
344
202
184
158
144
38
-35
-93
-141
-107
-271
-351
-339
-355
-505
-605
-546
-556
-682
-809
-756
-688
-873
-872
-777
-854
-984
-864
-779
-884
-903
-820
-660
-811
-814
-622
-483
-564
-589
-342
-315
-337
-228
-29
-16
-11
137
300
301
308
501
595
583
614
829
828
777
891
998
994
927
1094
1084
998
1038
1103
1052
939
993
984
903
815
783
780
664
548
550
474
356
239
199
118
-29
-72
-128
-253
-367
-403
-477
-593
-665
-692
-726
-876
-903
-883
-929
-1042
-1053
-1006
-1060
-1108
-1075
-977
-1040
-1073
-973
-903
-949
-914
-768
-717
-719
-651
-538
-469
-455
-376
-236
-152
-118
-95
111
223
161
274
507
550
472
632
823
797
744
962
1114
1015
983
1199
1282
1104
1172
1306
1245
1177
1234
1203
1142
1119
1091
979
937
923
834
699
639
616
444
335
317
204
60
-33
-118
-218
-324
-409
-488
-586
-739
-743
-808
-946
-983
-1028
-1065
-1159
-1168
-1179
-1211
-1276
-1248
-1217
-1333
-1259
-1150
-1213
-1269
-1184
-1042
-1115
-1115
-990
-929
-837
-866
-804
-627
-601
-582
-467
-319
-308
-254
-134
-28
37
91
233
314
356
411
510
593
689
712
734
871
895
908
993
1066
1044
1071
1117
1072
1131
1150
1107
1147
1115
1059
1073
1072
1009
961
954
883
820
784
784
687
619
599
505
387
350
335
283
125
86
81
-24
-117
-144
-180
-295
-321
-384
-440
-460
-492
-501
-576
-663
-653
-630
-683
-784
-736
-665
-797
-867
-727
-712
-867
-852
-717
-729
-863
-757
-629
-700
-753
-636
-551
-623
-607
-482
-395
-521
-447
-258
-247
-289
-254
-56
-84
-125
-6
101
63
67
233
248
213
281
334
290
311
415
370
325
417
477
377
370
460
431
318
369
417
339
284
323
347
274
249
272
282
165
144
221
190
118
131
168
150
115
94
169
88
83
99
125
107
90
172
98
142
185
150
80
158
208
145
141
193
223
128
143
205
161
79
92
150
105
61
108
60
-5
33
30
-60
-112
-64
-85
-172
-177
-151
-217
-276
-243
-266
-354
-382
-336
-359
-413
-408
-404
-428
-460
-417
-464
-484
-450
-451
-453
-442
-376
-421
-402
-344
-336
-357
-307
-253
-231
-220
-168
-99
-72
-60
-25
50
58
98
139
156
217
251
293
325
331
375
362
400
426
450
427
426
487
493
474
497
505
429
467
482
470
427
419
477
403
383
382
346
295
303
272
219
206
154
129
65
55
43
-72
-120
-112
-150
-217
-261
-270
-276
-337
-365
-397
-422
-454
-463
-478
-501
-521
-504
-488
-531
-510
-494
-469
-494
-503
-457
-354
-385
-441
-340
-237
-310
-327
-188
-143
-195
-189
-38
7
-43
-29
79
104
59
129
191
180
179
269
305
279
315
342
339
358
395
351
367
422
417
395
405
431
376
371
394
369
337
326
334
308
264
281
242
203
158
134
128
104
58
21
37
14
-77
-42
-66
-113
-145
-143
-143
-223
-191
-192
-214
-274
-260
-234
-290
-311
-288
-238
-309
-327
-228
-224
-323
-251
-192
-258
-269
-203
-118
-198
-200
-122
-97
-141
-112
-76
-76
-86
-72
-19
-35
5
2
8
17
25
41
42
45
76
87
70
91
108
116
116
106
119
133
111
93
144
162
123
100
153
170
110
141
155
161
132
152
172
127
127
168
161
102
134
146
93
98
114
87
68
55
72
21
0
37
0
-22
-14
-20
-40
-54
-58
-43
-65
-88
-74
-84
-92
-99
-121
-93
-106
-154
-110
-113
-139
-136
-129
-113
-144
-132
-105
-127
-130
-122
-108
-106
-127
-90
-74
-107
-102
-64
-73
-114
-64
-45
-50
-95
-44
-3
-62
-24
-3
-3
-15
5
21
5
24
52
54
12
71
87
55
54
94
104
65
72
111
110
83
86
109
105
97
95
121
139
76
123
146
84
89
122
126
72
84
105
87
65
66
48
54
40
35
24
16
25
-5
-18
-5
-2
-28
-35
-42
-50
-50
-50
-81
-101
-73
-68
-153
-127
-101
-125
-173
-164
-108
-175
-174
-152
-142
-160
-153
-141
-143
-142
-112
-119
-112
-89
-53
-63
-95
-23
-18
-40
3
2
17
32
24
47
61
61
69
71
88
110
96
119
111
124
153
116
126
142
135
136
124
134
130
112
127
138
108
100
117
104
84
98
82
77
62
49
52
36
49
43
8
16
11
14
-12
-18
6
-18
-32
-43
-38
-19
-66
-59
-36
-70
-65
-72
-84
-71
-96
-76
-70
-95
-92
-73
-99
-100
-73
-84
-85
-101
-99
-62
-108
-102
-60
-88
-78
-77
-50
-57
-66
-39
-21
-28
-35
-13
-9
13
-8
16
28
40
13
24
37
51
37
44
75
41
53
46
45
49
54
40
64
33
48
51
39
46
19
53
26
7
27
16
-3
20
24
-6
-1
4
20
-1
-3
28
11
-6
26
31
-4
20
51
8
2
20
36
6
-5
29
20
-3
-11
9
20
-11
-29
11
0
-37
-23
16
-28
-32
-11
-10
-31
-36
-3
-30
-40
-24
-31
-31
-42
-24
-22
-53
-43
-9
-32
-58
-34
-23
-28
-49
-34
-14
-39
-42
-9
-17
-33
-17
3
-1
-29
3
7
3
2
10
26
23
19
29
33
20
30
54
53
16
48
77
19
14
59
63
16
34
67
17
5
47
28
7
18
52
8
-8
35
28
1
-7
42
34
-12
-1
34
30
-28
12
43
11
4
25
20
-8
20
26
2
4
26
8
-17
5
12
-17
-32
-11
-21
-41
-41
-34
-47
-65
-55
-38
-70
-77
-59
-69
-88
-69
-64
-81
-72
-74
-50
-83
-59
-63
-38
-66
-47
-23
-31
-55
-11
31
-36
-16
36
32
0
33
41
61
17
50
89
63
47
88
65
73
82
71
79
88
58
70
79
44
80
55
49
43
35
46
22
22
25
23
-4
-2
3
7
-1
-20
-7
-8
-26
-22
-15
-40
-7
-23
-35
-22
-27
-21
-18
-45
-17
-21
-22
-21
-22
-20
-20
-17
-16
-27
-29
-9
-11
-34
-19
16
-21
-33
-6
-3
-20
-22
-8
-3
-35
-5
1
-33
-17
4
-12
-36
-13
23
-5
-35
15
10
-13
-31
19
11
-17
7
11
-4
-5
3
6
-2
-2
19
7
3
-10
29
14
-4
11
9
-5
5
23
6
-1
2
26
2
-18
13
29
-5
-22
21
15
-4
1
15
18
-11
-3
21
2
-4
16
9
4
3
34
-6
-9
22
15
-5
-20
20
14
3
-8
9
1
6
-1
11
-2
6
8
-19
2
-2
4
-9
-16
-3
3
-13
-25
14
-7
-30
5
-6
-4
-17
-13
-17
-19
-18
4
-14
-17
0
-8
-4
-13
-3
